weighted_prof
rap	pT	cent	dPhi	ctauErrMin	ctauErrMax	NoCutEntry	CutEntry	NSig	NSigErr	NBkg	NBkgErr	coefExp	coefExpErr	coefPol1	coefPol1Err	coeffGaus	coeffGausErr	meanSig1	meanSig1Err	sigmaSig1	sigmaSig1Err	sigmaSig2	sigmaSig2Err	sigmaSig3	sigmaSig3Err	alpha	alphaErr	enne	enneErr	enneW	enneWErr	sigWidth	sigWidthErr	Gmc	GmcErr	bTau	bTauErr	fracRes	fracResErr	meanResSigW	meanResSigWErr	meanResSigN	meanResSigNErr	sigmaResSigW	sigmaResSigWErr	sigmaResSigN	sigmaResSigNErr	fpm	fpmErr	fLiving	fLivingErr	fbkgCtTot	fbkgCtTotErr	lambdam	lambdamErr	lambdap	lambdapErr	lambdasym	lambdasymErr	NLL	nFitPar	EDM	NLLMass	nFitParMass	EDMMass	Prob	PROMPT	PROMPTErr	NON-PROMPT	NON-PROMPTErr	Bfraction	BfractionErr	Resolution	ResolutionErr	
0.0-0.4	6.5-30.0	0.0-100.0	0.000-1.571	0.008	0.064	5355.0	5352.0	3549.32	271.797	1802.87	209.091	-0.261272	0.293504	-0.05	0.0	0.558083	0.260694	3.09297	0.0017744	0.0190462	0.0113413	0.0186685	0.0169669	0.03	0.0	1.492	0.04	5.0	0.0	1.733	0.07	0.0188802	0.00489221	1.86511e-05	9.62505e-05	0.428669	0.127534	0.650386	0.167133	-0.000266231	0.00113589	0.00209837	0.00193443	1.30969	0.063225	0.715853	0.0382617	0.582802	0.303338	0.97507	0.0493103	0.323246	0.340308	0.0551193	0.0479372	0.217162	0.087956	5.0	1340.19	-13264.7	4.0	23880.4	-276162.0	7.0	263379.0	1.0	2226.69	217.749	1322.63	169.11	0.372644	0.0381552	1.13788	0.0502857	
0.0-1.2	6.5-30.0	0.0-10.0	0.000-1.571	0.008	0.088	7325.0	7323.0	3858.54	128.853	3464.83	132.437	-0.00418263	0.134623	-0.05	0.0	0.620582	0.0	3.09235	0.0	0.0205861	0.0	0.0413039	0.00281422	0.03	0.0	1.492	0.04	5.0	0.0	1.733	0.07	0.0301709	0.000730883	1.48841e-05	2.84191e-05	0.274486	0.0342727	0.236177	0.0	5.83622e-05	0.0	0.0022748	0.00127084	1.60413	0.0	0.945929	0.0338908	0.688565	1.40755	0.61809	1.68668	0.522383	0.267671	0.0488489	0.0937146	0.258728	0.178237	0.117375	0.217108	-25850.8	4.0	2947.55	-222586.0	4.0	330.253	1.0	2559.6	129.487	1298.93	106.501	0.336639	0.0252083	1.13631	0.0107748	
0.0-1.2	6.5-30.0	0.0-100.0	0.000-1.571	0.008	0.105	20137.0	20133.0	12593.4	549.77	7539.86	480.156	-0.0429254	0.179009	-0.05	0.0	0.620582	0.380742	3.09235	0.000973499	0.0205861	0.004603	0.0388233	0.0144436	0.03	0.0	1.492	0.04	5.0	0.0	1.733	0.07	0.0288942	0.00381971	1.87255e-05	2.6751e-05	0.371797	0.0513919	0.236177	0.079527	5.83622e-05	0.00144617	0.00073551	0.00067316	1.60413	0.0920545	0.889891	0.0189834	0.618054	0.222865	0.955907	0.1064	0.475041	0.171263	0.0610575	0.0477092	0.226196	0.0635846	0.641729	3.10513	-46665.2	4.0	56398.5	-954929.0	7.0	418488.0	1.0	8345.89	436.6	4247.52	303.739	0.337281	0.0191029	1.10119	0.0363244	
0.0-1.2	6.5-30.0	10.0-20.0	0.000-1.571	0.008	0.088	5015.0	5013.0	3139.83	633.585	1873.55	434.185	-0.0165394	0.721677	-0.05	0.0	0.620582	0.0	3.09235	0.0	0.0205861	0.0	0.0380905	0.00483013	0.03	0.0	1.492	0.04	5.0	0.0	1.733	0.07	0.0285217	0.00122374	1.48841e-05	2.84191e-05	0.580177	0.279827	0.236177	0.0	5.83622e-05	0.0	0.000695054	0.0016049	1.60413	0.0	0.906817	0.0448064	0.506143	1.65004	0.898137	0.233648	0.374178	1.69617	0.0428658	0.155601	0.245024	0.287053	0.53409	3.16225	-3523.79	4.0	36087.0	-360522.0	4.0	21978200.0	1.0	1887.59	414.828	1252.24	301.417	0.398824	0.0523333	1.11168	0.0139586	
0.0-1.2	6.5-30.0	20.0-30.0	0.000-1.571	0.008	0.105	3392.0	3389.0	2201.64	103.18	1187.93	87.081	0.277832	0.319573	-0.05	0.0	0.620582	0.0	3.09235	0.0	0.0205861	0.0	0.0352042	0.00284602	0.03	0.0	1.492	0.04	5.0	0.0	1.733	0.07	0.027078	0.000701943	1.87255e-05	2.6751e-05	0.334671	0.0566748	0.236177	0.0	5.83622e-05	0.0	0.000937553	0.00136714	1.60413	0.0	0.847127	0.0389654	0.559348	0.00256417	1.0	9.07529	0.413908	0.00256627	0.0457266	0.000264152	0.22407	0.00186744	0.0260159	48.6118	-15846.9	4.0	2454.07	-106742.0	4.0	800.689	1.0	1486.97	99.3109	714.67	78.2823	0.324607	0.0321375	1.07512	0.0117256	
0.0-1.2	6.5-30.0	30.0-40.0	0.000-1.571	0.008	0.064	2009.0	2007.0	1443.17	80.7608	564.481	52.6202	-0.466855	0.296909	-0.05	0.0	0.620582	0.0	3.09235	0.0	0.0205861	0.0	0.0429115	0.00329142	0.03	0.0	1.492	0.04	5.0	0.0	1.733	0.07	0.0310106	0.000864044	2.67574e-05	4.09709e-05	0.240709	0.0523033	0.236177	0.0	5.83622e-05	0.0	-0.00134988	0.0017711	1.60413	0.0	0.835785	0.0469605	0.560564	0.0423503	0.999973	26.8775	0.418105	0.060382	0.0677401	0.00553631	0.196637	0.0233757	0.0551776	199.193	-12565.8	4.0	1791.81	-57941.4	4.0	125.605	1.0	998.744	85.3998	444.428	69.195	0.307952	0.0447423	1.06831	0.0140311	
0.0-1.2	6.5-30.0	40.0-50.0	0.000-1.571	0.016	0.048	1248.0	1231.0	980.525	68.2209	251.16	42.342	-0.745137	0.462066	-0.05	0.0	0.620582	0.0	3.09235	0.0	0.0205861	0.0	0.0438602	0.0117329	0.03	0.0	1.492	0.04	5.0	0.0	1.733	0.07	0.0315101	0.00309823	1.07336e-05	8.63113e-05	0.345571	0.09207	0.236177	0.0	5.83622e-05	0.0	-0.00260702	0.00210118	1.60413	0.0	0.843644	0.0621897	0.58058	0.110388	0.89621	0.0710372	2.55742e-07	5.26187	0.014729	0.00843448	0.162256	0.0326783	4.99999	76.3507	-5051.53	4.0	1290.29	-33669.0	4.0	64.1718	1.0	642.578	65.5038	337.947	53.3367	0.344659	0.0488252	1.07302	0.0186737	
0.0-1.2	6.5-30.0	50.0-100.0	0.000-1.571	0.008	0.056	1146.0	1144.0	977.451	58.2092	167.384	38.0777	-1.02684	0.806796	-0.05	0.0	0.620582	0.0	3.09235	0.0	0.0205861	0.0	0.0350804	0.00397403	0.03	0.0	1.492	0.04	5.0	0.0	1.733	0.07	0.027017	0.000978919	1.7457e-05	3.13754e-05	0.31414	0.0772501	0.236177	0.0	5.83622e-05	0.0	0.00151098	0.00153606	1.60413	0.0	0.766983	0.0595014	0.516965	0.281577	0.999999	102.715	7.53172e-08	0.436036	0.0152392	0.0112701	0.222084	0.0592011	0.024036	493.553	-6042.99	4.0	805.274	-27545.7	4.0	1367.8	1.0	699.728	56.711	277.723	41.872	0.28413	0.0393546	1.02814	0.0169521	
0.0-2.4	10.0-13.0	0.0-100.0	0.000-1.571	0.008	0.136	6571.0	6569.0	4913.38	1488.89	1656.59	1122.71	-0.594135	2.47587	-0.05	0.0	0.398414	3.9777	3.09083	0.0120215	0.0206922	0.0890543	0.0420902	0.119265	0.03	0.0	1.492	0.04	5.0	0.0	1.733	0.07	0.0351618	0.0441936	1.21637e-05	1.85867	0.486089	0.161958	0.294117	0.0867943	0.000270012	0.00176522	0.0004878	0.00105546	1.60695	0.0922641	0.796899	0.0284718	0.875684	0.339608	0.52851	0.257998	2.25688e-07	15.5609	0.0851729	0.107964	0.300506	0.0715263	0.0269779	0.0185163	3757.62	4.0	41615.4	-331251.0	7.0	35441500.0	1.0	3246.39	999.422	1666.99	535.028	0.339276	0.0358829	1.09898	0.0438731	
0.0-2.4	10.0-30.0	0.0-100.0	0.000-1.571	0.004	0.144	10121.0	10120.0	7597.46	1105.21	2523.41	839.918	-0.646085	1.1927	-0.05	0.0	0.446449	1.93271	3.09169	0.00565415	0.0215949	0.0411136	0.0442795	0.0655524	0.03	0.0	1.492	0.04	5.0	0.0	1.733	0.07	0.0359657	0.023007	1.70873e-05	5.44529e-05	0.412364	0.0830554	0.236071	0.0672041	0.00122446	0.0014114	0.00020488	0.000744484	1.62051	0.0854295	0.855822	0.0220787	0.912587	0.460576	0.717132	0.84059	0.265621	0.592749	0.0800991	0.146054	0.313718	0.0765447	0.0367363	0.0773025	2323.92	4.0	48828.4	-425975.0	7.0	12298500.0	1.0	4875.56	734.363	2721.9	439.354	0.358265	0.0250598	1.08603	0.0335964	
0.0-2.4	11.0-13.0	0.0-100.0	0.000-1.571	0.008	0.105	3513.0	3512.0	2664.16	389.117	847.827	296.471	-0.907233	0.48186	-0.05	0.0	0.471766	0.915898	3.09125	0.00515466	0.044267	0.0321179	0.0205105	0.0179921	0.03	0.0	1.492	0.04	5.0	0.0	1.733	0.07	0.0338625	0.0103136	1.31317e-05	0.000141526	0.625984	0.377424	0.127384	0.054916	-0.0011181	0.00400296	0.00209343	0.00171877	1.9166	0.182182	0.915364	0.0485439	0.810977	433.162	0.593096	413.365	1.97247e-07	10.2234	0.0714014	90.6004	0.316517	50.4994	0.0200442	7501.26	-18.656	4.0	32748.8	-251721.0	7.0	6919470.0	1.0	1627.85	281.583	1036.31	213.707	0.388983	0.056628	1.09503	0.0446065	
0.0-2.4	13.0-16.0	0.0-100.0	0.000-1.571	0.008	0.08	2093.0	2088.0	1605.05	123.678	483.918	93.7605	-0.576246	0.393241	-0.05	0.0	0.537386	0.486188	3.09426	0.00253508	0.0443286	0.0115589	0.0195346	0.0118235	0.03	0.0	1.492	0.04	5.0	0.0	1.733	0.07	0.0351072	0.00420648	3.22941e-05	7.28178e-05	0.379657	0.0891212	0.190435	0.151414	0.000860929	0.00325109	0.00202906	0.00138889	1.61744	0.225591	0.910597	0.0430675	0.933675	0.893045	0.733889	1.17294	0.154051	0.22476	0.0483194	0.0428908	0.243017	0.106579	0.0389036	0.0393557	-4674.32	4.0	2732.93	-43334.4	7.0	52851.8	1.0	1053.25	99.3231	551.799	71.3179	0.34379	0.0356731	1.08142	0.0718326	
0.0-2.4	13.0-30.0	0.0-100.0	0.000-1.571	0.008	0.105	3550.0	3550.0	2649.04	121.737	901.274	92.0397	-0.794263	0.258894	-0.05	0.0	0.404974	0.263058	3.09452	0.00148127	0.0462888	0.00751594	0.0223605	0.0049645	0.03	0.0	1.492	0.04	5.0	0.0	1.733	0.07	0.0341354	0.00227926	1.00009e-05	0.0022258	0.306444	0.0428467	0.132772	0.0920488	0.00351245	0.00313808	-0.000212802	0.000896484	1.67468	0.204192	0.916602	0.0315444	0.912314	0.968518	0.860169	1.64863	0.341598	0.407864	0.0430037	0.0381476	0.336597	0.14048	0.0396988	0.0354744	-6586.03	4.0	3410.37	-70898.8	7.0	22854.1	1.0	1601.23	99.9527	1047.81	83.0329	0.395543	0.0255356	1.04927	0.0496678	
0.0-2.4	16.0-30.0	0.0-100.0	0.000-1.571	0.008	0.064	1456.0	1454.0	1041.06	52.5936	413.069	42.6563	-0.978022	0.356997	-0.05	0.0	0.259214	0.545391	3.09377	0.00206706	0.0192844	0.0120689	0.0357301	0.0130794	0.03	0.0	1.492	0.04	5.0	0.0	1.733	0.07	0.0322818	0.00544281	1.03669e-05	0.000212641	0.231709	0.0292665	0.0950778	0.106211	0.00728087	0.00535444	-0.0014784	0.00108891	1.70142	0.346312	0.891166	0.0440439	0.567419	10.6031	0.974704	0.575113	0.10899	18.3071	0.00716702	0.0348101	0.4326	0.153921	0.0545485	0.0843945	-2411.77	4.0	471.429	-21894.4	7.0	126.496	1.0	559.746	43.3678	481.309	40.8945	0.462328	0.0315837	0.996946	0.0650925	
0.0-2.4	6.5-30.0	0.0-10.0	0.000-1.571	0.008	0.184	17972.0	17972.0	8372.97	190.167	9600.83	204.126	-0.116223	0.0717182	-0.05	0.0	0.422813	0.0	3.09248	0.0	0.0477238	0.0	0.0246425	0.0010169	0.03	0.0	1.492	0.04	5.0	0.0	1.733	0.07	0.036242	0.000199544	1.10484e-05	0.188378	0.281183	0.0244605	0.197932	0.0	0.00209112	0.0	0.00248525	0.000789617	1.70729	0.0	0.969282	0.0196322	0.766635	1.75041	0.564624	1.68713	0.561453	0.1848	0.0532582	0.0871947	0.268068	0.162673	0.107485	0.150573	-53484.0	4.0	3761.42	-522065.0	4.0	99.5393	1.0	5981.1	194.149	2391.88	148.969	0.285667	0.0165665	1.15347	0.006616	
0.0-2.4	6.5-30.0	0.0-100.0	0.000-1.571	0.004	0.184	47262.0	47262.0	26639.4	766.943	20623.0	715.544	-0.199928	0.0805352	-0.05	0.0	0.422813	0.186562	3.09248	0.000806432	0.0477238	0.00580965	0.0241311	0.00347195	0.03	0.0	1.492	0.04	5.0	0.0	1.733	0.07	0.0360428	0.00175917	1.10484e-05	0.188378	0.322897	0.0277462	0.197932	0.0374389	0.00209112	0.00129423	0.00233434	0.000453022	1.70729	0.0620358	0.919652	0.0113515	0.603007	3.9833	0.883772	7.64295	0.52266	3.28806	0.0509042	1.06453	0.254796	1.21934	0.195904	7.17124	-96147.3	4.0	67576.8	-1754720.0	7.0	271487.0	1.0	18942.7	635.672	7696.7	394.673	0.288922	0.01226	1.1204	0.0200063	
0.0-2.4	6.5-30.0	0.0-5.0	0.000-1.571	0.008	0.184	9777.0	9777.0	4496.87	140.334	5281.71	151.552	0.00146959	0.0978896	-0.05	0.0	0.422813	0.0	3.09248	0.0	0.0477238	0.0	0.0239082	0.00137363	0.03	0.0	1.492	0.04	5.0	0.0	1.733	0.07	0.035957	0.000263585	1.10484e-05	0.188378	0.268056	0.031218	0.197932	0.0	0.00209112	0.0	0.00361906	0.00111986	1.70729	0.0	1.02727	0.0274742	0.716973	0.0574589	0.999999	42.2184	0.655681	0.0347868	0.107297	0.0204165	0.216705	0.0291707	0.192596	224.582	-28656.8	4.0	1716.02	-261593.0	4.0	95.9587	1.0	3232.73	144.169	1264.14	110.288	0.281116	0.0229027	1.19304	0.00948712	
0.0-2.4	6.5-30.0	10.0-15.0	0.000-1.571	0.008	0.152	6288.0	6286.0	3235.83	116.657	3050.09	113.866	-0.130143	0.128688	-0.05	0.0	0.422813	0.0	3.09248	0.0	0.0477238	0.0	0.0232116	0.00134578	0.03	0.0	1.492	0.04	5.0	0.0	1.733	0.07	0.0356925	0.000252573	2.54256e-05	2.68579e-05	0.308218	0.049202	0.197932	0.0	0.00209112	0.0	0.00460175	0.00131516	1.70729	0.0	0.932478	0.0299549	0.40943	0.0934967	0.851274	0.133881	0.35119	0.154855	0.0295113	0.00986621	0.177663	0.040899	0.184107	0.10925	-18135.3	4.0	2806.89	-158925.0	4.0	330.538	1.0	2273.12	122.371	962.705	97.2798	0.297515	0.0280849	1.12887	0.00992302	
0.0-2.4	6.5-30.0	10.0-20.0	0.000-1.571	0.008	0.16	11624.0	11622.0	6377.21	219.389	5245.78	171.701	-0.173775	0.101416	-0.05	0.0	0.422813	0.0	3.09248	0.0	0.0477238	0.0	0.022843	0.000784859	0.03	0.0	1.492	0.04	5.0	0.0	1.733	0.07	0.035555	0.000145522	1.13588e-05	0.0219528	0.435681	0.124558	0.197932	0.0	0.00209112	0.0	0.00304032	0.00116958	1.70729	0.0	0.945267	0.0270231	0.4748	21.3939	0.876123	2.92072	0.406385	20.1924	0.0355022	1.21533	0.191133	0.524361	0.353196	3.08562	-538.324	4.0	46343.0	-528373.0	4.0	43914.9	1.0	4360.68	273.588	2016.53	239.078	0.316209	0.0358765	1.13737	0.00900676	
0.0-2.4	6.5-30.0	15.0-20.0	0.000-1.571	0.008	0.16	5336.0	5336.0	3137.04	185.696	2198.97	126.978	-0.23456	0.160468	-0.05	0.0	0.422813	0.0	3.09248	0.0	0.0477238	0.0	0.0223062	0.00109416	0.03	0.0	1.492	0.04	5.0	0.0	1.733	0.07	0.0353577	0.000199207	1.13588e-05	0.0219528	0.562111	0.320161	0.197932	0.0	0.00209112	0.0	-0.000624672	0.00182112	1.70729	0.0	0.953978	0.0434426	0.715131	8.07204	0.844872	2.47361	0.524767	3.68158	0.061361	1.3099	0.186571	1.6448	0.670557	15.9655	5622.95	4.0	37384.9	-330400.0	4.0	110493.0	1.0	2051.87	229.532	1085.17	205.083	0.345921	0.062085	1.14319	0.0145384	
0.0-2.4	6.5-30.0	20.0-25.0	0.000-1.571	0.008	0.145	4249.0	4249.0	2556.24	102.031	1693.1	82.8733	-0.277925	0.157586	-0.05	0.0	0.422813	0.0	3.09248	0.0	0.0477238	0.0	0.0233044	0.00193711	0.03	0.0	1.492	0.04	5.0	0.0	1.733	0.07	0.0357274	0.000364651	1.27502e-05	0.000164255	0.304154	0.054197	0.197932	0.0	0.00209112	0.0	0.00172095	0.00118784	1.70729	0.0	0.814297	0.0281871	0.533636	1.47879	0.58695	1.50891	0.246707	0.505402	0.0427683	0.0641032	0.234815	0.107674	0.0448212	0.0394288	-14044.5	4.0	2815.75	-108251.0	4.0	156.311	1.0	1843.01	107.386	713.231	83.2513	0.279016	0.0306045	1.05298	0.00874164	
0.0-2.4	6.5-30.0	20.0-30.0	0.000-1.571	0.008	0.152	7773.0	7773.0	4772.44	137.113	3001.1	115.55	-0.123291	0.141763	-0.05	0.0	0.422813	0.0	3.09248	0.0	0.0477238	0.0	0.0232695	0.00129922	0.03	0.0	1.492	0.04	5.0	0.0	1.733	0.07	0.0357143	0.000244295	2.54256e-05	2.68579e-05	0.315786	0.0382909	0.197932	0.0	0.00209112	0.0	0.00133188	0.000903016	1.70729	0.0	0.841386	0.0231822	0.596365	0.770878	0.702112	1.80012	0.371076	0.841271	0.0468341	0.0437428	0.206257	0.11025	0.0379132	0.100076	-28403.5	4.0	3719.04	-210066.0	4.0	418.048	1.0	3392.69	141.4	1379.75	109.839	0.289109	0.0214641	1.06993	0.00731098	
0.0-2.4	6.5-30.0	25.0-30.0	0.000-1.571	0.008	0.136	3524.0	3520.0	2213.56	91.6333	1307.22	80.6063	0.0772012	0.270651	-0.05	0.0	0.422813	0.0	3.09248	0.0	0.0477238	0.0	0.0232382	0.00167768	0.03	0.0	1.492	0.04	5.0	0.0	1.733	0.07	0.0357025	0.000315136	1.61666e-05	1.68756e-05	0.326908	0.0531059	0.197932	0.0	0.00209112	0.0	0.000786402	0.00140737	1.70729	0.0	0.867382	0.0384924	0.708249	1.53387	0.73854	19.0673	0.462352	7.06102	0.0536698	0.144579	0.181967	0.134256	0.02	59.3671	-14526.4	4.0	1314.18	-85226.3	4.0	834.394	1.0	1545.52	91.4462	668.042	70.9499	0.301795	0.0295174	1.08645	0.0123241	
0.0-2.4	6.5-30.0	30.0-35.0	0.000-1.571	0.008	0.128	2720.0	2718.0	1647.88	73.2777	1070.25	65.7919	-0.420189	0.204103	-0.05	0.0	0.422813	0.0	3.09248	0.0	0.0477238	0.0	0.0253414	0.00197773	0.03	0.0	1.492	0.04	5.0	0.0	1.733	0.07	0.0365191	0.000396063	1.79639e-05	0.125254	0.230805	0.0357155	0.197932	0.0	0.00209112	0.0	0.00131641	0.00155	1.70729	0.0	0.878822	0.040327	0.633534	0.527468	0.858577	3.23667	0.449897	1.5005	0.0562202	0.0410834	0.335916	0.262964	0.0445655	0.164358	-9010.84	4.0	180.392	-55087.4	4.0	121.498	1.0	1239.61	72.4787	408.263	50.44	0.247751	0.0285577	1.0938	0.0129939	
0.0-2.4	6.5-30.0	30.0-40.0	0.000-1.571	0.008	0.128	4710.0	4708.0	3042.35	109.139	1666.03	90.9404	-0.434363	0.17069	-0.05	0.0	0.422813	0.0	3.09248	0.0	0.0477238	0.0	0.0241897	0.000892514	0.03	0.0	1.492	0.04	5.0	0.0	1.733	0.07	0.0360655	0.000172759	1.79639e-05	0.125254	0.22308	0.0328899	0.197932	0.0	0.00209112	0.0	0.000832957	0.00119648	1.70729	0.0	0.825823	0.0298645	0.768753	0.697778	0.608504	1.22423	0.37722	0.603395	0.0644995	0.0401091	0.441919	0.318077	0.0561617	0.0551743	-13919.5	4.0	2143.68	-125099.0	4.0	1759.0	1.0	2173.31	119.326	869.037	95.5626	0.285647	0.0296923	1.06016	0.00932937	
0.0-2.4	6.5-30.0	35.0-40.0	0.000-1.571	0.008	0.12	1990.0	1990.0	1391.6	356.975	598.688	273.361	-0.456421	2.82532	-0.05	0.0	0.422813	0.0	3.09248	0.0	0.0477238	0.0	0.0229745	0.00157214	0.03	0.0	1.492	0.04	5.0	0.0	1.733	0.07	0.0356039	0.000292769	2.47093e-05	3.60563e-05	0.218824	0.0520983	0.197932	0.0	0.00209112	0.0	0.000991101	0.00180155	1.70729	0.0	0.780997	0.0432272	0.999952	1348.03	0.480379	10.8605	0.381242	0.396289	0.0830714	155.73	0.627631	4.00219	0.0759142	0.396055	-5646.83	4.0	2169.62	-59300.2	4.0	940606000.0	1.0	935.622	251.141	455.977	138.382	0.327664	0.0531381	1.03255	0.0131122	
0.0-2.4	6.5-30.0	40.0-45.0	0.000-1.571	0.008	0.12	1502.0	1501.0	1100.17	59.1905	401.201	39.1262	-0.590955	0.308919	-0.05	0.0	0.422813	0.0	3.09248	0.0	0.0477238	0.0	0.0238383	0.00281242	0.03	0.0	1.492	0.04	5.0	0.0	1.733	0.07	0.0359302	0.000538496	2.47093e-05	3.60563e-05	0.294494	0.0736589	0.197932	0.0	0.00209112	0.0	-0.000541666	0.00179331	1.70729	0.0	0.808573	0.0488032	0.623651	0.407791	0.630356	0.560462	0.0456987	0.585989	0.0281378	0.0311105	0.455164	0.293529	0.045416	0.0448331	-5049.96	4.0	756.156	-29653.7	4.0	70.8518	1.0	806.713	61.244	293.461	46.0041	0.26674	0.0392755	1.04944	0.0150796	
0.0-2.4	6.5-30.0	40.0-50.0	0.000-1.571	0.008	0.136	2710.0	2708.0	2006.96	83.3741	701.844	53.574	-1.09324	0.256773	-0.05	0.0	0.422813	0.0	3.09248	0.0	0.0477238	0.0	0.0252853	0.00226658	0.03	0.0	1.492	0.04	5.0	0.0	1.733	0.07	0.0364966	0.000453182	1.61666e-05	1.68756e-05	0.305929	0.0538586	0.197932	0.0	0.00209112	0.0	-0.00236113	0.0013425	1.70729	0.0	0.783351	0.0371697	0.875404	39.2981	0.523069	32.4446	3.72632e-06	232.018	0.0241765	0.106817	0.36106	0.175436	0.0279968	0.213477	-9321.59	4.0	1621.79	-63387.4	4.0	111.279	1.0	1389.64	85.9006	617.323	68.5854	0.30759	0.0316948	1.03398	0.0112931	
0.0-2.4	6.5-30.0	45.0-50.0	0.000-1.571	0.008	0.136	1208.0	1207.0	910.08	58.7575	296.912	36.1141	-1.83101	0.440179	-0.05	0.0	0.422813	0.0	3.09248	0.0	0.0477238	0.0	0.0273971	0.00392717	0.03	0.0	1.492	0.04	5.0	0.0	1.733	0.07	0.037366	0.000830988	1.61666e-05	1.68756e-05	0.316477	0.0765311	0.197932	0.0	0.00209112	0.0	-0.00325341	0.00204216	1.70729	0.0	0.739308	0.0515872	0.836001	16.6584	0.629072	7.28487	4.31183e-07	92.7889	0.0276626	0.127308	0.29548	0.145105	0.0251562	0.0866812	-4376.51	4.0	847.192	-28184.5	4.0	48.017	1.0	582.633	59.2864	327.447	50.4659	0.3598	0.050352	1.00764	0.0151791	
0.0-2.4	6.5-30.0	5.0-10.0	0.000-1.571	0.008	0.112	8195.0	8163.0	3875.67	128.388	4288.38	136.325	-0.249088	0.106788	-0.05	0.0	0.422813	0.0	3.09248	0.0	0.0477238	0.0	0.0253721	0.00147532	0.03	0.0	1.492	0.04	5.0	0.0	1.733	0.07	0.0365314	0.000295708	1.67157e-05	3.06522e-05	0.29687	0.0384371	0.197932	0.0	0.00209112	0.0	0.00212942	0.00113639	1.70729	0.0	0.918025	0.0286924	0.251718	24.1565	0.641915	21.1452	0.0112935	189.078	0.00419059	0.148782	0.33807	0.507321	0.0892475	0.0565364	-25003.9	4.0	2017.93	-220846.0	4.0	78.6741	1.0	2754.98	129.365	1120.69	98.9175	0.28916	0.023657	1.11933	0.00943722	
0.0-2.4	6.5-30.0	50.0-100.0	0.000-1.571	0.008	0.088	2469.0	2451.0	2031.51	77.4956	420.437	47.9608	-0.730186	0.354148	-0.05	0.0	0.422813	0.0	3.09248	0.0	0.0477238	0.0	0.0252723	0.00158936	0.03	0.0	1.492	0.04	5.0	0.0	1.733	0.07	0.0364914	0.00031766	2.59256e-05	2.3357e-05	0.291162	0.0496045	0.197932	0.0	0.00209112	0.0	0.00285427	0.00119033	1.70729	0.0	0.829523	0.0403752	0.548798	0.699503	0.999996	205.137	3.60873e-05	16.9738	0.0139293	0.206793	0.242819	0.0730238	0.0255927	802.546	-10532.1	4.0	920.553	-52663.7	4.0	989.082	1.0	1521.73	79.6101	509.777	57.8466	0.250935	0.0268175	1.06247	0.0126417	
0.0-2.4	6.5-30.0	50.0-55.0	0.000-1.571	0.008	0.08	870.0	861.0	711.997	44.0711	149.8	23.3768	-0.315732	0.473021	-0.05	0.0	0.422813	0.0	3.09248	0.0	0.0477238	0.0	0.0259035	0.00259584	0.03	0.0	1.492	0.04	5.0	0.0	1.733	0.07	0.036746	0.000528096	1.06333e-05	0.0003574	0.262182	0.0755917	0.197932	0.0	0.00209112	0.0	0.00215988	0.00257121	1.70729	0.0	0.882745	0.0722234	0.624008	1.11092	0.966183	12.8737	0.10687	1.07893	0.0359849	0.017005	0.207821	0.332847	0.0346287	0.0676396	-4074.31	4.0	197.903	-14426.0	4.0	27.9029	1.0	542.48	47.9236	169.517	35.7668	0.238087	0.0480242	1.09633	0.0233213	
0.0-2.4	6.5-30.0	50.0-60.0	0.000-1.571	0.008	0.08	1395.0	1384.0	1156.14	54.4947	228.631	28.8278	-0.396275	0.384589	-0.05	0.0	0.422813	0.0	3.09248	0.0	0.0477238	0.0	0.0264607	0.00197661	0.03	0.0	1.492	0.04	5.0	0.0	1.733	0.07	0.0369745	0.000408233	1.06333e-05	0.0003574	0.23973	0.0475419	0.197932	0.0	0.00209112	0.0	0.00287144	0.0018453	1.70729	0.0	0.851402	0.0503128	0.786229	13.4083	0.643701	12.2339	9.72176e-06	73.434	0.0218004	0.0489048	0.286672	0.173642	0.0200022	10.8973	-6378.21	4.0	202.416	-23497.4	4.0	21.1721	1.0	877.179	57.2039	278.958	41.6615	0.241285	0.0341933	1.07627	0.0159615	
0.0-2.4	6.5-30.0	55.0-60.0	0.000-1.571	0.008	0.073	525.0	520.0	443.173	31.9782	77.7809	16.7739	-0.563361	0.670746	-0.05	0.0	0.422813	0.0	3.09248	0.0	0.0477238	0.0	0.0272514	0.00311751	0.03	0.0	1.492	0.04	5.0	0.0	1.733	0.07	0.0373045	0.000657237	1.72071e-05	2.22879e-05	0.204665	0.0448426	0.197932	0.0	0.00209112	0.0	0.00448193	0.00250267	1.70729	0.0	0.795118	0.0685502	0.567502	36.0237	0.992186	42.7231	0.00200128	23.3198	0.00586216	1.5133	0.401269	5.06895	0.0200143	120.146	-2340.66	4.0	10.1857	-7011.37	4.0	8.43524	1.0	334.606	31.3149	108.567	21.4255	0.244977	0.044998	1.04116	0.0209944	
0.0-2.4	6.5-30.0	60.0-100.0	0.000-1.571	0.008	0.088	1073.0	1064.0	872.664	55.1113	191.528	38.2477	-1.14822	0.77291	-0.05	0.0	0.422813	0.0	3.09248	0.0	0.0477238	0.0	0.0232446	0.00233752	0.03	0.0	1.492	0.04	5.0	0.0	1.733	0.07	0.035705	0.000439174	2.59256e-05	2.3357e-05	0.349398	0.0971932	0.197932	0.0	0.00209112	0.0	0.0026165	0.0015772	1.70729	0.0	0.779442	0.0542973	0.564945	0.644128	0.999999	344.976	8.77116e-06	0.0296713	0.0197664	0.0169317	0.21129	0.138378	0.0200216	2698.95	-4446.22	4.0	826.245	-24455.1	4.0	1055.17	1.0	636.436	54.4286	236.229	39.6179	0.270698	0.0420571	1.03161	0.0164523	
0.0-2.4	6.5-30.0	60.0-70.0	0.000-1.571	0.008	0.088	712.0	704.0	576.215	46.7757	128.795	35.1124	-1.44073	1.2428	-0.05	0.0	0.422813	0.0	3.09248	0.0	0.0477238	0.0	0.0202427	0.00171974	0.03	0.0	1.492	0.04	5.0	0.0	1.733	0.07	0.0346337	0.00029008	2.59256e-05	2.3357e-05	0.377732	0.139044	0.197932	0.0	0.00209112	0.0	0.00176204	0.00241525	1.70729	0.0	0.811496	0.0879038	0.42894	4.93013	0.999978	807.265	4.53855e-08	0.285426	0.00872608	0.0195903	0.240335	1.38668	0.0202978	2527.15	-2898.18	4.0	79128.7	-16885.4	4.0	1442.1	1.0	412.485	46.0305	163.73	34.2673	0.284148	0.0548141	1.05125	0.0272126	
0.0-2.4	6.5-30.0	70.0-100.0	0.000-1.571	0.016	0.073	360.0	356.0	294.869	29.4407	62.0708	15.2699	-0.583574	0.730879	-0.05	0.0	0.422813	0.0	3.09248	0.0	0.0477238	0.0	0.0282151	0.00620496	0.03	0.0	1.492	0.04	5.0	0.0	1.733	0.07	0.0377157	0.00133963	1.00217e-05	0.000162887	0.290065	0.124581	0.197932	0.0	0.00209112	0.0	0.0030416	0.00358278	1.70729	0.0	0.809463	0.0889012	0.799873	0.112433	0.999999	33.7753	8.28234e-07	0.347946	0.0452932	0.0306716	0.163612	0.0354309	0.0604818	95.5018	-1644.81	4.0	123.006	-5565.29	4.0	26.8333	1.0	221.484	30.0437	73.3845	21.6169	0.248872	0.0689707	1.04999	0.0274853	
0.0-2.4	6.5-7.5	0.0-100.0	0.000-1.571	0.016	0.16	18021.0	18017.0	7751.08	320.379	10266.6	333.552	-0.00895599	0.0853934	-0.05	0.0	0.335425	0.220085	3.09123	0.00117933	0.0574407	0.0157579	0.0274046	0.00371487	0.03	0.0	1.492	0.04	5.0	0.0	1.733	0.07	0.0400726	0.00388115	3.66049e-05	0.000137318	0.236283	0.026381	0.380238	0.138046	0.00427683	0.00352717	0.0025077	0.00112324	1.5828	0.116516	0.857874	0.0218077	0.553239	0.361861	0.903264	0.422378	0.627679	0.256795	0.0703565	0.097919	0.164521	0.0673509	0.288053	0.696106	-82737.5	4.0	5245.7	-655211.0	7.0	1283.93	1.0	5934.15	297.158	1816.94	183.796	0.23441	0.0216425	1.18689	0.0595255	
0.0-2.4	6.5-8.0	0.0-100.0	0.000-1.571	0.016	0.16	24189.0	24184.0	11059.1	288.045	13125.1	296.348	-0.0719157	0.0713762	-0.05	0.0	0.359898	0.143373	3.09178	0.000917486	0.0535202	0.00593118	0.0270357	0.00259518	0.03	0.0	1.492	0.04	5.0	0.0	1.733	0.07	0.0387139	0.00158542	2.57968e-05	9.0559e-05	0.259903	0.023389	0.307488	0.0880482	0.00439684	0.00310131	0.00244766	0.000846056	1.63221	0.0944826	0.880626	0.0176548	0.56035	0.671352	0.869321	0.875188	0.593816	0.450402	0.0626214	0.165008	0.177183	0.117938	0.230946	0.831525	-100947.0	4.0	6929.63	-851069.0	7.0	2586.55	1.0	8354.58	287.722	2704.52	200.985	0.244552	0.0170209	1.16457	0.0413543	
0.0-2.4	6.5-8.5	0.0-100.0	0.000-1.571	0.016	0.16	28824.0	28815.0	13735.5	424.317	15080.4	432.175	-0.0993812	0.0768198	-0.05	0.0	0.395578	0.193871	3.09171	0.000907065	0.0502304	0.00669512	0.0258249	0.00353597	0.03	0.0	1.492	0.04	5.0	0.0	1.733	0.07	0.0374324	0.00192384	2.24999e-05	6.2246e-05	0.258363	0.0210942	0.244453	0.0703637	0.00606182	0.00301279	0.00303396	0.000706499	1.69089	0.0957886	0.916837	0.0154758	0.517619	0.809854	0.870281	1.23901	0.579592	0.554478	0.0562379	0.182806	0.222446	0.247906	0.224616	1.29364	-109321.0	4.0	8757.17	-998845.0	7.0	30158.9	1.0	10397.5	380.419	3338.0	228.436	0.243021	0.0148402	1.155	0.0355023	
0.0-2.4	7.5-8.5	0.0-100.0	0.000-1.571	0.008	0.184	10803.0	10803.0	6009.25	281.479	4793.94	271.035	-0.306599	0.131029	-0.05	0.0	0.510255	0.367807	3.09228	0.00114068	0.0438063	0.00658671	0.0231556	0.00846998	0.03	0.0	1.492	0.04	5.0	0.0	1.733	0.07	0.0352387	0.00249428	3.64523e-05	0.000133371	0.284875	0.0346348	0.180395	0.0713788	0.00786448	0.00437943	0.00336712	0.000937542	1.76532	0.139846	0.919631	0.0229084	0.496776	18.8009	0.893742	4.51733	0.438818	17.6418	0.0428102	1.32749	0.282923	1.32515	0.213253	5.71378	-29102.3	4.0	3958.16	-280466.0	7.0	400.194	1.0	4481.46	241.959	1527.79	140.003	0.254239	0.0200242	1.12042	0.0419784	
0.0-2.4	8.0-10.0	0.0-100.0	0.000-1.571	0.008	0.184	12950.0	12950.0	8203.52	195.054	4746.67	173.22	-0.256307	0.0909032	-0.05	0.0	0.465472	0.105289	3.09319	0.000713963	0.0462486	0.00452801	0.0225046	0.0019752	0.03	0.0	1.492	0.04	5.0	0.0	1.733	0.07	0.0355855	0.00185618	2.86287e-05	7.39866e-05	0.28932	0.0252988	0.101319	0.038551	0.00371713	0.00401088	0.000605203	0.000686669	1.94164	0.153292	0.939692	0.017824	0.969482	0.0800209	0.485336	0.549689	0.393026	0.665136	0.322186	0.676746	0.349686	0.0821632	0.0474118	0.0436459	-28258.7	4.0	5794.9	-314769.0	7.0	331.675	1.0	5785.87	187.875	2417.65	140.271	0.294709	0.0155971	1.08421	0.0300024	
0.0-2.4	8.5-9.5	0.0-100.0	0.000-1.571	0.008	0.12	6094.0	6085.0	3903.58	114.22	2182.51	94.2709	-0.236074	0.130261	-0.05	0.0	0.516181	0.0232178	3.09419	0.000953634	0.0429374	0.00294662	0.0226617	0.00167649	0.03	0.0	1.492	0.04	5.0	0.0	1.733	0.07	0.0346426	0.00100425	3.2051e-05	0.000103207	0.287662	0.0306234	0.0787498	0.0409311	0.00669735	0.00605873	0.00127905	0.000954243	2.08685	0.243496	0.968509	0.0248937	0.648567	1.65914	0.999936	22.3153	0.472948	6.00407	0.0499955	0.153042	0.295354	0.213506	0.0200098	170.678	-15049.4	4.0	1829.0	-127419.0	7.0	949.419	1.0	2671.01	112.296	1232.57	88.335	0.315754	0.0206572	1.09868	0.0380343	
0.0-2.4	9.5-11.0	0.0-100.0	0.000-1.571	0.008	0.136	5280.0	5277.0	3727.26	157.419	1550.18	138.553	-0.353515	0.169852	-0.05	0.0	0.365592	0.237891	3.0927	0.000984794	0.0498525	0.0146453	0.0243788	0.00336975	0.03	0.0	1.492	0.04	5.0	0.0	1.733	0.07	0.0358559	0.00379243	5.20639e-05	9.66049e-05	0.326364	0.0472155	0.492672	0.116015	-0.000315795	0.00154696	0.000675519	0.0011092	1.43747	0.0670787	0.67508	0.0305643	0.958272	0.0866097	0.529315	0.614917	0.214808	0.86467	0.252616	0.415316	0.281614	0.0584709	0.0376439	0.049627	-9767.93	4.0	4195.62	-110329.0	7.0	10356.5	1.0	2619.29	136.861	1107.97	93.1816	0.297261	0.021619	1.11769	0.0471204	
0.4-0.8	6.5-30.0	0.0-100.0	0.000-1.571	0.008	0.073	6134.0	6134.0	4067.26	201.697	2066.87	157.424	0.0696151	0.279785	-0.05	0.0	0.678973	0.33053	3.09293	0.001239	0.0196907	0.00401101	0.0421348	0.0207361	0.03	0.0	1.492	0.04	5.0	0.0	1.733	0.07	0.028865	0.00494657	1.74651e-05	0.000239484	0.429509	0.11377	0.117942	0.0622417	-0.00405725	0.00414574	-0.000825664	0.00120151	1.86917	0.210931	0.95557	0.0342484	0.762332	0.157915	0.903317	0.643285	0.499152	0.165723	0.0700246	0.170476	0.239228	0.0739363	0.27591	0.943785	-19000.1	4.0	25618.4	-360093.0	7.0	1994370.0	1.0	2560.01	195.669	1507.25	166.603	0.370581	0.0366081	1.1034	0.044041	
0.8-1.2	6.5-30.0	0.0-100.0	0.000-1.571	0.008	0.105	8647.0	8643.0	4952.4	164.894	3691.19	158.797	0.00825764	0.117132	-0.05	0.0	0.461584	0.341313	3.09208	0.00202894	0.0295801	0.0191684	0.0343038	0.0284195	0.03	0.0	1.492	0.04	5.0	0.0	1.733	0.07	0.0322096	0.00910489	1.45333e-05	7.48505e-05	0.264363	0.024294	0.403107	0.16806	0.0021768	0.00196872	0.00176444	0.00100909	1.46305	0.101114	0.789921	0.0287759	0.521927	0.216315	0.926068	0.257478	0.51379	0.294865	0.0521415	0.0375528	0.226917	0.175648	0.3883	1.83275	-29101.1	4.0	1281.99	-213523.0	7.0	1244.18	1.0	3518.34	146.073	1434.06	99.4688	0.289569	0.0176195	1.11144	0.0635891	
1.2-1.6	6.5-30.0	0.0-10.0	0.000-1.571	0.008	0.136	4398.0	4394.0	1917.28	86.3198	2477.02	94.8569	0.0273831	0.122092	-0.05	0.0	0.483484	0.0	3.09109	0.0	0.0455311	0.0	0.0324332	0.00280792	0.03	0.0	1.492	0.04	5.0	0.0	1.733	0.07	0.0393145	0.000598239	1.03021e-05	0.137313	0.285869	0.0419823	0.0999774	0.0	0.00921681	0.0	0.00509157	0.00127857	2.02628	0.0	0.865127	0.0342459	0.434641	0.202515	0.656973	0.682412	0.367967	0.365156	0.032536	0.0519168	0.248885	0.154286	0.102271	0.0927713	-12191.1	4.0	453.176	-90174.2	4.0	27.0346	1.0	1354.63	84.272	562.644	63.434	0.29346	0.0303329	1.0412	0.0128049	
1.2-1.6	6.5-30.0	0.0-100.0	0.000-1.571	0.008	0.136	11123.0	11111.0	5951.23	157.648	5159.73	160.256	-0.140956	0.0847796	-0.05	0.0	0.483484	0.128913	3.09109	0.00105604	0.0455311	0.00388959	0.0315517	0.00250244	0.03	0.0	1.492	0.04	5.0	0.0	1.733	0.07	0.0389423	0.00150933	1.03021e-05	0.137313	0.26607	0.0239492	0.0999774	0.0369937	0.00921681	0.0152857	0.00169738	0.00075357	2.02628	0.173102	0.906464	0.0192025	0.825425	0.673174	0.424607	0.569346	0.360672	0.522545	0.126341	0.24535	0.321355	0.127579	0.0450774	0.0568187	-25165.1	4.0	1805.88	-246342.0	7.0	427.597	1.0	4336.34	153.004	1614.89	109.751	0.271354	0.0169832	1.07239	0.0335092	
1.2-1.6	6.5-30.0	10.0-20.0	0.000-1.571	0.008	0.128	2552.0	2546.0	1346.9	63.8113	1199.75	61.3464	-0.183118	0.164632	-0.05	0.0	0.483484	0.0	3.09109	0.0	0.0455311	0.0	0.0370661	0.00394635	0.03	0.0	1.492	0.04	5.0	0.0	1.733	0.07	0.0413756	0.000913025	1.05393e-05	0.000462059	0.228987	0.0349111	0.0999774	0.0	0.00921681	0.0	0.00278403	0.00164886	2.02628	0.0	1.01262	0.0402434	0.593464	0.0105007	0.999998	53.0462	0.629261	0.0217275	0.0977525	0.00353207	0.210824	0.00630926	0.0208242	340.653	-6750.37	4.0	231.267	-40527.5	4.0	25.964	1.0	942.922	65.1508	403.979	51.1401	0.299932	0.0352095	1.15472	0.0158814	
1.2-1.6	6.5-30.0	20.0-30.0	0.000-1.571	0.008	0.105	1845.0	1841.0	1102.05	57.8614	739.623	47.4478	-0.0708619	0.205755	-0.05	0.0	0.483484	0.0	3.09109	0.0	0.0455311	0.0	0.0264591	0.00281914	0.03	0.0	1.492	0.04	5.0	0.0	1.733	0.07	0.0369311	0.000521618	2.15115e-05	5.46744e-05	0.284835	0.0734613	0.0999774	0.0	0.00921681	0.0	0.000460502	0.00165885	2.02628	0.0	0.93486	0.0387372	0.465832	0.00594607	0.99994	7.10195	0.404569	0.00868327	0.0288085	0.000393753	0.148712	0.00196278	0.0277568	39.6218	-6068.81	4.0	571.874	-30830.5	4.0	62.4795	1.0	820.744	62.2028	281.31	47.2275	0.25526	0.0407046	1.09411	0.0148949	
1.2-1.6	6.5-30.0	30.0-40.0	0.000-1.571	0.008	0.12	1150.0	1143.0	660.014	50.6475	483.528	57.1456	-0.303077	0.326612	-0.05	0.0	0.483484	0.0	3.09109	0.0	0.0455311	0.0	0.029937	0.00428366	0.03	0.0	1.492	0.04	5.0	0.0	1.733	0.07	0.0382781	0.00086522	1.02701e-05	1.42054	0.236269	0.0794339	0.0999774	0.0	0.00921681	0.0	0.00523042	0.00227971	2.02628	0.0	0.886074	0.0559678	0.893709	1.61174	0.646314	1.55786	0.265288	0.582904	0.0990212	0.0684111	0.685187	1.24053	0.0532663	0.318522	633.22	4.0	241.161	-24921.2	4.0	1696.81	1.0	532.25	51.4678	127.764	32.8159	0.193578	0.0474491	1.05694	0.0211145	
1.2-1.6	6.5-30.0	40.0-50.0	0.000-1.571	0.016	0.064	598.0	587.0	439.158	33.3708	148.511	23.2405	-2.02565	0.671338	-0.05	0.0	0.483484	0.0	3.09109	0.0	0.0455311	0.0	0.0315324	0.00669277	0.03	0.0	1.492	0.04	5.0	0.0	1.733	0.07	0.0389342	0.00139987	1.70248e-05	0.000290648	0.273456	0.0743259	0.0999774	0.0	0.00921681	0.0	-0.00387921	0.00282612	2.02628	0.0	0.978274	0.0825238	0.55845	19.0932	0.954191	2.0842	0.00683473	74.7815	0.00362374	1.03187	0.312336	0.772945	0.105981	0.518293	-1824.98	4.0	59.8396	-7991.51	4.0	15.9389	1.0	322.216	33.8728	116.943	25.0367	0.266288	0.053299	1.12775	0.0322143	
1.2-1.6	6.5-30.0	50.0-100.0	0.000-1.571	0.016	0.073	576.0	571.0	472.91	34.328	98.3332	18.0863	-1.20002	0.616202	-0.05	0.0	0.483484	0.0	3.09109	0.0	0.0455311	0.0	0.0292428	0.00395001	0.03	0.0	1.492	0.04	5.0	0.0	1.733	0.07	0.0379999	0.000785032	1.14193e-05	0.000494472	0.326794	0.114908	0.0999774	0.0	0.00921681	0.0	0.00514482	0.00273225	2.02628	0.0	0.944904	0.0731839	0.885858	19.4768	0.595801	17.1838	2.60254e-05	53.4053	0.0191219	0.294041	0.311315	0.260618	0.0202493	6.54475	-2065.57	4.0	152.653	-8403.71	4.0	2.65551	1.0	362.704	35.5095	110.207	25.1346	0.233039	0.0503848	1.10185	0.0282426	
1.6-2.0	6.5-30.0	0.0-100.0	0.000-1.571	0.008	0.16	11953.0	11949.0	6033.87	159.735	5915.6	160.729	-0.401817	0.0876907	-0.05	0.0	0.532165	0.074652	3.09084	0.00133798	0.0541862	0.00375557	0.0345872	0.00480053	0.03	0.0	1.492	0.04	5.0	0.0	1.733	0.07	0.046067	0.00160911	1.05212e-05	1.333	0.275467	0.0298266	0.352951	0.0860114	0.000933856	0.00217292	0.0044561	0.00108778	1.59661	0.0857668	0.931105	0.0240823	0.718419	0.311737	0.890141	0.623529	0.651142	0.178188	0.0685086	0.123188	0.240215	0.082943	0.249167	0.720602	-31646.0	4.0	1578.44	-277402.0	7.0	41.7361	1.0	4674.02	164.396	1359.86	114.069	0.225371	0.0179386	1.20859	0.036491	
1.6-2.4	3.0-30.0	0.0-100.0	0.000-1.571	0.008	0.264	187555.0	187546.0	38447.8	21415.3	149098.0	21455.0	0.0363846	0.124645	-0.05	0.0	0.837838	0.543339	3.08852	0.00201008	0.0468888	0.0156007	0.11	0.777709	0.03	0.0	1.89	0.19	5.0	0.0	1.44	0.32	0.0616782	0.11257	2.36546e-05	4.62758e-05	0.291843	0.0359419	0.355594	0.0730674	0.00274748	0.0018247	0.01	0.010699	1.59365	0.0691909	0.976711	0.00910546	0.999999	163990.0	0.733947	3519.25	0.778485	2950.09	0.00103154	290484.0	0.209529	1620.71	0.383124	327.595	-82319.5	4.0	135499.0	-14609000.0	7.0	12529.2	1.0	31020.2	17295.8	7427.56	4210.08	0.193186	0.0202954	1.23201	0.0284859	
1.6-2.4	3.0-4.5	0.0-100.0	0.000-1.571	0.016	0.264	116308.0	116302.0	15973.0	796.98	100330.0	1175.68	0.269062	0.0384208	-0.05	0.0	0.929043	0.101465	3.0877	0.002442	0.0568636	0.00643318	0.0142638	0.0116527	0.03	0.0	1.86	0.19	5.0	0.0	1.38	0.32	0.0549405	0.00339631	4.04496e-05	0.00458068	0.305103	0.0774945	0.30075	0.291762	-0.00999977	0.00417148	0.01	0.00514579	1.6808	0.353874	0.944677	0.0119488	1.0	996.37	0.815905	0.123699	0.695517	1.12306	0.00164617	719913.0	0.122949	0.521402	0.674665	0.00660496	-100044.0	4.0	56570.0	-10499200.0	7.0	6760.61	1.0	13221.5	942.151	2751.42	686.51	0.172255	0.0421114	1.21395	0.137565	
1.6-2.4	3.0-5.5	0.0-100.0	0.000-1.571	0.016	0.264	153437.0	153427.0	24927.0	26140.3	128500.0	19737.9	0.149896	0.852016	-0.05	0.0	4.54449e-07	111.319	3.08745	0.0181369	0.0681739	9.86832	0.0511379	0.273504	0.03	0.0	1.86	0.19	5.0	0.0	1.38	0.32	0.0511379	0.136752	7.85643e-05	0.00045627	0.313588	0.0641091	0.0303489	0.0401161	-0.00999982	0.0183667	0.01	0.000791627	2.51883	0.855689	1.18043	0.0088275	1.0	52091900.0	0.724055	1083660.0	0.79003	773077.0	0.0020778	87057900.0	0.204718	592880.0	0.421071	120378.0	-17106.1	4.0	156380.0	-13094300.0	7.0	47159.2	1.0	20346.6	21352.7	4580.37	4872.78	0.183751	0.0328929	1.24245	0.0480282	
1.6-2.4	3.0-6.5	0.0-10.0	0.000-1.571	0.016	0.264	81531.0	81522.0	10653.1	732.181	70869.8	1014.87	0.101832	0.0448829	-0.05	0.0	0.0229785	0.0	3.08845	0.0	0.0133396	0.0	0.0520202	0.00429075	0.03	0.0	1.86	0.19	5.0	0.0	1.38	0.32	0.0514588	0.00211894	1.10324e-05	0.0465138	0.279825	0.124065	0.306676	0.0	-0.00606766	0.0	0.01	0.000284712	1.65447	0.0	1.03255	0.0183173	0.999999	35.1238	0.74569	0.0602903	0.786425	0.0593367	0.00116914	2747.86	0.284012	0.0586647	0.384598	0.0921553	180979.0	4.0	30094600.0	-7079480.0	4.0	5268.34	1.0	8376.45	1035.53	2276.65	874.857	0.213708	0.080798	1.25644	0.00521837	
1.6-2.4	3.0-6.5	0.0-100.0	0.000-1.571	0.016	0.264	171553.0	171544.0	30627.3	1744.62	140917.0	2339.69	0.0952229	0.0450457	-0.05	0.0	0.0229785	0.0534649	3.08845	0.00219589	0.0133396	0.00630276	0.0523818	0.00454266	0.03	0.0	1.86	0.19	5.0	0.0	1.38	0.32	0.051816	0.00224345	1.10324e-05	0.0465138	0.313219	0.0512196	0.306676	0.207312	-0.00606766	0.0158233	0.01	0.000620862	1.65447	0.204252	0.981202	0.00943373	1.0	567.663	0.780382	0.0854325	0.749753	0.360312	0.0012754	1295720.0	0.162956	0.278613	0.520692	0.175335	-47978.4	4.0	128815.0	-14006100.0	7.0	61835.5	1.0	24650.7	1640.53	5976.69	914.08	0.195142	0.0276979	1.22758	0.086032	
1.6-2.4	3.0-6.5	0.0-20.0	0.000-1.571	0.016	0.264	133950.0	133941.0	19614.7	787.242	114325.0	1168.68	0.100252	0.0340304	-0.05	0.0	0.0229785	0.0	3.08845	0.0	0.0133396	0.0	0.0524805	0.00222947	0.03	0.0	1.86	0.19	5.0	0.0	1.38	0.32	0.0519134	0.00110102	1.10324e-05	0.0465138	0.280771	0.070714	0.306676	0.0	-0.00606766	0.0	0.01	0.000180924	1.65447	0.0	1.00556	0.0115129	1.0	370.011	0.78085	0.110905	0.775896	0.323037	0.00135807	166074.0	0.205438	0.296989	0.51886	0.358803	-24667.0	4.0	427631.0	-11572500.0	4.0	4791.53	1.0	15957.7	1073.04	3656.95	873.363	0.18644	0.0438927	1.24117	0.00323347	
1.6-2.4	3.0-6.5	10.0-20.0	0.000-1.571	0.016	0.209	52418.0	52380.0	9004.33	498.602	43375.2	712.489	0.101128	0.0517063	-0.05	0.0	0.0229785	0.0	3.08845	0.0	0.0133396	0.0	0.0534486	0.00325627	0.03	0.0	1.86	0.19	5.0	0.0	1.38	0.32	0.0528696	0.00160814	2.44459e-05	0.000226863	0.242165	0.0458075	0.306676	0.0	-0.00606766	0.0	0.01	0.00439632	1.65447	0.0	0.960542	0.0173485	0.999998	2450380.0	0.8185	18900.5	0.731253	39678.1	0.00118863	3491660.0	0.127622	17661.5	0.46222	8243.21	-232007.0	4.0	3746.28	-3795860.0	4.0	636.999	1.0	7482.16	520.303	1522.17	325.827	0.169048	0.0349538	1.2162	0.00474984	
1.6-2.4	3.0-6.5	20.0-30.0	0.000-1.571	0.016	0.192	20538.0	20532.0	4629.57	268.815	15903.9	356.4	0.0401175	0.0718187	-0.05	0.0	0.0229785	0.0	3.08845	0.0	0.0133396	0.0	0.055162	0.00346772	0.03	0.0	1.86	0.19	5.0	0.0	1.38	0.32	0.054562	0.00171265	3.37661e-05	0.00022371	0.291714	0.0696675	0.306676	0.0	-0.00606766	0.0	0.00545627	0.00190266	1.65447	0.0	0.937357	0.0229359	0.379434	4.33833	0.904827	1.01825	0.259313	7.32337	0.00176395	0.125836	0.108383	0.0323855	0.287353	0.115535	-55004.6	4.0	3847.51	-911917.0	4.0	448.111	1.0	3587.08	313.115	1042.5	241.503	0.225182	0.0505	1.20359	0.00619224	
1.6-2.4	3.0-6.5	20.0-40.0	0.000-1.571	0.016	0.192	30745.0	30733.0	7664.24	311.329	23069.3	438.843	0.0690674	0.0654103	-0.05	0.0	0.0229785	0.0	3.08845	0.0	0.0133396	0.0	0.0529136	0.00016348	0.03	0.0	1.86	0.19	5.0	0.0	1.38	0.32	0.0523412	8.0735e-05	3.37661e-05	0.00022371	0.31336	0.0726257	0.306676	0.0	-0.00606766	0.0	0.00535927	0.00154543	1.65447	0.0	0.930559	0.0184996	0.378641	1.68029	0.909811	0.240097	0.259225	2.91481	0.001	0.231323	0.113624	0.0234651	0.272531	0.193464	-27339.8	4.0	11215.3	-1543550.0	4.0	359962.0	1.0	5990.9	419.215	1673.34	348.051	0.218331	0.0445378	1.19993	0.00497345	
1.6-2.4	3.0-6.5	30.0-40.0	0.000-1.571	0.016	0.152	10207.0	10042.0	2950.31	194.941	7091.17	234.113	0.172865	0.109034	-0.05	0.0	0.0229785	0.0	3.08845	0.0	0.0133396	0.0	0.0468783	0.00277596	0.03	0.0	1.86	0.19	5.0	0.0	1.38	0.32	0.0463807	0.00137063	2.09228e-05	0.00043611	0.348928	0.163383	0.306676	0.0	-0.00606766	0.0	0.00682998	0.00297598	1.65447	0.0	0.910517	0.0351255	0.997155	64039.7	0.715404	5018.15	0.688893	5509.31	0.00100945	151833.0	0.14852	1012.73	0.131355	2341.02	-30263.7	4.0	7350.71	-437295.0	4.0	1286.65	1.0	2335.41	280.007	614.898	237.156	0.208418	0.079195	1.18922	0.00932295	
1.6-2.4	3.0-6.5	40.0-100.0	0.000-1.571	0.016	0.168	6857.0	6854.0	3373.86	155.539	3480.39	155.259	0.11623	0.141947	-0.05	0.0	0.0229785	0.0	3.08845	0.0	0.0133396	0.0	0.0508118	0.00164909	0.03	0.0	1.86	0.19	5.0	0.0	1.38	0.32	0.0502654	0.000814358	3.29575e-05	0.000302831	0.342635	0.112794	0.306676	0.0	-0.00606766	0.0	0.00638027	0.00322255	1.65447	0.0	0.834811	0.0339183	0.996521	193.237	0.771865	7.75054	0.696609	10.1943	0.0010866	129.085	0.17834	1.07206	0.263715	0.714395	-9180.59	4.0	9209.59	-256187.0	4.0	429.698	1.0	2603.94	219.057	769.922	186.642	0.228202	0.0543105	1.15006	0.00853509	
1.6-2.4	3.0-6.5	40.0-50.0	0.000-1.571	0.016	0.145	3977.0	3958.0	1664.53	103.898	2293.98	123.412	0.112489	0.173776	-0.05	0.0	0.0229785	0.0	3.08845	0.0	0.0133396	0.0	0.0497113	0.00246043	0.03	0.0	1.86	0.19	5.0	0.0	1.38	0.32	0.0491784	0.00121497	2.68027e-05	0.46819	0.309951	0.11127	0.306676	0.0	-0.00606766	0.0	0.00251603	0.00327846	1.65447	0.0	0.696878	0.0413807	0.664741	39.2367	0.893748	2.19839	4.52613e-07	2714.04	0.0151653	0.310832	0.0546053	0.444443	0.320041	1.41477	-1484.85	4.0	5052.95	-131385.0	4.0	262.99	1.0	1220.71	138.004	443.823	118.35	0.266636	0.0691261	1.08451	0.00921781	
1.6-2.4	3.0-6.5	50.0-100.0	0.000-1.571	0.016	0.168	2879.0	2879.0	1715.84	116.285	1164.19	95.3289	0.17964	0.248986	-0.05	0.0	0.0229785	0.0	3.08845	0.0	0.0133396	0.0	0.0523231	0.00237452	0.03	0.0	1.86	0.19	5.0	0.0	1.38	0.32	0.051758	0.00117264	3.29575e-05	0.000302831	0.375454	0.201222	0.306676	0.0	-0.00606766	0.0	0.00290018	0.00466354	1.65447	0.0	0.858415	0.0516398	0.995663	82.2615	0.73753	3.7956	0.621494	5.47882	0.00101718	9.02451	0.182768	0.0526505	0.254278	0.177542	-7768.1	4.0	4706.58	-103951.0	4.0	1941.64	1.0	1339.79	171.709	376.047	147.949	0.219162	0.0849368	1.16205	0.0132241	
1.6-2.4	4.5-5.5	0.0-100.0	0.000-1.571	0.016	0.192	37129.0	37087.0	8387.91	37.5067	28700.3	24.1506	-0.34859	0.00342996	-0.05	0.0	1.72156e-06	70.801	3.08683	5.34815e-05	0.0477781	45.3625	0.048849	0.000196477	0.03	0.0	1.86	0.19	5.0	0.0	1.38	0.32	0.048849	0.000105401	6.47859e-05	0.000417763	0.352045	0.122949	0.00904143	0.0167101	-0.00999986	0.0162899	0.00999997	22.1875	3.71443	3.4468	1.22064	0.0652171	0.999999	42235.4	0.532254	53.8095	0.781745	20.1344	0.00102393	436371.0	0.271539	20.2971	0.205032	14.3799	75864.9	4.0	47501.7	-2041270.0	7.0	208.622	1.0	6330.3	949.068	2057.61	948.691	0.245307	0.113097	1.2654	0.0686621	
1.6-2.4	5.5-6.5	0.0-100.0	0.000-1.571	0.016	0.168	18116.0	18089.0	5569.62	501.873	12519.6	545.225	-0.462335	0.115552	-0.05	0.0	0.258385	1.36206	3.09257	0.00228959	0.0437011	0.00525332	0.0537966	0.0230982	0.03	0.0	1.86	0.19	5.0	0.0	1.38	0.32	0.0513785	0.00898665	1.17885e-05	0.00076077	0.253432	0.0401442	0.629208	0.099315	-0.00318522	0.00429654	0.01	0.00114173	1.49264	0.0754895	0.791121	0.0227997	1.0	1.35469	0.539733	0.00135741	0.721492	0.000599045	0.00107516	61.9421	0.260342	0.000403156	0.126927	0.000190867	-42221.8	4.0	3328.75	-625852.0	7.0	330.384	1.0	4394.22	427.008	1175.4	191.757	0.211037	0.0287008	1.27825	0.0417654	
1.6-2.4	6.5-30.0	0.0-10.0	0.000-1.571	0.008	0.184	6248.0	6248.0	2654.64	112.001	3593.54	124.501	-0.354772	0.113008	-0.05	0.0	0.633931	0.0	3.09066	0.0	0.0567233	0.0	0.0323723	0.00425099	0.03	0.0	1.492	0.04	5.0	0.0	1.733	0.07	0.0492272	0.00051167	3.57761e-05	7.18959e-05	0.29432	0.0519326	0.337019	0.0	0.00343684	0.0	0.00352774	0.00168896	1.60396	0.0	1.00398	0.0372635	0.738984	10.9371	0.769976	26.8563	0.627692	4.40889	0.112964	1.91697	0.269341	1.95701	0.0715556	1.01471	-16346.4	4.0	454.505	-150203.0	4.0	5.70746	1.0	2155.76	114.751	498.878	73.0637	0.187927	0.0263563	1.23908	0.0100088	
1.6-2.4	6.5-30.0	0.0-100.0	0.000-1.571	0.008	0.152	16001.0	15992.0	8195.45	200.267	7796.57	199.059	-0.426639	0.0764497	-0.05	0.0	0.633931	0.0519625	3.09066	0.00117068	0.0567233	0.00274197	0.0324282	0.00339469	0.03	0.0	1.492	0.04	5.0	0.0	1.733	0.07	0.0492407	0.00122324	1.37144e-05	0.000327844	0.261504	0.022851	0.337019	0.0765519	0.00343684	0.00197833	0.0031334	0.000879474	1.60396	0.0792233	0.883415	0.0193263	0.752693	0.393232	0.878676	1.00042	0.645434	0.214388	0.0725241	0.249564	0.232645	0.082004	0.215234	0.684781	-46689.9	4.0	1499.27	-392693.0	7.0	108.524	1.0	6351.31	198.891	1844.14	132.289	0.22502	0.0151763	1.17662	0.0347003	
1.6-2.4	6.5-30.0	10.0-20.0	0.000-1.571	0.008	0.16	4056.0	4056.0	1984.69	86.7184	2072.2	87.7961	-0.343726	0.13749	-0.05	0.0	0.633931	0.0	3.09066	0.0	0.0567233	0.0	0.0358196	0.00455104	0.03	0.0	1.492	0.04	5.0	0.0	1.733	0.07	0.0500937	0.000595637	3.34301e-05	6.81326e-05	0.221995	0.0306451	0.337019	0.0	0.00343684	0.0	0.00305097	0.00183291	1.60396	0.0	0.896672	0.0391553	0.59539	1.04397	0.858817	0.282578	0.459449	0.879325	0.0199831	0.0352131	0.138156	0.0305373	0.266738	0.137459	-13331.4	4.0	70.1001	-80386.9	4.0	4.08704	1.0	1537.27	89.0731	447.42	61.6809	0.225436	0.0294761	1.18326	0.00983595	
1.6-2.4	6.5-30.0	20.0-30.0	0.000-1.571	0.008	0.152	2535.0	2535.0	1446.6	70.8654	1088.84	61.7343	-0.661205	0.188413	-0.05	0.0	0.633931	0.0	3.09066	0.0	0.0567233	0.0	0.0282165	0.00452363	0.03	0.0	1.492	0.04	5.0	0.0	1.733	0.07	0.048282	0.00048388	1.37144e-05	0.000327844	0.315782	0.0744702	0.337019	0.0	0.00343684	0.0	0.00417954	0.00179523	1.60396	0.0	0.748861	0.0417647	0.619842	0.182647	0.963069	0.103445	0.614488	0.172687	0.0561402	0.0369728	0.18922	0.0507696	0.38662	0.779628	-7626.82	4.0	688.614	-48616.3	4.0	48.9331	1.0	1086.14	75.6914	360.465	56.6569	0.24918	0.0372146	1.11303	0.0093148	
1.6-2.4	6.5-30.0	30.0-40.0	0.000-1.571	0.008	0.12	1549.0	1548.0	949.205	55.1293	598.747	48.0011	-0.57406	0.255635	-0.05	0.0	0.633931	0.0	3.09066	0.0	0.0567233	0.0	0.0287606	0.00466226	0.03	0.0	1.492	0.04	5.0	0.0	1.733	0.07	0.0483993	0.000507094	2.16233e-05	4.66746e-05	0.200868	0.0350034	0.337019	0.0	0.00343684	0.0	0.000818983	0.00233806	1.60396	0.0	0.774308	0.0503741	0.38683	21.8304	0.980002	66.5018	0.263905	15.7719	0.00100344	3.21336	0.329914	0.703759	0.0256434	1.32002	-4771.38	4.0	77.246	-26631.1	4.0	41.6831	1.0	659.734	57.2027	289.471	45.6795	0.304961	0.0447459	1.12452	0.0114981	
1.6-2.4	6.5-30.0	40.0-50.0	0.000-1.571	0.008	0.136	864.0	862.0	574.835	41.2712	287.919	31.298	-0.95669	0.360064	-0.05	0.0	0.633931	0.0	3.09066	0.0	0.0567233	0.0	0.0306371	0.00615434	0.03	0.0	1.492	0.04	5.0	0.0	1.733	0.07	0.048819	0.000706924	2.39456e-05	0.218028	0.261084	0.0824558	0.337019	0.0	0.00343684	0.0	0.000354642	0.00249406	1.60396	0.0	0.61379	0.0628876	0.652017	2.85798	0.995704	68.8137	0.330175	7.73338	0.0410379	0.12522	0.256607	0.114725	0.0236199	38.6203	-2732.53	4.0	196.807	-13300.9	4.0	3.84564	1.0	428.795	43.8523	146.04	32.9421	0.254056	0.0543266	1.05679	0.0121078	
1.6-2.4	6.5-30.0	50.0-100.0	0.000-1.571	0.008	0.088	746.0	732.0	580.121	38.4351	152.103	23.5524	-0.218288	0.472214	-0.05	0.0	0.633931	0.0	3.09066	0.0	0.0567233	0.0	0.0450617	0.00757749	0.03	0.0	1.492	0.04	5.0	0.0	1.733	0.07	0.0527543	0.0011847	2.43092e-05	6.66999e-05	0.216436	0.0537654	0.337019	0.0	0.00343684	0.0	0.00404485	0.00310504	1.60396	0.0	0.747056	0.066321	0.711768	0.220007	0.999695	15.0043	0.210858	0.26758	0.0477602	0.0322152	0.229119	0.0693029	0.037644	0.888196	-2976.04	4.0	19.7752	-10258.7	4.0	1.01004	1.0	464.086	40.0021	116.035	26.7183	0.200019	0.0441087	1.11223	0.0147666	
2.0-2.4	6.5-30.0	0.0-100.0	0.000-1.571	0.008	0.152	4047.0	4046.0	2195.72	106.397	1850.96	102.12	-0.508887	0.161988	-0.05	0.0	0.828582	0.116151	3.09065	0.00260274	0.0626886	0.00502557	0.0246209	0.0103037	0.03	0.0	1.492	0.04	5.0	0.0	1.733	0.07	0.0579665	0.00282537	1.78875e-05	0.00273266	0.222812	0.0289608	0.349037	0.147135	0.00999999	0.0029756	0.000983411	0.00159126	1.55328	0.141848	0.733052	0.0345421	0.278476	59.1974	0.899845	19.6334	5.67112e-06	734.29	0.0027979	0.318393	0.214217	0.91331	0.151007	0.298517	-15350.0	4.0	54.6189	-90325.2	7.0	8.098	1.0	1709.99	101.909	485.724	63.8251	0.221214	0.0270193	1.09175	0.0727299	
