resOpt2_TnPAtRD3_4DEff2_RapPtEffMap3_Ratio
rap	pT	cent	dPhi	ctauErrMin	ctauErrMax	NoCutEntry	CutEntry	NSig	NSigErr	NBkg	NBkgErr	coefExp	coefExpErr	coefPol1	coefPol1Err	coeffGaus	coeffGausErr	meanSig1	meanSig1Err	sigmaSig1	sigmaSig1Err	sigmaSig2	sigmaSig2Err	sigmaSig3	sigmaSig3Err	alpha	alphaErr	enne	enneErr	enneW	enneWErr	sigWidth	sigWidthErr	Gmc	GmcErr	bTau	bTauErr	fracRes	fracResErr	meanResSigW	meanResSigWErr	meanResSigN	meanResSigNErr	sigmaResSigW	sigmaResSigWErr	sigmaResSigN	sigmaResSigNErr	fpm	fpmErr	fLiving	fLivingErr	fbkgCtTot	fbkgCtTotErr	lambdam	lambdamErr	lambdap	lambdapErr	lambdasym	lambdasymErr	NLL	nFitPar	EDM	NLLMass	nFitParMass	EDMMass	Prob	PROMPT	PROMPTErr	NON-PROMPT	NON-PROMPTErr	Bfraction	BfractionErr	Resolution	ResolutionErr	
0.0-0.4	6.5-30.0	0.0-100.0	0.000-1.571	0.008	0.064	5604.0	5600.0	3726.74	67.9323	1873.24	52.5437	-0.197187	0.09169	-0.05	0.0	0.549788	0.0765506	3.09284	0.000374815	0.0190428	0.00102057	0.018862	0.00148951	0.03	0.0	1.492	0.0	5.0	0.0	1.733	0.0	0.0189616	0.000436667	3.59557e-05	0.000193278	0.433012	0.0131563	0.709974	0.264125	-0.00206547	0.00229629	0.00432727	0.00493151	1.32298	0.0992276	0.6	0.0523218	0.845379	0.16486	0.554812	0.221585	0.350021	0.0401374	0.070743	5.58097e-09	0.331979	0.0343059	0.070512	2.46288e-09	-10196.9	2.0	1.26972e-07	-49164.0	7.0	9.08113e-06	1.0	2370.84	56.0893	1355.9	43.4652	0.36383	0.00959392	1160.63	88.7904	
0.0-1.2	6.5-30.0	0.0-10.0	0.000-1.571	0.008	0.088	7880.0	7877.0	4200.64	76.6768	3676.12	73.1732	0.00671785	0.064492	-0.05	0.0	0.494304	0.0	3.09238	0.0	0.0194509	0.0	0.0357881	0.00136399	0.03	0.0	1.492	0.0	5.0	0.0	1.733	0.0	0.0288912	0.000427212	1.12992e-05	0.000388937	0.345541	0.0112433	0.282557	0.0	0.00228371	0.0	0.00741548	0.0036076	1.58042	0.0	1.1605	0.0719104	0.646982	0.14377	0.792286	0.308742	0.558805	0.0267561	0.0706215	4.97508e-10	0.23432	0.0373521	0.144326	0.110398	-12021.3	2.0	4.77117e-06	-68161.2	4.0	6.78238e-05	1.0	2924.5	65.9615	1276.14	45.2088	0.303796	0.00922372	1293.05	23.1515	
0.0-1.2	6.5-30.0	0.0-100.0	0.000-1.571	0.008	0.105	21279.0	21274.0	13365.2	134.178	7908.69	112.005	-0.00993859	0.0456951	-0.05	0.0	0.494304	0.0451521	3.09238	0.000270006	0.0194509	0.000573245	0.0347614	0.0015693	0.03	0.0	1.492	0.0	5.0	0.0	1.733	0.0	0.0282502	0.000598244	1.16782e-05	0.000130175	0.409232	0.0072986	0.282557	0.19576	0.00228371	0.00264771	0.00445523	0.00147466	1.58042	0.170805	1.07193	0.0411789	0.650704	0.0215363	0.928404	0.0137122	0.515112	0.0166078	0.0704624	2.3138e-09	0.255793	0.0119258	0.470123	0.0749288	-35193.9	2.0	2.15366e-06	-209317.0	7.0	1.71625e-05	1.0	9242.93	113.841	4122.28	77.8585	0.308434	0.00493435	1236.98	62.9425	
0.0-1.2	6.5-30.0	10.0-20.0	0.000-1.571	0.008	0.088	5099.0	5097.0	3168.71	63.6535	1927.85	53.018	0.0381976	0.0894736	-0.05	0.0	0.494304	0.0	3.09238	0.0	0.0194509	0.0	0.0343512	0.00134605	0.03	0.0	1.492	0.0	5.0	0.0	1.733	0.0	0.0279953	0.000417617	1.12992e-05	0.000388937	0.481396	0.0159167	0.282557	0.0	0.00228371	0.0	0.000311935	0.0148094	1.58042	0.0	1.14414	0.385423	0.692138	0.739226	0.801036	0.103058	0.522187	0.262309	0.0705659	0.105688	0.290813	0.0353931	0.452634	0.0710093	-7480.32	2.0	9.72632e-09	-42854.3	4.0	8.36233e-05	1.0	2023.02	52.3932	1145.69	40.2893	0.361564	0.010436	1282.55	123.339	
0.0-1.2	6.5-30.0	20.0-30.0	0.000-1.571	0.008	0.105	3659.0	3656.0	2412.67	55.7039	1243.37	43.9735	0.152851	0.111927	-0.05	0.0	0.494304	0.0	3.09238	0.0	0.0194509	0.0	0.0349264	0.00175425	0.03	0.0	1.492	0.0	5.0	0.0	1.733	0.0	0.0283529	0.000546395	1.16782e-05	0.000130175	0.499078	0.0199208	0.282557	0.0	0.00228371	0.0	0.00272832	0.00277584	1.58042	0.0	0.872328	0.0746803	0.667052	0.0456867	1.0	0.00408347	0.511475	0.0366248	0.0704492	4.73835e-11	0.221213	0.0172118	0.487275	0.0428073	-6151.91	2.0	3.18751e-05	-29724.4	4.0	6.5164e-06	1.0	1641.11	46.7065	771.563	32.6064	0.319796	0.0113195	1118.79	20.8879	
0.0-1.2	6.5-30.0	30.0-40.0	0.000-1.571	0.008	0.064	2136.0	2134.0	1532.35	43.1066	601.412	30.4507	-0.416659	0.16258	-0.05	0.0	0.494304	0.0	3.09238	0.0	0.0194509	0.0	0.0366211	0.00199815	0.03	0.0	1.492	0.0	5.0	0.0	1.733	0.0	0.0294144	0.000629011	1.32366e-05	0.000329048	0.334587	0.0187908	0.282557	0.0	0.00228371	0.0	0.00844688	0.00306922	1.58042	0.0	0.895376	0.0758495	0.575971	0.0422161	0.999918	1.98229	0.426973	0.0397157	0.0706224	0.00781744	0.190792	0.0172177	0.0994644	9.611	-4431.91	2.0	2.88752e-07	-16500.1	4.0	0.000108521	1.0	1140.52	38.1798	391.832	23.4481	0.255706	0.0135059	1131.78	21.5255	
0.0-1.2	6.5-30.0	40.0-50.0	0.000-1.571	0.016	0.048	1305.0	1287.0	989.815	33.6847	297.165	21.0238	-0.206134	0.23046	-0.05	0.0	0.494304	0.0	3.09238	0.0	0.0194509	0.0	0.0334414	0.00209084	0.03	0.0	1.492	0.0	5.0	0.0	1.733	0.0	0.0274326	0.000644463	1.43354e-05	8.22848e-05	0.315752	0.0203853	0.282557	0.0	0.00228371	0.0	-0.00999997	0.00280939	1.58042	0.0	1.3481	0.277755	1.0	1.58204	0.999999	0.00110936	0.462039	0.0689338	0.0706713	5071.03	0.645817	0.109489	1.5844	70.7475	-2497.38	2.0	1.89468e-07	-9486.97	4.0	1.3809e-06	1.0	662.093	29.775	327.722	22.4332	0.331094	0.0196647	1417.61	94.7514	
0.0-1.2	6.5-30.0	50.0-100.0	0.000-1.571	0.008	0.056	1198.0	1196.0	1051.32	33.8987	144.827	15.5768	-0.345602	0.338358	-0.05	0.0	0.494304	0.0	3.09238	0.0	0.0194509	0.0	0.032199	0.00172346	0.03	0.0	1.492	0.0	5.0	0.0	1.733	0.0	0.0266703	0.000526107	1.34486e-05	0.000306561	0.362615	0.0240506	0.282557	0.0	0.00228371	0.0	-0.00999999	0.00284859	1.58042	0.0	1.03519	0.185497	1.0	0.0137997	1.0	0.00973964	0.364576	0.0679042	0.185528	0.414425	0.218033	0.0318333	2.43429	2.09429	-3041.78	2.0	1.34971e-06	-9136.53	4.0	6.86414e-05	1.0	747.586	30.5897	303.737	21.2271	0.288909	0.0179135	1214.32	56.7258	
0.0-2.4	10.0-13.0	0.0-100.0	0.000-1.571	0.008	0.136	6742.0	6740.0	5005.98	79.7419	1733.92	55.553	-0.642028	0.100582	-0.05	0.0	0.401547	0.0697145	3.09097	0.000546715	0.0215027	0.00165509	0.0423962	0.0023951	0.03	0.0	1.492	0.0	5.0	0.0	1.733	0.0	0.0355154	0.0010962	1.25623e-05	9.06713e-05	0.410753	0.0114526	0.0553454	0.0788853	0.000212513	0.0144851	0.00485796	0.00460215	2.09412	0.553674	1.09215	0.359573	0.895263	0.16017	0.750589	0.754923	0.336473	0.228688	0.0705653	2.28419e-07	0.301081	0.0277643	0.0704709	0.0582106	-11811.3	2.0	1.97131e-06	-59395.1	7.0	1.57595e-05	1.0	3404.77	67.4249	1601.2	47.4884	0.319858	0.00800191	1170.25	169.614	
0.0-2.4	10.0-30.0	0.0-100.0	0.000-1.571	0.004	0.144	10419.0	10417.0	7805.72	99.1383	2611.57	68.0725	-0.66904	0.0822089	-0.05	0.0	0.434138	0.0512224	3.09196	0.000430273	0.0215818	0.00122108	0.0446609	0.00205769	0.03	0.0	1.492	0.0	5.0	0.0	1.733	0.0	0.0364812	0.00090584	1.0177e-05	0.00195203	0.381308	0.00823707	0.0477214	0.0592155	-0.000892962	0.00748279	0.00265811	0.00332622	2.03646	0.461587	1.07171	0.21184	0.915438	0.144977	0.817655	0.740418	0.364019	0.148964	0.0705986	1.00732e-06	0.302711	0.0242457	0.0704811	0.0579133	-18531.3	2.0	2.7494e-07	-96442.9	7.0	0.00010793	1.0	5092.35	82.6245	2713.37	61.898	0.347613	0.00658714	1136.51	104.698	
0.0-2.4	11.0-13.0	0.0-100.0	0.000-1.571	0.008	0.105	3583.0	3581.0	2747.46	58.4502	833.518	38.7621	-0.849944	0.146201	-0.05	0.0	0.500607	0.0722217	3.09051	0.000721121	0.0229108	0.0017047	0.0484465	0.00361114	0.03	0.0	1.492	0.0	5.0	0.0	1.733	0.0	0.0378797	0.00146658	4.93653e-05	0.000238442	0.479496	0.0166282	0.0328637	0.0389686	-0.000371389	0.0145275	0.00999722	0.0252445	2.53131	0.734887	1.11171	0.920698	0.786561	0.894002	0.968022	11.0709	0.370442	0.634702	0.0707771	0.0266221	0.303699	0.233105	0.0706767	5.54334e-06	-5980.73	2.0	9.86699e-09	-29464.9	7.0	6.64928e-05	1.0	1762.63	47.6913	984.82	36.156	0.358448	0.0107251	1185.69	420.39	
0.0-2.4	13.0-16.0	0.0-100.0	0.000-1.571	0.008	0.08	2229.0	2223.0	1766.42	46.4523	456.58	29.1208	-0.41483	0.196809	-0.05	0.0	0.423348	0.0672654	3.09383	0.000881082	0.0195425	0.00202593	0.0500777	0.00377291	0.03	0.0	1.492	0.0	5.0	0.0	1.733	0.0	0.0400973	0.0016384	1.00002e-05	0.000966722	0.399371	0.0170871	0.0326157	0.0670782	-0.00999634	0.0183094	-0.00179252	0.00257076	1.86063	0.773549	0.935032	0.0723363	0.85115	0.0506104	0.995305	1.1503	0.283079	0.0433077	0.0705965	1.09437e-09	0.228962	0.0149689	0.0704689	6.0588	-4084.23	2.0	2.84634e-09	-17289.3	7.0	1.01024e-06	1.0	1082.4	37.9695	684.02	30.9036	0.387235	0.014226	979.123	60.4589	
0.0-2.4	13.0-30.0	0.0-100.0	0.000-1.571	0.008	0.105	3677.0	3677.0	2807.11	59.1147	870.022	39.4649	-0.723546	0.142726	-0.05	0.0	0.464607	0.0671062	3.09384	0.000700895	0.0212649	0.00169978	0.048196	0.00343261	0.03	0.0	1.492	0.0	5.0	0.0	1.733	0.0	0.0381278	0.00144055	2.10356e-05	0.0045896	0.336666	0.011483	0.0347602	0.122355	-0.00537756	0.015369	0.00102788	0.00158316	1.80759	0.989032	1.0103	0.0896975	0.910655	0.121868	0.981801	0.746566	0.404694	0.0789596	0.0710733	0.0325988	0.307843	0.0306216	0.0705848	3.41925	-6735.31	2.0	4.38803e-07	-30293.4	7.0	5.97141e-05	1.0	1690.62	47.7092	1116.5	39.5153	0.397739	0.0113137	1048.23	83.1725	
0.0-2.4	16.0-30.0	0.0-100.0	0.000-1.571	0.008	0.064	1448.0	1446.0	1041.51	36.3595	404.499	26.171	-1.00468	0.209928	-0.05	0.0	0.291338	0.184475	3.0938	0.00121847	0.020593	0.00386119	0.0355291	0.0047595	0.03	0.0	1.492	0.0	5.0	0.0	1.733	0.0	0.0319077	0.00226407	5.46616e-05	1.05755	0.231427	0.0126933	0.461092	0.573416	0.00155876	0.00498774	0.000158733	0.00372059	1.33655	0.440517	0.84561	0.0994588	0.997967	0.558564	0.970761	0.993951	0.490316	0.090302	0.070444	2.66819e-08	0.391189	0.0615744	0.0708883	0.381135	-2696.08	2.0	3.31284e-06	-10487.3	7.0	1.41782e-05	1.0	577.704	28.5143	463.806	25.8553	0.445321	0.0193541	1099.56	187.543	
0.0-2.4	6.5-30.0	0.0-10.0	0.000-1.571	0.008	0.184	19191.0	19191.0	8886.0	111.71	10306.2	117.893	-0.189159	0.038496	-0.05	0.0	0.432343	0.0	3.09244	0.0	0.0479499	0.0	0.0242125	0.000572981	0.03	0.0	1.492	0.0	5.0	0.0	1.733	0.0	0.0364256	0.000108101	3.80561e-05	6.9663e-05	0.32465	0.00818238	0.19482	0.0	0.00388614	0.0	0.00535548	0.00110368	1.71004	0.0	1.10912	0.0366491	0.999991	0.103525	0.368967	0.0271377	0.55759	0.0242316	0.0706172	0.000604838	0.385997	0.0168738	0.0972643	0.00609645	-24591.1	2.0	1.33737e-07	-179351.0	4.0	8.2062e-05	1.0	6494.45	99.9743	2391.55	65.0614	0.269137	0.00649314	1249.08	13.1014	
0.0-2.4	6.5-30.0	0.0-100.0	0.000-1.571	0.004	0.128	50088.0	49962.0	28069.0	210.168	21893.2	194.784	-0.22386	0.0271259	-0.05	0.0	0.432343	0.0245957	3.09244	0.000252033	0.0479499	0.00112829	0.0241729	0.00049518	0.03	0.0	1.492	0.0	5.0	0.0	1.733	0.0	0.0364107	0.000442432	3.69757e-05	6.79802e-05	0.356114	0.00492719	0.19482	0.0809237	0.00388614	0.00250476	0.00757773	0.00085912	1.71004	0.123875	1.09811	0.0208709	0.656866	0.0173638	0.927225	0.0159952	0.580002	0.0109333	0.0706278	2.03884e-07	0.287507	0.0072666	0.30393	0.0446876	-73215.3	2.0	1.73633e-06	-522446.0	7.0	1.32257e-05	1.0	20677.3	182.541	7391.69	111.421	0.26334	0.00344518	1241.22	33.4082	
0.0-2.4	6.5-30.0	0.0-5.0	0.000-1.571	0.008	0.184	10434.0	10434.0	4822.05	82.5975	5612.62	87.251	-0.0538529	0.0520635	-0.05	0.0	0.432343	0.0	3.09244	0.0	0.0479499	0.0	0.0234527	0.000795353	0.03	0.0	1.492	0.0	5.0	0.0	1.733	0.0	0.0361423	0.000146485	3.80561e-05	6.9663e-05	0.35635	0.0121371	0.19482	0.0	0.00388614	0.0	0.00808206	0.00250587	1.71004	0.0	1.29339	0.0558771	0.70148	0.0942422	0.826958	0.11539	0.643724	0.0486072	0.0705416	0.0375798	0.217178	0.0140284	0.201078	0.049983	-13429.9	2.0	2.38338e-06	-91163.3	4.0	4.43286e-05	1.0	3587.79	74.3359	1234.26	46.8615	0.255962	0.00867294	1384.43	21.0162	
0.0-2.4	6.5-30.0	10.0-15.0	0.000-1.571	0.008	0.152	6548.0	6546.0	3395.89	67.691	3149.67	65.8463	-0.16095	0.0697574	-0.05	0.0	0.432343	0.0	3.09244	0.0	0.0479499	0.0	0.0237857	0.000856184	0.03	0.0	1.492	0.0	5.0	0.0	1.733	0.0	0.0362656	0.000159383	1.79985e-05	0.004591	0.343416	0.0128905	0.19482	0.0	0.00388614	0.0	0.00325616	0.00277406	1.71004	0.0	1.11264	0.070107	0.671447	0.0698506	0.848155	0.0752761	0.577872	0.0399597	0.0707111	8.29286e-07	0.170792	0.0136456	0.211578	0.0484329	-9389.22	2.0	1.4036e-05	-54673.3	4.0	3.35612e-05	1.0	2419.45	59.9556	976.443	40.591	0.287537	0.0104892	1251.6	25.0909	
0.0-2.4	6.5-30.0	10.0-20.0	0.000-1.571	0.008	0.16	12054.0	12052.0	6539.51	92.8793	5512.48	87.1765	-0.169349	0.0527837	-0.05	0.0	0.432343	0.0	3.09244	0.0	0.0479499	0.0	0.0235756	0.000637637	0.03	0.0	1.492	0.0	5.0	0.0	1.733	0.0	0.0361877	0.000117905	1.00282e-05	0.000232918	0.392944	0.0103895	0.19482	0.0	0.00388614	0.0	0.00438362	0.00193931	1.71004	0.0	1.08314	0.0440023	0.701958	0.0450213	0.810872	0.0346824	0.584042	0.0248022	0.0706057	1.22342e-09	0.210623	0.0163085	0.38201	0.0451954	-16669.2	2.0	9.82603e-06	-108516.0	4.0	3.25884e-07	1.0	4616.64	81.3458	1922.87	55.3504	0.294039	0.00736198	1230.58	15.5924	
0.0-2.4	6.5-30.0	15.0-20.0	0.000-1.571	0.008	0.16	5505.0	5505.0	3138.86	63.4987	2365.78	57.0866	-0.179777	0.0806303	-0.05	0.0	0.432343	0.0	3.09244	0.0	0.0479499	0.0	0.0232609	0.000944109	0.03	0.0	1.492	0.0	5.0	0.0	1.733	0.0	0.0360719	0.000172796	1.00282e-05	0.000232918	0.440913	0.0161656	0.19482	0.0	0.00388614	0.0	0.00466151	0.00257758	1.71004	0.0	1.04442	0.0567108	0.786602	0.0976942	0.723071	0.0583738	0.584459	0.0421163	0.0706538	0.0288418	0.267441	0.0281708	0.417602	0.0586526	-7340.1	2.0	3.07101e-05	-45535.9	4.0	3.81415e-05	1.0	2174.75	54.8932	964.113	38.1854	0.307154	0.0104588	1203.33	19.8162	
0.0-2.4	6.5-30.0	20.0-25.0	0.000-1.571	0.008	0.145	4534.0	4534.0	2702.08	58.2031	1831.7	50.1746	-0.267734	0.0919487	-0.05	0.0	0.432343	0.0	3.09244	0.0	0.0479499	0.0	0.0231867	0.000898552	0.03	0.0	1.492	0.0	5.0	0.0	1.733	0.0	0.0360448	0.000164057	3.69686e-05	0.0287936	0.365151	0.0160696	0.19482	0.0	0.00388614	0.0	0.00492758	0.0166263	1.71004	0.0	1.08361	0.306742	0.657373	0.738204	0.93721	0.0526406	0.585472	0.291224	0.0707394	0.0953429	0.212748	0.0235861	0.491934	0.142833	-7403.81	2.0	1.14862e-05	-36846.0	4.0	2.91424e-05	1.0	2021.02	52.1093	681.055	32.1786	0.252049	0.0105993	1230.91	108.713	
0.0-2.4	6.5-30.0	20.0-30.0	0.000-1.571	0.008	0.152	8357.0	8357.0	5115.1	79.9245	3241.84	67.1924	-0.17798	0.0690645	-0.05	0.0	0.432343	0.0	3.09244	0.0	0.0479499	0.0	0.0233648	0.000655024	0.03	0.0	1.492	0.0	5.0	0.0	1.733	0.0	0.03611	0.000120295	1.79985e-05	0.004591	0.422287	0.0128266	0.19482	0.0	0.00388614	0.0	0.00418916	0.00379881	1.71004	0.0	0.966841	0.100415	0.685356	0.156676	0.964689	0.0163578	0.58951	0.100435	0.0704501	0.0344603	0.196198	0.0122308	0.480853	0.138931	-13427.6	2.0	2.05241e-05	-73212.8	4.0	4.40161e-06	1.0	3712.08	70.4139	1403.02	45.5464	0.274289	0.00780502	1149.94	33.9891	
0.0-2.4	6.5-30.0	25.0-30.0	0.000-1.571	0.008	0.136	3823.0	3819.0	2411.08	54.7587	1407.92	44.6694	-0.0598754	0.104767	-0.05	0.0	0.432343	0.0	3.09244	0.0	0.0479499	0.0	0.0235864	0.000971893	0.03	0.0	1.492	0.0	5.0	0.0	1.733	0.0	0.0361917	0.000179774	3.37928e-05	7.02542e-05	0.472918	0.0195891	0.19482	0.0	0.00388614	0.0	0.00398171	0.0023196	1.71004	0.0	0.871956	0.0540943	0.729725	0.0554011	0.996576	0.186824	0.617163	0.0355541	0.0705162	4.95954e-09	0.180946	0.0153441	0.0704498	1.75777e-08	-6007.73	2.0	3.78988e-07	-30570.8	4.0	2.4164e-06	1.0	1679.05	47.2802	732.034	32.5219	0.303612	0.0115928	1087.14	17.4671	
0.0-2.4	6.5-30.0	30.0-35.0	0.000-1.571	0.008	0.128	2920.0	2918.0	1780.45	47.4406	1137.31	40.0935	-0.392932	0.117233	-0.05	0.0	0.432343	0.0	3.09244	0.0	0.0479499	0.0	0.0245863	0.00120349	0.03	0.0	1.492	0.0	5.0	0.0	1.733	0.0	0.0365675	0.000229666	3.69757e-05	6.79802e-05	0.344448	0.0204425	0.19482	0.0	0.00388614	0.0	0.00999994	0.014218	1.71004	0.0	1.0008	0.080317	0.651983	0.063928	0.999983	0.697985	0.532841	0.0558543	0.0704426	0.014931	0.292189	0.0251311	0.0704862	1.79899e-06	-4765.21	2.0	6.69803e-07	-22450.5	4.0	2.29908e-05	1.0	1392.98	43.3766	387.474	24.7084	0.217627	0.012608	1173.1	27.5855	
0.0-2.4	6.5-30.0	30.0-40.0	0.000-1.571	0.008	0.128	5018.0	5015.0	3234.44	62.9058	1780.25	50.0299	-0.409541	0.0938977	-0.05	0.0	0.432343	0.0	3.09244	0.0	0.0479499	0.0	0.0241608	0.000834906	0.03	0.0	1.492	0.0	5.0	0.0	1.733	0.0	0.0364061	0.000157265	3.69757e-05	6.79802e-05	0.280052	0.0125097	0.19482	0.0	0.00388614	0.0	0.0099996	0.0128738	1.71004	0.0	0.824562	0.0761982	0.769182	0.0771299	0.673728	0.150905	0.444885	0.0667774	0.0706123	2.8442e-08	0.390536	0.0313001	0.0705195	0.0163467	-8559.32	2.0	3.93268e-07	-41666.2	4.0	2.41993e-05	1.0	2443.64	57.3201	790.804	35.5451	0.244494	0.00990755	1056.95	23.9319	
0.0-2.4	6.5-30.0	35.0-40.0	0.000-1.571	0.008	0.12	2097.0	2097.0	1450.4	41.2992	646.522	30.0299	-0.435113	0.156186	-0.05	0.0	0.432343	0.0	3.09244	0.0	0.0479499	0.0	0.0236232	0.00114783	0.03	0.0	1.492	0.0	5.0	0.0	1.733	0.0	0.0362053	0.000212569	3.63218e-05	5.72307e-05	0.219441	0.0130924	0.19482	0.0	0.00388614	0.0	0.00999731	0.0194565	1.71004	0.0	0.6	0.051689	0.939449	0.148396	0.528685	0.14136	0.387062	0.0530942	0.087602	0.0531163	0.505323	0.0598219	0.074553	0.0140046	-3777.7	2.0	3.14927e-07	-15819.1	4.0	4.03435e-06	1.0	1024.24	37.1953	426.153	26.0798	0.293819	0.0159162	927.127	13.4671	
0.0-2.4	6.5-30.0	40.0-45.0	0.000-1.571	0.008	0.12	1588.0	1587.0	1130.81	36.2853	456.131	25.3373	-0.371632	0.186119	-0.05	0.0	0.432343	0.0	3.09244	0.0	0.0479499	0.0	0.0233453	0.00118104	0.03	0.0	1.492	0.0	5.0	0.0	1.733	0.0	0.0361028	0.000216759	3.63218e-05	5.72307e-05	0.27238	0.0195368	0.19482	0.0	0.00388614	0.0	-0.00861924	0.0175016	1.71004	0.0	1.07814	0.561496	1.0	0.0299226	0.769733	0.882394	0.435305	0.708753	0.0726038	0.00013224	0.58858	0.107491	0.0725522	0.195501	-2906.27	2.0	6.53772e-07	-11614.2	4.0	4.36419e-06	1.0	832.073	33.7942	298.735	22.827	0.264178	0.0183203	1227.04	198.621	
0.0-2.4	6.5-30.0	40.0-50.0	0.000-1.571	0.008	0.136	2849.0	2846.0	2072.78	48.9659	773.164	33.1377	-0.917046	0.146673	-0.05	0.0	0.432343	0.0	3.09244	0.0	0.0479499	0.0	0.0250878	0.000947277	0.03	0.0	1.492	0.0	5.0	0.0	1.733	0.0	0.0367603	0.000183491	3.37928e-05	7.02542e-05	0.290964	0.0142048	0.19482	0.0	0.00388614	0.0	-0.00992182	0.00326028	1.71004	0.0	1.22115	0.115751	0.971504	0.034695	1.0	0.00338587	0.499851	0.0368619	0.0706231	1.25449e-06	0.447224	0.0327131	2.41945	6.04506	-5024.48	2.0	1.57236e-06	-22523.1	4.0	1.45349e-06	1.0	1450.88	44.8696	621.896	32.4709	0.30003	0.0139703	1330.56	42.7684	
0.0-2.4	6.5-30.0	45.0-50.0	0.000-1.571	0.008	0.136	1260.0	1259.0	946.889	32.9162	312.093	21.1819	-1.77747	0.248763	-0.05	0.0	0.432343	0.0	3.09244	0.0	0.0479499	0.0	0.0276467	0.00166859	0.03	0.0	1.492	0.0	5.0	0.0	1.733	0.0	0.0377879	0.000346495	3.37928e-05	7.02542e-05	0.310446	0.0201252	0.19482	0.0	0.00388614	0.0	-0.00999612	0.00195431	1.71004	0.0	1.16526	0.105208	0.939812	0.110928	0.999871	6.51424	0.427762	0.0965998	0.0707047	3.36543e-09	0.299526	0.0287818	0.0706329	26.7573	-2184.71	2.0	2.90789e-06	-8968.65	4.0	1.24927e-06	1.0	615.881	29.1919	331.008	22.939	0.349575	0.0209574	1289.57	38.2728	
0.0-2.4	6.5-30.0	5.0-10.0	0.000-1.571	0.008	0.112	8756.0	8722.0	4063.4	75.1548	4658.8	79.0171	-0.340679	0.057457	-0.05	0.0	0.432343	0.0	3.09244	0.0	0.0479499	0.0	0.0249957	0.000814502	0.03	0.0	1.492	0.0	5.0	0.0	1.733	0.0	0.0367247	0.000157346	3.69703e-05	0.0265992	0.299964	0.0110843	0.19482	0.0	0.00388614	0.0	0.00381477	0.00147236	1.71004	0.0	0.930556	0.0483182	1.0	0.112174	0.33327	0.0298193	0.466454	0.0346816	0.0704455	3.07827e-07	0.498483	0.0289481	0.0880235	0.00629114	-11221.3	2.0	1.79158e-05	-74654.5	4.0	1.08793e-05	1.0	2918.79	66.8365	1144.61	44.732	0.281687	0.00969762	1125.58	16.082	
0.0-2.4	6.5-30.0	50.0-100.0	0.000-1.571	0.008	0.088	2617.0	2596.0	2173.6	49.1116	422.328	25.7053	-0.530008	0.198475	-0.05	0.0	0.432343	0.0	3.09244	0.0	0.0479499	0.0	0.0250603	0.000990825	0.03	0.0	1.492	0.0	5.0	0.0	1.733	0.0	0.0367497	0.000191772	3.69533e-05	0.0259228	0.33188	0.0169075	0.19482	0.0	0.00388614	0.0	-0.00999856	0.275787	1.71004	0.0	1.41537	1025.81	0.999999	6.82491	0.999997	147217.0	0.426647	873.583	0.0705822	6.1523e-06	0.247093	95.4691	0.0704702	920016.0	-5513.82	2.0	1.31527e-05	-20962.9	4.0	3.52575e-06	1.0	1613.83	46.0257	559.77	30.8014	0.257531	0.0129209	1477.39	395642.0	
0.0-2.4	6.5-30.0	50.0-55.0	0.000-1.571	0.008	0.08	926.0	916.0	753.411	29.0423	162.549	15.8939	-0.367435	0.316174	-0.05	0.0	0.432343	0.0	3.09244	0.0	0.0479499	0.0	0.0257893	0.0016443	0.03	0.0	1.492	0.0	5.0	0.0	1.733	0.0	0.0370349	0.000324987	1.00002e-05	2.73951e-05	0.272316	0.0252729	0.19482	0.0	0.00388614	0.0	-0.00999973	0.00316698	1.71004	0.0	1.41065	0.186158	1.0	0.0141747	1.0	0.0784251	0.500364	0.0749656	0.356014	0.310231	0.22325	0.0377036	0.0717073	4.16717e-05	-1999.48	2.0	1.86628e-05	-6403.73	4.0	3.33346e-06	1.0	571.064	28.0302	182.347	18.7221	0.242028	0.0230319	1473.76	71.7364	
0.0-2.4	6.5-30.0	50.0-60.0	0.000-1.571	0.008	0.08	1484.0	1471.0	1223.2	36.9826	247.761	19.8072	-0.437213	0.258138	-0.05	0.0	0.432343	0.0	3.09244	0.0	0.0479499	0.0	0.0263744	0.0013233	0.03	0.0	1.492	0.0	5.0	0.0	1.733	0.0	0.037268	0.000265804	1.00002e-05	2.73951e-05	0.242534	0.0178009	0.19482	0.0	0.00388614	0.0	-0.00999374	0.00180321	1.71004	0.0	1.39869	0.0738119	1.0	4.78951	1.0	0.0164286	0.498222	0.0244416	0.0759868	9.65596	0.288734	0.0163133	0.070607	1.23726e-06	-3217.66	2.0	3.32563e-05	-10991.8	4.0	3.07018e-06	1.0	914.394	36.0843	308.802	24.9987	0.252455	0.0189583	1464.55	28.3797	
0.0-2.4	6.5-30.0	55.0-60.0	0.000-1.571	0.008	0.073	558.0	552.0	467.992	22.8232	84.0113	11.7017	-0.587577	0.447821	-0.05	0.0	0.432343	0.0	3.09244	0.0	0.0479499	0.0	0.0272539	0.00230748	0.03	0.0	1.492	0.0	5.0	0.0	1.733	0.0	0.0376256	0.000474395	3.34445e-05	6.9324e-05	0.195107	0.0237078	0.19482	0.0	0.00388614	0.0	-0.0099998	0.0139896	1.71004	0.0	1.36831	0.192616	0.999999	3.80922	1.0	0.0754285	0.449637	0.0555187	0.0710975	4.92407	0.400967	0.0515737	0.0705356	2.21186e-06	-1223.23	2.0	3.8096e-06	-3595.83	4.0	4.57726e-06	1.0	339.024	22.923	128.967	17.078	0.275576	0.0339272	1441.25	73.6205	
0.0-2.4	6.5-30.0	60.0-100.0	0.000-1.571	0.008	0.088	1133.0	1120.0	944.609	32.2026	175.397	16.3649	-0.66593	0.30816	-0.05	0.0	0.432343	0.0	3.09244	0.0	0.0479499	0.0	0.0228153	0.00136894	0.03	0.0	1.492	0.0	5.0	0.0	1.733	0.0	0.03591	0.000246861	3.69533e-05	0.0259228	0.419501	0.0297253	0.19482	0.0	0.00388614	0.0	-0.00950107	0.0170188	1.71004	0.0	1.50002	0.227617	0.994913	0.0498064	0.998922	0.898875	0.321833	0.126746	0.070636	2.59285e-06	0.202774	0.0234618	0.0706858	2.57079	-2300.91	2.0	8.15143e-05	-8158.15	4.0	2.30828e-07	1.0	679.71	29.1767	264.9	19.8972	0.280433	0.0187694	1543.18	89.0735	
0.0-2.4	6.5-30.0	60.0-70.0	0.000-1.571	0.008	0.088	749.0	738.0	628.38	26.1279	109.706	12.8058	-0.783967	0.390498	-0.05	0.0	0.432343	0.0	3.09244	0.0	0.0479499	0.0	0.0197723	0.00135393	0.03	0.0	1.492	0.0	5.0	0.0	1.733	0.0	0.0348707	0.000217896	3.69533e-05	0.0259228	0.470151	0.0386014	0.19482	0.0	0.00388614	0.0	0.00126265	0.0013522	1.71004	0.0	1.06448	0.0900738	0.939631	0.0503144	0.917341	0.895022	0.356859	0.345996	0.0704423	1.01275e-08	0.191189	0.0466349	0.07045	4.09024	-1587.9	2.0	5.18663e-07	-5109.18	4.0	2.86443e-05	1.0	447.245	22.9734	181.135	15.4492	0.288257	0.0214664	1217.4	31.7078	
0.0-2.4	6.5-30.0	70.0-100.0	0.000-1.571	0.016	0.073	384.0	380.0	314.619	18.7517	65.3514	10.1182	-0.482096	0.498327	-0.05	0.0	0.432343	0.0	3.09244	0.0	0.0479499	0.0	0.0283771	0.0026589	0.03	0.0	1.492	0.0	5.0	0.0	1.733	0.0	0.038094	0.000562172	3.69173e-05	0.0282483	0.340009	0.0487654	0.19482	0.0	0.00388614	0.0	0.00466433	0.839169	1.71004	0.0	2.09976	0.564676	0.839619	35.9892	0.999968	118.237	0.00438347	45.2126	0.0707677	7.72435	0.160824	2.98211	0.0724437	1559.76	-762.669	2.0	6.26415e-07	-2321.87	4.0	1.05347e-05	1.0	245.912	17.7399	68.7062	10.8006	0.21838	0.0317661	2029.72	235.179	
0.0-2.4	6.5-7.5	0.0-100.0	0.000-1.571	0.016	0.16	19055.0	19051.0	7940.87	134.811	11109.9	146.054	-0.0651405	0.0383429	-0.05	0.0	0.407288	0.0729544	3.09101	0.000559335	0.0504469	0.00345101	0.0272736	0.00130458	0.03	0.0	1.492	0.0	5.0	0.0	1.733	0.0	0.0384368	0.001287	8.17783e-05	0.000350179	0.254027	0.00877378	0.206936	0.0943215	0.00999971	0.0031414	0.01	0.000343987	1.88995	0.200823	1.14703	0.025822	0.514382	0.0308444	0.844284	0.0369176	0.68025	0.0191852	0.0706028	0.00766196	0.302676	0.0187804	0.346723	0.0560044	-24875.6	2.0	4.41686e-07	-176380.0	7.0	7.13416e-05	1.0	6461.59	121.795	1479.27	58.5753	0.186286	0.00666408	1335.13	50.3037	
0.0-2.4	6.5-8.0	0.0-100.0	0.000-1.571	0.016	0.16	25735.0	25729.0	11575.2	153.937	14154.4	162.063	-0.117629	0.0339258	-0.05	0.0	0.418662	0.056008	3.09156	0.000443075	0.0492209	0.00244266	0.0267916	0.00100786	0.03	0.0	1.492	0.0	5.0	0.0	1.733	0.0	0.037836	0.000939987	2.99332e-05	0.00458551	0.319323	0.00816021	0.247328	0.092515	0.00999999	0.0035556	0.00992762	0.00203283	1.76918	0.144226	1.07586	0.0243435	0.528865	0.0233006	0.868898	0.0254718	0.638506	0.0147925	0.070606	1.63311e-08	0.267462	0.0132008	0.338569	0.0446406	-34133.2	2.0	3.9532e-05	-247165.0	7.0	8.44483e-05	1.0	9201.68	137.039	2373.57	69.2915	0.205055	0.00532897	1282.71	43.9229	
0.0-2.4	6.5-8.5	0.0-100.0	0.000-1.571	0.016	0.16	30834.0	30813.0	14644.9	164.736	16168.2	169.295	-0.145426	0.0316327	-0.05	0.0	0.413379	0.0430176	3.09138	0.000381902	0.0501541	0.00199664	0.0258758	0.000831964	0.03	0.0	1.492	0.0	5.0	0.0	1.733	0.0	0.0378497	0.000775849	7.56762e-05	0.000240875	0.338775	0.00782556	0.226798	0.0773955	0.00999999	0.00269626	0.0094847	0.00104095	1.75627	0.126619	1.09687	0.0232701	0.549681	0.021821	0.878676	0.0223354	0.632296	0.0134532	0.070587	1.52919e-09	0.293057	0.0112719	0.331412	0.0393798	-41673.1	2.0	9.56805e-07	-302709.0	7.0	3.51632e-05	1.0	11602.8	147.263	3042.1	76.3079	0.207724	0.00465724	1276.64	35.5382	
0.0-2.4	7.5-8.5	0.0-100.0	0.000-1.571	0.008	0.184	11778.0	11778.0	6695.53	101.039	5082.48	92.6602	-0.331046	0.0565002	-0.05	0.0	0.437934	0.0519968	3.09167	0.00051958	0.0488629	0.00218405	0.0240646	0.00110873	0.03	0.0	1.492	0.0	5.0	0.0	1.733	0.0	0.0370284	0.000917797	8.69412e-05	0.000593911	0.408261	0.0119529	0.237333	0.116679	0.00999999	0.0164169	0.00487832	0.00170174	1.6166	0.148917	0.974351	0.0473685	0.628286	0.0323304	0.907952	0.025853	0.55559	0.0227116	0.0706148	4.21246e-07	0.281468	0.0139075	0.342135	0.0616555	-17143.4	2.0	1.08073e-05	-106221.0	7.0	8.01052e-06	1.0	5019.08	88.7966	1676.45	52.804	0.250384	0.00692242	1159.44	50.894	
0.0-2.4	8.0-10.0	0.0-100.0	0.000-1.571	0.008	0.184	13933.0	13933.0	8888.36	113.689	5045.27	95.2926	-0.253085	0.0568102	-0.05	0.0	0.410126	0.0386905	3.09313	0.000424073	0.0504901	0.00208559	0.0230241	0.000840828	0.03	0.0	1.492	0.0	5.0	0.0	1.733	0.0	0.0368539	0.000805072	8.20597e-05	0.000220638	0.351236	0.00876869	0.223708	0.161679	0.000490489	0.00440365	0.00252579	0.00174356	1.60773	0.189825	1.16262	0.0544219	0.768289	0.0347223	0.938231	0.0187121	0.586582	0.0208924	0.070636	5.39923e-07	0.337753	0.0144638	0.428981	0.0925044	-21962.7	2.0	6.24245e-07	-129800.0	7.0	9.6283e-05	1.0	6417.45	99.0795	2470.9	63.8572	0.277993	0.00624272	1275.75	51.1163	
0.0-2.4	8.5-9.5	0.0-100.0	0.000-1.571	0.008	0.12	6480.0	6470.0	4153.46	77.4408	2316.5	64.4919	-0.184474	0.0836661	-0.05	0.0	0.497654	0.0675725	3.09463	0.00061032	0.0431401	0.00228696	0.0226837	0.00127305	0.03	0.0	1.492	0.0	5.0	0.0	1.733	0.0	0.0344187	0.000994938	6.95629e-05	0.856416	0.302382	0.0097915	0.195257	0.140777	-0.00999932	0.0168172	0.000802059	0.00293362	1.55521	0.187671	1.0832	0.075546	0.760758	0.0819009	0.999821	1.7433	0.548197	0.0457707	0.0714954	0.0181398	0.256621	0.0155538	0.0754503	3.44241e-05	-10700.8	2.0	1.21016e-06	-55550.9	7.0	7.28986e-06	1.0	2828.9	66.163	1324.55	46.9622	0.318904	0.00961713	1190.16	51.9112	
0.0-2.4	9.5-11.0	0.0-100.0	0.000-1.571	0.008	0.136	5512.0	5509.0	3844.41	72.9877	1664.56	56.1029	-0.365015	0.100215	-0.05	0.0	0.385168	0.0630474	3.09265	0.000620797	0.0485431	0.00301662	0.0234953	0.00137937	0.03	0.0	1.492	0.0	5.0	0.0	1.733	0.0	0.0353133	0.00116876	1.00134e-05	0.000394123	0.346694	0.0126519	0.411816	0.288493	0.0022233	0.00388478	0.00216484	0.00352286	1.51553	0.180886	1.03691	0.162326	0.999992	3.1123	0.670955	0.0808298	0.45955	0.053312	0.0710508	4.13035e-08	0.378158	0.0252333	0.104937	0.0246951	-9546.41	2.0	4.113e-07	-46922.7	7.0	4.91677e-05	1.0	2781.49	63.7023	1062.92	40.9457	0.276484	0.00926735	1256.29	92.1418	
0.4-0.8	6.5-30.0	0.0-100.0	0.000-1.571	0.008	0.073	6331.0	6331.0	4232.56	73.8634	2098.41	57.6329	0.0552502	0.0881082	-0.05	0.0	0.509645	0.059851	3.09299	0.000450724	0.017986	0.000803914	0.0362329	0.00256284	0.03	0.0	1.492	0.0	5.0	0.0	1.733	0.0	0.0284362	0.000963742	1.07909e-05	6.48731e-06	0.462109	0.0138612	0.164736	0.163076	-0.00113548	0.00593586	0.00199137	0.00225327	1.82366	0.359661	1.05873	0.0583185	0.761079	0.0425071	0.839346	0.0358904	0.499677	0.0283715	0.070609	7.57472e-09	0.272539	0.0293291	0.507568	0.0995342	-10358.6	2.0	8.49684e-05	-55220.4	7.0	6.78532e-06	1.0	2800.37	61.244	1432.19	44.5784	0.338374	0.00872117	1218.25	88.6506	
0.8-1.2	6.5-30.0	0.0-100.0	0.000-1.571	0.008	0.105	9343.0	9339.0	5328.12	94.4657	4010.81	87.2113	0.00748893	0.067839	-0.05	0.0	0.453908	0.0948883	3.09228	0.000578779	0.0328052	0.00473393	0.0308126	0.00448559	0.03	0.0	1.492	0.0	5.0	0.0	1.733	0.0	0.0317325	0.00163003	3.76156e-05	0.000218351	0.31886	0.0100975	0.510138	0.279061	0.00698866	0.00378923	0.00576271	0.00342503	1.44442	0.131788	1.06065	0.0953731	0.579257	0.0604395	0.930254	0.0280021	0.574404	0.0453011	0.0706117	0.0145203	0.229742	0.0161682	0.339813	0.0961685	-15259.6	2.0	1.16466e-07	-82462.7	7.0	3.11675e-05	1.0	3948.5	81.5251	1379.61	48.4134	0.258931	0.00784139	1270.99	68.0009	
1.2-1.6	6.5-30.0	0.0-10.0	0.000-1.571	0.008	0.136	4739.0	4733.0	1979.84	53.9207	2753.55	60.6702	-0.16643	0.0742552	-0.05	0.0	0.604458	0.0	3.09132	0.0	0.0436198	0.0	0.0307751	0.00210237	0.03	0.0	1.492	0.0	5.0	0.0	1.733	0.0	0.0390476	0.000327701	2.31047e-05	0.000294422	0.303814	0.0157347	0.103775	0.0	0.00999984	0.0	0.00412879	0.00169744	2.09199	0.0	0.887118	0.0705985	0.999959	0.139001	0.334894	0.0407052	0.436919	0.0548595	0.0724139	0.771023	0.541852	0.0389636	0.0777638	0.00751417	-5503.17	2.0	1.30896e-05	-37235.9	4.0	0.000101899	1.0	1390.94	47.4807	588.905	32.8118	0.29745	0.0144581	1076.79	26.0636	
1.2-1.6	6.5-30.0	0.0-100.0	0.000-1.571	0.008	0.136	12060.0	12045.0	6277.52	107.16	5767.16	104.73	-0.25249	0.0543187	-0.05	0.0	0.604458	0.0909525	3.09132	0.000652615	0.0436198	0.00178393	0.0304269	0.00204556	0.03	0.0	1.492	0.0	5.0	0.0	1.733	0.0	0.0389395	0.000888875	2.31047e-05	0.000294422	0.293674	0.00906033	0.103775	0.0507441	0.00999984	0.0195355	0.0054181	0.00176543	2.09199	0.256609	0.991578	0.0445694	0.843712	0.100562	0.483351	0.0844305	0.468007	0.0297481	0.0705956	3.74922e-07	0.437214	0.0223105	0.0704748	1.07288e-10	-16860.9	2.0	6.385e-05	-107757.0	7.0	3.15231e-05	1.0	4663.1	92.8236	1614.42	55.1306	0.257174	0.00760622	1155.58	47.5643	
1.2-1.6	6.5-30.0	10.0-20.0	0.000-1.571	0.008	0.128	2763.0	2756.0	1415.95	45.4913	1339.98	44.6475	-0.22641	0.106937	-0.05	0.0	0.604458	0.0	3.09132	0.0	0.0436198	0.0	0.0367233	0.00374938	0.03	0.0	1.492	0.0	5.0	0.0	1.733	0.0	0.0410308	0.000663673	2.94195e-05	0.000284662	0.232412	0.014684	0.103775	0.0	0.00999984	0.0	0.00667378	0.00319153	2.09199	0.0	1.1676	0.0727353	0.59631	0.0739966	0.999993	0.645325	0.636764	0.047748	0.098805	0.0178337	0.217705	0.0233294	0.145996	3.52955	-4053.43	2.0	3.47784e-05	-20500.1	4.0	5.2311e-06	1.0	1024.52	41.1252	391.425	27.6766	0.27644	0.017412	1294.6	29.3963	
1.2-1.6	6.5-30.0	20.0-30.0	0.000-1.571	0.008	0.105	2024.0	2018.0	1183.99	38.5853	833.866	33.7441	-0.0975657	0.135542	-0.05	0.0	0.604458	0.0	3.09132	0.0	0.0436198	0.0	0.0258649	0.00219018	0.03	0.0	1.492	0.0	5.0	0.0	1.733	0.0	0.0376126	0.000297864	1.00889e-05	0.00459463	0.331144	0.0225782	0.103775	0.0	0.00999984	0.0	-0.00213243	0.004531	2.09199	0.0	1.11717	0.0681212	0.898027	0.265087	0.998395	4.45553	0.711546	0.112062	0.0706993	2.32483e-06	0.153791	0.0362672	0.0705137	19.6184	-3472.29	2.0	2.65314e-07	-14700.8	4.0	1.86673e-05	1.0	885.833	35.1221	298.162	22.2394	0.251827	0.0168957	1254.08	27.1934	
1.2-1.6	6.5-30.0	30.0-40.0	0.000-1.571	0.008	0.12	1248.0	1238.0	695.657	29.8985	542.352	27.2128	-0.304719	0.168205	-0.05	0.0	0.604458	0.0	3.09132	0.0	0.0436198	0.0	0.0280088	0.00319395	0.03	0.0	1.492	0.0	5.0	0.0	1.733	0.0	0.0382151	0.000462968	1.72747e-05	0.00459133	0.226346	0.0262925	0.103775	0.0	0.00999984	0.0	0.01	0.00121287	2.09199	0.0	0.646729	0.140275	0.902366	0.103591	0.686625	0.170386	0.308624	0.0812984	0.0921184	0.037356	0.535811	0.0561064	0.070467	3.27457e-09	-1769.17	2.0	1.89889e-07	-8348.22	4.0	2.08955e-05	1.0	549.152	28.3899	146.505	16.9878	0.2106	0.0226804	910.504	44.6485	
1.2-1.6	6.5-30.0	40.0-50.0	0.000-1.571	0.016	0.064	653.0	639.0	471.223	23.2765	167.837	15.4396	-2.05718	0.353207	-0.05	0.0	0.604458	0.0	3.09132	0.0	0.0436198	0.0	0.0306066	0.00430563	0.03	0.0	1.492	0.0	5.0	0.0	1.733	0.0	0.0389952	0.000668348	2.95545e-05	0.000300613	0.289536	0.0314498	0.103775	0.0	0.00999984	0.0	-0.00999953	0.0127452	2.09199	0.0	1.14703	0.167085	0.999998	3.28685	0.948451	0.113016	0.43269	0.0407399	0.170234	7.93692	0.324236	0.0272285	0.111203	0.0919524	-1163.42	2.0	1.10123e-05	-4097.47	4.0	1.3801e-05	1.0	342.025	21.7077	129.198	15.0506	0.274175	0.0289261	1278.01	67.1994	
1.2-1.6	6.5-30.0	50.0-100.0	0.000-1.571	0.016	0.073	631.0	626.0	513.056	23.6697	112.942	12.6551	-1.26065	0.389392	-0.05	0.0	0.604458	0.0	3.09132	0.0	0.0436198	0.0	0.0287721	0.00281587	0.03	0.0	1.492	0.0	5.0	0.0	1.733	0.0	0.0384387	0.000416848	1.01642e-05	0.000817577	0.363734	0.0382823	0.103775	0.0	0.00999984	0.0	-0.00553288	0.0102269	2.09199	0.0	1.59092	0.171916	0.999925	4.56993	0.999954	0.0519993	0.45129	0.0961431	0.0705456	6.48611	0.301548	0.034427	0.0707447	1.68213e-05	-1210.58	2.0	4.2625e-06	-4138.61	4.0	7.0216e-07	1.0	384.755	22.1466	128.301	14.5061	0.250073	0.0258129	1650.01	74.2787	
1.6-2.0	6.5-30.0	0.0-100.0	0.000-1.571	0.008	0.16	12495.0	12478.0	6233.28	120.846	6244.73	120.88	-0.422407	0.0551305	-0.05	0.0	0.552455	0.1167	3.09089	0.000792492	0.0541229	0.00275293	0.0342991	0.00329115	0.03	0.0	1.492	0.0	5.0	0.0	1.733	0.0	0.0463121	0.00151875	2.61437e-05	0.00458725	0.286488	0.0099037	0.462154	0.274076	0.00485629	0.00340939	0.01	0.0126343	1.4787	0.146906	1.05191	0.0507973	0.711908	0.051347	0.838068	0.0453658	0.652559	0.0273593	0.0704381	0.015537	0.239759	0.0134185	0.307844	0.0481335	-16700.2	2.0	1.73979e-07	-110997.0	7.0	1.57094e-05	1.0	4929.81	106.471	1303.47	53.2925	0.209114	0.00752735	1267.15	71.475	
1.6-2.4	3.0-30.0	0.0-100.0	0.000-1.571	0.008	0.264	245070.0	245060.0	46976.6	402.359	198083.0	559.438	0.152457	0.00879104	-0.05	0.0	0.0358616	0.00697437	3.09002	0.000420481	0.012334	0.00142206	0.0526334	0.00063083	0.03	0.0	1.89	0.0	5.0	0.0	1.44	0.0	0.0517338	0.000321786	1.05692e-05	6.49144e-05	0.299491	0.00560603	0.19593	0.106578	0.00823221	0.0041731	0.01	5.16179e-05	1.71895	0.159922	1.03723	0.00642828	0.920465	0.0190808	0.741501	0.0109815	0.768802	0.00709406	0.0707782	2.15086e-08	0.170248	0.00651698	0.468673	0.00985262	-208748.0	2.0	1.2666e-06	-2835460.0	7.0	0.100101	1.0	39837.0	379.01	7139.54	175.968	0.151981	0.00351241	1201.66	47.3597	
1.6-2.4	3.0-4.5	0.0-100.0	0.000-1.571	0.016	0.264	171992.0	171986.0	25718.5	405.374	146270.0	532.449	0.346104	0.0103155	-0.05	0.0	0.146866	0.039053	3.08938	0.000706668	0.1	0.00189598	0.0499013	0.00104729	0.03	0.0	1.86	0.0	5.0	0.0	1.38	0.0	0.0599424	0.0012994	8.85777e-05	0.0369611	0.317255	0.00964902	0.101357	0.069759	0.0499991	0.0925249	0.00673873	0.000736099	1.84755	0.275177	1.05064	0.00772912	0.949003	0.0220269	0.737166	0.0128361	0.704687	0.0127945	0.0711245	3.22121e-07	0.100644	0.00403863	0.470821	0.00979085	-137769.0	2.0	1.97577e-07	-1925490.0	7.0	0.00549751	1.0	22661.0	378.088	3057.44	133.016	0.118881	0.00482063	1156.69	41.4573	
1.6-2.4	3.0-5.5	0.0-100.0	0.000-1.571	0.016	0.264	209971.0	209961.0	32912.9	971.848	177049.0	993.385	0.226349	0.0148668	-0.05	0.0	3.11197e-10	0.973192	3.08951	0.000541005	0.0477205	0.0586611	0.0516398	0.00162926	0.03	0.0	1.86	0.0	5.0	0.0	1.38	0.0	0.0516398	0.00200747	1.55371e-05	0.00459213	0.328704	0.0080016	0.125652	0.0884483	0.0251244	0.0167426	0.00884818	0.00144035	1.92178	0.271466	1.05722	0.0153155	0.971985	0.033773	0.716232	0.025563	0.754546	0.0284344	0.0707411	1.51487e-08	0.1236	0.0154858	0.475078	0.0122854	-171238.0	2.0	5.09151e-07	-2393260.0	7.0	0.000410492	1.0	28553.9	854.137	4359.0	187.719	0.13244	0.00415167	1200.55	55.049	
1.6-2.4	3.0-6.5	0.0-10.0	0.000-1.571	0.016	0.264	96501.0	96491.0	10747.5	213.736	85742.6	346.951	0.0681954	0.0132126	-0.05	0.0	0.770728	0.0	3.08978	0.0	0.0464884	0.0	0.0568155	0.00483681	0.03	0.0	1.86	0.0	5.0	0.0	1.38	0.0	0.0490486	0.000642274	1.3729e-05	0.00459296	0.244602	0.0133646	0.173641	0.0	0.0248856	0.0	0.0135513	0.000664109	1.74699	0.0	1.08134	0.00903224	0.879153	0.0746742	0.618159	0.0384268	0.818076	0.00866412	0.0709884	3.0542e-08	0.399479	0.0113499	0.357248	0.0165812	-68404.5	2.0	6.28795e-07	-1023310.0	4.0	0.0011641	1.0	9239.5	209.057	1507.97	104.122	0.14031	0.00927746	1223.19	3.29914	
1.6-2.4	3.0-6.5	0.0-100.0	0.000-1.571	0.016	0.264	228321.0	228311.0	37827.0	500.896	190481.0	633.157	0.154209	0.00899163	-0.05	0.0	0.770728	0.0351825	3.08978	0.000518478	0.0464884	0.000842386	0.09	0.00275686	0.03	0.0	1.86	0.0	5.0	0.0	1.38	0.0	0.059353	0.00103385	1.3729e-05	0.00459296	0.29827	0.00732423	0.173641	0.119565	0.0248856	0.0127773	0.0133738	0.000444348	1.74699	0.202734	1.08032	0.00642334	0.806374	0.0265201	0.714471	0.0156716	0.810111	0.00608139	0.0705939	1.50858e-08	0.236488	0.00836727	0.437949	0.0124495	-188656.0	2.0	3.39915e-07	-2622640.0	7.0	0.00276057	1.0	33193.8	463.671	4633.15	159.859	0.122483	0.00390243	1222.45	52.5592	
1.6-2.4	3.0-6.5	0.0-20.0	0.000-1.571	0.016	0.264	182243.0	182233.0	25194.9	275.944	157038.0	456.046	0.159228	0.0097748	-0.05	0.0	0.770728	0.0	3.08978	0.0	0.0464884	0.0	0.09	0.0016317	0.03	0.0	1.86	0.0	5.0	0.0	1.38	0.0	0.059353	0.000283636	1.3729e-05	0.00459296	0.26332	0.00925804	0.173641	0.0	0.0248856	0.0	0.0153921	0.000460447	1.74699	0.0	1.09847	0.00635726	0.79958	0.0346343	0.692163	0.0207177	0.830565	0.005688	0.0705579	7.19646e-09	0.30609	0.0080093	0.407462	0.0138621	-144800.0	2.0	3.34411e-07	-2050040.0	4.0	1.8631e-06	1.0	22256.8	278.072	2938.13	137.618	0.116616	0.00531069	1235.74	2.3349	
1.6-2.4	3.0-6.5	10.0-20.0	0.000-1.571	0.016	0.209	85742.0	85583.0	13856.1	195.007	71726.9	309.522	0.282486	0.0144801	-0.05	0.0	0.770728	0.0	3.08978	0.0	0.0464884	0.0	0.09	0.000654625	0.03	0.0	1.86	0.0	5.0	0.0	1.38	0.0	0.059353	0.000113792	1.37782e-05	0.00459294	0.296121	0.0118261	0.173641	0.0	0.0248856	0.0	0.0133069	0.000926648	1.74699	0.0	1.06513	0.0105136	0.804188	0.0317005	0.828609	0.0156661	0.772031	0.0131179	0.0707417	2.77461e-08	0.132221	0.00761121	0.44182	0.0200038	-77399.1	2.0	1.4729e-07	-899129.0	4.0	1.27295e-06	1.0	12313.9	192.405	1542.13	86.3532	0.111296	0.00603211	1211.38	3.81955	
1.6-2.4	3.0-6.5	20.0-30.0	0.000-1.571	0.016	0.192	25288.0	25282.0	5146.05	136.015	20136.8	182.951	0.0777552	0.0274234	-0.05	0.0	0.770728	0.0	3.08978	0.0	0.0464884	0.0	0.078921	0.00914321	0.03	0.0	1.86	0.0	5.0	0.0	1.38	0.0	0.055621	0.00148721	1.37746e-05	0.00459294	0.284336	0.0134109	0.173641	0.0	0.0248856	0.0	-0.00214655	0.00200996	1.74699	0.0	1.00334	0.0213506	0.931929	0.0491158	0.784307	0.0278909	0.613709	0.0346756	0.0708784	1.15102e-07	0.0841031	0.00597057	0.378429	0.0228079	-23026.7	2.0	4.42293e-07	-235292.0	4.0	0.000168787	1.0	4179.39	124.193	966.66	62.2425	0.187845	0.0110292	1166.97	7.58461	
1.6-2.4	3.0-6.5	20.0-40.0	0.000-1.571	0.016	0.192	37399.0	37385.0	8495.4	173.694	28891.5	224.794	0.0903923	0.0229151	-0.05	0.0	0.770728	0.0	3.08978	0.0	0.0464884	0.0	0.0753323	0.00737996	0.03	0.0	1.86	0.0	5.0	0.0	1.38	0.0	0.0544682	0.00117007	1.37746e-05	0.00459294	0.312454	0.0116674	0.173641	0.0	0.0248856	0.0	0.000310485	0.00143331	1.74699	0.0	0.983171	0.0174566	0.898637	0.0408985	0.795075	0.0244361	0.643867	0.0242599	0.0707835	1.42728e-07	0.0932335	0.00526326	0.355708	0.020027	-35092.1	2.0	8.47541e-07	-363162.0	4.0	0.000413718	1.0	7013.64	158.467	1481.76	73.9353	0.174419	0.00793882	1152.7	6.15191	
1.6-2.4	3.0-6.5	30.0-40.0	0.000-1.571	0.016	0.152	12111.0	11990.0	3133.18	79.8255	8856.68	109.976	0.158796	0.0411641	-0.05	0.0	0.770728	0.0	3.08978	0.0	0.0464884	0.0	0.0370808	0.00526788	0.03	0.0	1.86	0.0	5.0	0.0	1.38	0.0	0.0445075	0.00050312	1.3843e-05	0.00459291	0.367423	0.0224478	0.173641	0.0	0.0248856	0.0	0.0057528	0.00170193	1.74699	0.0	0.922163	0.03001	0.999993	0.0790369	0.471201	0.0915023	0.702563	0.0381768	0.0709248	6.02009e-05	0.165645	0.0138045	0.104235	0.0176175	-12457.2	2.0	4.53146e-06	-103335.0	4.0	2.25713e-06	1.0	2637.17	76.3355	496.016	38.3737	0.158311	0.0115643	1110.26	10.2989	
1.6-2.4	3.0-6.5	40.0-100.0	0.000-1.571	0.016	0.168	8678.0	8673.0	3720.74	76.779	4952.22	84.4171	0.414617	0.0554182	-0.05	0.0	0.770728	0.0	3.08978	0.0	0.0464884	0.0	0.0532223	0.0039008	0.03	0.0	1.86	0.0	5.0	0.0	1.38	0.0	0.0481156	0.000494632	1.33924e-05	0.00459311	0.348492	0.0202193	0.173641	0.0	0.0248856	0.0	0.00596248	0.00382072	1.74699	0.0	0.896493	0.0897041	0.934816	0.337872	0.791605	0.202461	0.66468	0.108033	0.0707423	0.0480357	0.177833	0.0341684	0.248997	0.138718	-10326.4	2.0	2.74993e-06	-73307.0	4.0	5.48715e-05	1.0	3201.02	74.7804	519.722	36.6599	0.139682	0.0094218	1092.75	30.4074	
1.6-2.4	3.0-6.5	40.0-50.0	0.000-1.571	0.016	0.145	5193.0	5159.0	1867.21	55.2581	3291.52	66.9137	0.563405	0.0680024	-0.05	0.0	0.770728	0.0	3.08978	0.0	0.0464884	0.0	0.0462158	0.00438544	0.03	0.0	1.86	0.0	5.0	0.0	1.38	0.0	0.046426	0.000500452	1.39771e-05	0.00459285	0.359372	0.0292184	0.173641	0.0	0.0248856	0.0	0.0100992	0.0068672	1.74699	0.0	0.891105	0.101709	0.796203	0.167561	0.894911	0.0932953	0.568544	0.0964714	0.0708415	3.71576e-07	0.128248	0.0248067	0.2589	0.0890289	-5997.45	2.0	2.03255e-06	-40604.5	4.0	3.7463e-05	1.0	1622.69	53.2878	244.514	24.2041	0.130952	0.0123699	1089.1	34.3843	
1.6-2.4	3.0-6.5	50.0-100.0	0.000-1.571	0.016	0.168	3485.0	3485.0	1905.09	56.2257	1579.78	53.2495	0.204973	0.0985876	-0.05	0.0	0.770728	0.0	3.08978	0.0	0.0464884	0.0	0.0723313	0.00875083	0.03	0.0	1.86	0.0	5.0	0.0	1.38	0.0	0.0535274	0.00135557	1.33924e-05	0.00459311	0.308483	0.022424	0.173641	0.0	0.0248856	0.0	0.0021723	9.97994e-09	1.74699	0.0	0.775911	0.0455203	0.960995	0.0933861	0.711264	0.0874952	0.6723	0.0370706	0.0704411	2.15874e-08	0.195281	0.0199131	0.229167	0.041668	-4449.88	2.0	6.0291e-09	-26695.8	4.0	8.42139e-06	1.0	1545.13	54.6487	359.956	31.9341	0.188945	0.0158078	1013.63	14.3971	
1.6-2.4	4.5-5.5	0.0-100.0	0.000-1.571	0.016	0.192	37979.0	37919.0	8123.2	3.16228	29795.8	4.69789	-0.37599	0.000573712	-0.05	0.0	1.05625e-06	0.0166692	3.08897	2.4011e-05	0.0657144	0.0614725	0.0488292	2.12998e-05	0.03	0.0	1.86	0.0	5.0	0.0	1.38	0.0	0.0488292	0.000165407	2.24592e-05	0.000300031	0.331927	0.0126718	0.168306	0.155053	0.0139897	0.0158776	0.0122221	0.000793015	1.94031	0.379299	1.11847	0.012302	0.996446	0.0782411	0.55286	0.0427277	0.845964	0.00633611	0.107881	9.28635e-08	0.315519	0.0162799	0.258018	0.0208036	-34111.2	2.0	7.61544e-08	-368576.0	7.0	9.61347e-06	1.0	6669.51	64.8741	1453.69	64.8246	0.178955	0.00797988	1293.86	89.347	
1.6-2.4	5.5-6.5	0.0-100.0	0.000-1.571	0.016	0.168	18350.0	18310.0	5337.17	120.362	12972.8	148.701	-0.499208	0.0351151	-0.05	0.0	0.909014	0.106051	3.09313	0.00107457	0.05267	0.00253751	0.0310134	0.00876447	0.03	0.0	1.86	0.0	5.0	0.0	1.38	0.0	0.0510807	0.00153546	1.49587e-05	0.00459239	0.293012	0.0133255	0.433557	0.413492	0.016385	0.017632	0.0153589	0.00270308	1.45242	0.194727	1.02183	0.0400441	0.503038	0.0724744	0.840716	0.0876429	0.67211	0.0453566	0.0705793	0.0202798	0.303052	0.0181781	0.200674	0.0465001	-18320.4	2.0	6.91665e-07	-165761.0	7.0	0.0003991	1.0	4453.21	110.303	883.955	49.7854	0.165623	0.00854764	1227.21	103.143	
1.6-2.4	6.5-30.0	0.0-10.0	0.000-1.571	0.008	0.184	6570.0	6570.0	2753.22	65.8472	3816.6	73.4779	-0.416609	0.0637723	-0.05	0.0	0.680153	0.0	3.09074	0.0	0.0561424	0.0	0.0316358	0.00251952	0.03	0.0	1.492	0.0	5.0	0.0	1.733	0.0	0.049638	0.0002568	6.70809e-05	0.00017923	0.313057	0.0176891	0.211707	0.0	0.00199102	0.0	0.00999993	0.00190398	1.6767	0.0	1.22104	0.0463616	0.698837	0.227883	0.755723	0.860816	0.660774	0.0299244	0.0706055	0.0851672	0.28552	0.103207	0.213812	0.321625	-7556.0	2.0	1.85116e-08	-53533.2	4.0	1.72972e-05	1.0	2259.81	61.9367	493.404	32.4708	0.17921	0.0109874	1330.59	16.7688	
1.6-2.4	6.5-30.0	0.0-100.0	0.000-1.571	0.008	0.152	16748.0	16725.0	8479.66	158.803	8245.44	158.001	-0.445629	0.0493894	-0.05	0.0	0.680153	0.12413	3.09074	0.000704091	0.0561424	0.00264243	0.0311876	0.00521833	0.03	0.0	1.492	0.0	5.0	0.0	1.733	0.0	0.0495472	0.00178209	2.77437e-05	0.00458652	0.274504	0.00803354	0.211707	0.175346	0.00199102	0.00574194	0.00986297	4.75428e-06	1.6767	0.235346	1.02488	0.00129833	0.729275	0.000968557	0.649979	0.00149495	0.550308	0.000858008	0.0705071	0.854052	0.254953	0.000517915	0.0716491	0.038172	-22468.9	2.0	7.75187e-08	-153674.0	7.0	9.5212e-05	1.0	6664.27	136.421	1815.39	64.7329	0.214088	0.00649629	1192.97	73.5736	
1.6-2.4	6.5-30.0	10.0-20.0	0.000-1.571	0.008	0.16	4191.0	4191.0	2022.44	54.9369	2168.58	56.249	-0.346795	0.0846332	-0.05	0.0	0.680153	0.0	3.09074	0.0	0.0561424	0.0	0.0329664	0.00332232	0.03	0.0	1.492	0.0	5.0	0.0	1.733	0.0	0.0499142	0.000350914	2.91966e-05	0.00458585	0.229006	0.0135342	0.211707	0.0	0.00199102	0.0	0.00424054	0.00277056	1.6767	0.0	0.996148	0.0576726	0.999957	0.174107	0.709933	0.0595889	0.641537	0.0358206	0.0708764	0.791542	0.137183	0.0154437	0.248881	0.0373998	-5712.67	2.0	4.69109e-07	-32556.7	4.0	4.16361e-05	1.0	1552.83	51.793	469.608	32.6503	0.232199	0.0148609	1173.63	19.2939	
1.6-2.4	6.5-30.0	20.0-30.0	0.000-1.571	0.008	0.152	2674.0	2674.0	1496.63	44.4827	1177.42	40.7367	-0.635357	0.116308	-0.05	0.0	0.680153	0.0	3.09074	0.0	0.0561424	0.0	0.0259334	0.00257394	0.03	0.0	1.492	0.0	5.0	0.0	1.733	0.0	0.0485688	0.000219793	2.77437e-05	0.00458652	0.305806	0.0196812	0.211707	0.0	0.00199102	0.0	0.00999998	0.0028258	1.6767	0.0	1.04587	0.0825423	0.718381	0.08696	0.837632	0.0717522	0.678696	0.0490194	0.0706288	4.86539e-08	0.201893	0.0263861	0.433503	0.113221	-3986.46	2.0	7.76326e-05	-19906.2	4.0	4.41804e-06	1.0	1151.14	40.7923	345.495	24.4716	0.230848	0.0148419	1207.25	28.1849	
1.6-2.4	6.5-30.0	30.0-40.0	0.000-1.571	0.008	0.12	1633.0	1630.0	1003.97	36.0163	625.881	30.3173	-0.531868	0.159408	-0.05	0.0	0.680153	0.0	3.09074	0.0	0.0561424	0.0	0.0274713	0.00323891	0.03	0.0	1.492	0.0	5.0	0.0	1.733	0.0	0.0488385	0.000291359	7.90451e-05	0.000185159	0.227617	0.0167728	0.211707	0.0	0.00199102	0.0	0.00523184	0.00378697	1.6767	0.0	0.974665	0.0813889	1.0	0.0691229	1.0	0.142462	0.733374	0.0356049	0.0704555	2.37934e-09	0.26798	0.0347475	0.0722655	3.77922e-06	-2612.18	2.0	3.95508e-05	-11446.8	4.0	1.61664e-05	1.0	711.35	33.2107	292.624	23.7053	0.291466	0.0211701	1159.32	26.9695	
1.6-2.4	6.5-30.0	40.0-50.0	0.000-1.571	0.008	0.136	890.0	889.0	584.858	26.8457	304.078	20.9746	-0.95805	0.233319	-0.05	0.0	0.680153	0.0	3.09074	0.0	0.0561424	0.0	0.0308025	0.00371158	0.03	0.0	1.492	0.0	5.0	0.0	1.733	0.0	0.0494701	0.000369586	6.70209e-05	0.882424	0.24812	0.0257463	0.211707	0.0	0.00199102	0.0	0.00629095	0.00463196	1.6767	0.0	0.701292	0.139256	0.745638	0.0745767	0.999879	0.0381313	0.421341	0.0803984	0.0705726	3.1576e-09	0.253608	0.0355162	0.132601	2.76204	-1499.42	2.0	3.26486e-06	-5764.87	4.0	1.08553e-05	1.0	448.299	24.9504	136.559	15.4395	0.233491	0.0241253	991.397	38.8261	
1.6-2.4	6.5-30.0	50.0-100.0	0.000-1.571	0.008	0.088	787.0	770.0	606.319	26.7826	163.565	16.5717	-0.239547	0.315355	-0.05	0.0	0.680153	0.0	3.09074	0.0	0.0561424	0.0	0.0451259	0.00597275	0.03	0.0	1.492	0.0	5.0	0.0	1.733	0.0	0.0528691	0.000815287	7.21792e-05	0.000182081	0.147927	0.0148603	0.211707	0.0	0.00199102	0.0	-0.00870793	0.0145208	1.6767	0.0	0.600003	0.148203	0.771321	0.109989	0.999904	0.875446	0.255971	0.103106	0.0706423	0.0334047	0.224514	0.0345544	0.07051	2.86955e-05	-1489.77	2.0	3.75542e-05	-5028.46	4.0	9.0115e-05	1.0	379.914	27.3266	226.405	23.7725	0.37341	0.0355696	937.531	37.3837	
2.0-2.4	6.5-30.0	0.0-100.0	0.000-1.571	0.008	0.152	4253.0	4251.0	2303.17	64.3659	1947.84	61.5353	-0.511618	0.0927618	-0.05	0.0	0.853718	0.0550668	3.09094	0.00150637	0.0623676	0.00295889	0.0234203	0.00422533	0.03	0.0	1.492	0.0	5.0	0.0	1.733	0.0	0.0583177	0.00156908	7.87116e-05	0.000484264	0.242786	0.013615	0.0616687	0.0610904	-0.00999983	0.0176875	0.00881075	0.00222452	2.1655	0.541626	1.01638	0.0507931	0.81179	0.0480365	0.999997	0.218951	0.632335	0.0340808	0.121369	0.0246324	0.198011	0.0146492	0.147445	0.00101634	-5965.98	2.0	1.17568e-07	-33260.8	7.0	2.69017e-05	1.0	1788.6	58.0938	514.572	32.9113	0.223419	0.0128533	1121.83	63.1128	
