weightedEff_Prof_Eff3_binv0
rap	pT	cent	dPhi	ctauErrMin	ctauErrMax	NoCutEntry	CutEntry	NSig	NSigErr	NBkg	NBkgErr	coefExp	coefExpErr	coefPol1	coefPol1Err	coeffGaus	coeffGausErr	meanSig1	meanSig1Err	sigmaSig1	sigmaSig1Err	sigmaSig2	sigmaSig2Err	sigmaSig3	sigmaSig3Err	alpha	alphaErr	enne	enneErr	enneW	enneWErr	sigWidth	sigWidthErr	Gmc	GmcErr	bTau	bTauErr	fracRes	fracResErr	meanResSigW	meanResSigWErr	meanResSigN	meanResSigNErr	sigmaResSigW	sigmaResSigWErr	sigmaResSigN	sigmaResSigNErr	fpm	fpmErr	fLiving	fLivingErr	fbkgCtTot	fbkgCtTotErr	lambdam	lambdamErr	lambdap	lambdapErr	lambdasym	lambdasymErr	NLL	nFitPar	EDM	NLLMass	nFitParMass	EDMMass	Prob	PROMPT	PROMPTErr	NON-PROMPT	NON-PROMPTErr	Bfraction	BfractionErr	Resolution	ResolutionErr	
0.0-0.4	6.5-30.0	0.0-100.0	0.000-1.571	0.008	0.064	5688.0	5685.0	3791.72	68.4117	1893.27	52.7336	-0.217656	0.09109	-0.05	0.0	0.576046	0.0751889	3.09269	0.000369331	0.0189563	0.000912101	0.019036	0.00148933	0.03	0.0	1.492	0.0	5.0	0.0	1.733	0.0	0.0189901	0.000411009	3.59557e-05	0.000193278	0.457376	0.0135931	0.709974	0.264125	-0.00206547	0.00229629	0.00225122	0.00128461	1.32298	0.0992276	0.667295	0.032993	0.846908	0.104695	0.55936	0.11841	0.344673	0.0444203	0.070646	1.27311e-06	0.348066	0.0272191	0.0704628	0.0101047	-10177.8	4.0	2.28676e-05	-50040.1	7.0	0.000131289	1.0	2381.24	56.2275	1410.48	44.3093	0.37199	0.00956622	1171.23	83.6858	
0.0-1.2	6.5-30.0	0.0-10.0	0.000-1.571	0.008	0.088	7867.0	7864.0	4198.63	76.8464	3665.13	73.2896	0.00460606	0.064574	-0.05	0.0	0.509614	0.0	3.09228	0.0	0.0194733	0.0	0.0361896	0.00144508	0.03	0.0	1.492	0.0	5.0	0.0	1.733	0.0	0.0289051	0.000443618	1.12992e-05	0.000388937	0.322023	0.0103167	0.282557	0.0	0.00228371	0.0	0.00180522	0.00068231	1.58042	0.0	0.946507	0.0203385	0.721375	0.146154	0.661089	0.234558	0.552874	0.0321995	0.0705698	9.36392e-07	0.25244	0.0263841	0.119136	0.0342822	-12060.2	4.0	3.80738e-06	-68067.2	4.0	5.48668e-05	1.0	2817.11	66.1547	1381.52	48.5517	0.32904	0.00987172	1161.24	5.9467	
0.0-1.2	6.5-30.0	0.0-100.0	0.000-1.571	0.008	0.105	21543.0	21538.0	13570.1	135.049	7967.69	112.398	-0.0159895	0.0456636	-0.05	0.0	0.509614	0.0466471	3.09228	0.000267193	0.0194733	0.000563354	0.0350472	0.00172524	0.03	0.0	1.492	0.0	5.0	0.0	1.733	0.0	0.0282063	0.000639786	1.16782e-05	0.000130175	0.415137	0.00713032	0.282557	0.19576	0.00228371	0.00264771	0.000429226	0.000365415	1.58042	0.170805	0.883512	0.0107055	0.655524	0.0215943	0.924349	0.0143084	0.515304	0.0163656	0.0705785	2.84553e-07	0.26281	0.0115608	0.453497	0.0705265	-35329.6	4.0	1.60004e-06	-212345.0	7.0	2.72391e-05	1.0	9078.14	113.856	4491.94	82.4578	0.331018	0.00510597	1125.07	82.0819	
0.0-1.2	6.5-30.0	10.0-20.0	0.000-1.571	0.008	0.088	5267.0	5265.0	3289.93	64.8843	1974.6	53.8017	0.0491953	0.0883713	-0.05	0.0	0.509614	0.0	3.09228	0.0	0.0194733	0.0	0.0339083	0.00137939	0.03	0.0	1.492	0.0	5.0	0.0	1.733	0.0	0.0275151	0.000416803	1.12992e-05	0.000388937	0.529334	0.0163737	0.282557	0.0	0.00228371	0.0	-0.00154324	0.000785258	1.58042	0.0	0.896357	0.0233186	0.66987	0.0519393	0.80874	0.0397672	0.509669	0.0334584	0.0705388	3.42177e-07	0.285435	0.0242949	0.447325	0.0618015	-7524.94	4.0	3.31706e-05	-44534.4	4.0	8.89433e-05	1.0	2002.53	52.3889	1287.4	42.7726	0.391316	0.0104626	1132.34	6.62165	
0.0-1.2	6.5-30.0	20.0-30.0	0.000-1.571	0.008	0.105	3689.0	3686.0	2429.59	55.9498	1256.43	44.2405	0.126385	0.111257	-0.05	0.0	0.509614	0.0	3.09228	0.0	0.0194733	0.0	0.0357229	0.00182394	0.03	0.0	1.492	0.0	5.0	0.0	1.733	0.0	0.028619	0.000558229	1.16782e-05	0.000130175	0.486951	0.0193579	0.282557	0.0	0.00228371	0.0	0.000764591	0.000819872	1.58042	0.0	0.850147	0.023582	0.67329	0.0446285	0.999992	0.00410509	0.511327	0.0360328	0.0705635	4.9444e-09	0.231334	0.0176803	0.480212	3.56632	-6142.46	4.0	2.04707e-05	-29985.9	4.0	7.90454e-06	1.0	1631.61	46.9782	797.972	33.6578	0.328439	0.0116064	1106.47	6.49966	
0.0-1.2	6.5-30.0	30.0-40.0	0.000-1.571	0.008	0.064	2148.0	2146.0	1540.7	43.3069	605.273	30.6591	-0.408155	0.162058	-0.05	0.0	0.509614	0.0	3.09228	0.0	0.0194733	0.0	0.0373919	0.00212597	0.03	0.0	1.492	0.0	5.0	0.0	1.733	0.0	0.029646	0.000657471	1.32366e-05	0.000329048	0.32258	0.0177478	0.282557	0.0	0.00228371	0.0	-0.00133606	0.00103064	1.58042	0.0	0.82883	0.02705	0.575306	0.0710422	0.975276	0.928709	0.428383	0.0586127	0.0704511	6.76593e-11	0.195993	0.0254512	0.0708031	4.1804e-08	-4475.48	4.0	4.45037e-05	-16603.0	4.0	1.93325e-06	1.0	1110.44	38.4768	430.259	25.5437	0.279262	0.0146032	1094.81	7.34603	
0.0-1.2	6.5-30.0	40.0-50.0	0.000-1.571	0.016	0.048	1340.0	1322.0	1021.36	34.1747	300.596	21.1461	-0.294705	0.229406	-0.05	0.0	0.509614	0.0	3.09228	0.0	0.0194733	0.0	0.0340044	0.0020932	0.03	0.0	1.492	0.0	5.0	0.0	1.733	0.0	0.0275732	0.000632946	1.43354e-05	8.22848e-05	0.331111	0.0201774	0.282557	0.0	0.00228371	0.0	-0.00333435	0.00140961	1.58042	0.0	0.88491	0.0409916	1.0	0.00749518	0.999971	0.94542	0.461871	0.0246639	0.0710752	2.59693e-05	0.639612	0.0383399	0.0911457	2.51985	-2567.59	4.0	5.72452e-05	-9789.6	4.0	2.67932e-06	1.0	672.781	29.6443	348.583	22.5404	0.341292	0.0188847	1125.86	11.5576	
0.0-1.2	6.5-30.0	50.0-100.0	0.000-1.571	0.008	0.056	1230.0	1228.0	1080.78	34.3464	147.459	15.695	-0.400332	0.335417	-0.05	0.0	0.509614	0.0	3.09228	0.0	0.0194733	0.0	0.0325092	0.00175615	0.03	0.0	1.492	0.0	5.0	0.0	1.733	0.0	0.0266742	0.00052479	1.34486e-05	0.000306561	0.391917	0.0248579	0.282557	0.0	0.00228371	0.0	0.000979432	0.00111264	1.58042	0.0	0.765332	0.0336782	1.0	0.0389928	1.0	0.0353656	0.39813	0.0761894	0.0704444	1.41407e-08	0.220174	0.0329323	0.24382	3.98999	-3130.81	4.0	4.23513e-07	-9422.25	4.0	8.42247e-05	1.0	768.759	30.4609	312.024	20.7205	0.288702	0.0168339	1061.12	8.71347	
0.0-2.4	10.0-13.0	0.0-100.0	0.000-1.571	0.008	0.136	6889.0	6887.0	5146.32	80.2854	1740.49	55.1342	-0.610618	0.0998261	-0.05	0.0	0.412245	0.0604099	3.09064	0.000519446	0.0208416	0.00143428	0.0428945	0.00227274	0.03	0.0	1.492	0.0	5.0	0.0	1.733	0.0	0.0355036	0.0010192	1.25623e-05	9.06713e-05	0.446673	0.0118111	0.0553454	0.0788853	0.000212513	0.0144851	0.000320814	0.000516593	2.09412	0.553674	0.953907	0.0155181	0.87373	1.77498	0.781804	10.1553	0.351817	2.98478	0.0704599	5.98688e-08	0.296401	0.294073	0.0706329	0.922768	-11879.4	4.0	2.99681e-06	-60945.9	7.0	3.20206e-05	1.0	3334.77	67.4925	1811.56	51.453	0.35201	0.00835484	1049.9	72.3879	
0.0-2.4	10.0-30.0	0.0-100.0	0.000-1.571	0.004	0.144	10592.0	10590.0	7960.9	99.8069	2629.05	68.0446	-0.636177	0.0813764	-0.05	0.0	0.444071	0.0438307	3.09176	0.000415133	0.0212698	0.00105709	0.0453306	0.00188858	0.03	0.0	1.492	0.0	5.0	0.0	1.733	0.0	0.0366505	0.000818329	1.0177e-05	0.00195203	0.404474	0.00850206	0.0477214	0.0592155	-0.000892962	0.00748279	0.000178642	0.000393974	2.03646	0.461587	0.968244	0.0127342	0.999545	10.4941	0.698925	5.56758	0.355107	0.588133	0.077568	0.00010079	0.314403	0.374789	0.0705768	2.94431e-08	-18613.9	4.0	6.34091e-07	-98297.2	7.0	7.72795e-06	1.0	5038.66	83.5021	2922.23	65.7596	0.367073	0.0068596	1044.35	50.6252	
0.0-2.4	11.0-13.0	0.0-100.0	0.000-1.571	0.008	0.105	3769.0	3768.0	2910.31	59.7242	857.682	38.9154	-0.832251	0.143451	-0.05	0.0	0.481552	0.059585	3.08997	0.000666853	0.0211407	0.00147618	0.048172	0.003121	0.03	0.0	1.492	0.0	5.0	0.0	1.733	0.0	0.0376603	0.00128839	4.93653e-05	0.000238442	0.528358	0.0170727	0.0328637	0.0389686	-0.000371389	0.0145275	0.0014852	0.000709623	2.53131	0.734887	0.988271	0.0218087	0.918884	0.876668	0.645687	0.242412	0.256165	0.035657	0.0705906	0.936743	0.331842	0.0199981	0.0705329	0.0831422	-6107.85	4.0	1.24258e-06	-31262.6	7.0	2.14901e-05	1.0	1745.86	48.241	1164.45	40.182	0.400111	0.0110999	1074.78	57.673	
0.0-2.4	13.0-16.0	0.0-100.0	0.000-1.571	0.008	0.08	2258.0	2252.0	1788.87	46.9002	463.198	29.5642	-0.38244	0.195549	-0.05	0.0	0.444689	0.0668065	3.09399	0.000881353	0.0201797	0.00200522	0.0517386	0.00394213	0.03	0.0	1.492	0.0	5.0	0.0	1.733	0.0	0.0408361	0.00168327	1.00002e-05	0.000966722	0.410379	0.0183866	0.0326157	0.0670782	-0.00999634	0.0183094	0.00231693	0.000843793	1.86063	0.773549	1.02415	0.0275593	0.999981	0.0220474	0.72582	0.288135	0.24238	0.521714	0.101693	0.00012659	0.23751	0.0777562	0.0705589	8.71754e-08	-4198.7	4.0	0.000107168	-17531.9	7.0	3.03271e-05	1.0	1156.19	39.6291	632.678	30.4425	0.353675	0.0142696	1061.88	45.8924	
0.0-2.4	13.0-30.0	0.0-100.0	0.000-1.571	0.008	0.105	3703.0	3703.0	2825.46	59.4792	877.825	39.8768	-0.692269	0.142303	-0.05	0.0	0.475877	0.0653558	3.09394	0.000702875	0.021396	0.0016466	0.0496512	0.0036941	0.03	0.0	1.492	0.0	5.0	0.0	1.733	0.0	0.038858	0.00151299	2.10356e-05	0.0045896	0.331931	0.0115161	0.0347602	0.122355	-0.00537756	0.015369	0.0003572	0.000613201	1.80759	0.989032	0.99572	0.0220114	0.921889	0.790111	0.954979	5.8703	0.411927	0.239085	0.0704585	7.44142e-10	0.319272	0.130132	0.0706019	3.19933e-07	-6781.39	4.0	1.54738e-05	-30507.7	7.0	8.77239e-05	1.0	1699.11	49.229	1126.35	41.3079	0.398644	0.0119715	1034.68	74.387	
0.0-2.4	16.0-30.0	0.0-100.0	0.000-1.571	0.008	0.064	1444.0	1442.0	1035.95	36.0439	405.999	25.8687	-0.960989	0.209232	-0.05	0.0	0.246213	0.180158	3.09388	0.0012308	0.0192224	0.00433084	0.0349202	0.0046981	0.03	0.0	1.492	0.0	5.0	0.0	1.733	0.0	0.031783	0.00231071	5.46616e-05	1.05755	0.23879	0.0133129	0.461092	0.573416	0.00155876	0.00498774	3.45253e-06	0.00121672	1.33655	0.440517	0.777483	0.0438221	0.996628	0.884881	0.951617	0.141576	0.468324	0.0480543	0.0704441	1.46169	0.406383	0.0315504	0.0704467	1.0168e-08	-2642.12	4.0	8.52857	-10440.4	7.0	4.74394e-05	1.0	578.979	28.623	456.975	25.8123	0.441115	0.0196285	1072.12	202.675	
0.0-2.4	6.5-30.0	0.0-10.0	0.000-1.571	0.008	0.184	19669.0	19669.0	9074.03	113.405	10596.2	119.927	-0.17708	0.0379715	-0.05	0.0	0.410903	0.0	3.09272	0.0	0.0490027	0.0	0.0247298	0.000557965	0.03	0.0	1.492	0.0	5.0	0.0	1.733	0.0	0.0367009	0.000110741	3.80561e-05	6.9663e-05	0.337514	0.00827969	0.19482	0.0	0.00388614	0.0	0.0036906	0.000440117	1.71004	0.0	1.02019	0.0119085	0.618677	0.0276122	0.879656	0.0252097	0.604201	0.0164795	0.0705321	2.32672e-09	0.291703	0.011988	0.355704	0.0482178	-24181.2	4.0	5.96608e-07	-184179.0	4.0	9.08182e-05	1.0	6517.56	101.738	2556.47	68.8228	0.281735	0.00671774	1186.47	4.12232	
0.0-2.4	6.5-30.0	0.0-100.0	0.000-1.571	0.004	0.128	50980.0	50708.0	28623.0	217.318	22084.7	201.546	-0.193778	0.027113	-0.05	0.0	0.410903	0.02747	3.09272	0.000251799	0.0490027	0.00133483	0.0246365	0.000521151	0.03	0.0	1.492	0.0	5.0	0.0	1.733	0.0	0.036664	0.000507883	3.69757e-05	6.79802e-05	0.370141	0.00488511	0.19482	0.0809237	0.00388614	0.00250476	0.00212639	0.000243585	1.71004	0.123875	0.941675	0.00644802	0.653691	0.0165851	0.933293	0.013928	0.576932	0.0108274	0.0706055	1.15661e-09	0.273204	0.00679357	0.316138	0.0440805	-73634.1	4.0	3.84387e-06	-531020.0	7.0	1.89146e-05	1.0	20414.3	186.333	8208.66	120.753	0.286786	0.00361339	1133.0	40.7427	
0.0-2.4	6.5-30.0	0.0-5.0	0.000-1.571	0.008	0.184	10804.0	10804.0	4915.2	83.9871	5889.74	89.5998	-0.10863	0.0508516	-0.05	0.0	0.410903	0.0	3.09272	0.0	0.0490027	0.0	0.0235476	0.000768561	0.03	0.0	1.492	0.0	5.0	0.0	1.733	0.0	0.03624	0.000147094	3.80561e-05	6.9663e-05	0.34541	0.0116353	0.19482	0.0	0.00388614	0.0	0.004265	0.000614881	1.71004	0.0	1.07291	0.0169043	0.731664	0.0970367	0.778831	0.0525074	0.667453	0.0383804	0.0706766	0.0231351	0.264206	0.0166861	0.349008	0.0479605	-12893.2	4.0	3.43867e-07	-94634.4	4.0	8.38567e-05	1.0	3562.46	75.7335	1352.74	50.6397	0.275216	0.00916678	1223.35	5.96865	
0.0-2.4	6.5-30.0	10.0-15.0	0.000-1.571	0.008	0.152	6632.0	6630.0	3448.08	68.3212	3181.49	66.3407	-0.157413	0.0694386	-0.05	0.0	0.410903	0.0	3.09272	0.0	0.0490027	0.0	0.0239079	0.00082463	0.03	0.0	1.492	0.0	5.0	0.0	1.733	0.0	0.0363787	0.000159628	1.79985e-05	0.004591	0.336366	0.0124455	0.19482	0.0	0.00388614	0.0	0.00176901	0.000703649	1.71004	0.0	0.951955	0.0180433	0.665855	0.107398	0.86766	0.120875	0.584841	0.0574136	0.0704797	5.97355e-09	0.180304	0.0166982	0.196926	0.0700724	-9545.52	4.0	2.05377e-06	-55462.0	4.0	3.19645e-05	1.0	2414.56	60.8696	1033.52	42.8433	0.299737	0.010914	1139.9	6.06638	
0.0-2.4	6.5-30.0	10.0-20.0	0.000-1.571	0.008	0.16	12284.0	12282.0	6709.03	94.0405	5572.98	87.7923	-0.154088	0.0525118	-0.05	0.0	0.410903	0.0	3.09272	0.0	0.0490027	0.0	0.02327	0.000595252	0.03	0.0	1.492	0.0	5.0	0.0	1.733	0.0	0.0361342	0.000112911	1.00282e-05	0.000232918	0.425552	0.0107997	0.19482	0.0	0.00388614	0.0	0.000980522	0.000525098	1.71004	0.0	0.973098	0.0134633	0.697336	0.0403629	0.818352	0.0334886	0.590643	0.0230295	0.0705769	5.39468e-07	0.218688	0.0156389	0.37976	0.0453465	-16775.2	4.0	5.01771e-06	-110908.0	4.0	8.73159e-08	1.0	4610.35	82.1051	2098.68	58.57	0.312814	0.00754902	1154.18	4.56977	
0.0-2.4	6.5-30.0	15.0-20.0	0.000-1.571	0.008	0.16	5652.0	5652.0	3255.99	64.5313	2395.68	57.4783	-0.14897	0.080139	-0.05	0.0	0.410903	0.0	3.09272	0.0	0.0490027	0.0	0.0224491	0.000844763	0.03	0.0	1.492	0.0	5.0	0.0	1.733	0.0	0.0358269	0.000155912	1.00282e-05	0.000232918	0.502839	0.0173323	0.19482	0.0	0.00388614	0.0	-0.000425571	0.000785717	1.71004	0.0	0.9851	0.0200339	0.776582	0.0620282	0.722025	0.0558757	0.587872	0.0284305	0.0706606	8.65795e-09	0.269856	0.0279833	0.419426	0.0580272	-7337.72	4.0	1.30573e-06	-46985.5	4.0	5.42118e-05	1.0	2164.08	55.2009	1091.91	40.9375	0.335355	0.0106726	1162.35	6.83551	
0.0-2.4	6.5-30.0	20.0-25.0	0.000-1.571	0.008	0.145	4654.0	4654.0	2788.23	59.4334	1865.54	51.0856	-0.134851	0.0911042	-0.05	0.0	0.410903	0.0	3.09272	0.0	0.0490027	0.0	0.0260807	0.000973887	0.03	0.0	1.492	0.0	5.0	0.0	1.733	0.0	0.0372477	0.000200856	3.69686e-05	0.0287936	0.416153	0.0169245	0.19482	0.0	0.00388614	0.0	0.000583683	0.000726154	1.71004	0.0	0.892019	0.0188891	0.710045	0.0668782	0.726871	0.0657523	0.587833	0.0486436	0.0704623	8.37245e-10	0.182082	0.023368	0.506753	0.0714894	-7056.28	4.0	1.16151e-07	-37877.9	4.0	1.44465e-05	1.0	1991.43	52.201	796.797	34.8066	0.285772	0.0108963	1100.17	6.16576	
0.0-2.4	6.5-30.0	20.0-30.0	0.000-1.571	0.008	0.152	8500.0	8500.0	5228.61	81.0942	3271.16	67.9645	-0.112211	0.0688231	-0.05	0.0	0.410903	0.0	3.09272	0.0	0.0490027	0.0	0.0252305	0.000689545	0.03	0.0	1.492	0.0	5.0	0.0	1.733	0.0	0.0369011	0.000138869	1.79985e-05	0.004591	0.444133	0.0130607	0.19482	0.0	0.00388614	0.0	0.00282649	0.000557641	1.71004	0.0	0.895792	0.0142709	0.713642	0.349534	0.843633	0.0971644	0.589866	0.202883	0.0704401	0.0910772	0.183603	0.01483	0.501506	0.0799389	-13076.1	4.0	8.88152	-74540.7	4.0	2.35464e-05	1.0	3707.43	70.9858	1521.18	47.846	0.290934	0.00796093	1102.64	4.66753	
0.0-2.4	6.5-30.0	25.0-30.0	0.000-1.571	0.008	0.136	3845.0	3841.0	2437.96	55.1183	1403.04	44.7564	-0.0809035	0.105076	-0.05	0.0	0.410903	0.0	3.09272	0.0	0.0490027	0.0	0.0242775	0.000953382	0.03	0.0	1.492	0.0	5.0	0.0	1.733	0.0	0.0365226	0.000186666	3.37928e-05	7.02542e-05	0.473932	0.0196762	0.19482	0.0	0.00388614	0.0	0.00193672	0.000813584	1.71004	0.0	0.899208	0.0214657	0.740801	0.0910185	0.999917	0.167452	0.618226	0.0530446	0.0705172	0.0210933	0.181552	0.0151137	0.0721893	1.95969e-05	-6043.27	4.0	3.59003e-07	-30768.2	4.0	3.77309e-08	1.0	1690.78	47.9935	747.182	33.5786	0.306478	0.0119034	1104.87	7.03322	
0.0-2.4	6.5-30.0	30.0-35.0	0.000-1.571	0.008	0.128	2914.0	2911.0	1782.71	47.5324	1128.07	40.0588	-0.397681	0.117803	-0.05	0.0	0.410903	0.0	3.09272	0.0	0.0490027	0.0	0.024922	0.00120037	0.03	0.0	1.492	0.0	5.0	0.0	1.733	0.0	0.0367774	0.000239592	3.69757e-05	6.79802e-05	0.311082	0.0186934	0.19482	0.0	0.00388614	0.0	0.0017033	0.000942909	1.71004	0.0	0.905874	0.0238814	0.65821	0.122235	0.99306	0.822412	0.539516	0.105644	0.0705044	0.0100642	0.312824	0.0501834	0.070631	5.36294	-4840.04	4.0	6.91153e-07	-22393.6	4.0	1.83225e-05	1.0	1358.16	43.9202	424.552	27.3088	0.238149	0.0139406	1109.25	7.85166	
0.0-2.4	6.5-30.0	30.0-40.0	0.000-1.571	0.008	0.128	5017.0	5015.0	3245.62	63.0597	1769.11	49.9998	-0.401351	0.0942461	-0.05	0.0	0.410903	0.0	3.09272	0.0	0.0490027	0.0	0.024287	0.000814255	0.03	0.0	1.492	0.0	5.0	0.0	1.733	0.0	0.0365263	0.000159472	3.69757e-05	6.79802e-05	0.262059	0.0121336	0.19482	0.0	0.00388614	0.0	0.000561216	0.000689548	1.71004	0.0	0.84062	0.0173151	0.979484	1.7301	0.476203	0.427945	0.41242	0.0375843	0.0968568	1.98212	0.423548	0.0279619	0.0704561	8.70226e-11	-8725.88	4.0	6.60181e-05	-41679.7	4.0	3.42306e-05	1.0	2386.95	58.7523	858.67	39.7415	0.264563	0.0111135	1067.09	5.49147	
0.0-2.4	6.5-30.0	35.0-40.0	0.000-1.571	0.008	0.12	2103.0	2103.0	1459.09	41.4429	643.821	30.0382	-0.403803	0.156522	-0.05	0.0	0.410903	0.0	3.09272	0.0	0.0490027	0.0	0.0235625	0.00109767	0.03	0.0	1.492	0.0	5.0	0.0	1.733	0.0	0.0362457	0.00021018	3.63218e-05	5.72307e-05	0.224506	0.0138289	0.19482	0.0	0.00388614	0.0	0.00106177	0.0010101	1.71004	0.0	0.797749	0.0253674	0.941561	0.14937	0.51725	0.139557	0.378376	0.0493692	0.0867669	0.0523608	0.508858	0.0590317	0.0705073	5.82725e-09	-3904.86	4.0	3.95204e-05	-15879.9	4.0	5.24291e-06	1.0	1022.24	38.6802	436.849	28.4093	0.299399	0.0175154	1040.25	7.83191	
0.0-2.4	6.5-30.0	40.0-45.0	0.000-1.571	0.008	0.12	1599.0	1598.0	1151.23	36.5747	446.683	25.1633	-0.379954	0.188425	-0.05	0.0	0.410903	0.0	3.09272	0.0	0.0490027	0.0	0.0237754	0.00115156	0.03	0.0	1.492	0.0	5.0	0.0	1.733	0.0	0.0363275	0.000221991	3.63218e-05	5.72307e-05	0.290948	0.019947	0.19482	0.0	0.00388614	0.0	-0.0018286	0.00118905	1.71004	0.0	0.862768	0.0313763	1.0	0.0347742	0.704606	0.568327	0.416213	0.705303	0.0705093	1.15886e-06	0.611732	0.115334	0.0720121	0.15469	-2953.72	4.0	1.26867e-05	-11726.1	4.0	5.47664e-06	1.0	847.479	33.6357	303.756	22.3509	0.263853	0.0175119	1081.23	10.0796	
0.0-2.4	6.5-30.0	40.0-50.0	0.000-1.571	0.008	0.136	2882.0	2879.0	2113.83	49.397	765.092	33.036	-0.94244	0.14789	-0.05	0.0	0.410903	0.0	3.09272	0.0	0.0490027	0.0	0.0255062	0.000915524	0.03	0.0	1.492	0.0	5.0	0.0	1.733	0.0	0.0370126	0.000185833	3.37928e-05	7.02542e-05	0.308244	0.0143023	0.19482	0.0	0.00388614	0.0	-0.00278433	0.000892439	1.71004	0.0	0.856576	0.0241006	1.0	0.0293948	0.8875	0.721914	0.475392	0.350187	0.0707387	5.53704e-06	0.454006	0.0443857	0.0705007	0.486124	-5145.9	4.0	7.80595e-05	-22842.4	4.0	2.28583e-06	1.0	1470.01	44.4791	643.821	32.0108	0.304575	0.0133666	1077.25	7.71503	
0.0-2.4	6.5-30.0	45.0-50.0	0.000-1.571	0.008	0.136	1282.0	1280.0	966.762	33.2205	313.252	21.2155	-1.81058	0.249392	-0.05	0.0	0.410903	0.0	3.09272	0.0	0.0490027	0.0	0.028027	0.00160453	0.03	0.0	1.492	0.0	5.0	0.0	1.733	0.0	0.0380714	0.000347923	3.37928e-05	7.02542e-05	0.327257	0.0203254	0.19482	0.0	0.00388614	0.0	-0.00378244	0.00130323	1.71004	0.0	0.801818	0.0366205	0.958273	0.269725	0.993199	0.890821	0.425376	0.158516	0.0707041	1.85464e-09	0.294434	0.0458711	0.0705903	6.69499	-2232.12	4.0	8.55556e-07	-9144.69	4.0	1.74049e-06	1.0	622.096	29.0517	344.666	22.9631	0.356516	0.0203495	1042.77	11.3364	
0.0-2.4	6.5-30.0	5.0-10.0	0.000-1.571	0.008	0.112	8865.0	8830.0	4152.66	76.0586	4677.66	79.4338	-0.250982	0.0572657	-0.05	0.0	0.410903	0.0	3.09272	0.0	0.0490027	0.0	0.0258197	0.000778386	0.03	0.0	1.492	0.0	5.0	0.0	1.733	0.0	0.0371405	0.000159388	3.69703e-05	0.0265992	0.33159	0.0118941	0.19482	0.0	0.00388614	0.0	0.000725717	0.000624486	1.71004	0.0	0.933292	0.0166238	0.999999	0.17702	0.314701	0.0302327	0.475646	0.0348125	0.071311	7.23539e-06	0.426045	0.02656	0.0865176	0.00622419	-11407.8	4.0	6.44477e-09	-75699.2	4.0	1.44651e-05	1.0	2943.54	67.8756	1209.12	46.8075	0.291168	0.0099303	1127.4	5.54028	
0.0-2.4	6.5-30.0	50.0-100.0	0.000-1.571	0.008	0.088	2625.0	2608.0	2191.46	49.2951	416.464	25.5948	-0.505199	0.200115	-0.05	0.0	0.410903	0.0	3.09272	0.0	0.0490027	0.0	0.0249004	0.00093934	0.03	0.0	1.492	0.0	5.0	0.0	1.733	0.0	0.0367688	0.000187373	3.69533e-05	0.0259228	0.336923	0.0166263	0.19482	0.0	0.00388614	0.0	0.00238604	0.000852429	1.71004	0.0	0.855948	0.0234435	1.0	17146.4	1.0	0.000386438	0.441807	1.47482	0.0705844	13701.1	0.243782	0.215651	0.164257	0.000496283	-5777.8	4.0	5.81556e-07	-21095.0	4.0	4.29066e-06	1.0	1637.27	45.3908	554.192	29.3148	0.252887	0.0121071	1076.85	7.50198	
0.0-2.4	6.5-30.0	50.0-55.0	0.000-1.571	0.008	0.08	926.0	917.0	755.447	29.1125	161.508	15.9258	-0.257058	0.317482	-0.05	0.0	0.410903	0.0	3.09272	0.0	0.0490027	0.0	0.0260694	0.00161401	0.03	0.0	1.492	0.0	5.0	0.0	1.733	0.0	0.0372431	0.000332774	1.00002e-05	2.73951e-05	0.258122	0.0238545	0.19482	0.0	0.00388614	0.0	0.00100941	0.0016771	1.71004	0.0	0.982845	0.0493322	0.991039	30.867	0.997844	2.4942	0.512873	4.51195	0.0709216	29.506	0.218094	0.420624	0.0705889	5.54932e-05	-2069.9	4.0	2.99429e-05	-6408.99	4.0	3.72082e-06	1.0	580.034	27.9164	175.413	18.0383	0.232198	0.0221375	1160.81	16.8157	
0.0-2.4	6.5-30.0	50.0-60.0	0.000-1.571	0.008	0.08	1484.0	1471.0	1226.62	37.0543	244.323	19.7682	-0.334953	0.260009	-0.05	0.0	0.410903	0.0	3.09272	0.0	0.0490027	0.0	0.0265058	0.00127942	0.03	0.0	1.492	0.0	5.0	0.0	1.733	0.0	0.0374241	0.000266906	1.00002e-05	2.73951e-05	0.236826	0.0171212	0.19482	0.0	0.00388614	0.0	0.00241259	0.0012265	1.71004	0.0	0.909503	0.0344665	1.0	44.9629	1.0	0.0903671	0.524394	0.0749126	0.0713341	74.2158	0.285062	0.0380875	0.0705276	2.56437e-05	-3350.87	4.0	1.46228e-06	-10994.1	4.0	3.85304e-06	1.0	933.489	35.4933	293.131	23.3022	0.238975	0.017572	1111.64	11.3527	
0.0-2.4	6.5-30.0	55.0-60.0	0.000-1.571	0.008	0.073	558.0	551.0	469.462	22.8518	81.5834	11.5889	-0.503456	0.454047	-0.05	0.0	0.410903	0.0	3.09272	0.0	0.0490027	0.0	0.0270856	0.00215574	0.03	0.0	1.492	0.0	5.0	0.0	1.733	0.0	0.0376678	0.000456585	3.34445e-05	6.9324e-05	0.205161	0.0240057	0.19482	0.0	0.00388614	0.0	0.00412393	0.00175669	1.71004	0.0	0.806924	0.0470916	0.999993	0.659688	0.999998	0.399432	0.465646	0.0654474	0.0706149	0.791092	0.392209	0.0598028	0.0704938	1.35207e-09	-1288.64	4.0	5.18545e-05	-3593.45	4.0	2.535e-05	1.0	353.0	21.8827	116.463	14.6881	0.248076	0.0288628	1045.93	14.6263	
0.0-2.4	6.5-30.0	60.0-100.0	0.000-1.571	0.008	0.088	1141.0	1132.0	959.035	32.4063	172.987	16.2523	-0.753067	0.311899	-0.05	0.0	0.410903	0.0	3.09272	0.0	0.0490027	0.0	0.0223517	0.00130621	0.03	0.0	1.492	0.0	5.0	0.0	1.733	0.0	0.0357911	0.000240275	3.69533e-05	0.0259228	0.427719	0.0288483	0.19482	0.0	0.00388614	0.0	0.00232444	0.00117774	1.71004	0.0	0.777989	0.0308362	0.88166	0.255593	0.991034	1.18162	0.281382	0.379829	0.0705315	3.88595e-08	0.219656	0.0663188	0.0975151	10.1005	-2453.63	4.0	2.54206e-05	-8278.61	4.0	5.16224e-07	1.0	683.857	28.7608	275.178	19.4851	0.286932	0.0178547	1028.13	9.39399	
0.0-2.4	6.5-30.0	60.0-70.0	0.000-1.571	0.008	0.088	758.0	750.0	642.981	26.3821	107.108	12.6543	-0.816347	0.396356	-0.05	0.0	0.410903	0.0	3.09272	0.0	0.0490027	0.0	0.0195043	0.00125458	0.03	0.0	1.492	0.0	5.0	0.0	1.733	0.0	0.0347964	0.000207134	3.69533e-05	0.0259228	0.478609	0.0372735	0.19482	0.0	0.00388614	0.0	0.00242131	0.00143439	1.71004	0.0	0.756684	0.0379825	0.891862	0.941903	0.801312	0.232709	0.363951	0.270353	0.0704425	1.46413	0.215562	0.0192489	0.0704497	1.91148e-08	-1622.65	4.0	2.5287e-06	-5224.42	4.0	3.03268e-05	1.0	441.806	22.9314	201.175	16.2902	0.312878	0.0218421	1015.24	11.397	
0.0-2.4	6.5-30.0	70.0-100.0	0.000-1.571	0.016	0.073	383.0	380.0	314.243	18.7362	65.7279	10.1261	-0.661517	0.500251	-0.05	0.0	0.410903	0.0	3.09272	0.0	0.0490027	0.0	0.0275545	0.00247842	0.03	0.0	1.492	0.0	5.0	0.0	1.733	0.0	0.0378676	0.000531197	3.69173e-05	0.0282483	0.287866	0.0378491	0.19482	0.0	0.00388614	0.0	0.00225109	0.00215926	1.71004	0.0	0.826768	0.0573704	0.855543	0.782196	0.999999	0.69184	2.25709e-05	0.673128	0.0704426	0.1006	0.160858	0.0823664	0.0737921	0.000357892	-837.932	4.0	2.61119e-06	-2322.58	4.0	7.08162e-06	1.0	236.134	17.3395	78.1098	11.1413	0.248565	0.0322082	1058.34	18.0431	
0.0-2.4	6.5-7.5	0.0-100.0	0.000-1.571	0.016	0.16	19449.0	19445.0	8237.6	136.27	11207.4	146.732	-0.0541471	0.0380815	-0.05	0.0	0.617168	0.0482203	3.08991	0.000554771	0.0291736	0.00110372	0.0664262	0.00514229	0.03	0.0	1.492	0.0	5.0	0.0	1.733	0.0	0.0470584	0.00167554	8.17783e-05	0.000350179	0.23114	0.00790647	0.206936	0.0943215	0.00999971	0.0031414	0.00346503	0.000470852	1.88995	0.200823	0.983459	0.0104674	0.516295	0.0246329	0.798777	0.0288492	0.673778	0.0155788	0.0706317	1.96087e-08	0.263584	0.018633	0.420643	0.0389104	-25073.6	4.0	3.23306e-07	-180281.0	7.0	3.23809e-05	1.0	6526.03	123.98	1711.57	67.2178	0.207775	0.00740067	1227.27	59.4945	
0.0-2.4	6.5-8.0	0.0-100.0	0.000-1.571	0.016	0.16	26340.0	26333.0	11870.2	156.406	14462.9	164.469	-0.0958548	0.0338311	-0.05	0.0	0.392219	0.0576426	3.09208	0.000449419	0.0509572	0.00258528	0.0278849	0.00107836	0.03	0.0	1.492	0.0	5.0	0.0	1.733	0.0	0.038614	0.000982098	2.99332e-05	0.00458551	0.321237	0.0079437	0.247328	0.092515	0.00999999	0.0035556	0.00294679	0.000404023	1.76918	0.144226	0.940747	0.00928353	0.543652	0.0242159	0.834991	0.0220116	0.633364	0.0145335	0.0706292	1.56772e-08	0.237959	0.01297	0.402831	0.0342999	-34236.4	4.0	2.51271e-06	-253425.0	7.0	2.61818e-05	1.0	9194.46	138.587	2675.79	75.9754	0.22542	0.00566959	1200.11	50.703	
0.0-2.4	6.5-8.5	0.0-100.0	0.000-1.571	0.016	0.16	31589.0	31504.0	15000.0	166.588	16504.1	171.032	-0.119264	0.0313967	-0.05	0.0	0.392256	0.042534	3.09189	0.000382914	0.051511	0.00207406	0.0265875	0.000834868	0.03	0.0	1.492	0.0	5.0	0.0	1.733	0.0	0.038346	0.000787961	7.56762e-05	0.000240875	0.346504	0.00761785	0.226798	0.0773955	0.00999999	0.00269626	0.00304416	0.000356974	1.75627	0.126619	0.955508	0.00844971	0.558992	0.0220488	0.854096	0.0195056	0.629406	0.0132287	0.0706026	1.64059e-09	0.270163	0.0107392	0.391496	0.0329253	-41857.7	4.0	7.58417e-06	-310075.0	7.0	2.67206e-05	1.0	11564.0	148.255	3436.05	83.3195	0.22907	0.0049378	1185.53	41.4175	
0.0-2.4	7.5-8.5	0.0-100.0	0.000-1.571	0.008	0.184	12140.0	12140.0	6912.96	103.23	5227.09	94.7103	-0.344275	0.0560804	-0.05	0.0	0.472014	0.0592458	3.09238	0.000529687	0.0479006	0.00194251	0.0242343	0.00137666	0.03	0.0	1.492	0.0	5.0	0.0	1.733	0.0	0.0373244	0.000927785	8.69412e-05	0.000593911	0.437223	0.0120528	0.237333	0.116679	0.00999999	0.0164169	0.00185504	0.000546075	1.6166	0.148917	0.925366	0.0141624	0.638417	0.0341233	0.851609	0.0268003	0.551676	0.0228935	0.0706098	3.94158e-07	0.259446	0.0138839	0.440121	0.0505619	-16839.9	4.0	4.03908e-05	-109841.0	7.0	2.96604e-05	1.0	5039.91	89.8627	1873.05	56.5116	0.270947	0.00710324	1128.42	52.1887	
0.0-2.4	8.0-10.0	0.0-100.0	0.000-1.571	0.008	0.184	14048.0	14048.0	8979.08	114.415	5069.37	95.7686	-0.250202	0.0565809	-0.05	0.0	0.395298	0.0379211	3.09346	0.000422182	0.0506171	0.00221806	0.0232192	0.000773413	0.03	0.0	1.492	0.0	5.0	0.0	1.733	0.0	0.0365896	0.000815198	8.20597e-05	0.000220638	0.372025	0.00885037	0.223708	0.161679	0.000490489	0.00440365	0.002018	0.00045896	1.60773	0.189825	0.926607	0.0124905	0.791396	0.037253	0.875197	0.023253	0.586892	0.0205589	0.070509	5.96969e-07	0.33053	0.015109	0.521916	0.0674608	-21546.7	4.0	5.92219e-07	-131038.0	7.0	3.22242e-05	1.0	6331.81	98.9625	2647.27	66.4963	0.294826	0.00638206	1115.69	69.7371	
0.0-2.4	8.5-9.5	0.0-100.0	0.000-1.571	0.008	0.12	6463.0	6453.0	4140.64	78.0702	2312.41	65.2755	-0.158972	0.0837367	-0.05	0.0	0.492823	0.0730106	3.09497	0.000614518	0.0417218	0.00239759	0.0232413	0.00118721	0.03	0.0	1.492	0.0	5.0	0.0	1.733	0.0	0.0336425	0.00100216	6.95629e-05	0.856416	0.331025	0.010557	0.195257	0.140777	-0.00999932	0.0168172	0.00163524	0.000653584	1.55521	0.187671	0.896151	0.0175435	0.943121	0.126931	0.655532	0.157774	0.507504	0.0387761	0.0707682	2.02042e-06	0.305885	0.0215669	0.0705314	8.93411e-10	-10456.4	4.0	2.10363e-07	-55427.1	7.0	1.75803e-05	1.0	2789.07	66.1413	1351.57	47.5258	0.326417	0.00968838	1057.61	60.4321	
0.0-2.4	9.5-11.0	0.0-100.0	0.000-1.571	0.008	0.136	5454.0	5452.0	3828.2	72.6327	1623.82	55.4162	-0.310064	0.101597	-0.05	0.0	0.380813	0.0635541	3.09284	0.000622234	0.0482874	0.0030152	0.0237078	0.00136076	0.03	0.0	1.492	0.0	5.0	0.0	1.733	0.0	0.0351561	0.00115851	1.00134e-05	0.000394123	0.343139	0.0123151	0.411816	0.288493	0.0022233	0.00388478	0.000146776	0.000713082	1.51553	0.180886	0.72918	0.0202842	0.962259	0.0348755	0.565264	0.289913	0.351471	0.338658	0.210585	0.199839	0.383932	0.0265093	0.0706843	0.104249	-9609.97	4.0	1.46868e-06	-46432.1	7.0	1.29061e-05	1.0	2714.9	63.2205	1113.29	42.305	0.290814	0.00957485	1121.88	124.191	
0.4-0.8	6.5-30.0	0.0-100.0	0.000-1.571	0.008	0.073	6440.0	6440.0	4336.23	74.6363	2103.79	57.7754	0.0486778	0.0879164	-0.05	0.0	0.530966	0.0564714	3.09276	0.000437183	0.0179827	0.00076905	0.0368775	0.00257417	0.03	0.0	1.492	0.0	5.0	0.0	1.733	0.0	0.0284529	0.00094519	1.07909e-05	6.48731e-06	0.480933	0.0136683	0.164736	0.163076	-0.00113548	0.00593586	-0.000463089	0.000585487	1.82366	0.359661	0.942049	0.0175442	0.766143	0.0432757	0.829166	0.0376685	0.498496	0.0278152	0.0706027	7.64372e-09	0.277857	0.0266204	0.483758	0.0897077	-10365.0	4.0	5.44698e-07	-56388.6	7.0	9.18874e-06	1.0	2755.2	61.2437	1581.03	47.3537	0.364609	0.00893713	1135.4	99.8323	
0.8-1.2	6.5-30.0	0.0-100.0	0.000-1.571	0.008	0.105	9414.0	9409.0	5371.55	94.0544	4037.37	86.6681	0.0119368	0.0669258	-0.05	0.0	0.443663	0.0939916	3.09235	0.000564035	0.0328622	0.00400535	0.0306265	0.00360114	0.03	0.0	1.492	0.0	5.0	0.0	1.733	0.0	0.0316379	0.00134282	3.76156e-05	0.000218351	0.305829	0.00948235	0.510138	0.279061	0.00698866	0.00378923	-0.000389955	0.00066768	1.44442	0.131788	0.740806	0.0181927	0.584886	0.0334994	0.927586	0.0266035	0.574493	0.0248359	0.0705092	2.59047e-09	0.230867	0.0156105	0.336893	0.0896528	-15457.9	4.0	1.66248e-05	-83158.2	7.0	6.2807e-06	1.0	3889.73	81.1048	1481.82	51.1125	0.275865	0.00819824	1154.62	102.017	
1.2-1.6	6.5-30.0	0.0-10.0	0.000-1.571	0.008	0.136	4920.0	4915.0	2069.03	55.5987	2846.09	62.1923	-0.0205227	0.0729872	-0.05	0.0	0.556844	0.0	3.09259	0.0	0.0432084	0.0	0.0328858	0.00200065	0.03	0.0	1.492	0.0	5.0	0.0	1.733	0.0	0.0389727	0.000374063	2.31047e-05	0.000294422	0.36393	0.0178923	0.103775	0.0	0.00999984	0.0	0.00263783	0.000740521	2.09199	0.0	0.875287	0.0192133	0.999998	0.683682	0.292536	0.0377343	0.47009	0.0484908	0.0706252	2.90028e-05	0.439187	0.036584	0.0803078	0.0075443	-5831.83	4.0	5.84038e-05	-38852.9	4.0	5.06874e-05	1.0	1444.61	48.7728	624.422	33.9616	0.301795	0.014271	1068.08	7.05564	
1.2-1.6	6.5-30.0	0.0-100.0	0.000-1.571	0.008	0.136	12215.0	12200.0	6439.18	110.05	5760.91	106.905	-0.163006	0.0556333	-0.05	0.0	0.556844	0.0978053	3.09259	0.000662781	0.0432084	0.00205823	0.0338023	0.00236622	0.03	0.0	1.492	0.0	5.0	0.0	1.733	0.0	0.0393186	0.000895922	2.31047e-05	0.000294422	0.343046	0.01013	0.103775	0.0507441	0.00999984	0.0195355	0.00201486	0.000459679	2.09199	0.256609	0.931066	0.011783	0.943436	0.0545159	0.417698	0.0520571	0.492003	0.0678725	0.179657	0.0704836	0.389816	0.0209696	0.0708125	0.0150657	-17052.2	4.0	7.44402e-07	-109311.0	7.0	5.92677e-06	1.0	4685.2	94.3986	1753.98	58.2918	0.272392	0.00776392	1109.54	47.5397	
1.2-1.6	6.5-30.0	10.0-20.0	0.000-1.571	0.008	0.128	2739.0	2731.0	1422.07	45.8955	1308.88	44.644	-0.204377	0.108311	-0.05	0.0	0.556844	0.0	3.09259	0.0	0.0432084	0.0	0.039178	0.00342718	0.03	0.0	1.492	0.0	5.0	0.0	1.733	0.0	0.0414707	0.000717406	2.94195e-05	0.000284662	0.230546	0.0141637	0.103775	0.0	0.00999984	0.0	0.00284778	0.00105179	2.09199	0.0	1.00803	0.0262579	0.5873	0.0726205	0.999998	0.674458	0.637027	0.0470343	0.0974005	0.017262	0.211702	0.0229912	0.152742	1.76728	-4080.1	4.0	2.99071e-05	-20297.2	4.0	5.93651e-06	1.0	997.64	41.7068	424.429	29.8397	0.298459	0.0186418	1168.26	10.1526	
1.2-1.6	6.5-30.0	20.0-30.0	0.000-1.571	0.008	0.105	2069.0	2064.0	1273.09	40.4	790.924	33.9116	-0.0671382	0.139975	-0.05	0.0	0.556844	0.0	3.09259	0.0	0.0432084	0.0	0.0364189	0.00265712	0.03	0.0	1.492	0.0	5.0	0.0	1.733	0.0	0.0403408	0.000531521	1.00889e-05	0.00459463	0.482869	0.0283486	0.103775	0.0	0.00999984	0.0	-0.00181796	0.00104364	2.09199	0.0	0.976583	0.0248635	0.995715	1.05387	0.780696	0.146485	0.690046	0.0316678	0.201849	1.2399	0.153739	0.0135054	0.0704584	1.1117e-08	-3300.33	4.0	1.0548e-05	-15110.8	4.0	3.88276e-06	1.0	900.083	35.1538	373.005	23.6654	0.292992	0.0160966	1144.07	9.51053	
1.2-1.6	6.5-30.0	30.0-40.0	0.000-1.571	0.008	0.12	1228.0	1220.0	693.448	29.9546	526.499	27.0257	-0.283336	0.170834	-0.05	0.0	0.556844	0.0	3.09259	0.0	0.0432084	0.0	0.0296468	0.00319405	0.03	0.0	1.492	0.0	5.0	0.0	1.733	0.0	0.0378036	0.000555026	1.72747e-05	0.00459133	0.24505	0.0304319	0.103775	0.0	0.00999984	0.0	0.005232	0.00134561	2.09199	0.0	0.885163	0.0347635	0.896736	0.102129	0.699022	0.197479	0.323348	0.121164	0.0903907	0.0376247	0.545466	0.0580643	0.0704594	0.0287172	-1827.04	4.0	3.32249e-05	-8219.58	4.0	9.61756e-06	1.0	564.439	29.2761	129.008	17.1368	0.186039	0.0233692	1075.35	12.8229	
1.2-1.6	6.5-30.0	40.0-50.0	0.000-1.571	0.016	0.064	646.0	633.0	472.427	23.4028	160.579	15.3581	-2.0303	0.362236	-0.05	0.0	0.556844	0.0	3.09259	0.0	0.0432084	0.0	0.0331967	0.0043349	0.03	0.0	1.492	0.0	5.0	0.0	1.733	0.0	0.0390893	0.000815721	2.95545e-05	0.000300613	0.315309	0.0335536	0.103775	0.0	0.00999984	0.0	-0.00401118	0.00195398	2.09199	0.0	0.984617	0.0535711	0.999999	0.142877	0.944999	0.120324	0.454119	0.0896468	0.0705346	1.25944e-05	0.316937	0.0483656	0.109672	0.139884	-1163.73	4.0	9.85548e-05	-4058.91	4.0	3.32547e-06	1.0	344.38	21.6849	128.047	14.8134	0.27104	0.0283359	1150.23	20.5495	
1.2-1.6	6.5-30.0	50.0-100.0	0.000-1.571	0.016	0.073	610.0	605.0	497.39	23.3307	107.606	12.4313	-1.21751	0.397879	-0.05	0.0	0.556844	0.0	3.09259	0.0	0.0432084	0.0	0.0284309	0.00262403	0.03	0.0	1.492	0.0	5.0	0.0	1.733	0.0	0.0373874	0.000442141	1.01642e-05	0.000817577	0.325393	0.0359457	0.103775	0.0	0.00999984	0.0	0.0051598	0.00184251	2.09199	0.0	0.979969	0.0514729	0.999999	0.51587	0.999997	0.622412	0.460059	0.225219	0.0705819	0.000124102	0.307216	0.15272	0.0705983	7.20571e-07	-1271.39	4.0	2.98289e-05	-3985.73	4.0	8.99918e-07	1.0	384.358	21.8518	113.032	13.4378	0.22725	0.0248249	1146.67	19.7125	
1.6-2.0	6.5-30.0	0.0-100.0	0.000-1.571	0.008	0.16	12889.0	12808.0	6318.32	118.5	6489.57	119.191	-0.393723	0.0532222	-0.05	0.0	0.531959	0.105029	3.09087	0.000797381	0.0555916	0.00283379	0.0337936	0.00291198	0.03	0.0	1.492	0.0	5.0	0.0	1.733	0.0	0.0466743	0.00150028	2.61437e-05	0.00458725	0.297039	0.0102931	0.462154	0.274076	0.00485629	0.00340939	0.00311199	0.000764612	1.4787	0.146906	0.939656	0.0178132	1.0	0.00377764	0.580903	0.0366897	0.724402	0.0121404	1.21299	1.10396	0.295922	0.0192419	0.32565	0.0270962	-16219.1	4.0	9.68662e-08	-114132.0	7.0	0.000104294	1.0	4931.8	105.132	1386.52	56.3334	0.219444	0.00790913	1218.78	84.1493	
1.6-2.4	3.0-30.0	0.0-100.0	0.000-1.571	0.008	0.264	296222.0	296214.0	52073.9	369.046	244146.0	572.918	0.229482	0.00791312	-0.05	0.0	1.1874e-08	0.00162397	3.08978	0.000428093	0.0892996	0.150647	0.052	3.74489e-05	0.03	0.0	1.89	0.0	5.0	0.0	1.44	0.0	0.052	4.52089e-05	1.05692e-05	6.49144e-05	0.330439	0.00543198	0.19593	0.106578	0.00823221	0.0041731	0.00608109	0.000176546	1.71895	0.159922	0.962438	0.00259581	0.997654	0.0735497	0.709875	0.068565	0.71421	0.150549	0.0705648	2.96529e-08	0.123288	0.0848311	0.507108	0.0364495	-235131.0	4.0	1.69514e-06	-3481140.0	7.0	0.00019614	1.0	42877.2	355.5	9196.72	195.684	0.176609	0.00354324	1150.54	52.4928	
1.6-2.4	3.0-4.5	0.0-100.0	0.000-1.571	0.016	0.264	220304.0	220300.0	28597.4	42.0725	191704.0	68.4918	0.414392	0.00131953	-0.05	0.0	1.87459e-09	0.0513175	3.08987	9.46058e-05	0.0988778	0.0492641	0.0506784	8.36071e-05	0.03	0.0	1.86	0.0	5.0	0.0	1.38	0.0	0.0506784	0.00182533	8.85777e-05	0.0369611	0.321752	0.00871205	0.101357	0.069759	0.0499991	0.0925249	0.00327096	0.000210832	1.84755	0.275177	1.01023	0.00282884	0.999981	0.00154013	0.747893	0.00757556	0.649491	0.0109996	0.0996694	0.000344019	0.0900729	0.00254434	0.486969	0.0073444	-167263.0	4.0	5.95711e-05	-2520170.0	7.0	1.4098e-06	1.0	24514.3	150.437	4083.1	146.174	0.142779	0.00510711	1123.87	43.6535	
1.6-2.4	3.0-5.5	0.0-100.0	0.000-1.571	0.016	0.264	260198.0	260190.0	35153.7	760.876	225036.0	876.565	0.273912	0.00822514	-0.05	0.0	0.957088	0.0388656	3.0891	0.000546486	0.0488594	0.000802132	0.129999	0.0184774	0.03	0.0	1.86	0.0	5.0	0.0	1.38	0.0	0.0548634	0.00275776	1.55371e-05	0.00459213	0.302544	0.00786114	0.125652	0.0884483	0.0251244	0.0167426	0.0121221	0.000192937	1.92178	0.271466	1.07138	0.00262042	1.0	22357.8	0.651708	2.73572	0.839789	0.856567	0.0710007	24319.7	0.283664	1.46979	0.475394	0.170482	-198150.0	4.0	1.00645e-05	-3020530.0	7.0	7.69254e-05	1.0	30155.2	672.967	4998.54	196.443	0.142191	0.00466426	1211.48	53.772	
1.6-2.4	3.0-6.5	0.0-10.0	0.000-1.571	0.016	0.264	153198.0	153190.0	16760.8	277.705	136428.0	443.585	0.206048	0.0104781	-0.05	0.0	4.44091e-07	0.0	3.08972	0.0	0.0597689	0.0	0.0489087	0.000772387	0.03	0.0	1.86	0.0	5.0	0.0	1.38	0.0	0.0489087	0.000386193	1.3729e-05	0.00459296	0.238763	0.010999	0.173641	0.0	0.0248856	0.0	0.0118777	0.000269254	1.74699	0.0	1.06537	0.00373476	1.0	0.0487154	0.633312	0.0736695	0.831598	0.018976	0.0710188	5.97074e-07	0.385559	0.0340847	0.393252	0.0505905	-104451.0	4.0	5.51237e-06	-1695200.0	4.0	1.11286e-05	1.0	14054.9	273.305	2705.87	149.921	0.16144	0.00853544	1211.56	1.35693	
1.6-2.4	3.0-6.5	0.0-100.0	0.000-1.571	0.016	0.264	279000.0	278992.0	42571.3	2.3803	236420.0	3.82945	0.255106	5.9967e-05	-0.05	0.0	4.44091e-07	0.116159	3.08972	3.58285e-06	0.0597689	0.735395	0.0500831	3.31794e-06	0.03	0.0	1.86	0.0	5.0	0.0	1.38	0.0	0.0500831	0.000616943	1.3729e-05	0.00459296	0.293278	0.00682646	0.173641	0.119565	0.0248856	0.0127773	0.0110872	0.000190303	1.74699	0.202734	1.04575	0.00267125	0.949025	0.135761	0.651968	0.0488478	0.830876	0.018152	0.0707127	0.0653632	0.29104	0.0085011	0.449104	0.0148377	-215805.0	4.0	1.27534e-05	-3259340.0	7.0	0.00705811	1.0	36262.1	180.782	6309.22	180.771	0.148203	0.0042463	1197.35	55.2333	
1.6-2.4	3.0-6.5	0.0-20.0	0.000-1.571	0.016	0.264	228453.0	228445.0	28614.5	352.596	199830.0	543.609	0.248046	0.00866626	-0.05	0.0	4.44091e-07	0.0	3.08972	0.0	0.0597689	0.0	0.0491632	0.000615965	0.03	0.0	1.86	0.0	5.0	0.0	1.38	0.0	0.0491632	0.000307982	1.3729e-05	0.00459296	0.2592	0.00844596	0.173641	0.0	0.0248856	0.0	0.0126008	0.000215546	1.74699	0.0	1.06373	0.00298106	0.946991	0.152955	0.64797	0.0550146	0.841279	0.0183456	0.0710865	0.0727704	0.341054	0.00806907	0.435195	0.0154579	-170082.0	4.0	8.84596e-06	-2620690.0	4.0	7.48468e-06	1.0	24405.6	342.798	4208.89	172.51	0.147089	0.00574985	1210.37	1.08249	
1.6-2.4	3.0-6.5	10.0-20.0	0.000-1.571	0.016	0.209	75254.0	75111.0	11995.8	218.059	63114.7	314.077	0.350144	0.0154635	-0.05	0.0	4.44091e-07	0.0	3.08972	0.0	0.0597689	0.0	0.0503179	0.00100216	0.03	0.0	1.86	0.0	5.0	0.0	1.38	0.0	0.0503179	0.000501082	1.37782e-05	0.00459294	0.317808	0.0119884	0.173641	0.0	0.0248856	0.0	0.00809363	0.0003529	1.74699	0.0	0.983666	0.00488203	0.881982	0.0276049	0.793679	0.0152554	0.71576	0.0188993	0.0707016	4.13078e-07	0.0976533	0.00609871	0.503434	0.0183117	-66419.4	4.0	9.94052e-07	-779290.0	4.0	8.92742e-06	1.0	10286.0	204.396	1709.76	88.2197	0.14253	0.00688274	1153.05	1.72083	
1.6-2.4	3.0-6.5	20.0-30.0	0.000-1.571	0.016	0.192	27550.0	27544.0	6222.31	137.675	21321.8	184.53	0.215824	0.0267006	-0.05	0.0	4.44091e-07	0.0	3.08972	0.0	0.0597689	0.0	0.0584443	0.00122978	0.03	0.0	1.86	0.0	5.0	0.0	1.38	0.0	0.0584443	0.000614887	1.37746e-05	0.00459294	0.290264	0.013438	0.173641	0.0	0.0248856	0.0	-0.00447275	0.000570914	1.74699	0.0	0.917855	0.00853121	0.965327	0.0304786	0.799202	0.0193258	0.524131	0.0334725	0.0713912	1.52734e-06	0.0769463	0.00387059	0.433362	0.0206788	-24219.5	4.0	5.21602e-08	-258761.0	4.0	1.43682e-05	1.0	5100.08	131.172	1122.23	71.3358	0.180356	0.0107476	1107.3	2.92184	
1.6-2.4	3.0-6.5	20.0-40.0	0.000-1.571	0.016	0.192	40530.0	40516.0	9789.02	167.922	30727.0	221.659	0.236352	0.0222455	-0.05	0.0	4.44091e-07	0.0	3.08972	0.0	0.0597689	0.0	0.0549999	0.000963962	0.03	0.0	1.86	0.0	5.0	0.0	1.38	0.0	0.0549999	0.000481981	1.37746e-05	0.00459294	0.343204	0.0121386	0.173641	0.0	0.0248856	0.0	-0.00194709	0.000456997	1.74699	0.0	0.906483	0.00686796	0.909591	0.0289009	0.815273	0.0163318	0.569622	0.0237259	0.0706724	4.70601e-08	0.0846374	0.00365184	0.410925	0.0188835	-36432.0	4.0	3.31224e-06	-396819.0	4.0	4.27115e-06	1.0	8050.3	157.297	1738.72	81.0034	0.177619	0.00769355	1099.53	2.33947	
1.6-2.4	3.0-6.5	30.0-40.0	0.000-1.571	0.016	0.152	12980.0	12798.0	3445.48	90.5163	9352.85	118.731	0.323461	0.0403182	-0.05	0.0	4.44091e-07	0.0	3.08972	0.0	0.0597689	0.0	0.0455077	0.00127897	0.03	0.0	1.86	0.0	5.0	0.0	1.38	0.0	0.0455077	0.000639485	1.3843e-05	0.00459291	0.443658	0.0238472	0.173641	0.0	0.0248856	0.0	0.0027404	0.000770706	1.74699	0.0	0.900318	0.011359	0.747629	0.0454075	0.992848	0.915039	0.690054	0.0515283	0.101871	0.0480797	0.137249	0.0206614	0.21521	0.277731	-12924.5	4.0	6.75729e-05	-111080.0	4.0	9.40262e-06	1.0	2834.81	83.8227	610.668	41.6812	0.177238	0.0111654	1095.34	3.85767	
1.6-2.4	3.0-6.5	40.0-100.0	0.000-1.571	0.016	0.168	10016.0	10011.0	4254.46	84.7532	5756.52	93.1926	0.594801	0.0523607	-0.05	0.0	4.44091e-07	0.0	3.08972	0.0	0.0597689	0.0	0.0464576	0.000851546	0.03	0.0	1.86	0.0	5.0	0.0	1.38	0.0	0.0464576	0.000425773	1.33924e-05	0.00459311	0.314372	0.0164816	0.173641	0.0	0.0248856	0.0	0.00730552	0.000794603	1.74699	0.0	0.858267	0.0119016	0.999976	0.193014	0.715887	0.0583721	0.737831	0.0182473	0.070809	1.00854e-05	0.283027	0.0185605	0.221483	0.0406979	-11168.1	4.0	2.39345e-05	-85868.0	4.0	2.97054e-07	1.0	3501.89	83.6096	752.568	48.4633	0.176889	0.0108324	1067.08	3.95519	
1.6-2.4	3.0-6.5	40.0-50.0	0.000-1.571	0.016	0.145	5981.0	5936.0	2081.81	61.8301	3854.17	74.7993	0.704213	0.0638361	-0.05	0.0	4.44091e-07	0.0	3.08972	0.0	0.0597689	0.0	0.0439928	0.00120799	0.03	0.0	1.86	0.0	5.0	0.0	1.38	0.0	0.0439928	0.000603996	1.39771e-05	0.00459285	0.303648	0.024831	0.173641	0.0	0.0248856	0.0	0.0107016	0.00101419	1.74699	0.0	0.835164	0.0171478	0.709674	0.223981	0.931795	0.061141	0.754825	0.159109	0.0708703	1.15236e-07	0.28722	0.0809957	0.274581	0.149445	-6340.82	4.0	2.31433e-07	-47444.4	4.0	7.82461e-07	1.0	1747.3	60.4534	334.508	32.5609	0.160681	0.0148949	1051.82	5.6257	
1.6-2.4	3.0-6.5	50.0-100.0	0.000-1.571	0.016	0.168	4035.0	4035.0	2199.67	57.8003	1835.39	54.5576	0.484623	0.093618	-0.05	0.0	4.44091e-07	0.0	3.08972	0.0	0.0597689	0.0	0.0495489	0.00121811	0.03	0.0	1.86	0.0	5.0	0.0	1.38	0.0	0.0495489	0.000609057	1.33924e-05	0.00459311	0.302296	0.0184095	0.173641	0.0	0.0248856	0.0	0.00476367	0.00128156	1.74699	0.0	0.865971	0.0174297	0.999991	0.090465	0.665704	0.0741457	0.717512	0.02626	0.070443	1.87615e-07	0.183906	0.0197201	0.245163	0.0378129	-5048.13	4.0	4.30601e-06	-31431.0	4.0	1.81075e-06	1.0	1690.18	57.5885	509.488	39.028	0.23162	0.0166662	1072.21	5.81636	
1.6-2.4	4.5-5.5	0.0-100.0	0.000-1.571	0.016	0.192	39893.0	39800.0	8450.87	228.187	31347.5	273.634	-0.405596	0.0245334	-0.05	0.0	0.445724	0.298995	3.08665	0.000907375	0.0460488	0.00454854	0.0509501	0.0048397	0.03	0.0	1.86	0.0	5.0	0.0	1.38	0.0	0.0488263	0.00184462	2.24592e-05	0.000300031	0.396254	0.0130679	0.168306	0.155053	0.0139897	0.0158776	0.00833546	0.000435981	1.94031	0.379299	1.03378	0.00682087	0.991301	0.730854	0.593615	0.055331	0.842634	0.0109395	0.0713674	0.198125	0.427072	0.0181029	0.360721	0.0256394	-32211.8	4.0	4.75844e-06	-388904.0	7.0	0.000316511	1.0	6623.87	191.172	1827.0	83.6136	0.216191	0.00798852	1233.88	98.4842	
1.6-2.4	5.5-6.5	0.0-100.0	0.000-1.571	0.016	0.168	18801.0	18768.0	5304.88	3.85404	13463.1	5.29043	-0.532018	0.00142326	-0.05	0.0	1.0	0.00402541	3.09314	4.43418e-05	0.0503901	3.82624e-05	0.0157648	0.076182	0.03	0.0	1.86	0.0	5.0	0.0	1.38	0.0	0.0503901	4.9586e-05	1.49587e-05	0.00459239	0.259705	0.0121516	0.433557	0.413492	0.016385	0.017632	0.00840555	0.000755713	1.45242	0.194727	0.870473	0.0141998	0.504474	0.0697821	0.853845	0.0611411	0.673579	0.0422631	0.0707526	0.0176992	0.319282	0.0161938	0.21884	0.0415157	-18668.9	4.0	1.75047e-05	-170289.0	7.0	3.03609e-06	1.0	4359.76	50.2747	945.126	50.1796	0.178162	0.00945824	1159.22	131.672	
1.6-2.4	6.5-30.0	0.0-10.0	0.000-1.571	0.008	0.184	6881.0	6881.0	2850.68	67.58	4030.31	75.8058	-0.478398	0.0622064	-0.05	0.0	0.669834	0.0	3.09072	0.0	0.0570495	0.0	0.031812	0.00249085	0.03	0.0	1.492	0.0	5.0	0.0	1.733	0.0	0.0501418	0.00026088	6.70809e-05	0.00017923	0.351855	0.0200306	0.211707	0.0	0.00199102	0.0	0.00475639	0.000887527	1.6767	0.0	1.12495	0.020318	0.73582	0.0648899	0.729746	0.0637921	0.669309	0.0258255	0.0818844	0.0191561	0.330905	0.0245384	0.410217	0.0562295	-6909.99	4.0	1.35023e-05	-56326.8	4.0	3.27841e-06	1.0	2324.09	63.7771	526.583	34.4634	0.184722	0.0112686	1262.05	7.13829	
1.6-2.4	6.5-30.0	0.0-100.0	0.000-1.571	0.008	0.152	17222.0	17135.0	8601.14	141.373	8534.11	141.095	-0.422107	0.0458406	-0.05	0.0	0.669834	0.0875117	3.09072	0.00070357	0.0570495	0.00228566	0.0307693	0.00353186	0.03	0.0	1.492	0.0	5.0	0.0	1.733	0.0	0.0499265	0.00138457	2.77437e-05	0.00458652	0.274418	0.00815446	0.211707	0.175346	0.00199102	0.00574194	0.00396735	0.000490702	1.6767	0.235346	0.979904	0.0111875	0.767239	0.0395193	0.796801	0.0358588	0.665208	0.0177075	0.0705615	4.38576e-07	0.258976	0.0125388	0.377274	0.0383102	-22306.5	4.0	5.08249e-07	-157706.0	7.0	1.04198e-05	1.0	6652.18	124.978	1948.96	68.489	0.226593	0.00703808	1162.8	78.5758	
1.6-2.4	6.5-30.0	10.0-20.0	0.000-1.571	0.008	0.16	4277.0	4277.0	2059.66	55.5478	2217.36	56.9474	-0.33294	0.0836779	-0.05	0.0	0.669834	0.0	3.09072	0.0	0.0570495	0.0	0.0325719	0.0031689	0.03	0.0	1.492	0.0	5.0	0.0	1.733	0.0	0.0503026	0.000338737	2.91966e-05	0.00458585	0.220725	0.0132987	0.211707	0.0	0.00199102	0.0	0.00161843	0.00102621	1.6767	0.0	0.989632	0.0218234	1.0	0.199699	0.72858	0.0629578	0.669729	0.0340148	0.0704419	7.56548e-07	0.147514	0.0167396	0.23502	0.0405359	-5863.57	4.0	0.00023942	-33297.6	4.0	1.82807e-05	1.0	1569.45	53.8615	490.213	35.8366	0.238007	0.016172	1169.28	7.28009	
1.6-2.4	6.5-30.0	20.0-30.0	0.000-1.571	0.008	0.152	2741.0	2741.0	1500.74	44.8197	1240.34	41.8136	-0.443909	0.112326	-0.05	0.0	0.669834	0.0	3.09072	0.0	0.0570495	0.0	0.0262285	0.0024826	0.03	0.0	1.492	0.0	5.0	0.0	1.733	0.0	0.0490633	0.000219091	2.77437e-05	0.00458652	0.298216	0.0184607	0.211707	0.0	0.00199102	0.0	0.00332644	0.00105458	1.6767	0.0	0.842662	0.0254254	0.881953	0.0742228	0.573917	0.098158	0.594338	0.05247	0.64667	0.168686	0.0705071	5.1703e-07	0.407885	0.0550661	-3867.7	4.0	1.09229e-06	-20417.6	4.0	5.09206e-06	1.0	1111.51	41.1474	389.238	26.9503	0.259363	0.0162016	1074.68	7.85781	
1.6-2.4	6.5-30.0	30.0-40.0	0.000-1.571	0.008	0.12	1641.0	1638.0	1005.9	36.0825	632.031	30.465	-0.532453	0.158675	-0.05	0.0	0.669834	0.0	3.09072	0.0	0.0570495	0.0	0.0265747	0.00300154	0.03	0.0	1.492	0.0	5.0	0.0	1.733	0.0	0.0491247	0.00026805	7.90451e-05	0.000185159	0.199441	0.0151157	0.211707	0.0	0.00199102	0.0	0.00184307	0.00138049	1.6767	0.0	0.857839	0.0302511	1.0	0.0253027	0.991656	0.583318	0.743061	0.0923917	0.0704415	2.43367e-07	0.314863	0.0364179	0.070918	4.23935	-2661.5	4.0	0.00604765	-11506.0	4.0	4.59234e-06	1.0	694.788	34.5941	311.116	26.4606	0.30929	0.0238512	1084.1	9.43486	
1.6-2.4	6.5-30.0	40.0-50.0	0.000-1.571	0.008	0.136	895.0	894.0	590.038	26.9166	303.872	20.9372	-0.967179	0.233661	-0.05	0.0	0.669834	0.0	3.09072	0.0	0.0570495	0.0	0.030858	0.00350183	0.03	0.0	1.492	0.0	5.0	0.0	1.733	0.0	0.0499446	0.000357171	6.70209e-05	0.882424	0.248308	0.02509	0.211707	0.0	0.00199102	0.0	0.000617155	0.00150389	1.6767	0.0	0.658121	0.0347926	0.787692	24.4693	0.67898	21.9518	0.308254	5.65523	0.0706578	21.7228	0.299673	0.471795	0.0704907	3.15118e-05	-1508.58	4.0	4.48661e-05	-5804.51	4.0	1.27261e-05	1.0	438.401	25.3137	151.637	16.9902	0.256995	0.0263005	967.784	9.32551	
1.6-2.4	6.5-30.0	50.0-100.0	0.000-1.571	0.008	0.088	784.0	770.0	605.54	26.7272	164.567	16.5345	-0.171893	0.313961	-0.05	0.0	0.669834	0.0	3.09072	0.0	0.0570495	0.0	0.04354	0.00550945	0.03	0.0	1.492	0.0	5.0	0.0	1.733	0.0	0.0529715	0.000747579	7.21792e-05	0.000182081	0.208946	0.0241201	0.211707	0.0	0.00199102	0.0	0.00384549	0.00193257	1.6767	0.0	0.814497	0.0429189	0.795794	13.5013	0.834096	15.6726	0.240748	0.359688	0.0704579	1.44664	0.231592	1.07084	0.0704695	5.45978e-09	-1532.23	4.0	6.18895e-06	-5026.83	4.0	6.86425e-05	1.0	476.312	26.3997	129.229	16.9558	0.21341	0.0263692	1057.42	13.0301	
2.0-2.4	6.5-30.0	0.0-100.0	0.000-1.571	0.008	0.152	4332.0	4331.0	2344.42	64.9353	1986.75	62.1133	-0.504018	0.0917579	-0.05	0.0	0.852315	0.0536947	3.09102	0.00149435	0.0628929	0.00294099	0.0231815	0.00412485	0.03	0.0	1.492	0.0	5.0	0.0	1.733	0.0	0.0587428	0.0015573	7.87116e-05	0.000484264	0.221069	0.0127999	0.0616687	0.0610904	-0.00999983	0.0176875	0.00203655	0.000816668	2.1655	0.541626	0.914968	0.0181264	0.807857	0.000411228	1.0	1.35392	0.633434	0.000289244	0.114588	0.000224515	0.205339	0.000168866	0.176684	60.0677	-6127.46	4.0	4.62134e-06	-33955.0	7.0	2.45999e-05	1.0	1762.84	59.7941	581.587	38.0892	0.248072	0.0147222	1036.69	67.0373	
