v2W_minVar
rap	pT	cent	dPhi	ctauErrMin	ctauErrMax	NoCutEntry	CutEntry	NSig	NSigErr	NBkg	NBkgErr	coefExp	coefExpErr	coefPol1	coefPol1Err	coeffGaus	coeffGausErr	meanSig1	meanSig1Err	sigmaSig1	sigmaSig1Err	sigmaSig2	sigmaSig2Err	sigmaSig3	sigmaSig3Err	alpha	alphaErr	enne	enneErr	enneW	enneWErr	sigWidth	sigWidthErr	Gmc	GmcErr	bTau	bTauErr	fracRes	fracResErr	meanResSigW	meanResSigWErr	meanResSigN	meanResSigNErr	sigmaResSigW	sigmaResSigWErr	sigmaResSigN	sigmaResSigNErr	fpm	fpmErr	fLiving	fLivingErr	fbkgCtTot	fbkgCtTotErr	lambdam	lambdamErr	lambdap	lambdapErr	lambdasym	lambdasymErr	NLL	nFitPar	EDM	NLLMass	nFitParMass	EDMMass	Prob	PROMPT	PROMPTErr	NON-PROMPT	NON-PROMPTErr	Bfraction	BfractionErr	Resolution	ResolutionErr	
0.0-1.2	6.5-30.0	0.0-100.0	0.000-0.393	0.008	0.088	4830.0	4827.0	3196.28	115.855	1630.99	83.1406	0.283401	0.18047	-0.05	0.0	0.496658	0.0	3.09251	0.0	0.0194778	0.0	0.0348375	0.0	0.03	0.0	1.492	0.04	5.0	0.0	1.733	0.07	0.028272	0.0	2.21795e-05	1.43176	0.446601	0.099437	0.245908	0.0821935	-0.000109909	0.00257936	0.00146302	0.0011452	1.688	0.125228	0.899873	0.0324852	0.694818	2.43041	0.760455	1.14276	0.561891	0.930659	0.0390911	0.163801	0.237494	0.136014	0.16408	0.368744	-9704.67	4.0	7519.0	-142485.0	3.0	256.083	1.0	2070.62	119.87	1125.66	101.983	0.352178	0.0292418	1.14513	0.0441275	
0.0-1.2	6.5-30.0	0.0-100.0	0.000-1.571	0.008	0.105	18160.0	18157.0	11637.3	271.247	6520.39	227.345	-0.0563817	0.141106	-0.05	0.0	0.496658	0.384735	3.09251	0.000728246	0.0194778	0.00405262	0.0348375	0.0119704	0.03	0.0	1.492	0.04	5.0	0.0	1.733	0.07	0.028272	0.00377641	1.87255e-05	2.6751e-05	0.423514	0.0595231	0.236177	0.079527	5.83622e-05	0.00144617	0.000931797	0.000623654	1.60413	0.0920545	0.893107	0.0182386	0.62497	0.272239	0.941576	0.104706	0.458838	0.219762	0.0603319	0.0525134	0.225598	0.0340919	1.93655	20.4877	6809.37	4.0	48075.3	-661031.0	7.0	1340760.0	1.0	7814.28	270.896	3823.06	219.433	0.328516	0.0172312	1.10318	0.0361342	
0.0-1.2	6.5-30.0	0.0-100.0	0.393-0.785	0.008	0.096	4717.0	4716.0	2981.88	108.3	1734.14	80.9322	-0.169952	0.154145	-0.05	0.0	0.496658	0.0	3.09251	0.0	0.0194778	0.0	0.0348375	0.0	0.03	0.0	1.492	0.04	5.0	0.0	1.733	0.07	0.028272	0.0	1.00937e-05	0.00103092	0.411183	0.0982737	0.0755589	0.0712515	0.0054884	0.00636296	-0.000724408	0.00111232	1.88269	0.329588	0.993615	0.0357006	0.621059	0.0634028	0.999984	141.592	0.343511	0.141047	0.0556584	0.00896746	0.165777	0.0248482	0.0277837	497.622	-11205.5	4.0	6610.5	-127328.0	3.0	307.59	1.0	2033.86	120.264	948.021	100.958	0.317927	0.0318273	1.08651	0.0495073	
0.0-1.2	6.5-30.0	0.0-100.0	0.785-1.178	0.008	0.08	4537.0	4533.0	2910.85	123.658	1622.92	98.0726	-0.0576889	0.230342	-0.05	0.0	0.496658	0.0	3.09251	0.0	0.0194778	0.0	0.0348375	0.0	0.03	0.0	1.492	0.04	5.0	0.0	1.733	0.07	0.028272	0.0	4.10143e-05	0.000107112	0.504302	0.211777	0.187448	0.146811	0.00147636	0.00343833	0.000840471	0.0013475	1.59152	0.210616	0.881566	0.0375343	0.690046	4.2751	0.537503	1.57013	0.393346	2.0028	0.0342111	0.309713	0.462884	0.335619	0.0976104	0.0672424	28035.1	4.0	31424.3	-206384.0	3.0	724.44	1.0	1903.68	143.072	1007.17	125.539	0.346006	0.0405459	1.0518	0.0693492	
0.0-1.2	6.5-30.0	0.0-100.0	1.178-1.571	0.008	0.088	4075.0	4073.0	2544.52	89.9774	1528.96	76.5237	-0.288513	0.181351	-0.05	0.0	0.496658	0.0	3.09251	0.0	0.0194778	0.0	0.0348375	0.0	0.03	0.0	1.492	0.04	5.0	0.0	1.733	0.07	0.028272	0.0	1.37041e-05	2.80645	0.294739	0.047369	0.822701	0.0724277	-0.00109986	0.000962734	0.00107138	0.00287314	1.28762	0.0347594	0.6	0.0737157	0.706296	0.211955	0.85478	0.256289	0.465044	0.178184	0.056243	0.0572322	0.242006	0.044929	2.43562	28.8576	-8470.53	4.0	1904.76	-90126.4	3.0	120.746	1.0	1789.46	91.1246	755.057	70.7992	0.296739	0.0257698	1.19492	0.0251992	
0.0-1.2	6.5-30.0	10.0-60.0	0.000-0.393	0.008	0.073	2919.0	2915.0	2001.91	81.812	913.079	56.6507	0.142871	0.208956	-0.05	0.0	0.496658	0.0	3.09251	0.0	0.0194778	0.0	0.0350222	0.0	0.03	0.0	1.492	0.04	5.0	0.0	1.733	0.07	0.0283866	0.0	1.05857e-05	4.67892e-05	0.407947	0.0873119	0.236177	0.0	5.83622e-05	0.0	-0.000248107	0.00130296	1.60413	0.0	0.86997	0.0391198	0.687288	0.437529	0.77309	1.09194	0.441949	0.419732	0.0495469	0.0328948	0.208496	0.0708873	0.0380854	0.0399701	-7486.61	4.0	2760.12	-67424.1	3.0	53.8576	1.0	1306.29	82.6894	695.626	69.252	0.347481	0.0315439	1.08896	0.0119358	
0.0-1.2	6.5-30.0	10.0-60.0	0.000-1.571	0.008	0.105	11023.0	11019.0	7587.17	176.169	3431.72	114.393	-0.0746024	0.141415	-0.05	0.0	0.496658	0.0	3.09251	0.0	0.0194778	0.0	0.0350222	0.00072401	0.03	0.0	1.492	0.04	5.0	0.0	1.733	0.07	0.0283866	0.000224806	1.87255e-05	2.6751e-05	0.464583	0.0914522	0.236177	0.0	5.83622e-05	0.0	0.000403568	0.000741724	1.60413	0.0	0.855396	0.0214949	0.568381	7.11895	0.921773	3.72987	0.355975	6.18438	0.0484808	0.885278	0.218061	0.547263	5.0	1088960.0	18572.0	4.0	39450.8	-418623.0	4.0	1227640.0	1.0	5092.3	201.986	2494.87	173.706	0.328828	0.021584	1.08011	0.00650128	
0.0-1.2	6.5-30.0	10.0-60.0	0.393-0.785	0.008	0.073	2928.0	2927.0	2020.63	92.2516	906.625	59.5818	0.012015	0.209347	-0.05	0.0	0.496658	0.0	3.09251	0.0	0.0194778	0.0	0.0350222	0.0	0.03	0.0	1.492	0.04	5.0	0.0	1.733	0.07	0.0283866	0.0	2.45136e-05	0.0594659	0.474109	0.170592	0.236177	0.0	5.83622e-05	0.0	-0.000148686	0.00135846	1.60413	0.0	0.858463	0.0445073	0.544632	0.0249117	0.999993	18.2521	0.219897	0.0325938	0.0471458	0.0030109	0.166601	0.0111245	0.0574295	90.4084	-7792.33	4.0	5477.67	-81861.3	3.0	517.372	1.0	1422.15	101.875	598.479	83.1234	0.296184	0.0388514	1.08196	0.0134866	
0.0-1.2	6.5-30.0	10.0-60.0	0.785-1.178	0.008	0.064	2696.0	2691.0	1882.99	109.935	808.196	75.0959	-0.241437	0.400674	-0.05	0.0	0.496658	0.0	3.09251	0.0	0.0194778	0.0	0.0350222	0.0	0.03	0.0	1.492	0.04	5.0	0.0	1.733	0.07	0.0283866	0.0	3.78823e-05	8.58329e-05	0.609613	0.41506	0.236177	0.0	5.83622e-05	0.0	0.00254814	0.00166484	1.60413	0.0	0.79672	0.0429477	0.384188	2.49711	0.749612	0.931322	0.0721698	4.05555	0.0139227	0.15207	0.730141	0.81454	0.105281	0.0974339	27219.8	4.0	26545.0	-150905.0	3.0	1067.06	1.0	1214.37	115.745	668.618	99.4689	0.355084	0.0485872	1.04527	0.012502	
0.0-1.2	6.5-30.0	10.0-60.0	1.178-1.571	0.008	0.064	2478.0	2474.0	1672.69	74.1308	801.827	57.9764	-0.254791	0.275152	-0.05	0.0	0.496658	0.0	3.09251	0.0	0.0194778	0.0	0.0350222	0.0	0.03	0.0	1.492	0.04	5.0	0.0	1.733	0.07	0.0283866	0.0	2.4668e-05	4.15522	0.330838	0.0680342	0.236177	0.0	5.83622e-05	0.0	-0.000725258	0.00152681	1.60413	0.0	0.868173	0.0431687	0.56584	0.496036	0.835683	0.17493	0.242499	0.5765	0.0506095	0.0476072	0.168843	0.0311732	5.0	738.843	-3842.95	4.0	1739.4	-54627.9	3.0	184.046	1.0	1128.82	76.2043	543.869	62.3323	0.325146	0.0343658	1.08787	0.0131572	
0.0-2.4	10.0-13.0	0.0-100.0	0.000-0.393	0.016	0.08	1628.0	1620.0	1179.12	56.9474	441.675	36.7476	0.136637	0.25763	-0.05	0.0	0.506389	0.0	3.09184	0.0	0.0419995	0.0	0.0218737	0.0	0.03	0.0	1.492	0.04	5.0	0.0	1.733	0.07	0.0336069	0.0	1.71938e-05	0.0002901	0.361349	0.0852967	0.274398	0.109498	-0.00249292	0.00355003	0.00101114	0.00152301	1.69599	0.15967	0.828958	0.0424914	0.815548	0.0543754	0.999996	23.0481	0.542797	0.0342243	0.118642	0.0189583	0.206307	0.0200662	0.12795	189.419	-3798.54	4.0	1261.06	-28791.5	3.0	25.6313	1.0	781.545	56.6883	397.571	46.4489	0.337177	0.0358695	1.13485	0.0631445	
0.0-2.4	10.0-13.0	0.0-100.0	0.000-1.571	0.008	0.136	6469.0	6467.0	4692.59	255.813	1775.27	195.449	-0.765729	0.250543	-0.05	0.0	0.506389	0.339834	3.09184	0.00184732	0.0419995	0.00535571	0.0218737	0.00751504	0.03	0.0	1.492	0.04	5.0	0.0	1.733	0.07	0.0336069	0.00208069	1.21637e-05	1.85867	0.416336	0.0815574	0.294117	0.0867943	0.000270012	0.00176522	0.00025607	0.000903135	1.60695	0.0922641	0.794092	0.0253986	0.876986	0.340743	0.528086	0.276161	1.31167e-05	11.5735	0.0846806	0.107109	0.30126	0.073126	0.0266042	0.026923	-6812.17	4.0	13830.2	-185173.0	7.0	92576.3	1.0	3138.42	206.403	1554.18	143.21	0.331198	0.0246046	1.09755	0.0438808	
0.0-2.4	10.0-13.0	0.0-100.0	0.393-0.785	0.008	0.088	1662.0	1661.0	1235.06	74.2705	426.703	40.7441	-0.819407	0.2781	-0.05	0.0	0.506389	0.0	3.09184	0.0	0.0419995	0.0	0.0218737	0.0	0.03	0.0	1.492	0.04	5.0	0.0	1.733	0.07	0.0336069	0.0	1.60627e-05	0.00013147	0.475725	0.211739	0.680848	0.179328	0.0030049	0.00163927	-0.00175076	0.00231575	1.30469	0.0810495	0.605933	0.0512705	0.837066	0.297176	0.999981	93.4	0.418576	0.606319	0.0496742	0.0539849	0.207328	0.0863385	0.0200123	273.115	-2873.88	4.0	4831.03	-47526.3	3.0	630.258	1.0	813.656	79.2501	421.399	67.2952	0.341198	0.0504768	1.12966	0.0619837	
0.0-2.4	10.0-13.0	0.0-100.0	0.785-1.178	0.008	0.105	1608.0	1607.0	1165.29	78.6175	442.053	50.4241	-1.3228	0.401831	-0.05	0.0	0.506389	0.0	3.09184	0.0	0.0419995	0.0	0.0218737	0.0	0.03	0.0	1.492	0.04	5.0	0.0	1.733	0.07	0.0336069	0.0	8.5376e-05	0.000184274	0.511929	0.306979	0.118034	0.0934839	0.00630016	0.00594207	0.000525991	0.00233191	1.90173	0.316188	0.954467	0.0718291	0.815059	1.84665	0.998981	517.982	0.283564	28.5513	0.0610297	0.858901	0.426277	0.290502	0.0263884	1109.35	403.694	4.0	5892.0	-53000.4	3.0	455.029	1.0	784.101	91.8342	381.185	79.3502	0.327117	0.0644195	1.10921	0.0708246	
0.0-2.4	10.0-13.0	0.0-100.0	1.178-1.571	0.008	0.088	1569.0	1555.0	1110.71	55.4339	444.352	37.9731	-1.05658	0.293246	-0.05	0.0	0.506389	0.0	3.09184	0.0	0.0419995	0.0	0.0218737	0.0	0.03	0.0	1.492	0.04	5.0	0.0	1.733	0.07	0.0336069	0.0	1.34644e-05	0.00253279	0.332411	0.0770842	0.547296	0.182925	-0.00213568	0.00229779	0.0031001	0.00244479	1.46442	0.108951	0.716979	0.0652416	1.0	290.841	0.507945	0.486407	0.0881178	0.641273	0.0140173	355.127	0.281917	0.120367	0.0423605	0.0406874	-3298.41	4.0	970.686	-27015.5	3.0	9.95452	1.0	760.823	56.5203	349.889	45.3612	0.315013	0.0376923	1.18592	0.0734048	
0.0-2.4	10.0-13.0	10.0-60.0	0.000-0.393	0.016	0.08	1070.0	1065.0	784.813	43.3848	280.237	28.668	0.132498	0.321455	-0.05	0.0	0.506389	0.0	3.09184	0.0	0.0419995	0.0	0.0221072	0.0	0.03	0.0	1.492	0.04	5.0	0.0	1.733	0.07	0.0336822	0.0	1.71938e-05	0.0002901	0.297574	0.060808	0.294117	0.0	0.000270012	0.0	0.000152686	0.00177583	1.60695	0.0	0.744421	0.0508748	0.846338	0.0901114	0.99998	31.5936	0.511535	0.0267279	0.134564	0.0351358	0.217232	0.0154036	0.157511	92.3395	-2572.64	4.0	428.513	-15852.1	3.0	5.25509	1.0	503.437	41.5129	281.377	34.5072	0.358527	0.0392483	1.07269	0.0124609	
0.0-2.4	10.0-13.0	10.0-60.0	0.000-1.571	0.008	0.136	4201.0	4199.0	3132.08	118.303	1067.17	70.7409	-0.904019	0.20205	-0.05	0.0	0.506389	0.0	3.09184	0.0	0.0419995	0.0	0.0221072	0.00146613	0.03	0.0	1.492	0.04	5.0	0.0	1.733	0.07	0.0336822	0.000237498	1.21637e-05	1.85867	0.464784	0.12792	0.294117	0.0	0.000270012	0.0	0.000878403	0.00113683	1.60695	0.0	0.809167	0.0309843	0.932365	0.42673	0.548246	0.385811	0.084827	0.418259	0.112629	0.315037	0.332577	0.124029	0.0366538	0.0529684	-2557.85	4.0	11925.8	-132731.0	4.0	2595.85	1.0	2067.66	126.178	1064.42	106.948	0.339845	0.0316415	1.10529	0.0080058	
0.0-2.4	10.0-13.0	10.0-60.0	0.393-0.785	0.016	0.088	1069.0	1068.0	828.992	66.6104	239.708	33.0316	-1.07556	0.370503	-0.05	0.0	0.506389	0.0	3.09184	0.0	0.0419995	0.0	0.0221072	0.0	0.03	0.0	1.492	0.04	5.0	0.0	1.733	0.07	0.0336822	0.0	1.60627e-05	0.00013147	0.577711	0.41296	0.294117	0.0	0.000270012	0.0	0.00107354	0.00205652	1.60695	0.0	0.79782	0.0591807	0.715669	0.0745645	1.0	4.3445	0.302235	0.078552	0.0495187	0.0129987	0.187391	0.0324756	0.02	20.711	-2001.44	4.0	4199.71	-35635.1	3.0	658.249	1.0	544.632	71.5636	284.36	61.0599	0.343019	0.0683045	1.09945	0.0151569	
0.0-2.4	10.0-13.0	10.0-60.0	0.785-1.178	0.016	0.105	1065.0	1064.0	804.307	72.8529	259.712	43.4649	-1.6087	0.65745	-0.05	0.0	0.506389	0.0	3.09184	0.0	0.0419995	0.0	0.0221072	0.0	0.03	0.0	1.492	0.04	5.0	0.0	1.733	0.07	0.0336822	0.0	8.5376e-05	0.000184274	0.667176	0.622278	0.294117	0.0	0.000270012	0.0	9.98904e-06	0.00298763	1.60695	0.0	0.947099	0.0808336	0.983374	0.179229	0.999974	625.061	0.415306	3.7333	0.193953	0.458727	0.562116	0.50282	0.0200133	134.277	228.586	4.0	4949.98	-42782.0	3.0	416.459	1.0	522.287	77.5331	282.02	66.5274	0.350638	0.0763733	1.18011	0.0228963	
0.0-2.4	10.0-13.0	10.0-60.0	1.178-1.571	0.016	0.056	995.0	970.0	697.58	45.4046	273.202	30.305	-1.14906	0.375557	-0.05	0.0	0.506389	0.0	3.09184	0.0	0.0419995	0.0	0.0221072	0.0	0.03	0.0	1.492	0.04	5.0	0.0	1.733	0.07	0.0336822	0.0	1.27211e-05	0.00181467	0.339883	0.108327	0.294117	0.0	0.000270012	0.0	0.00363131	0.00256217	1.60695	0.0	0.887958	0.0701494	0.791511	3.84541	0.589899	1.82037	8.3399e-06	185.953	0.01176	0.344105	0.273772	0.214284	0.0442554	0.125945	-1765.62	4.0	874.07	-16824.6	3.0	31.6789	1.0	471.921	47.2946	225.658	38.8458	0.323487	0.0515525	1.1472	0.0191638	
0.0-2.4	10.0-30.0	0.0-100.0	0.000-0.393	0.008	0.088	2644.0	2639.0	1949.24	80.1525	689.977	49.3261	-0.0730461	0.227909	-0.05	0.0	0.503254	0.0	3.09293	0.0	0.0431203	0.0	0.0213425	0.0	0.03	0.0	1.492	0.04	5.0	0.0	1.733	0.07	0.0340881	0.0	1.1122e-05	0.00169269	0.447138	0.10244	0.286858	0.0918796	0.000915639	0.00224089	0.00100679	0.00123191	1.62833	0.118442	0.847852	0.0363496	0.843525	1.54573	0.968686	46.2196	0.506264	11.9763	0.101846	0.612051	0.24429	0.178309	0.0200007	10.5375	-4023.66	4.0	3721.58	-60285.1	3.0	90.717	1.0	1213.56	79.7011	735.674	69.1173	0.377416	0.0318821	1.12838	0.0473663	
0.0-2.4	10.0-30.0	0.0-100.0	0.000-1.571	0.008	0.136	10099.0	10098.0	7390.38	252.905	2707.76	193.902	-0.783743	0.163096	-0.05	0.0	0.503254	0.205083	3.09293	0.00114093	0.0431203	0.00431339	0.0213425	0.00446442	0.03	0.0	1.492	0.04	5.0	0.0	1.733	0.07	0.0340881	0.0015385	1.52572e-05	0.000100154	0.386142	0.0506194	0.236663	0.0682407	0.00122367	0.00140879	0.000180047	0.000652395	1.62012	0.0865195	0.859953	0.0201578	0.904885	0.476308	0.74323	0.948035	0.28063	0.606537	0.0765761	0.132807	0.306966	0.0758878	0.0364612	0.0815552	-11750.0	4.0	18189.5	-278823.0	7.0	263361.0	1.0	4772.21	211.579	2618.17	161.627	0.354267	0.0182021	1.0889	0.0337847	
0.0-2.4	10.0-30.0	0.0-100.0	0.393-0.785	0.008	0.105	2577.0	2576.0	1880.53	83.0234	695.808	48.7764	-0.739855	0.216117	-0.05	0.0	0.503254	0.0	3.09293	0.0	0.0431203	0.0	0.0213425	0.0	0.03	0.0	1.492	0.04	5.0	0.0	1.733	0.07	0.0340881	0.0	1.01316e-05	0.00876397	0.382194	0.108171	0.100919	0.169121	0.00498796	0.00652429	-0.000825914	0.00113238	1.74041	0.515379	0.882865	0.0385137	0.696953	0.0474526	1.0	1.45461	0.315605	0.0501693	0.0359502	0.00577973	0.208029	0.0238111	0.0200695	5.77669	-4214.81	4.0	5629.05	-63213.3	3.0	477.146	1.0	1223.56	90.6868	656.963	78.4046	0.349351	0.0387352	1.00323	0.106092	
0.0-2.4	10.0-30.0	0.0-100.0	0.785-1.178	0.008	0.105	2440.0	2439.0	1776.76	86.0888	662.945	56.2455	-1.35259	0.310697	-0.05	0.0	0.503254	0.0	3.09293	0.0	0.0431203	0.0	0.0213425	0.0	0.03	0.0	1.492	0.04	5.0	0.0	1.733	0.07	0.0340881	0.0	2.91026e-05	5.76628e-05	0.389534	0.134115	0.122074	0.0686439	0.00470031	0.00433712	0.000427204	0.00152438	1.84586	0.2159	0.927135	0.0492825	0.856291	0.344239	0.795352	1.6881	0.1658	1.4822	0.0689015	0.0797991	0.443042	0.195329	0.0311351	0.129	-101.036	4.0	7288.14	-68270.3	3.0	403.283	1.0	1169.61	96.6891	607.143	83.6815	0.341715	0.0440917	1.08193	0.0498196	
0.0-2.4	10.0-30.0	0.0-100.0	1.178-1.571	0.008	0.105	2436.0	2426.0	1782.24	70.4341	644.651	46.7316	-1.00954	0.247715	-0.05	0.0	0.503254	0.0	3.09293	0.0	0.0431203	0.0	0.0213425	0.0	0.03	0.0	1.492	0.04	5.0	0.0	1.733	0.07	0.0340881	0.0	3.2121e-05	7.73774e-05	0.325085	0.0570071	0.662879	0.127118	-0.000594368	0.00123554	0.00267677	0.00227629	1.36549	0.0619482	0.692485	0.063629	1.0	470.036	0.649582	0.0121217	0.180808	0.00620358	0.0863478	652.386	0.279622	0.0037919	0.0432837	0.00130943	-4924.74	4.0	1754.03	-45607.1	3.0	5.06422	1.0	1153.23	70.3414	629.003	59.0651	0.35293	0.0300631	1.18222	0.0445873	
0.0-2.4	10.0-30.0	10.0-60.0	0.000-0.393	0.008	0.088	1726.0	1720.0	1300.96	65.5211	420.034	38.2918	-0.131829	0.292633	-0.05	0.0	0.503254	0.0	3.09293	0.0	0.0431203	0.0	0.0211736	0.0	0.03	0.0	1.492	0.04	5.0	0.0	1.733	0.07	0.0340358	0.0	1.1122e-05	0.00169269	0.465673	0.136507	0.236663	0.0	0.00122367	0.0	0.000185459	0.00135763	1.62012	0.0	0.814509	0.0398003	0.886755	0.103566	0.999955	115.503	0.48715	0.706591	0.122304	0.0838395	0.237458	0.064005	0.02	14.2172	-2641.37	4.0	2626.29	-37908.2	3.0	72.2332	1.0	813.659	65.0387	487.301	56.1524	0.37457	0.0388214	1.06189	0.0116517	
0.0-2.4	10.0-30.0	10.0-60.0	0.000-1.571	0.008	0.136	6569.0	6568.0	4920.3	139.689	1647.95	83.781	-0.841737	0.157711	-0.05	0.0	0.503254	0.0	3.09293	0.0	0.0431203	0.0	0.0211736	0.00102223	0.03	0.0	1.492	0.04	5.0	0.0	1.733	0.07	0.0340357	0.000157947	1.52572e-05	0.000100154	0.441353	0.0835631	0.236663	0.0	0.00122367	0.0	0.000429719	0.000803662	1.62012	0.0	0.851378	0.0246759	0.904487	0.596028	0.604841	0.539343	0.119432	0.277939	0.0818593	0.22111	0.33192	0.0990333	0.0309429	0.046489	-5792.75	4.0	15390.5	-196352.0	4.0	2674.88	1.0	3190.72	146.267	1729.58	124.898	0.35152	0.0233401	1.08374	0.00739873	
0.0-2.4	10.0-30.0	10.0-60.0	0.393-0.785	0.008	0.105	1648.0	1647.0	1241.84	72.566	405.236	39.3114	-0.80664	0.281419	-0.05	0.0	0.503254	0.0	3.09293	0.0	0.0431203	0.0	0.0211736	0.0	0.03	0.0	1.492	0.04	5.0	0.0	1.733	0.07	0.0340358	0.0	1.01316e-05	0.00876397	0.452598	0.204702	0.236663	0.0	0.00122367	0.0	0.000700319	0.00149358	1.62012	0.0	0.845425	0.0496251	0.619956	0.630074	1.0	16.8348	0.275162	0.611883	0.0409839	0.0568249	0.200651	0.120918	0.0403973	77.9809	-2466.91	4.0	4932.63	-44968.7	3.0	541.283	1.0	836.076	80.0489	405.766	67.6991	0.326745	0.0510622	1.08018	0.0148241	
0.0-2.4	10.0-30.0	10.0-60.0	0.785-1.178	0.008	0.105	1604.0	1603.0	1197.17	78.1771	406.243	48.5713	-1.45089	0.454878	-0.05	0.0	0.503254	0.0	3.09293	0.0	0.0431203	0.0	0.0211736	0.0	0.03	0.0	1.492	0.04	5.0	0.0	1.733	0.07	0.0340358	0.0	2.91026e-05	5.76628e-05	0.488807	0.249966	0.236663	0.0	0.00122367	0.0	0.000134526	0.00184942	1.62012	0.0	0.907845	0.0565983	0.937444	30.8552	0.741449	168.955	0.169141	141.528	0.0908037	23.2017	0.571702	10.7123	0.0200371	1010.16	487.509	4.0	6143.13	-52900.0	3.0	431.48	1.0	783.559	82.0057	413.614	69.5438	0.345492	0.0535298	1.11818	0.0175384	
0.0-2.4	10.0-30.0	10.0-60.0	1.178-1.571	0.008	0.08	1590.0	1573.0	1171.07	59.2531	402.48	37.4733	-0.991551	0.311326	-0.05	0.0	0.503254	0.0	3.09293	0.0	0.0431203	0.0	0.0211736	0.0	0.03	0.0	1.492	0.04	5.0	0.0	1.733	0.07	0.0340358	0.0	1.97786e-05	7.38276e-05	0.359419	0.0853043	0.236663	0.0	0.00122367	0.0	0.00181991	0.00178031	1.62012	0.0	0.910884	0.0543272	0.773484	1.5231	0.660701	0.712023	8.62611e-06	143.831	0.0133168	0.0347012	0.24883	0.104913	0.0413161	0.0395594	-3022.81	4.0	1533.14	-30065.0	3.0	36.7145	1.0	743.289	60.5765	427.778	52.1881	0.365289	0.040551	1.12006	0.0168626	
0.0-2.4	13.0-30.0	0.0-100.0	0.000-0.393	0.008	0.064	1015.0	1011.0	775.272	56.8501	236.35	31.9645	-0.493519	0.431133	-0.05	0.0	0.499041	0.0	3.09484	0.0	0.045276	0.0	0.0203673	0.0	0.03	0.0	1.492	0.04	5.0	0.0	1.733	0.07	0.0350828	0.0	5.42312e-05	0.000155716	0.558239	0.245928	0.320965	0.160542	0.00391952	0.00307986	0.000551635	0.00216463	1.50857	0.163159	0.889106	0.0703447	0.997149	37.0232	0.839157	2.74345	0.44998	9.16696	0.00124131	67.4908	0.309249	0.114584	0.0376112	0.0605363	-912.264	4.0	2214.95	-26140.1	3.0	80.5713	1.0	429.267	54.0816	346.005	50.7713	0.446301	0.0567245	1.12571	0.0662667	
0.0-2.4	13.0-30.0	0.0-100.0	0.000-1.571	0.008	0.105	3630.0	3630.0	2701.59	145.023	928.571	116.678	-0.828414	0.26124	-0.05	0.0	0.499041	0.314258	3.09484	0.00157748	0.045276	0.0108947	0.0203673	0.00577134	0.03	0.0	1.492	0.04	5.0	0.0	1.733	0.07	0.0350828	0.00360727	1.00009e-05	0.0022258	0.343867	0.0528394	0.132772	0.0920488	0.00351245	0.00313808	0.000180405	0.00091879	1.67468	0.204192	0.935488	0.0329751	0.881957	0.878068	0.91379	1.72675	0.350942	0.450486	0.0426745	0.0318934	0.316773	0.129883	0.0383807	0.0427465	-5485.91	4.0	4153.85	-75378.1	7.0	293006.0	1.0	1636.29	112.189	1065.3	90.2285	0.394323	0.0258338	1.06363	0.0485408	
0.0-2.4	13.0-30.0	0.0-100.0	0.393-0.785	0.008	0.064	914.0	908.0	644.631	36.804	263.708	25.9036	-0.55997	0.340885	-0.05	0.0	0.499041	0.0	3.09484	0.0	0.045276	0.0	0.0203673	0.0	0.03	0.0	1.492	0.04	5.0	0.0	1.733	0.07	0.0350828	0.0	1.55008e-05	0.000878565	0.238485	0.0418282	0.00883941	0.0082002	0.00999995	0.0180256	-0.00177749	0.00140832	3.31245	1.28622	0.913402	0.0542822	0.654948	0.0558265	1.0	580.537	0.315757	0.060886	0.0302689	0.00591905	0.199996	0.0269572	0.0200713	1511.67	-2514.4	4.0	148.401	-11316.3	3.0	1.59248	1.0	415.103	35.1272	229.527	29.0513	0.35606	0.0402212	0.961207	0.0387915	
0.0-2.4	13.0-30.0	0.0-100.0	0.785-1.178	0.008	0.056	832.0	818.0	598.428	35.3088	220.187	25.6651	-1.4042	0.467129	-0.05	0.0	0.499041	0.0	3.09484	0.0	0.045276	0.0	0.0203673	0.0	0.03	0.0	1.492	0.04	5.0	0.0	1.733	0.07	0.0350828	0.0	3.39658e-05	0.000104935	0.224042	0.0365535	0.131789	0.1171	0.00298802	0.00557481	0.000177789	0.00170283	1.76077	0.331988	0.91887	0.0623915	0.999994	54.9773	0.715078	0.167532	0.253196	0.0520771	0.064156	56.8902	0.482664	0.0403054	0.0571205	0.016687	-1966.32	4.0	104.226	-10452.1	3.0	88.6159	1.0	371.081	33.3201	227.347	28.4743	0.379908	0.0419712	1.06848	0.0752522	
0.0-2.4	13.0-30.0	0.0-100.0	1.178-1.571	0.008	0.08	867.0	865.0	669.547	43.296	196.312	26.8114	-0.965035	0.461063	-0.05	0.0	0.499041	0.0	3.09484	0.0	0.045276	0.0	0.0203673	0.0	0.03	0.0	1.492	0.04	5.0	0.0	1.733	0.07	0.0350828	0.0	1.65646e-05	0.000171567	0.314841	0.082757	0.867045	0.0572375	0.000445439	0.00122049	0.000650647	0.00634843	1.22585	0.0404956	0.600076	1.12112	0.952268	0.0328329	1.0	113.249	0.282411	0.0233304	0.0010043	0.351331	0.275137	0.00693243	0.0208719	772.758	-1662.23	4.0	796.67	-14677.4	3.0	0.410819	1.0	389.18	40.8005	280.367	36.8786	0.418742	0.0479645	1.16224	0.0449611	
0.0-2.4	13.0-30.0	10.0-60.0	0.000-0.393	0.008	0.064	655.0	651.0	517.889	49.4238	133.754	24.2266	-0.776058	0.549247	-0.05	0.0	0.499041	0.0	3.09484	0.0	0.045276	0.0	0.0195832	0.0	0.03	0.0	1.492	0.04	5.0	0.0	1.733	0.07	0.0348584	0.0	5.42312e-05	0.000155716	0.746306	0.63487	0.132772	0.0	0.00351245	0.0	0.000734154	0.00226536	1.67468	0.0	0.924818	0.0745239	0.705903	12.225	0.963633	1.30932	0.351246	9.23213	0.00111167	0.584854	0.297369	0.14924	0.0647394	0.174137	-1064.74	4.0	1726.83	-18448.2	3.0	155.181	1.0	299.493	48.0491	218.396	43.8886	0.421705	0.0745795	1.05551	0.0283135	
0.0-2.4	13.0-30.0	10.0-60.0	0.000-1.571	0.008	0.08	2368.0	2363.0	1785.66	74.3691	577.823	44.9508	-0.737187	0.251785	-0.05	0.0	0.499041	0.0	3.09484	0.0	0.045276	0.0	0.0195832	0.000741764	0.03	0.0	1.492	0.04	5.0	0.0	1.733	0.07	0.0348584	0.000104379	1.60278e-05	0.000108096	0.406502	0.0927346	0.132772	0.0	0.00351245	0.0	0.000380122	0.00111082	1.67468	0.0	0.925511	0.0412739	0.789953	0.869994	0.813822	0.998927	0.218541	0.61074	0.0324996	0.0449516	0.33161	0.112094	0.0292788	0.0482077	-3617.96	4.0	3346.62	-50419.0	4.0	1633.55	1.0	1121.62	74.6562	664.042	64.4693	0.371875	0.0326132	1.05603	0.0156849	
0.0-2.4	13.0-30.0	10.0-60.0	0.393-0.785	0.008	0.064	578.0	576.0	410.996	28.5626	165.518	20.2006	-0.423265	0.423328	-0.05	0.0	0.499041	0.0	3.09484	0.0	0.045276	0.0	0.0195832	0.0	0.03	0.0	1.492	0.04	5.0	0.0	1.733	0.07	0.0348584	0.0	1.55008e-05	0.000878565	0.212441	0.0469783	0.132772	0.0	0.00351245	0.0	-0.000321263	0.00193647	1.67468	0.0	0.917238	0.0773733	0.561742	0.180737	1.0	215.579	0.287037	0.196272	0.0377207	0.0199649	0.219911	0.106279	0.0994528	575.335	-1679.66	4.0	59.4053	-6336.49	3.0	2.52706	1.0	280.647	27.9254	130.349	21.9428	0.317153	0.0486273	1.04976	0.0293149	
0.0-2.4	13.0-30.0	10.0-60.0	0.785-1.178	0.012	0.044	539.0	523.0	381.966	28.5323	141.279	21.2902	-1.25918	0.593536	-0.05	0.0	0.499041	0.0	3.09484	0.0	0.045276	0.0	0.0195832	0.0	0.03	0.0	1.492	0.04	5.0	0.0	1.733	0.07	0.0348584	0.0	3.14561e-05	0.000114974	0.232692	0.0491359	0.132772	0.0	0.00351245	0.0	4.78694e-05	0.00199598	1.67468	0.0	0.92439	0.0778802	0.847001	0.353647	1.0	0.10327	0.209661	0.371343	0.0498698	0.0669998	0.501331	0.285115	4.62682	45.1485	-1120.92	4.0	73.2591	-6392.73	3.0	105.379	1.0	249.79	26.4672	132.176	21.2095	0.346041	0.0491438	1.05518	0.0295841	
0.0-2.4	13.0-30.0	10.0-60.0	1.178-1.571	0.008	0.08	594.0	593.0	465.2	37.8144	128.485	21.8705	-0.686666	0.541021	-0.05	0.0	0.499041	0.0	3.09484	0.0	0.045276	0.0	0.0195832	0.0	0.03	0.0	1.492	0.04	5.0	0.0	1.733	0.07	0.0348584	0.0	1.65646e-05	0.000171567	0.385661	0.137245	0.132772	0.0	0.00351245	0.0	-0.000488959	0.00237921	1.67468	0.0	0.907388	0.0872825	0.738449	4.31088	0.989912	35.209	0.0319951	8.60526	0.012501	0.0686769	0.187499	0.513696	0.0200001	1.78995	-1293.11	4.0	664.835	-10426.1	3.0	12.0447	1.0	265.598	37.0615	199.601	34.2154	0.429066	0.0647547	1.04231	0.032948	
0.0-2.4	6.5-10.0	0.0-100.0	0.000-0.393	0.016	0.152	9526.0	9518.0	4812.43	138.302	4705.99	130.681	-0.058993	0.0940114	-0.05	0.0	0.420753	0.0	3.09229	0.0	0.0508489	0.0	0.0253271	0.0	0.03	0.0	1.492	0.04	5.0	0.0	1.733	0.07	0.038203	0.0	1.90055e-05	0.000117681	0.332745	0.0623928	0.138357	0.0473332	0.00466897	0.00498227	0.00262992	0.000971115	1.9815	0.167728	0.954595	0.0215352	0.695664	5.24441	0.59893	2.55488	0.592288	1.80204	0.0231718	0.137247	0.233681	0.101474	0.100868	0.126016	-22107.5	4.0	6555.6	-239144.0	3.0	267.024	1.0	3572.34	161.3	1240.09	129.414	0.257684	0.0258518	1.15257	0.0376196	
0.0-2.4	6.5-10.0	0.0-100.0	0.000-1.571	0.008	0.136	34311.0	34232.0	17858.1	555.995	16374.2	554.362	-0.165926	0.056206	-0.05	0.0	0.420753	0.188331	3.09229	0.000591931	0.0508489	0.0106432	0.0253271	0.00266753	0.03	0.0	1.492	0.04	5.0	0.0	1.733	0.07	0.038203	0.00302396	2.70702e-05	5.76409e-05	0.327429	0.0316424	0.173814	0.044334	0.00399264	0.00245512	0.00368568	0.000565278	1.78243	0.0904393	0.953589	0.0129704	0.497512	7.09191	0.648945	2.68619	0.501654	4.51363	0.0303339	0.337811	0.357754	0.250218	0.129163	0.090219	-17396.0	4.0	55921.4	-1090060.0	7.0	22153.5	1.0	13315.6	480.56	4542.51	281.198	0.254366	0.0136098	1.14171	0.0255977	
0.0-2.4	6.5-10.0	0.0-100.0	0.393-0.785	0.016	0.145	8973.0	8963.0	4537.56	130.419	4425.22	129.77	-0.348681	0.0963499	-0.05	0.0	0.420753	0.0	3.09229	0.0	0.0508489	0.0	0.0253271	0.0	0.03	0.0	1.492	0.04	5.0	0.0	1.733	0.07	0.038203	0.0	1.01928e-05	2.11886	0.330084	0.0491509	0.175237	0.0863871	0.00684653	0.00488837	0.00480708	0.00118475	1.78736	0.174703	1.02571	0.0273195	0.517362	2.08028	0.867798	0.387212	0.492216	1.50442	0.0500147	0.171155	0.233956	0.138141	0.373159	0.862322	-17776.9	4.0	3110.18	-218634.0	3.0	113.162	1.0	3379.2	141.606	1158.36	108.293	0.255283	0.02271	1.1948	0.0460195	
0.0-2.4	6.5-10.0	0.0-100.0	0.785-1.178	0.016	0.152	8295.0	8293.0	4488.47	140.712	3804.81	128.775	0.0116993	0.123456	-0.05	0.0	0.420753	0.0	3.09229	0.0	0.0508489	0.0	0.0253271	0.0	0.03	0.0	1.492	0.04	5.0	0.0	1.733	0.07	0.038203	0.0	6.29812e-05	0.000142295	0.464392	0.173653	0.099274	0.0560735	0.00969724	0.0193283	0.000995406	0.00118371	1.94297	0.233692	0.975047	0.0278483	0.482041	22.1421	0.503653	13.9577	0.364804	17.1611	0.00100004	10.7955	0.2794	0.538706	0.080898	0.20335	17219.3	4.0	25357.2	-282830.0	3.0	41.0855	1.0	3322.97	197.787	1165.5	172.054	0.259666	0.0374582	1.10955	0.0425139	
0.0-2.4	6.5-10.0	0.0-100.0	1.178-1.571	0.016	0.152	7516.0	7513.0	4016.45	125.376	3496.86	135.896	-0.284745	0.10465	-0.05	0.0	0.420753	0.0	3.09229	0.0	0.0508489	0.0	0.0253271	0.0	0.03	0.0	1.492	0.04	5.0	0.0	1.733	0.07	0.038203	0.0	5.59521e-05	0.000206186	0.232834	0.0238437	0.652049	0.158969	-0.000734564	0.0019028	0.00258642	0.00156248	1.37047	0.0645511	0.620269	0.0385902	0.687308	0.38395	0.888374	0.688584	0.619015	0.200671	0.0738312	0.112371	0.500431	0.684718	0.56628	5.67681	-5018.72	4.0	671.655	-199387.0	3.0	6520.89	1.0	2995.33	122.377	1021.11	85.1444	0.254233	0.0196574	1.16556	0.0567286	
0.0-2.4	6.5-10.0	10.0-60.0	0.000-0.393	0.016	0.152	5639.0	5637.0	3084.82	99.0296	2552.97	89.4443	-0.138733	0.117596	-0.05	0.0	0.420753	0.0	3.09229	0.0	0.0508489	0.0	0.0253253	0.0	0.03	0.0	1.492	0.04	5.0	0.0	1.733	0.07	0.0382023	0.0	1.90055e-05	0.000117681	0.285595	0.0421387	0.173814	0.0	0.00399264	0.0	0.00273633	0.00110327	1.78243	0.0	0.8709	0.0252658	0.442741	0.935021	0.78043	0.717327	0.368003	1.01765	0.0240927	0.0399416	0.189727	0.0781474	0.078479	0.116818	-17708.6	4.0	1165.56	-113250.0	3.0	48.3892	1.0	2314.76	105.465	770.059	78.8168	0.249628	0.0242606	1.08575	0.00837183	
0.0-2.4	6.5-10.0	10.0-60.0	0.000-1.571	0.008	0.16	19734.0	19732.0	11413.3	200.834	8317.7	175.347	-0.200063	0.0746795	-0.05	0.0	0.420753	0.0	3.09229	0.0	0.0508489	0.0	0.0253253	0.000666069	0.03	0.0	1.492	0.04	5.0	0.0	1.733	0.07	0.0382023	0.000127885	1.92169e-05	7.62105e-05	0.317995	0.0415756	0.173814	0.0	0.00399264	0.0	0.00277414	0.000702003	1.78243	0.0	0.913307	0.0159433	0.504866	0.366539	0.916345	0.11946	0.496657	0.344649	0.0457618	0.0362179	0.241811	0.0854068	0.628391	1.72278	-5138.26	4.0	51536.6	-568927.0	4.0	927.074	1.0	8482.97	255.088	2930.33	213.183	0.256747	0.0181239	1.11416	0.00539875	
0.0-2.4	6.5-10.0	10.0-60.0	0.393-0.785	0.016	0.145	5197.0	5195.0	2969.82	99.6203	2225.9	91.536	-0.283825	0.130859	-0.05	0.0	0.420753	0.0	3.09229	0.0	0.0508489	0.0	0.0253253	0.0	0.03	0.0	1.492	0.04	5.0	0.0	1.733	0.07	0.0382023	0.0	1.01928e-05	2.11886	0.287597	0.0507364	0.173814	0.0	0.00399264	0.0	0.00389232	0.00144897	1.78243	0.0	1.02205	0.0340977	0.482172	0.544729	0.872277	0.254876	0.487165	0.616081	0.0386156	0.0555351	0.300989	0.222955	0.536114	1.47932	-10856.2	4.0	1800.16	-112627.0	3.0	162.944	1.0	2248.41	109.861	721.41	83.4672	0.242914	0.026898	1.18964	0.0121012	
0.0-2.4	6.5-10.0	10.0-60.0	0.785-1.178	0.016	0.152	4612.0	4609.0	2789.08	114.056	1820.73	88.6602	-0.138064	0.195813	-0.05	0.0	0.420753	0.0	3.09229	0.0	0.0508489	0.0	0.0253253	0.0	0.03	0.0	1.492	0.04	5.0	0.0	1.733	0.07	0.0382023	0.0	6.29812e-05	0.000142295	0.50117	0.283235	0.173814	0.0	0.00399264	0.0	0.0019911	0.00165002	1.78243	0.0	0.920942	0.03641	0.707043	0.238213	1.0	0.00144669	0.659988	0.120061	0.107856	0.062066	0.229893	0.0754902	0.854228	120.512	22975.8	4.0	21796.7	-170657.0	3.0	76.7216	1.0	2034.02	171.55	755.063	153.18	0.270721	0.0537938	1.11935	0.0123747	
0.0-2.4	6.5-10.0	10.0-60.0	1.178-1.571	0.016	0.136	4286.0	4283.0	2574.41	90.7587	1709.31	81.0639	-0.251286	0.16568	-0.05	0.0	0.420753	0.0	3.09229	0.0	0.0508489	0.0	0.0253253	0.0	0.03	0.0	1.492	0.04	5.0	0.0	1.733	0.07	0.0382023	0.0	5.49261e-05	0.000220802	0.255255	0.0325215	0.173814	0.0	0.00399264	0.0	0.00100201	0.00128247	1.78243	0.0	0.853086	0.0307349	0.538472	0.186976	0.885485	0.324901	0.459855	0.254024	0.056323	0.0345011	0.282991	0.20997	2.95877	98.7101	-9821.4	4.0	609.537	-88416.3	3.0	108.957	1.0	1848.61	92.8323	725.801	70.8892	0.281929	0.0256798	1.074	0.0100848	
0.0-2.4	6.5-30.0	0.0-10.0	0.000-0.393	0.008	0.136	4537.0	4524.0	2135.58	100.826	2388.87	98.9303	0.0346913	0.141242	-0.05	0.0	0.44755	0.0	3.0925	0.0	0.0481241	0.0	0.0241701	0.0	0.03	0.0	1.492	0.04	5.0	0.0	1.733	0.07	0.0368678	0.0	2.92627e-05	6.86787e-05	0.376271	0.117436	0.19835	0.0	0.00208889	0.0	0.00376221	0.00172105	1.70743	0.0	1.03162	0.0399924	1.0	245.433	0.465668	0.231364	0.675894	0.12293	0.00518259	312.542	0.29023	0.0712882	0.120489	0.0293145	-6543.41	4.0	5164.11	-119936.0	3.0	238.056	1.0	1481.05	117.731	654.532	99.6297	0.306489	0.0443515	1.19641	0.013822	
0.0-2.4	6.5-30.0	0.0-10.0	0.000-1.571	0.008	0.136	17074.0	17034.0	8020.81	189.595	9013.92	203.876	-0.185816	0.066489	-0.05	0.0	0.44755	0.0	3.0925	0.0	0.0481241	0.0	0.0241701	0.00117479	0.03	0.0	1.492	0.04	5.0	0.0	1.733	0.07	0.0368678	0.000212743	1.61666e-05	1.68756e-05	0.311102	0.0363251	0.19835	0.0	0.00208889	0.0	0.00220032	0.0007915	1.70743	0.0	0.955342	0.0203819	0.88538	0.516646	0.403956	0.429434	0.474574	0.380066	0.177012	0.324067	0.359416	0.181232	0.065194	0.0807064	-16119.5	4.0	9882.4	-501422.0	4.0	2303.07	1.0	5705.08	202.177	2315.73	160.268	0.288715	0.01878	1.14451	0.00681928	
0.0-2.4	6.5-30.0	0.0-10.0	0.393-0.785	0.008	0.145	4459.0	4449.0	1988.75	89.076	2461.49	95.2613	-0.446537	0.13191	-0.05	0.0	0.44755	0.0	3.0925	0.0	0.0481241	0.0	0.0241701	0.0	0.03	0.0	1.492	0.04	5.0	0.0	1.733	0.07	0.0368678	0.0	2.84864e-05	5.39292e-05	0.347879	0.0646997	0.19835	0.0	0.00208889	0.0	0.0013594	0.00152853	1.70743	0.0	0.988677	0.0394913	0.806722	2.02516	0.772954	4.22508	0.520141	0.278429	0.0833955	0.416349	0.173356	0.205772	0.169415	1.04669	-8671.3	4.0	1479.31	-101300.0	3.0	20.4011	1.0	1333.24	93.7333	655.503	77.9868	0.329606	0.036329	1.16698	0.0134105	
0.0-2.4	6.5-30.0	0.0-10.0	0.785-1.178	0.008	0.128	4225.0	4224.0	2062.67	89.9447	2160.99	92.2973	0.0349657	0.144421	-0.05	0.0	0.44755	0.0	3.0925	0.0	0.0481241	0.0	0.0241701	0.0	0.03	0.0	1.492	0.04	5.0	0.0	1.733	0.07	0.0368678	0.0	2.19419e-05	6.75748	0.324716	0.067816	0.19835	0.0	0.00208889	0.0	0.00320784	0.00157077	1.70743	0.0	0.970073	0.0424963	0.495857	0.340987	0.868756	1.65863	0.429338	0.327296	0.0574696	0.0335645	0.238352	0.171905	0.0704216	0.0498288	-9174.8	4.0	1432.09	-98535.5	3.0	4.38278	1.0	1502.04	95.4985	560.634	73.6726	0.271799	0.0336933	1.1544	0.0143138	
0.0-2.4	6.5-30.0	0.0-10.0	1.178-1.571	0.008	0.152	3851.0	3849.0	1837.61	91.0638	2012.46	112.05	-0.391218	0.140624	-0.05	0.0	0.44755	0.0	3.0925	0.0	0.0481241	0.0	0.0241701	0.0	0.03	0.0	1.492	0.04	5.0	0.0	1.733	0.07	0.0368678	0.0	1.0825e-05	4.3417e-05	0.206688	0.028848	0.19835	0.0	0.00208889	0.0	0.00199687	0.00146894	1.70743	0.0	0.889864	0.0387593	0.833809	1.40508	0.41627	1.83538	0.364148	3.52077	0.127661	0.335266	0.727806	1.196	0.0473469	0.311639	2138.9	4.0	219.438	-107049.0	3.0	10986.8	1.0	1374.85	86.4058	462.757	57.8785	0.251825	0.0289189	1.10138	0.0125521	
0.0-2.4	6.5-30.0	0.0-100.0	0.000-0.393	0.008	0.152	12170.0	12162.0	6754.77	159.497	5408.18	139.556	-0.0638266	0.0870267	-0.05	0.0	0.44755	0.0	3.0925	0.0	0.0481241	0.0	0.0240565	0.0	0.03	0.0	1.492	0.04	5.0	0.0	1.733	0.07	0.0368267	0.0	1.87871e-05	0.000150437	0.374481	0.0538219	0.188773	0.046412	0.00195616	0.00245764	0.00298077	0.000773829	1.81358	0.104055	0.914313	0.0190489	0.542255	0.812893	0.739889	0.279693	0.491743	0.665234	0.01954	0.0649936	0.22905	0.0588754	0.113222	0.0950389	-24999.1	4.0	9876.07	-317056.0	3.0	322.493	1.0	4778.56	176.014	1976.21	142.923	0.292565	0.0199992	1.13976	0.0301049	
0.0-2.4	6.5-30.0	0.0-100.0	0.000-1.571	0.004	0.164	44411.0	44397.0	25198.4	507.322	19200.1	490.044	-0.254664	0.0512827	-0.05	0.0	0.44755	0.125942	3.0925	0.000486834	0.0481241	0.00561352	0.0240565	0.00199751	0.03	0.0	1.492	0.04	5.0	0.0	1.733	0.07	0.0368267	0.00224288	1.00456e-05	6.70688e-06	0.350474	0.0287646	0.19835	0.0380118	0.00208889	0.00129289	0.00259727	0.000440152	1.70743	0.0628596	0.936996	0.0111896	0.620786	0.565068	0.930174	0.348863	0.54584	0.373498	0.0586471	0.114089	0.282364	0.173619	0.398875	2.4724	-22774.5	4.0	62672.6	-1440330.0	7.0	6928.0	1.0	18023.3	460.107	7175.14	317.641	0.284745	0.0112266	1.13229	0.0198626	
0.0-2.4	6.5-30.0	0.0-100.0	0.393-0.785	0.008	0.145	11551.0	11540.0	6409.89	154.62	5130.58	138.58	-0.403158	0.0886756	-0.05	0.0	0.44755	0.0	3.0925	0.0	0.0481241	0.0	0.0240565	0.0	0.03	0.0	1.492	0.04	5.0	0.0	1.733	0.07	0.0368267	0.0	2.84864e-05	5.39292e-05	0.349528	0.0510447	0.147166	0.0720109	0.00527986	0.00343352	0.0020601	0.000853003	1.76284	0.161967	0.990733	0.0229652	0.614361	0.575592	0.894296	0.217169	0.470142	0.439665	0.0517242	0.0668329	0.214967	0.0662014	0.37798	0.74544	-19698.9	4.0	8934.34	-298596.0	3.0	171.698	1.0	4586.64	175.248	1823.25	142.846	0.284443	0.0212027	1.13773	0.0393124	
0.0-2.4	6.5-30.0	0.0-100.0	0.785-1.178	0.008	0.152	10736.0	10733.0	6244.84	165.664	4489.0	140.477	-0.18458	0.110489	-0.05	0.0	0.44755	0.0	3.0925	0.0	0.0481241	0.0	0.0240565	0.0	0.03	0.0	1.492	0.04	5.0	0.0	1.733	0.07	0.0368267	0.0	1.02728e-05	0.00383331	0.429653	0.113535	0.110192	0.0438595	0.00642572	0.00380672	0.00225331	0.000945653	1.89395	0.158315	0.982613	0.0243631	0.61728	0.241844	1.0	0.000785715	0.536325	0.174713	0.0730638	0.0302125	0.294936	0.0554741	0.402555	93.965	18835.6	4.0	35512.0	-370965.0	3.0	147.475	1.0	4504.58	215.021	1740.26	184.623	0.278672	0.0286249	1.12	0.0310914	
0.0-2.4	6.5-30.0	0.0-100.0	1.178-1.571	0.008	0.152	9953.0	9950.0	5791.39	143.961	4158.77	143.148	-0.395293	0.101123	-0.05	0.0	0.44755	0.0	3.0925	0.0	0.0481241	0.0	0.0240565	0.0	0.03	0.0	1.492	0.04	5.0	0.0	1.733	0.07	0.0368267	0.0	1.0825e-05	4.3417e-05	0.26548	0.0248234	0.588479	0.127844	-0.000847859	0.00122532	0.00223121	0.0011906	1.39348	0.0566297	0.690107	0.0309039	0.999779	1482.48	0.560658	267.871	0.597127	244.904	0.00125448	3345.67	0.536592	26.8015	0.161061	10.4044	-7762.52	4.0	2521.43	-259956.0	3.0	4996.24	1.0	4130.27	141.84	1661.12	106.22	0.286827	0.0168984	1.15702	0.0453435	
0.0-2.4	6.5-30.0	10.0-20.0	0.000-0.393	0.008	0.128	2959.0	2956.0	1598.87	72.5092	1357.88	65.3674	0.120845	0.163699	-0.05	0.0	0.44755	0.0	3.0925	0.0	0.0481241	0.0	0.0236714	0.0	0.03	0.0	1.492	0.04	5.0	0.0	1.733	0.07	0.0366886	0.0	1.21272e-05	9.04109	0.345202	0.0761719	0.19835	0.0	0.00208889	0.0	-0.000755062	0.00156111	1.70743	0.0	0.942484	0.0366841	0.928964	15.9574	0.730279	3.55479	0.640608	4.63349	0.00101573	26.8571	0.185499	0.0483329	0.136204	0.0800234	-6160.47	4.0	1605.68	-57645.5	3.0	47.8464	1.0	1062.83	78.7027	536.044	66.7974	0.335264	0.0389129	1.13593	0.0121999	
0.0-2.4	6.5-30.0	10.0-20.0	0.000-1.571	0.008	0.16	10589.0	10588.0	5846.11	158.039	4741.14	134.646	-0.221421	0.0911967	-0.05	0.0	0.44755	0.0	3.0925	0.0	0.0481241	0.0	0.0236714	0.000785228	0.03	0.0	1.492	0.04	5.0	0.0	1.733	0.07	0.0366886	0.000139943	1.13588e-05	0.0219528	0.40721	0.0773544	0.19835	0.0	0.00208889	0.0	0.00273636	0.000960819	1.70743	0.0	0.941257	0.0242116	0.482492	29752.0	0.862727	5236.68	0.393553	27775.1	0.0341645	1515.01	0.1857	462.184	0.445026	3055.02	-10788.4	4.0	14543.7	-290862.0	4.0	3582.86	1.0	4061.42	184.229	1784.69	155.607	0.305278	0.0253055	1.13512	0.00804723	
0.0-2.4	6.5-30.0	10.0-20.0	0.393-0.785	0.008	0.128	2678.0	2668.0	1454.07	82.2324	1214.1	66.8377	-0.196242	0.172883	-0.05	0.0	0.44755	0.0	3.0925	0.0	0.0481241	0.0	0.0236714	0.0	0.03	0.0	1.492	0.04	5.0	0.0	1.733	0.07	0.0366886	0.0	2.00232e-05	3.80084e-05	0.481476	0.288384	0.19835	0.0	0.00208889	0.0	0.00308221	0.00212402	1.70743	0.0	0.955026	0.0570132	0.475455	0.671961	0.899359	0.127169	0.184922	0.742033	0.0365263	0.0278864	0.137908	0.0247897	0.246433	0.179711	-3751.25	4.0	4747.9	-66100.3	3.0	700.268	1.0	1098.96	109.517	355.109	92.3831	0.244218	0.0620149	1.1443	0.0190724	
0.0-2.4	6.5-30.0	10.0-20.0	0.785-1.178	0.008	0.152	2625.0	2622.0	1472.37	89.3367	1150.32	73.3159	-0.346412	0.199607	-0.05	0.0	0.44755	0.0	3.0925	0.0	0.0481241	0.0	0.0236714	0.0	0.03	0.0	1.492	0.04	5.0	0.0	1.733	0.07	0.0366886	0.0	1.02728e-05	0.00383331	0.555828	0.321009	0.19835	0.0	0.00208889	0.0	0.00102398	0.00189523	1.70743	0.0	0.959379	0.0487318	0.909894	77.7561	0.467115	64.8362	0.573739	66.5358	0.00100058	34.1971	0.59874	0.686676	0.111267	0.110419	226.894	4.0	6185.18	-78727.0	3.0	488.394	1.0	1023.45	102.902	448.917	86.4552	0.304895	0.0557281	1.14721	0.0163348	
0.0-2.4	6.5-30.0	10.0-20.0	1.178-1.571	0.008	0.12	2326.0	2319.0	1322.96	65.2819	996.827	58.4758	-0.560667	0.203523	-0.05	0.0	0.44755	0.0	3.0925	0.0	0.0481241	0.0	0.0236714	0.0	0.03	0.0	1.492	0.04	5.0	0.0	1.733	0.07	0.0366886	0.0	1.01172e-05	3.47073	0.28572	0.0550473	0.19835	0.0	0.00208889	0.0	0.00178193	0.00194702	1.70743	0.0	0.92249	0.0517657	0.60136	0.19803	0.776482	0.37062	0.460268	0.245256	0.0493242	0.0314747	0.165174	0.0416906	0.445376	0.666097	-4260.82	4.0	871.916	-43711.2	3.0	9.19779	1.0	853.719	69.0322	469.246	59.3879	0.354693	0.0413374	1.1227	0.0170489	
0.0-2.4	6.5-30.0	10.0-30.0	0.000-0.393	0.008	0.128	5060.0	5056.0	2852.03	99.2857	2204.21	84.6968	0.00673412	0.128279	-0.05	0.0	0.44755	0.0	3.0925	0.0	0.0481241	0.0	0.0234287	0.0	0.03	0.0	1.492	0.04	5.0	0.0	1.733	0.07	0.0366024	0.0	1.21272e-05	9.04109	0.408125	0.0820915	0.19835	0.0	0.00208889	0.0	0.00165902	0.00114039	1.70743	0.0	0.898263	0.0276663	0.605498	1.1683	0.727183	0.782258	0.474931	0.697282	0.0240773	0.0504142	0.176449	0.0698547	0.0956773	0.118891	-11236.5	4.0	3320.17	-111079.0	3.0	183.192	1.0	1998.22	107.147	853.81	86.7471	0.299369	0.0285747	1.10684	0.00899965	
0.0-2.4	6.5-30.0	10.0-30.0	0.000-1.571	0.004	0.164	17964.0	17962.0	10415.8	204.58	7547.05	167.874	-0.21373	0.0781264	-0.05	0.0	0.44755	0.0	3.0925	0.0	0.0481241	0.0	0.0234287	0.000553218	0.03	0.0	1.492	0.04	5.0	0.0	1.733	0.07	0.0366024	9.78134e-05	1.00456e-05	6.70688e-06	0.424448	0.0730874	0.19835	0.0	0.00208889	0.0	0.00281194	0.00070724	1.70743	0.0	0.908752	0.0177572	0.494518	3.23124	0.902926	0.380799	0.412073	3.01676	0.0374091	0.180161	0.193006	0.0514279	0.434714	0.708249	7391.78	4.0	39868.4	-572689.0	4.0	756.282	1.0	7335.85	258.285	3080.0	222.733	0.295703	0.0205802	1.11368	0.00580782	
0.0-2.4	6.5-30.0	10.0-30.0	0.393-0.785	0.008	0.145	4599.0	4597.0	2624.28	100.804	1973.3	82.1914	-0.193187	0.135378	-0.05	0.0	0.44755	0.0	3.0925	0.0	0.0481241	0.0	0.0234287	0.0	0.03	0.0	1.492	0.04	5.0	0.0	1.733	0.07	0.0366024	0.0	2.84864e-05	5.39292e-05	0.364866	0.103529	0.19835	0.0	0.00208889	0.0	0.00336371	0.00143175	1.70743	0.0	0.932844	0.0379438	0.472452	0.257211	0.898973	0.11441	0.307891	0.32872	0.033929	0.015188	0.148967	0.0202863	0.377257	0.356499	-8681.02	4.0	5623.26	-108191.0	3.0	486.586	1.0	1901.2	123.131	723.084	102.954	0.275536	0.0377768	1.12953	0.0125605	
0.0-2.4	6.5-30.0	10.0-30.0	0.785-1.178	0.008	0.152	4307.0	4304.0	2568.82	121.167	1736.04	93.8785	-0.347725	0.21004	-0.05	0.0	0.44755	0.0	3.0925	0.0	0.0481241	0.0	0.0234287	0.0	0.03	0.0	1.492	0.04	5.0	0.0	1.733	0.07	0.0366024	0.0	1.02728e-05	0.00383331	0.619273	0.413878	0.19835	0.0	0.00208889	0.0	0.0010605	0.00162353	1.70743	0.0	0.926886	0.0407111	1.0	1379.86	0.456092	0.0177749	0.579151	0.00534711	0.164844	2491.3	0.422677	0.0174543	0.0980696	0.00275936	25552.6	4.0	25021.4	-188041.0	3.0	325.473	1.0	1770.55	161.482	798.263	143.247	0.310751	0.053803	1.1256	0.0134373	
0.0-2.4	6.5-30.0	10.0-30.0	1.178-1.571	0.008	0.145	3997.0	3995.0	2370.88	86.8698	1624.74	75.5325	-0.384305	0.158015	-0.05	0.0	0.44755	0.0	3.0925	0.0	0.0481241	0.0	0.0234287	0.0	0.03	0.0	1.492	0.04	5.0	0.0	1.733	0.07	0.0366024	0.0	1.38171e-05	4.85666e-05	0.29748	0.0471501	0.19835	0.0	0.00208889	0.0	0.00126866	0.00131191	1.70743	0.0	0.884352	0.0354282	0.571624	0.124571	0.871375	0.175622	0.455453	0.155243	0.0467211	0.0164943	0.226773	0.0579786	0.493096	0.720411	-8451.5	4.0	1539.42	-81405.2	3.0	1.61158	1.0	1621.66	91.0802	749.221	74.2879	0.31601	0.0291156	1.09782	0.0114393	
0.0-2.4	6.5-30.0	10.0-60.0	0.000-0.393	0.008	0.152	7365.0	7364.0	4379.39	118.377	2984.58	97.7634	-0.143047	0.109534	-0.05	0.0	0.44755	0.0	3.0925	0.0	0.0481241	0.0	0.0240284	0.0	0.03	0.0	1.492	0.04	5.0	0.0	1.733	0.07	0.0368166	0.0	1.87871e-05	0.000150437	0.354752	0.0519684	0.19835	0.0	0.00208889	0.0	0.00166206	0.00087322	1.70743	0.0	0.859168	0.0217005	0.598295	1.33918	0.790373	0.737031	0.463455	0.952906	0.0258764	0.0715393	0.199417	0.0694573	0.0943187	0.156159	-18600.4	4.0	3963.2	-161690.0	3.0	122.724	1.0	3129.46	126.791	1249.93	100.309	0.285412	0.0215664	1.08167	0.0069089	
0.0-2.4	6.5-30.0	10.0-60.0	0.000-1.571	0.004	0.164	26304.0	26301.0	16310.6	245.421	9991.36	195.039	-0.304073	0.0670734	-0.05	0.0	0.44755	0.0	3.0925	0.0	0.0481241	0.0	0.0240284	0.000520286	0.03	0.0	1.492	0.04	5.0	0.0	1.733	0.07	0.0368165	9.37964e-05	1.00456e-05	6.70688e-06	0.365492	0.0409716	0.19835	0.0	0.00208889	0.0	0.00226016	0.000536885	1.70743	0.0	0.892955	0.0136151	0.558741	5.14739	0.93605	0.253578	0.447039	4.15361	0.0452129	0.401153	0.25083	0.151908	0.776366	5.40964	-7952.68	4.0	50657.3	-810125.0	4.0	251.808	1.0	11659.4	293.576	4651.19	245.574	0.285163	0.0144317	1.10339	0.00441649	
0.0-2.4	6.5-30.0	10.0-60.0	0.393-0.785	0.008	0.145	6845.0	6844.0	4205.66	123.26	2638.19	100.085	-0.366592	0.120358	-0.05	0.0	0.44755	0.0	3.0925	0.0	0.0481241	0.0	0.0240284	0.0	0.03	0.0	1.492	0.04	5.0	0.0	1.733	0.07	0.0368166	0.0	2.84864e-05	5.39292e-05	0.348936	0.0727485	0.19835	0.0	0.00208889	0.0	0.00274374	0.00111191	1.70743	0.0	0.949034	0.0305906	0.495242	0.648551	0.915551	0.160226	0.37167	0.727482	0.0381789	0.0413861	0.249077	0.119885	0.561009	1.63639	-10583.9	4.0	7384.12	-168596.0	3.0	172.286	1.0	3089.52	145.19	1116.14	118.116	0.265389	0.0269864	1.14029	0.0102049	
0.0-2.4	6.5-30.0	10.0-60.0	0.785-1.178	0.008	0.152	6216.0	6214.0	3976.64	139.1	2237.49	101.512	-0.368165	0.169905	-0.05	0.0	0.44755	0.0	3.0925	0.0	0.0481241	0.0	0.0240284	0.0	0.03	0.0	1.492	0.04	5.0	0.0	1.733	0.07	0.0368166	0.0	1.02728e-05	0.00383331	0.47288	0.183783	0.19835	0.0	0.00208889	0.0	0.00173308	0.00125687	1.70743	0.0	0.91994	0.0305436	0.745396	0.32082	1.0	5.07436e-05	0.599707	0.15411	0.0986629	0.076008	0.356581	0.113464	1.24014	34.9372	24309.2	4.0	32881.2	-238206.0	3.0	223.4	1.0	2820.21	178.834	1156.43	154.552	0.290805	0.0375101	1.12102	0.0100467	
0.0-2.4	6.5-30.0	10.0-60.0	1.178-1.571	0.008	0.152	5876.0	5875.0	3752.06	108.667	2123.45	89.4609	-0.384852	0.146591	-0.05	0.0	0.44755	0.0	3.0925	0.0	0.0481241	0.0	0.0240284	0.0	0.03	0.0	1.492	0.04	5.0	0.0	1.733	0.07	0.0368166	0.0	1.0825e-05	4.3417e-05	0.296875	0.0361037	0.19835	0.0	0.00208889	0.0	0.0015037	0.00103507	1.70743	0.0	0.871209	0.0272791	0.594713	0.164365	0.913984	0.227097	0.420227	0.225174	0.0520026	0.0290662	0.26626	0.122891	2.6998	87.2054	-11546.3	4.0	2165.51	-127833.0	3.0	88.6359	1.0	2596.56	112.251	1155.49	89.8045	0.307962	0.0222108	1.08936	0.0087445	
0.0-2.4	6.5-30.0	20.0-30.0	0.000-0.393	0.008	0.105	2101.0	2095.0	1254.21	67.8155	841.554	53.7306	-0.159757	0.20764	-0.05	0.0	0.44755	0.0	3.0925	0.0	0.0481241	0.0	0.0231531	0.0	0.03	0.0	1.492	0.04	5.0	0.0	1.733	0.07	0.0365054	0.0	1.01047e-05	0.00333619	0.516473	0.207739	0.19835	0.0	0.00208889	0.0	0.00342821	0.00158156	1.70743	0.0	0.875346	0.0399461	0.534749	2.24934	0.981248	24.7043	0.479477	2.22414	0.0532991	0.161941	0.142911	0.504637	0.0380712	5.9969	-5182.08	4.0	1714.97	-44230.2	3.0	143.995	1.0	925.774	72.6048	328.433	55.5078	0.261865	0.0419312	1.09202	0.0128345	
0.0-2.4	6.5-30.0	20.0-30.0	0.000-1.571	0.008	0.136	7374.0	7359.0	4568.28	132.421	2791.44	99.944	-0.216741	0.140491	-0.05	0.0	0.44755	0.0	3.0925	0.0	0.0481241	0.0	0.0231531	0.000760229	0.03	0.0	1.492	0.04	5.0	0.0	1.733	0.07	0.0365054	0.000133186	1.61666e-05	1.68756e-05	0.454587	0.146891	0.19835	0.0	0.00208889	0.0	0.00250211	0.0010359	1.70743	0.0	0.851925	0.0261163	0.568729	0.356123	0.734675	0.913032	0.350067	0.36307	0.0465186	0.0171432	0.204866	0.0558176	0.0361628	0.0307316	16844.5	4.0	23789.9	-238845.0	4.0	4240.01	1.0	3265.79	181.393	1302.49	159.271	0.285117	0.0338708	1.07707	0.00827991	
0.0-2.4	6.5-30.0	20.0-30.0	0.393-0.785	0.008	0.105	1920.0	1899.0	1173.43	58.103	726.563	46.3893	-0.182363	0.215028	-0.05	0.0	0.44755	0.0	3.0925	0.0	0.0481241	0.0	0.0231531	0.0	0.03	0.0	1.492	0.04	5.0	0.0	1.733	0.07	0.0365054	0.0	1.22898e-05	0.163554	0.265195	0.0472467	0.19835	0.0	0.00208889	0.0	0.00268701	0.0018361	1.70743	0.0	0.907839	0.0498679	0.631802	0.0498253	1.0	633.608	0.582169	0.037787	0.0480668	0.00789051	0.182131	0.0176979	0.0464638	2737.92	-6543.76	4.0	339.676	-32618.5	3.0	21.5701	1.0	800.364	59.5205	373.062	48.0972	0.317925	0.0378451	1.11308	0.0163026	
0.0-2.4	6.5-30.0	20.0-30.0	0.785-1.178	0.008	0.12	1682.0	1678.0	1098.02	85.2434	580.074	54.9233	-0.34766	0.464515	-0.05	0.0	0.44755	0.0	3.0925	0.0	0.0481241	0.0	0.0231531	0.0	0.03	0.0	1.492	0.04	5.0	0.0	1.733	0.07	0.0365054	0.0	1.50151e-05	1.29092	0.787155	1.34064	0.19835	0.0	0.00208889	0.0	0.00191394	0.00269245	1.70743	0.0	0.833004	0.0677362	0.561826	0.658391	0.958134	0.167427	0.335109	0.660529	0.0366121	0.0304933	0.15225	0.0391336	0.132688	0.183601	23344.8	4.0	14828.8	-91338.4	3.0	12.6329	1.0	739.051	133.16	358.965	123.355	0.326921	0.109439	1.06514	0.0212333	
0.0-2.4	6.5-30.0	20.0-30.0	1.178-1.571	0.008	0.128	1670.0	1667.0	1045.39	57.1657	622.458	47.5921	-0.122573	0.246466	-0.05	0.0	0.44755	0.0	3.0925	0.0	0.0481241	0.0	0.0231531	0.0	0.03	0.0	1.492	0.04	5.0	0.0	1.733	0.07	0.0365054	0.0	2.47983e-05	5.01035e-05	0.31653	0.0867117	0.19835	0.0	0.00208889	0.0	-0.000112462	0.00176292	1.70743	0.0	0.794974	0.0498128	0.612879	0.32342	0.541587	0.592549	0.111888	0.713718	0.0415536	0.016576	0.325013	0.151944	0.0297784	0.0427372	-4217.87	4.0	664.761	-30617.4	3.0	12.8322	1.0	762.481	59.6248	282.909	45.3428	0.270625	0.0407714	1.04158	0.015239	
0.0-2.4	6.5-30.0	30.0-60.0	0.000-0.393	0.008	0.12	2304.0	2301.0	1522.49	64.0453	778.743	49.1541	-0.540079	0.214127	-0.05	0.0	0.44755	0.0	3.0925	0.0	0.0481241	0.0	0.024818	0.0	0.03	0.0	1.492	0.04	5.0	0.0	1.733	0.07	0.0371048	0.0	1.00028e-05	2.85792e-05	0.248853	0.0424739	0.19835	0.0	0.00208889	0.0	-6.22396e-05	0.00129911	1.70743	0.0	0.757948	0.0343136	0.994285	93.9512	0.453884	5.76464	0.320841	6.14301	0.00101124	20.2129	0.254784	0.0714643	0.0309773	0.0532641	-7873.51	4.0	430.699	-39435.8	3.0	0.0207003	1.0	1106.24	65.9496	416.249	49.9041	0.2734	0.030694	1.01921	0.0102281	
0.0-2.4	6.5-30.0	30.0-60.0	0.000-1.571	0.008	0.145	8340.0	8336.0	5883.27	132.575	2453.23	100.189	-0.586584	0.135831	-0.05	0.0	0.44755	0.0	3.0925	0.0	0.0481241	0.0	0.024818	0.0010106	0.03	0.0	1.492	0.04	5.0	0.0	1.733	0.07	0.0371048	0.000186716	1.27502e-05	0.000164255	0.269606	0.0263538	0.19835	0.0	0.00208889	0.0	0.000566826	0.000779511	1.70743	0.0	0.810406	0.0206044	0.793945	1.34032	0.525311	0.967482	0.153563	0.242321	0.0503154	0.0648078	0.444408	0.183279	0.0418736	0.0301444	-20215.0	4.0	3266.97	-189440.0	4.0	235.769	1.0	4255.76	137.795	1627.51	105.526	0.276634	0.0168186	1.05107	0.00636775	
0.0-2.4	6.5-30.0	30.0-60.0	0.393-0.785	0.008	0.12	2246.0	2246.0	1585.15	70.9695	661.286	56.5857	-0.90398	0.300056	-0.05	0.0	0.44755	0.0	3.0925	0.0	0.0481241	0.0	0.024818	0.0	0.03	0.0	1.492	0.04	5.0	0.0	1.733	0.07	0.0371048	0.0	1.0132e-05	0.0868918	0.302146	0.0778357	0.19835	0.0	0.00208889	0.0	-0.000488663	0.00166867	1.70743	0.0	0.883922	0.0496062	0.780537	7.539	0.499172	4.91529	0.0751096	0.840766	0.039571	0.191917	0.534788	0.507641	0.0442132	0.0651125	-3249.35	4.0	1932.58	-47909.6	3.0	505.036	1.0	1178.69	76.6769	406.453	58.5287	0.256413	0.0350932	1.09754	0.0160134	
0.0-2.4	6.5-30.0	30.0-60.0	0.785-1.178	0.008	0.12	1909.0	1906.0	1401.25	63.7045	505.659	43.5693	-0.45692	0.267639	-0.05	0.0	0.44755	0.0	3.0925	0.0	0.0481241	0.0	0.024818	0.0	0.03	0.0	1.492	0.04	5.0	0.0	1.733	0.07	0.0371048	0.0	1.50151e-05	1.29092	0.236279	0.0437792	0.19835	0.0	0.00208889	0.0	0.000638186	0.00171562	1.70743	0.0	0.823516	0.0412378	0.930681	1.82602	0.567872	1.60442	0.233214	0.265934	0.0710821	0.106848	0.408629	0.335238	0.0553154	0.133918	-6396.99	4.0	555.872	-35719.6	3.0	70.8241	1.0	1006.51	68.1569	394.746	53.6059	0.281709	0.0360482	1.0592	0.0128512	
0.0-2.4	6.5-30.0	30.0-60.0	1.178-1.571	0.008	0.12	1879.0	1868.0	1369.95	64.698	498.962	47.8958	-0.379922	0.354457	-0.05	0.0	0.44755	0.0	3.0925	0.0	0.0481241	0.0	0.024818	0.0	0.03	0.0	1.492	0.04	5.0	0.0	1.733	0.07	0.0371048	0.0	1.01172e-05	3.47073	0.296686	0.0548664	0.19835	0.0	0.00208889	0.0	0.00167067	0.00168356	1.70743	0.0	0.827366	0.042519	0.725125	2.06072	0.594675	1.25977	0.138186	0.915455	0.0372964	0.309265	0.662156	0.960828	0.0628218	0.133722	-4063.35	4.0	634.723	-36206.7	3.0	250.626	1.0	959.305	65.1129	410.643	50.6288	0.299751	0.0341379	1.06161	0.0132823	
0.0-2.4	6.5-8.0	0.0-100.0	0.000-0.393	0.016	0.136	6125.0	6114.0	2661.92	114.317	3453.17	115.709	-0.135528	0.11294	-0.05	0.0	0.445428	0.0	3.09154	0.0	0.0493168	0.0	0.0268568	0.0	0.03	0.0	1.492	0.04	5.0	0.0	1.733	0.07	0.0385143	0.0	5.8071e-05	0.000360109	0.422605	0.154338	0.313059	0.129726	0.00413537	0.00521731	0.00370001	0.00159492	1.71404	0.172071	0.919074	0.0312487	0.999061	75.695	0.564236	4.42609	0.752009	2.78794	0.00114472	181.12	0.210828	1.29429	0.141894	1.11148	-13529.2	4.0	5336.54	-163410.0	3.0	584.062	1.0	2041.72	141.222	620.202	113.864	0.23299	0.0415883	1.22475	0.067514	
0.0-2.4	6.5-8.0	0.0-100.0	0.000-1.571	0.016	0.16	21804.0	21799.0	9804.12	344.995	11995.6	362.815	-0.142475	0.0744571	-0.05	0.0	0.445428	0.199623	3.09154	0.00107027	0.0493168	0.00498933	0.0268568	0.00425546	0.03	0.0	1.492	0.04	5.0	0.0	1.733	0.07	0.0385143	0.00164365	2.57968e-05	9.0559e-05	0.306182	0.0379373	0.307488	0.0880482	0.00439684	0.00310131	0.00343457	0.000842586	1.63221	0.0944826	0.914034	0.0179441	0.558586	0.641088	0.897917	0.510617	0.629038	0.480609	0.0711743	0.14124	0.229579	0.442806	0.531902	5.15697	-37361.4	4.0	8950.85	-646252.0	7.0	8203.52	1.0	7592.35	314.96	2211.78	184.065	0.225597	0.0170133	1.18226	0.0398052	
0.0-2.4	6.5-8.0	0.0-100.0	0.393-0.785	0.016	0.145	5664.0	5661.0	2383.07	97.9591	3278.07	109.536	-0.251714	0.11345	-0.05	0.0	0.445428	0.0	3.09154	0.0	0.0493168	0.0	0.0268568	0.0	0.03	0.0	1.492	0.04	5.0	0.0	1.733	0.07	0.0385143	0.0	3.35609e-05	0.000234572	0.275521	0.0508018	0.488577	0.194943	0.00546084	0.00439552	0.00151901	0.00219315	1.47132	0.124323	0.880213	0.047158	0.645506	0.165925	0.813804	0.389887	0.530709	0.108451	0.0654251	0.0328547	0.137014	0.0244666	0.254692	0.280973	-16325.7	4.0	553.02	-128718.0	3.0	4.65027	1.0	1878.33	104.713	504.738	73.7136	0.211802	0.0296817	1.20578	0.0678767	
0.0-2.4	6.5-8.0	0.0-100.0	0.785-1.178	0.016	0.152	5270.0	5268.0	2525.93	99.5718	2742.16	103.159	0.0664567	0.12829	-0.05	0.0	0.445428	0.0	3.09154	0.0	0.0493168	0.0	0.0268568	0.0	0.03	0.0	1.492	0.04	5.0	0.0	1.733	0.07	0.0385143	0.0	4.17642e-05	0.79061	0.270435	0.0411599	0.230575	0.110068	0.00708186	0.0153869	0.00179357	0.00146771	1.73111	0.184706	0.877976	0.033724	0.457519	4.56026	0.389242	2.62809	0.403821	1.86652	0.0366431	0.208133	0.322686	0.314565	0.081294	0.0728757	-17034.3	4.0	596.144	-123147.0	3.0	2.0785	1.0	1920.19	102.624	605.739	73.2963	0.239809	0.0274346	1.13317	0.0638819	
0.0-2.4	6.5-8.0	0.0-100.0	1.178-1.571	0.016	0.152	4743.0	4740.0	2234.99	103.159	2505.93	121.991	-0.232599	0.114979	-0.05	0.0	0.445428	0.0	3.09154	0.0	0.0493168	0.0	0.0268568	0.0	0.03	0.0	1.492	0.04	5.0	0.0	1.733	0.07	0.0385143	0.0	6.96199e-05	0.00138898	0.25466	0.0415844	0.599664	0.33064	-4.6222e-05	0.00372	0.00224262	0.00202239	1.40906	0.147928	0.650478	0.0437859	0.634646	0.657312	0.817914	1.26309	0.644713	0.313728	0.0755115	0.173889	0.511717	1.32902	0.519893	4.97815	801.274	4.0	492.117	-135605.0	3.0	9096.06	1.0	1726.63	100.792	508.353	66.0171	0.227452	0.0276094	1.16618	0.123121	
0.0-2.4	6.5-8.0	10.0-60.0	0.000-0.393	0.016	0.128	3513.0	3507.0	1677.58	79.5514	1830.36	78.0196	-0.184051	0.143993	-0.05	0.0	0.445428	0.0	3.09154	0.0	0.0493168	0.0	0.0263113	0.0	0.03	0.0	1.492	0.04	5.0	0.0	1.733	0.07	0.0383049	0.0	5.95546e-05	0.000344739	0.338406	0.0841966	0.307488	0.0	0.00439684	0.0	0.000782552	0.00178062	1.63221	0.0	0.887448	0.0358913	0.9976	101.016	0.606087	16.07	0.743899	8.42612	0.00101319	164.014	0.216286	2.65567	0.107595	2.2948	-10575.0	4.0	1010.88	-73013.3	3.0	108.776	1.0	1270.91	87.0598	406.671	65.7206	0.242415	0.0374513	1.16815	0.00944125	
0.0-2.4	6.5-8.0	10.0-60.0	0.000-1.571	0.016	0.16	12122.0	12120.0	6242.65	151.327	5877.47	145.227	-0.122742	0.0836434	-0.05	0.0	0.445428	0.0	3.09154	0.0	0.0493168	0.0	0.0263113	0.0011538	0.03	0.0	1.492	0.04	5.0	0.0	1.733	0.07	0.038305	0.00021976	2.57968e-05	9.0559e-05	0.277408	0.0296751	0.307488	0.0	0.00439684	0.0	0.00187896	0.000988634	1.63221	0.0	0.872046	0.0210285	0.528128	0.56182	0.81782	0.22556	0.601909	0.360321	0.045843	0.0566657	0.204301	0.0472714	0.346395	0.284368	-36533.8	4.0	2084.82	-290714.0	4.0	69.5099	1.0	4744.38	161.001	1498.27	118.379	0.240005	0.0180484	1.16009	0.00547333	
0.0-2.4	6.5-8.0	10.0-60.0	0.393-0.785	0.016	0.145	3163.0	3161.0	1610.25	75.0347	1551.53	72.9794	-0.095536	0.160894	-0.05	0.0	0.445428	0.0	3.09154	0.0	0.0493168	0.0	0.0263113	0.0	0.03	0.0	1.492	0.04	5.0	0.0	1.733	0.07	0.0383049	0.0	3.35609e-05	0.000234572	0.242776	0.0479577	0.307488	0.0	0.00439684	0.0	0.00303626	0.00226421	1.63221	0.0	0.964953	0.047248	0.450635	1.0752	0.82296	0.376565	0.505503	0.89228	0.0377848	0.0651515	0.143801	0.0661468	0.364258	0.36566	-10454.6	4.0	265.474	-63112.5	3.0	8.27502	1.0	1257.88	81.357	352.369	58.7611	0.218829	0.0350383	1.20996	0.0130472	
0.0-2.4	6.5-8.0	10.0-60.0	0.785-1.178	0.016	0.152	2790.0	2788.0	1531.34	72.4395	1256.89	67.131	0.0124222	0.190378	-0.05	0.0	0.445428	0.0	3.09154	0.0	0.0493168	0.0	0.0263113	0.0	0.03	0.0	1.492	0.04	5.0	0.0	1.733	0.07	0.0383049	0.0	4.17642e-05	0.79061	0.231939	0.0426386	0.307488	0.0	0.00439684	0.0	-0.000357543	0.00187744	1.63221	0.0	0.823366	0.039469	0.999996	10.7333	0.325256	0.604784	0.602066	0.36217	0.154546	23.4552	0.328774	0.420729	0.105507	0.0831856	-9191.21	4.0	269.34	-55524.9	3.0	26.506	1.0	1163.66	76.4447	367.68	55.8228	0.240103	0.0346389	1.13519	0.00991237	
0.0-2.4	6.5-8.0	10.0-60.0	1.178-1.571	0.016	0.136	2655.0	2653.0	1424.32	71.4323	1229.09	67.8739	-0.186097	0.187901	-0.05	0.0	0.445428	0.0	3.09154	0.0	0.0493168	0.0	0.0263113	0.0	0.03	0.0	1.492	0.04	5.0	0.0	1.733	0.07	0.0383049	0.0	1.20568e-05	0.0173859	0.285029	0.0560065	0.307488	0.0	0.00439684	0.0	0.00140844	0.00189518	1.63221	0.0	0.776347	0.0442991	0.47232	0.179525	0.773879	0.329983	0.552738	0.17431	0.0519976	0.0240285	0.273545	0.10883	0.476878	0.642207	-6899.6	4.0	469.27	-54192.7	3.0	2.30332	1.0	1039.54	73.4662	384.779	55.2415	0.270149	0.0363411	1.11201	0.0107087	
0.0-2.4	8.0-10.0	0.0-100.0	0.000-0.393	0.008	0.152	3400.0	3394.0	2143.59	76.1497	1250.98	61.8009	0.163304	0.176279	-0.05	0.0	0.41159	0.0	3.09318	0.0	0.0514394	0.0	0.0232489	0.0	0.03	0.0	1.492	0.04	5.0	0.0	1.733	0.07	0.0375115	0.0	1.01039e-05	0.487899	0.249203	0.0320955	0.0783534	0.0380246	0.00336464	0.00777792	0.00079472	0.00119647	2.21072	0.285123	0.915815	0.0303137	0.62561	0.979518	0.68245	1.40231	0.364154	0.476335	0.0431296	0.0590097	0.250088	0.140101	0.0557052	0.0327398	-9797.52	4.0	505.503	-59036.1	3.0	14.6157	1.0	1518.11	77.9985	625.485	60.5729	0.291793	0.0262878	1.07515	0.0441646	
0.0-2.4	8.0-10.0	0.0-100.0	0.000-1.571	0.008	0.152	12507.0	12494.0	8016.65	498.931	4478.15	475.987	-0.238355	0.155731	-0.05	0.0	0.41159	0.372881	3.09318	0.00101305	0.0514394	0.0235793	0.0232489	0.00599604	0.03	0.0	1.492	0.04	5.0	0.0	1.733	0.07	0.0375115	0.00674344	1.04463e-05	0.772766	0.354059	0.0563419	0.0999374	0.0382996	0.00376099	0.00404766	0.00284672	0.000799012	1.94825	0.155484	0.9789	0.0198744	0.6037	1.62816	0.961383	0.224145	0.485045	1.33777	0.0439056	0.12463	0.348281	0.171339	0.346041	1.97811	16396.9	4.0	50394.5	-374442.0	7.0	650084.0	1.0	5709.99	393.699	2306.67	222.08	0.287734	0.0211361	1.11437	0.0289934	
0.0-2.4	8.0-10.0	0.0-100.0	0.393-0.785	0.016	0.105	3308.0	3283.0	2143.59	85.216	1139.31	68.7949	-0.578284	0.192007	-0.05	0.0	0.41159	0.0	3.09318	0.0	0.0514394	0.0	0.0232489	0.0	0.03	0.0	1.492	0.04	5.0	0.0	1.733	0.07	0.0375115	0.0	4.92988e-05	0.000250796	0.368833	0.0786489	0.0871788	0.0543777	0.00869349	0.0183421	0.0047516	0.00160874	2.08798	0.303036	1.0493	0.0404052	0.505065	1.63734	0.958119	0.192255	0.29896	2.14773	0.0270811	0.152031	0.40188	0.309634	0.366675	1.63066	-3853.85	4.0	2590.24	-73227.3	3.0	328.525	1.0	1482.51	90.5712	661.086	73.6237	0.308401	0.0320832	1.17691	0.0472896	
0.0-2.4	8.0-10.0	0.0-100.0	0.785-1.178	0.008	0.145	3025.0	3025.0	1964.05	104.657	1061.14	71.8847	-0.135822	0.284145	-0.05	0.0	0.41159	0.0	3.09318	0.0	0.0514394	0.0	0.0232489	0.0	0.03	0.0	1.492	0.04	5.0	0.0	1.733	0.07	0.0375115	0.0	6.83076e-05	0.000188408	0.735814	0.731684	0.0494462	0.0365968	0.00997806	0.0194271	0.00141729	0.00188104	2.17557	0.39497	1.03438	0.0477466	0.831133	0.00142128	1.0	187.944	0.638265	0.00078006	0.0948455	0.000298532	0.225306	0.000544814	0.0813615	601.885	23959.2	4.0	17942.6	-134667.0	3.0	68.8185	1.0	1363.88	150.89	600.166	136.047	0.305577	0.0673277	1.11851	0.0412189	
0.0-2.4	8.0-10.0	0.0-100.0	1.178-1.571	0.008	0.128	2772.0	2771.0	1774.67	70.2325	996.334	61.538	-0.414849	0.211665	-0.05	0.0	0.41159	0.0	3.09318	0.0	0.0514394	0.0	0.0232489	0.0	0.03	0.0	1.492	0.04	5.0	0.0	1.733	0.07	0.0375115	0.0	1.54046e-05	0.000145821	0.217016	0.0268609	0.681636	0.163444	-0.00101435	0.00214303	0.00221215	0.0022417	1.35029	0.0690844	0.600002	0.149554	0.93367	2.40454	0.596703	2.60787	0.470636	0.773498	0.053598	0.0972653	0.586716	0.674724	0.057332	0.0799253	-6092.02	4.0	196.615	-49546.8	3.0	185.665	1.0	1267.47	69.2008	507.198	51.7264	0.285799	0.0268631	1.16509	0.0594019	
0.0-2.4	8.0-10.0	10.0-60.0	0.000-0.393	0.008	0.145	2125.0	2124.0	1399.94	57.9135	724.824	44.3729	0.00305151	0.203726	-0.05	0.0	0.41159	0.0	3.09318	0.0	0.0514394	0.0	0.0238366	0.0	0.03	0.0	1.492	0.04	5.0	0.0	1.733	0.07	0.0377279	0.0	1.40048e-05	1.03758	0.223973	0.030167	0.0999374	0.0	0.00376099	0.0	0.00103267	0.00141522	1.94825	0.0	0.876219	0.0356194	0.571902	0.0242408	1.0	273.833	0.316373	0.0281782	0.042655	0.00286228	0.162344	0.0100912	0.0456957	761.512	-7330.69	4.0	97.9853	-31608.2	3.0	1.28752	1.0	1029.8	58.3738	370.139	42.7445	0.264397	0.0285068	1.03458	0.0135762	
0.0-2.4	8.0-10.0	10.0-60.0	0.000-1.571	0.008	0.145	7611.0	7610.0	5150.47	136.42	2460.09	97.1587	-0.389827	0.153682	-0.05	0.0	0.41159	0.0	3.09318	0.0	0.0514394	0.0	0.0238366	0.000689149	0.03	0.0	1.492	0.04	5.0	0.0	1.733	0.07	0.0377279	0.000128098	1.82514e-05	0.000157912	0.347908	0.0795909	0.0999374	0.0	0.00376099	0.0	0.00194487	0.00103292	1.94825	0.0	0.899669	0.0260364	0.640199	2.98906	0.598058	2.52251	0.202613	0.720064	0.0403775	0.088432	0.386202	0.178145	0.0472076	0.0542784	23667.5	4.0	82778.7	-235920.0	4.0	3292.59	1.0	3694.48	178.044	1455.99	153.659	0.28269	0.0288791	1.05254	0.0100154	
0.0-2.4	8.0-10.0	10.0-60.0	0.393-0.785	0.008	0.12	2033.0	2029.0	1350.78	64.8941	678.369	54.7684	-0.666431	0.259596	-0.05	0.0	0.41159	0.0	3.09318	0.0	0.0514394	0.0	0.0238366	0.0	0.03	0.0	1.492	0.04	5.0	0.0	1.733	0.07	0.0377279	0.0	1.00002e-05	8.80711e-05	0.322311	0.0888911	0.0999374	0.0	0.00376099	0.0	0.00159334	0.00189232	1.94825	0.0	0.957092	0.0556679	0.763395	1.13856	0.604045	2.20163	0.184327	1.68387	0.0431039	0.0569555	0.48108	0.410463	0.0382253	0.0531255	-1857.51	4.0	1628.46	-40125.9	3.0	564.055	1.0	962.616	71.5114	388.166	57.6451	0.287364	0.0403806	1.09718	0.0218536	
0.0-2.4	8.0-10.0	10.0-60.0	0.785-1.178	0.008	0.112	1821.0	1817.0	1262.73	93.4497	554.714	52.3674	-0.463334	0.466382	-0.05	0.0	0.41159	0.0	3.09318	0.0	0.0514394	0.0	0.0238366	0.0	0.03	0.0	1.492	0.04	5.0	0.0	1.733	0.07	0.0377279	0.0	1.4617e-05	0.013384	0.788942	1.14512	0.0999374	0.0	0.00376099	0.0	0.0019294	0.00267184	1.94825	0.0	0.954527	0.0665296	0.951812	5.9433	0.607118	2.33063	0.566359	2.54344	0.00100022	1.70872	0.217948	0.058108	0.0579487	0.0468437	22329.6	4.0	15400.4	-98121.6	3.0	127.918	1.0	829.454	135.463	433.278	124.941	0.343128	0.0956309	1.09517	0.0260954	
0.0-2.4	8.0-10.0	10.0-60.0	1.178-1.571	0.008	0.12	1630.0	1629.0	1142.89	55.3948	486.396	44.7237	-0.435755	0.335992	-0.05	0.0	0.41159	0.0	3.09318	0.0	0.0514394	0.0	0.0238366	0.0	0.03	0.0	1.492	0.04	5.0	0.0	1.733	0.07	0.0377279	0.0	4.81487e-05	1.07517	0.223147	0.033579	0.0999374	0.0	0.00376099	0.0	0.000122567	0.00174367	1.94825	0.0	0.906104	0.0449685	0.671853	0.28035	1.0	0.0442605	0.361384	0.38096	0.0574198	0.0356292	0.513638	0.398507	4.99676	1157.2	-3397.03	4.0	135.373	-26994.6	3.0	232.063	1.0	803.244	55.4569	339.645	42.787	0.297181	0.0345557	1.0575	0.01734	
1.2-1.6	6.5-30.0	0.0-100.0	0.000-0.393	0.008	0.136	2850.0	2848.0	1492.0	67.7747	1356.32	63.4894	0.00526182	0.157371	-0.05	0.0	0.595954	0.0	3.09128	0.0	0.0435039	0.0	0.0307196	0.0	0.03	0.0	1.492	0.04	5.0	0.0	1.733	0.07	0.0388483	0.0	8.70362e-05	0.000270698	0.318169	0.0809724	0.130197	0.0694199	0.00814269	0.0161506	0.00260217	0.0015306	1.98675	0.266132	0.888421	0.0375351	0.468813	2.48217	0.455888	5.33789	0.00377992	97.5225	0.0166833	0.258393	0.223461	0.351958	0.0482388	0.510107	-6223.73	4.0	1162.23	-50502.5	3.0	22.7397	1.0	1110.61	76.0879	381.389	59.5343	0.255624	0.0381755	1.09565	0.0605329	
1.2-1.6	6.5-30.0	0.0-100.0	0.000-1.571	0.008	0.136	10501.0	10491.0	5531.86	197.236	4959.15	214.401	-0.245419	0.0804221	-0.05	0.0	0.595954	0.156406	3.09128	0.00126677	0.0435039	0.00517129	0.0307196	0.00264311	0.03	0.0	1.492	0.04	5.0	0.0	1.733	0.07	0.0388483	0.00201696	1.03021e-05	0.137313	0.286568	0.0300366	0.0999774	0.0369937	0.00921681	0.0152857	0.00339457	0.000796032	2.02628	0.173102	0.948053	0.0197183	0.575321	19.3187	0.570069	8.0977	0.368166	11.981	0.0245698	0.730479	0.479932	0.630086	0.0829285	0.17714	-1197.3	4.0	3243.28	-257541.0	7.0	103956.0	1.0	4024.66	174.373	1507.2	112.704	0.272457	0.0179086	1.10428	0.0321177	
1.2-1.6	6.5-30.0	0.0-100.0	0.393-0.785	0.008	0.128	2858.0	2855.0	1432.41	70.0904	1423.25	72.8979	-0.381934	0.158988	-0.05	0.0	0.595954	0.0	3.09128	0.0	0.0435039	0.0	0.0307196	0.0	0.03	0.0	1.492	0.04	5.0	0.0	1.733	0.07	0.0388483	0.0	1.40773e-05	0.000247178	0.294912	0.0598694	0.0978918	0.063768	0.00830884	0.017385	0.00377402	0.00161075	2.07462	0.34261	1.0037	0.0393468	0.569375	31.1666	0.814483	13.612	0.51661	20.2661	0.039733	1.65424	0.386336	3.13284	0.189569	5.85727	-3171.13	4.0	910.587	-55730.3	3.0	357.139	1.0	1010.17	73.3068	422.241	57.9438	0.294776	0.0377929	1.15331	0.0567893	
1.2-1.6	6.5-30.0	0.0-100.0	0.785-1.178	0.008	0.136	2452.0	2450.0	1336.17	63.3394	1114.37	61.9146	-0.064986	0.188801	-0.05	0.0	0.595954	0.0	3.09128	0.0	0.0435039	0.0	0.0307196	0.0	0.03	0.0	1.492	0.04	5.0	0.0	1.733	0.07	0.0388483	0.0	1.0973e-05	0.00459423	0.305953	0.0716022	0.0383419	0.0282596	0.00999981	0.0173776	0.00314265	0.00147748	2.63905	0.579204	0.945172	0.0387839	0.577793	0.295418	0.81307	1.50692	0.42797	0.443168	0.0569592	0.0146398	0.235852	0.142567	0.0514223	0.0293076	-3548.87	4.0	708.727	-43513.6	3.0	53.7799	1.0	1006.4	66.8595	329.776	49.3825	0.246806	0.0350575	1.06119	0.0516924	
1.2-1.6	6.5-30.0	0.0-100.0	1.178-1.571	0.008	0.12	2339.0	2326.0	1267.68	75.6389	1058.84	93.5632	-0.586131	0.240518	-0.05	0.0	0.595954	0.0	3.09128	0.0	0.0435039	0.0	0.0307196	0.0	0.03	0.0	1.492	0.04	5.0	0.0	1.733	0.07	0.0388483	0.0	3.21269e-05	0.000513866	0.253438	0.0396711	0.429426	0.219667	0.00289074	0.00368548	0.0038189	0.00219633	1.45696	0.14329	0.764061	0.0598156	0.78219	1.04581	0.617011	2.16586	0.331418	2.07287	0.0831244	0.128827	0.931784	2.13529	0.048865	0.282719	6799.38	4.0	288.634	-65951.1	3.0	13654.3	1.0	890.888	67.2066	376.79	46.867	0.297229	0.0324394	1.11564	0.0865424	
1.2-1.6	6.5-30.0	10.0-60.0	0.000-0.393	0.008	0.12	1789.0	1787.0	1006.16	54.3551	780.977	47.1548	0.0111534	0.205761	-0.05	0.0	0.595954	0.0	3.09128	0.0	0.0435039	0.0	0.030398	0.0	0.03	0.0	1.492	0.04	5.0	0.0	1.733	0.07	0.038746	0.0	9.39567e-05	0.000265483	0.34599	0.113539	0.0999774	0.0	0.00921681	0.0	0.00323913	0.00187151	2.02628	0.0	1.02936	0.0437118	0.318463	69.5189	0.871821	26.3294	0.147118	131.752	0.00912587	2.46636	0.226313	0.575812	0.11625	3.89893	-3634.32	4.0	915.685	-29227.0	3.0	32.0078	1.0	751.324	61.074	254.831	47.6669	0.253272	0.0453564	1.16796	0.0173364	
1.2-1.6	6.5-30.0	10.0-60.0	0.000-1.571	0.008	0.128	6069.0	6063.0	3558.21	101.195	2505.06	93.1497	-0.35085	0.115984	-0.05	0.0	0.595954	0.0	3.09128	0.0	0.0435039	0.0	0.030398	0.00256417	0.03	0.0	1.492	0.04	5.0	0.0	1.733	0.07	0.038746	0.000406411	1.05393e-05	0.000462059	0.268346	0.0328382	0.0999774	0.0	0.00921681	0.0	0.00194021	0.000980662	2.02628	0.0	0.980102	0.0244306	0.749124	0.887553	0.62901	2.7327	0.419025	2.56953	0.0873228	0.142928	0.35779	0.182408	0.0372963	0.26641	-9954.71	4.0	1495.75	-114500.0	4.0	308.342	1.0	2622.15	106.238	936.057	80.2114	0.26307	0.0212649	1.12918	0.00954257	
1.2-1.6	6.5-30.0	10.0-60.0	0.393-0.785	0.008	0.112	1619.0	1610.0	879.109	51.6638	731.17	54.9345	-0.600578	0.240608	-0.05	0.0	0.595954	0.0	3.09128	0.0	0.0435039	0.0	0.030398	0.0	0.03	0.0	1.492	0.04	5.0	0.0	1.733	0.07	0.038746	0.0	2.07034e-05	0.000129572	0.222392	0.0429312	0.0999774	0.0	0.00921681	0.0	0.00217478	0.00212573	2.02628	0.0	1.10124	0.0491972	0.763577	9.98037	0.999975	1831.32	0.66542	14.9645	0.0987598	4.9476	0.569253	7.36538	0.0203847	6441.96	-1047.2	4.0	185.635	-27859.9	3.0	687.224	1.0	625.322	52.9253	253.786	40.9026	0.288686	0.0433239	1.22555	0.0198937	
1.2-1.6	6.5-30.0	10.0-60.0	0.785-1.178	0.008	0.128	1354.0	1352.0	831.618	44.5943	521.106	38.6089	-0.618187	0.245731	-0.05	0.0	0.595954	0.0	3.09128	0.0	0.0435039	0.0	0.030398	0.0	0.03	0.0	1.492	0.04	5.0	0.0	1.733	0.07	0.038746	0.0	2.57361e-05	0.000145696	0.210141	0.0375441	0.0999774	0.0	0.00921681	0.0	0.000645935	0.00176466	2.02628	0.0	0.920127	0.0468457	0.644017	0.411572	0.999992	284.694	0.452497	0.792833	0.0594311	0.0604733	0.229603	0.159193	0.0200003	1389.08	-3882.05	4.0	26.9764	-18321.2	3.0	38.5161	1.0	647.469	45.6819	184.149	31.2873	0.221435	0.0356993	1.08281	0.0179138	
1.2-1.6	6.5-30.0	10.0-60.0	1.178-1.571	0.008	0.105	1306.0	1289.0	833.216	46.8744	456.741	38.9163	-0.298964	0.287925	-0.05	0.0	0.595954	0.0	3.09128	0.0	0.0435039	0.0	0.030398	0.0	0.03	0.0	1.492	0.04	5.0	0.0	1.733	0.07	0.038746	0.0	3.08551e-05	0.00051849	0.287023	0.0586825	0.0999774	0.0	0.00921681	0.0	0.00359481	0.00202105	2.02628	0.0	0.958109	0.0511917	0.630124	0.62543	0.895231	26.3261	0.356719	8.23788	0.0774963	0.148314	0.387827	0.460902	0.0200003	2.8527	-2710.16	4.0	199.889	-19458.7	3.0	20.7782	1.0	591.23	46.8808	241.985	35.7329	0.290423	0.0396513	1.11206	0.0198476	
1.2-2.4	6.5-30.0	0.0-100.0	0.000-0.393	0.008	0.152	7340.0	7332.0	3563.13	110.275	3769.93	111.396	-0.214728	0.0988867	-0.05	0.0	0.633206	0.0	3.0911	0.0	0.0515987	0.0	0.0304763	0.0	0.03	0.0	1.492	0.04	5.0	0.0	1.733	0.07	0.0450172	0.0	3.42723e-05	0.000135506	0.278169	0.039847	0.147506	0.0525668	0.00656579	0.00470592	0.00217782	0.00101268	1.94036	0.171727	0.935937	0.0225164	0.862221	33.9315	0.560269	8.94949	0.597173	8.24871	0.00103375	7.11198	0.226724	0.0481218	0.0822927	0.031588	-19188.6	4.0	1368.64	-151697.0	3.0	10.1951	1.0	2693.12	120.168	870.008	90.6537	0.244169	0.024294	1.14111	0.0404077	
1.2-2.4	6.5-30.0	0.0-100.0	0.000-1.571	0.008	0.128	26250.0	26146.0	13615.6	314.253	12530.1	324.982	-0.358127	0.0575844	-0.05	0.0	0.633206	0.0963815	3.0911	0.000849239	0.0515987	0.00357376	0.0304763	0.000917328	0.03	0.0	1.492	0.04	5.0	0.0	1.733	0.07	0.0450172	0.00159872	1.38621e-05	0.000134836	0.271103	0.0176585	0.186805	0.0404235	0.00562667	0.0022307	0.00224974	0.000570093	1.79346	0.0844886	0.914339	0.0134496	0.871219	0.331835	0.463393	0.502219	0.46081	0.558608	0.161547	0.214052	0.331516	0.100264	0.0494539	0.0675869	-43038.9	4.0	4298.94	-678821.0	7.0	13825.7	1.0	10176.9	283.901	3438.74	178.123	0.252559	0.0117118	1.13168	0.0250561	
1.2-2.4	6.5-30.0	0.0-100.0	0.393-0.785	0.008	0.145	6833.0	6823.0	3434.29	110.515	3388.74	112.648	-0.523514	0.109669	-0.05	0.0	0.633206	0.0	3.0911	0.0	0.0515987	0.0	0.0304763	0.0	0.03	0.0	1.492	0.04	5.0	0.0	1.733	0.07	0.0450172	0.0	2.65486e-05	7.2402e-05	0.282161	0.0386686	0.215726	0.105061	0.00712779	0.00410469	0.00407222	0.00126638	1.7141	0.172696	0.989437	0.029019	0.666935	1.40932	0.794009	0.512812	0.56797	0.752265	0.0482054	0.158073	0.259885	0.15648	0.377807	0.732422	-12022.0	4.0	1315.35	-149924.0	3.0	163.94	1.0	2547.93	117.762	886.355	89.2122	0.25809	0.0246134	1.1839	0.0520285	
1.2-2.4	6.5-30.0	0.0-100.0	0.785-1.178	0.008	0.152	6199.0	6196.0	3340.82	105.75	2855.93	101.679	-0.266946	0.117829	-0.05	0.0	0.633206	0.0	3.0911	0.0	0.0515987	0.0	0.0304763	0.0	0.03	0.0	1.492	0.04	5.0	0.0	1.733	0.07	0.0450172	0.0	1.03152e-05	0.00396442	0.289288	0.0417147	0.127095	0.057169	0.00999999	0.014517	0.00108886	0.00111103	1.93778	0.197975	0.967324	0.0275129	0.998569	249.516	0.403643	13.257	0.459941	11.8192	0.00136515	201.868	0.280824	0.0792928	0.0655335	0.0378215	-14524.2	4.0	1059.84	-130749.0	3.0	32.5473	1.0	2589.33	112.133	751.487	80.1356	0.224941	0.0229056	1.13756	0.0426408	
1.2-2.4	6.5-30.0	0.0-100.0	1.178-1.571	0.008	0.152	5877.0	5874.0	3276.42	113.295	2598.18	121.762	-0.476249	0.128942	-0.05	0.0	0.633206	0.0	3.0911	0.0	0.0515987	0.0	0.0304763	0.0	0.03	0.0	1.492	0.04	5.0	0.0	1.733	0.07	0.0450172	0.0	3.88875e-05	0.000353399	0.251385	0.0265646	0.376887	0.131541	0.000173054	0.00284995	0.00281453	0.00130091	1.54336	0.106566	0.739627	0.0323001	0.828321	2.10064	0.485839	2.61207	0.391924	4.93564	0.0924784	0.237838	0.555364	0.954425	0.0482543	0.667201	-801.715	4.0	514.991	-150686.0	3.0	8033.06	1.0	2373.27	108.523	903.154	77.5747	0.275652	0.0216732	1.11293	0.0613186	
1.2-2.4	6.5-30.0	10.0-60.0	0.000-0.393	0.008	0.152	4445.0	4444.0	2382.02	85.6713	2061.87	79.334	-0.272447	0.128869	-0.05	0.0	0.633206	0.0	3.0911	0.0	0.0515987	0.0	0.0299216	0.0	0.03	0.0	1.492	0.04	5.0	0.0	1.733	0.07	0.0448805	0.0	3.42723e-05	0.000135506	0.290008	0.0535992	0.186805	0.0	0.00562667	0.0	0.00213451	0.00118533	1.79346	0.0	0.859779	0.0256712	0.740245	2.14857	0.774281	1.02114	0.577981	0.924622	0.0276652	0.103951	0.192639	0.0769526	0.116137	0.194634	-12312.6	4.0	1014.27	-81843.3	3.0	21.6987	1.0	1826.73	94.1033	555.295	70.2698	0.233119	0.0282835	1.09635	0.00818554	
1.2-2.4	6.5-30.0	10.0-60.0	0.000-1.571	0.008	0.16	15281.0	15278.0	8747.38	163.963	6531.58	149.596	-0.432409	0.0744766	-0.05	0.0	0.633206	0.0	3.0911	0.0	0.0515987	0.0	0.0299216	0.0015524	0.03	0.0	1.492	0.04	5.0	0.0	1.733	0.07	0.0448805	0.000189812	1.04253e-05	6.6059e-05	0.25271	0.0186772	0.186805	0.0	0.00562667	0.0	0.00325086	0.00069516	1.79346	0.0	0.913028	0.0160499	0.604886	0.295297	0.901596	0.144068	0.540108	0.254088	0.0409409	0.0341723	0.25804	0.0647238	0.325924	0.397406	-37360.3	4.0	2082.2	-330970.0	4.0	122.51	1.0	6507.91	171.771	2239.47	128.011	0.256016	0.013825	1.13082	0.00526901	
1.2-2.4	6.5-30.0	10.0-60.0	0.393-0.785	0.008	0.145	3916.0	3915.0	2187.71	82.0333	1727.26	80.3176	-0.560319	0.152223	-0.05	0.0	0.633206	0.0	3.0911	0.0	0.0515987	0.0	0.0299216	0.0	0.03	0.0	1.492	0.04	5.0	0.0	1.733	0.07	0.0448805	0.0	2.65486e-05	7.2402e-05	0.20898	0.027184	0.186805	0.0	0.00562667	0.0	0.00454586	0.0015737	1.79346	0.0	1.01033	0.0355539	0.557017	1.01131	0.836104	0.375666	0.535149	0.80977	0.0332725	0.0749772	0.335749	0.267693	0.598149	1.56135	-7139.49	4.0	282.956	-74463.7	3.0	326.271	1.0	1620.68	86.4755	567.037	65.0922	0.259191	0.0281214	1.19622	0.0122097	
1.2-2.4	6.5-30.0	10.0-60.0	0.785-1.178	0.008	0.152	3520.0	3517.0	2082.89	77.566	1434.83	67.8026	-0.452778	0.156266	-0.05	0.0	0.633206	0.0	3.0911	0.0	0.0515987	0.0	0.0299216	0.0	0.03	0.0	1.492	0.04	5.0	0.0	1.733	0.07	0.0448805	0.0	1.03152e-05	0.00396442	0.240292	0.0329127	0.186805	0.0	0.00562667	0.0	0.000904593	0.00142534	1.79346	0.0	0.906886	0.0339936	0.752904	0.25269	0.619339	1.73276	0.347375	1.60233	0.0936234	0.0723338	0.213943	0.0691307	0.028645	0.0606626	-10224.2	4.0	271.255	-62042.4	3.0	7.98978	1.0	1569.42	81.2073	513.472	59.5356	0.246519	0.0270689	1.12679	0.0111242	
1.2-2.4	6.5-30.0	10.0-60.0	1.178-1.571	0.008	0.152	3398.0	3397.0	2098.86	79.3561	1298.54	66.7451	-0.493228	0.170412	-0.05	0.0	0.633206	0.0	3.0911	0.0	0.0515987	0.0	0.0299216	0.0	0.03	0.0	1.492	0.04	5.0	0.0	1.733	0.07	0.0448805	0.0	3.88875e-05	0.000353399	0.270924	0.0352973	0.186805	0.0	0.00562667	0.0	0.00239481	0.00140441	1.79346	0.0	0.791036	0.0372964	0.710972	0.278708	0.404671	0.212212	7.87036e-07	14.6183	0.0614206	0.0367295	0.313979	0.0909748	0.0218916	0.0196313	-8623.18	4.0	410.424	-62893.1	3.0	2.9908	1.0	1471.65	80.908	627.203	63.3437	0.298831	0.0279854	1.05343	0.0113874	
1.6-2.4	3.0-6.5	0.0-100.0	0.000-0.393	0.016	0.232	37186.0	37183.0	6664.58	296.674	30519.8	474.782	0.0375725	0.0545166	-0.05	0.0	0.968878	0.0	3.08948	0.0	0.0516864	0.0	0.0148029	0.0	0.03	0.0	1.86	0.19	5.0	0.0	1.38	0.32	0.0509427	0.0	0.000149401	0.0117133	0.33052	0.0818754	0.473976	0.263955	-0.00707842	0.0107562	0.00934472	0.00145775	1.54049	0.193925	0.793055	0.0203354	0.999989	10919.0	0.767282	2.37069	0.70339	15.8429	0.00110062	208536.0	0.118461	8.53194	0.699813	3.42432	-112489.0	4.0	2815.15	-2025810.0	3.0	510.205	1.0	5630.46	340.136	1034.13	234.502	0.155167	0.0345017	1.2065	0.112056	
1.6-2.4	3.0-6.5	0.0-100.0	0.000-1.571	0.016	0.264	137844.0	137837.0	23873.9	3092.41	113964.0	4001.71	0.0983913	0.0882857	-0.05	0.0	0.968878	0.177234	3.08948	0.00399077	0.0516864	0.0115941	0.0148029	0.0187367	0.03	0.0	1.86	0.19	5.0	0.0	1.38	0.32	0.0509427	0.00608534	1.10324e-05	0.0465138	0.308505	0.037431	0.306676	0.207312	-0.00606766	0.0158233	0.01	0.000865142	1.65447	0.204252	0.92078	0.0103051	1.0	215.997	0.772889	0.0365813	0.762267	0.161815	0.00220924	79152.6	0.139642	0.118977	0.753311	0.0259185	-431377.0	4.0	9074.27	-8684230.0	7.0	47591.5	1.0	19903.0	2628.87	3970.85	727.403	0.166326	0.0215447	1.19469	0.0927766	
1.6-2.4	3.0-6.5	0.0-100.0	0.393-0.785	0.016	0.264	35314.0	35311.0	5725.59	285.11	29586.8	469.371	-0.00274118	0.0565306	-0.05	0.0	0.968878	0.0	3.08948	0.0	0.0516864	0.0	0.0148029	0.0	0.03	0.0	1.86	0.19	5.0	0.0	1.38	0.32	0.0509427	0.0	0.000104776	0.00436801	0.313417	0.0660767	0.434071	0.259887	-0.00999985	0.0153683	0.01	0.00430909	1.61272	0.231443	0.807492	0.019856	1.0	0.0172698	0.821376	6.21674e-06	0.746429	4.30502e-06	0.00105844	33.559	0.145597	2.34286e-06	0.418455	1.78427e-05	-112686.0	4.0	2681.35	-1922560.0	3.0	1213.38	1.0	4616.62	318.924	1108.96	227.844	0.193685	0.0386076	1.22392	0.122871	
1.6-2.4	3.0-6.5	0.0-100.0	0.785-1.178	0.016	0.24	33184.0	33182.0	5627.95	277.12	27554.7	451.818	0.0876328	0.05847	-0.05	0.0	0.968878	0.0	3.08948	0.0	0.0516864	0.0	0.0148029	0.0	0.03	0.0	1.86	0.19	5.0	0.0	1.38	0.32	0.0509427	0.0	2.10511e-05	0.000549047	0.25951	0.068876	0.0818643	0.0702753	-0.01	0.0192987	0.01	0.00233943	2.29979	0.540786	1.07931	0.0161191	0.999988	219189.0	0.760663	4916.6	0.809383	4695.41	0.0013988	321831.0	0.157559	4015.16	0.786952	4478.65	-117267.0	4.0	3608.31	-1803230.0	3.0	748.309	1.0	4683.01	329.511	944.942	239.938	0.167902	0.041824	1.22578	0.0725343	
1.6-2.4	3.0-6.5	0.0-100.0	1.178-1.571	0.016	0.24	32158.0	32154.0	5860.66	287.736	26293.5	460.314	0.294866	0.0702473	-0.05	0.0	0.968878	0.0	3.08948	0.0	0.0516864	0.0	0.0148029	0.0	0.03	0.0	1.86	0.19	5.0	0.0	1.38	0.32	0.0509427	0.0	3.20725e-05	0.0130815	0.332309	0.0702044	0.862746	0.0705318	0.0058369	0.00486993	0.01	0.00559224	1.3149	0.0586406	0.6	0.0390332	0.999994	900788.0	0.732264	2646.35	0.79206	4218.24	0.00111502	1135830.0	0.143491	4552.85	1.42844	15476.9	-91261.3	4.0	974.903	-1837910.0	3.0	4950.31	1.0	4980.05	298.897	880.613	177.278	0.150258	0.0293354	1.24139	0.0331313	
1.6-2.4	3.0-6.5	10.0-60.0	0.000-0.393	0.016	0.209	20333.0	20307.0	4460.26	220.749	15847.1	334.022	-0.0637409	0.0716144	-0.05	0.0	0.968878	0.0	3.08948	0.0	0.0516864	0.0	0.0149606	0.0	0.03	0.0	1.86	0.19	5.0	0.0	1.38	0.32	0.0509442	0.0	0.000129268	0.000932346	0.302763	0.0747899	0.306676	0.0	-0.00606766	0.0	0.00762083	0.00191086	1.65447	0.0	0.882659	0.0223774	0.999998	1110.95	0.759699	0.0954664	0.711279	0.585107	0.00251671	29686.3	0.105058	0.277746	0.762101	0.263988	-74207.8	4.0	729.039	-976709.0	3.0	150.702	1.0	3873.98	237.916	586.278	143.822	0.131445	0.0315821	1.17457	0.00582947	
1.6-2.4	3.0-6.5	10.0-60.0	0.000-1.571	0.016	0.209	72404.0	72352.0	15057.5	411.303	57294.4	632.269	0.0300139	0.0385619	-0.05	0.0	0.968878	0.0	3.08948	0.0	0.0516864	0.0	0.0149606	0.00424037	0.03	0.0	1.86	0.19	5.0	0.0	1.38	0.32	0.0509442	1.93773e-05	2.44459e-05	0.000226863	0.305729	0.0379154	0.306676	0.0	-0.00606766	0.0	0.0087848	0.00112516	1.65447	0.0	0.894077	0.0120762	0.999998	2202.9	0.806297	0.0435756	0.750778	0.225981	0.00146752	3195.31	0.120899	0.109306	0.544944	0.0270837	-288447.0	4.0	3362.78	-3950850.0	4.0	1078.25	1.0	12588.4	452.057	2469.14	301.109	0.163981	0.0194892	1.18054	0.00317052	
1.6-2.4	3.0-6.5	10.0-60.0	0.393-0.785	0.016	0.209	18954.0	18931.0	3576.01	205.987	15355.4	327.845	-0.0450234	0.0744737	-0.05	0.0	0.968878	0.0	3.08948	0.0	0.0516864	0.0	0.0149606	0.0	0.03	0.0	1.86	0.19	5.0	0.0	1.38	0.32	0.0509442	0.0	0.000185134	0.00079819	0.318612	0.0703524	0.306676	0.0	-0.00606766	0.0	0.00858158	0.00260731	1.65447	0.0	0.871476	0.0242943	0.517616	100.677	0.895295	7.00101	0.510641	56.1669	0.00100003	13.3047	0.115219	4.5433	0.304821	11.453	-70268.7	4.0	1546.8	-896223.0	3.0	460.086	1.0	2735.55	228.455	840.462	172.354	0.235028	0.0462568	1.16877	0.00627968	
1.6-2.4	3.0-6.5	10.0-60.0	0.785-1.178	0.016	0.2	16882.0	16882.0	3442.08	193.92	13440.9	297.852	0.0511218	0.078502	-0.05	0.0	0.968878	0.0	3.08948	0.0	0.0516864	0.0	0.0149606	0.0	0.03	0.0	1.86	0.19	5.0	0.0	1.38	0.32	0.0509442	0.0	3.10689e-05	0.000375227	0.234828	0.0506728	0.306676	0.0	-0.00606766	0.0	0.006978	0.00186826	1.65447	0.0	0.824717	0.0251133	0.350871	39.9477	0.931771	11.7263	7.36953e-05	497.704	0.00447549	0.971264	0.0806517	7.01639	0.362968	8.83707	-77585.8	4.0	333.409	-767949.0	3.0	215.92	1.0	2816.01	217.513	626.064	152.927	0.181885	0.0432308	1.145	0.00627061	
1.6-2.4	3.0-6.5	10.0-60.0	1.178-1.571	0.016	0.2	16233.0	16218.0	3587.34	200.935	12630.8	302.724	0.221439	0.0871809	-0.05	0.0	0.968878	0.0	3.08948	0.0	0.0516864	0.0	0.0149606	0.0	0.03	0.0	1.86	0.19	5.0	0.0	1.38	0.32	0.0509442	0.0	1.12763e-05	0.178932	0.371647	0.117844	0.306676	0.0	-0.00606766	0.0	0.00862663	0.00170772	1.65447	0.0	0.933058	0.0253507	1.0	0.280184	0.874564	1.69691e-05	0.801617	2.80734e-05	0.00114423	78.7362	0.147774	1.48294e-05	0.645544	0.000174978	-68799.5	4.0	1008.46	-781253.0	3.0	587.288	1.0	3099.52	218.306	487.82	135.142	0.135984	0.0368938	1.20127	0.00682593	
1.6-2.4	6.5-30.0	0.0-100.0	0.000-0.393	0.008	0.152	4489.0	4483.0	2070.52	87.0793	2412.65	91.6912	-0.349617	0.127162	-0.05	0.0	0.712549	0.0	3.09088	0.0	0.0556216	0.0	0.0297583	0.0	0.03	0.0	1.492	0.04	5.0	0.0	1.733	0.07	0.0495884	0.0	3.15307e-05	0.000173778	0.249167	0.0373339	0.171695	0.085994	0.00507026	0.00583142	0.00358199	0.00133743	1.8838	0.229153	0.912328	0.0284153	0.97174	1.95487	0.577876	0.575071	0.695837	0.402577	0.00103574	11.4728	0.238103	0.0781455	0.103268	0.0359312	-13324.1	4.0	233.727	-89358.0	3.0	1.21709	1.0	1587.07	89.9157	483.458	63.5856	0.233496	0.0290975	1.13962	0.0614175	
1.6-2.4	6.5-30.0	0.0-100.0	0.000-1.571	0.008	0.152	15749.0	15731.0	8074.37	212.419	7656.91	212.39	-0.453326	0.0745119	-0.05	0.0	0.712549	0.102485	3.09088	0.00114795	0.0556216	0.0036133	0.0297583	0.00348933	0.03	0.0	1.492	0.04	5.0	0.0	1.733	0.07	0.0495884	0.00186475	1.37144e-05	0.000327844	0.261699	0.0211101	0.337019	0.0765519	0.00343684	0.00197833	0.00321661	0.000879131	1.60396	0.0792233	0.881672	0.0193367	0.749665	0.269363	0.850014	0.338057	0.643249	0.113797	0.0657202	0.0848646	0.225791	0.0409746	0.282239	0.372289	-44851.9	4.0	1228.51	-375661.0	7.0	30.7506	1.0	6187.1	201.948	1887.27	129.439	0.233736	0.0148046	1.17576	0.034767	
1.6-2.4	6.5-30.0	0.0-100.0	0.393-0.785	0.008	0.145	3974.0	3966.0	1992.92	85.0859	1973.54	85.4352	-0.634385	0.147149	-0.05	0.0	0.712549	0.0	3.09088	0.0	0.0556216	0.0	0.0297583	0.0	0.03	0.0	1.492	0.04	5.0	0.0	1.733	0.07	0.0495884	0.0	1.91191e-05	0.000301555	0.273849	0.049562	0.653479	0.0874734	0.00512757	0.00198312	0.00330632	0.00298926	1.36098	0.0597214	0.785404	0.068493	0.808513	1.74099	0.692648	0.505444	0.574306	0.70233	0.0393017	0.300569	0.186749	0.0544751	0.349802	0.268526	-9464.38	4.0	438.34	-81924.0	3.0	3.08726	1.0	1530.29	89.9886	462.637	64.958	0.23214	0.031051	1.19339	0.0326914	
1.6-2.4	6.5-30.0	0.0-100.0	0.785-1.178	0.008	0.145	3746.0	3744.0	2008.59	84.9702	1735.63	80.8457	-0.417489	0.152652	-0.05	0.0	0.712549	0.0	3.09088	0.0	0.0556216	0.0	0.0297583	0.0	0.03	0.0	1.492	0.04	5.0	0.0	1.733	0.07	0.0495884	0.0	1.00081e-05	0.000130579	0.272508	0.0474485	0.283905	0.121121	0.00876046	0.0144238	0.00189256	0.00183704	1.63893	0.152102	0.958947	0.0420579	0.51702	21.1425	0.668803	5.49542	0.369446	10.7662	0.0173535	0.595099	0.282939	0.156897	0.0858732	0.0955284	-10887.0	4.0	319.309	-76695.2	3.0	13.1952	1.0	1591.99	88.4577	416.602	59.9983	0.20741	0.0285531	1.1921	0.055148	
1.6-2.4	6.5-30.0	0.0-100.0	1.178-1.571	0.008	0.152	3538.0	3537.0	2004.83	82.725	1532.06	74.5842	-0.423392	0.16043	-0.05	0.0	0.712549	0.0	3.09088	0.0	0.0556216	0.0	0.0297583	0.0	0.03	0.0	1.492	0.04	5.0	0.0	1.733	0.07	0.0495884	0.0	2.89134e-05	0.000256279	0.256346	0.0358197	0.350351	0.133684	-0.00427118	0.00495361	0.00234128	0.00166813	1.6055	0.129976	0.768008	0.037729	0.996459	57.0133	0.594786	1.52438	0.647643	1.06834	0.00100023	38.3394	0.267594	0.0769358	0.0942071	0.0675764	-11656.8	4.0	242.469	-70880.1	3.0	5.00127	1.0	1476.62	83.9379	528.207	61.7105	0.263468	0.0287972	1.13414	0.067372	
1.6-2.4	6.5-30.0	10.0-60.0	0.000-0.393	0.008	0.152	2655.0	2655.0	1374.37	66.1461	1281.23	63.782	-0.456102	0.166798	-0.05	0.0	0.712549	0.0	3.09088	0.0	0.0556216	0.0	0.0291517	0.0	0.03	0.0	1.492	0.04	5.0	0.0	1.733	0.07	0.0494847	0.0	3.15307e-05	0.000173778	0.240874	0.0419145	0.337019	0.0	0.00343684	0.0	0.00206482	0.00159935	1.60396	0.0	0.743148	0.0324434	0.968192	10.9938	0.722601	6.04665	0.708457	2.48931	0.001	20.3636	0.187445	0.41021	0.129119	1.43576	-9029.83	4.0	110.716	-45785.4	3.0	3.55933	1.0	1069.05	67.7773	305.321	46.5019	0.222154	0.0321013	1.11049	0.00719711	
1.6-2.4	6.5-30.0	10.0-60.0	0.000-1.571	0.008	0.16	9211.0	9210.0	5181.56	129.1	4029.02	116.87	-0.499227	0.096167	-0.05	0.0	0.712549	0.0	3.09088	0.0	0.0556216	0.0	0.0291517	0.00235258	0.03	0.0	1.492	0.04	5.0	0.0	1.733	0.07	0.0494847	0.000199192	3.34301e-05	6.81326e-05	0.242758	0.0218161	0.337019	0.0	0.00343684	0.0	0.00347023	0.00102481	1.60396	0.0	0.798806	0.0225572	0.600317	0.220748	0.886274	0.0967198	0.519855	0.199674	0.0293315	0.015032	0.193276	0.0279176	0.345825	0.216394	-28392.0	4.0	671.288	-192476.0	4.0	10.4645	1.0	3874.95	134.458	1306.6	99.0846	0.252165	0.018061	1.13582	0.00525882	
1.6-2.4	6.5-30.0	10.0-60.0	0.393-0.785	0.008	0.145	2297.0	2295.0	1299.55	63.1755	996.137	57.8068	-0.552942	0.196823	-0.05	0.0	0.712549	0.0	3.09088	0.0	0.0556216	0.0	0.0291517	0.0	0.03	0.0	1.492	0.04	5.0	0.0	1.733	0.07	0.0494847	0.0	1.91191e-05	0.000301555	0.194302	0.0353858	0.337019	0.0	0.00343684	0.0	0.00470603	0.00234227	1.60396	0.0	0.895616	0.0535219	0.567387	0.39913	0.822209	0.234131	0.429602	0.459371	0.0284855	0.0237526	0.180337	0.0522976	0.580197	0.699797	-6731.12	4.0	108.655	-39828.7	3.0	3.04626	1.0	992.389	69.4277	307.157	52.1127	0.236357	0.0384193	1.18273	0.0134351	
1.6-2.4	6.5-30.0	10.0-60.0	0.785-1.178	0.008	0.145	2165.0	2163.0	1251.75	63.5732	911.668	55.7178	-0.384909	0.202881	-0.05	0.0	0.712549	0.0	3.09088	0.0	0.0556216	0.0	0.0291517	0.0	0.03	0.0	1.492	0.04	5.0	0.0	1.733	0.07	0.0494847	0.0	1.00081e-05	0.000130579	0.260663	0.0480619	0.337019	0.0	0.00343684	0.0	0.00136903	0.00243624	1.60396	0.0	0.915356	0.052361	0.999431	26.6052	0.672509	0.474509	0.63932	0.778484	0.00144344	48.1477	0.19982	0.243412	0.139638	0.246879	-6455.13	4.0	236.154	-38601.7	3.0	4.45539	1.0	916.154	66.7111	335.592	50.7532	0.268099	0.0381913	1.1927	0.013321	
1.6-2.4	6.5-30.0	10.0-60.0	1.178-1.571	0.008	0.152	2092.0	2091.0	1256.41	63.4737	835.012	53.7753	-0.616438	0.212289	-0.05	0.0	0.712549	0.0	3.09088	0.0	0.0556216	0.0	0.0291517	0.0	0.03	0.0	1.492	0.04	5.0	0.0	1.733	0.07	0.0494847	0.0	2.89134e-05	0.000256279	0.264647	0.0446752	0.337019	0.0	0.00343684	0.0	0.00156269	0.00195775	1.60396	0.0	0.645004	0.0519551	0.999998	96.6078	0.25228	0.0418924	7.05298e-08	0.100879	0.0124174	139.254	0.260046	0.0223202	0.0231641	0.00170645	-6541.38	4.0	222.586	-37537.0	3.0	8.48281	1.0	878.667	65.0385	377.745	51.2222	0.300654	0.0378335	1.06905	0.0103912	
