v2W_Prof_Eff3_binv0
rap	pT	cent	dPhi	ctauErrMin	ctauErrMax	NoCutEntry	CutEntry	NSig	NSigErr	NBkg	NBkgErr	coefExp	coefExpErr	coefPol1	coefPol1Err	coeffGaus	coeffGausErr	meanSig1	meanSig1Err	sigmaSig1	sigmaSig1Err	sigmaSig2	sigmaSig2Err	sigmaSig3	sigmaSig3Err	alpha	alphaErr	enne	enneErr	enneW	enneWErr	sigWidth	sigWidthErr	Gmc	GmcErr	bTau	bTauErr	fracRes	fracResErr	meanResSigW	meanResSigWErr	meanResSigN	meanResSigNErr	sigmaResSigW	sigmaResSigWErr	sigmaResSigN	sigmaResSigNErr	fpm	fpmErr	fLiving	fLivingErr	fbkgCtTot	fbkgCtTotErr	lambdam	lambdamErr	lambdap	lambdapErr	lambdasym	lambdasymErr	NLL	nFitPar	EDM	NLLMass	nFitParMass	EDMMass	Prob	PROMPT	PROMPTErr	NON-PROMPT	NON-PROMPTErr	Bfraction	BfractionErr	Resolution	ResolutionErr	
0.0-1.2	6.5-30.0	0.0-100.0	0.000-0.393	0.008	0.088	5719.0	5715.0	3706.03	66.1531	2008.95	51.76	0.273103	0.0880829	-0.05	0.0	0.509614	0.0	3.09228	0.0	0.0194733	0.0	0.0350472	0.0	0.03	0.0	1.492	0.0	5.0	0.0	1.733	0.0	0.0282063	0.0	3.25814e-05	0.000295869	0.410893	0.0127606	0.501962	0.181306	-0.00129914	0.00300691	0.00150781	0.000852348	1.52034	0.12883	0.768274	0.0233322	0.884033	0.206069	0.689099	0.261016	0.635978	0.0308429	0.0705841	2.06299e-06	0.236018	0.0340246	0.161852	0.073949	-9573.28	4.0	1.33985e-07	-48952.9	3.0	5.1822e-07	1.0	2387.43	56.191	1318.6	43.5352	0.355799	0.00988225	1205.91	76.5557	
0.0-1.2	6.5-30.0	0.0-100.0	0.000-1.571	0.008	0.105	21543.0	21538.0	13570.1	135.049	7967.69	112.398	-0.0159895	0.0456636	-0.05	0.0	0.509614	0.0466471	3.09228	0.000267193	0.0194733	0.000563354	0.0350472	0.00172524	0.03	0.0	1.492	0.0	5.0	0.0	1.733	0.0	0.0282063	0.000639786	1.16782e-05	0.000130175	0.415137	0.00713032	0.282557	0.19576	0.00228371	0.00264771	0.000429226	0.000365415	1.58042	0.170805	0.883512	0.0107055	0.655524	0.0215943	0.924349	0.0143084	0.515304	0.0163656	0.0705785	2.84553e-07	0.26281	0.0115608	0.453497	0.0705265	-35329.6	4.0	1.60004e-06	-212345.0	7.0	2.72391e-05	1.0	9078.14	113.856	4491.94	82.4578	0.331018	0.00510597	1125.07	82.0819	
0.0-1.2	6.5-30.0	0.0-100.0	0.393-0.785	0.008	0.096	5645.0	5644.0	3524.03	64.47	2119.94	52.4618	-0.136478	0.0852968	-0.05	0.0	0.509614	0.0	3.09228	0.0	0.0194733	0.0	0.0350472	0.0	0.03	0.0	1.492	0.0	5.0	0.0	1.733	0.0	0.0282063	0.0	2.67292e-05	0.00233575	0.431348	0.0143247	0.127168	0.584266	0.00999903	0.0216801	-0.00191266	0.000678334	1.49685	0.452055	0.998498	0.020994	0.671263	0.186457	0.999994	0.464584	0.395248	0.17147	0.0707027	0.0320007	0.168665	0.0189043	0.0704885	1.52488e-11	-9400.54	4.0	8.35744e-08	-48025.8	3.0	8.74792e-06	1.0	2369.75	55.9045	1154.28	41.1308	0.327546	0.0100158	1074.77	173.89	
0.0-1.2	6.5-30.0	0.0-100.0	0.785-1.178	0.008	0.08	5396.0	5391.0	3422.76	63.5618	1968.24	50.8483	0.030289	0.0886228	-0.05	0.0	0.509614	0.0	3.09228	0.0	0.0194733	0.0	0.0350472	0.0	0.03	0.0	1.492	0.0	5.0	0.0	1.733	0.0	0.0282063	0.0	4.7042e-05	0.000197635	0.485941	0.0162323	0.205787	0.168928	0.00506329	0.00588939	0.000177913	0.000663507	1.73483	0.294288	0.874886	0.0185367	0.773529	0.134166	0.578627	0.1393	0.466295	0.0404499	0.0706547	1.27198e-08	0.417875	0.0357532	0.0967129	0.0132566	-8372.62	4.0	4.50531e-05	-45766.2	3.0	6.36783e-09	1.0	2218.23	53.7643	1204.53	41.1591	0.351918	0.0100943	1107.82	97.9886	
0.0-1.2	6.5-30.0	0.0-100.0	1.178-1.571	0.008	0.088	4781.0	4778.0	2910.54	58.9341	1867.4	49.296	-0.240128	0.0908386	-0.05	0.0	0.509614	0.0	3.09228	0.0	0.0194733	0.0	0.0350472	0.0	0.03	0.0	1.492	0.0	5.0	0.0	1.733	0.0	0.0282063	0.0	3.78287e-05	0.000218777	0.272597	0.0113453	0.083253	0.655744	-0.00048919	0.0163992	0.000896284	0.000700637	1.84756	1.50756	0.999939	0.0207473	0.676077	0.0527285	0.817769	0.0386801	0.510269	0.0337997	0.0705911	7.65825e-10	0.322529	0.0305259	0.520766	0.0854311	-8166.47	4.0	1.83337e-07	-39711.6	3.0	1.85793e-05	1.0	2043.6	53.7343	866.941	38.5129	0.297863	0.0117778	1095.82	376.363	
0.0-1.2	6.5-30.0	10.0-60.0	0.000-0.393	0.008	0.073	3459.0	3453.0	2327.62	52.051	1125.16	38.8211	0.163147	0.11767	-0.05	0.0	0.509614	0.0	3.09228	0.0	0.0194733	0.0	0.034863	0.0	0.03	0.0	1.492	0.0	5.0	0.0	1.733	0.0	0.0280941	0.0	1.10004e-05	0.000671606	0.38091	0.0150883	0.282557	0.0	0.00228371	0.0	-0.00121721	0.000875849	1.58042	0.0	0.883516	0.0249077	0.748454	0.03809	0.999921	3.04893	0.60371	0.0219109	0.0706526	4.14735e-09	0.206354	0.0104764	0.0719579	24.0438	-6244.21	4.0	2.04734e-05	-28057.4	3.0	3.73639e-05	1.0	1510.17	44.5672	817.449	34.35	0.351195	0.0124943	1125.07	7.01657	
0.0-1.2	6.5-30.0	10.0-60.0	0.000-1.571	0.008	0.105	13085.0	13080.0	8872.3	104.756	4207.14	79.4314	-0.0175995	0.06082	-0.05	0.0	0.509614	0.0	3.09228	0.0	0.0194733	0.0	0.034863	0.000828625	0.03	0.0	1.492	0.0	5.0	0.0	1.733	0.0	0.0280941	0.000252125	1.16782e-05	0.000130175	0.447625	0.00939867	0.282557	0.0	0.00228371	0.0	-0.000553792	0.000445093	1.58042	0.0	0.856348	0.0127819	0.672342	0.028249	0.914875	0.017067	0.493859	0.0212213	0.0705181	2.74564e-07	0.295757	0.0167955	0.554935	0.091644	-22314.9	4.0	7.34858e-07	-123819.0	4.0	0.000156339	1.0	5910.75	88.8259	2961.54	65.1325	0.333796	0.00619346	1109.9	3.53769	
0.0-1.2	6.5-30.0	10.0-60.0	0.393-0.785	0.008	0.073	3513.0	3511.0	2401.33	52.5906	1109.63	38.3931	0.0555959	0.118476	-0.05	0.0	0.509614	0.0	3.09228	0.0	0.0194733	0.0	0.034863	0.0	0.03	0.0	1.492	0.0	5.0	0.0	1.733	0.0	0.0280941	0.0	1.70432e-05	0.00459144	0.489654	0.0200881	0.282557	0.0	0.00228371	0.0	-0.00143109	0.000859598	1.58042	0.0	0.85035	0.0254479	0.651026	0.000971733	1.0	0.162784	0.35523	0.00104628	0.0705406	2.57261e-10	0.17103	0.000361127	0.313508	27.475	-6304.63	4.0	6.32146e-07	-28674.6	3.0	1.06456e-05	1.0	1661.54	45.7515	739.79	32.1179	0.308075	0.0115486	1106.58	7.01492	
0.0-1.2	6.5-30.0	10.0-60.0	0.785-1.178	0.008	0.064	3208.0	3201.0	2225.06	50.7481	975.929	36.4173	-0.106416	0.126393	-0.05	0.0	0.509614	0.0	3.09228	0.0	0.0194733	0.0	0.034863	0.0	0.03	0.0	1.492	0.0	5.0	0.0	1.733	0.0	0.0280941	0.0	1.55303e-05	0.000309325	0.551147	0.0217531	0.282557	0.0	0.00228371	0.0	0.000334966	0.000841938	1.58042	0.0	0.786785	0.0228187	0.87667	0.734531	0.668482	0.109159	0.469983	0.328389	0.145276	0.0635997	0.536595	0.117113	0.0706487	0.289427	-5032.23	4.0	3.70438e-07	-25901.5	3.0	5.64189e-06	1.0	1394.41	41.9554	830.65	33.2827	0.373316	0.0122984	1072.32	6.00594	
0.0-1.2	6.5-30.0	10.0-60.0	1.178-1.571	0.008	0.064	2903.0	2899.0	1905.13	47.1258	993.787	36.1871	-0.221149	0.124814	-0.05	0.0	0.509614	0.0	3.09228	0.0	0.0194733	0.0	0.034863	0.0	0.03	0.0	1.492	0.0	5.0	0.0	1.733	0.0	0.0280941	0.0	1.05551e-05	0.000410668	0.312209	0.0149569	0.282557	0.0	0.00228371	0.0	-0.00201136	0.00100108	1.58042	0.0	0.858069	0.0283727	0.636309	0.0570168	0.735366	0.0463152	0.362362	0.043514	0.0705089	3.33729e-09	0.185211	0.0301175	0.670246	0.0865193	-4955.61	4.0	1.47181e-05	-22940.7	3.0	2.86751e-05	1.0	1305.46	42.0577	599.671	30.7587	0.314766	0.0141437	1110.85	7.86183	
0.0-2.4	10.0-13.0	0.0-100.0	0.000-0.393	0.016	0.08	1715.0	1707.0	1272.03	38.4732	434.959	25.3594	0.33788	0.194458	-0.05	0.0	0.412245	0.0	3.09064	0.0	0.0208416	0.0	0.0428945	0.0	0.03	0.0	1.492	0.0	5.0	0.0	1.733	0.0	0.0355035	0.0	1.00051e-05	0.0125341	0.353476	0.018693	0.270245	0.128633	-0.00998909	0.00318196	0.00170987	0.00112145	1.58141	0.172807	0.836451	0.0321725	0.824609	0.0602833	0.999994	0.64538	0.538146	0.0619709	0.123877	0.0403777	0.209791	0.0268612	0.0706248	6.96049e-06	-3215.74	4.0	5.50252e-06	-12747.0	3.0	7.57818e-07	1.0	819.497	32.7592	452.531	25.4194	0.355756	0.0168392	1089.23	63.7064	
0.0-2.4	10.0-13.0	0.0-100.0	0.000-1.571	0.008	0.136	6889.0	6887.0	5146.32	80.2854	1740.49	55.1342	-0.610618	0.0998261	-0.05	0.0	0.412245	0.0604099	3.09064	0.000519446	0.0208416	0.00143428	0.0428945	0.00227274	0.03	0.0	1.492	0.0	5.0	0.0	1.733	0.0	0.0355036	0.0010192	1.25623e-05	9.06713e-05	0.446673	0.0118111	0.0553454	0.0788853	0.000212513	0.0144851	0.000320814	0.000516593	2.09412	0.553674	0.953907	0.0155181	0.87373	1.77498	0.781804	10.1553	0.351817	2.98478	0.0704599	5.98688e-08	0.296401	0.294073	0.0706329	0.922768	-11879.4	4.0	2.99681e-06	-60945.9	7.0	3.20206e-05	1.0	3334.77	67.4925	1811.56	51.453	0.35201	0.00835484	1049.9	72.3879	
0.0-2.4	10.0-13.0	0.0-100.0	0.393-0.785	0.008	0.088	1804.0	1803.0	1372.94	39.6084	430.036	25.0171	-0.610092	0.195075	-0.05	0.0	0.412245	0.0	3.09064	0.0	0.0208416	0.0	0.0428945	0.0	0.03	0.0	1.492	0.0	5.0	0.0	1.733	0.0	0.0355035	0.0	9.67596e-05	0.000320065	0.526356	0.0259951	0.905113	0.201076	0.00602278	0.00419437	-0.00685535	0.0036532	1.24083	0.0559838	0.6	0.0278654	0.866804	0.034927	0.999999	4.13523	0.459609	0.0311095	0.0709603	0.0173007	0.236709	0.0161773	0.07179	14.4164	-3108.36	4.0	6.70244e-06	-13654.4	3.0	3.68207e-05	1.0	885.302	33.0207	487.642	25.2184	0.35518	0.0152445	1194.88	56.1758	
0.0-2.4	10.0-13.0	0.0-100.0	0.785-1.178	0.008	0.105	1726.0	1724.0	1303.79	38.7862	420.21	24.917	-1.21358	0.20448	-0.05	0.0	0.412245	0.0	3.09064	0.0	0.0208416	0.0	0.0428945	0.0	0.03	0.0	1.492	0.0	5.0	0.0	1.733	0.0	0.0355035	0.0	0.000150013	0.000368392	0.559425	0.0287729	0.0264505	0.0570749	-0.00999745	0.0190374	0.00113176	0.00111006	2.76374	1.36911	1.01928	0.0342743	0.814647	0.0773471	0.999954	0.118808	0.315379	0.0936581	0.07129	0.0234514	0.395033	0.0359275	0.0709832	2.85395	-2669.61	4.0	1.0831e-06	-12862.6	3.0	8.89582e-07	1.0	828.94	32.8333	474.854	25.8741	0.364209	0.0166265	1101.59	98.0249	
0.0-2.4	10.0-13.0	0.0-100.0	1.178-1.571	0.008	0.088	1643.0	1629.0	1196.43	37.5604	432.579	25.4355	-0.970659	0.196688	-0.05	0.0	0.412245	0.0	3.09064	0.0	0.0208416	0.0	0.0428945	0.0	0.03	0.0	1.492	0.0	5.0	0.0	1.733	0.0	0.0355035	0.0	4.2601e-05	0.000476275	0.333494	0.0202564	0.72641	0.161382	0.00313713	0.00293527	0.0015067	0.00229053	1.44557	0.102068	0.641815	0.0553602	0.982645	0.0636748	0.612629	0.107579	0.297962	0.0621831	0.0706201	1.68512e-06	0.271615	0.0316079	0.07052	7.38418e-07	-2971.01	4.0	2.32936e-06	-11980.9	3.0	7.26418e-07	1.0	836.316	33.2402	360.112	23.3107	0.300989	0.0170389	1276.97	67.7161	
0.0-2.4	10.0-13.0	10.0-60.0	0.000-0.393	0.016	0.08	1117.0	1112.0	838.108	31.2472	273.766	20.2968	0.321683	0.245002	-0.05	0.0	0.412245	0.0	3.09064	0.0	0.0208416	0.0	0.043097	0.0	0.03	0.0	1.492	0.0	5.0	0.0	1.733	0.0	0.0356474	0.0	1.00051e-05	0.0125341	0.290071	0.0189541	0.0553454	0.0	0.000212513	0.0	-0.000176444	0.00113311	2.09412	0.0	0.86523	0.0324301	0.836086	0.0773397	0.999993	0.752292	0.521848	0.079043	0.135632	0.0588697	0.232487	0.0356024	0.153855	7.27119	-2140.89	4.0	4.46291e-07	-7833.99	3.0	8.6225e-05	1.0	524.34	26.6484	313.768	21.5598	0.374376	0.0216083	974.627	13.5983	
0.0-2.4	10.0-13.0	10.0-60.0	0.000-1.571	0.008	0.136	4479.0	4478.0	3454.87	64.2326	1023.21	41.1608	-0.756977	0.127839	-0.05	0.0	0.412245	0.0	3.09064	0.0	0.0208416	0.0	0.043097	0.00127511	0.03	0.0	1.492	0.0	5.0	0.0	1.733	0.0	0.0356473	0.000453037	1.25623e-05	9.06713e-05	0.500357	0.015618	0.0553454	0.0	0.000212513	0.0	0.00045509	0.000630933	2.09412	0.0	0.944564	0.018661	0.998474	2.193	0.570314	0.236871	0.2512	0.0914293	0.0709764	1.8699	0.32966	0.0176769	0.0705081	1.45775e-06	-7589.61	4.0	4.50667e-06	-37946.7	4.0	1.66409e-06	1.0	2191.17	53.4149	1263.7	41.7799	0.365774	0.0099998	1041.89	7.99078	
0.0-2.4	10.0-13.0	10.0-60.0	0.393-0.785	0.016	0.088	1173.0	1172.0	943.208	32.5483	228.792	18.5738	-0.936868	0.271898	-0.05	0.0	0.412245	0.0	3.09064	0.0	0.0208416	0.0	0.043097	0.0	0.03	0.0	1.492	0.0	5.0	0.0	1.733	0.0	0.0356474	0.0	9.67596e-05	0.000320065	0.592756	0.0335348	0.0553454	0.0	0.000212513	0.0	-0.000393281	0.00119121	2.09412	0.0	0.935411	0.0372906	0.729741	0.0725084	0.999997	0.0659848	0.303954	0.0651255	0.0706425	0.0232799	0.19277	0.0234816	0.0709828	7.3143	-2043.9	4.0	5.97551e-06	-8507.53	3.0	8.89894e-07	1.0	573.417	26.5485	369.792	21.8201	0.392057	0.0187654	1034.06	15.9331	
0.0-2.4	10.0-13.0	10.0-60.0	0.785-1.178	0.016	0.105	1155.0	1154.0	912.217	32.0527	241.786	18.8933	-1.45272	0.276104	-0.05	0.0	0.412245	0.0	3.09064	0.0	0.0208416	0.0	0.043097	0.0	0.03	0.0	1.492	0.0	5.0	0.0	1.733	0.0	0.0356474	0.0	0.000150013	0.000368392	0.66246	0.0377946	0.0553454	0.0	0.000212513	0.0	-0.000115066	0.00137237	2.09412	0.0	1.05029	0.0402147	1.0	0.0840785	0.952676	0.0511455	0.416191	0.0593577	0.0707256	2.88627e-05	0.491095	0.0574031	0.205794	0.210257	-1710.86	4.0	4.1242e-05	-8247.81	3.0	3.08511e-08	1.0	548.46	26.0721	363.757	21.7195	0.398762	0.0192504	1133.47	17.6005	
0.0-2.4	10.0-13.0	10.0-60.0	1.178-1.571	0.016	0.056	1031.0	1004.0	740.218	29.4196	263.791	19.7257	-1.06412	0.253555	-0.05	0.0	0.412245	0.0	3.09064	0.0	0.0208416	0.0	0.043097	0.0	0.03	0.0	1.492	0.0	5.0	0.0	1.733	0.0	0.0356474	0.0	5.58531e-05	0.000456735	0.313027	0.0235482	0.0553454	0.0	0.000212513	0.0	0.00251768	0.00141864	2.09412	0.0	1.03195	0.0406557	0.999998	8.15583	0.605552	0.0286699	0.320416	0.0160053	0.0706339	11.853	0.259126	0.0078179	0.0715338	0.00424315	-1854.52	4.0	3.4241e-06	-6901.2	3.0	5.40754e-07	1.0	502.774	26.1657	237.444	19.3495	0.320776	0.0228205	1117.45	17.7335	
0.0-2.4	10.0-30.0	0.0-100.0	0.000-0.393	0.008	0.088	2753.0	2748.0	2081.41	49.16	666.503	31.65	0.164454	0.15676	-0.05	0.0	0.444071	0.0	3.09176	0.0	0.0212698	0.0	0.0453306	0.0	0.03	0.0	1.492	0.0	5.0	0.0	1.733	0.0	0.0366505	0.0	2.70146e-05	0.00458685	0.414285	0.0161706	0.4173	0.695008	-0.00292619	0.00669808	0.00184413	0.00102456	1.43528	0.240682	0.801861	0.0307162	0.846099	0.0469408	1.0	0.162291	0.525023	0.044949	0.106617	0.0299421	0.235749	0.0223749	0.0705973	0.000367782	-4894.01	4.0	3.28149e-08	-21880.2	3.0	4.26752e-05	1.0	1267.08	40.5962	814.326	33.5015	0.391238	0.0131788	1111.0	231.008	
0.0-2.4	10.0-30.0	0.0-100.0	0.000-1.571	0.008	0.136	10592.0	10590.0	7960.9	99.8069	2629.05	68.0446	-0.636177	0.0813764	-0.05	0.0	0.444071	0.0438307	3.09176	0.000415133	0.0212698	0.00105709	0.0453306	0.00188858	0.03	0.0	1.492	0.0	5.0	0.0	1.733	0.0	0.0366505	0.000818329	1.01973e-05	0.00191321	0.404465	0.0085019	0.0473596	0.058793	-0.000901407	0.00750486	0.000178407	0.000393918	2.0393	0.463163	0.96846	0.0127325	0.999551	10.4288	0.698884	5.56173	0.35508	0.605334	0.0773608	0.000101	0.314404	0.378395	0.0705754	2.77028e-08	-18613.9	4.0	6.4019e-07	-98297.2	7.0	7.72795e-06	1.0	5038.57	83.5023	2922.33	65.7616	0.367085	0.00685981	1044.25	50.4542	
0.0-2.4	10.0-30.0	0.0-100.0	0.393-0.785	0.008	0.105	2739.0	2737.0	2049.76	48.6958	687.12	31.7573	-0.568765	0.154043	-0.05	0.0	0.444071	0.0	3.09176	0.0	0.0212698	0.0	0.0453306	0.0	0.03	0.0	1.492	0.0	5.0	0.0	1.733	0.0	0.0366505	0.0	3.35672e-05	0.000225803	0.449309	0.0186551	0.896102	0.170491	0.00449012	0.0031336	-0.00624888	0.00279271	1.22675	0.0429112	0.6	0.0198293	0.946541	2.29863	0.834121	1.95087	0.469581	0.183114	0.0726397	1.94352	0.234398	0.0431912	0.0706838	1.39206e-08	-4921.92	4.0	2.94601e-05	-21723.4	3.0	8.21301e-05	1.0	1351.74	41.1234	698.023	30.5758	0.340539	0.0125324	1177.27	46.0421	
0.0-2.4	10.0-30.0	0.0-100.0	0.785-1.178	0.008	0.105	2578.0	2577.0	1942.73	47.2626	634.278	30.4205	-1.27838	0.166791	-0.05	0.0	0.444071	0.0	3.09176	0.0	0.0212698	0.0	0.0453306	0.0	0.03	0.0	1.492	0.0	5.0	0.0	1.733	0.0	0.0366505	0.0	2.54104e-05	0.00458759	0.457532	0.0197293	0.0657857	0.0838022	-0.00690936	0.0141205	0.00122512	0.000834495	2.24771	0.605703	0.982044	0.0275195	0.851865	0.173921	0.923751	0.960267	0.295077	0.240828	0.0705443	0.0955041	0.417289	0.0463474	0.0706061	2.95042	-4304.71	4.0	5.10412e-05	-20293.8	3.0	1.5679e-06	1.0	1246.33	40.3507	696.4	31.5574	0.358465	0.0137044	1110.55	87.7616	
0.0-2.4	10.0-30.0	0.0-100.0	1.178-1.571	0.008	0.105	2520.0	2510.0	1887.48	47.0495	622.512	30.8013	-0.91412	0.164241	-0.05	0.0	0.444071	0.0	3.09176	0.0	0.0212698	0.0	0.0453306	0.0	0.03	0.0	1.492	0.0	5.0	0.0	1.733	0.0	0.0366505	0.0	2.67457e-05	0.0796517	0.319305	0.014553	0.69171	0.183498	0.00100858	0.00227545	0.00158263	0.00168431	1.41522	0.0994536	0.68454	0.0473985	0.999995	26051.7	0.731312	322.9	0.302773	83.8603	0.0705374	74487.0	0.274548	1.48953	0.0704495	1.07617e-06	-4559.67	4.0	3.2223e-06	-19608.6	3.0	2.77057e-06	1.0	1238.37	40.9179	649.117	31.356	0.343906	0.0142299	1236.87	69.3062	
0.0-2.4	10.0-30.0	10.0-60.0	0.000-0.393	0.008	0.088	1786.0	1780.0	1379.21	39.8792	400.802	24.7364	0.100148	0.202453	-0.05	0.0	0.444071	0.0	3.09176	0.0	0.0212698	0.0	0.0452694	0.0	0.03	0.0	1.492	0.0	5.0	0.0	1.733	0.0	0.0366084	0.0	2.70146e-05	0.00458685	0.418832	0.0200702	0.0473596	0.0	-0.000901407	0.0	0.000391086	0.00085585	2.0393	0.0	0.891419	0.0264408	0.821321	0.115942	0.997216	0.97465	0.455968	0.0394364	0.0704455	1.52568e-08	0.233336	0.0200158	0.0705393	3.00582	-3318.35	4.0	7.18251e-05	-13465.6	3.0	6.81728e-05	1.0	844.027	32.9697	535.182	27.0347	0.388036	0.0160728	976.704	11.4946	
0.0-2.4	10.0-30.0	10.0-60.0	0.000-1.571	0.008	0.136	6887.0	6885.0	5315.88	79.8142	1569.12	51.2203	-0.707157	0.103187	-0.05	0.0	0.444071	0.0	3.09176	0.0	0.0212698	0.0	0.0452694	0.00110135	0.03	0.0	1.492	0.0	5.0	0.0	1.733	0.0	0.0366084	0.000378564	1.01973e-05	0.00191321	0.458431	0.0115811	0.0473596	0.0	-0.000901407	0.0	0.000305362	0.000477358	2.0393	0.0	0.964734	0.0153686	1.0	251.058	0.647581	0.0663203	0.32004	0.0178204	0.101805	258.305	0.337207	0.0051873	0.0704794	4.48296e-10	-12073.9	4.0	2.52556e-06	-61275.7	4.0	5.04394e-07	1.0	3353.03	66.4459	1962.85	52.4321	0.369243	0.00815779	1040.96	6.78434	
0.0-2.4	10.0-30.0	10.0-60.0	0.393-0.785	0.008	0.105	1765.0	1763.0	1377.11	39.6389	385.922	24.0833	-0.682821	0.20711	-0.05	0.0	0.444071	0.0	3.09176	0.0	0.0212698	0.0	0.0452694	0.0	0.03	0.0	1.492	0.0	5.0	0.0	1.733	0.0	0.0366084	0.0	3.35672e-05	0.000225803	0.502322	0.024842	0.0473596	0.0	-0.000901407	0.0	-0.000213745	0.000907758	2.0393	0.0	0.959547	0.0306229	0.694972	5.88705	0.934279	14.8562	0.319827	3.09515	0.0705371	1.75331	0.207011	0.299767	0.0707647	3.15443e-07	-3221.24	4.0	5.80952e-08	-13365.3	3.0	4.37595e-05	1.0	881.231	33.2834	495.883	25.8479	0.360088	0.0156483	1036.38	13.505	
0.0-2.4	10.0-30.0	10.0-60.0	0.785-1.178	0.008	0.105	1706.0	1705.0	1323.78	38.7102	381.22	23.5786	-1.36109	0.217365	-0.05	0.0	0.444071	0.0	3.09176	0.0	0.0212698	0.0	0.0452694	0.0	0.03	0.0	1.492	0.0	5.0	0.0	1.733	0.0	0.0366084	0.0	2.54104e-05	0.00458759	0.54998	0.027262	0.0473596	0.0	-0.000901407	0.0	0.000543352	0.00100665	2.0393	0.0	1.02356	0.0327841	0.911414	0.065147	1.0	0.00417768	0.377017	0.0630854	0.0821933	0.0437434	0.510665	0.0454523	4.0192	1.66654	-2733.21	4.0	0.000162572	-12813.6	3.0	3.6077e-07	1.0	826.643	32.143	497.141	25.6941	0.375545	0.0160041	1093.17	14.6214	
0.0-2.4	10.0-30.0	10.0-60.0	1.178-1.571	0.008	0.08	1629.0	1609.0	1223.76	37.6997	385.223	24.14	-0.905993	0.20915	-0.05	0.0	0.444071	0.0	3.09176	0.0	0.0212698	0.0	0.0452694	0.0	0.03	0.0	1.492	0.0	5.0	0.0	1.733	0.0	0.0366084	0.0	1.00138e-05	0.000350061	0.331459	0.0179962	0.0473596	0.0	-0.000901407	0.0	0.00156047	0.00108612	2.0393	0.0	1.04397	0.0340108	0.897855	0.935848	0.961612	2.04564	0.421812	0.982524	0.070698	8.81951e-06	0.230977	0.198727	0.0716818	13.1621	-2947.47	4.0	1.38244e-06	-11887.7	3.0	1.29829e-06	1.0	777.134	32.6702	446.625	26.1436	0.364962	0.0181655	1111.4	15.2171	
0.0-2.4	13.0-30.0	0.0-100.0	0.000-0.393	0.008	0.064	1038.0	1034.0	816.793	30.6842	217.199	18.4921	-0.194875	0.276271	-0.05	0.0	0.475877	0.0	3.09394	0.0	0.021396	0.0	0.0496512	0.0	0.03	0.0	1.492	0.0	5.0	0.0	1.733	0.0	0.038858	0.0	0.000100096	0.000341831	0.486849	0.0276425	0.858188	0.20333	0.00132389	0.00290195	0.00131136	8.24349e-10	1.21927	0.0856541	0.671417	0.113108	0.921002	0.0323923	0.999968	0.978389	0.516176	0.0337124	0.0704423	5.84013e-09	0.281067	0.0244208	0.0704496	4.19247	-1713.0	4.0	0.388776	-7275.83	3.0	2.59544e-07	1.0	446.322	23.8311	370.472	21.9201	0.453568	0.0207336	1157.47	59.9161	
0.0-2.4	13.0-30.0	0.0-100.0	0.000-1.571	0.008	0.105	3703.0	3703.0	2825.46	59.4792	877.825	39.8768	-0.692269	0.142303	-0.05	0.0	0.475877	0.0653558	3.09394	0.000702875	0.021396	0.0016466	0.0496512	0.0036941	0.03	0.0	1.492	0.0	5.0	0.0	1.733	0.0	0.038858	0.00151299	2.10356e-05	0.0045896	0.331931	0.0115161	0.0347602	0.122355	-0.00537756	0.015369	0.0003572	0.000613201	1.80759	0.989032	0.99572	0.0220114	0.921889	0.790111	0.954979	5.8703	0.411927	0.239085	0.0704585	7.44142e-10	0.319272	0.130132	0.0706019	3.19933e-07	-6781.39	4.0	1.54738e-05	-30507.7	7.0	8.77239e-05	1.0	1699.11	49.229	1126.35	41.3079	0.398644	0.0119715	1034.68	74.387	
0.0-2.4	13.0-30.0	0.0-100.0	0.393-0.785	0.008	0.064	934.0	928.0	677.666	28.3818	250.234	19.4443	-0.433281	0.254044	-0.05	0.0	0.475877	0.0	3.09394	0.0	0.021396	0.0	0.0496512	0.0	0.03	0.0	1.492	0.0	5.0	0.0	1.733	0.0	0.038858	0.0	1.12306e-05	0.00159264	0.255987	0.0199514	0.703851	0.324382	0.00687232	0.0111474	-0.00845558	0.00213831	1.16624	0.0727715	0.686965	0.0738403	0.825342	0.00284985	1.0	2.73013	0.481889	0.00249736	0.0704972	1.13611e-07	0.202889	0.00120966	0.286677	13.5978	-1856.25	4.0	0.000100726	-6278.38	3.0	8.15418e-05	1.0	460.655	24.6967	217.012	17.8974	0.320234	0.0227514	1047.41	74.7903	
0.0-2.4	13.0-30.0	0.0-100.0	0.785-1.178	0.008	0.056	852.0	838.0	624.883	26.7301	213.118	17.4	-1.38816	0.2877	-0.05	0.0	0.475877	0.0	3.09394	0.0	0.021396	0.0	0.0496512	0.0	0.03	0.0	1.492	0.0	5.0	0.0	1.733	0.0	0.038858	0.0	3.98792e-05	0.000279455	0.22812	0.0173173	0.0591112	0.0890247	-0.00987308	0.0151467	0.000502728	0.0012549	2.19428	0.854214	0.950037	0.0452969	1.0	0.890811	0.756301	0.0804932	0.288981	0.0609361	0.0706515	1.89001e-05	0.468722	0.0574321	0.0704681	1.03891e-07	-1656.0	4.0	7.97162e-05	-5674.7	3.0	2.90146e-07	1.0	387.889	23.4551	236.995	19.4322	0.379262	0.02653	1064.82	98.7677	
0.0-2.4	13.0-30.0	0.0-100.0	1.178-1.571	0.008	0.08	876.0	875.0	689.746	28.2464	185.26	17.128	-0.835152	0.30168	-0.05	0.0	0.475877	0.0	3.09394	0.0	0.021396	0.0	0.0496512	0.0	0.03	0.0	1.492	0.0	5.0	0.0	1.733	0.0	0.038858	0.0	1.03545e-05	0.00459451	0.300636	0.0204589	0.858094	0.102806	-0.0014856	0.00231549	0.00349611	0.0046379	1.25528	0.0777394	0.60002	0.974817	1.0	0.0120559	1.0	0.0280628	0.305937	0.0583781	0.0704605	2.61274e-06	0.277951	0.0335449	0.0704766	9.36252e-06	-1595.3	4.0	7.05003e-05	-5960.27	3.0	5.24808e-06	1.0	398.806	23.4167	290.94	20.5808	0.421808	0.0243296	1184.57	56.3243	
0.0-2.4	13.0-30.0	10.0-60.0	0.000-0.393	0.008	0.064	668.0	664.0	541.788	24.6889	122.204	13.7818	-0.446017	0.368827	-0.05	0.0	0.475877	0.0	3.09394	0.0	0.021396	0.0	0.0482592	0.0	0.03	0.0	1.492	0.0	5.0	0.0	1.733	0.0	0.0379277	0.0	0.000100096	0.000341831	0.567792	0.0403172	0.0347602	0.0	-0.00537756	0.0	0.000929892	0.00133837	1.80759	0.0	0.954909	0.0450897	0.952298	0.0520078	0.999997	0.630338	0.544649	0.0715308	0.0704518	1.29089e-08	0.270036	0.0493324	0.070647	0.000674694	-1218.33	4.0	6.7517e-05	-4439.34	3.0	3.64499e-05	1.0	307.685	19.5603	234.103	17.3154	0.432093	0.0251737	996.86	20.8454	
0.0-2.4	13.0-30.0	10.0-60.0	0.000-1.571	0.008	0.08	2407.0	2402.0	1857.52	47.3431	544.532	30.47	-0.609558	0.174754	-0.05	0.0	0.475877	0.0	3.09394	0.0	0.021396	0.0	0.0482592	0.00207724	0.03	0.0	1.492	0.0	5.0	0.0	1.733	0.0	0.0379277	0.000692652	1.04426e-05	0.00602457	0.373151	0.0163089	0.0347602	0.0	-0.00537756	0.0	0.00024313	0.000734193	1.80759	0.0	0.979311	0.0266782	0.875935	0.21501	0.874862	0.928385	0.300014	0.090307	0.072041	1.09877	0.400541	0.0401195	0.070589	2.97981	-4491.53	4.0	4.46631e-05	-18836.4	4.0	1.55641e-06	1.0	1163.3	39.6214	694.216	31.6833	0.373733	0.0141492	1019.45	12.3684	
0.0-2.4	13.0-30.0	10.0-60.0	0.393-0.785	0.008	0.064	591.0	589.0	431.159	22.5902	157.78	15.3927	-0.3066	0.318635	-0.05	0.0	0.475877	0.0	3.09394	0.0	0.021396	0.0	0.0482592	0.0	0.03	0.0	1.492	0.0	5.0	0.0	1.733	0.0	0.0379277	0.0	1.12306e-05	0.00159264	0.216596	0.0218651	0.0347602	0.0	-0.00537756	0.0	-0.00105957	0.0014409	1.80759	0.0	0.980567	0.0528747	0.672594	0.834411	0.998868	0.10624	0.397884	0.699081	0.0706605	0.213299	0.187566	0.0279297	0.0704519	2.06871e-08	-1221.28	4.0	9.77555e-06	-3725.5	3.0	6.23853e-05	1.0	290.055	20.3746	141.103	15.454	0.327266	0.0314755	1020.62	24.517	
0.0-2.4	13.0-30.0	10.0-60.0	0.785-1.178	0.012	0.044	550.0	533.0	397.679	21.2714	135.321	13.7888	-1.26875	0.356738	-0.05	0.0	0.475877	0.0	3.09394	0.0	0.021396	0.0	0.0482592	0.0	0.03	0.0	1.492	0.0	5.0	0.0	1.733	0.0	0.0379277	0.0	1.72143e-05	0.000568696	0.23651	0.0229957	0.0347602	0.0	-0.00537756	0.0	-0.000309389	0.00150435	1.80759	0.0	0.962098	0.0577918	1.0	6.77759	0.70669	0.0678067	0.185184	0.0501082	0.0755851	6.8969	0.557649	0.0671064	0.0705002	0.0260859	-1040.66	4.0	1.14378e-06	-3367.15	3.0	2.20623e-07	1.0	257.548	18.6469	140.131	14.6325	0.352372	0.0316008	1003.51	26.7405	
0.0-2.4	13.0-30.0	10.0-60.0	1.178-1.571	0.008	0.08	597.0	595.0	473.92	23.3444	121.085	13.8614	-0.579844	0.369399	-0.05	0.0	0.475877	0.0	3.09394	0.0	0.021396	0.0	0.0482592	0.0	0.03	0.0	1.492	0.0	5.0	0.0	1.733	0.0	0.0379277	0.0	1.03545e-05	0.00459451	0.356019	0.0279823	0.0347602	0.0	-0.00537756	0.0	-0.000972498	0.00161997	1.80759	0.0	0.985753	0.0562849	1.0	0.0253668	0.99988	0.050702	0.322984	0.452892	0.0704523	1.37022e-07	0.197911	0.0755678	0.0770633	2.82809e-07	-1089.24	4.0	3.34187e-07	-3844.45	3.0	9.49273e-08	1.0	267.567	19.2763	206.354	17.3547	0.435418	0.0296813	1025.43	26.1132	
0.0-2.4	6.5-10.0	0.0-100.0	0.000-0.393	0.016	0.152	11256.0	11213.0	5687.1	87.3293	5525.88	86.4012	-0.042711	0.0526807	-0.05	0.0	0.379455	0.0	3.09273	0.0	0.0517773	0.0	0.0260269	0.0	0.03	0.0	1.492	0.0	5.0	0.0	1.733	0.0	0.0379161	0.0	8.57987e-05	0.0003048	0.36946	0.011553	0.246489	0.0909252	0.00867425	0.0106227	0.00136638	0.000548501	1.87622	0.176527	0.910915	0.0126939	0.999996	0.120445	0.529461	0.0594597	0.69002	0.0256348	0.0711497	0.772871	0.23996	0.0157963	0.109348	0.0141116	-15516.0	4.0	6.74053e-05	-99277.7	3.0	1.53649e-06	1.0	4212.12	79.361	1474.99	51.2608	0.259356	0.00808594	1221.85	60.2828	
0.0-2.4	6.5-10.0	0.0-100.0	0.000-1.571	0.008	0.136	40388.0	40146.0	20909.5	192.894	19236.9	188.47	-0.117502	0.0291528	-0.05	0.0	0.379455	0.0341128	3.09273	0.000310243	0.0517773	0.00183663	0.0260269	0.000671609	0.03	0.0	1.492	0.0	5.0	0.0	1.733	0.0	0.0379161	0.000670788	7.98293e-05	0.000176368	0.349528	0.00591487	0.239762	0.0893802	0.00620961	0.00335008	0.00265967	0.000304256	1.68264	0.117026	0.931181	0.00748521	0.601285	0.0190886	0.914497	0.0180223	0.611819	0.0119903	0.0706212	1.31574e-09	0.272102	0.00846898	0.313816	0.043518	-56087.8	4.0	2.68288e-09	-407674.0	7.0	0.000169952	1.0	15554.7	168.453	5354.78	101.122	0.256093	0.00421988	1156.73	43.1435	
0.0-2.4	6.5-10.0	0.0-100.0	0.393-0.785	0.016	0.145	10633.0	10589.0	5313.93	84.1047	5275.36	83.8771	-0.288648	0.0540637	-0.05	0.0	0.379455	0.0	3.09273	0.0	0.0517773	0.0	0.0260269	0.0	0.03	0.0	1.492	0.0	5.0	0.0	1.733	0.0	0.0379161	0.0	2.35595e-05	0.00458844	0.349689	0.0115153	0.518497	0.764936	0.0035218	0.00428896	0.00378702	0.000904566	1.41682	0.222188	0.861582	0.0224391	0.646169	0.038296	0.788186	0.0343279	0.565381	0.0229615	0.0705834	1.7176e-09	0.225079	0.0160587	0.420019	0.0421044	-13855.5	4.0	3.2611e-07	-93143.0	3.0	3.04072e-05	1.0	3921.28	76.5961	1392.65	50.0099	0.262075	0.00844769	1182.47	215.952	
0.0-2.4	6.5-10.0	0.0-100.0	0.785-1.178	0.016	0.152	9733.0	9730.0	5228.93	82.7793	4501.08	78.2589	0.0834627	0.0584609	-0.05	0.0	0.379455	0.0	3.09273	0.0	0.0517773	0.0	0.0260269	0.0	0.03	0.0	1.492	0.0	5.0	0.0	1.733	0.0	0.0379161	0.0	6.88744e-05	0.000959106	0.431711	0.0136763	0.111526	0.0960542	0.00999997	0.016016	0.00133959	0.000550597	1.868	0.326587	0.958426	0.0136686	0.763158	0.18242	0.448715	0.164359	0.52279	0.0443408	0.0704762	3.70975e-11	0.276167	0.0252742	0.0806997	0.00822374	-13595.6	4.0	4.54316e-05	-85294.5	3.0	2.39497e-06	1.0	3828.0	74.0518	1400.93	47.9901	0.267919	0.00813894	1097.86	64.4233	
0.0-2.4	6.5-10.0	0.0-100.0	1.178-1.571	0.016	0.152	8764.0	8760.0	4646.36	77.9418	4113.34	74.4464	-0.241391	0.0612392	-0.05	0.0	0.379455	0.0	3.09273	0.0	0.0517773	0.0	0.0260269	0.0	0.03	0.0	1.492	0.0	5.0	0.0	1.733	0.0	0.0379161	0.0	0.000188434	0.000544939	0.235575	0.00917239	0.374742	0.211643	0.00265475	0.00433016	0.00186143	0.00068728	1.50231	0.158008	0.798721	0.017175	0.615353	0.0309969	0.867891	0.0288682	0.5872	0.0203523	0.0705842	4.412e-07	0.455433	0.0249673	0.443766	0.0680316	-12661.2	4.0	3.17663e-05	-75771.1	3.0	4.29791e-05	1.0	3492.36	73.5384	1154.01	48.483	0.248368	0.00956677	1115.64	86.601	
0.0-2.4	6.5-10.0	10.0-60.0	0.000-0.393	0.016	0.152	6699.0	6696.0	3681.66	69.0106	3014.31	63.9929	-0.0877631	0.0714992	-0.05	0.0	0.379455	0.0	3.09273	0.0	0.0517773	0.0	0.0261131	0.0	0.03	0.0	1.492	0.0	5.0	0.0	1.733	0.0	0.0379529	0.0	8.57987e-05	0.0003048	0.363162	0.0138277	0.239762	0.0	0.00620961	0.0	0.00440619	2.08531e-12	1.68264	0.0	0.879459	0.0158308	0.667574	0.0643269	0.862551	0.70463	0.608294	0.201294	0.0704379	5.52437e-09	0.191007	0.0359019	0.0706151	0.546984	-10341.6	4.0	27.2059	-56297.7	3.0	1.11083e-05	1.0	2738.71	62.1306	942.943	39.208	0.256119	0.00950605	1125.54	4.70195	
0.0-2.4	6.5-10.0	10.0-60.0	0.000-1.571	0.008	0.16	23282.0	23278.0	13390.0	132.158	9886.57	118.162	-0.137288	0.0395645	-0.05	0.0	0.379455	0.0	3.09273	0.0	0.0517773	0.0	0.0261131	0.000422838	0.03	0.0	1.492	0.0	5.0	0.0	1.733	0.0	0.0379529	9.02673e-05	8.22954e-05	0.000174121	0.327165	0.00704102	0.239762	0.0	0.00620961	0.0	0.00120254	0.000380463	1.68264	0.0	0.899492	0.00910985	0.661005	0.0277684	0.840086	0.0209745	0.61659	0.0153973	0.0706241	1.23754e-08	0.256161	0.0123061	0.471344	0.041079	-35141.4	4.0	1.17519e-06	-225713.0	4.0	9.8829e-05	1.0	9909.35	120.924	3480.68	78.9755	0.259946	0.00531083	1137.51	2.73825	
0.0-2.4	6.5-10.0	10.0-60.0	0.393-0.785	0.016	0.145	6168.0	6166.0	3483.0	66.5676	2682.93	60.2605	-0.192084	0.0759282	-0.05	0.0	0.379455	0.0	3.09273	0.0	0.0517773	0.0	0.0261131	0.0	0.03	0.0	1.492	0.0	5.0	0.0	1.733	0.0	0.0379529	0.0	2.35595e-05	0.00458844	0.293022	0.0130747	0.239762	0.0	0.00620961	0.0	0.00163206	0.000835647	1.68264	0.0	1.01336	0.0202098	0.745325	0.0951902	0.657272	0.0780095	0.637123	0.0413772	0.0704428	2.10365e-10	0.295018	0.0316252	0.483578	0.0586638	-9068.21	4.0	1.21165e-06	-51536.3	3.0	4.1043e-06	1.0	2631.88	62.6478	851.127	40.7331	0.244366	0.0107218	1208.11	6.44377	
0.0-2.4	6.5-10.0	10.0-60.0	0.785-1.178	0.016	0.152	5394.0	5391.0	3227.53	63.9972	2163.43	55.0595	-0.0784562	0.0846693	-0.05	0.0	0.379455	0.0	3.09273	0.0	0.0517773	0.0	0.0261131	0.0	0.03	0.0	1.492	0.0	5.0	0.0	1.733	0.0	0.0379529	0.0	6.88744e-05	0.000959106	0.411014	0.0168075	0.239762	0.0	0.00620961	0.0	0.00104089	0.000742704	1.68264	0.0	0.862377	0.0175769	0.999989	0.372411	0.409955	0.067111	0.605215	0.0456613	0.0710748	1.07038e-08	0.315711	0.0312181	0.0990203	0.0133508	-8231.18	4.0	7.59544e-05	-44572.5	3.0	5.82361e-06	1.0	2355.7	57.3505	871.825	37.4978	0.270122	0.0103098	1115.45	5.16549	
0.0-2.4	6.5-10.0	10.0-60.0	1.178-1.571	0.016	0.136	5019.0	5016.0	2998.35	61.4542	2017.6	52.8757	-0.202895	0.0876729	-0.05	0.0	0.379455	0.0	3.09273	0.0	0.0517773	0.0	0.0261131	0.0	0.03	0.0	1.492	0.0	5.0	0.0	1.733	0.0	0.0379529	0.0	0.000177731	0.000547176	0.26018	0.0113956	0.239762	0.0	0.00620961	0.0	0.000301664	0.000792153	1.68264	0.0	0.824103	0.0196863	0.568784	0.0388852	0.821501	0.0386923	0.522365	0.0300047	0.0705051	6.75528e-10	0.335462	0.0337843	0.521314	0.0874142	-7642.72	4.0	8.40682e-07	-41115.6	3.0	2.02066e-05	1.0	2169.21	57.1849	829.146	39.7771	0.276534	0.0119946	1093.23	5.64099	
0.0-2.4	6.5-30.0	0.0-10.0	0.000-0.393	0.008	0.136	5231.0	5181.0	2416.26	57.5773	2765.08	60.5306	0.0235978	0.0742071	-0.05	0.0	0.416509	0.0	3.09272	0.0	0.0485841	0.0	0.0246205	0.0	0.03	0.0	1.492	0.0	5.0	0.0	1.733	0.0	0.0365627	0.0	1.25622e-05	0.000104313	0.360306	0.0158529	0.16485	0.0	0.00394979	0.0	0.0035336	0.000840597	1.76859	0.0	1.04894	0.0216513	0.760537	0.0529377	0.754968	0.839245	0.689774	0.0976431	0.0709131	0.841512	0.249742	0.0287514	0.172081	0.0440565	-6327.65	4.0	3.47904e-05	-41624.7	3.0	2.78196e-05	1.0	1678.91	51.076	737.349	36.2893	0.305161	0.013141	1197.72	7.91799	
0.0-2.4	6.5-30.0	0.0-10.0	0.000-1.571	0.008	0.136	19669.0	19508.0	9057.57	113.083	10451.6	119.086	-0.127944	0.03821	-0.05	0.0	0.416509	0.0	3.09272	0.0	0.0485841	0.0	0.0246205	0.000560365	0.03	0.0	1.492	0.0	5.0	0.0	1.733	0.0	0.0365626	0.000110086	3.37928e-05	7.02542e-05	0.34103	0.00826819	0.16485	0.0	0.00394979	0.0	0.00202539	0.00042496	1.76859	0.0	0.998267	0.0114666	0.969476	0.111959	0.388349	0.0748687	0.552136	0.0246916	0.0706201	9.6873e-07	0.327574	0.0160416	0.0937854	0.00604875	-24740.7	4.0	7.15933e-08	-182619.0	4.0	7.94636e-05	1.0	6477.44	101.399	2580.13	69.1326	0.284859	0.00675337	1160.99	4.11707	
0.0-2.4	6.5-30.0	0.0-10.0	0.393-0.785	0.008	0.145	5159.0	5117.0	2233.65	55.7801	2883.49	61.3271	-0.402859	0.0730238	-0.05	0.0	0.416509	0.0	3.09272	0.0	0.0485841	0.0	0.0246205	0.0	0.03	0.0	1.492	0.0	5.0	0.0	1.733	0.0	0.0365627	0.0	1.89238e-05	0.00459057	0.387005	0.0172116	0.16485	0.0	0.00394979	0.0	0.00237552	0.000860185	1.76859	0.0	1.00816	0.0234142	0.749849	0.0754212	0.837163	0.184331	0.527671	0.0375983	0.0867769	0.0354765	0.191851	0.0152544	0.173754	0.0616761	-5967.28	4.0	7.24665e-06	-40840.4	3.0	3.44897e-05	1.0	1510.19	48.7279	723.463	35.7563	0.323892	0.0138142	1168.11	8.43842	
0.0-2.4	6.5-30.0	0.0-10.0	0.785-1.178	0.008	0.128	4892.0	4889.0	2354.87	56.0879	2534.13	57.664	0.112949	0.0775498	-0.05	0.0	0.416509	0.0	3.09272	0.0	0.0485841	0.0	0.0246205	0.0	0.03	0.0	1.492	0.0	5.0	0.0	1.733	0.0	0.0365627	0.0	1.34329e-05	0.0045931	0.391386	0.0181767	0.16485	0.0	0.00394979	0.0	0.00288523	0.000857189	1.76859	0.0	1.00367	0.023339	0.512988	0.244946	0.999063	10.7884	0.493991	0.225759	0.0705574	0.0313605	0.212268	0.0378774	0.0713116	2.8168e-07	-6315.01	4.0	6.054e-06	-39162.5	3.0	6.08165e-08	1.0	1689.91	50.2668	664.963	34.0227	0.282378	0.0127869	1164.87	8.3971	
0.0-2.4	6.5-30.0	0.0-10.0	1.178-1.571	0.008	0.152	4386.0	4383.0	2044.23	52.5373	2338.9	55.2718	-0.345306	0.0810893	-0.05	0.0	0.416509	0.0	3.09272	0.0	0.0485841	0.0	0.0246205	0.0	0.03	0.0	1.492	0.0	5.0	0.0	1.733	0.0	0.0365627	0.0	1.96612e-05	0.00459023	0.205076	0.0130253	0.16485	0.0	0.00394979	0.0	0.00257476	0.000840292	1.76859	0.0	0.907089	0.0223462	0.719446	13.1354	0.498805	0.918635	0.427015	4.70434	0.0706169	3.22088	0.597628	0.370649	0.0705412	8.12603e-06	-6087.53	4.0	9.98677e-06	-34517.6	3.0	3.42967e-05	1.0	1554.09	50.2878	490.144	33.05	0.23977	0.0149471	1096.72	7.71776	
0.0-2.4	6.5-30.0	0.0-100.0	0.000-0.393	0.008	0.152	14009.0	13966.0	7697.06	99.3753	6268.92	91.9094	-0.0396824	0.0494977	-0.05	0.0	0.416509	0.0	3.09272	0.0	0.0485841	0.0	0.0245307	0.0	0.03	0.0	1.492	0.0	5.0	0.0	1.733	0.0	0.0365274	0.0	1.26244e-05	0.000102978	0.38585	0.00904494	0.206229	0.0969039	0.00181619	0.00447859	0.00278466	1.1211e-08	1.83948	0.188543	0.859227	0.0112464	0.505743	0.214101	0.588655	0.123614	0.459668	0.163093	0.0826701	0.122199	0.168822	0.00712444	0.0704481	4.0616e-09	-19954.0	4.0	1.48391	-127925.0	3.0	4.31116e-06	1.0	5309.69	86.4731	2387.37	61.0592	0.310167	0.00684786	1133.06	64.8602	
0.0-2.4	6.5-30.0	0.0-100.0	0.000-1.571	0.004	0.164	50980.0	50897.0	28556.1	215.383	22341.0	200.426	-0.199479	0.0270064	-0.05	0.0	0.416509	0.0276923	3.09272	0.000251608	0.0485841	0.00123833	0.0245307	0.000550093	0.03	0.0	1.492	0.0	5.0	0.0	1.733	0.0	0.0365275	0.00049028	1.00384e-05	0.000248775	0.368536	0.00489574	0.16485	0.0672939	0.00394979	0.00276213	0.00217346	0.000238884	1.76859	0.130357	0.959685	0.00632335	0.660837	0.0168398	0.90633	0.0120092	0.580322	0.0107046	0.0705877	1.43905e-07	0.278351	0.0071632	0.405915	0.0355197	-73083.5	4.0	1.24512e-05	-532975.0	7.0	2.1178e-05	1.0	20365.9	185.245	8190.16	120.565	0.28681	0.00362575	1133.49	36.8641	
0.0-2.4	6.5-30.0	0.0-100.0	0.393-0.785	0.008	0.145	13372.0	13328.0	7297.32	96.4352	6029.96	89.6267	-0.337835	0.0506496	-0.05	0.0	0.416509	0.0	3.09272	0.0	0.0485841	0.0	0.0245307	0.0	0.03	0.0	1.492	0.0	5.0	0.0	1.733	0.0	0.0365274	0.0	1.89238e-05	0.00459057	0.379932	0.00981294	0.0431777	0.107987	0.00997815	0.0195849	0.00168002	0.000463638	1.89503	0.83285	1.07349	0.0123568	0.692511	0.0641454	0.837761	0.0272424	0.527055	0.0402505	0.0706259	0.0136335	0.218392	0.0118286	0.421446	0.0424968	-18500.4	4.0	8.44327e-06	-121462.0	3.0	8.447e-05	1.0	5178.96	86.5946	2118.36	59.9848	0.290293	0.00727002	1121.47	66.3451	
0.0-2.4	6.5-30.0	0.0-100.0	0.785-1.178	0.008	0.152	12312.0	12309.0	7096.13	94.6241	5212.79	84.0868	-0.098004	0.0543874	-0.05	0.0	0.416509	0.0	3.09272	0.0	0.0485841	0.0	0.0245307	0.0	0.03	0.0	1.492	0.0	5.0	0.0	1.733	0.0	0.0365274	0.0	2.75139e-05	0.00458662	0.434578	0.0113266	0.0918396	0.0685565	0.00342668	0.00702651	0.0018869	0.000455487	2.01375	0.316371	0.960556	0.0121053	0.701388	0.0890351	0.615668	0.121815	0.472586	0.045325	0.0706856	2.79385e-10	0.323294	0.0198781	0.0766151	0.0105623	-17644.9	4.0	6.807e-05	-111759.0	3.0	1.04131e-06	1.0	5033.44	83.8542	2062.68	57.2984	0.290677	0.00708345	1100.16	55.7824	
0.0-2.4	6.5-30.0	0.0-100.0	1.178-1.571	0.008	0.152	11285.0	11281.0	6466.47	90.3549	4814.27	80.6993	-0.343901	0.0567667	-0.05	0.0	0.416509	0.0	3.09272	0.0	0.0485841	0.0	0.0245307	0.0	0.03	0.0	1.492	0.0	5.0	0.0	1.733	0.0	0.0365274	0.0	1.96612e-05	0.00459023	0.261799	0.00791561	0.449361	0.193671	0.00205439	0.00260759	0.00166449	0.000622483	1.48015	0.117135	0.770701	0.016104	0.686054	0.0277851	0.891843	0.0240778	0.567229	0.0185568	0.070588	1.83865e-09	0.402288	0.0185849	0.43537	0.0679132	-16943.9	4.0	4.1724e-05	-101336.0	3.0	4.73958e-05	1.0	4682.08	83.2913	1784.4	57.2633	0.275946	0.00797193	1145.23	75.6558	
0.0-2.4	6.5-30.0	10.0-20.0	0.000-0.393	0.008	0.128	3414.0	3411.0	1818.57	48.5463	1592.42	46.1585	0.180405	0.098028	-0.05	0.0	0.416509	0.0	3.09272	0.0	0.0485841	0.0	0.0231912	0.0	0.03	0.0	1.492	0.0	5.0	0.0	1.733	0.0	0.0360132	0.0	1.2601e-05	0.000103615	0.333022	0.0157362	0.16485	0.0	0.00394979	0.0	-0.000646604	0.000948902	1.76859	0.0	0.964276	0.022641	0.85234	1.15956	0.999984	20.5971	0.681002	0.876428	0.13275	0.857186	0.183841	0.362384	0.121632	96.2925	-4956.04	4.0	9.55307e-07	-26367.3	3.0	8.34915e-07	1.0	1195.14	42.5369	623.437	32.688	0.342816	0.0154705	1136.74	8.0199	
0.0-2.4	6.5-30.0	10.0-20.0	0.000-1.571	0.008	0.16	12284.0	12282.0	6700.96	93.9466	5581.05	87.7837	-0.15453	0.0524637	-0.05	0.0	0.416509	0.0	3.09272	0.0	0.0485841	0.0	0.0231912	0.000600065	0.03	0.0	1.492	0.0	5.0	0.0	1.733	0.0	0.0360132	0.000112736	1.00282e-05	0.000232918	0.425397	0.0107989	0.16485	0.0	0.00394979	0.0	0.00108946	0.000513441	1.76859	0.0	0.987196	0.0131864	0.696116	0.0407995	0.81895	0.0335142	0.590468	0.0233259	0.0705696	5.91575e-07	0.218863	0.0156731	0.379882	0.0454307	-16774.8	4.0	4.46642e-06	-110908.0	4.0	6.39286e-07	1.0	4602.43	82.0488	2098.53	58.6009	0.313169	0.0075631	1153.06	4.71426	
0.0-2.4	6.5-30.0	10.0-20.0	0.393-0.785	0.008	0.128	3133.0	3123.0	1706.79	46.739	1415.99	43.5175	-0.137311	0.10409	-0.05	0.0	0.416509	0.0	3.09272	0.0	0.0485841	0.0	0.0231912	0.0	0.03	0.0	1.492	0.0	5.0	0.0	1.733	0.0	0.0360132	0.0	1.64982e-05	0.00459169	0.52662	0.0286454	0.16485	0.0	0.00394979	0.0	0.000628612	0.00103937	1.76859	0.0	0.984187	0.0270086	0.637892	0.0555331	0.915561	0.0520229	0.382852	0.0579065	0.0705206	5.33314e-07	0.144444	0.012816	0.239202	0.0746387	-4384.54	4.0	9.63234e-06	-23945.7	3.0	1.63835e-05	1.0	1257.23	41.8131	449.563	26.7319	0.263396	0.0139024	1150.9	9.64438	
0.0-2.4	6.5-30.0	10.0-20.0	0.785-1.178	0.008	0.152	3074.0	3071.0	1706.56	46.6289	1364.34	42.8014	-0.262448	0.106303	-0.05	0.0	0.416509	0.0	3.09272	0.0	0.0485841	0.0	0.0231912	0.0	0.03	0.0	1.492	0.0	5.0	0.0	1.733	0.0	0.0360132	0.0	2.75139e-05	0.00458662	0.546761	0.0262858	0.16485	0.0	0.00394979	0.0	0.000691761	0.000982541	1.76859	0.0	0.966534	0.0255696	0.999992	0.107327	0.472301	0.0777341	0.589121	0.055819	0.070968	0.772765	0.510472	0.0519994	0.111191	0.0192188	-3910.11	4.0	2.02471e-06	-23535.9	3.0	2.3254e-05	1.0	1146.44	39.8833	560.115	29.0459	0.328213	0.0144659	1138.34	9.06571	
0.0-2.4	6.5-30.0	10.0-20.0	1.178-1.571	0.008	0.12	2661.0	2653.0	1469.51	43.4442	1183.49	40.0173	-0.498299	0.114812	-0.05	0.0	0.416509	0.0	3.09272	0.0	0.0485841	0.0	0.0231912	0.0	0.03	0.0	1.492	0.0	5.0	0.0	1.733	0.0	0.0360132	0.0	2.02273e-05	0.00458997	0.276119	0.0149387	0.16485	0.0	0.00394979	0.0	0.000929717	0.00114981	1.76859	0.0	0.948146	0.0308398	0.619947	0.0658162	0.69189	0.0796918	0.513943	0.0486026	0.0704701	6.32468e-09	0.15983	0.0234375	0.398111	0.0624644	-3710.07	4.0	6.16146e-06	-19899.6	3.0	1.33509e-08	1.0	961.27	38.8426	508.242	30.4449	0.345858	0.0180188	1125.35	10.8501	
0.0-2.4	6.5-30.0	10.0-30.0	0.000-0.393	0.008	0.128	5884.0	5879.0	3306.08	64.9808	2572.85	59.0702	0.0664415	0.0772759	-0.05	0.0	0.416509	0.0	3.09272	0.0	0.0485841	0.0	0.0240954	0.0	0.03	0.0	1.492	0.0	5.0	0.0	1.733	0.0	0.036358	0.0	1.2601e-05	0.000103615	0.428025	0.0150357	0.16485	0.0	0.00394979	0.0	0.000241663	0.000683935	1.76859	0.0	0.919202	0.0167466	0.947678	0.0233008	0.502243	0.0962468	0.559308	0.033474	0.0704532	1.28909	0.190497	0.00554466	0.07073	0.0603771	-8651.79	4.0	0.000138384	-48866.3	3.0	2.91296e-05	1.0	2243.14	56.258	1062.94	40.7138	0.32151	0.0105699	1105.12	5.81654	
0.0-2.4	6.5-30.0	10.0-30.0	0.000-1.571	0.004	0.164	20784.0	20782.0	11929.1	124.164	8852.93	111.089	-0.139291	0.0417214	-0.05	0.0	0.416509	0.0	3.09272	0.0	0.0485841	0.0	0.0240954	0.000459896	0.03	0.0	1.492	0.0	5.0	0.0	1.733	0.0	0.036358	8.89197e-05	1.00384e-05	0.000248775	0.431361	0.00828839	0.16485	0.0	0.00394979	0.0	0.00104191	0.000369549	1.76859	0.0	0.95044	0.00957443	0.70513	0.0316013	0.828397	0.0229274	0.585988	0.0182005	0.0706838	1.29433e-08	0.196697	0.0102083	0.438116	0.0365923	-29809.6	4.0	2.49551e-06	-199478.0	4.0	3.47952e-07	1.0	8287.31	108.538	3641.77	76.0046	0.305285	0.00552244	1126.97	3.37179	
0.0-2.4	6.5-30.0	10.0-30.0	0.393-0.785	0.008	0.145	5397.0	5395.0	3053.35	61.9	2341.63	55.8568	-0.0880584	0.0809955	-0.05	0.0	0.416509	0.0	3.09272	0.0	0.0485841	0.0	0.0240954	0.0	0.03	0.0	1.492	0.0	5.0	0.0	1.733	0.0	0.036358	0.0	1.89238e-05	0.00459057	0.413304	0.0163489	0.16485	0.0	0.00394979	0.0	0.00101066	0.000760228	1.76859	0.0	0.997267	0.0200553	0.763315	0.793476	0.748549	0.143332	0.545697	0.231586	0.0707293	0.146439	0.147298	0.0118078	0.435487	0.0588674	-7811.88	4.0	2.01007e-07	-44508.0	3.0	4.23014e-07	1.0	2184.05	55.4539	869.304	37.7529	0.284705	0.0109346	1160.27	7.19807	
0.0-2.4	6.5-30.0	10.0-30.0	0.785-1.178	0.008	0.152	4956.0	4953.0	2919.34	60.6101	2033.54	52.8013	-0.280081	0.0872776	-0.05	0.0	0.416509	0.0	3.09272	0.0	0.0485841	0.0	0.0240954	0.0	0.03	0.0	1.492	0.0	5.0	0.0	1.733	0.0	0.036358	0.0	2.75139e-05	0.00458662	0.547349	0.0204019	0.16485	0.0	0.00394979	0.0	0.000815621	0.000736638	1.76859	0.0	0.936212	0.0192399	0.999986	0.0631723	0.478519	0.0707301	0.590451	0.0479286	0.0708918	0.772773	0.407713	0.0352989	0.100574	0.014877	-6703.26	4.0	6.14323e-07	-40548.7	3.0	1.25148e-05	1.0	1979.84	51.9206	939.493	37.2373	0.321817	0.0108655	1116.98	6.7339	
0.0-2.4	6.5-30.0	10.0-30.0	1.178-1.571	0.008	0.145	4545.0	4544.0	2647.52	57.7377	1896.4	50.8187	-0.319956	0.0903917	-0.05	0.0	0.416509	0.0	3.09272	0.0	0.0485841	0.0	0.0240954	0.0	0.03	0.0	1.492	0.0	5.0	0.0	1.733	0.0	0.036358	0.0	1.49137e-05	0.00459242	0.28312	0.0120921	0.16485	0.0	0.00394979	0.0	0.000401331	0.000790858	1.76859	0.0	0.904326	0.0213943	0.611528	0.0432618	0.80605	0.0463295	0.526175	0.0343934	0.0705524	6.56741e-07	0.227951	0.0206232	0.427184	0.0639368	-6837.04	4.0	3.2544e-05	-36749.4	3.0	1.26962e-05	1.0	1827.18	52.2892	820.346	38.2936	0.309854	0.0127884	1094.82	7.37932	
0.0-2.4	6.5-30.0	10.0-60.0	0.000-0.393	0.008	0.152	8485.0	8483.0	5014.31	79.0647	3468.68	68.5978	-0.0908505	0.066703	-0.05	0.0	0.416509	0.0	3.09272	0.0	0.0485841	0.0	0.0245761	0.0	0.03	0.0	1.492	0.0	5.0	0.0	1.733	0.0	0.0365452	0.0	1.26244e-05	0.000102978	0.381225	0.0113256	0.16485	0.0	0.00394979	0.0	0.00123439	0.000532064	1.76859	0.0	0.886879	0.0132665	0.653982	0.0325588	0.999409	0.0180701	0.58552	0.025829	0.0704986	2.7371e-05	0.174432	0.00869328	0.0704499	6.3775e-09	-13493.3	4.0	2.81892e-06	-74076.7	3.0	4.61302e-06	1.0	3507.27	69.793	1507.05	48.759	0.300549	0.008491	1082.83	4.53726	
0.0-2.4	6.5-30.0	10.0-60.0	0.000-1.571	0.004	0.164	30169.0	30165.0	18534.9	152.426	11630.1	127.785	-0.234222	0.036548	-0.05	0.0	0.416509	0.0	3.09272	0.0	0.0485841	0.0	0.0245761	0.000354483	0.03	0.0	1.492	0.0	5.0	0.0	1.733	0.0	0.0365452	6.95476e-05	1.00384e-05	0.000248775	0.379385	0.00615068	0.16485	0.0	0.00394979	0.0	0.00126611	0.000294791	1.76859	0.0	0.92914	0.00768736	0.697359	0.0225537	0.881523	0.0149439	0.569367	0.0142624	0.0706092	8.95017e-09	0.262985	0.00999476	0.495381	0.0440846	-46603.6	4.0	8.06231e-05	-302892.0	4.0	1.26508e-06	1.0	13163.7	135.924	5371.25	93.3128	0.28979	0.00443464	1112.04	2.6821	
0.0-2.4	6.5-30.0	10.0-60.0	0.393-0.785	0.008	0.145	7933.0	7932.0	4815.37	76.88	3116.4	64.8983	-0.277946	0.0705893	-0.05	0.0	0.416509	0.0	3.09272	0.0	0.0485841	0.0	0.0245761	0.0	0.03	0.0	1.492	0.0	5.0	0.0	1.733	0.0	0.0365452	0.0	1.89238e-05	0.00459057	0.381016	0.0125374	0.16485	0.0	0.00394979	0.0	0.00104838	0.000614567	1.76859	0.0	1.00189	0.0164373	0.73934	0.367753	0.768044	0.121543	0.5656	0.199122	0.0705716	0.10537	0.24989	0.0224242	0.495551	0.061804	-12091.1	4.0	9.21953e-05	-69025.8	3.0	3.45857e-05	1.0	3515.5	69.9424	1299.87	46.6092	0.269942	0.00866683	1163.59	5.90997	
0.0-2.4	6.5-30.0	10.0-60.0	0.785-1.178	0.008	0.152	7100.0	7097.0	4510.16	74.3003	2586.83	59.9803	-0.284216	0.0777015	-0.05	0.0	0.416509	0.0	3.09272	0.0	0.0485841	0.0	0.0245761	0.0	0.03	0.0	1.492	0.0	5.0	0.0	1.733	0.0	0.0365452	0.0	2.75139e-05	0.00458662	0.454019	0.0146695	0.16485	0.0	0.00394979	0.0	0.00108565	0.000589011	1.76859	0.0	0.902355	0.0151923	0.983228	0.566348	0.4815	0.314802	0.531083	0.0562444	0.0711119	3.37836e-06	0.421109	0.0256205	0.101139	0.0115513	-10796.5	4.0	1.33424e-06	-61229.8	3.0	3.63406e-05	1.0	3165.9	65.3556	1344.25	45.1842	0.29805	0.00873257	1093.46	5.23521	
0.0-2.4	6.5-30.0	10.0-60.0	1.178-1.571	0.008	0.152	6649.0	6647.0	4195.64	71.718	2451.09	58.3006	-0.327291	0.0797538	-0.05	0.0	0.416509	0.0	3.09272	0.0	0.0485841	0.0	0.0245761	0.0	0.03	0.0	1.492	0.0	5.0	0.0	1.733	0.0	0.0365452	0.0	1.96612e-05	0.00459023	0.289857	0.00988513	0.16485	0.0	0.00394979	0.0	0.00100185	0.000636055	1.76859	0.0	0.896966	0.0169066	0.630965	0.0336328	0.863025	0.0290874	0.493619	0.0288308	0.0704707	3.32516e-07	0.295261	0.0243472	0.537755	0.0877717	-10420.2	4.0	2.894e-05	-56835.1	3.0	4.76774e-05	1.0	2922.69	65.1484	1272.96	47.137	0.3034	0.00996611	1089.75	5.81086	
0.0-2.4	6.5-30.0	20.0-30.0	0.000-0.393	0.008	0.105	2470.0	2463.0	1491.2	43.1644	971.797	36.6573	-0.108822	0.126204	-0.05	0.0	0.416509	0.0	3.09272	0.0	0.0485841	0.0	0.0252699	0.0	0.03	0.0	1.492	0.0	5.0	0.0	1.733	0.0	0.0368203	0.0	1.25371e-05	0.000105445	0.545427	0.0282457	0.16485	0.0	0.00394979	0.0	0.00201234	0.000985836	1.76859	0.0	0.900814	0.0245652	0.607407	0.0601532	0.99984	0.83901	0.559761	0.0456656	0.0705923	1.24682e-08	0.14377	0.0154448	0.0708512	3.06568e-06	-3729.75	4.0	4.46606e-07	-18477.1	3.0	1.59842e-07	1.0	1032.33	36.9344	458.874	25.449	0.307721	0.0145572	1092.4	8.45881	
0.0-2.4	6.5-30.0	20.0-30.0	0.000-1.571	0.008	0.136	8500.0	8448.0	5238.36	81.038	3209.5	67.3691	-0.179898	0.0695389	-0.05	0.0	0.416509	0.0	3.09272	0.0	0.0485841	0.0	0.0252699	0.000699585	0.03	0.0	1.492	0.0	5.0	0.0	1.733	0.0	0.0368203	0.000140075	3.37928e-05	7.02542e-05	0.446571	0.0129228	0.16485	0.0	0.00394979	0.0	0.001441	0.000529065	1.76859	0.0	0.901653	0.0138911	0.677626	0.00505884	0.999999	6.17455	0.585146	0.00365763	0.0704682	2.50638e-10	0.199911	0.0019371	0.099225	18.489	-13367.8	4.0	1.19807e-06	-74107.5	4.0	1.17068e-05	1.0	3688.12	70.8977	1550.23	48.4385	0.295939	0.00803398	1092.98	4.78522	
0.0-2.4	6.5-30.0	20.0-30.0	0.393-0.785	0.008	0.105	2263.0	2204.0	1360.31	40.5429	843.708	33.5731	-0.194227	0.135386	-0.05	0.0	0.416509	0.0	3.09272	0.0	0.0485841	0.0	0.0252699	0.0	0.03	0.0	1.492	0.0	5.0	0.0	1.733	0.0	0.0368203	0.0	2.76412e-05	0.127705	0.289275	0.0164016	0.16485	0.0	0.00394979	0.0	0.00221847	0.00109912	1.76859	0.0	0.951247	0.029894	0.753608	0.0796943	0.99998	7.93443	0.659111	0.0414185	0.0706873	1.37531e-07	0.183655	0.0174009	0.0773636	39.7426	-3764.44	4.0	3.36212e-07	-16418.8	3.0	3.35845e-07	1.0	922.797	36.6068	437.512	27.453	0.321627	0.0177596	1127.54	10.5313	
0.0-2.4	6.5-30.0	20.0-30.0	0.785-1.178	0.008	0.12	1882.0	1877.0	1213.32	38.6293	663.683	30.7024	-0.310339	0.153301	-0.05	0.0	0.416509	0.0	3.09272	0.0	0.0485841	0.0	0.0252699	0.0	0.03	0.0	1.492	0.0	5.0	0.0	1.733	0.0	0.0368203	0.0	1.26912e-05	0.00459344	0.58536	0.0324088	0.16485	0.0	0.00394979	0.0	0.00027227	0.00108738	1.76859	0.0	0.876599	0.0283306	0.803782	0.0659495	0.999921	0.155366	0.551234	0.0602137	0.0704482	7.73108e-09	0.156117	0.017943	0.0777874	2.83996	-2818.72	4.0	2.44299e-06	-13697.9	3.0	4.06634e-07	1.0	822.553	32.6915	390.763	23.188	0.322062	0.0161277	1075.82	9.63945	
0.0-2.4	6.5-30.0	20.0-30.0	1.178-1.571	0.008	0.128	1883.0	1880.0	1173.6	37.9554	706.39	31.1996	-0.0405576	0.147912	-0.05	0.0	0.416509	0.0	3.09272	0.0	0.0485841	0.0	0.0252699	0.0	0.03	0.0	1.492	0.0	5.0	0.0	1.733	0.0	0.0368203	0.0	3.66622e-05	0.000202958	0.304711	0.0212321	0.16485	0.0	0.00394979	0.0	0.00373791	7.74058e-09	1.76859	0.0	0.863379	0.0292493	0.620323	0.0795362	1.0	0.00463979	0.506898	0.0766259	0.0704389	0.0222546	0.309765	0.0331863	1.01157	5.31494	-3130.93	4.0	18.435	-13686.1	3.0	1.913e-06	1.0	878.559	34.5681	295.044	21.8788	0.2514	0.016776	1066.85	9.88431	
0.0-2.4	6.5-30.0	30.0-60.0	0.000-0.393	0.008	0.12	2600.0	2596.0	1700.8	44.9316	895.139	34.8325	-0.514102	0.132871	-0.05	0.0	0.416509	0.0	3.09272	0.0	0.0485841	0.0	0.0252089	0.0	0.03	0.0	1.492	0.0	5.0	0.0	1.733	0.0	0.0367959	0.0	1.2559e-05	0.000104568	0.255905	0.0144482	0.16485	0.0	0.00394979	0.0	0.000371489	0.000836738	1.76859	0.0	0.822141	0.0215364	0.844584	0.0772541	0.999978	0.227373	0.620794	0.0456809	0.0706269	7.51384e-09	0.243887	0.023479	0.0704972	4.617e-07	-4921.33	4.0	7.40524e-05	-19944.9	3.0	1.20131e-05	1.0	1246.83	41.6208	453.965	28.1275	0.266913	0.0149592	1039.29	7.11406	
0.0-2.4	6.5-30.0	30.0-60.0	0.000-1.571	0.008	0.145	9384.0	9380.0	6593.16	88.3245	2786.42	63.2051	-0.540632	0.0758049	-0.05	0.0	0.416509	0.0	3.09272	0.0	0.0485841	0.0	0.0252089	0.000557427	0.03	0.0	1.492	0.0	5.0	0.0	1.733	0.0	0.0367959	0.000111416	3.69686e-05	0.0287936	0.274151	0.00807883	0.16485	0.0	0.00394979	0.0	0.000296651	0.000483233	1.76859	0.0	0.852393	0.012611	0.902332	0.927396	0.613601	0.436653	0.397222	0.108208	0.070689	0.218427	0.426373	0.0383917	0.0704805	9.58032e-10	-17160.8	4.0	3.0066e-08	-84838.8	4.0	2.47449e-05	1.0	4783.42	81.6837	1809.73	56.1575	0.274487	0.00768292	1059.45	4.23686	
0.0-2.4	6.5-30.0	30.0-60.0	0.393-0.785	0.008	0.12	2536.0	2536.0	1766.9	45.5228	769.088	32.7801	-0.875549	0.146332	-0.05	0.0	0.416509	0.0	3.09272	0.0	0.0485841	0.0	0.0252089	0.0	0.03	0.0	1.492	0.0	5.0	0.0	1.733	0.0	0.0367959	0.0	1.53356e-05	0.00459222	0.295973	0.0195175	0.16485	0.0	0.00394979	0.0	-0.00135961	0.00101525	1.76859	0.0	0.936235	0.0279534	0.991243	0.582684	0.590602	0.881124	0.376366	0.227488	0.0705532	2.91052e-06	0.495411	0.0575065	0.0704973	0.0480002	-4436.57	4.0	8.27118e-05	-19588.2	3.0	1.68348e-06	1.0	1321.07	42.7915	445.836	28.3654	0.252327	0.0146786	1116.99	9.78371	
0.0-2.4	6.5-30.0	30.0-60.0	0.785-1.178	0.008	0.12	2143.0	2140.0	1583.44	42.7897	556.514	28.3573	-0.326234	0.169545	-0.05	0.0	0.416509	0.0	3.09272	0.0	0.0485841	0.0	0.0252089	0.0	0.03	0.0	1.492	0.0	5.0	0.0	1.733	0.0	0.0367959	0.0	1.26912e-05	0.00459344	0.238541	0.0138132	0.16485	0.0	0.00394979	0.0	0.000466128	0.00100669	1.76859	0.0	0.827878	0.0247899	0.999976	0.891552	0.477568	0.0625084	0.276615	0.06335	0.0705052	1.46474	0.412602	0.0463523	0.070587	0.0144158	-4210.07	4.0	4.73804e-07	-16350.1	3.0	6.87289e-06	1.0	1132.39	40.0449	451.051	28.5613	0.284854	0.0163125	1043.09	8.21588	
0.0-2.4	6.5-30.0	30.0-60.0	1.178-1.571	0.008	0.12	2103.0	2092.0	1537.3	42.2976	554.689	28.3991	-0.347665	0.169008	-0.05	0.0	0.416509	0.0	3.09272	0.0	0.0485841	0.0	0.0252089	0.0	0.03	0.0	1.492	0.0	5.0	0.0	1.733	0.0	0.0367959	0.0	2.02273e-05	0.00458997	0.311962	0.017272	0.16485	0.0	0.00394979	0.0	0.00370533	3.94873e-08	1.76859	0.0	0.872333	0.0273148	0.846768	0.804476	0.61654	0.238411	0.27745	0.63647	0.0704389	2.33535e-07	0.518338	0.05847	0.0704518	0.0756681	-3712.08	4.0	5.64966	-15890.6	3.0	5.67992e-07	1.0	1092.26	37.9781	445.034	26.2508	0.289491	0.0151044	1072.92	9.27357	
0.0-2.4	6.5-8.0	0.0-100.0	0.000-0.393	0.016	0.136	7445.0	7432.0	3291.16	68.4187	4140.88	74.3684	-0.117959	0.0607299	-0.05	0.0	0.392219	0.0	3.09208	0.0	0.0509572	0.0	0.0278849	0.0	0.03	0.0	1.492	0.0	5.0	0.0	1.733	0.0	0.038614	0.0	0.000283738	0.00239569	0.458054	0.0192013	0.3824	0.121469	0.00999999	0.00341546	0.00211486	0.000799051	1.80181	0.174802	0.86706	0.0168668	0.999984	0.0573577	0.593406	0.0692783	0.774076	0.0190688	0.0777176	34.1878	0.214357	0.0201712	0.160851	0.0260753	-9246.58	4.0	1.75141e-05	-62002.7	3.0	9.04614e-06	1.0	2490.14	61.7752	801.017	37.599	0.243384	0.0102427	1306.05	74.1792	
0.0-2.4	6.5-8.0	0.0-100.0	0.000-1.571	0.016	0.16	26340.0	26333.0	11870.2	156.406	14462.9	164.469	-0.0958548	0.0338311	-0.05	0.0	0.392219	0.0576426	3.09208	0.000449419	0.0509572	0.00258528	0.0278849	0.00107836	0.03	0.0	1.492	0.0	5.0	0.0	1.733	0.0	0.038614	0.000982098	2.99332e-05	0.00458551	0.321237	0.0079437	0.247328	0.092515	0.00999999	0.0035556	0.00294679	0.000404023	1.76918	0.144226	0.940747	0.00928353	0.543652	0.0242159	0.834991	0.0220116	0.633364	0.0145335	0.0706292	1.56772e-08	0.237959	0.01297	0.402831	0.0342999	-34236.4	4.0	2.51271e-06	-253425.0	7.0	2.61818e-05	1.0	9194.46	138.587	2675.79	75.9754	0.22542	0.00566959	1200.11	50.703	
0.0-2.4	6.5-8.0	0.0-100.0	0.393-0.785	0.016	0.145	6857.0	6853.0	2875.98	64.2246	3977.2	72.289	-0.174778	0.0619449	-0.05	0.0	0.392219	0.0	3.09208	0.0	0.0509572	0.0	0.0278849	0.0	0.03	0.0	1.492	0.0	5.0	0.0	1.733	0.0	0.038614	0.0	5.71468e-05	0.0356234	0.26547	0.0138318	0.840202	0.0613475	0.00435761	0.0029239	-0.00283861	0.00270538	1.29411	0.0495922	0.625056	0.0553184	0.767278	0.0668569	0.695903	0.0755894	0.636502	0.0277519	0.0708093	8.81942e-08	0.137344	0.0117477	0.314771	0.0418927	-8700.51	4.0	0.000459257	-56454.3	3.0	0.000106915	1.0	2237.7	60.6356	638.285	37.1855	0.221937	0.0119421	1212.24	27.6359	
0.0-2.4	6.5-8.0	0.0-100.0	0.785-1.178	0.016	0.152	6329.0	6325.0	3027.44	64.2389	3297.55	66.3077	0.122517	0.0681008	-0.05	0.0	0.392219	0.0	3.09208	0.0	0.0509572	0.0	0.0278849	0.0	0.03	0.0	1.492	0.0	5.0	0.0	1.733	0.0	0.038614	0.0	0.000162346	0.00052087	0.259206	0.0124119	0.125882	0.127257	0.00999964	0.014763	0.00323868	0.000752218	1.93842	0.430428	0.97805	0.0176698	0.452419	0.0309191	1.0	0.276568	0.554497	0.0370252	0.0732569	0.00607768	0.236099	0.0160788	0.214746	187.994	-8993.68	4.0	7.74745e-06	-52136.6	3.0	5.49997e-07	1.0	2299.47	60.4706	727.966	38.9179	0.240456	0.0117992	1144.19	90.6383	
0.0-2.4	6.5-8.0	0.0-100.0	1.178-1.571	0.016	0.152	5707.0	5703.0	2675.57	60.6797	3027.52	63.515	-0.19377	0.071123	-0.05	0.0	0.392219	0.0	3.09208	0.0	0.0509572	0.0	0.0278849	0.0	0.03	0.0	1.492	0.0	5.0	0.0	1.733	0.0	0.038614	0.0	0.00037077	0.135166	0.266041	0.014882	0.647334	0.789382	0.00754825	0.00409297	-0.000789462	0.00113251	1.39691	0.229244	0.61134	0.0232036	0.562052	0.0516535	0.799869	0.0424808	0.609944	0.0300606	0.0706148	0.011893	0.473126	0.0346777	0.44013	0.0630852	-7425.18	4.0	3.97854e-06	-46300.5	3.0	1.85783e-05	1.0	2117.57	57.4269	558.004	33.9357	0.208555	0.0117686	1181.09	277.831	
0.0-2.4	6.5-8.0	10.0-60.0	0.000-0.393	0.016	0.128	4332.0	4325.0	2111.1	53.5848	2213.91	54.5351	-0.124655	0.0832136	-0.05	0.0	0.392219	0.0	3.09208	0.0	0.0509572	0.0	0.0274747	0.0	0.03	0.0	1.492	0.0	5.0	0.0	1.733	0.0	0.0384349	0.0	0.000280358	0.0026809	0.431637	0.0212953	0.247328	0.0	0.00999999	0.0	0.000376473	0.000929521	1.76918	0.0	0.925169	0.0198079	0.798496	0.00949774	1.0	17.0772	0.775095	0.0039129	0.111865	0.00463939	0.21164	0.00354505	0.207406	69.9862	-5975.9	4.0	6.30601e-07	-34022.8	3.0	8.66344e-08	1.0	1543.67	47.8291	567.435	30.9813	0.268786	0.0129932	1190.96	5.79081	
0.0-2.4	6.5-8.0	10.0-60.0	0.000-1.571	0.016	0.16	14842.0	14839.0	7668.99	102.482	7170.14	100.019	-0.0519246	0.0462762	-0.05	0.0	0.392219	0.0	3.09208	0.0	0.0509572	0.0	0.0274747	0.000614456	0.03	0.0	1.492	0.0	5.0	0.0	1.733	0.0	0.0384349	0.00013348	2.99332e-05	0.00458551	0.311623	0.009065	0.247328	0.0	0.00999999	0.0	0.000728011	0.000513265	1.76918	0.0	0.915663	0.0113021	0.646066	0.100327	0.717923	0.0503437	0.673033	0.0398845	0.0707261	0.020907	0.205793	0.015873	0.393539	0.0333977	-21216.0	4.0	3.62235e-07	-135728.0	4.0	3.21979e-06	1.0	5798.83	94.8734	1870.16	60.1727	0.24386	0.0071375	1185.41	3.2855	
0.0-2.4	6.5-8.0	10.0-60.0	0.393-0.785	0.016	0.145	3886.0	3884.0	1968.31	51.2203	1915.66	50.7038	0.0231341	0.0894285	-0.05	0.0	0.392219	0.0	3.09208	0.0	0.0509572	0.0	0.0274747	0.0	0.03	0.0	1.492	0.0	5.0	0.0	1.733	0.0	0.0384349	0.0	5.71468e-05	0.0356234	0.253321	0.015771	0.247328	0.0	0.00999999	0.0	-0.000211362	0.00111949	1.76918	0.0	0.992823	0.0238656	0.693876	0.0427094	0.650264	0.785623	0.597157	0.332941	0.574132	0.0935222	0.179851	0.0245535	0.0710035	0.124117	-5585.56	4.0	7.26632e-07	-30268.4	3.0	4.73821e-06	1.0	1534.91	49.5328	433.399	31.3897	0.220189	0.0148827	1231.28	7.24209	
0.0-2.4	6.5-8.0	10.0-60.0	0.785-1.178	0.016	0.152	3397.0	3394.0	1856.16	49.075	1537.85	45.7169	0.0675465	0.100032	-0.05	0.0	0.392219	0.0	3.09208	0.0	0.0509572	0.0	0.0274747	0.0	0.03	0.0	1.492	0.0	5.0	0.0	1.733	0.0	0.0384349	0.0	0.000162346	0.00052087	0.225987	0.014897	0.247328	0.0	0.00999999	0.0	-6.58444e-05	0.00100751	1.76918	0.0	0.849124	0.0218199	0.914108	0.741869	0.364282	0.197826	0.599227	0.0582793	0.142442	0.0891406	0.371899	0.0612441	0.0994195	0.0260525	-5332.83	4.0	6.67554e-06	-26222.3	3.0	2.06574e-07	1.0	1402.67	46.9759	453.494	31.228	0.244318	0.0155345	1147.53	6.07626	
0.0-2.4	6.5-8.0	10.0-60.0	1.178-1.571	0.016	0.136	3226.0	3222.0	1729.95	47.6946	1492.04	45.1318	-0.146539	0.101472	-0.05	0.0	0.392219	0.0	3.09208	0.0	0.0509572	0.0	0.0274747	0.0	0.03	0.0	1.492	0.0	5.0	0.0	1.733	0.0	0.0384349	0.0	1.00919e-05	0.00212113	0.290061	0.0168478	0.247328	0.0	0.00999999	0.0	0.000351822	0.00103167	1.76918	0.0	0.817378	0.0246789	0.481419	0.0578379	0.699798	0.0730137	0.58028	0.0361351	0.0705039	1.82928e-08	0.276529	0.035546	0.419778	0.0599426	-4481.82	4.0	1.62455e-05	-24638.4	3.0	2.12115e-08	1.0	1266.98	44.0965	462.973	29.7873	0.267622	0.0155576	1130.04	6.71784	
0.0-2.4	8.0-10.0	0.0-100.0	0.000-0.393	0.008	0.152	3810.0	3769.0	2383.41	54.0419	1385.58	43.8499	0.202328	0.105941	-0.05	0.0	0.374643	0.0	3.09361	0.0	0.0511008	0.0	0.0235117	0.0	0.03	0.0	1.492	0.0	5.0	0.0	1.733	0.0	0.0363868	0.0	3.80818e-05	0.00458177	0.260956	0.0120705	0.478672	0.341365	0.000146721	0.00440494	0.00115008	0.00106019	1.46886	0.220449	0.750721	0.0259308	0.82748	4.89362	0.716432	5.67783	0.543691	1.40345	0.0707215	5.22405e-07	0.257806	0.385804	0.0710013	0.539283	-6508.52	4.0	5.40194e-05	-30144.8	3.0	3.02383e-06	1.0	1697.42	49.4198	685.99	34.6837	0.287819	0.0130067	1151.77	136.0	
0.0-2.4	8.0-10.0	0.0-100.0	0.000-1.571	0.008	0.152	14048.0	13967.0	8964.05	115.022	5003.12	96.2659	-0.195584	0.0571381	-0.05	0.0	0.374643	0.0390984	3.09361	0.000419099	0.0511008	0.0023781	0.0235117	0.000803915	0.03	0.0	1.492	0.0	5.0	0.0	1.733	0.0	0.0363868	0.000850615	8.77568e-05	0.000222665	0.369437	0.00881103	0.22052	0.162925	0.000482536	0.00445097	0.00286607	0.000449752	1.61158	0.193917	0.848166	0.0120101	0.660455	0.0298971	0.513358	0.0207009	0.29606	0.0216275	0.0705274	1.44264	0.416348	0.00277664	0.0717196	0.0161665	-21993.9	4.0	1.6756e-07	-130278.0	7.0	9.00698e-06	1.0	6318.72	99.073	2645.34	66.2864	0.295105	0.00635159	1064.65	78.8829	
0.0-2.4	8.0-10.0	0.0-100.0	0.393-0.785	0.016	0.105	3775.0	3717.0	2425.3	53.9729	1291.69	42.1849	-0.606022	0.110935	-0.05	0.0	0.374643	0.0	3.09361	0.0	0.0511008	0.0	0.0235117	0.0	0.03	0.0	1.492	0.0	5.0	0.0	1.733	0.0	0.0363868	0.0	0.000172932	0.00146308	0.406909	0.0173075	0.0247845	0.0475261	0.00888237	0.0102477	0.00138636	0.000909452	2.45426	1.19584	1.20347	0.0243728	0.982742	0.0178535	0.998221	1.02185	0.624922	0.0533482	0.321483	0.20454	0.418794	0.0301243	0.0706946	1.10648e-06	-5427.07	4.0	6.80574e-05	-29850.4	3.0	2.58817e-06	1.0	1646.35	47.7511	778.954	35.1899	0.321178	0.0126269	1249.69	53.5727	
0.0-2.4	8.0-10.0	0.0-100.0	0.785-1.178	0.008	0.145	3404.0	3404.0	2201.67	52.0606	1202.19	41.3632	-0.0266132	0.113824	-0.05	0.0	0.374643	0.0	3.09361	0.0	0.0511008	0.0	0.0235117	0.0	0.03	0.0	1.492	0.0	5.0	0.0	1.733	0.0	0.0363868	0.0	9.83527e-05	0.000854857	0.589764	0.0242174	0.140897	0.302584	0.00619959	0.0180756	0.00153621	0.000842517	1.66473	0.645363	0.938111	0.0224856	0.710334	0.061183	0.999997	0.124742	0.587073	0.0447871	0.0704437	1.05721e-08	0.226459	0.0207555	0.070542	0.000459648	-4826.68	4.0	8.64537e-08	-26938.0	3.0	5.33714e-05	1.0	1475.44	44.0077	726.226	31.8492	0.329853	0.0121831	1070.76	151.395	
0.0-2.4	8.0-10.0	0.0-100.0	1.178-1.571	0.008	0.128	3057.0	3055.0	1962.21	48.7602	1092.77	38.8369	-0.367682	0.11981	-0.05	0.0	0.374643	0.0	3.09361	0.0	0.0511008	0.0	0.0235117	0.0	0.03	0.0	1.492	0.0	5.0	0.0	1.733	0.0	0.0363868	0.0	0.000173321	0.000555349	0.214436	0.0115128	0.273985	0.249386	-0.00287811	0.0073307	0.00225386	0.00101168	1.5396	0.259169	0.870842	0.0276822	0.771068	0.262329	0.944632	0.575658	0.577863	0.227702	0.070494	6.41638e-07	0.46287	0.0818846	0.0705009	0.477079	-5370.86	4.0	3.18548e-06	-23884.6	3.0	2.00044e-05	1.0	1398.4	45.9333	563.812	33.1455	0.287335	0.0153087	1095.46	104.742	
0.0-2.4	8.0-10.0	10.0-60.0	0.000-0.393	0.008	0.145	2366.0	2365.0	1560.0	43.3022	805.011	33.4679	0.0500324	0.139103	-0.05	0.0	0.374643	0.0	3.09361	0.0	0.0511008	0.0	0.0241894	0.0	0.03	0.0	1.492	0.0	5.0	0.0	1.733	0.0	0.0366635	0.0	8.51781e-05	0.000319537	0.241457	0.0142574	0.22052	0.0	0.000482536	0.0	0.00206862	0.00102921	1.61158	0.0	0.810185	0.0257438	0.545031	0.0364718	0.906965	0.173058	0.292971	0.0950822	0.0715669	0.0263344	0.156159	0.0122987	0.0704494	2.88825	-4449.64	4.0	4.19657e-08	-17945.0	3.0	1.14584e-07	1.0	1142.95	40.1862	417.049	27.2474	0.26734	0.0158115	1041.34	7.80622	
0.0-2.4	8.0-10.0	10.0-60.0	0.000-1.571	0.008	0.145	8439.0	8438.0	5698.23	83.2134	2739.77	62.977	-0.360876	0.075914	-0.05	0.0	0.374643	0.0	3.09361	0.0	0.0511008	0.0	0.0241894	0.000594401	0.03	0.0	1.492	0.0	5.0	0.0	1.733	0.0	0.0366635	0.000122622	8.96232e-05	0.000224682	0.334062	0.010918	0.22052	0.0	0.000482536	0.0	0.00127476	0.000554644	1.61158	0.0	0.854653	0.0148762	0.874558	4.22678	0.615476	1.06155	0.435865	0.530255	0.0707017	1.16524	0.382947	0.0520797	0.070611	1.24823e-05	-14282.8	4.0	1.50068e-05	-74933.6	4.0	2.44581e-06	1.0	4080.63	75.1473	1617.6	51.5175	0.283878	0.00803451	1068.69	4.63666	
0.0-2.4	8.0-10.0	10.0-60.0	0.393-0.785	0.008	0.12	2282.0	2278.0	1506.71	42.3212	771.201	32.4892	-0.697238	0.144266	-0.05	0.0	0.374643	0.0	3.09361	0.0	0.0511008	0.0	0.0241894	0.0	0.03	0.0	1.492	0.0	5.0	0.0	1.733	0.0	0.0366635	0.0	0.000180866	0.000958622	0.334762	0.0205514	0.22052	0.0	0.000482536	0.0	0.00104812	0.00114121	1.61158	0.0	0.877461	0.0339439	0.90392	0.943875	0.649139	0.320289	0.315975	0.135743	0.0707005	0.799267	0.457596	0.0344428	0.070456	1.33674e-07	-3684.03	4.0	1.6935e-05	-17236.8	3.0	2.36547e-05	1.0	1078.16	38.5637	428.545	26.7382	0.284425	0.0158461	1083.0	10.7186	
0.0-2.4	8.0-10.0	10.0-60.0	0.785-1.178	0.008	0.112	1996.0	1992.0	1376.08	40.9575	615.903	30.2885	-0.424518	0.160655	-0.05	0.0	0.374643	0.0	3.09361	0.0	0.0511008	0.0	0.0241894	0.0	0.03	0.0	1.492	0.0	5.0	0.0	1.733	0.0	0.0366635	0.0	0.000152887	0.000500196	0.569127	0.0286936	0.22052	0.0	0.000482536	0.0	0.00215155	0.00110459	1.61158	0.0	0.873868	0.0297056	0.784536	0.0347553	0.999992	2.42006	0.640222	0.0190345	0.0705613	9.57993e-08	0.214776	0.0102735	0.071002	12.9565	-3032.54	4.0	2.49827e-07	-14796.7	3.0	9.60731e-07	1.0	901.772	34.2473	474.305	25.5297	0.344679	0.015458	1080.73	9.36143	
0.0-2.4	8.0-10.0	10.0-60.0	1.178-1.571	0.008	0.12	1793.0	1792.0	1259.86	38.5249	532.122	27.5047	-0.374652	0.172663	-0.05	0.0	0.374643	0.0	3.09361	0.0	0.0511008	0.0	0.0241894	0.0	0.03	0.0	1.492	0.0	5.0	0.0	1.733	0.0	0.0366635	0.0	0.000146321	0.00058429	0.229599	0.0148991	0.22052	0.0	0.000482536	0.0	0.000304242	0.00122475	1.61158	0.0	0.837556	0.0317491	0.698102	0.0484044	1.0	0.00385477	0.390258	0.0504144	0.0705164	6.27713e-10	0.449716	0.0428329	3.18013	6.61286	-3246.14	4.0	3.16989e-05	-13240.1	3.0	7.46665e-06	1.0	894.699	36.1301	365.161	26.1068	0.289843	0.018731	1058.08	9.79492	
1.2-1.6	6.5-30.0	0.0-100.0	0.000-0.393	0.008	0.136	3362.0	3359.0	1774.33	48.0757	1584.62	46.0605	0.0407159	0.0982151	-0.05	0.0	0.556844	0.0	3.09259	0.0	0.0432084	0.0	0.0338023	0.0	0.03	0.0	1.492	0.0	5.0	0.0	1.733	0.0	0.0393187	0.0	2.98516e-05	0.00458555	0.426591	0.0227236	0.0855425	0.0676275	0.01	0.0144498	0.00127798	0.000880056	2.14949	0.498319	0.984543	0.0220929	0.798637	0.923495	0.794732	7.24566	0.591867	3.61316	0.07084	1.72184	0.194916	0.543573	0.0706812	3.01519e-07	-4833.4	4.0	4.02092e-06	-25764.3	3.0	1.08724e-05	1.0	1290.3	43.0015	484.026	28.2641	0.272794	0.0141108	1132.09	68.4668	
1.2-1.6	6.5-30.0	0.0-100.0	0.000-1.571	0.008	0.136	12215.0	12200.0	6439.18	110.05	5760.91	106.905	-0.163006	0.0556333	-0.05	0.0	0.556844	0.0978053	3.09259	0.000662781	0.0432084	0.00205823	0.0338023	0.00236622	0.03	0.0	1.492	0.0	5.0	0.0	1.733	0.0	0.0393186	0.000895922	2.31047e-05	0.000294422	0.343046	0.01013	0.103775	0.0507441	0.00999984	0.0195355	0.00201486	0.000459679	2.09199	0.256609	0.931066	0.011783	0.943436	0.0545159	0.417698	0.0520571	0.492003	0.0678725	0.179657	0.0704836	0.389816	0.0209696	0.0708125	0.0150657	-17052.2	4.0	7.44402e-07	-109311.0	7.0	5.92677e-06	1.0	4685.2	94.3986	1753.98	58.2918	0.272392	0.00776392	1109.54	47.5397	
1.2-1.6	6.5-30.0	0.0-100.0	0.393-0.785	0.008	0.128	3298.0	3294.0	1614.08	46.4918	1679.93	47.1948	-0.362712	0.0957017	-0.05	0.0	0.556844	0.0	3.09259	0.0	0.0432084	0.0	0.0338023	0.0	0.03	0.0	1.492	0.0	5.0	0.0	1.733	0.0	0.0393187	0.0	1.04212e-05	0.0017469	0.2741	0.0160675	0.139479	0.194104	-0.00369186	0.0130029	0.00227557	0.000963031	1.8695	0.551205	0.960787	0.024453	0.857771	0.0651905	0.653083	0.152761	0.587463	0.059555	0.200026	0.0669978	0.378307	0.0336284	0.0706748	9.89523e-07	-4488.65	4.0	2.14099e-06	-25018.1	3.0	5.47159e-08	1.0	1150.67	42.7963	463.412	30.1859	0.287106	0.0167738	1132.18	127.515	
1.2-1.6	6.5-30.0	0.0-100.0	0.785-1.178	0.008	0.136	2896.0	2894.0	1579.6	45.0563	1314.37	42.0102	0.0564283	0.107953	-0.05	0.0	0.556844	0.0	3.09259	0.0	0.0432084	0.0	0.0338023	0.0	0.03	0.0	1.492	0.0	5.0	0.0	1.733	0.0	0.0393187	0.0	9.7391e-05	0.000579671	0.45136	0.0251365	0.0300435	0.0281106	0.0031415	0.0119123	0.00330547	0.000866619	3.12118	1.02466	0.893809	0.0225473	0.511654	0.0215579	0.905801	0.122453	0.308151	0.0763171	0.0705053	0.0150179	0.137418	0.00909143	0.0704491	3.31275	-4012.4	4.0	3.27339e-07	-21856.0	3.0	8.60768e-06	1.0	1142.74	39.8887	436.855	26.1519	0.276561	0.0145558	1033.23	77.1442	
1.2-1.6	6.5-30.0	0.0-100.0	1.178-1.571	0.008	0.12	2657.0	2643.0	1466.79	43.1786	1176.09	39.669	-0.410361	0.114935	-0.05	0.0	0.556844	0.0	3.09259	0.0	0.0432084	0.0	0.0338023	0.0	0.03	0.0	1.492	0.0	5.0	0.0	1.733	0.0	0.0393187	0.0	0.000198875	0.00213097	0.27839	0.0173476	0.326583	0.164375	0.00999999	0.0148666	0.00341422	0.00114126	1.65735	0.215849	0.811556	0.0302571	0.660202	0.0720099	0.775947	0.136836	0.462993	0.0590931	0.070454	0.0142403	0.551257	0.050142	0.0705329	8.55436e-09	-3668.95	4.0	9.27297e-06	-19752.2	3.0	2.29559e-05	1.0	1050.67	39.6263	416.127	27.6352	0.283698	0.0168885	1157.84	89.9402	
1.2-1.6	6.5-30.0	10.0-60.0	0.000-0.393	0.008	0.12	2132.0	2128.0	1221.81	39.2745	906.179	35.0263	0.0758325	0.13017	-0.05	0.0	0.556844	0.0	3.09259	0.0	0.0432084	0.0	0.0348538	0.0	0.03	0.0	1.492	0.0	5.0	0.0	1.733	0.0	0.0397234	0.0	7.71029e-05	0.00456383	0.500204	0.0302269	0.103775	0.0	0.00999984	0.0	0.00388243	0.00112286	2.09199	0.0	0.932605	0.0270835	0.489689	0.309963	0.905738	0.892902	0.320005	0.391952	0.0705641	0.159718	0.151495	0.0221421	0.0704583	1.23791e-08	-3039.2	4.0	0.000159817	-15500.9	3.0	4.77444e-06	1.0	872.481	34.328	349.331	22.7587	0.285912	0.0162019	1110.7	10.1904	
1.2-1.6	6.5-30.0	10.0-60.0	0.000-1.571	0.008	0.128	7047.0	7038.0	4153.9	73.8512	2883.41	64.6808	-0.312101	0.0733811	-0.05	0.0	0.556844	0.0	3.09259	0.0	0.0432084	0.0	0.0348538	0.00155513	0.03	0.0	1.492	0.0	5.0	0.0	1.733	0.0	0.0397234	0.00030234	2.94195e-05	0.000284662	0.330571	0.0124358	0.103775	0.0	0.00999984	0.0	0.00229118	0.000603652	2.09199	0.0	0.9741	0.0153205	0.723009	0.0567164	0.743772	0.121918	0.535907	0.0748714	0.0704852	0.122724	0.351888	0.052614	0.070499	0.1911	-10766.9	4.0	2.39408e-05	-59856.1	4.0	7.90456e-05	1.0	3067.66	67.3282	1086.24	43.9489	0.261499	0.00950396	1142.18	5.85504	
1.2-1.6	6.5-30.0	10.0-60.0	0.393-0.785	0.008	0.112	1870.0	1859.0	1004.66	35.9789	854.554	33.8255	-0.582595	0.135367	-0.05	0.0	0.556844	0.0	3.09259	0.0	0.0432084	0.0	0.0348538	0.0	0.03	0.0	1.492	0.0	5.0	0.0	1.733	0.0	0.0397234	0.0	1.71581e-05	0.00459138	0.225848	0.0178137	0.103775	0.0	0.00999984	0.0	0.00179538	0.00131002	2.09199	0.0	1.06998	0.0322273	0.774029	0.121161	0.999037	0.607132	0.679972	0.0548042	0.10322	0.0391305	0.511523	0.0527279	0.0781978	0.000113858	-2686.53	4.0	6.80314e-05	-13198.2	3.0	8.81923e-05	1.0	723.038	34.2144	281.622	24.5331	0.280316	0.0222605	1216.64	12.7006	
1.2-1.6	6.5-30.0	10.0-60.0	0.785-1.178	0.008	0.128	1545.0	1542.0	952.631	34.278	589.336	28.4913	-0.548806	0.163592	-0.05	0.0	0.556844	0.0	3.09259	0.0	0.0432084	0.0	0.0348538	0.0	0.03	0.0	1.492	0.0	5.0	0.0	1.733	0.0	0.0397234	0.0	7.39757e-05	0.000766255	0.209868	0.018792	0.103775	0.0	0.00999984	0.0	5.40432e-05	0.00116711	2.09199	0.0	0.901224	0.0294603	0.671101	0.224044	0.99957	2.1832	0.507231	0.169701	0.0707205	0.00801794	0.210617	0.0728094	0.0705891	8.54028	-2810.31	4.0	0.000129046	-10844.0	3.0	9.10024e-06	1.0	746.414	33.5239	206.217	21.3909	0.216471	0.0210603	1087.24	10.9429	
1.2-1.6	6.5-30.0	10.0-60.0	1.178-1.571	0.008	0.105	1499.0	1481.0	965.158	34.194	515.764	26.8304	-0.309601	0.174081	-0.05	0.0	0.556844	0.0	3.09259	0.0	0.0432084	0.0	0.0348538	0.0	0.03	0.0	1.492	0.0	5.0	0.0	1.733	0.0	0.0397234	0.0	0.000187286	0.00108795	0.306173	0.0219304	0.103775	0.0	0.00999984	0.0	0.00396285	0.00128148	2.09199	0.0	0.937642	0.0332596	0.606527	0.0626442	0.999995	0.129096	0.446423	0.0614321	0.0754893	0.0150522	0.354041	0.0419918	0.0706727	5.98457e-05	-2352.53	4.0	1.10022e-06	-10437.6	3.0	4.45627e-06	1.0	681.054	31.1029	284.104	22.057	0.29436	0.020335	1114.5	12.539	
1.2-2.4	6.5-30.0	0.0-100.0	0.000-0.393	0.008	0.152	8290.0	8247.0	4025.15	74.9593	4222.29	76.2621	-0.185727	0.0603912	-0.05	0.0	0.542302	0.0	3.09172	0.0	0.0536723	0.0	0.0330002	0.0	0.03	0.0	1.492	0.0	5.0	0.0	1.733	0.0	0.0453945	0.0	6.82157e-05	0.000215632	0.344888	0.0136888	0.0954857	0.0522203	0.01	0.0185529	0.00238101	0.000581891	2.25083	0.346158	0.959124	0.0135327	1.0	6.56551	0.503685	0.0138732	0.61647	0.00721433	0.307647	10.1705	0.227523	0.00529406	0.0773604	0.00300619	-10974.5	4.0	4.70754e-06	-69864.8	3.0	2.92994e-05	1.0	3059.89	69.2864	965.256	43.3197	0.239806	0.00979196	1147.1	57.4855	
1.2-2.4	6.5-30.0	0.0-100.0	0.000-1.571	0.008	0.128	29437.0	29164.0	15171.2	180.182	13993.5	176.837	-0.297607	0.035702	-0.05	0.0	0.542302	0.0628255	3.09172	0.00048382	0.0536723	0.0018124	0.0330002	0.00155474	0.03	0.0	1.492	0.0	5.0	0.0	1.733	0.0	0.0453945	0.00088816	2.08969e-05	0.00458966	0.311	0.00643787	0.162424	0.0759366	0.00569552	0.00415524	0.00295677	0.000335272	1.80411	0.165191	0.936846	0.00815298	0.796492	2.40934	0.534492	2.76276	0.527686	0.4971	0.0706881	2.85544e-07	0.31189	0.267642	0.0706526	7.95309e-08	-39422.8	4.0	1.25499e-07	-285172.0	7.0	2.36672e-05	1.0	11424.9	156.611	3746.33	89.9741	0.246937	0.00515468	1124.18	45.6407	
1.2-2.4	6.5-30.0	0.0-100.0	0.393-0.785	0.008	0.145	7726.0	7682.0	3797.57	72.3109	3884.59	72.9104	-0.443466	0.0633415	-0.05	0.0	0.542302	0.0	3.09172	0.0	0.0536723	0.0	0.0330002	0.0	0.03	0.0	1.492	0.0	5.0	0.0	1.733	0.0	0.0453945	0.0	1.22644e-05	0.000827478	0.312382	0.0128199	0.0589102	0.110996	-0.000371923	0.0146637	0.00365861	0.000674234	1.9393	0.711753	1.12307	0.0158918	1.0	0.0045272	0.556392	0.0438421	0.66742	0.0170295	1.46745	2.05196	0.275785	0.023122	0.381771	0.0327705	-9505.91	4.0	8.80946e-07	-64634.8	3.0	4.00226e-06	1.0	2825.02	67.2531	972.554	44.4108	0.256099	0.0106293	1186.82	68.1115	
1.2-2.4	6.5-30.0	0.0-100.0	0.785-1.178	0.008	0.152	6916.0	6912.0	3702.64	70.7067	3209.34	67.1271	-0.181066	0.069476	-0.05	0.0	0.542302	0.0	3.09172	0.0	0.0536723	0.0	0.0330002	0.0	0.03	0.0	1.492	0.0	5.0	0.0	1.733	0.0	0.0453945	0.0	0.000102317	0.000489226	0.340689	0.0146915	0.0346594	0.0437383	-0.00861863	0.0148488	0.00328756	0.000647452	2.4362	0.722782	1.05028	0.0160695	0.63925	0.138124	0.880455	0.9364	0.556876	0.212348	0.0704982	4.54336e-07	0.234214	0.0422413	0.0711474	0.142113	-9642.15	4.0	1.9521e-05	-57771.8	3.0	2.45772e-07	1.0	2860.78	65.9322	841.861	40.2622	0.227368	0.00996947	1127.19	54.6098	
1.2-2.4	6.5-30.0	0.0-100.0	1.178-1.571	0.008	0.152	6503.0	6499.0	3612.22	68.9788	2886.67	63.5032	-0.427188	0.0736897	-0.05	0.0	0.542302	0.0	3.09172	0.0	0.0536723	0.0	0.0330002	0.0	0.03	0.0	1.492	0.0	5.0	0.0	1.733	0.0	0.0453945	0.0	0.000157903	0.000565848	0.260934	0.0111794	0.464978	0.183587	0.0060662	0.00379409	0.0019557	0.000843946	1.49675	0.126405	0.70762	0.0203717	0.754471	0.072597	0.65845	0.127877	0.51686	0.0630485	0.0705944	0.0175021	0.486934	0.0321134	0.0707364	0.0206055	-9025.56	4.0	3.99884e-06	-54118.7	3.0	4.64458e-06	1.0	2689.71	64.3665	922.508	42.6058	0.255385	0.0107395	1144.37	79.7262	
1.2-2.4	6.5-30.0	10.0-60.0	0.000-0.393	0.008	0.152	5026.0	5023.0	2709.15	59.9917	2313.82	56.6024	-0.213689	0.081821	-0.05	0.0	0.542302	0.0	3.09172	0.0	0.0536723	0.0	0.0329876	0.0	0.03	0.0	1.492	0.0	5.0	0.0	1.733	0.0	0.0453903	0.0	6.82157e-05	0.000215632	0.385306	0.017764	0.162424	0.0	0.00569552	0.0	0.00286654	0.000715844	1.80411	0.0	0.877351	0.0160968	0.685849	0.0533907	0.999982	0.127339	0.621404	0.0402938	0.0706264	0.012044	0.185901	0.0125578	0.0704524	1.38633e-08	-7488.02	4.0	6.71788e-05	-40437.4	3.0	6.03227e-06	1.0	2047.84	54.6402	661.308	33.8171	0.244102	0.0112515	1083.23	5.45995	
1.2-2.4	6.5-30.0	10.0-60.0	0.000-1.571	0.008	0.16	17083.0	17080.0	9742.41	114.667	7337.63	103.651	-0.3609	0.046193	-0.05	0.0	0.542302	0.0	3.09172	0.0	0.0536723	0.0	0.0329876	0.000922228	0.03	0.0	1.492	0.0	5.0	0.0	1.733	0.0	0.0453903	0.000153383	2.84753e-05	0.00013348	0.281817	0.00722987	0.162424	0.0	0.00569552	0.0	0.00268254	0.000423661	1.80411	0.0	0.946527	0.00997842	0.760949	0.297523	0.830096	0.0568853	0.64411	0.135185	0.0706983	0.0877073	0.253011	0.0145634	0.413379	0.0421454	-25288.7	4.0	2.92074e-08	-159110.0	4.0	2.86326e-06	1.0	7275.86	106.723	2466.55	69.9936	0.253176	0.0065373	1130.95	3.49739	
1.2-2.4	6.5-30.0	10.0-60.0	0.393-0.785	0.008	0.145	4420.0	4418.0	2423.4	56.4421	1994.27	52.5055	-0.450922	0.0886341	-0.05	0.0	0.542302	0.0	3.09172	0.0	0.0536723	0.0	0.0329876	0.0	0.03	0.0	1.492	0.0	5.0	0.0	1.733	0.0	0.0453903	0.0	1.22644e-05	0.000827478	0.21822	0.0123079	0.162424	0.0	0.00569552	0.0	0.00309226	0.000944212	1.80411	0.0	1.06534	0.0217071	0.750257	0.00499806	1.0	0.946558	0.688389	0.00311406	0.575753	0.0128045	0.380321	0.00467526	0.493984	5.94586	-6139.46	4.0	1.09777e-06	-35078.3	3.0	6.81828e-05	1.0	1803.39	54.8205	620.007	38.0742	0.255842	0.0145373	1216.25	7.96271	
1.2-2.4	6.5-30.0	10.0-60.0	0.785-1.178	0.008	0.152	3892.0	3889.0	2283.26	54.5244	1605.64	47.9077	-0.397376	0.0990186	-0.05	0.0	0.542302	0.0	3.09172	0.0	0.0536723	0.0	0.0329876	0.0	0.03	0.0	1.492	0.0	5.0	0.0	1.733	0.0	0.0453903	0.0	0.000102317	0.000489226	0.230937	0.0127475	0.162424	0.0	0.00569552	0.0	0.00114795	0.000893766	1.80411	0.0	0.937268	0.0210946	0.762588	0.152615	0.754352	0.343773	0.55105	0.0875017	0.0704484	6.42041e-12	0.210948	0.0294839	0.101062	0.0626421	-6158.82	4.0	2.58012e-05	-30544.1	3.0	3.8176e-05	1.0	1738.57	52.5183	544.695	34.6942	0.23856	0.0140867	1124.48	7.36341	
1.2-2.4	6.5-30.0	10.0-60.0	1.178-1.571	0.008	0.152	3745.0	3743.0	2329.27	54.3944	1413.73	45.2022	-0.43101	0.105707	-0.05	0.0	0.542302	0.0	3.09172	0.0	0.0536723	0.0	0.0329876	0.0	0.03	0.0	1.492	0.0	5.0	0.0	1.733	0.0	0.0453903	0.0	0.000157903	0.000565848	0.281524	0.0132938	0.162424	0.0	0.00569552	0.0	0.00191404	0.00087563	1.80411	0.0	0.872293	0.0220804	1.0	0.00765646	0.545668	0.28463	0.565552	0.240413	0.462402	1.63071	0.317508	0.0289452	0.0704639	0.0625432	-5656.48	4.0	8.88754e-06	-29449.6	3.0	2.6955e-07	1.0	1643.47	49.9861	685.8	35.8068	0.294427	0.0137492	1079.8	7.47001	
1.6-2.4	3.0-6.5	0.0-100.0	0.000-0.393	0.016	0.232	73721.0	73713.0	11646.5	179.023	62066.6	287.168	0.237487	0.0155706	-0.05	0.0	4.44091e-07	0.0	3.08972	0.0	0.0597689	0.0	0.0500831	0.0	0.03	0.0	1.86	0.0	5.0	0.0	1.38	0.0	0.0500831	0.0	0.000116838	0.000421882	0.369599	0.0160201	0.236067	0.124463	0.00729005	0.0127625	0.010632	0.000356306	1.8607	0.245023	0.937107	0.00471069	1.0	0.0027143	0.635875	0.0154603	0.822972	0.00460154	0.0767737	0.000189787	0.262703	0.00997717	0.519926	0.0162511	-57327.8	4.0	0.000105352	-763227.0	3.0	7.23039e-07	1.0	10114.3	175.978	1532.19	85.7422	0.131559	0.00707889	1219.91	79.3218	
1.6-2.4	3.0-6.5	0.0-100.0	0.000-1.571	0.016	0.264	279000.0	278992.0	42571.3	2.3803	236420.0	3.82945	0.255106	5.9967e-05	-0.05	0.0	4.44091e-07	0.116159	3.08972	3.58285e-06	0.0597689	0.735395	0.0500831	3.31794e-06	0.03	0.0	1.86	0.0	5.0	0.0	1.38	0.0	0.0500831	0.000616943	1.3729e-05	0.00459296	0.293278	0.00682646	0.173641	0.119565	0.0248856	0.0127773	0.0110872	0.000190303	1.74699	0.202734	1.04575	0.00267125	0.949025	0.135761	0.651968	0.0488478	0.830876	0.018152	0.0707127	0.0653632	0.29104	0.0085011	0.449104	0.0148377	-215805.0	4.0	1.27534e-05	-3259340.0	7.0	0.00705811	1.0	36262.1	180.782	6309.22	180.771	0.148203	0.0042463	1197.35	55.2333	
1.6-2.4	3.0-6.5	0.0-100.0	0.393-0.785	0.016	0.264	71096.0	71092.0	10784.3	176.491	60307.5	284.022	0.130981	0.0157863	-0.05	0.0	4.44091e-07	0.0	3.08972	0.0	0.0597689	0.0	0.0500831	0.0	0.03	0.0	1.86	0.0	5.0	0.0	1.38	0.0	0.0500831	0.0	0.000137229	0.000596044	0.343205	0.012739	0.360587	0.290947	0.011093	0.0173419	0.00347655	0.000408926	1.52994	0.217467	0.794958	0.00585231	1.0	0.452869	0.779049	0.000691752	0.664566	0.000411505	0.443428	24.8754	0.131251	0.000233575	0.349456	0.00078545	-54173.8	4.0	6.36758e-06	-733155.0	3.0	1.35941e-05	1.0	9033.41	170.957	1750.9	90.5078	0.162357	0.00796084	1117.19	123.539	
1.6-2.4	3.0-6.5	0.0-100.0	0.785-1.178	0.016	0.24	68481.0	68477.0	10008.8	170.359	58468.4	278.22	0.217905	0.016029	-0.05	0.0	4.44091e-07	0.0	3.08972	0.0	0.0597689	0.0	0.0500831	0.0	0.03	0.0	1.86	0.0	5.0	0.0	1.38	0.0	0.0500831	0.0	4.38349e-05	0.00457912	0.270366	0.0131716	0.116472	0.085062	0.0499999	0.0704933	0.0132655	0.000386723	1.752	0.261836	1.16874	0.00535752	1.0	2153.63	0.506277	5.23503	0.873114	0.899752	0.0708147	38362.2	0.374124	2.81352	0.38455	1.8803	-52951.2	4.0	2.80997e-06	-703575.0	3.0	6.34189e-06	1.0	8491.03	169.396	1517.72	92.0589	0.15164	0.00882827	1250.75	36.0558	
1.6-2.4	3.0-6.5	0.0-100.0	1.178-1.571	0.016	0.24	65700.0	65696.0	10144.3	168.75	55551.6	271.685	0.449299	0.016508	-0.05	0.0	4.44091e-07	0.0	3.08972	0.0	0.0597689	0.0	0.0500831	0.0	0.03	0.0	1.86	0.0	5.0	0.0	1.38	0.0	0.0500831	0.0	1.0498e-05	0.00459445	0.247218	0.0105227	0.129942	6.79715	0.0137266	0.515216	0.0152233	0.00041605	1.2973	26.7608	1.18767	0.00567742	0.773763	0.0686244	0.756163	0.0271923	0.845825	0.0109954	0.0797867	0.0195466	0.512539	0.0147751	0.443241	0.02834	-51852.5	4.0	5.70632e-06	-672821.0	3.0	1.95945e-06	1.0	8232.93	167.132	1911.32	100.933	0.188414	0.00944325	1202.48	1914.87	
1.6-2.4	3.0-6.5	10.0-60.0	0.000-0.393	0.016	0.209	34304.0	34196.0	7110.25	129.127	27085.8	191.365	0.324763	0.0236531	-0.05	0.0	4.44091e-07	0.0	3.08972	0.0	0.0597689	0.0	0.0516865	0.0	0.03	0.0	1.86	0.0	5.0	0.0	1.38	0.0	0.0516865	0.0	9.26481e-05	0.000607494	0.365134	0.0206558	0.173641	0.0	0.0248856	0.0	0.0056955	0.000495529	1.74699	0.0	0.972689	0.00683129	0.992339	0.010278	0.584576	0.118295	0.772764	0.0882944	0.0708219	3.10172e-08	0.118688	0.0625987	0.514566	0.0311326	-30895.5	4.0	1.74665e-06	-328681.0	3.0	6.03359e-07	1.0	6331.8	127.431	778.448	56.7077	0.109483	0.00772368	1145.33	2.39709	
1.6-2.4	3.0-6.5	10.0-60.0	0.000-1.571	0.016	0.209	124263.0	124110.0	25059.2	283.398	99051.4	392.793	0.325123	0.012367	-0.05	0.0	4.44091e-07	0.0	3.08972	0.0	0.0597689	0.0	0.0516865	0.000608823	0.03	0.0	1.86	0.0	5.0	0.0	1.38	0.0	0.0516865	0.000304412	1.37782e-05	0.00459294	0.333124	0.00776067	0.173641	0.0	0.0248856	0.0	0.00348044	0.000267068	1.74699	0.0	0.945762	0.00382636	0.920537	0.0188563	0.79835	0.0107545	0.650816	0.01468	0.070619	4.02144e-07	0.0890802	0.00320369	0.457036	0.0121541	-110932.0	4.0	1.09065e-05	-1352380.0	4.0	2.34422e-05	1.0	20953.7	264.909	4105.5	127.194	0.163832	0.00472548	1126.54	1.32727	
1.6-2.4	3.0-6.5	10.0-60.0	0.393-0.785	0.016	0.209	32062.0	32021.0	5677.91	122.406	26343.1	188.723	0.207852	0.023923	-0.05	0.0	4.44091e-07	0.0	3.08972	0.0	0.0597689	0.0	0.0516865	0.0	0.03	0.0	1.86	0.0	5.0	0.0	1.38	0.0	0.0516865	0.0	0.000140653	0.00211075	0.325029	0.0129169	0.173641	0.0	0.0248856	0.0	0.007099	0.000513313	1.74699	0.0	0.869274	0.00773935	0.755725	0.0262384	0.888169	0.0133297	0.587902	0.0224376	0.070443	7.95446e-10	0.103961	0.00596864	0.407249	0.0273981	-27509.8	4.0	0.000111332	-305067.0	3.0	2.45797e-06	1.0	4406.15	113.451	1271.76	67.8223	0.223984	0.0109254	1074.42	2.58718	
1.6-2.4	3.0-6.5	10.0-60.0	0.785-1.178	0.016	0.2	29548.0	29548.0	6083.22	120.476	23464.9	178.524	0.334566	0.0254184	-0.05	0.0	4.44091e-07	0.0	3.08972	0.0	0.0597689	0.0	0.0516865	0.0	0.03	0.0	1.86	0.0	5.0	0.0	1.38	0.0	0.0516865	0.0	2.37523e-05	0.00458835	0.297341	0.0151395	0.173641	0.0	0.0248856	0.0	0.000453372	0.000566158	1.74699	0.0	0.952704	0.00817964	0.953457	0.0312559	0.845981	0.019603	0.56554	0.0309669	0.0709277	1.47056e-07	0.0813393	0.00442058	0.338844	0.0218521	-27136.6	4.0	2.10189e-06	-279641.0	3.0	1.37589e-06	1.0	5081.26	119.361	1001.95	67.1862	0.164708	0.0105518	1131.37	2.84595	
1.6-2.4	3.0-6.5	10.0-60.0	1.178-1.571	0.016	0.2	28348.0	28289.0	6209.61	120.03	22079.4	173.936	0.470432	0.0262902	-0.05	0.0	4.44091e-07	0.0	3.08972	0.0	0.0597689	0.0	0.0516865	0.0	0.03	0.0	1.86	0.0	5.0	0.0	1.38	0.0	0.0516865	0.0	2.33736e-05	0.000329334	0.35061	0.0157792	0.173641	0.0	0.0248856	0.0	0.00233835	0.000564289	1.74699	0.0	0.977796	0.0078429	1.0	81.1555	0.78711	0.00336592	0.681961	0.00361715	0.0713138	446.908	0.0826517	0.00120835	0.430642	0.00114323	-25868.1	4.0	4.69561e-05	-266765.0	3.0	1.3919e-06	1.0	5194.47	115.097	1015.14	59.5876	0.163479	0.0090608	1148.92	2.75787	
1.6-2.4	6.5-30.0	0.0-100.0	0.000-0.393	0.008	0.152	4927.0	4886.0	2227.19	57.0208	2658.82	60.686	-0.340224	0.0763432	-0.05	0.0	0.669834	0.0	3.09072	0.0	0.0570495	0.0	0.0307693	0.0	0.03	0.0	1.492	0.0	5.0	0.0	1.733	0.0	0.0499265	0.0	1.5549e-05	0.00459212	0.255614	0.0148178	0.0978875	0.076376	0.00321487	0.0124398	0.00430377	0.000777317	2.32819	0.499075	0.964789	0.016941	0.749471	0.0176302	0.999998	1.21109	0.71445	0.0090908	0.0922821	0.00629066	0.216978	0.00693482	0.137789	5.06298	-6257.25	4.0	5.48133e-06	-38555.4	3.0	1.16964e-05	1.0	1730.13	54.373	497.06	34.0046	0.223178	0.0141584	1170.6	88.107	
1.6-2.4	6.5-30.0	0.0-100.0	0.000-1.571	0.008	0.152	17222.0	17135.0	8601.14	141.373	8534.11	141.095	-0.422107	0.0458406	-0.05	0.0	0.669834	0.0875117	3.09072	0.00070357	0.0570495	0.00228566	0.0307693	0.00353186	0.03	0.0	1.492	0.0	5.0	0.0	1.733	0.0	0.0499265	0.00138457	2.77437e-05	0.00458652	0.274418	0.00815446	0.211707	0.175346	0.00199102	0.00574194	0.00396735	0.000490702	1.6767	0.235346	0.979904	0.0111875	0.767239	0.0395193	0.796801	0.0358588	0.665208	0.0177075	0.0705615	4.38576e-07	0.258976	0.0125388	0.377274	0.0383102	-22306.5	4.0	5.08249e-07	-157706.0	7.0	1.04198e-05	1.0	6652.18	124.978	1948.96	68.489	0.226593	0.00703808	1162.8	78.5758	
1.6-2.4	6.5-30.0	0.0-100.0	0.393-0.785	0.008	0.145	4428.0	4386.0	2148.54	54.68	2237.65	55.4892	-0.520746	0.0837653	-0.05	0.0	0.669834	0.0	3.09072	0.0	0.0570495	0.0	0.0307693	0.0	0.03	0.0	1.492	0.0	5.0	0.0	1.733	0.0	0.0499265	0.0	1.00009e-05	0.00028235	0.351594	0.0200672	0.0204708	0.0647976	-0.00361194	0.0113544	0.00560068	0.000924411	2.0185	1.22259	1.16338	0.0206951	1.0	10.6054	0.485328	0.253781	0.629465	0.168179	0.0716421	0.000158446	0.200293	0.147993	0.411637	0.136698	-5076.56	4.0	7.79725e-06	-34353.8	3.0	8.15275e-06	1.0	1647.97	51.142	500.568	31.9184	0.232981	0.0136213	1187.08	43.9331	
1.6-2.4	6.5-30.0	0.0-100.0	0.785-1.178	0.008	0.145	4019.0	4016.0	2104.05	53.969	1911.47	52.1542	-0.375037	0.0904904	-0.05	0.0	0.669834	0.0	3.09072	0.0	0.0570495	0.0	0.0307693	0.0	0.03	0.0	1.492	0.0	5.0	0.0	1.733	0.0	0.0499265	0.0	0.000158457	0.000788527	0.250557	0.0160824	0.677087	0.780476	0.00193496	0.00410508	-0.000433612	0.00197469	1.36939	0.185198	0.758321	0.0447637	0.999935	0.16071	0.49263	0.109119	0.573177	0.0830975	0.0719904	0.771708	0.268254	0.0249062	0.0834969	0.0175448	-5578.33	4.0	1.18741e-05	-31227.5	3.0	7.74705e-05	1.0	1677.31	52.206	426.737	31.5323	0.202817	0.0140546	1206.4	222.052	
1.6-2.4	6.5-30.0	0.0-100.0	1.178-1.571	0.008	0.152	3846.0	3844.0	2121.02	53.1982	1722.92	49.3147	-0.472088	0.0955265	-0.05	0.0	0.669834	0.0	3.09072	0.0	0.0570495	0.0	0.0307693	0.0	0.03	0.0	1.492	0.0	5.0	0.0	1.733	0.0	0.0499265	0.0	0.000179578	0.000851436	0.248737	0.0147079	0.636539	0.26317	0.00277147	0.00408429	0.00121997	0.00135589	1.39145	0.125821	0.6	0.0213144	0.935225	0.948064	0.520171	0.349519	0.551984	0.0889867	0.0707832	1.1456	0.4271	0.0903815	0.0706688	0.100641	-5447.89	4.0	9.17592e-05	-29890.6	3.0	3.76472e-06	1.0	1626.15	50.3048	494.869	31.9549	0.233317	0.0138829	1167.59	100.843	
1.6-2.4	6.5-30.0	10.0-60.0	0.000-0.393	0.008	0.152	2893.0	2893.0	1471.11	44.9251	1421.8	44.3731	-0.419151	0.104868	-0.05	0.0	0.669834	0.0	3.09072	0.0	0.0570495	0.0	0.0302976	0.0	0.03	0.0	1.492	0.0	5.0	0.0	1.733	0.0	0.0498312	0.0	1.5549e-05	0.00459212	0.244995	0.0172074	0.211707	0.0	0.00199102	0.0	0.00272135	0.000932564	1.6767	0.0	0.797601	0.0196725	0.803645	0.0617851	0.99999	3.25209	0.683646	0.0358576	0.0971355	0.0249658	0.173834	0.0158967	0.0704911	2.60797e-10	-4503.1	4.0	9.61515e-05	-21522.0	3.0	3.1775e-06	1.0	1142.68	42.7911	328.424	26.7202	0.223249	0.0168353	1047.22	5.90563	
1.6-2.4	6.5-30.0	10.0-60.0	0.000-1.571	0.008	0.16	10036.0	10034.0	5527.39	86.9681	4506.73	80.8863	-0.419814	0.0590118	-0.05	0.0	0.669834	0.0	3.09072	0.0	0.0570495	0.0	0.0302976	0.00158954	0.03	0.0	1.492	0.0	5.0	0.0	1.733	0.0	0.0498312	0.000159544	2.91966e-05	0.00458585	0.240213	0.00834793	0.211707	0.0	0.00199102	0.0	0.00276831	0.000594653	1.6767	0.0	0.905095	0.0132949	0.891263	0.0664513	0.741144	0.04714	0.669166	0.0255847	0.0707027	1.57121e-06	0.188846	0.0134472	0.413324	0.0439172	-14651.4	4.0	3.40063e-06	-87656.0	4.0	1.88643e-05	1.0	4131.97	82.6215	1395.43	55.5135	0.252456	0.00922446	1113.98	4.25757	
1.6-2.4	6.5-30.0	10.0-60.0	0.393-0.785	0.008	0.145	2549.0	2547.0	1394.88	42.8982	1151.88	39.9682	-0.385659	0.116348	-0.05	0.0	0.669834	0.0	3.09072	0.0	0.0570495	0.0	0.0302976	0.0	0.03	0.0	1.492	0.0	5.0	0.0	1.733	0.0	0.0498312	0.0	1.00009e-05	0.00028235	0.211043	0.0168133	0.211707	0.0	0.00199102	0.0	0.00462708	0.00134171	1.6767	0.0	1.02637	0.0292185	0.684754	0.0156509	1.0	2.76991	0.625255	0.0116404	0.634244	0.0367448	0.251586	0.00994427	0.818199	12.9748	-3504.31	4.0	4.18283e-09	-18775.8	3.0	6.8367e-05	1.0	1070.69	42.6291	324.193	28.8513	0.232417	0.0194094	1193.98	9.89968	
1.6-2.4	6.5-30.0	10.0-60.0	0.785-1.178	0.008	0.145	2347.0	2343.0	1317.89	42.0359	1025.12	38.3961	-0.350837	0.123666	-0.05	0.0	0.669834	0.0	3.09072	0.0	0.0570495	0.0	0.0302976	0.0	0.03	0.0	1.492	0.0	5.0	0.0	1.733	0.0	0.0498312	0.0	0.000158457	0.000788527	0.244403	0.0169079	0.211707	0.0	0.00199102	0.0	0.00227756	0.00136663	1.6767	0.0	0.998433	0.0302904	0.999999	45.6284	0.671991	0.639765	0.673285	0.118732	0.0705631	10163.5	0.205178	0.0442895	0.143995	0.0684047	-3372.25	4.0	6.50878e-05	-17075.8	3.0	1.45558e-07	1.0	975.279	40.0174	342.613	27.4431	0.259971	0.0191013	1175.16	10.1434	
1.6-2.4	6.5-30.0	10.0-60.0	1.178-1.571	0.008	0.152	2245.0	2244.0	1342.44	41.7862	901.551	36.1272	-0.530957	0.132544	-0.05	0.0	0.669834	0.0	3.09072	0.0	0.0570495	0.0	0.0302976	0.0	0.03	0.0	1.492	0.0	5.0	0.0	1.733	0.0	0.0498312	0.0	0.000179578	0.000851436	0.262767	0.01637	0.211707	0.0	0.00199102	0.0	0.00178284	0.00122714	1.6767	0.0	0.874413	0.0305162	1.0	0.0563152	1.0	0.00507661	0.768093	0.0283802	0.0705805	0.000562004	0.246963	0.0290957	4.51809	1.2389	-3359.42	4.0	8.33097e-05	-16374.2	3.0	5.91378e-07	1.0	944.978	38.5426	397.467	27.8101	0.296077	0.0185531	1094.49	9.60934	
