rap0.0-1.2_pT6.5-30.0_cent0.0-100.0
13570.1
3706.03 3524.03 3422.76 2910.54
66.1531 64.47 63.5618 58.9341
7967.69
2008.95 2119.94 1968.24 1867.4
51.76 52.4618 50.8483 49.296
9078.14
2387.43 2369.75 2218.23 2043.6
56.191 55.9045 53.7643 53.7343
4491.94
1318.6 1154.28 1204.53 866.941
43.5352 41.1308 41.1591 38.5129
0.331018
0.355799 0.327546 0.351918 0.297863
0.00988225 0.0100158 0.0100943 0.0117778
rap0.0-1.2_pT6.5-30.0_cent10.0-60.0
8872.3
2327.62 2401.33 2225.06 1905.13
52.051 52.5906 50.7481 47.1258
4207.14
1125.16 1109.63 975.929 993.787
38.8211 38.3931 36.4173 36.1871
5910.75
1510.17 1661.54 1394.41 1305.46
44.5672 45.7515 41.9554 42.0577
2961.54
817.449 739.79 830.65 599.671
34.35 32.1179 33.2827 30.7587
0.333796
0.351195 0.308075 0.373316 0.314766
0.0124943 0.0115486 0.0122984 0.0141437
rap0.0-2.4_pT10.0-13.0_cent0.0-100.0
5146.32
1272.03 1372.94 1303.79 1196.43
38.4732 39.6084 38.7862 37.5604
1740.49
434.959 430.036 420.21 432.579
25.3594 25.0171 24.917 25.4355
3334.77
819.497 885.302 828.94 836.316
32.7592 33.0207 32.8333 33.2402
1811.56
452.531 487.642 474.854 360.112
25.4194 25.2184 25.8741 23.3107
0.35201
0.355756 0.35518 0.364209 0.300989
0.0168392 0.0152445 0.0166265 0.0170389
rap0.0-2.4_pT10.0-13.0_cent10.0-60.0
3454.87
838.108 943.208 912.217 740.218
31.2472 32.5483 32.0527 29.4196
1023.21
273.766 228.792 241.786 263.791
20.2968 18.5738 18.8933 19.7257
2191.17
524.34 573.417 548.46 502.774
26.6484 26.5485 26.0721 26.1657
1263.7
313.768 369.792 363.757 237.444
21.5598 21.8201 21.7195 19.3495
0.365774
0.374376 0.392057 0.398762 0.320776
0.0216083 0.0187654 0.0192504 0.0228205
rap0.0-2.4_pT10.0-30.0_cent0.0-100.0
7960.9
2081.41 2049.76 1942.73 1887.48
49.16 48.6958 47.2626 47.0495
2629.05
666.503 687.12 634.278 622.512
31.65 31.7573 30.4205 30.8013
5038.57
1267.08 1351.74 1246.33 1238.37
40.5962 41.1234 40.3507 40.9179
2922.33
814.326 698.023 696.4 649.117
33.5015 30.5758 31.5574 31.356
0.367085
0.391238 0.340539 0.358465 0.343906
0.0131788 0.0125324 0.0137044 0.0142299
rap0.0-2.4_pT10.0-30.0_cent10.0-60.0
5315.88
1379.21 1377.11 1323.78 1223.76
39.8792 39.6389 38.7102 37.6997
1569.12
400.802 385.922 381.22 385.223
24.7364 24.0833 23.5786 24.14
3353.03
844.027 881.231 826.643 777.134
32.9697 33.2834 32.143 32.6702
1962.85
535.182 495.883 497.141 446.625
27.0347 25.8479 25.6941 26.1436
0.369243
0.388036 0.360088 0.375545 0.364962
0.0160728 0.0156483 0.0160041 0.0181655
rap0.0-2.4_pT13.0-30.0_cent0.0-100.0
2825.46
816.793 677.666 624.883 689.746
30.6842 28.3818 26.7301 28.2464
877.825
217.199 250.234 213.118 185.26
18.4921 19.4443 17.4 17.128
1699.11
446.322 460.655 387.889 398.806
23.8311 24.6967 23.4551 23.4167
1126.35
370.472 217.012 236.995 290.94
21.9201 17.8974 19.4322 20.5808
0.398644
0.453568 0.320234 0.379262 0.421808
0.0207336 0.0227514 0.02653 0.0243296
rap0.0-2.4_pT13.0-30.0_cent10.0-60.0
1857.52
541.788 431.159 397.679 473.92
24.6889 22.5902 21.2714 23.3444
544.532
122.204 157.78 135.321 121.085
13.7818 15.3927 13.7888 13.8614
1163.3
307.685 290.055 257.548 267.567
19.5603 20.3746 18.6469 19.2763
694.216
234.103 141.103 140.131 206.354
17.3154 15.454 14.6325 17.3547
0.373733
0.432093 0.327266 0.352372 0.435418
0.0251737 0.0314755 0.0316008 0.0296813
rap0.0-2.4_pT6.5-10.0_cent0.0-100.0
20909.5
5687.1 5313.93 5228.93 4646.36
87.3293 84.1047 82.7793 77.9418
19236.9
5525.88 5275.36 4501.08 4113.34
86.4012 83.8771 78.2589 74.4464
15554.7
4212.12 3921.28 3828.0 3492.36
79.361 76.5961 74.0518 73.5384
5354.78
1474.99 1392.65 1400.93 1154.01
51.2608 50.0099 47.9901 48.483
0.256093
0.259356 0.262075 0.267919 0.248368
0.00808594 0.00844769 0.00813894 0.00956677
rap0.0-2.4_pT6.5-10.0_cent10.0-60.0
13390.0
3681.66 3483.0 3227.53 2998.35
69.0106 66.5676 63.9972 61.4542
9886.57
3014.31 2682.93 2163.43 2017.6
63.9929 60.2605 55.0595 52.8757
9909.35
2738.71 2631.88 2355.7 2169.21
62.1306 62.6478 57.3505 57.1849
3480.68
942.943 851.127 871.825 829.146
39.208 40.7331 37.4978 39.7771
0.259946
0.256119 0.244366 0.270122 0.276534
0.00950605 0.0107218 0.0103098 0.0119946
rap0.0-2.4_pT6.5-30.0_cent0.0-10.0
9057.57
2416.26 2233.65 2354.87 2044.23
57.5773 55.7801 56.0879 52.5373
10451.6
2765.08 2883.49 2534.13 2338.9
60.5306 61.3271 57.664 55.2718
6477.44
1678.91 1510.19 1689.91 1554.09
51.076 48.7279 50.2668 50.2878
2580.13
737.349 723.463 664.963 490.144
36.2893 35.7563 34.0227 33.05
0.284859
0.305161 0.323892 0.282378 0.23977
0.013141 0.0138142 0.0127869 0.0149471
rap0.0-2.4_pT6.5-30.0_cent0.0-100.0
28556.1
7697.06 7297.32 7096.13 6466.47
99.3753 96.4352 94.6241 90.3549
22341.0
6268.92 6029.96 5212.79 4814.27
91.9094 89.6267 84.0868 80.6993
20365.9
5309.69 5178.96 5033.44 4682.08
86.4731 86.5946 83.8542 83.2913
8190.16
2387.37 2118.36 2062.68 1784.4
61.0592 59.9848 57.2984 57.2633
0.28681
0.310167 0.290293 0.290677 0.275946
0.00684786 0.00727002 0.00708345 0.00797193
rap0.0-2.4_pT6.5-30.0_cent10.0-20.0
6700.96
1818.57 1706.79 1706.56 1469.51
48.5463 46.739 46.6289 43.4442
5581.05
1592.42 1415.99 1364.34 1183.49
46.1585 43.5175 42.8014 40.0173
4602.43
1195.14 1257.23 1146.44 961.27
42.5369 41.8131 39.8833 38.8426
2098.53
623.437 449.563 560.115 508.242
32.688 26.7319 29.0459 30.4449
0.313169
0.342816 0.263396 0.328213 0.345858
0.0154705 0.0139024 0.0144659 0.0180188
rap0.0-2.4_pT6.5-30.0_cent10.0-30.0
11929.1
3306.08 3053.35 2919.34 2647.52
64.9808 61.9 60.6101 57.7377
8852.93
2572.85 2341.63 2033.54 1896.4
59.0702 55.8568 52.8013 50.8187
8287.31
2243.14 2184.05 1979.84 1827.18
56.258 55.4539 51.9206 52.2892
3641.77
1062.94 869.304 939.493 820.346
40.7138 37.7529 37.2373 38.2936
0.305285
0.32151 0.284705 0.321817 0.309854
0.0105699 0.0109346 0.0108655 0.0127884
rap0.0-2.4_pT6.5-30.0_cent10.0-60.0
18534.9
5014.31 4815.37 4510.16 4195.64
79.0647 76.88 74.3003 71.718
11630.1
3468.68 3116.4 2586.83 2451.09
68.5978 64.8983 59.9803 58.3006
13163.7
3507.27 3515.5 3165.9 2922.69
69.793 69.9424 65.3556 65.1484
5371.25
1507.05 1299.87 1344.25 1272.96
48.759 46.6092 45.1842 47.137
0.28979
0.300549 0.269942 0.29805 0.3034
0.008491 0.00866683 0.00873257 0.00996611
rap0.0-2.4_pT6.5-30.0_cent20.0-30.0
5238.36
1491.2 1360.31 1213.32 1173.6
43.1644 40.5429 38.6293 37.9554
3209.5
971.797 843.708 663.683 706.39
36.6573 33.5731 30.7024 31.1996
3688.12
1032.33 922.797 822.553 878.559
36.9344 36.6068 32.6915 34.5681
1550.23
458.874 437.512 390.763 295.044
25.449 27.453 23.188 21.8788
0.295939
0.307721 0.321627 0.322062 0.2514
0.0145572 0.0177596 0.0161277 0.016776
rap0.0-2.4_pT6.5-30.0_cent30.0-60.0
6593.16
1700.8 1766.9 1583.44 1537.3
44.9316 45.5228 42.7897 42.2976
2786.42
895.139 769.088 556.514 554.689
34.8325 32.7801 28.3573 28.3991
4783.42
1246.83 1321.07 1132.39 1092.26
41.6208 42.7915 40.0449 37.9781
1809.73
453.965 445.836 451.051 445.034
28.1275 28.3654 28.5613 26.2508
0.274487
0.266913 0.252327 0.284854 0.289491
0.0149592 0.0146786 0.0163125 0.0151044
rap0.0-2.4_pT6.5-8.0_cent0.0-100.0
11870.2
3291.16 2875.98 3027.44 2675.57
68.4187 64.2246 64.2389 60.6797
14462.9
4140.88 3977.2 3297.55 3027.52
74.3684 72.289 66.3077 63.515
9194.46
2490.14 2237.7 2299.47 2117.57
61.7752 60.6356 60.4706 57.4269
2675.79
801.017 638.285 727.966 558.004
37.599 37.1855 38.9179 33.9357
0.22542
0.243384 0.221937 0.240456 0.208555
0.0102427 0.0119421 0.0117992 0.0117686
rap0.0-2.4_pT6.5-8.0_cent10.0-60.0
7668.99
2111.1 1968.31 1856.16 1729.95
53.5848 51.2203 49.075 47.6946
7170.14
2213.91 1915.66 1537.85 1492.04
54.5351 50.7038 45.7169 45.1318
5798.83
1543.67 1534.91 1402.67 1266.98
47.8291 49.5328 46.9759 44.0965
1870.16
567.435 433.399 453.494 462.973
30.9813 31.3897 31.228 29.7873
0.24386
0.268786 0.220189 0.244318 0.267622
0.0129932 0.0148827 0.0155345 0.0155576
rap0.0-2.4_pT8.0-10.0_cent0.0-100.0
8964.05
2383.41 2425.3 2201.67 1962.21
54.0419 53.9729 52.0606 48.7602
5003.12
1385.58 1291.69 1202.19 1092.77
43.8499 42.1849 41.3632 38.8369
6318.72
1697.42 1646.35 1475.44 1398.4
49.4198 47.7511 44.0077 45.9333
2645.34
685.99 778.954 726.226 563.812
34.6837 35.1899 31.8492 33.1455
0.295105
0.287819 0.321178 0.329853 0.287335
0.0130067 0.0126269 0.0121831 0.0153087
rap0.0-2.4_pT8.0-10.0_cent10.0-60.0
5698.23
1560.0 1506.71 1376.08 1259.86
43.3022 42.3212 40.9575 38.5249
2739.77
805.011 771.201 615.903 532.122
33.4679 32.4892 30.2885 27.5047
4080.63
1142.95 1078.16 901.772 894.699
40.1862 38.5637 34.2473 36.1301
1617.6
417.049 428.545 474.305 365.161
27.2474 26.7382 25.5297 26.1068
0.283878
0.26734 0.284425 0.344679 0.289843
0.0158115 0.0158461 0.015458 0.018731
rap1.2-1.6_pT6.5-30.0_cent0.0-100.0
6439.18
1774.33 1614.08 1579.6 1466.79
48.0757 46.4918 45.0563 43.1786
5760.91
1584.62 1679.93 1314.37 1176.09
46.0605 47.1948 42.0102 39.669
4685.2
1290.3 1150.67 1142.74 1050.67
43.0015 42.7963 39.8887 39.6263
1753.98
484.026 463.412 436.855 416.127
28.2641 30.1859 26.1519 27.6352
0.272392
0.272794 0.287106 0.276561 0.283698
0.0141108 0.0167738 0.0145558 0.0168885
rap1.2-1.6_pT6.5-30.0_cent10.0-60.0
4153.9
1221.81 1004.66 952.631 965.158
39.2745 35.9789 34.278 34.194
2883.41
906.179 854.554 589.336 515.764
35.0263 33.8255 28.4913 26.8304
3067.66
872.481 723.038 746.414 681.054
34.328 34.2144 33.5239 31.1029
1086.24
349.331 281.622 206.217 284.104
22.7587 24.5331 21.3909 22.057
0.261499
0.285912 0.280316 0.216471 0.29436
0.0162019 0.0222605 0.0210603 0.020335
rap1.2-2.4_pT6.5-30.0_cent0.0-100.0
15171.2
4025.15 3797.57 3702.64 3612.22
74.9593 72.3109 70.7067 68.9788
13993.5
4222.29 3884.59 3209.34 2886.67
76.2621 72.9104 67.1271 63.5032
11424.9
3059.89 2825.02 2860.78 2689.71
69.2864 67.2531 65.9322 64.3665
3746.33
965.256 972.554 841.861 922.508
43.3197 44.4108 40.2622 42.6058
0.246937
0.239806 0.256099 0.227368 0.255385
0.00979196 0.0106293 0.00996947 0.0107395
rap1.2-2.4_pT6.5-30.0_cent10.0-60.0
9742.41
2709.15 2423.4 2283.26 2329.27
59.9917 56.4421 54.5244 54.3944
7337.63
2313.82 1994.27 1605.64 1413.73
56.6024 52.5055 47.9077 45.2022
7275.86
2047.84 1803.39 1738.57 1643.47
54.6402 54.8205 52.5183 49.9861
2466.55
661.308 620.007 544.695 685.8
33.8171 38.0742 34.6942 35.8068
0.253176
0.244102 0.255842 0.23856 0.294427
0.0112515 0.0145373 0.0140867 0.0137492
rap1.6-2.4_pT3.0-6.5_cent0.0-100.0
42571.3
11646.5 10784.3 10008.8 10144.3
179.023 176.491 170.359 168.75
236420.0
62066.6 60307.5 58468.4 55551.6
287.168 284.022 278.22 271.685
36262.1
10114.3 9033.41 8491.03 8232.93
175.978 170.957 169.396 167.132
6309.22
1532.19 1750.9 1517.72 1911.32
85.7422 90.5078 92.0589 100.933
0.148203
0.131559 0.162357 0.15164 0.188414
0.00707889 0.00796084 0.00882827 0.00944325
rap1.6-2.4_pT3.0-6.5_cent10.0-60.0
25059.2
7110.25 5677.91 6083.22 6209.61
129.127 122.406 120.476 120.03
99051.4
27085.8 26343.1 23464.9 22079.4
191.365 188.723 178.524 173.936
20953.7
6331.8 4406.15 5081.26 5194.47
127.431 113.451 119.361 115.097
4105.5
778.448 1271.76 1001.95 1015.14
56.7077 67.8223 67.1862 59.5876
0.163832
0.109483 0.223984 0.164708 0.163479
0.00772368 0.0109254 0.0105518 0.0090608
rap1.6-2.4_pT6.5-30.0_cent0.0-100.0
8601.14
2227.19 2148.54 2104.05 2121.02
57.0208 54.68 53.969 53.1982
8534.11
2658.82 2237.65 1911.47 1722.92
60.686 55.4892 52.1542 49.3147
6652.18
1730.13 1647.97 1677.31 1626.15
54.373 51.142 52.206 50.3048
1948.96
497.06 500.568 426.737 494.869
34.0046 31.9184 31.5323 31.9549
0.226593
0.223178 0.232981 0.202817 0.233317
0.0141584 0.0136213 0.0140546 0.0138829
rap1.6-2.4_pT6.5-30.0_cent10.0-60.0
5527.39
1471.11 1394.88 1317.89 1342.44
44.9251 42.8982 42.0359 41.7862
4506.73
1421.8 1151.88 1025.12 901.551
44.3731 39.9682 38.3961 36.1272
4131.97
1142.68 1070.69 975.279 944.978
42.7911 42.6291 40.0174 38.5426
1395.43
328.424 324.193 342.613 397.467
26.7202 28.8513 27.4431 27.8101
0.252456
0.223249 0.232417 0.259971 0.296077
0.0168353 0.0194094 0.0191013 0.0185531
