v2W_sigG1G2
rap	pT	cent	dPhi	ctauErrMin	ctauErrMax	NoCutEntry	CutEntry	NSig	NSigErr	NBkg	NBkgErr	coefExp	coefExpErr	coefPol1	coefPol1Err	coeffGaus	coeffGausErr	meanSig1	meanSig1Err	sigmaSig1	sigmaSig1Err	sigmaSig2	sigmaSig2Err	sigmaSig3	sigmaSig3Err	alpha	alphaErr	enne	enneErr	enne	enneErr	sigWidth	sigWidthErr	Gmc	GmcErr	bTau	bTauErr	fracRes	fracResErr	meanResSigW	meanResSigWErr	meanResSigN	meanResSigNErr	sigmaResSigW	sigmaResSigWErr	sigmaResSigN	sigmaResSigNErr	fpm	fpmErr	fLiving	fLivingErr	fbkgCtTot	fbkgCtTotErr	lambdam	lambdamErr	lambdap	lambdapErr	lambdasym	lambdasymErr	NLL	nFitPar	EDM	NLLMass	nFitParMass	EDMMass	Prob	PROMPT	PROMPTErr	NON-PROMPT	NON-PROMPTErr	Bfraction	BfractionErr	Resolution	ResolutionErr	
0.0-1.2	6.5-30.0	0.0-100.0	0.000-0.393	0.008	0.088	5390.0	5387.0	3382.88	131.165	2004.05	102.602	0.0993613	0.18463	-0.05	0.0	0.254747	0.0	3.09217	0.0	0.0514835	0.0	0.021494	0.0	0.03	0.0	1.492	0.04	1.733	0.07	1.733	0.07	0.0319299	0.0	2.21795e-05	1.43176	0.424154	0.0862044	0.245908	0.0821935	-0.000109909	0.00257936	0.00144105	0.00125058	1.688	0.125228	0.886161	0.0338589	0.655924	3.40395	0.77339	1.15189	0.551283	1.54667	0.0373943	0.217561	0.229888	0.128033	0.171891	0.350281	-17172.6	4.0	8449.58	-204958.0	3.0	53.4189	1.0	2173.56	131.641	1209.32	111.47	0.357482	0.0298941	1.13704	0.0448654	
0.0-1.2	6.5-30.0	0.0-100.0	0.000-1.571	0.008	0.105	20204.0	20200.0	12278.5	394.66	7922.27	370.524	-0.133072	0.108368	-0.05	0.0	0.254747	0.288419	3.09217	0.000602545	0.0514835	0.0355348	0.021494	0.00421582	0.03	0.0	1.492	0.04	1.733	0.07	1.733	0.07	0.03193	0.0073742	1.87255e-05	2.6751e-05	0.408387	0.0558395	0.236177	0.079527	5.83622e-05	0.00144617	0.00106773	0.000656835	1.60413	0.0920545	0.892818	0.0189012	0.607088	0.207873	0.933634	0.0857356	0.465937	0.175289	0.0588011	0.0360479	0.224948	0.0380606	1.23013	5.83627	-9828.33	4.0	54789.3	-921949.0	7.0	2767810.0	1.0	8235.02	341.673	4043.44	252.129	0.329311	0.0175959	1.103	0.0361806	
0.0-1.2	6.5-30.0	0.0-100.0	0.393-0.785	0.008	0.096	5237.0	5236.0	3160.98	123.564	2075.0	98.1424	-0.247423	0.163897	-0.05	0.0	0.254747	0.0	3.09217	0.0	0.0514835	0.0	0.021494	0.0	0.03	0.0	1.492	0.04	1.733	0.07	1.733	0.07	0.0319299	0.0	1.00937e-05	0.00103092	0.422712	0.115304	0.0755589	0.0712515	0.0054884	0.00636296	-0.000471203	0.00120867	1.88269	0.329588	0.990812	0.0393745	0.620958	1.0135	0.962442	12.7797	0.329365	1.6103	0.057013	0.0652911	0.163362	0.107378	0.0411051	0.149047	-15372.6	4.0	9028.53	-179055.0	3.0	263.968	1.0	2181.1	138.066	979.874	115.152	0.309991	0.0343549	1.08414	0.0501729	
0.0-1.2	6.5-30.0	0.0-100.0	0.785-1.178	0.008	0.08	5090.0	5086.0	3103.47	144.331	1982.78	124.161	-0.0897855	0.241954	-0.05	0.0	0.254747	0.0	3.09217	0.0	0.0514835	0.0	0.021494	0.0	0.03	0.0	1.492	0.04	1.733	0.07	1.733	0.07	0.0319299	0.0	4.10143e-05	0.000107112	0.457126	0.163489	0.187448	0.146811	0.00147636	0.00343833	0.00105646	0.00136096	1.59152	0.210616	0.890461	0.0378287	0.687693	5.65685	0.535546	2.1164	0.416992	2.56527	0.035024	0.420602	0.485932	0.419246	0.098675	0.0813343	25942.0	4.0	36163.1	-286465.0	3.0	586.122	1.0	1982.49	155.318	1120.98	135.429	0.361202	0.0402754	1.05787	0.0685114	
0.0-1.2	6.5-30.0	0.0-100.0	1.178-1.571	0.008	0.088	4485.0	4483.0	2625.83	97.8807	1857.24	96.0865	-0.304833	0.2104	-0.05	0.0	0.254747	0.0	3.09217	0.0	0.0514835	0.0	0.021494	0.0	0.03	0.0	1.492	0.04	1.733	0.07	1.733	0.07	0.0319299	0.0	1.37041e-05	2.80645	0.278061	0.0390626	0.822701	0.0724277	-0.00109986	0.000962734	1.02362e-05	0.00352115	1.28762	0.0347594	0.6	0.233394	0.694986	0.132093	0.830483	0.239052	0.492236	0.130465	0.0544562	0.0318689	0.229925	0.0404377	1.43612	7.75288	-13664.8	4.0	1056.86	-120239.0	3.0	1699.98	1.0	1876.78	94.313	749.053	69.1398	0.285263	0.024088	1.19492	0.0270586	
0.0-1.2	6.5-30.0	10.0-60.0	0.000-0.393	0.008	0.073	3261.0	3255.0	2152.23	98.3948	1103.15	68.0773	-0.0363699	0.220299	-0.05	0.0	0.254747	0.0	3.09217	0.0	0.0514835	0.0	0.021693	0.0	0.03	0.0	1.492	0.04	1.733	0.07	1.733	0.07	0.0320301	0.0	1.05857e-05	4.67892e-05	0.373658	0.0733629	0.236177	0.0	5.83622e-05	0.0	-0.00152934	0.00138085	1.60413	0.0	0.868255	0.0419834	0.987814	37.3116	0.458805	4.27214	0.443167	4.31398	0.00101762	10.0074	0.231158	0.0597786	0.0473549	0.0213804	-12175.4	4.0	4044.87	-106617.0	3.0	206.426	1.0	1374.99	98.5395	777.247	83.7925	0.361135	0.0352587	1.08791	0.0127966	
0.0-1.2	6.5-30.0	10.0-60.0	0.000-1.571	0.008	0.105	12309.0	12305.0	8065.07	210.402	4239.81	161.137	-0.123725	0.152771	-0.05	0.0	0.254747	0.0	3.09217	0.0	0.0514835	0.0	0.021693	0.000352632	0.03	0.0	1.492	0.04	1.733	0.07	1.733	0.07	0.0320301	8.89932e-05	1.87255e-05	2.6751e-05	0.438263	0.0817226	0.236177	0.0	5.83622e-05	0.0	0.000374712	0.000778484	1.60413	0.0	0.85888	0.021888	0.567212	0.346779	0.920586	0.0538244	0.384906	0.359282	0.0499499	0.0323968	0.22826	0.045636	4.99962	375.645	9437.57	4.0	46904.6	-599281.0	4.0	5193.2	1.0	5388.6	227.593	2676.47	192.125	0.33186	0.0221929	1.08222	0.00663417	
0.0-1.2	6.5-30.0	10.0-60.0	0.393-0.785	0.008	0.073	3268.0	3266.0	2151.9	106.56	1114.74	74.2683	-0.0999998	0.226584	-0.05	0.0	0.254747	0.0	3.09217	0.0	0.0514835	0.0	0.021693	0.0	0.03	0.0	1.492	0.04	1.733	0.07	1.733	0.07	0.0320301	0.0	2.45136e-05	0.0594659	0.494751	0.210168	0.236177	0.0	5.83622e-05	0.0	0.000291286	0.00151259	1.60413	0.0	0.862847	0.0515476	0.540141	0.0207504	0.999998	51.5612	0.217726	0.0355492	0.0477417	0.0026562	0.163933	0.00917274	0.0343611	225.294	-11067.0	4.0	7579.08	-119131.0	3.0	421.676	1.0	1537.74	118.875	614.157	96.2171	0.285403	0.0424204	1.08462	0.0156612	
0.0-1.2	6.5-30.0	10.0-60.0	0.785-1.178	0.008	0.064	3031.0	3025.0	2029.44	129.008	996.549	96.4661	-0.140911	0.412395	-0.05	0.0	0.254747	0.0	3.09217	0.0	0.0514835	0.0	0.021693	0.0	0.03	0.0	1.492	0.04	1.733	0.07	1.733	0.07	0.0320301	0.0	3.78823e-05	8.58329e-05	0.523947	0.278708	0.236177	0.0	5.83622e-05	0.0	0.00146241	0.00169771	1.60413	0.0	0.764469	0.0388203	0.818537	4.45196	0.400869	22.5983	0.0312863	125.584	0.137141	1.97822	0.626469	3.46235	0.0251904	1.6926	26687.5	4.0	30928.6	-208232.0	3.0	720.071	1.0	1263.24	128.968	766.201	112.057	0.377543	0.0497269	1.02671	0.0110391	
0.0-1.2	6.5-30.0	10.0-60.0	1.178-1.571	0.008	0.064	2748.0	2744.0	1721.13	81.2619	1022.89	78.0211	-0.227482	0.336416	-0.05	0.0	0.254747	0.0	3.09217	0.0	0.0514835	0.0	0.021693	0.0	0.03	0.0	1.492	0.04	1.733	0.07	1.733	0.07	0.0320301	0.0	2.4668e-05	4.15522	0.309116	0.0550313	0.236177	0.0	5.83622e-05	0.0	-0.00162178	0.00175152	1.60413	0.0	0.866752	0.0388484	0.578991	3.04405	0.828209	2.44653	0.301431	2.8095	0.0510344	0.33316	0.163789	0.700251	3.56274	624.893	-7179.29	4.0	1317.99	-75347.3	3.0	2199.33	1.0	1185.04	78.299	536.083	60.3394	0.311472	0.0318246	1.087	0.0118305	
0.0-2.4	10.0-13.0	0.0-100.0	0.000-0.393	0.016	0.08	1648.0	1641.0	1162.47	57.4289	478.427	37.7336	-0.038586	0.24962	-0.05	0.0	0.592254	0.0	3.09066	0.0	0.0437584	0.0	0.020255	0.0	0.03	0.0	1.492	0.04	1.733	0.07	1.733	0.07	0.036074	0.0	1.71938e-05	0.0002901	0.361723	0.0940607	0.274398	0.109498	-0.00249292	0.00355003	0.00107643	0.00153011	1.69599	0.15967	0.828742	0.0424477	0.815875	0.00672643	0.999999	59.4326	0.548176	0.0179541	0.120807	0.00360834	0.206817	0.00490412	0.0349953	191.057	-3679.92	4.0	1489.02	-30625.7	3.0	39.7211	1.0	777.415	58.229	385.052	47.7223	0.331237	0.0376502	1.13474	0.0631555	
0.0-2.4	10.0-13.0	0.0-100.0	0.000-1.571	0.008	0.136	6530.0	6528.0	4626.52	317.591	1902.41	219.835	-0.833695	0.288912	-0.05	0.0	0.592254	0.745022	3.09066	0.00251817	0.0437584	0.0218081	0.020255	0.0172508	0.03	0.0	1.492	0.04	1.733	0.07	1.733	0.07	0.036074	0.0080787	1.21637e-05	1.85867	0.442351	0.107029	0.294117	0.0867943	0.000270012	0.00176522	0.000283041	0.000934164	1.60695	0.0922641	0.791722	0.0261943	0.8704	0.300648	0.528695	0.23277	1.95432e-06	8.24477	0.0838929	0.0911393	0.28412	0.0603073	0.0264162	0.0172482	-5709.44	4.0	19436.1	-214294.0	7.0	276361.0	1.0	3111.17	249.565	1515.35	165.807	0.327535	0.027908	1.09634	0.044022	
0.0-2.4	10.0-13.0	0.0-100.0	0.393-0.785	0.008	0.088	1690.0	1689.0	1219.29	81.9747	470.499	44.685	-0.874711	0.27632	-0.05	0.0	0.592254	0.0	3.09066	0.0	0.0437584	0.0	0.020255	0.0	0.03	0.0	1.492	0.04	1.733	0.07	1.733	0.07	0.036074	0.0	1.60627e-05	0.00013147	0.522756	0.307068	0.680848	0.179328	0.0030049	0.00163927	-0.00157389	0.00232598	1.30469	0.0810495	0.60565	0.0557619	0.840227	0.139773	1.0	120.999	0.411874	0.126644	0.0496734	0.0253993	0.221752	0.0468508	0.0480925	432.54	-2289.93	4.0	7250.23	-60975.6	3.0	1119.81	1.0	809.13	90.1746	410.157	77.0234	0.336391	0.0589836	1.12961	0.0620262	
0.0-2.4	10.0-13.0	0.0-100.0	0.785-1.178	0.008	0.105	1619.0	1618.0	1160.9	86.0488	458.039	49.8616	-1.30088	0.353972	-0.05	0.0	0.592254	0.0	3.09066	0.0	0.0437584	0.0	0.020255	0.0	0.03	0.0	1.492	0.04	1.733	0.07	1.733	0.07	0.036074	0.0	8.5376e-05	0.000184274	0.580639	0.46011	0.118034	0.0934839	0.00630016	0.00594207	0.000596854	0.00258695	1.90173	0.316188	0.954988	0.0813021	0.801765	0.351325	0.999565	14.9552	0.301783	0.879284	0.0609283	0.0476811	0.38925	0.174778	0.0471934	64.2766	373.278	4.0	8319.32	-65611.6	3.0	1010.07	1.0	777.141	104.854	383.756	92.1152	0.330569	0.0754703	1.10961	0.072249	
0.0-2.4	10.0-13.0	0.0-100.0	1.178-1.571	0.008	0.088	1570.0	1557.0	1080.62	51.4751	477.058	36.4046	-1.13987	0.270733	-0.05	0.0	0.592254	0.0	3.09066	0.0	0.0437584	0.0	0.020255	0.0	0.03	0.0	1.492	0.04	1.733	0.07	1.733	0.07	0.036074	0.0	1.34644e-05	0.00253279	0.322427	0.0648574	0.547296	0.182925	-0.00213568	0.00229779	0.0028945	0.00236652	1.46442	0.108951	0.713928	0.0648667	0.956275	23.8589	0.509541	10.3342	0.0697234	33.3224	0.00165604	2.89193	0.264465	0.326102	0.0428729	0.0865509	-3969.01	4.0	512.071	-24626.2	3.0	3.74597	1.0	748.484	51.3963	332.133	40.2577	0.307355	0.0342569	1.18509	0.07359	
0.0-2.4	10.0-13.0	10.0-60.0	0.000-0.393	0.016	0.08	1072.0	1067.0	763.906	41.8366	303.629	29.194	-0.0470314	0.312165	-0.05	0.0	0.592254	0.0	3.09066	0.0	0.0437584	0.0	0.0203445	0.0	0.03	0.0	1.492	0.04	1.733	0.07	1.733	0.07	0.0360945	0.0	1.71938e-05	0.0002901	0.278881	0.0516855	0.294117	0.0	0.000270012	0.0	8.83792e-05	0.00175873	1.60695	0.0	0.743304	0.0506112	0.847818	0.429771	1.0	33.7791	0.510012	0.51512	0.136992	0.350133	0.219975	0.205763	0.133679	159.41	-2631.63	4.0	257.865	-15377.7	3.0	10.2888	1.0	496.925	39.6407	266.981	32.3191	0.349494	0.0377303	1.07215	0.012384	
0.0-2.4	10.0-13.0	10.0-60.0	0.000-1.571	0.008	0.136	4216.0	4214.0	3078.75	125.966	1135.89	70.9504	-0.984219	0.190497	-0.05	0.0	0.592254	0.0	3.09066	0.0	0.0437584	0.0	0.0203445	0.00121403	0.03	0.0	1.492	0.04	1.733	0.07	1.733	0.07	0.0360945	0.000139507	1.21637e-05	1.85867	0.501835	0.175092	0.294117	0.0	0.000270012	0.0	0.000890836	0.00118227	1.60695	0.0	0.806816	0.0320167	0.924553	0.402976	0.548108	0.367074	0.0874546	0.34789	0.109403	0.263344	0.307267	0.100996	0.036434	0.045815	-2183.25	4.0	16766.0	-158207.0	4.0	10182.5	1.0	2040.31	139.666	1038.43	119.762	0.337291	0.0363696	1.10408	0.0082576	
0.0-2.4	10.0-13.0	10.0-60.0	0.393-0.785	0.016	0.088	1087.0	1086.0	822.124	75.7678	264.465	36.5554	-1.19336	0.363359	-0.05	0.0	0.592254	0.0	3.09066	0.0	0.0437584	0.0	0.0203445	0.0	0.03	0.0	1.492	0.04	1.733	0.07	1.733	0.07	0.0360945	0.0	1.60627e-05	0.00013147	0.661159	0.658461	0.294117	0.0	0.000270012	0.0	0.00120862	0.00216188	1.60695	0.0	0.79632	0.0613881	0.714235	0.013226	1.0	867.791	0.301605	0.0141519	0.0496719	0.00235862	0.192398	0.00649609	0.0200009	6610.55	-2165.29	4.0	6312.46	-48740.8	3.0	1273.61	1.0	536.562	83.0154	285.562	71.6859	0.347347	0.0811071	1.09869	0.0157036	
0.0-2.4	10.0-13.0	10.0-60.0	0.785-1.178	0.016	0.105	1071.0	1070.0	803.393	81.1351	266.885	42.9394	-1.57033	0.554342	-0.05	0.0	0.592254	0.0	3.09066	0.0	0.0437584	0.0	0.0203445	0.0	0.03	0.0	1.492	0.04	1.733	0.07	1.733	0.07	0.0360945	0.0	8.5376e-05	0.000184274	0.782001	1.09572	0.294117	0.0	0.000270012	0.0	3.29156e-05	0.00339232	1.60695	0.0	0.949566	0.0913267	0.9991	898.799	0.962461	51.3595	0.43693	390.806	0.00567034	709.603	0.514318	28.1462	0.192538	41.1991	-388.151	4.0	6849.92	-55018.9	3.0	986.316	1.0	515.839	90.6477	287.554	79.6647	0.357925	0.0923372	1.18151	0.0259052	
0.0-2.4	10.0-13.0	10.0-60.0	1.178-1.571	0.016	0.056	984.0	959.0	671.51	40.5506	287.498	27.907	-1.23401	0.339994	-0.05	0.0	0.592254	0.0	3.09066	0.0	0.0437584	0.0	0.0203445	0.0	0.03	0.0	1.492	0.04	1.733	0.07	1.733	0.07	0.0360945	0.0	1.27211e-05	0.00181467	0.316535	0.0829295	0.294117	0.0	0.000270012	0.0	0.00315486	0.00241632	1.60695	0.0	0.884868	0.0693871	0.856694	1.03719	0.56026	0.522716	0.0309406	0.73533	0.00884115	0.0718349	0.246505	0.106912	0.0440327	0.0293911	-2364.97	4.0	391.769	-14166.0	3.0	16.0751	1.0	462.198	41.2523	209.312	32.9015	0.311704	0.0452363	1.14551	0.0189174	
0.0-2.4	10.0-30.0	0.0-100.0	0.000-0.393	0.008	0.088	2655.0	2649.0	1917.72	79.8338	732.022	49.3532	-0.206461	0.218843	-0.05	0.0	0.550018	0.0	3.09173	0.0	0.0462485	0.0	0.0208173	0.0	0.03	0.0	1.492	0.04	1.733	0.07	1.733	0.07	0.0370331	0.0	1.1122e-05	0.00169269	0.445761	0.105339	0.286858	0.0918796	0.000915639	0.00224089	0.00108594	0.00123348	1.62833	0.118442	0.847897	0.0363482	0.838247	1.12909	0.963812	37.8895	0.518898	8.94725	0.103838	0.439997	0.237548	0.118422	0.0206141	12.4466	-4644.7	4.0	3825.94	-62036.0	3.0	141.415	1.0	1201.77	79.8208	715.945	68.9691	0.373332	0.0324327	1.1284	0.047364	
0.0-2.4	10.0-30.0	0.0-100.0	0.000-1.571	0.008	0.136	10143.0	10141.0	7260.75	294.409	2880.67	214.734	-0.867474	0.183788	-0.05	0.0	0.550018	0.468707	3.09173	0.00139784	0.0462485	0.0163299	0.0208173	0.0108281	0.03	0.0	1.492	0.04	1.733	0.07	1.733	0.07	0.0370331	0.00577315	1.52572e-05	0.000100154	0.397998	0.0612266	0.236663	0.0682407	0.00122367	0.00140879	0.000208038	0.000671946	1.62012	0.0865195	0.857959	0.0206679	0.910731	0.471313	0.727071	0.814422	0.283373	0.482015	0.0788697	0.13764	0.301264	0.0725971	0.0381313	0.0733928	-10294.9	4.0	23898.0	-306781.0	7.0	555913.0	1.0	4718.96	240.337	2541.79	178.245	0.350073	0.0200292	1.08769	0.0338943	
0.0-2.4	10.0-30.0	0.0-100.0	0.393-0.785	0.008	0.105	2604.0	2603.0	1849.25	89.7464	754.085	52.4289	-0.8191	0.214266	-0.05	0.0	0.550018	0.0	3.09173	0.0	0.0462485	0.0	0.0208173	0.0	0.03	0.0	1.492	0.04	1.733	0.07	1.733	0.07	0.0370331	0.0	1.01316e-05	0.00876397	0.408713	0.147908	0.100919	0.169121	0.00498796	0.00652429	-0.000615301	0.00120627	1.74041	0.515379	0.886303	0.0412549	0.702259	0.0158589	1.0	1.21709	0.314538	0.0170455	0.0361419	0.00193925	0.218519	0.00970418	0.0200189	4.1403	-2837.83	4.0	8499.49	-77004.1	3.0	878.129	1.0	1217.45	101.984	631.797	88.5992	0.341651	0.0449503	1.00595	0.105748	
0.0-2.4	10.0-30.0	0.0-100.0	0.785-1.178	0.008	0.105	2454.0	2453.0	1762.22	92.848	690.812	56.1098	-1.37992	0.285399	-0.05	0.0	0.550018	0.0	3.09173	0.0	0.0462485	0.0	0.0208173	0.0	0.03	0.0	1.492	0.04	1.733	0.07	1.733	0.07	0.0370331	0.0	2.91026e-05	5.76628e-05	0.425711	0.182555	0.122074	0.0686439	0.00470031	0.00433712	0.000484042	0.00165703	1.84586	0.2159	0.926019	0.0541356	0.857566	0.344437	0.768529	1.33909	0.17014	1.18694	0.0701322	0.0741485	0.435218	0.184152	0.0335951	0.11359	839.35	4.0	10415.0	-81641.4	3.0	732.428	1.0	1157.15	108.229	605.073	94.9352	0.343358	0.0507442	1.08109	0.0505829	
0.0-2.4	10.0-30.0	0.0-100.0	1.178-1.571	0.008	0.105	2429.0	2421.0	1730.38	65.4125	690.744	45.188	-1.11196	0.232557	-0.05	0.0	0.550018	0.0	3.09173	0.0	0.0462485	0.0	0.0208173	0.0	0.03	0.0	1.492	0.04	1.733	0.07	1.733	0.07	0.0370331	0.0	3.2121e-05	7.73774e-05	0.31148	0.0479384	0.662879	0.127118	-0.000594368	0.00123554	0.00249878	0.00221297	1.36549	0.0619482	0.687968	0.0635416	0.99958	553.035	0.642761	7.71469	0.182319	18.285	0.00110768	280.128	0.269366	0.0776582	0.0437265	0.0379415	-5596.21	4.0	1004.85	-41324.1	3.0	2.49721	1.0	1132.84	64.2526	597.542	52.9599	0.345324	0.0276824	1.18133	0.0447541	
0.0-2.4	10.0-30.0	10.0-60.0	0.000-0.393	0.008	0.088	1720.0	1714.0	1268.47	64.2281	446.421	38.1455	-0.280573	0.275504	-0.05	0.0	0.550018	0.0	3.09173	0.0	0.0462485	0.0	0.0207963	0.0	0.03	0.0	1.492	0.04	1.733	0.07	1.733	0.07	0.0370278	0.0	1.1122e-05	0.00169269	0.45336	0.13212	0.236663	0.0	0.00122367	0.0	0.000168661	0.00135155	1.62012	0.0	0.814065	0.0396834	0.885925	0.0836908	0.999993	88.6385	0.494488	0.197187	0.125097	0.0747618	0.233381	0.0574271	0.02	39.6981	-3143.48	4.0	2474.22	-37697.6	3.0	94.9393	1.0	803.017	64.0792	465.457	54.8485	0.366943	0.0390444	1.06163	0.011614	
0.0-2.4	10.0-30.0	10.0-60.0	0.000-1.571	0.008	0.136	6563.0	6562.0	4824.06	145.321	1738.11	83.5422	-0.940674	0.150733	-0.05	0.0	0.550018	0.0	3.09173	0.0	0.0462485	0.0	0.0207963	0.000892523	0.03	0.0	1.492	0.04	1.733	0.07	1.733	0.07	0.0370278	0.000112783	1.52572e-05	0.000100154	0.459733	0.103934	0.236663	0.0	0.00122367	0.0	0.000456411	0.000831256	1.62012	0.0	0.849465	0.0254019	0.910915	0.567655	0.589211	0.497671	0.126339	0.233117	0.0859115	0.237749	0.324305	0.0932349	0.0323862	0.0438599	-5160.33	4.0	20374.9	-221123.0	4.0	8167.86	1.0	3144.37	157.175	1679.69	135.248	0.348189	0.0260002	1.08259	0.00760733	
0.0-2.4	10.0-30.0	10.0-60.0	0.393-0.785	0.008	0.105	1664.0	1663.0	1225.76	80.97	437.677	42.6926	-0.933098	0.277902	-0.05	0.0	0.550018	0.0	3.09173	0.0	0.0462485	0.0	0.0207963	0.0	0.03	0.0	1.492	0.04	1.733	0.07	1.733	0.07	0.0370278	0.0	1.01316e-05	0.00876397	0.503139	0.298472	0.236663	0.0	0.00122367	0.0	0.000891312	0.00157051	1.62012	0.0	0.846523	0.0521555	0.619743	0.0765065	1.0	185.596	0.275779	0.084739	0.0412259	0.00984088	0.204686	0.0402252	0.186035	507.977	-1852.45	4.0	7503.31	-58535.7	3.0	1093.06	1.0	825.438	91.5857	400.323	78.193	0.326591	0.0600327	1.08083	0.0155908	
0.0-2.4	10.0-30.0	10.0-60.0	0.785-1.178	0.008	0.105	1608.0	1607.0	1190.08	85.8996	417.274	48.3853	-1.47736	0.414222	-0.05	0.0	0.550018	0.0	3.09173	0.0	0.0462485	0.0	0.0207963	0.0	0.03	0.0	1.492	0.04	1.733	0.07	1.733	0.07	0.0370278	0.0	2.91026e-05	5.76628e-05	0.547383	0.363406	0.236663	0.0	0.00122367	0.0	0.000141081	0.00197381	1.62012	0.0	0.894939	0.0601409	0.94863	0.564638	0.65621	9.36622	0.115239	15.0624	0.105568	0.730637	0.574443	0.45351	0.0250871	0.289732	709.763	4.0	8712.79	-65634.2	3.0	822.772	1.0	774.885	92.5502	415.198	79.5952	0.348881	0.0619603	1.11021	0.0185032	
0.0-2.4	10.0-30.0	10.0-60.0	1.178-1.571	0.008	0.08	1570.0	1553.0	1129.99	53.3902	423.377	34.8576	-1.10587	0.286063	-0.05	0.0	0.550018	0.0	3.09173	0.0	0.0462485	0.0	0.0207963	0.0	0.03	0.0	1.492	0.04	1.733	0.07	1.733	0.07	0.0370278	0.0	1.97786e-05	7.38276e-05	0.337361	0.0684597	0.236663	0.0	0.00122367	0.0	0.00102279	0.00169709	1.62012	0.0	0.907945	0.0530277	1.0	79.0987	0.567661	0.20801	0.0781998	0.23258	0.0124545	0.789024	0.230634	0.0663649	0.0377363	0.0174863	-3596.81	4.0	835.482	-25589.9	3.0	15.6835	1.0	728.182	53.8216	401.808	45.5352	0.355586	0.0366276	1.11824	0.0164329	
0.0-2.4	13.0-30.0	0.0-100.0	0.000-0.393	0.008	0.064	1006.0	1002.0	759.917	55.7972	242.441	30.6784	-0.580699	0.408475	-0.05	0.0	0.504759	0.0	3.09366	0.0	0.0505656	0.0	0.0211529	0.0	0.03	0.0	1.492	0.04	1.733	0.07	1.733	0.07	0.038887	0.0	5.42312e-05	0.000155716	0.554106	0.240973	0.320965	0.160542	0.00391952	0.00307986	0.000618844	0.00216108	1.50857	0.163159	0.88906	0.070292	0.999123	28.9127	0.821528	1.18873	0.471169	3.36556	0.0010278	14.7265	0.293747	0.0998273	0.0377538	0.0471678	-1481.66	4.0	2152.56	-25997.6	3.0	129.478	1.0	421.783	53.0916	338.134	49.7595	0.444962	0.0567471	1.12569	0.0662662	
0.0-2.4	13.0-30.0	0.0-100.0	0.000-1.571	0.008	0.105	3612.0	3612.0	2639.15	93.7329	973.774	67.5537	-0.946808	0.203927	-0.05	0.0	0.504759	0.256704	3.09366	0.00120435	0.0505656	0.0126574	0.0211529	0.00569099	0.03	0.0	1.492	0.04	1.733	0.07	1.733	0.07	0.038887	0.00422397	1.00009e-05	0.0022258	0.3355	0.0506226	0.132772	0.0920488	0.00351245	0.00313808	0.000120058	0.000913131	1.67468	0.204192	0.931544	0.0328337	0.910377	0.928683	0.851517	1.54034	0.34548	0.365607	0.042695	0.0343165	0.329477	0.131763	0.0402956	0.0326114	-5880.18	4.0	3726.67	-73295.8	7.0	2389.12	1.0	1606.66	88.3941	1032.48	76.8247	0.391219	0.0255795	1.06062	0.0487882	
0.0-2.4	13.0-30.0	0.0-100.0	0.393-0.785	0.008	0.064	913.0	906.0	628.899	35.7009	277.826	25.9648	-0.674405	0.332804	-0.05	0.0	0.504759	0.0	3.09366	0.0	0.0505656	0.0	0.0211529	0.0	0.03	0.0	1.492	0.04	1.733	0.07	1.733	0.07	0.038887	0.0	1.55008e-05	0.000878565	0.234103	0.040681	0.00883941	0.0082002	0.00999995	0.0180256	-0.00168823	0.00140175	3.31245	1.28622	0.911647	0.0543243	0.65241	0.088479	1.0	62.7566	0.316033	0.0961455	0.0303316	0.00937603	0.201398	0.0428818	0.0203478	391.512	-2467.5	4.0	121.996	-11078.1	3.0	4.40905	1.0	409.703	33.9861	219.196	27.7302	0.34854	0.0394048	0.959554	0.0388428	
0.0-2.4	13.0-30.0	0.0-100.0	0.785-1.178	0.008	0.056	834.0	819.0	588.17	35.0619	231.76	26.2063	-1.52885	0.483862	-0.05	0.0	0.504759	0.0	3.09366	0.0	0.0505656	0.0	0.0211529	0.0	0.03	0.0	1.492	0.04	1.733	0.07	1.733	0.07	0.038887	0.0	3.39658e-05	0.000104935	0.225213	0.0376039	0.131789	0.1171	0.00298802	0.00557481	0.000207677	0.00170923	1.76077	0.331988	0.917311	0.0625986	1.0	108.741	0.704825	0.0833175	0.251951	0.0349278	0.074973	178.616	0.531952	0.0875648	0.0567207	0.00983624	-1870.37	4.0	110.538	-10643.5	3.0	104.967	1.0	363.584	33.0821	224.586	28.3533	0.381839	0.0424935	1.06731	0.0754104	
0.0-2.4	13.0-30.0	0.0-100.0	1.178-1.571	0.008	0.08	858.0	857.0	647.294	40.2504	209.979	26.4257	-1.0985	0.447493	-0.05	0.0	0.504759	0.0	3.09366	0.0	0.0505656	0.0	0.0211529	0.0	0.03	0.0	1.492	0.04	1.733	0.07	1.733	0.07	0.038887	0.0	1.65646e-05	0.000171567	0.296338	0.0692195	0.867045	0.0572375	0.000445439	0.00122049	0.000407839	0.00616528	1.22585	0.0404956	0.600007	6.5388	0.930754	0.0339624	1.0	67.9769	0.264793	0.0241994	0.0010006	0.0717179	0.275625	0.00957105	0.0200079	392.112	-1664.29	4.0	511.377	-13115.9	3.0	9.01168	1.0	380.301	37.4232	266.994	33.4201	0.412476	0.0448089	1.16223	0.225608	
0.0-2.4	13.0-30.0	10.0-60.0	0.000-0.393	0.008	0.064	647.0	643.0	504.519	48.9533	138.608	23.447	-0.870636	0.50398	-0.05	0.0	0.504759	0.0	3.09366	0.0	0.0505656	0.0	0.0206244	0.0	0.03	0.0	1.492	0.04	1.733	0.07	1.733	0.07	0.0387462	0.0	5.42312e-05	0.000155716	0.740835	0.622276	0.132772	0.0	0.00351245	0.0	0.0007637	0.00224949	1.67468	0.0	0.925614	0.0741868	0.686425	8.39008	0.961777	1.11399	0.365686	7.19947	0.00100104	0.124023	0.285212	0.121592	0.0656712	0.158555	-1547.61	4.0	1744.75	-18723.8	3.0	233.243	1.0	293.346	47.4686	211.173	43.1619	0.418563	0.0752961	1.05611	0.0281935	
0.0-2.4	13.0-30.0	10.0-60.0	0.000-1.571	0.008	0.08	2347.0	2342.0	1741.84	72.0601	600.977	43.9311	-0.865948	0.244275	-0.05	0.0	0.504759	0.0	3.09366	0.0	0.0505656	0.0	0.0206244	0.000500896	0.03	0.0	1.492	0.04	1.733	0.07	1.733	0.07	0.0387462	6.60217e-05	1.60278e-05	0.000108096	0.395946	0.0883167	0.132772	0.0	0.00351245	0.0	0.000339035	0.00110315	1.67468	0.0	0.921686	0.0410332	0.810395	1.11207	0.762952	0.955789	0.218067	0.565647	0.0311074	0.0640042	0.3515	0.127384	0.0323375	0.0317246	-3924.25	4.0	3074.11	-48860.0	4.0	4039.27	1.0	1099.96	72.4168	641.881	62.2785	0.368508	0.0323413	1.05313	0.0155719	
0.0-2.4	13.0-30.0	10.0-60.0	0.393-0.785	0.008	0.064	576.0	574.0	401.071	27.8032	173.843	20.246	-0.544059	0.413958	-0.05	0.0	0.504759	0.0	3.09366	0.0	0.0505656	0.0	0.0206244	0.0	0.03	0.0	1.492	0.04	1.733	0.07	1.733	0.07	0.0387462	0.0	1.55008e-05	0.000878565	0.207058	0.0452903	0.132772	0.0	0.00351245	0.0	-0.000243526	0.00193543	1.67468	0.0	0.917519	0.0775189	0.559641	0.145818	0.999997	3.34347	0.288656	0.164446	0.0378125	0.016218	0.222679	0.0815132	0.0200067	19.2338	-1627.46	4.0	50.3256	-6247.77	3.0	4.85396	1.0	275.544	27.1508	125.526	21.1665	0.312978	0.048109	1.04997	0.0293731	
0.0-2.4	13.0-30.0	10.0-60.0	0.785-1.178	0.012	0.044	537.0	520.0	374.727	28.1398	145.987	21.3827	-1.37969	0.616004	-0.05	0.0	0.504759	0.0	3.09366	0.0	0.0505656	0.0	0.0206244	0.0	0.03	0.0	1.492	0.04	1.733	0.07	1.733	0.07	0.0387462	0.0	3.14561e-05	0.000114974	0.234052	0.0501927	0.132772	0.0	0.00351245	0.0	0.000119118	0.00199524	1.67468	0.0	0.923489	0.0779291	0.846588	0.784136	1.0	0.152526	0.216148	1.01009	0.0504432	0.16554	0.558528	0.469459	4.83834	192.577	-1051.7	4.0	72.3441	-6382.25	3.0	117.643	1.0	245.717	26.0545	129.009	20.7898	0.344276	0.0490881	1.0545	0.029593	
0.0-2.4	13.0-30.0	10.0-60.0	1.178-1.571	0.008	0.08	586.0	585.0	450.241	34.5218	134.897	20.6854	-0.852152	0.513708	-0.05	0.0	0.504759	0.0	3.09366	0.0	0.0505656	0.0	0.0206244	0.0	0.03	0.0	1.492	0.04	1.733	0.07	1.733	0.07	0.0387462	0.0	1.65646e-05	0.000171567	0.364173	0.11399	0.132772	0.0	0.00351245	0.0	-0.00055339	0.00228349	1.67468	0.0	0.89973	0.0843912	0.734347	4.23891	0.995904	48.8639	0.0323832	8.35249	0.0124365	0.0675087	0.187407	0.493981	0.0200048	28.7348	-1259.27	4.0	437.058	-8962.95	3.0	2.0647	1.0	259.899	33.5222	190.343	30.6534	0.422757	0.0598705	1.03653	0.0317636	
0.0-2.4	6.5-10.0	0.0-100.0	0.000-0.393	0.016	0.152	10481.0	10465.0	5177.22	153.896	5287.56	148.967	-0.135309	0.0979502	-0.05	0.0	0.409579	0.0	3.09117	0.0	0.0604107	0.0	0.0260007	0.0	0.03	0.0	1.492	0.04	1.733	0.07	1.733	0.07	0.0435188	0.0	1.90055e-05	0.000117681	0.309121	0.0520168	0.138357	0.0473332	0.00466897	0.00498227	0.0028021	0.00101273	1.9815	0.167728	0.947578	0.0217353	0.587345	3.3361	0.682127	1.59782	0.559257	1.64515	0.0241622	0.100705	0.220218	0.0888245	0.110847	0.127974	-31140.3	4.0	7092.69	-319597.0	3.0	255.066	1.0	3806.26	175.427	1370.96	140.121	0.264806	0.025895	1.14757	0.0378998	
0.0-2.4	6.5-10.0	0.0-100.0	0.000-1.571	0.008	0.136	37687.0	37559.0	19106.0	754.047	18453.2	755.11	-0.202414	0.0696725	-0.05	0.0	0.409579	0.306504	3.09117	0.000642901	0.0604107	0.0284626	0.0260007	0.00606608	0.03	0.0	1.492	0.04	1.733	0.07	1.733	0.07	0.0435188	0.00816174	2.70702e-05	5.76409e-05	0.31928	0.0306274	0.173814	0.044334	0.00399264	0.00245512	0.00341766	0.000574833	1.78243	0.0904393	0.964597	0.0131918	0.550912	0.480624	0.917655	0.454352	0.57974	0.311917	0.0591593	0.10342	0.256131	0.186526	0.348414	1.9853	-56122.0	4.0	50605.5	-1372200.0	7.0	512818.0	1.0	14215.4	620.692	4890.62	328.264	0.255973	0.0138973	1.14932	0.025276	
0.0-2.4	6.5-10.0	0.0-100.0	0.393-0.785	0.016	0.145	9853.0	9832.0	4853.53	141.722	4979.07	144.673	-0.37215	0.100106	-0.05	0.0	0.409579	0.0	3.09117	0.0	0.0604107	0.0	0.0260007	0.0	0.03	0.0	1.492	0.04	1.733	0.07	1.733	0.07	0.0435188	0.0	1.01928e-05	2.11886	0.328657	0.0471019	0.175237	0.0863871	0.00684653	0.00488837	0.0048843	0.0011978	1.78736	0.174703	1.01634	0.0281883	0.503559	47.7052	0.8703	6.05339	0.47144	35.2041	0.0498218	3.61141	0.206532	1.37083	0.429351	5.96196	-26160.1	4.0	2608.78	-271624.0	3.0	16.8309	1.0	3648.65	150.649	1204.89	112.17	0.248249	0.0219448	1.18817	0.0466151	
0.0-2.4	6.5-10.0	0.0-100.0	0.785-1.178	0.016	0.152	9157.0	9154.0	4807.47	158.895	4347.47	154.242	-0.0289347	0.132867	-0.05	0.0	0.409579	0.0	3.09117	0.0	0.0604107	0.0	0.0260007	0.0	0.03	0.0	1.492	0.04	1.733	0.07	1.733	0.07	0.0435188	0.0	6.29812e-05	0.000142295	0.423193	0.136558	0.099274	0.0560735	0.00969724	0.0193283	0.00169347	0.00118394	1.94297	0.233692	0.976333	0.0280823	0.753153	4.45855	0.416824	2.48466	0.523151	0.58897	0.0462971	0.201158	0.292914	0.23157	0.0831636	0.0793233	16174.2	4.0	31276.6	-370730.0	3.0	68.3983	1.0	3502.81	207.203	1304.66	177.17	0.271381	0.0357448	1.11057	0.0424763	
0.0-2.4	6.5-10.0	0.0-100.0	1.178-1.571	0.016	0.152	8194.0	8191.0	4254.33	131.673	3936.43	141.498	-0.278153	0.122839	-0.05	0.0	0.409579	0.0	3.09117	0.0	0.0604107	0.0	0.0260007	0.0	0.03	0.0	1.492	0.04	1.733	0.07	1.733	0.07	0.0435188	0.0	5.59521e-05	0.000206186	0.228128	0.0229254	0.652049	0.158969	-0.000734564	0.0019028	0.00218123	0.0015089	1.37047	0.0645511	0.621206	0.0522893	0.655768	0.226326	0.868315	0.411433	0.626991	0.131652	0.071215	0.0618001	0.417025	0.387389	0.653035	4.20568	-19993.9	4.0	631.965	-229511.0	3.0	1162.16	1.0	3196.85	128.701	1057.47	88.5743	0.248564	0.0193463	1.16573	0.0567791	
0.0-2.4	6.5-10.0	10.0-60.0	0.000-0.393	0.016	0.152	6242.0	6240.0	3363.92	115.751	2876.21	101.958	-0.225637	0.122116	-0.05	0.0	0.409579	0.0	3.09117	0.0	0.0604107	0.0	0.0259516	0.0	0.03	0.0	1.492	0.04	1.733	0.07	1.733	0.07	0.0435015	0.0	1.90055e-05	0.000117681	0.26282	0.0384075	0.173814	0.0	0.00399264	0.0	0.00242162	0.00115816	1.78243	0.0	0.868135	0.0261968	0.417431	1.21763	0.752537	0.710146	0.334335	1.3943	0.0224819	0.0403013	0.195456	0.0723301	0.0717507	0.0806017	-23574.1	4.0	2643.18	-163149.0	3.0	311.864	1.0	2460.69	126.949	903.236	99.5637	0.268507	0.0281185	1.08392	0.00866734	
0.0-2.4	6.5-10.0	10.0-60.0	0.000-1.571	0.008	0.16	21849.0	21846.0	12309.3	2433.61	9536.88	2228.66	-0.235587	2.20365	-0.05	0.0	0.409579	0.0	3.09117	0.0	0.0604107	0.0	0.0259516	0.00124624	0.03	0.0	1.492	0.04	1.733	0.07	1.733	0.07	0.0435015	0.000219478	1.92169e-05	7.62105e-05	0.290974	0.0295381	0.173814	0.0	0.00399264	0.0	0.00263405	0.000700374	1.78243	0.0	0.912312	0.0157113	0.489224	0.630944	0.90331	0.146939	0.488834	0.617554	0.0444516	0.0565935	0.22748	0.0673629	0.638615	1.48879	-22965.3	4.0	74629.1	-760333.0	4.0	49290800.0	1.0	9054.73	1803.28	3254.59	679.079	0.264401	0.0176355	1.11349	0.00531761	
0.0-2.4	6.5-10.0	10.0-60.0	0.393-0.785	0.016	0.145	5747.0	5745.0	3207.0	109.958	2538.49	102.939	-0.297044	0.14079	-0.05	0.0	0.409579	0.0	3.09117	0.0	0.0604107	0.0	0.0259516	0.0	0.03	0.0	1.492	0.04	1.733	0.07	1.733	0.07	0.0435015	0.0	1.01928e-05	2.11886	0.285736	0.0473128	0.173814	0.0	0.00399264	0.0	0.00399013	0.00148513	1.78243	0.0	1.00863	0.0357534	0.449127	0.271347	0.858671	0.203464	0.451558	0.391041	0.0377267	0.0295266	0.24083	0.0910286	0.631128	1.30765	-17473.9	4.0	1320.79	-144359.0	3.0	59.0264	1.0	2448.45	117.756	758.545	86.5763	0.236528	0.0257491	1.18014	0.0126231	
0.0-2.4	6.5-10.0	10.0-60.0	0.785-1.178	0.016	0.152	5125.0	5123.0	3009.86	127.894	2113.24	108.572	-0.157958	0.211315	-0.05	0.0	0.409579	0.0	3.09117	0.0	0.0604107	0.0	0.0259516	0.0	0.03	0.0	1.492	0.04	1.733	0.07	1.733	0.07	0.0435015	0.0	6.29812e-05	0.000142295	0.398163	0.174938	0.173814	0.0	0.00399264	0.0	0.00199045	0.00165301	1.78243	0.0	0.905357	0.0334988	1.0	1990.29	0.399556	0.0918933	0.600901	0.0302256	0.0747634	1555.55	0.349637	0.0273525	0.0973246	0.00155135	23662.3	4.0	34610.9	-220970.0	3.0	170.174	1.0	2146.26	172.358	863.601	150.788	0.286924	0.0485917	1.10879	0.0112992	
0.0-2.4	6.5-10.0	10.0-60.0	1.178-1.571	0.016	0.136	4734.0	4731.0	2730.25	102.112	2001.08	100.567	-0.256429	0.197032	-0.05	0.0	0.409579	0.0	3.09117	0.0	0.0604107	0.0	0.0259516	0.0	0.03	0.0	1.492	0.04	1.733	0.07	1.733	0.07	0.0435015	0.0	5.49261e-05	0.000220802	0.250378	0.0313289	0.173814	0.0	0.00399264	0.0	0.000804817	0.00133871	1.78243	0.0	0.855196	0.0288835	0.489066	0.135359	0.869486	0.258841	0.450932	0.188708	0.0522602	0.0224526	0.253617	0.0653965	1.64564	14.7069	-14482.4	4.0	766.538	-120720.0	3.0	1441.27	1.0	1977.69	101.316	752.561	74.7399	0.275638	0.0253595	1.07539	0.00948851	
0.0-2.4	6.5-30.0	0.0-10.0	0.000-0.393	0.008	0.136	4896.0	4874.0	2219.46	105.798	2655.81	111.992	-0.0259085	0.146799	-0.05	0.0	0.435507	0.0	3.09135	0.0	0.056065	0.0	0.0250418	0.0	0.03	0.0	1.492	0.04	1.733	0.07	1.733	0.07	0.041508	0.0	2.92627e-05	6.86787e-05	0.367446	0.108339	0.19835	0.0	0.00208889	0.0	0.00377721	0.00179986	1.70743	0.0	1.0166	0.0379087	0.999706	267.303	0.455829	7.2905	0.672878	4.03938	0.00120501	292.463	0.268333	2.24269	0.122469	1.06569	-10033.7	4.0	4617.57	-145622.0	3.0	16.3702	1.0	1551.97	119.65	667.496	99.2751	0.300746	0.0423697	1.18606	0.0130238	
0.0-2.4	6.5-30.0	0.0-10.0	0.000-1.571	0.008	0.136	18323.0	18248.0	8321.56	195.114	9927.42	212.272	-0.20127	0.0711984	-0.05	0.0	0.435507	0.0	3.09135	0.0	0.056065	0.0	0.0250418	0.000992737	0.03	0.0	1.492	0.04	1.733	0.07	1.733	0.07	0.041508	0.000169043	1.61666e-05	1.68756e-05	0.316711	0.0381386	0.19835	0.0	0.00208889	0.0	0.00228769	0.000814605	1.70743	0.0	0.950571	0.020432	0.854447	0.457217	0.420436	0.407083	0.470698	0.275534	0.159199	0.222172	0.30427	0.112941	0.0620564	0.0601053	-35373.5	4.0	9440.01	-572151.0	4.0	190.96	1.0	5973.78	210.132	2347.78	166.033	0.282132	0.0188237	1.14132	0.00682092	
0.0-2.4	6.5-30.0	0.0-10.0	0.393-0.785	0.008	0.145	4788.0	4768.0	2047.43	93.2005	2722.01	104.506	-0.472564	0.133289	-0.05	0.0	0.435507	0.0	3.09135	0.0	0.056065	0.0	0.0250418	0.0	0.03	0.0	1.492	0.04	1.733	0.07	1.733	0.07	0.041508	0.0	2.84864e-05	5.39292e-05	0.345738	0.0660687	0.19835	0.0	0.00208889	0.0	0.00200424	0.00155326	1.70743	0.0	0.996717	0.0397083	0.775296	1.67168	0.813066	4.28982	0.523966	0.225755	0.0864584	0.429024	0.184014	0.222474	0.167224	1.17312	-10320.7	4.0	1402.9	-118012.0	3.0	3.75886	1.0	1402.41	96.7592	645.017	78.4158	0.315038	0.0355135	1.17245	0.0135305	
0.0-2.4	6.5-30.0	0.0-10.0	0.785-1.178	0.008	0.128	4557.0	4554.0	2152.21	98.6352	2402.79	103.6	0.0240091	0.155171	-0.05	0.0	0.435507	0.0	3.09135	0.0	0.056065	0.0	0.0250418	0.0	0.03	0.0	1.492	0.04	1.733	0.07	1.733	0.07	0.041508	0.0	2.19419e-05	6.75748	0.361936	0.0968579	0.19835	0.0	0.00208889	0.0	0.00382199	0.00169389	1.70743	0.0	0.974797	0.0439059	0.462713	0.00190783	1.0	89.1655	0.435093	0.0027425	0.0585217	0.000133837	0.198996	0.00135368	0.0614996	484.632	-9075.86	4.0	3228.98	-125192.0	3.0	46.5614	1.0	1565.15	108.774	587.06	86.084	0.27277	0.0379941	1.15759	0.0148197	
0.0-2.4	6.5-30.0	0.0-10.0	1.178-1.571	0.008	0.152	4082.0	4080.0	1902.32	88.0321	2177.86	102.544	-0.378988	0.141924	-0.05	0.0	0.435507	0.0	3.09135	0.0	0.056065	0.0	0.0250418	0.0	0.03	0.0	1.492	0.04	1.733	0.07	1.733	0.07	0.041508	0.0	1.0825e-05	4.3417e-05	0.201579	0.0274059	0.19835	0.0	0.00208889	0.0	0.00217581	0.00146012	1.70743	0.0	0.882398	0.0385826	0.804783	0.8678	0.388379	1.1787	0.345749	2.33683	0.126001	0.2118	0.613636	0.620088	0.0445287	0.168236	-7067.61	4.0	141.552	-102222.0	3.0	2102.89	1.0	1433.79	85.2932	468.537	57.8163	0.246297	0.0281743	1.09656	0.0124446	
0.0-2.4	6.5-30.0	0.0-100.0	0.000-0.393	0.008	0.152	13136.0	13120.0	7090.25	173.383	6029.97	156.178	-0.145952	0.0896714	-0.05	0.0	0.435507	0.0	3.09135	0.0	0.056065	0.0	0.0247904	0.0	0.03	0.0	1.492	0.04	1.733	0.07	1.733	0.07	0.0414227	0.0	1.87871e-05	0.000150437	0.356172	0.0480386	0.188773	0.046412	0.00195616	0.00245764	0.00230421	0.000802694	1.81358	0.104055	0.91604	0.0191299	0.684086	2.20341	0.708226	1.00759	0.573643	0.906737	0.0265971	0.0942845	0.218577	0.0682882	0.118027	0.132729	-34440.3	4.0	10411.9	-401301.0	3.0	279.175	1.0	5001.77	189.019	2088.48	152.893	0.294557	0.0203253	1.14088	0.0300564	
0.0-2.4	6.5-30.0	0.0-100.0	0.000-1.571	0.004	0.164	47830.0	47797.0	26303.7	580.954	21493.4	566.155	-0.290783	0.0538991	-0.05	0.0	0.435507	0.212604	3.09135	0.000495926	0.056065	0.0152191	0.0247904	0.00419236	0.03	0.0	1.492	0.04	1.733	0.07	1.733	0.07	0.0414227	0.00454101	1.00456e-05	6.70688e-06	0.345953	0.0289959	0.19835	0.0380118	0.00208889	0.00129289	0.00258271	0.000449793	1.70743	0.0628596	0.934419	0.0113813	0.608863	0.240884	0.930759	0.112656	0.541245	0.167329	0.0589938	0.043079	0.25161	0.0625443	0.549986	1.52837	-55032.3	4.0	68865.7	-1767280.0	7.0	17382.9	1.0	18865.3	516.249	7438.44	346.257	0.282791	0.0115877	1.13058	0.0199375	
0.0-2.4	6.5-30.0	0.0-100.0	0.393-0.785	0.008	0.145	12458.0	12437.0	6693.78	167.941	5742.67	154.036	-0.430375	0.0916649	-0.05	0.0	0.435507	0.0	3.09135	0.0	0.056065	0.0	0.0247904	0.0	0.03	0.0	1.492	0.04	1.733	0.07	1.733	0.07	0.0414227	0.0	2.84864e-05	5.39292e-05	0.356385	0.058509	0.147166	0.0720109	0.00527986	0.00343352	0.002252	0.000894634	1.76284	0.161967	0.98947	0.0240878	0.605284	0.235782	0.892949	0.146456	0.460114	0.187692	0.0521022	0.0283182	0.200765	0.0265473	0.426348	0.575117	-25061.7	4.0	11270.0	-368662.0	3.0	119.248	1.0	4850.11	193.689	1843.67	157.632	0.27543	0.0225123	1.1368	0.0394687	
0.0-2.4	6.5-30.0	0.0-100.0	0.785-1.178	0.008	0.152	11611.0	11609.0	6548.03	184.785	5060.61	163.625	-0.205902	0.118301	-0.05	0.0	0.435507	0.0	3.09135	0.0	0.056065	0.0	0.0247904	0.0	0.03	0.0	1.492	0.04	1.733	0.07	1.733	0.07	0.0414227	0.0	1.02728e-05	0.00383331	0.418367	0.107388	0.110192	0.0438595	0.00642572	0.00380672	0.00250654	0.000967685	1.89395	0.158315	0.989853	0.025108	0.604921	0.397539	1.0	2.55704e-05	0.552149	0.261723	0.07359	0.0450439	0.293411	0.0615949	0.818624	49.6045	18522.6	4.0	42300.7	-476235.0	3.0	35.7255	1.0	4675.12	231.505	1872.91	197.439	0.286026	0.029052	1.12566	0.0309332	
0.0-2.4	6.5-30.0	0.0-100.0	1.178-1.571	0.008	0.152	10624.0	10620.0	5973.91	147.2	4646.87	147.671	-0.398069	0.110346	-0.05	0.0	0.435507	0.0	3.09135	0.0	0.056065	0.0	0.0247904	0.0	0.03	0.0	1.492	0.04	1.733	0.07	1.733	0.07	0.0414227	0.0	1.0825e-05	4.3417e-05	0.254802	0.0218931	0.588479	0.127844	-0.000847859	0.00122532	0.00260423	0.00116434	1.39348	0.0566297	0.684002	0.0344477	0.691844	0.177417	0.903468	0.234089	0.575408	0.12737	0.067312	0.0457484	0.358287	0.19348	0.694102	3.82609	-23695.5	4.0	1503.44	-285518.0	3.0	1272.29	1.0	4311.01	142.987	1662.9	104.117	0.278361	0.0160223	1.15553	0.0456443	
0.0-2.4	6.5-30.0	10.0-20.0	0.000-0.393	0.008	0.128	3257.0	3254.0	1715.11	83.3299	1539.23	74.8499	0.0517135	0.17391	-0.05	0.0	0.435507	0.0	3.09135	0.0	0.056065	0.0	0.0240851	0.0	0.03	0.0	1.492	0.04	1.733	0.07	1.733	0.07	0.0411871	0.0	1.21272e-05	9.04109	0.323756	0.069133	0.19835	0.0	0.00208889	0.0	-0.000821872	0.00162705	1.70743	0.0	0.942246	0.0373259	0.962003	11.7833	0.714923	3.08945	0.659463	3.64355	0.00117297	20.4686	0.190044	0.054553	0.135545	0.0856411	-8308.51	4.0	2471.85	-82656.5	3.0	163.587	1.0	1114.51	90.1808	600.6	77.7941	0.350181	0.0420462	1.13577	0.0124119	
0.0-2.4	6.5-30.0	10.0-20.0	0.000-1.571	0.008	0.16	11656.0	11654.0	6224.12	181.047	5430.08	158.357	-0.231644	0.101638	-0.05	0.0	0.435507	0.0	3.09135	0.0	0.056065	0.0	0.0240851	0.000434687	0.03	0.0	1.492	0.04	1.733	0.07	1.733	0.07	0.0411872	7.17452e-05	1.13588e-05	0.0219528	0.398123	0.0810695	0.19835	0.0	0.00208889	0.0	0.00308478	0.00104473	1.70743	0.0	0.952683	0.0248035	0.47681	2.12665	0.854301	0.463794	0.419668	1.98836	0.0350348	0.120918	0.201118	0.172629	0.419207	0.987172	-11330.1	4.0	21645.4	-410341.0	4.0	21028.0	1.0	4293.79	212.286	1930.33	180.606	0.310137	0.0275792	1.14273	0.00828843	
0.0-2.4	6.5-30.0	10.0-20.0	0.393-0.785	0.008	0.128	2945.0	2936.0	1553.56	95.8098	1383.38	78.9637	-0.216918	0.186058	-0.05	0.0	0.435507	0.0	3.09135	0.0	0.056065	0.0	0.0240851	0.0	0.03	0.0	1.492	0.04	1.733	0.07	1.733	0.07	0.0411871	0.0	2.00232e-05	3.80084e-05	0.531951	0.401963	0.19835	0.0	0.00208889	0.0	0.00378628	0.00241046	1.70743	0.0	0.955042	0.0627125	0.458555	0.726532	0.898708	0.127076	0.168796	0.869514	0.0362979	0.0314536	0.138344	0.0279893	0.212006	0.137208	-4358.89	4.0	7247.8	-94001.6	3.0	1106.22	1.0	1184.8	129.845	368.76	109.718	0.237365	0.0690898	1.14431	0.0209792	
0.0-2.4	6.5-30.0	10.0-20.0	0.785-1.178	0.008	0.152	2920.0	2917.0	1578.77	106.69	1338.92	91.4605	-0.242457	0.247777	-0.05	0.0	0.435507	0.0	3.09135	0.0	0.056065	0.0	0.0240851	0.0	0.03	0.0	1.492	0.04	1.733	0.07	1.733	0.07	0.0411871	0.0	1.02728e-05	0.00383331	0.511068	0.282668	0.19835	0.0	0.00208889	0.0	0.00159415	0.00200111	1.70743	0.0	0.97142	0.0485074	0.99999	35.9307	0.452572	0.637498	0.585682	0.411711	0.0404596	0.131579	0.618463	0.724646	0.110005	0.101385	1724.86	4.0	10115.4	-119549.0	3.0	827.688	1.0	1057.87	119.666	520.901	102.217	0.329941	0.0607844	1.15531	0.0163483	
0.0-2.4	6.5-30.0	10.0-20.0	1.178-1.571	0.008	0.12	2532.0	2525.0	1376.92	68.8239	1148.38	66.8964	-0.617699	0.207093	-0.05	0.0	0.435507	0.0	3.09135	0.0	0.056065	0.0	0.0240851	0.0	0.03	0.0	1.492	0.04	1.733	0.07	1.733	0.07	0.0411871	0.0	1.01172e-05	3.47073	0.27048	0.0424253	0.19835	0.0	0.00208889	0.0	0.0017906	0.00183085	1.70743	0.0	0.934836	0.0506419	0.546884	0.187739	0.755123	0.393295	0.441677	0.271873	0.0461651	0.0347848	0.151275	0.0395598	0.448665	0.660661	-5938.21	4.0	343.368	-52106.6	3.0	86.9068	1.0	906.292	67.5546	470.628	55.3616	0.341798	0.0363966	1.13085	0.0167801	
0.0-2.4	6.5-30.0	10.0-30.0	0.000-0.393	0.008	0.128	5522.0	5517.0	3047.23	113.909	2469.95	95.6024	-0.0769729	0.132677	-0.05	0.0	0.435507	0.0	3.09135	0.0	0.056065	0.0	0.0241996	0.0	0.03	0.0	1.492	0.04	1.733	0.07	1.733	0.07	0.041225	0.0	1.21272e-05	9.04109	0.368308	0.0653767	0.19835	0.0	0.00208889	0.0	0.00137573	0.00117675	1.70743	0.0	0.898764	0.0286682	0.568901	1.51046	0.715307	0.812661	0.457197	1.00454	0.0218064	0.0531279	0.180723	0.0679314	0.0910112	0.0911108	-16161.9	4.0	4609.75	-154279.0	3.0	571.443	1.0	2091.94	121.555	955.294	99.6787	0.313495	0.03054	1.10716	0.00932804	
0.0-2.4	6.5-30.0	10.0-30.0	0.000-1.571	0.004	0.164	19572.0	19570.0	10980.0	1901.62	8589.86	1678.91	-0.224472	1.94063	-0.05	0.0	0.435507	0.0	3.09135	0.0	0.056065	0.0	0.0241996	0.00105492	0.03	0.0	1.492	0.04	1.733	0.07	1.733	0.07	0.041225	0.000174781	1.00456e-05	6.70688e-06	0.407045	0.0686976	0.19835	0.0	0.00208889	0.0	0.00276678	0.000725461	1.70743	0.0	0.912606	0.0177526	0.486764	1.11356	0.889718	0.235518	0.419495	1.17339	0.0369738	0.0760128	0.188181	0.0563068	0.47323	0.933049	3422.95	4.0	48089.0	-751756.0	4.0	3582630000.0	1.0	7712.71	1355.5	3267.29	610.998	0.297567	0.0209908	1.1162	0.00581777	
0.0-2.4	6.5-30.0	10.0-30.0	0.393-0.785	0.008	0.145	5022.0	5020.0	2781.68	115.352	2238.6	96.8079	-0.206954	0.149066	-0.05	0.0	0.435507	0.0	3.09135	0.0	0.056065	0.0	0.0241996	0.0	0.03	0.0	1.492	0.04	1.733	0.07	1.733	0.07	0.041225	0.0	2.84864e-05	5.39292e-05	0.392451	0.134062	0.19835	0.0	0.00208889	0.0	0.00379183	0.00159396	1.70743	0.0	0.934819	0.0407519	0.469929	0.370495	0.891918	0.177172	0.307356	0.503322	0.0343221	0.0230172	0.146022	0.0230563	0.469622	0.783223	-8299.86	4.0	8618.44	-148863.0	3.0	672.504	1.0	2037.15	142.924	744.523	119.349	0.267653	0.0414447	1.13084	0.0135029	
0.0-2.4	6.5-30.0	10.0-30.0	0.785-1.178	0.008	0.152	4693.0	4691.0	2698.84	133.119	1992.14	111.609	-0.309374	0.223663	-0.05	0.0	0.435507	0.0	3.09135	0.0	0.056065	0.0	0.0241996	0.0	0.03	0.0	1.492	0.04	1.733	0.07	1.733	0.07	0.041225	0.0	1.02728e-05	0.00383331	0.56642	0.336849	0.19835	0.0	0.00208889	0.0	0.00191786	0.00164278	1.70743	0.0	0.931926	0.038739	0.497676	62.8342	0.626502	70.9487	0.390462	56.1607	0.00513409	2.13018	0.446842	1.06828	0.0983009	0.0582952	28290.3	4.0	30252.6	-234434.0	3.0	222.027	1.0	1841.44	166.87	857.401	146.234	0.317692	0.0518686	1.12893	0.012818	
0.0-2.4	6.5-30.0	10.0-30.0	1.178-1.571	0.008	0.145	4334.0	4332.0	2450.1	94.2895	1882.54	94.6339	-0.339808	0.196363	-0.05	0.0	0.435507	0.0	3.09135	0.0	0.056065	0.0	0.0241996	0.0	0.03	0.0	1.492	0.04	1.733	0.07	1.733	0.07	0.041225	0.0	1.38171e-05	4.85666e-05	0.279138	0.0365329	0.19835	0.0	0.00208889	0.0	0.00102657	0.00132881	1.70743	0.0	0.885648	0.0325667	0.510946	0.0718718	0.850099	0.231645	0.446292	0.147413	0.0429233	0.0133746	0.207617	0.0574017	0.494907	0.791986	-12698.2	4.0	1026.4	-104734.0	3.0	1361.5	1.0	1697.44	91.4515	752.669	70.2508	0.307199	0.0261219	1.09866	0.0105227	
0.0-2.4	6.5-30.0	10.0-60.0	0.000-0.393	0.008	0.152	7962.0	7960.0	4626.09	132.356	3334.65	108.643	-0.236623	0.111423	-0.05	0.0	0.435507	0.0	3.09135	0.0	0.056065	0.0	0.0247778	0.0	0.03	0.0	1.492	0.04	1.733	0.07	1.733	0.07	0.0414184	0.0	1.87871e-05	0.000150437	0.329012	0.0449085	0.19835	0.0	0.00208889	0.0	0.00151618	0.000896858	1.70743	0.0	0.859558	0.0223188	0.565828	1.55552	0.774324	0.683004	0.444245	1.18687	0.0236228	0.0673566	0.201209	0.0629494	0.0888305	0.111096	-25108.6	4.0	5051.18	-212771.0	3.0	373.18	1.0	3271.05	141.278	1355.04	112.711	0.292913	0.0228776	1.08192	0.00710735	
0.0-2.4	6.5-30.0	10.0-60.0	0.000-1.571	0.004	0.164	28413.0	28410.0	17103.6	271.054	11306.2	223.563	-0.340365	0.0721714	-0.05	0.0	0.435507	0.0	3.09135	0.0	0.056065	0.0	0.0247778	6.69185e-05	0.03	0.0	1.492	0.04	1.733	0.07	1.733	0.07	0.0414184	1.12991e-05	1.00456e-05	6.70688e-06	0.352985	0.0393651	0.19835	0.0	0.00208889	0.0	0.00220814	0.000549927	1.70743	0.0	0.893189	0.0137393	0.548055	0.736402	0.924141	0.123562	0.448351	0.686665	0.0448086	0.0689239	0.232303	0.0755977	0.832742	3.26745	-21567.8	4.0	59261.8	-1033990.0	4.0	87732.4	1.0	12213.8	320.615	4889.79	267.082	0.285892	0.0149438	1.10354	0.00445732	
0.0-2.4	6.5-30.0	10.0-60.0	0.393-0.785	0.008	0.145	7412.0	7410.0	4425.68	136.749	2984.15	112.321	-0.389385	0.127428	-0.05	0.0	0.435507	0.0	3.09135	0.0	0.056065	0.0	0.0247778	0.0	0.03	0.0	1.492	0.04	1.733	0.07	1.733	0.07	0.0414184	0.0	2.84864e-05	5.39292e-05	0.360894	0.0859815	0.19835	0.0	0.00208889	0.0	0.00301884	0.00119009	1.70743	0.0	0.943682	0.0330162	0.473723	0.841148	0.902178	0.174908	0.3434	0.938578	0.0375459	0.0410065	0.212768	0.0410686	0.644311	1.33918	-14368.1	4.0	9879.2	-216787.0	3.0	188.288	1.0	3283.48	164.556	1142.2	134.28	0.258086	0.0292743	1.13673	0.0109863	
0.0-2.4	6.5-30.0	10.0-60.0	0.785-1.178	0.008	0.152	6734.0	6731.0	4189.24	155.05	2542.24	118.886	-0.36512	0.18121	-0.05	0.0	0.435507	0.0	3.09135	0.0	0.056065	0.0	0.0247778	0.0	0.03	0.0	1.492	0.04	1.733	0.07	1.733	0.07	0.0414184	0.0	1.02728e-05	0.00383331	0.435137	0.15394	0.19835	0.0	0.00208889	0.0	0.00217527	0.00129914	1.70743	0.0	0.927029	0.0297933	0.731272	0.324644	1.0	6.97429e-05	0.610455	0.156365	0.0996828	0.0750329	0.372936	0.133414	0.95726	29.2268	24792.4	4.0	41161.6	-304554.0	3.0	229.283	1.0	2931.1	190.457	1258.14	163.32	0.300327	0.0373675	1.12569	0.0098344	
0.0-2.4	6.5-30.0	10.0-60.0	1.178-1.571	0.008	0.152	6304.0	6303.0	3864.31	115.502	2439.35	105.973	-0.394636	0.166715	-0.05	0.0	0.435507	0.0	3.09135	0.0	0.056065	0.0	0.0247778	0.0	0.03	0.0	1.492	0.04	1.733	0.07	1.733	0.07	0.0414184	0.0	1.0825e-05	4.3417e-05	0.285963	0.0311479	0.19835	0.0	0.00208889	0.0	0.00138353	0.00103314	1.70743	0.0	0.867551	0.0257873	0.547131	0.093025	0.898834	0.175376	0.409467	0.154431	0.048833	0.0170322	0.238467	0.0408217	1.62458	12.6734	-16778.4	4.0	1492.21	-155803.0	3.0	1507.23	1.0	2707.99	114.07	1156.32	87.4934	0.299231	0.0208	1.08702	0.00824932	
0.0-2.4	6.5-30.0	20.0-30.0	0.000-0.393	0.008	0.105	2264.0	2258.0	1331.89	77.4009	926.797	59.5558	-0.272348	0.207484	-0.05	0.0	0.435507	0.0	3.09135	0.0	0.056065	0.0	0.0243347	0.0	0.03	0.0	1.492	0.04	1.733	0.07	1.733	0.07	0.0412699	0.0	1.01047e-05	0.00333619	0.444549	0.138832	0.19835	0.0	0.00208889	0.0	0.00360064	0.00149442	1.70743	0.0	0.877522	0.042487	0.425088	0.251465	0.872027	0.958686	0.368116	0.412607	0.0368063	0.0662964	0.1467	0.092863	0.0868631	0.169909	-7834.93	4.0	2314.9	-59194.5	3.0	429.155	1.0	968.226	81.1232	363.663	62.1419	0.273043	0.0438759	1.09342	0.0136673	
0.0-2.4	6.5-30.0	20.0-30.0	0.000-1.571	0.008	0.136	7916.0	7888.0	4757.0	1251.35	3131.17	1072.73	-0.244724	6.52677	-0.05	0.0	0.435507	0.0	3.09135	0.0	0.056065	0.0	0.0243347	0.00174752	0.03	0.0	1.492	0.04	1.733	0.07	1.733	0.07	0.0412699	0.000290833	1.61666e-05	1.68756e-05	0.431824	0.13157	0.19835	0.0	0.00208889	0.0	0.00196668	0.00103159	1.70743	0.0	0.855449	0.0260973	0.589718	0.978102	0.70976	2.45405	0.370176	1.29431	0.0469288	0.0623283	0.198802	0.118263	0.0356782	0.144237	11873.8	4.0	24264.3	-283668.0	4.0	96224800.0	1.0	3414.99	912.18	1342.01	386.91	0.282112	0.033288	1.0793	0.00829088	
0.0-2.4	6.5-30.0	20.0-30.0	0.393-0.785	0.008	0.105	2076.0	2042.0	1234.14	63.0011	808.665	50.8436	-0.272755	0.215625	-0.05	0.0	0.435507	0.0	3.09135	0.0	0.056065	0.0	0.0243347	0.0	0.03	0.0	1.492	0.04	1.733	0.07	1.733	0.07	0.0412699	0.0	1.22898e-05	0.163554	0.278719	0.0544002	0.19835	0.0	0.00208889	0.0	0.00299375	0.00196036	1.70743	0.0	0.913549	0.051942	0.647188	0.0597368	1.0	62.9738	0.597274	0.0436933	0.0501948	0.0101078	0.182403	0.0209018	0.0393034	421.641	-8044.22	4.0	455.798	-40185.2	3.0	38.4298	1.0	851.149	64.7133	382.991	51.7896	0.31033	0.038859	1.11682	0.0170303	
0.0-2.4	6.5-30.0	20.0-30.0	0.785-1.178	0.008	0.12	1773.0	1769.0	1122.03	82.1566	647.599	59.9097	-0.440931	0.452021	-0.05	0.0	0.435507	0.0	3.09135	0.0	0.056065	0.0	0.0243347	0.0	0.03	0.0	1.492	0.04	1.733	0.07	1.733	0.07	0.0412699	0.0	1.50151e-05	1.29092	0.782421	1.34683	0.19835	0.0	0.00208889	0.0	0.0021082	0.00265442	1.70743	0.0	0.832804	0.0675675	0.548433	2.0543	0.95878	0.221962	0.337568	2.09981	0.0346129	0.0811123	0.151252	0.0528607	0.131491	0.239433	24637.6	4.0	14793.6	-93828.0	3.0	245.341	1.0	771.522	132.911	350.505	123.015	0.312386	0.107224	1.06501	0.0211778	
0.0-2.4	6.5-30.0	20.0-30.0	1.178-1.571	0.008	0.128	1801.0	1798.0	1072.43	64.4978	726.198	66.5103	0.0748974	0.432939	-0.05	0.0	0.435507	0.0	3.09135	0.0	0.056065	0.0	0.0243347	0.0	0.03	0.0	1.492	0.04	1.733	0.07	1.733	0.07	0.0412699	0.0	2.47983e-05	5.01035e-05	0.291992	0.0680502	0.19835	0.0	0.00208889	0.0	-0.00209482	0.00220152	1.70743	0.0	0.792719	0.045482	0.813775	32.5612	0.420093	20.8496	0.243373	4.60968	0.0417063	0.537838	0.314852	2.00001	0.0349653	0.511935	-6922.96	4.0	928.907	-43234.6	3.0	1460.61	1.0	787.545	62.7571	284.887	44.5942	0.265646	0.0383906	1.0402	0.013893	
0.0-2.4	6.5-30.0	30.0-60.0	0.000-0.393	0.008	0.12	2440.0	2437.0	1576.19	66.7048	860.856	52.4945	-0.666008	0.211584	-0.05	0.0	0.435507	0.0	3.09135	0.0	0.056065	0.0	0.0256285	0.0	0.03	0.0	1.492	0.04	1.733	0.07	1.733	0.07	0.0417096	0.0	1.00028e-05	2.85792e-05	0.239157	0.0393607	0.19835	0.0	0.00208889	0.0	0.00101397	0.00132076	1.70743	0.0	0.749804	0.0351095	0.622996	162.008	0.626071	130.995	0.202056	34.5216	0.0362135	7.39727	0.241212	1.41798	0.0205641	5.54259	-9398.35	4.0	344.238	-44683.8	3.0	0.495402	1.0	1157.83	67.7942	418.364	50.0856	0.265427	0.0297247	1.01437	0.0104024	
0.0-2.4	6.5-30.0	30.0-60.0	0.000-1.571	0.008	0.145	8841.0	8837.0	6117.36	141.563	2720.53	103.843	-0.708275	0.130491	-0.05	0.0	0.435507	0.0	3.09135	0.0	0.056065	0.0	0.0256285	0.00083294	0.03	0.0	1.492	0.04	1.733	0.07	1.733	0.07	0.0417096	0.000144454	1.27502e-05	0.000164255	0.259876	0.02571	0.19835	0.0	0.00208889	0.0	0.000553249	0.000802217	1.70743	0.0	0.807149	0.0213349	0.782697	1.1551	0.501043	0.808012	0.155193	0.185459	0.0502315	0.0552199	0.422861	0.146871	0.0430555	0.021906	-30573.9	4.0	3354.73	-224082.0	4.0	150.386	1.0	4433.23	150.005	1684.13	116.171	0.275304	0.0178899	1.04906	0.00657961	
0.0-2.4	6.5-30.0	30.0-60.0	0.393-0.785	0.008	0.12	2390.0	2390.0	1648.14	73.3719	741.874	57.1935	-0.957302	0.276834	-0.05	0.0	0.435507	0.0	3.09135	0.0	0.056065	0.0	0.0256285	0.0	0.03	0.0	1.492	0.04	1.733	0.07	1.733	0.07	0.0417096	0.0	1.0132e-05	0.0868918	0.286861	0.066218	0.19835	0.0	0.00208889	0.0	-0.000775135	0.00173208	1.70743	0.0	0.883086	0.0527069	0.782615	6.02472	0.457325	3.82869	0.0732115	0.519773	0.0402465	0.133531	0.477247	0.336001	0.0443589	0.041231	-7279.34	4.0	1264.89	-53006.8	3.0	161.38	1.0	1232.14	78.1765	416.0	58.7005	0.252406	0.0337972	1.097	0.0170066	
0.0-2.4	6.5-30.0	30.0-60.0	0.785-1.178	0.008	0.12	2040.0	2037.0	1483.59	75.698	554.125	47.8102	-0.585405	0.270919	-0.05	0.0	0.435507	0.0	3.09135	0.0	0.056065	0.0	0.0256285	0.0	0.03	0.0	1.492	0.04	1.733	0.07	1.733	0.07	0.0417096	0.0	1.50151e-05	1.29092	0.226922	0.0492841	0.19835	0.0	0.00208889	0.0	0.000719006	0.00192526	1.70743	0.0	0.818331	0.0438903	0.999989	27.7581	0.470157	0.104797	0.249765	0.0449153	0.0671523	59.6971	0.442719	0.0356156	0.0623324	0.00350902	-9759.35	4.0	1640.71	-51871.8	3.0	137.539	1.0	1044.01	87.6752	439.574	73.1599	0.296292	0.0469384	1.05598	0.0136332	
0.0-2.4	6.5-30.0	30.0-60.0	1.178-1.571	0.008	0.12	1970.0	1961.0	1405.07	66.0666	556.21	48.0119	-0.570497	0.309606	-0.05	0.0	0.435507	0.0	3.09135	0.0	0.056065	0.0	0.0256285	0.0	0.03	0.0	1.492	0.04	1.733	0.07	1.733	0.07	0.0417096	0.0	1.01172e-05	3.47073	0.295931	0.0564374	0.19835	0.0	0.00208889	0.0	0.00183654	0.00168908	1.70743	0.0	0.824549	0.0429033	0.699877	0.478744	0.616744	0.719595	0.157619	0.317134	0.0433269	0.093548	0.591496	0.635958	0.0622676	0.050004	-5251.23	4.0	643.189	-39682.3	3.0	147.339	1.0	998.063	66.9943	407.009	51.499	0.289671	0.0340275	1.05985	0.0133788	
0.0-2.4	6.5-8.0	0.0-100.0	0.000-0.393	0.016	0.136	6906.0	6895.0	2974.9	131.645	3920.57	136.1	-0.182912	0.120689	-0.05	0.0	0.372728	0.0	3.09059	0.0	0.0634779	0.0	0.0277688	0.0	0.03	0.0	1.492	0.04	1.733	0.07	1.733	0.07	0.0445598	0.0	5.8071e-05	0.000360109	0.363732	0.106929	0.313059	0.129726	0.00413537	0.00521731	0.00294718	0.00168947	1.71404	0.172071	0.906199	0.0309509	0.996711	107.766	0.58388	21.0236	0.7434	15.59	0.00153315	142.523	0.193007	2.56641	0.146298	0.567717	-21056.7	4.0	6342.71	-234056.0	3.0	621.853	1.0	2241.45	157.097	733.454	126.074	0.246547	0.0409508	1.21814	0.0683728	
0.0-2.4	6.5-8.0	0.0-100.0	0.000-1.571	0.016	0.16	24568.0	24563.0	10867.3	307.587	13696.1	325.747	-0.152605	0.0671137	-0.05	0.0	0.372728	0.177161	3.09059	0.000905943	0.0634779	0.0161603	0.0277688	0.00375172	0.03	0.0	1.492	0.04	1.733	0.07	1.733	0.07	0.0445598	0.00435255	2.57968e-05	9.0559e-05	0.281493	0.0311793	0.307488	0.0880482	0.00439684	0.00310131	0.00316693	0.000863263	1.63221	0.0944826	0.899098	0.0180353	0.535026	24.8131	0.874377	3.3532	0.591509	10.6639	0.0626914	2.72402	0.186375	3.40901	0.538219	17.8571	-74539.6	4.0	9845.49	-898115.0	7.0	642.457	1.0	8304.51	302.705	2562.79	204.068	0.235826	0.0175518	1.17431	0.0405035	
0.0-2.4	6.5-8.0	0.0-100.0	0.393-0.785	0.016	0.145	6369.0	6365.0	2641.43	111.869	3723.72	127.984	-0.255902	0.120746	-0.05	0.0	0.372728	0.0	3.09059	0.0	0.0634779	0.0	0.0277688	0.0	0.03	0.0	1.492	0.04	1.733	0.07	1.733	0.07	0.0445598	0.0	3.35609e-05	0.000234572	0.264	0.0466379	0.488577	0.194943	0.00546084	0.00439552	0.00132738	0.0023034	1.47132	0.124323	0.869799	0.0504926	0.634402	0.158971	0.83723	0.411264	0.5038	0.131424	0.0648549	0.0401126	0.126556	0.0273679	0.325754	0.550606	-22467.0	4.0	445.573	-175269.0	3.0	44.1941	1.0	2101.96	117.564	539.466	80.1159	0.204233	0.029071	1.20191	0.068776	
0.0-2.4	6.5-8.0	0.0-100.0	0.785-1.178	0.016	0.152	5989.0	5987.0	2817.82	124.085	3169.38	129.78	0.0425108	0.145645	-0.05	0.0	0.372728	0.0	3.09059	0.0	0.0634779	0.0	0.0277688	0.0	0.03	0.0	1.492	0.04	1.733	0.07	1.733	0.07	0.0445598	0.0	4.17642e-05	0.79061	0.24225	0.0402397	0.230575	0.110068	0.00708186	0.0153869	0.00255527	0.001592	1.73111	0.184706	0.883029	0.0346066	0.385578	2.47677	0.4307	1.58793	0.383935	1.50079	0.0346531	0.155165	0.365365	0.404046	0.0820288	0.0443191	-23205.1	4.0	2480.49	-196632.0	3.0	75.8654	1.0	2057.83	134.078	759.989	104.333	0.269709	0.0350694	1.13619	0.0635815	
0.0-2.4	6.5-8.0	0.0-100.0	1.178-1.571	0.016	0.152	5303.0	5299.0	2433.04	110.617	2867.44	129.105	-0.187954	0.150642	-0.05	0.0	0.372728	0.0	3.09059	0.0	0.0634779	0.0	0.0277688	0.0	0.03	0.0	1.492	0.04	1.733	0.07	1.733	0.07	0.0445598	0.0	6.96199e-05	0.00138898	0.24607	0.0390741	0.599664	0.33064	-4.6222e-05	0.00372	0.00160944	0.00206057	1.40906	0.147928	0.651272	0.0550422	0.594208	0.708356	0.788489	0.791448	0.648148	0.316814	0.0700923	0.128994	0.410246	0.686338	0.547403	3.04102	-12747.4	4.0	553.532	-161996.0	3.0	835.773	1.0	1890.85	108.426	542.192	70.5248	0.222845	0.0271579	1.16636	0.123093	
0.0-2.4	6.5-8.0	10.0-60.0	0.000-0.393	0.016	0.128	4015.0	4009.0	1920.82	98.1214	2088.33	92.0768	-0.241361	0.153176	-0.05	0.0	0.372728	0.0	3.09059	0.0	0.0634779	0.0	0.0271548	0.0	0.03	0.0	1.492	0.04	1.733	0.07	1.733	0.07	0.0443218	0.0	5.95546e-05	0.000344739	0.283677	0.0636085	0.307488	0.0	0.00439684	0.0	-0.000248282	0.00188065	1.63221	0.0	0.888528	0.0374255	0.992832	61.5	0.60149	8.51624	0.742353	9.79238	0.00110859	99.0583	0.22077	2.1416	0.104576	4.16118	-15429.6	4.0	2612.02	-116253.0	3.0	562.883	1.0	1389.95	111.63	530.867	90.3061	0.276376	0.0448445	1.16872	0.00985202	
0.0-2.4	6.5-8.0	10.0-60.0	0.000-1.571	0.016	0.16	13928.0	13925.0	7050.76	186.704	6874.73	183.439	-0.125482	0.0992646	-0.05	0.0	0.372728	0.0	3.09059	0.0	0.0634779	0.0	0.0271548	0.000798449	0.03	0.0	1.492	0.04	1.733	0.07	1.733	0.07	0.0443219	0.000153427	2.57968e-05	9.0559e-05	0.250069	0.0273747	0.307488	0.0	0.00439684	0.0	0.00146244	0.00105327	1.63221	0.0	0.876683	0.0210843	0.52441	1.70883	0.803747	0.645183	0.605642	1.10485	0.0466171	0.178444	0.204827	0.131974	0.41381	0.990465	-51644.3	4.0	5010.02	-469133.0	4.0	1256.91	1.0	5225.67	204.835	1825.09	158.572	0.25885	0.0214201	1.16251	0.00550557	
0.0-2.4	6.5-8.0	10.0-60.0	0.393-0.785	0.016	0.145	3628.0	3626.0	1813.27	88.8422	1812.99	90.27	-0.0999948	0.179949	-0.05	0.0	0.372728	0.0	3.09059	0.0	0.0634779	0.0	0.0271548	0.0	0.03	0.0	1.492	0.04	1.733	0.07	1.733	0.07	0.0443218	0.0	3.35609e-05	0.000234572	0.239425	0.0461802	0.307488	0.0	0.00439684	0.0	0.00200135	0.00242924	1.63221	0.0	0.941348	0.0511824	0.500835	0.854519	0.814151	0.41088	0.454886	0.958532	0.038279	0.0632239	0.112803	0.115704	0.454076	0.718755	-14521.3	4.0	195.836	-93490.3	3.0	93.6741	1.0	1431.46	94.0269	381.812	65.3613	0.210566	0.0345382	1.19701	0.013937	
0.0-2.4	6.5-8.0	10.0-60.0	0.785-1.178	0.016	0.152	3243.0	3240.0	1756.33	97.7939	1484.58	90.0341	0.0386127	0.240871	-0.05	0.0	0.372728	0.0	3.09059	0.0	0.0634779	0.0	0.0271548	0.0	0.03	0.0	1.492	0.04	1.733	0.07	1.733	0.07	0.0443218	0.0	4.17642e-05	0.79061	0.205279	0.0508121	0.307488	0.0	0.00439684	0.0	0.000123057	0.00198142	1.63221	0.0	0.826422	0.0352166	0.953738	74.3888	0.346009	14.9765	0.58646	1.18161	0.151715	1.38641	0.430723	4.80626	0.0987951	1.92491	-12285.6	4.0	2524.46	-104243.0	3.0	410.943	1.0	1242.05	116.256	514.279	97.7374	0.292815	0.0532066	1.13673	0.00886524	
0.0-2.4	6.5-8.0	10.0-60.0	1.178-1.571	0.016	0.136	3041.0	3039.0	1558.6	85.0512	1480.25	91.5064	-0.142151	0.247782	-0.05	0.0	0.372728	0.0	3.09059	0.0	0.0634779	0.0	0.0271548	0.0	0.03	0.0	1.492	0.04	1.733	0.07	1.733	0.07	0.0443218	0.0	1.20568e-05	0.0173859	0.271728	0.0516929	0.307488	0.0	0.00439684	0.0	0.000891715	0.00206558	1.63221	0.0	0.779695	0.0436557	0.396693	0.158114	0.758779	0.412078	0.532303	0.168373	0.0458145	0.0183188	0.255938	0.114826	0.478634	0.717334	-11051.1	4.0	971.228	-83656.5	3.0	1071.22	1.0	1148.04	83.9989	410.564	60.2751	0.263418	0.0359018	1.11363	0.0105833	
0.0-2.4	8.0-10.0	0.0-100.0	0.000-0.393	0.008	0.152	3575.0	3560.0	2195.92	77.7135	1364.8	64.1322	0.0217097	0.166916	-0.05	0.0	0.452009	0.0	3.09193	0.0	0.0566248	0.0	0.0236542	0.0	0.03	0.0	1.492	0.04	1.733	0.07	1.733	0.07	0.0419037	0.0	1.01039e-05	0.487899	0.250009	0.0319588	0.0783534	0.0380246	0.00336464	0.00777792	0.000849912	0.0011903	2.21072	0.285123	0.917449	0.0303386	0.623646	1.04057	0.672083	1.34812	0.360472	0.504987	0.0417406	0.0641194	0.253399	0.138022	0.055845	0.0366992	-10887.0	4.0	493.612	-64783.9	3.0	15.1162	1.0	1558.25	79.2752	637.673	61.2594	0.29039	0.025935	1.07643	0.0440989	
0.0-2.4	8.0-10.0	0.0-100.0	0.000-1.571	0.008	0.152	13118.0	13087.0	8210.89	767.113	4877.38	743.063	-0.340978	0.226122	-0.05	0.0	0.452009	0.801053	3.09193	0.00116896	0.0566248	0.0629744	0.0236542	0.0164639	0.03	0.0	1.492	0.04	1.733	0.07	1.733	0.07	0.0419037	0.0194003	1.04463e-05	0.772766	0.355117	0.0549066	0.0999374	0.0382996	0.00376099	0.00404766	0.00288651	0.000782421	1.94825	0.155484	0.963779	0.0195886	0.584681	2.23529	0.791899	2.04498	0.414732	1.962	0.0317843	0.139329	0.352621	0.255796	0.0893842	0.465103	13948.0	4.0	51582.1	-398792.0	7.0	3439.54	1.0	5871.04	573.731	2339.84	275.848	0.284969	0.0204898	1.10244	0.0294596	
0.0-2.4	8.0-10.0	0.0-100.0	0.393-0.785	0.016	0.105	3484.0	3449.0	2206.31	85.9494	1243.42	68.1998	-0.676027	0.183389	-0.05	0.0	0.452009	0.0	3.09193	0.0	0.0566248	0.0	0.0236542	0.0	0.03	0.0	1.492	0.04	1.733	0.07	1.733	0.07	0.0419037	0.0	4.92988e-05	0.000250796	0.373594	0.0777746	0.0871788	0.0543777	0.00869349	0.0183421	0.00446515	0.00156051	2.08798	0.303036	1.0045	0.0408196	0.552838	1.10346	0.776132	4.04431	0.209655	2.75661	0.0337237	0.130567	0.384374	0.213343	0.0382747	0.281409	-5817.0	4.0	2391.56	-77230.0	3.0	112.572	1.0	1525.66	91.4568	680.649	74.3978	0.308501	0.0315061	1.14067	0.0494815	
0.0-2.4	8.0-10.0	0.0-100.0	0.785-1.178	0.008	0.145	3167.0	3167.0	1999.21	103.711	1168.57	77.7876	-0.217932	0.28985	-0.05	0.0	0.452009	0.0	3.09193	0.0	0.0566248	0.0	0.0236542	0.0	0.03	0.0	1.492	0.04	1.733	0.07	1.733	0.07	0.0419037	0.0	6.83076e-05	0.000188408	0.763012	0.798551	0.0494462	0.0365968	0.00997806	0.0194271	0.00145405	0.00186951	2.17557	0.39497	1.02955	0.0476319	0.829134	0.00831445	1.0	118.113	0.636637	0.00355979	0.0947042	0.00170371	0.210578	0.00215357	0.0959437	640.767	26957.6	4.0	18557.2	-143507.0	3.0	37.316	1.0	1388.79	151.837	610.416	137.357	0.305329	0.0668549	1.11427	0.0413598	
0.0-2.4	8.0-10.0	0.0-100.0	1.178-1.571	0.008	0.128	2891.0	2889.0	1817.9	70.511	1072.05	60.7063	-0.517731	0.198844	-0.05	0.0	0.452009	0.0	3.09193	0.0	0.0566248	0.0	0.0236542	0.0	0.03	0.0	1.492	0.04	1.733	0.07	1.733	0.07	0.0419037	0.0	1.54046e-05	0.000145821	0.214125	0.0258701	0.681636	0.163444	-0.00101435	0.00214303	0.00221988	0.00222364	1.35029	0.0690844	0.600001	0.148398	0.937857	2.48669	0.572093	2.48386	0.484143	0.594925	0.0524597	0.0893568	0.535116	0.578076	0.0589313	0.0645663	-7914.19	4.0	150.296	-51952.6	3.0	92.0227	1.0	1308.39	69.6577	509.515	51.6463	0.280276	0.0262477	1.16509	0.0593825	
0.0-2.4	8.0-10.0	10.0-60.0	0.000-0.393	0.008	0.145	2227.0	2226.0	1435.5	59.7451	790.668	46.2271	-0.145542	0.198188	-0.05	0.0	0.452009	0.0	3.09193	0.0	0.0566248	0.0	0.0243017	0.0	0.03	0.0	1.492	0.04	1.733	0.07	1.733	0.07	0.0421062	0.0	1.40048e-05	1.03758	0.228869	0.0341393	0.0999374	0.0	0.00376099	0.0	0.00118739	0.00142588	1.94825	0.0	0.877782	0.0357754	0.569949	0.069411	0.999997	61.4483	0.316698	0.11845	0.0426159	0.00822341	0.161305	0.0258503	0.0200003	288.274	-7914.9	4.0	178.689	-35369.2	3.0	3.47168	1.0	1057.38	61.2649	378.119	45.4352	0.263406	0.0296919	1.03577	0.0136442	
0.0-2.4	8.0-10.0	10.0-60.0	0.000-1.571	0.008	0.145	7921.0	7920.0	5252.55	1223.14	2667.34	978.648	-0.515445	8.00346	-0.05	0.0	0.452009	0.0	3.09193	0.0	0.0566248	0.0	0.0243017	0.00195048	0.03	0.0	1.492	0.04	1.733	0.07	1.733	0.07	0.0421062	0.000308444	1.82514e-05	0.000157912	0.337249	0.0714918	0.0999374	0.0	0.00376099	0.0	0.00194463	0.00100679	1.94825	0.0	0.899097	0.0254384	0.635398	1.38608	0.606827	1.41816	0.215121	0.429637	0.040748	0.0386495	0.352598	0.12954	0.046433	0.0291005	20906.0	4.0	115256.0	-239714.0	4.0	306360000.0	1.0	3785.15	893.617	1467.4	372.008	0.27937	0.0279967	1.0521	0.00978322	
0.0-2.4	8.0-10.0	10.0-60.0	0.393-0.785	0.008	0.12	2119.0	2116.0	1387.6	64.2426	728.789	50.8798	-0.748848	0.234285	-0.05	0.0	0.452009	0.0	3.09193	0.0	0.0566248	0.0	0.0243017	0.0	0.03	0.0	1.492	0.04	1.733	0.07	1.733	0.07	0.0421062	0.0	1.00002e-05	8.80711e-05	0.326203	0.0848988	0.0999374	0.0	0.00376099	0.0	0.00164892	0.0018457	1.94825	0.0	0.95645	0.054655	0.75068	0.831967	0.598053	1.62353	0.193419	1.21121	0.0432443	0.0423533	0.424353	0.257372	0.037997	0.0381848	-4188.26	4.0	1251.13	-40137.3	3.0	115.246	1.0	989.265	70.8025	398.336	57.0562	0.287068	0.0389114	1.09668	0.0214514	
0.0-2.4	8.0-10.0	10.0-60.0	0.785-1.178	0.008	0.112	1882.0	1878.0	1264.72	86.8078	613.383	54.4318	-0.611262	0.457941	-0.05	0.0	0.452009	0.0	3.09193	0.0	0.0566248	0.0	0.0243017	0.0	0.03	0.0	1.492	0.04	1.733	0.07	1.733	0.07	0.0421062	0.0	1.4617e-05	0.013384	0.74826	1.01244	0.0999374	0.0	0.00376099	0.0	0.00205492	0.00256068	1.94825	0.0	0.955038	0.0641012	0.971379	7.9694	0.610537	2.29482	0.586215	2.42537	0.00100579	5.77078	0.224116	0.0621432	0.0584597	0.0454066	24579.3	4.0	15612.8	-96336.5	3.0	82.8909	1.0	846.794	130.242	417.926	120.031	0.330449	0.0921574	1.09557	0.0251472	
0.0-2.4	8.0-10.0	10.0-60.0	1.178-1.571	0.008	0.12	1692.0	1691.0	1169.36	55.5754	521.826	43.6068	-0.595889	0.303908	-0.05	0.0	0.452009	0.0	3.09193	0.0	0.0566248	0.0	0.0243017	0.0	0.03	0.0	1.492	0.04	1.733	0.07	1.733	0.07	0.0421062	0.0	4.81487e-05	1.07517	0.224345	0.0336132	0.0999374	0.0	0.00376099	0.0	-0.00103444	0.00175358	1.94825	0.0	0.871137	0.0451046	0.860677	1.2762	0.461795	1.01166	0.164505	0.248151	0.0513106	0.0532586	0.601918	0.748525	0.0589709	0.0350866	-4393.42	4.0	122.368	-28298.0	3.0	154.176	1.0	822.466	56.3726	346.897	43.8378	0.296655	0.0347364	1.03071	0.0171559	
1.2-1.6	6.5-30.0	0.0-100.0	0.000-0.393	0.008	0.136	3110.0	3107.0	1646.87	72.9417	1460.86	69.6672	-0.0981634	0.158907	-0.05	0.0	0.145091	0.0	3.09052	0.0	0.117065	0.0	0.0364804	0.0	0.03	0.0	1.492	0.04	1.733	0.07	1.733	0.07	0.0559114	0.0	8.70362e-05	0.000270698	0.276158	0.0550534	0.130197	0.0694199	0.00814269	0.0161506	0.00247278	0.00150006	1.98675	0.266132	0.88884	0.0372265	0.47169	2.99254	0.445881	10.1087	0.00216558	53.179	0.0171457	0.395942	0.214797	0.630734	0.0476436	0.881674	-8742.31	4.0	553.803	-56937.6	3.0	0.278304	1.0	1237.41	77.6813	409.46	57.9617	0.248629	0.0334279	1.09594	0.0604845	
1.2-1.6	6.5-30.0	0.0-100.0	0.000-1.571	0.008	0.136	11433.0	11421.0	6155.23	498.376	5265.62	506.858	-0.293068	0.117853	-0.05	0.0	0.145091	0.061053	3.09052	0.000990979	0.117065	0.123486	0.0364804	0.0032042	0.03	0.0	1.492	0.04	1.733	0.07	1.733	0.07	0.0559113	0.0187779	1.03021e-05	0.137313	0.284316	0.0302905	0.0999774	0.0369937	0.00921681	0.0152857	0.00364288	0.000798367	2.02628	0.173102	0.953321	0.0200353	0.509217	52.5409	0.587642	26.8033	0.368945	34.5759	0.0257463	1.06931	0.385594	1.12522	0.0866449	0.903947	-16650.6	4.0	3850.48	-274573.0	7.0	924.595	1.0	4508.82	381.624	1646.41	173.585	0.267481	0.0180627	1.10835	0.0319694	
1.2-1.6	6.5-30.0	0.0-100.0	0.393-0.785	0.008	0.128	3104.0	3100.0	1574.97	73.5705	1525.74	74.556	-0.437108	0.159192	-0.05	0.0	0.145091	0.0	3.09052	0.0	0.117065	0.0	0.0364804	0.0	0.03	0.0	1.492	0.04	1.733	0.07	1.733	0.07	0.0559114	0.0	1.40773e-05	0.000247178	0.274734	0.0468375	0.0978918	0.063768	0.00830884	0.017385	0.00368206	0.00155707	2.07462	0.34261	1.00323	0.0393612	0.541915	2.01452	0.818732	0.994204	0.513998	1.43257	0.0401387	0.130243	0.312917	0.271227	0.19999	0.546743	-6831.54	4.0	425.736	-58938.4	3.0	78.9076	1.0	1130.09	75.2624	444.885	57.5293	0.282471	0.0340607	1.15294	0.0568176	
1.2-1.6	6.5-30.0	0.0-100.0	1.178-1.571	0.008	0.12	2512.0	2499.0	1425.06	73.6788	1074.89	78.0947	-0.544205	0.213665	-0.05	0.0	0.145091	0.0	3.09052	0.0	0.117065	0.0	0.0364804	0.0	0.03	0.0	1.492	0.04	1.733	0.07	1.733	0.07	0.0559114	0.0	3.21269e-05	0.000513866	0.256209	0.0400635	0.429426	0.219667	0.00289074	0.00368548	0.00380949	0.00214194	1.45696	0.14329	0.768508	0.0603497	0.748095	0.916838	0.558011	1.34064	0.368698	1.08405	0.0818721	0.0761028	0.689319	0.997393	0.0536706	0.1577	-1169.42	4.0	280.706	-55101.3	3.0	2528.5	1.0	1002.08	69.3107	422.976	50.97	0.296813	0.0323075	1.11738	0.0861379	
1.2-1.6	6.5-30.0	10.0-60.0	0.000-0.393	0.008	0.12	1947.0	1945.0	1108.48	57.9316	836.605	51.4553	-0.112201	0.207171	-0.05	0.0	0.145091	0.0	3.09052	0.0	0.117065	0.0	0.0367585	0.0	0.03	0.0	1.492	0.04	1.733	0.07	1.733	0.07	0.0560669	0.0	9.39567e-05	0.000265483	0.297391	0.0770086	0.0999774	0.0	0.00921681	0.0	0.00316831	0.00183594	2.02628	0.0	1.0299	0.0436991	0.31833	149.588	0.875261	55.6588	0.1597	269.806	0.00995043	3.86413	0.216629	0.517251	0.118305	7.04971	-5177.78	4.0	486.474	-32334.3	3.0	4.90015	1.0	836.449	62.2825	272.032	46.5861	0.24541	0.0400221	1.16839	0.0173341	
1.2-1.6	6.5-30.0	10.0-60.0	0.000-1.571	0.008	0.128	6591.0	6583.0	3958.07	109.958	2625.71	97.255	-0.479394	0.119107	-0.05	0.0	0.145091	0.0	3.09052	0.0	0.117065	0.0	0.0367585	0.00111539	0.03	0.0	1.492	0.04	1.733	0.07	1.733	0.07	0.0560669	0.000312586	1.05393e-05	0.000462059	0.256564	0.0278299	0.0999774	0.0	0.00921681	0.0	0.00115284	0.000971334	2.02628	0.0	0.99459	0.0242578	0.977439	125.413	0.471132	14.1489	0.520383	12.7943	0.00105293	16.8329	0.346211	0.105827	0.0780977	0.0373256	-16484.7	4.0	940.311	-127154.0	4.0	51.8038	1.0	2922.23	114.251	1035.84	85.3864	0.261703	0.0203107	1.14053	0.00951949	
1.2-1.6	6.5-30.0	10.0-60.0	0.393-0.785	0.008	0.112	1752.0	1742.0	979.112	54.7087	763.51	53.0518	-0.667573	0.23106	-0.05	0.0	0.145091	0.0	3.09052	0.0	0.117065	0.0	0.0367585	0.0	0.03	0.0	1.492	0.04	1.733	0.07	1.733	0.07	0.0560669	0.0	2.07034e-05	0.000129572	0.218978	0.0409154	0.0999774	0.0	0.00921681	0.0	0.00322677	0.00210964	2.02628	0.0	1.06588	0.0507274	0.542871	33.975	0.819903	10.0252	0.552206	22.8428	0.0354147	1.632	0.500188	1.84036	0.138287	1.61666	-3530.8	4.0	156.482	-28855.7	3.0	123.058	1.0	698.833	56.9541	280.279	44.3204	0.286258	0.0423458	1.19708	0.020326	
1.2-1.6	6.5-30.0	10.0-60.0	0.785-1.178	0.008	0.128	1476.0	1474.0	924.611	49.5492	549.78	41.8129	-0.746093	0.256748	-0.05	0.0	0.145091	0.0	3.09052	0.0	0.117065	0.0	0.0367585	0.0	0.03	0.0	1.492	0.04	1.733	0.07	1.733	0.07	0.0560669	0.0	2.57361e-05	0.000145696	0.207007	0.0354545	0.0999774	0.0	0.00921681	0.0	0.000597588	0.00178485	2.02628	0.0	0.921702	0.0473244	0.616919	1.11895	0.999997	83.2598	0.459969	3.55397	0.0592553	0.1701	0.210353	0.240733	0.0217433	290.47	-4913.02	4.0	24.7529	-21774.8	3.0	12.5101	1.0	715.278	50.6674	209.333	34.9821	0.226401	0.0358363	1.08401	0.0181077	
1.2-1.6	6.5-30.0	10.0-60.0	1.178-1.571	0.008	0.105	1414.0	1398.0	942.45	52.3083	455.906	40.7704	-0.57555	0.297442	-0.05	0.0	0.145091	0.0	3.09052	0.0	0.117065	0.0	0.0367585	0.0	0.03	0.0	1.492	0.04	1.733	0.07	1.733	0.07	0.0560669	0.0	3.08551e-05	0.00051849	0.28619	0.0582481	0.0999774	0.0	0.00921681	0.0	0.00363024	0.00205014	2.02628	0.0	0.967406	0.0519902	0.606704	0.513896	0.901968	23.4396	0.382311	7.25107	0.0780205	0.125052	0.359392	0.368132	0.0200009	2.45981	-3602.35	4.0	247.059	-22732.5	3.0	3.14251	1.0	669.787	52.813	272.663	40.4508	0.289313	0.039804	1.11928	0.0202215	
1.2-2.4	6.5-30.0	0.0-100.0	0.000-0.393	0.008	0.152	7745.0	7729.0	3809.74	116.525	3919.81	117.468	-0.286629	0.100308	-0.05	0.0	0.223125	0.0	3.08991	0.0	0.09615	0.0	0.0386452	0.0	0.03	0.0	1.492	0.04	1.733	0.07	1.733	0.07	0.0567713	0.0	3.42723e-05	0.000135506	0.260308	0.0325484	0.147506	0.0525668	0.00656579	0.00470592	0.00231738	0.0010022	1.94036	0.171727	0.938277	0.0223516	0.386015	10.0716	0.734358	5.56575	0.318328	14.1197	0.0010027	3.00331	0.216848	0.084767	0.0812722	0.0661989	-21081.1	4.0	771.253	-165793.0	3.0	0.680379	1.0	2908.25	123.206	901.488	89.5965	0.236628	0.0223764	1.14274	0.0403009	
1.2-2.4	6.5-30.0	0.0-100.0	0.000-1.571	0.008	0.128	27625.0	27471.0	14526.8	522.334	12944.8	525.23	-0.411297	0.0666122	-0.05	0.0	0.223125	0.108481	3.08991	0.000749568	0.09615	0.0424317	0.0386452	0.0030839	0.03	0.0	1.492	0.04	1.733	0.07	1.733	0.07	0.0567713	0.00805867	1.38621e-05	0.000134836	0.271583	0.0182195	0.186805	0.0404235	0.00562667	0.0022307	0.00309476	0.00057154	1.79346	0.0844886	0.941493	0.0133952	0.709847	3.98811	0.588242	1.53656	0.543025	1.4373	0.0299047	0.24164	0.30365	0.0821042	0.0983013	0.0712438	-62742.7	4.0	4729.08	-713552.0	7.0	401.702	1.0	11010.5	430.145	3516.29	210.411	0.242055	0.0115778	1.14964	0.02431	
1.2-2.4	6.5-30.0	0.0-100.0	0.393-0.785	0.008	0.145	7220.0	7199.0	3656.21	116.826	3543.24	118.806	-0.563579	0.112981	-0.05	0.0	0.223125	0.0	3.08991	0.0	0.09615	0.0	0.0386452	0.0	0.03	0.0	1.492	0.04	1.733	0.07	1.733	0.07	0.0567713	0.0	2.65486e-05	7.2402e-05	0.283368	0.0385342	0.215726	0.105061	0.00712779	0.00410469	0.00413877	0.00124711	1.7141	0.172696	0.993424	0.0290078	0.65404	0.751548	0.789153	0.350978	0.558002	0.425153	0.0477689	0.0782557	0.235497	0.0736217	0.43279	0.598373	-14292.7	4.0	1075.8	-162731.0	3.0	64.6644	1.0	2758.31	123.144	897.905	90.663	0.245583	0.0235226	1.18652	0.051774	
1.2-2.4	6.5-30.0	0.0-100.0	0.785-1.178	0.008	0.152	6521.0	6518.0	3559.92	113.883	2958.6	107.187	-0.308912	0.122481	-0.05	0.0	0.223125	0.0	3.08991	0.0	0.09615	0.0	0.0386452	0.0	0.03	0.0	1.492	0.04	1.733	0.07	1.733	0.07	0.0567713	0.0	1.03152e-05	0.00396442	0.311577	0.0613081	0.127095	0.057169	0.00999999	0.014517	0.00127362	0.00115536	1.93778	0.197975	0.972761	0.0283509	0.995313	159.605	0.378985	8.05228	0.46053	6.84939	0.00101492	22.6025	0.255476	0.059336	0.0644436	0.0260928	-14234.9	4.0	3199.46	-148721.0	3.0	15.5539	1.0	2783.54	129.441	776.374	97.1727	0.218088	0.0263897	1.1416	0.0424703	
1.2-2.4	6.5-30.0	0.0-100.0	1.178-1.571	0.008	0.152	6138.0	6135.0	3489.51	113.692	2645.63	112.803	-0.523208	0.13061	-0.05	0.0	0.223125	0.0	3.08991	0.0	0.09615	0.0	0.0386452	0.0	0.03	0.0	1.492	0.04	1.733	0.07	1.733	0.07	0.0567713	0.0	3.88875e-05	0.000353399	0.246378	0.0251787	0.376887	0.131541	0.000173054	0.00284995	0.00287046	0.00128627	1.54336	0.106566	0.750354	0.0320664	0.829691	1.56908	0.486377	1.29489	0.448426	1.90649	0.0899717	0.174025	0.487982	0.586344	0.0566216	0.367064	-10975.7	4.0	376.861	-142934.0	3.0	1666.35	1.0	2551.09	110.702	938.417	79.2549	0.268925	0.0209542	1.11739	0.0606633	
1.2-2.4	6.5-30.0	10.0-60.0	0.000-0.393	0.008	0.152	4701.0	4699.0	2549.05	90.4003	2150.45	84.154	-0.365929	0.130825	-0.05	0.0	0.223125	0.0	3.08991	0.0	0.09615	0.0	0.0387528	0.0	0.03	0.0	1.492	0.04	1.733	0.07	1.733	0.07	0.0568282	0.0	3.42723e-05	0.000135506	0.266267	0.0419336	0.186805	0.0	0.00562667	0.0	0.00218586	0.00117622	1.79346	0.0	0.864496	0.0257567	0.708747	1.9445	0.779229	0.885202	0.567083	0.920288	0.0264874	0.0881039	0.188594	0.0683967	0.115731	0.166227	-14730.5	4.0	579.229	-89188.1	3.0	4.22855	1.0	1969.75	96.0666	579.301	69.0728	0.227262	0.0258711	1.09936	0.00823525	
1.2-2.4	6.5-30.0	10.0-60.0	0.000-1.571	0.008	0.16	16104.0	16101.0	9353.6	174.842	6747.36	158.21	-0.519764	0.0768205	-0.05	0.0	0.223125	0.0	3.08991	0.0	0.09615	0.0	0.0387528	0.00085501	0.03	0.0	1.492	0.04	1.733	0.07	1.733	0.07	0.0568282	0.000226481	1.04253e-05	6.6059e-05	0.243122	0.0165773	0.186805	0.0	0.00562667	0.0	0.00322401	0.000688104	1.79346	0.0	0.916944	0.0160992	0.586488	0.147406	0.895714	0.119386	0.53998	0.138326	0.0406871	0.0179337	0.233999	0.0353228	0.389565	0.428656	-45064.8	4.0	1332.6	-358466.0	4.0	29.5893	1.0	7014.25	179.783	2339.35	130.55	0.250102	0.0131509	1.13339	0.0052958	
1.2-2.4	6.5-30.0	10.0-60.0	0.393-0.785	0.008	0.145	4143.0	4142.0	2343.83	87.4962	1798.18	83.7292	-0.597206	0.158062	-0.05	0.0	0.223125	0.0	3.08991	0.0	0.09615	0.0	0.0387528	0.0	0.03	0.0	1.492	0.04	1.733	0.07	1.733	0.07	0.0568282	0.0	2.65486e-05	7.2402e-05	0.212449	0.0286327	0.186805	0.0	0.00562667	0.0	0.00458187	0.0015525	1.79346	0.0	1.01433	0.0358209	0.521553	0.608918	0.803315	0.339769	0.52603	0.544929	0.0318873	0.0434817	0.279121	0.123738	0.694149	1.40918	-8628.91	4.0	339.544	-81562.2	3.0	115.738	1.0	1750.84	92.8776	592.993	69.6017	0.253002	0.0281538	1.19897	0.0123217	
1.2-2.4	6.5-30.0	10.0-60.0	0.785-1.178	0.008	0.152	3702.0	3699.0	2220.23	81.5835	1479.64	70.8744	-0.549862	0.159127	-0.05	0.0	0.223125	0.0	3.08991	0.0	0.09615	0.0	0.0387528	0.0	0.03	0.0	1.492	0.04	1.733	0.07	1.733	0.07	0.0568282	0.0	1.03152e-05	0.00396442	0.224466	0.0258411	0.186805	0.0	0.00562667	0.0	0.000904505	0.00141026	1.79346	0.0	0.911646	0.0340306	0.745719	0.228932	0.59756	1.21421	0.357159	1.12324	0.0921135	0.0616824	0.206198	0.0592163	0.0299102	0.0522413	-12301.8	4.0	84.061	-66842.8	3.0	3.45845	1.0	1684.14	82.9323	536.094	58.6186	0.241459	0.0248666	1.12991	0.0111639	
1.2-2.4	6.5-30.0	10.0-60.0	1.178-1.571	0.008	0.152	3556.0	3555.0	2248.41	83.7116	1306.93	68.7358	-0.631979	0.174324	-0.05	0.0	0.223125	0.0	3.08991	0.0	0.09615	0.0	0.0387528	0.0	0.03	0.0	1.492	0.04	1.733	0.07	1.733	0.07	0.0568282	0.0	3.88875e-05	0.000353399	0.267498	0.0341623	0.186805	0.0	0.00562667	0.0	0.00131712	0.00139248	1.79346	0.0	0.782005	0.0376325	0.999881	100.774	0.270281	16.1908	0.0632168	21.9032	0.00102061	179.622	0.311306	3.78232	0.0348968	0.381058	-10409.1	4.0	358.523	-67320.9	3.0	0.204871	1.0	1597.28	85.51	651.129	66.0536	0.289595	0.0273278	1.04793	0.0114184	
1.6-2.4	3.0-6.5	0.0-100.0	0.000-0.393	0.016	0.232	44000.0	43992.0	7375.09	362.181	36617.9	593.267	-0.00349522	0.049224	-0.05	0.0	0.0438502	0.0	3.09048	0.0	0.0155498	0.0	0.053179	0.0	0.03	0.0	1.86	0.19	1.38	0.32	1.38	0.32	0.0521018	0.0	0.000149401	0.0117133	0.290163	0.0660687	0.473976	0.263955	-0.00707842	0.0107562	0.00959325	0.00188409	1.54049	0.193925	0.798808	0.0194667	1.0	2298.4	0.751102	0.209548	0.693506	1.20527	0.00107414	499653.0	0.120956	0.660356	1.21136	1.61507	-27497.9	4.0	3257.37	-2973280.0	3.0	7790.19	1.0	6318.98	403.8	1056.11	263.529	0.143199	0.0350335	1.20849	0.111441	
1.6-2.4	3.0-6.5	0.0-100.0	0.000-1.571	0.016	0.264	162872.0	162864.0	26978.3	785.28	135886.0	1193.94	0.0515861	0.0269162	-0.05	0.0	0.0438502	0.0563992	3.09048	0.00122105	0.0155498	0.00744924	0.053179	0.00338901	0.03	0.0	1.86	0.19	1.38	0.32	1.38	0.32	0.0521018	0.00165441	1.10324e-05	0.0465138	0.295697	0.0371588	0.306676	0.207312	-0.00606766	0.0158233	0.00962437	0.00109217	1.65447	0.204252	0.918581	0.00913889	0.999983	10375.9	0.768749	7.41816	0.741871	35.2709	0.0013315	581102.0	0.12692	21.2074	0.938351	28.0625	-250699.0	4.0	37306.9	-12201300.0	7.0	7822.71	1.0	22575.3	859.319	4402.96	568.373	0.163204	0.0205253	1.19351	0.0930143	
1.6-2.4	3.0-6.5	0.0-100.0	0.393-0.785	0.016	0.264	41527.0	41521.0	6579.47	322.716	34942.4	533.042	-0.0244225	0.0538586	-0.05	0.0	0.0438502	0.0	3.09048	0.0	0.0155498	0.0	0.053179	0.0	0.03	0.0	1.86	0.19	1.38	0.32	1.38	0.32	0.0521018	0.0	0.000104776	0.00436801	0.305667	0.0729087	0.434071	0.259887	-0.00999985	0.0153683	0.01	0.0024711	1.61272	0.231443	0.805064	0.0191272	1.0	0.324958	0.829315	0.000317535	0.733538	0.000220738	0.00162195	96.9782	0.143636	0.000108168	0.410418	0.000984427	-150089.0	4.0	5645.02	-2508710.0	3.0	1189.86	1.0	5401.18	381.534	1178.29	280.579	0.179086	0.0417301	1.22301	0.123133	
1.6-2.4	3.0-6.5	0.0-100.0	0.785-1.178	0.016	0.24	39383.0	39380.0	6409.2	342.688	32971.1	568.71	0.0319514	0.0543347	-0.05	0.0	0.0438502	0.0	3.09048	0.0	0.0155498	0.0	0.053179	0.0	0.03	0.0	1.86	0.19	1.38	0.32	1.38	0.32	0.0521018	0.0	2.10511e-05	0.000549047	0.254144	0.0694997	0.0818643	0.0702753	-0.01	0.0192987	0.00854179	0.00131611	2.29979	0.540786	1.01262	0.0167082	0.772247	1.20785	0.84841	0.366009	0.627717	0.985906	0.0506433	0.186896	0.10002	0.123288	1.63175	10.0276	-8644.33	4.0	26061.9	-2706700.0	3.0	4158.89	1.0	5330.14	413.753	1079.06	305.45	0.168361	0.0468001	1.17237	0.077536	
1.6-2.4	3.0-6.5	0.0-100.0	1.178-1.571	0.016	0.24	37960.0	37957.0	6611.88	327.333	31345.1	533.665	0.221814	0.058783	-0.05	0.0	0.0438502	0.0	3.09048	0.0	0.0155498	0.0	0.053179	0.0	0.03	0.0	1.86	0.19	1.38	0.32	1.38	0.32	0.0521018	0.0	3.20725e-05	0.0130815	0.348846	0.108546	0.862746	0.0705318	0.0058369	0.00486993	0.01	0.00745738	1.3149	0.0586406	0.6	0.0445514	0.999999	2969620.0	0.737887	34870.8	0.786644	41317.2	0.00159055	3611970.0	0.136637	38343.7	0.869402	62904.9	-77565.7	4.0	22754.8	-2493710.0	3.0	1097.05	1.0	5591.72	380.414	1020.16	265.766	0.154292	0.0394627	1.24139	0.0331389	
1.6-2.4	3.0-6.5	10.0-60.0	0.000-0.393	0.016	0.209	23775.0	23746.0	5006.83	262.744	18739.6	406.368	-0.0317735	0.0683098	-0.05	0.0	0.0438502	0.0	3.09048	0.0	0.0155498	0.0	0.0534174	0.0	0.03	0.0	1.86	0.19	1.38	0.32	1.38	0.32	0.0523345	0.0	0.000129268	0.000932346	0.263038	0.0542864	0.306676	0.0	-0.00606766	0.0	0.00713352	0.00168402	1.65447	0.0	0.896033	0.0219448	0.999999	3.00292	0.76202	0.00207659	0.707561	0.00174694	0.00170307	95.297	0.105358	0.000621603	1.52388	0.121764	-46502.9	4.0	527.12	-1374760.0	3.0	2399.8	1.0	4324.16	276.865	682.673	162.62	0.136348	0.0316818	1.18157	0.00576902	
1.6-2.4	3.0-6.5	10.0-60.0	0.000-1.571	0.016	0.209	84588.0	84540.0	17180.7	550.259	67359.8	795.762	0.0482697	0.036942	-0.05	0.0	0.0438502	0.0	3.09048	0.0	0.0155498	0.0	0.0534174	0.0018385	0.03	0.0	1.86	0.19	1.38	0.32	1.38	0.32	0.0523345	0.000897127	2.44459e-05	0.000226863	0.285674	0.0347161	0.306676	0.0	-0.00606766	0.0	0.00826815	0.000946074	1.65447	0.0	0.893579	0.0118672	0.945082	1.27384	0.837842	0.587013	0.720573	0.624974	0.0646193	0.553074	0.112965	0.132784	0.859637	4.47563	-275065.0	4.0	5599.95	-5361290.0	4.0	1753.86	1.0	14338.8	576.709	2841.94	360.524	0.165414	0.0203044	1.18028	0.00311459	
1.6-2.4	3.0-6.5	10.0-60.0	0.393-0.785	0.016	0.209	21901.0	21885.0	4142.88	232.015	17742.2	366.979	-0.0245592	0.0729806	-0.05	0.0	0.0438502	0.0	3.09048	0.0	0.0155498	0.0	0.0534174	0.0	0.03	0.0	1.86	0.19	1.38	0.32	1.38	0.32	0.0523345	0.0	0.000185134	0.00079819	0.326026	0.0942695	0.306676	0.0	-0.00606766	0.0	0.00895576	0.0025835	1.65447	0.0	0.875576	0.0240507	0.997029	13.4583	0.779072	0.272019	0.725596	0.31496	0.00136143	24.1109	0.122485	0.0175949	0.235526	0.093776	-89666.0	4.0	4334.13	-1151320.0	3.0	601.531	1.0	3209.8	290.765	933.084	234.438	0.225226	0.0551646	1.17089	0.00623464	
1.6-2.4	3.0-6.5	10.0-60.0	0.785-1.178	0.016	0.2	19977.0	19977.0	3952.93	233.794	16024.7	365.116	0.0535992	0.0737208	-0.05	0.0	0.0438502	0.0	3.09048	0.0	0.0155498	0.0	0.0534174	0.0	0.03	0.0	1.86	0.19	1.38	0.32	1.38	0.32	0.0523345	0.0	3.10689e-05	0.000375227	0.226598	0.0444329	0.306676	0.0	-0.00606766	0.0	0.00748351	0.00159264	1.65447	0.0	0.834173	0.0244315	0.362423	109.232	0.947088	22.1666	5.62658e-06	756.059	0.00642455	3.43871	0.0819569	6.93212	0.739158	3.39003	-62196.7	4.0	214.61	-1110520.0	3.0	645.387	1.0	3259.0	248.797	693.921	162.577	0.175546	0.0397961	1.14974	0.00614487	
1.6-2.4	3.0-6.5	10.0-60.0	1.178-1.571	0.016	0.2	18934.0	18931.0	4083.04	228.166	14848.1	344.669	0.230145	0.0831987	-0.05	0.0	0.0438502	0.0	3.09048	0.0	0.0155498	0.0	0.0534174	0.0	0.03	0.0	1.86	0.19	1.38	0.32	1.38	0.32	0.0523345	0.0	1.12763e-05	0.178932	0.361089	0.121573	0.306676	0.0	-0.00606766	0.0	0.00852239	0.00191276	1.65447	0.0	0.939061	0.0250331	0.999661	17.8911	0.877467	0.558137	0.787491	1.18724	0.0011183	21.87	0.138207	0.266163	0.774826	1.6876	-87094.4	4.0	1434.68	-1019410.0	3.0	532.424	1.0	3533.21	253.153	549.829	161.392	0.134662	0.0388045	1.20451	0.00676555	
1.6-2.4	6.5-30.0	0.0-100.0	0.000-0.393	0.008	0.152	4634.0	4620.0	2171.45	91.2946	2449.18	94.724	-0.402874	0.129759	-0.05	0.0	0.275476	0.0	3.08949	0.0	0.0906539	0.0	0.040808	0.0	0.03	0.0	1.492	0.04	1.733	0.07	1.733	0.07	0.0589105	0.0	3.15307e-05	0.000173778	0.250025	0.038637	0.171695	0.085994	0.00507026	0.00583142	0.0036882	0.0013371	1.8838	0.229153	0.916516	0.0281958	0.977715	1.31209	0.572591	0.439869	0.6985	0.178052	0.00101497	6.70909	0.227748	0.0548366	0.103498	0.0336408	-12671.2	4.0	242.879	-95833.0	3.0	1.66879	1.0	1684.52	94.531	486.929	65.874	0.224242	0.0288343	1.1424	0.0611432	
1.6-2.4	6.5-30.0	0.0-100.0	0.000-1.571	0.008	0.152	16192.0	16155.0	8383.84	189.999	7771.68	192.904	-0.504087	0.0767752	-0.05	0.0	0.275476	0.0887717	3.08949	0.00111747	0.0906539	0.0100002	0.040808	0.00249826	0.03	0.0	1.492	0.04	1.733	0.07	1.733	0.07	0.0589105	0.00221038	1.37144e-05	0.000327844	0.256905	0.0209843	0.337019	0.0765519	0.00343684	0.00197833	0.00346262	0.000878319	1.60396	0.0792233	0.889959	0.0193229	0.737486	2.11464	0.858523	0.349376	0.648601	0.579502	0.0667953	0.408851	0.226856	0.132003	0.364141	0.755117	-43866.8	4.0	1048.03	-398387.0	7.0	56.2893	1.0	6527.22	190.721	1856.62	127.529	0.221452	0.0143596	1.17989	0.0344511	
1.6-2.4	6.5-30.0	0.0-100.0	0.393-0.785	0.008	0.145	4115.0	4097.0	2080.7	90.8991	2016.85	92.5753	-0.662581	0.156923	-0.05	0.0	0.275476	0.0	3.08949	0.0	0.0906539	0.0	0.040808	0.0	0.03	0.0	1.492	0.04	1.733	0.07	1.733	0.07	0.0589105	0.0	1.91191e-05	0.000301555	0.291269	0.0618554	0.653479	0.0874734	0.00512757	0.00198312	0.00401709	0.00309876	1.36098	0.0597214	0.80915	0.0692071	0.818262	1.17906	0.6878	0.547067	0.583047	0.423633	0.0481641	0.209233	0.19743	0.0650786	0.442995	0.596971	-7716.87	4.0	669.986	-90550.9	3.0	74.0608	1.0	1626.75	97.0912	453.945	69.0606	0.21817	0.0317932	1.19887	0.0321461	
1.6-2.4	6.5-30.0	0.0-100.0	0.785-1.178	0.008	0.145	3815.0	3812.0	2065.15	85.9991	1747.57	81.4565	-0.438917	0.153454	-0.05	0.0	0.275476	0.0	3.08949	0.0	0.0906539	0.0	0.040808	0.0	0.03	0.0	1.492	0.04	1.733	0.07	1.733	0.07	0.0589105	0.0	1.00081e-05	0.000130579	0.246209	0.0350293	0.283905	0.121121	0.00876046	0.0144238	0.000614388	0.00180407	1.63893	0.152102	0.916081	0.0426478	0.761104	0.710732	0.35704	2.16433	0.0972416	8.04466	0.0964341	0.130267	0.237068	0.0776251	0.0272193	0.167279	-12888.7	4.0	63.8204	-76393.7	3.0	1.78855	1.0	1656.8	87.2053	408.351	55.9798	0.197734	0.0258259	1.16771	0.0579272	
1.6-2.4	6.5-30.0	0.0-100.0	1.178-1.571	0.008	0.152	3626.0	3625.0	2069.83	86.392	1555.15	80.5647	-0.529098	0.16692	-0.05	0.0	0.275476	0.0	3.08949	0.0	0.0906539	0.0	0.040808	0.0	0.03	0.0	1.492	0.04	1.733	0.07	1.733	0.07	0.0589105	0.0	2.89134e-05	0.000256279	0.240112	0.0315815	0.350351	0.133684	-0.00427118	0.00495361	0.00257332	0.00165601	1.6055	0.129976	0.767586	0.0371523	0.999978	31.895	0.551771	3.29227	0.637401	2.7056	0.00190392	21.5667	0.32852	0.16566	0.0891842	0.0983178	-10933.0	4.0	125.472	-75357.1	3.0	96.5816	1.0	1551.22	85.7899	518.61	60.3028	0.250557	0.0271926	1.13395	0.0673836	
1.6-2.4	6.5-30.0	10.0-60.0	0.000-0.393	0.008	0.152	2753.0	2753.0	1444.68	69.6184	1308.69	66.6422	-0.532839	0.170487	-0.05	0.0	0.275476	0.0	3.08949	0.0	0.0906539	0.0	0.0407607	0.0	0.03	0.0	1.492	0.04	1.733	0.07	1.733	0.07	0.0588867	0.0	3.15307e-05	0.000173778	0.237894	0.041902	0.337019	0.0	0.00343684	0.0	0.00211851	0.00160427	1.60396	0.0	0.746967	0.0325203	0.964753	6.32006	0.712355	3.61135	0.709693	1.91464	0.00101221	17.0673	0.186498	0.313567	0.12686	0.847418	-9749.81	4.0	113.065	-49391.4	3.0	2.40129	1.0	1133.12	71.4006	311.56	48.3923	0.215661	0.031844	1.11219	0.00724016	
1.6-2.4	6.5-30.0	10.0-60.0	0.000-1.571	0.008	0.16	9512.0	9511.0	5410.18	136.583	4100.94	125.096	-0.556482	0.100691	-0.05	0.0	0.275476	0.0	3.08949	0.0	0.0906539	0.0	0.0407607	0.00127737	0.03	0.0	1.492	0.04	1.733	0.07	1.733	0.07	0.0588867	0.000320305	3.34301e-05	6.81326e-05	0.234698	0.0202937	0.337019	0.0	0.00343684	0.0	0.00350847	0.00101838	1.60396	0.0	0.805731	0.0226045	0.598176	0.267199	0.877833	0.143841	0.529486	0.249332	0.0295719	0.017678	0.186422	0.028499	0.435974	0.456652	-29162.2	4.0	450.849	-205330.0	4.0	23.2847	1.0	4103.72	139.503	1306.45	99.0748	0.241481	0.0172681	1.13906	0.00530042	
1.6-2.4	6.5-30.0	10.0-60.0	0.393-0.785	0.008	0.145	2390.0	2389.0	1360.46	68.2042	1028.58	64.7064	-0.561404	0.218337	-0.05	0.0	0.275476	0.0	3.08949	0.0	0.0906539	0.0	0.0407607	0.0	0.03	0.0	1.492	0.04	1.733	0.07	1.733	0.07	0.0588867	0.0	1.91191e-05	0.000301555	0.202159	0.0407855	0.337019	0.0	0.00343684	0.0	0.00374146	0.00237725	1.60396	0.0	0.954248	0.0531831	0.79795	0.134344	1.0	0.00606655	0.660962	0.12818	1.49971	40.0069	0.244778	0.0856593	0.700644	67.3298	-5601.12	4.0	199.932	-45376.0	3.0	134.732	1.0	1051.72	75.1568	308.739	55.7502	0.226938	0.039368	1.21274	0.0138719	
1.6-2.4	6.5-30.0	10.0-60.0	0.785-1.178	0.008	0.145	2226.0	2223.0	1301.06	65.1375	922.476	57.3479	-0.452422	0.20518	-0.05	0.0	0.275476	0.0	3.08949	0.0	0.0906539	0.0	0.0407607	0.0	0.03	0.0	1.492	0.04	1.733	0.07	1.733	0.07	0.0588867	0.0	1.00081e-05	0.000130579	0.23755	0.0360537	0.337019	0.0	0.00343684	0.0	0.0016468	0.00239824	1.60396	0.0	0.92523	0.0527812	0.999719	18.342	0.672752	0.463311	0.658234	0.417253	0.0011541	50.2518	0.200687	0.138447	0.136831	0.139804	-7447.39	4.0	57.0157	-39426.9	3.0	0.353813	1.0	970.147	65.696	330.914	47.2373	0.254342	0.0340005	1.19774	0.0135156	
1.6-2.4	6.5-30.0	10.0-60.0	1.178-1.571	0.008	0.152	2142.0	2141.0	1306.2	65.2714	834.988	55.0188	-0.688703	0.217494	-0.05	0.0	0.275476	0.0	3.08949	0.0	0.0906539	0.0	0.0407607	0.0	0.03	0.0	1.492	0.04	1.733	0.07	1.733	0.07	0.0588867	0.0	2.89134e-05	0.000256279	0.256866	0.0410945	0.337019	0.0	0.00343684	0.0	0.00159447	0.00192864	1.60396	0.0	0.64561	0.0518542	0.999979	5.0506	0.24192	0.0505958	1.30364e-08	0.207898	0.00101031	13.31	0.241942	0.0330368	0.023167	0.00331418	-7282.51	4.0	130.893	-38396.0	3.0	2.72301	1.0	935.129	65.8781	371.074	50.0019	0.284086	0.0355508	1.06929	0.0103784	
