weighted_prof
rap	pT	cent	dPhi	ctauErrMin	ctauErrMax	NoCutEntry	CutEntry	NSig	NSigErr	NBkg	NBkgErr	coefExp	coefExpErr	coefPol1	coefPol1Err	coeffGaus	coeffGausErr	meanSig1	meanSig1Err	sigmaSig1	sigmaSig1Err	sigmaSig2	sigmaSig2Err	sigmaSig3	sigmaSig3Err	alpha	alphaErr	enne	enneErr	enneW	enneWErr	sigWidth	sigWidthErr	Gmc	GmcErr	bTau	bTauErr	fracRes	fracResErr	meanResSigW	meanResSigWErr	meanResSigN	meanResSigNErr	sigmaResSigW	sigmaResSigWErr	sigmaResSigN	sigmaResSigNErr	fpm	fpmErr	fLiving	fLivingErr	fbkgCtTot	fbkgCtTotErr	lambdam	lambdamErr	lambdap	lambdapErr	lambdasym	lambdasymErr	NLL	nFitPar	EDM	NLLMass	nFitParMass	EDMMass	Prob	PROMPT	PROMPTErr	NON-PROMPT	NON-PROMPTErr	Bfraction	BfractionErr	Resolution	ResolutionErr	
0.0-0.4	6.5-30.0	0.0-100.0	0.000-1.571	0.008	0.105	8549.0	8536.0	7371.46	148.468	1165.52	76.7582	-1.04103	0.180977	-0.05	0.0	0.424496	0.143951	3.09369	0.000426013	0.0152209	0.00188686	0.0232174	0.000984836	0.03	0.0	1.696	0.05	5.0	0.0	1.718	0.07	0.0202131	0.000443735	1.68647e-05	3.60603e-05	0.367238	0.0119077	0.0412563	0.0187466	-0.00568417	0.00506639	0.000247425	0.00065862	1.9561	0.23217	0.975622	0.0195508	0.959776	0.0241464	0.904688	0.0389542	0.179869	0.0798902	0.345134	0.230835	0.353419	0.0227545	0.0711515	0.0901088	-56844.1	4.0	291.424	-197144.0	7.0	403.164	1.0	5341.35	128.08	2030.11	80.6405	0.275402	0.00942902	1.03462	0.0181559	
0.0-1.2	6.5-30.0	0.0-100.0	0.000-1.571	0.008	0.145	29888.0	29871.0	25810.8	259.37	4060.4	126.491	-1.06423	0.0968533	-0.05	0.0	0.379683	0.0407508	3.09371	0.000274142	0.0184147	0.00100268	0.0312191	0.000373747	0.03	0.0	1.696	0.05	5.0	0.0	1.718	0.07	0.0270801	0.000302949	3.35891e-05	7.03403e-08	0.367277	0.00709271	0.0363835	0.00953099	-0.00179413	0.00321886	0.000353047	0.000346875	2.02745	0.140729	0.989285	0.0103791	0.969585	0.027847	0.915495	0.036315	0.260889	0.0427255	0.0496293	0.0806745	0.412994	0.0175284	0.195761	0.0571805	-173616.0	4.0	455.237	-751127.0	7.0	429.477	1.0	18692.8	230.118	7118.03	150.95	0.275777	0.00515007	1.04529	0.00990067	
0.0-2.4	10.0-13.0	0.0-100.0	0.000-1.571	0.008	0.145	11970.0	11961.0	10197.9	152.439	1763.98	92.7784	-1.21555	0.133088	-0.05	0.0	0.449124	0.0877204	3.09341	0.000481816	0.0467392	0.00319162	0.023511	0.0016458	0.03	0.0	1.696	0.05	5.0	0.0	1.718	0.07	0.0358559	0.00139902	5.4086e-05	1.12806e-09	0.386379	0.0107383	0.0847722	0.0318272	0.00318917	0.00280993	0.00071395	0.00048341	1.61951	0.135984	0.949458	0.0150463	0.831694	0.926356	0.976432	0.0203868	0.134465	0.800994	0.0281839	0.0555222	0.397228	0.0227516	0.156378	0.0790533	-43782.5	4.0	8.41824	-200562.0	7.0	63.3609	1.0	7110.2	130.26	3087.66	88.3265	0.302776	0.00738469	1.02342	0.0174097	
0.0-2.4	10.0-30.0	0.0-100.0	0.000-1.571	0.008	0.145	18823.0	18812.0	15757.6	183.3	3055.57	111.054	-1.22489	0.0993401	-0.05	0.0	0.458108	0.0566478	3.09355	0.000375126	0.0457292	0.00226653	0.0230813	0.000872502	0.03	0.0	1.696	0.05	5.0	0.0	1.718	0.07	0.0353082	0.000930967	1.34171e-05	1.68501e-09	0.37387	0.00761395	0.061429	0.0187332	-0.00106161	0.00252365	0.000307619	0.000362808	1.76588	0.127349	0.973401	0.0120505	0.943753	0.0378802	0.962393	0.0155137	0.238687	0.026412	0.0253626	0.00873048	0.418595	0.0165926	0.170617	0.0527901	-63602.7	4.0	12.2012	-319639.0	7.0	96.4825	1.0	10252.3	152.886	5505.27	115.119	0.349372	0.00607084	1.03965	0.0129539	
0.0-2.4	11.0-13.0	0.0-100.0	0.000-1.571	0.008	0.145	6426.0	6423.0	5487.5	109.259	935.639	64.5918	-1.34219	0.186097	-0.05	0.0	0.341969	0.0863945	3.09366	0.000649794	0.0540173	0.00599089	0.0250622	0.00158491	0.03	0.0	1.696	0.05	5.0	0.0	1.718	0.07	0.0375651	0.00200598	1.95666e-05	9.68631e-08	0.394336	0.0142505	0.152755	0.0965681	0.00355134	0.00260494	0.00027812	0.000702284	1.43754	0.174684	0.959805	0.0228752	0.934016	0.128884	0.987186	0.0126107	0.226391	0.100991	0.0335609	0.0342572	0.389211	0.0262799	0.216099	0.136026	-22221.1	4.0	2.25225	-99461.7	7.0	47.5132	1.0	3679.19	92.2174	1808.31	66.5893	0.329532	0.010208	1.04698	0.0333459	
0.0-2.4	13.0-16.0	0.0-100.0	0.000-1.571	0.008	0.081	4042.0	4037.0	3280.96	78.6074	756.788	46.7167	-1.08175	0.192903	-0.05	0.0	0.598947	0.0831959	3.09358	0.000756122	0.0413838	0.00270259	0.0183208	0.00155461	0.03	0.0	1.696	0.05	5.0	0.0	1.718	0.07	0.0340644	0.00130452	2.62966e-05	2.93314e-11	0.37132	0.0154133	0.0297848	0.0145497	-0.01	0.0133005	-0.000389352	0.000762936	2.21078	0.332015	1.01574	0.0261548	0.990467	48.0002	0.942285	2.35244	0.285814	30.8861	0.00286789	45.6108	0.452786	0.0829622	0.222352	0.248464	-12593.8	4.0	2.90466	-55424.5	7.0	18.0091	1.0	2016.05	65.15	1264.91	53.1965	0.385529	0.0133254	1.07078	0.0205094	
0.0-2.4	13.0-30.0	0.0-100.0	0.000-1.571	0.008	0.081	6852.0	6846.0	5551.88	104.812	1294.51	65.6659	-1.24757	0.148924	-0.05	0.0	0.490324	0.0833146	3.09386	0.000601242	0.043643	0.00313299	0.0219047	0.00097679	0.03	0.0	1.696	0.05	5.0	0.0	1.718	0.07	0.0343289	0.00131384	1.00764e-05	1.42678e-08	0.362547	0.010921	0.0330329	0.0174075	-0.00922003	0.0132591	-0.000169364	0.000555415	2.0516	0.269494	1.00943	0.0202702	0.997396	91.5131	0.96125	2.02256	0.299877	35.4694	0.00121904	402.459	0.445625	0.0441534	0.237536	0.181656	-20048.0	4.0	1.10096	-98571.4	7.0	32.9498	1.0	3169.09	82.8352	2382.79	72.8409	0.429186	0.0103192	1.06034	0.0182383	
0.0-2.4	16.0-30.0	0.0-100.0	0.000-1.571	0.008	0.056	2809.0	2798.0	2295.58	63.7193	502.944	35.8289	-1.3548	0.242911	-0.05	0.0	0.15563	0.0870969	3.09376	0.00094578	0.0150326	0.00279126	0.036929	0.00274825	0.03	0.0	1.696	0.05	5.0	0.0	1.718	0.07	0.0344482	0.00124743	3.3375e-05	9.01575e-05	0.355272	0.0154584	0.109582	0.115936	-0.0012168	0.00405477	0.000140964	0.000859431	1.51989	0.290444	0.975789	0.034814	0.999999	7.65145	0.985402	0.000143901	0.308353	0.00226129	0.00100177	9.41877	0.435142	0.000477276	0.238291	0.00226603	-7520.28	4.0	0.93633	-35597.1	7.0	15.5481	1.0	1171.94	49.069	1123.63	48.1904	0.489477	0.0160031	1.04927	0.0463256	
0.0-2.4	6.5-30.0	0.0-100.0	0.000-1.571	0.004	0.224	66369.0	66347.0	56730.2	397.856	9617.91	219.738	-1.10319	0.0652692	-0.05	0.0	0.460707	0.036456	3.09242	0.000252817	0.0469468	0.000949627	0.0254221	0.00082748	0.03	0.0	1.696	0.05	5.0	0.0	1.718	0.07	0.0369315	0.000498689	1.258e-05	6.33362e-07	0.366323	0.00528127	0.0395513	0.00542533	-0.00065644	0.00248699	0.000505321	0.000246484	2.1898	0.0895116	0.961315	0.00666381	0.974532	0.0399832	0.861159	0.0766949	0.290796	0.0390195	0.0434695	0.0683293	0.424087	0.0168136	0.134051	0.0377053	-341410.0	4.0	448.373	-1744290.0	7.0	53.7709	1.0	42367.5	357.307	14362.7	222.55	0.253175	0.00349815	1.0379	0.00695159	
0.0-2.4	6.5-7.5	0.0-100.0	0.000-1.571	0.008	0.168	19508.0	19496.0	16930.2	305.479	2566.06	186.457	-0.72814	0.178845	-0.05	0.0	0.457954	0.144558	3.0912	0.000670181	0.0491174	0.002449	0.0278726	0.00348453	0.03	0.0	1.696	0.05	5.0	0.0	1.718	0.07	0.0390632	0.00097531	1.46325e-05	1.04365	0.392942	0.0154909	0.0274931	0.00809829	0.00662081	0.0166341	0.000756257	0.000658795	2.51531	0.251785	0.973482	0.0138597	0.985999	0.0139593	0.643048	0.0829721	0.277376	0.0866251	0.479419	0.520705	0.413932	0.0304064	0.0628472	0.0110144	-149441.0	4.0	94.4264	-643269.0	7.0	3079.48	1.0	13867.3	277.537	3062.87	132.189	0.180912	0.00709281	1.04669	0.0147216	
0.0-2.4	6.5-8.0	0.0-100.0	0.000-1.571	0.008	0.168	27304.0	27288.0	23579.1	305.823	3708.98	172.075	-0.84083	0.124787	-0.05	0.0	0.506217	0.0861112	3.09136	0.000493948	0.048052	0.00121854	0.0263628	0.00240434	0.03	0.0	1.696	0.05	5.0	0.0	1.718	0.07	0.0388848	0.00105151	1.06819e-05	6.35669e-06	0.388911	0.0120811	0.0375559	0.00876698	-0.000429432	0.00619673	0.000885727	0.000519698	2.2911	0.169192	0.960343	0.0112839	0.988445	0.0151359	0.630518	0.0581285	0.26766	0.0583993	0.394461	0.460091	0.428245	0.0251988	0.0724011	0.0105256	-189909.0	4.0	108.948	-855555.0	7.0	2536.43	1.0	19090.0	283.115	4489.06	149.126	0.190383	0.00582253	1.04152	0.0125228	
0.0-2.4	6.5-8.5	0.0-100.0	0.000-1.571	0.008	0.168	33896.0	33877.0	29234.7	318.792	4642.82	174.364	-0.932853	0.107357	-0.05	0.0	0.490784	0.0681146	3.09143	0.000414491	0.047735	0.000885202	0.0265558	0.00188603	0.03	0.0	1.696	0.05	5.0	0.0	1.718	0.07	0.0384372	0.000817765	2.38435e-05	5.23465e-06	0.376215	0.0100955	0.0366796	0.00717041	-0.00262645	0.00533113	0.00126084	0.000440389	2.32876	0.146774	0.961805	0.00987975	0.977546	38.6707	0.671029	4.58154	0.289682	9.91249	0.00100789	44.0214	0.433586	0.0652216	0.103651	0.0588716	-220887.0	4.0	121.333	-1022270.0	7.0	1398.85	1.0	23513.7	296.967	5721.02	162.287	0.195692	0.00512463	1.04406	0.0107197	
0.0-2.4	7.5-8.5	0.0-100.0	0.000-1.571	0.008	0.136	14387.0	14368.0	12292.7	181.079	2075.44	99.6826	-1.19743	0.139664	-0.05	0.0	0.54453	0.0746747	3.09175	0.000540781	0.0458608	0.00175444	0.0244041	0.00189563	0.03	0.0	1.696	0.05	5.0	0.0	1.718	0.07	0.0376368	0.000988124	3.5227e-05	4.17602e-05	0.358115	0.0127499	0.0451238	0.0121541	-0.0072094	0.00561322	0.00200725	0.0005704	2.1991	0.182947	0.942512	0.0136608	0.854855	0.0553614	0.667299	0.0660977	0.130528	0.0589546	0.0303547	0.0211236	0.446091	0.0313191	0.102855	0.0143322	-71508.5	4.0	5.93552	-316291.0	7.0	3.28978	1.0	9645.56	167.829	2647.17	97.4638	0.215344	0.00726635	1.0327	0.0157356	
0.0-2.4	8.0-10.0	0.0-100.0	0.000-1.571	0.008	0.136	20241.0	20228.0	17375.3	204.025	2853.16	113.423	-1.3138	0.113125	-0.05	0.0	0.409726	0.0593806	3.09266	0.000408269	0.0456772	0.00206056	0.0264681	0.000945101	0.03	0.0	1.696	0.05	5.0	0.0	1.718	0.07	0.0356143	0.000818405	1.06093e-05	3.63822e-09	0.346143	0.00907765	0.0493876	0.0109542	0.000525422	0.00399226	0.000776427	0.000423118	2.11013	0.137345	0.936736	0.010825	0.853692	0.0676715	0.864126	0.0339048	0.155539	0.0703001	0.0224837	0.00503464	0.44648	0.021867	0.157277	0.0278102	-89362.0	4.0	12.0256	-408851.0	7.0	31.7367	1.0	13199.1	186.021	4176.17	113.962	0.240351	0.0059206	1.02667	0.0127111	
0.0-2.4	8.5-9.5	0.0-100.0	0.000-1.571	0.008	0.136	9984.0	9980.0	8586.84	141.697	1393.77	77.8379	-1.2281	0.159337	-0.05	0.0	0.396697	0.0817392	3.09325	0.000562938	0.04473	0.00296084	0.0261412	0.00116803	0.03	0.0	1.696	0.05	5.0	0.0	1.718	0.07	0.0347271	0.00111512	1.61471e-05	3.66487e-06	0.360114	0.0133196	0.0510208	0.0152692	0.00361757	0.00549739	0.000746201	0.000587862	2.16101	0.191159	0.936836	0.0149336	0.968264	0.0941048	0.926943	0.0987324	0.254767	0.0499244	0.0552745	0.0569425	0.452812	0.0333789	0.176658	0.130391	-43876.8	4.0	5.45855	-185344.0	7.0	17.9623	1.0	6522.47	129.28	2064.37	79.304	0.240411	0.00834005	1.03496	0.0184516	
0.0-2.4	9.5-11.0	0.0-100.0	0.000-1.571	0.008	0.128	9209.0	9202.0	7849.95	128.795	1352.31	70.8224	-1.28139	0.153219	-0.05	0.0	0.527958	0.0716256	3.09287	0.000556942	0.0432762	0.0021951	0.0231699	0.00121067	0.03	0.0	1.696	0.05	5.0	0.0	1.718	0.07	0.0352447	0.00100112	4.61932e-05	1.75574e-06	0.359901	0.0123014	0.0946533	0.0370468	0.00139483	0.00321146	-0.000548664	0.000571019	1.57638	0.138864	0.914827	0.0162161	0.86167	0.0505908	0.920193	0.0382999	0.131095	0.0541699	0.0291409	0.0105422	0.427156	0.0270721	0.158076	0.0498736	-36080.8	4.0	9.8826	-154386.0	7.0	30.6805	1.0	5706.44	114.47	2143.51	74.6614	0.27306	0.00838979	0.996446	0.0197019	
0.4-0.8	6.5-30.0	0.0-100.0	0.000-1.571	0.008	0.073	9555.0	9514.0	8156.17	155.296	1358.61	77.7122	-1.23197	0.182645	-0.05	0.0	0.347553	0.100363	3.09462	0.000477364	0.0291386	0.00151181	0.0206921	0.00120421	0.03	0.0	1.696	0.05	5.0	0.0	1.718	0.07	0.0239676	0.00064124	3.62012e-05	2.19645e-10	0.357168	0.012306	0.0440704	0.0189422	-0.00335026	0.0047604	-0.000644102	0.000656614	1.94023	0.224231	0.987394	0.0200158	0.987461	0.899738	0.87985	0.950871	0.206017	0.11896	0.10827	0.110922	0.445043	0.125328	0.113764	0.0468305	-63029.0	4.0	259.447	-244159.0	7.0	47.8224	1.0	5737.99	135.758	2418.18	92.8118	0.296485	0.00988037	1.0478	0.0179981	
0.8-1.2	6.5-30.0	0.0-100.0	0.000-1.571	0.008	0.145	11783.0	11780.0	10053.5	153.927	1726.54	81.7664	-1.10824	0.144439	-0.05	0.0	0.552486	0.086291	3.09344	0.00052359	0.0351615	0.00142116	0.0284824	0.00205603	0.03	0.0	1.696	0.05	5.0	0.0	1.718	0.07	0.0323434	0.000653199	2.63171e-05	3.12815e-11	0.378744	0.0124799	0.0252228	0.0123352	0.00474538	0.0064379	0.00111225	0.000518021	2.22391	0.299687	1.00832	0.0151797	0.970382	27.2879	0.951556	2.63013	0.349805	36.2426	0.00100322	15.85	0.436599	0.0372074	0.221496	0.152355	-54895.0	4.0	31.9362	-232914.0	7.0	6.80512	1.0	7491.94	138.199	2561.57	86.4837	0.254793	0.00766693	1.05632	0.0156448	
1.2-1.6	6.5-30.0	0.0-100.0	0.000-1.571	0.004	0.152	14662.0	14654.0	12745.8	182.63	1908.48	97.8628	-0.866409	0.146238	-0.05	0.0	0.535489	0.0785832	3.08951	0.000585471	0.0339818	0.0014344	0.0473379	0.00265879	0.03	0.0	1.696	0.05	5.0	0.0	1.718	0.07	0.0407342	0.000944476	3.02336e-05	2.07313e-10	0.372367	0.0116299	0.0605824	0.0181432	-0.00143211	0.00425656	0.0013004	0.000517185	1.97565	0.161837	0.956906	0.0137534	0.999996	10.1965	0.738214	0.0239314	0.295189	0.00752857	0.109873	9.71589	0.470517	0.00593455	0.0927959	0.00356653	-69263.1	4.0	22.9179	-314554.0	7.0	3.37104	1.0	9532.4	164.775	3213.4	103.03	0.252115	0.00723131	1.04722	0.0169652	
1.6-2.0	6.5-30.0	0.0-100.0	0.000-1.571	0.004	0.145	15125.0	15115.0	12859.7	191.635	2255.33	111.938	-1.30551	0.142772	-0.05	0.0	0.706883	0.101594	3.09013	0.000689554	0.0491837	0.0013209	0.0372111	0.00434162	0.03	0.0	1.696	0.05	5.0	0.0	1.718	0.07	0.0459983	0.000916711	1.47067e-05	3.70281e-07	0.354551	0.0116642	0.0692177	0.0151298	0.00589367	0.00445577	0.000714783	0.000556449	2.03396	0.13573	0.910483	0.013213	0.991987	0.0121217	0.766582	0.0333908	0.304674	0.0276704	0.380962	0.393983	0.433645	0.0270361	0.0807124	0.0165283	-71257.6	4.0	38.3335	-332585.0	7.0	5.33278	1.0	9961.4	175.49	2898.33	103.085	0.22538	0.00727857	1.02857	0.016245	
1.6-2.4	3.0-30.0	0.0-100.0	0.000-1.571	0.004	0.24	77996.0	77896.0	65897.9	731.423	11999.0	539.186	-0.3717	0.11367	-0.05	0.0	0.308631	0.179345	3.08941	0.000455892	0.0649935	0.00643537	0.0423017	0.00325611	0.03	0.0	2.059	0.08	5.0	0.0	1.41	0.1	0.050407	0.00159117	1.74679e-05	5.09545e-05	0.363015	0.00749456	0.0595191	0.00808293	0.00568574	0.00364107	5.64507e-05	0.000401169	2.03068	0.0819978	0.907541	0.00744901	0.98815	0.0102388	0.603202	0.025053	0.336402	0.0496814	0.957117	1.13694	0.431028	0.0159684	0.069584	0.015975	-635876.0	4.0	2348.28	-3593450.0	7.0	6617.39	1.0	56078.7	671.449	9819.22	274.399	0.149007	0.00382147	1.00997	0.00880764	
1.6-2.4	3.0-4.5	0.0-100.0	0.000-1.571	0.024	0.24	26898.0	26834.0	22720.9	655.988	4113.9	539.334	0.580612	0.340271	-0.05	0.0	0.207279	0.281872	3.08962	0.00102442	0.0809816	0.0350541	0.0432033	0.00647781	0.03	0.0	2.04	0.08	5.0	0.0	1.31	0.1	0.053282	0.00590111	3.3213e-05	6.84293e-05	0.387003	0.0210537	0.152039	0.0491521	0.00785331	0.0161368	-0.000262477	0.00127122	1.5157	0.113301	0.88026	0.0165394	0.686248	2.30134	0.922998	0.254444	0.61175	1.53558	0.0467667	0.230487	0.361923	0.394033	1.77277	4.31401	-338656.0	4.0	924.152	-1721190.0	7.0	12807.5	1.0	20423.5	613.13	2297.44	180.645	0.101116	0.00739522	1.00316	0.0235589	
1.6-2.4	3.0-5.5	0.0-100.0	0.000-1.571	0.024	0.24	43698.0	43612.0	36753.5	803.456	6859.12	671.212	0.138761	0.237222	-0.05	0.0	0.257383	0.320219	3.08904	0.000739754	0.0694999	0.019173	0.0425138	0.00602982	0.03	0.0	2.04	0.08	5.0	0.0	1.31	0.1	0.0508473	0.00385725	1.33231e-05	0.0273667	0.373877	0.0148825	0.111931	0.0259431	0.00756512	0.0053187	-0.000229726	0.000825021	1.63454	0.0936064	0.900506	0.0114997	0.780622	1.14195	0.950453	0.0655655	0.560719	0.813349	0.0546899	0.173458	0.3667	0.185133	2.0407	4.59259	-460096.0	4.0	1082.39	-2460820.0	7.0	9394.94	1.0	32819.7	745.288	3933.75	219.311	0.107031	0.00548923	1.00955	0.0153494	
1.6-2.4	3.0-6.5	0.0-100.0	0.000-1.571	0.016	0.24	56176.0	56082.0	47470.9	1041.05	8612.02	921.677	-0.0451199	0.219802	-0.05	0.0	0.307153	0.353176	3.08936	0.000621793	0.0670194	0.0170806	0.0420804	0.00625425	0.03	0.0	2.04	0.08	5.0	0.0	1.31	0.1	0.0510536	0.00387904	1.16039e-05	1.83434e-07	0.377308	0.0119464	0.0726873	0.0143009	0.00892288	0.0115422	-0.000114743	0.000623657	1.85882	0.0987596	0.90799	0.00931902	0.979813	0.0283125	0.510375	0.735977	0.351841	0.949361	0.938237	5.10625	0.446467	0.0452622	0.0593605	0.0789297	-534463.0	4.0	1323.81	-2918050.0	7.0	9423.11	1.0	42018.0	947.354	5452.89	250.364	0.114868	0.00463357	1.0078	0.0120864	
1.6-2.4	4.5-5.5	0.0-100.0	0.000-1.571	0.024	0.192	16800.0	16773.0	14147.4	373.523	2625.88	292.127	-0.572364	0.252061	-0.05	0.0	0.347744	0.430009	3.08807	0.000971688	0.0592499	0.0096995	0.0420771	0.00669531	0.03	0.0	2.04	0.08	5.0	0.0	1.31	0.1	0.0487399	0.00278503	3.14986e-05	0.0195276	0.355834	0.0207555	0.086383	0.0293212	0.00796526	0.0109084	-0.000355307	0.00102757	1.73086	0.153055	0.924685	0.0153392	0.564515	54.0154	0.889829	9.20843	0.170329	52.6497	0.00357624	0.978349	0.411604	0.0640411	0.1204	0.180706	-122626.0	4.0	62.1073	-600400.0	7.0	52.1479	1.0	12488.6	347.864	1658.74	119.19	0.117247	0.00783558	1.01979	0.0200764	
1.6-2.4	5.5-6.5	0.0-100.0	0.000-1.571	0.024	0.16	12478.0	12459.0	10758.8	207.263	1700.78	127.177	-0.795023	0.199423	-0.05	0.0	0.451406	0.209759	3.09051	0.000934639	0.0634649	0.00466333	0.0407512	0.00541889	0.03	0.0	2.04	0.08	5.0	0.0	1.31	0.1	0.0522417	0.00172606	1.13031e-05	0.0014207	0.394203	0.021309	0.121122	0.047319	0.00235778	0.00610226	0.000635158	0.000953956	1.59491	0.144361	0.901219	0.016649	0.940682	0.506383	0.64832	0.599084	0.350569	0.137052	0.0895279	0.0962778	0.483139	0.0945932	0.0737279	0.0476299	-74390.8	4.0	28.5464	-345172.0	7.0	14.1393	1.0	9260.53	198.125	1498.28	90.886	0.139261	0.00801027	1.0109	0.0253649	
1.6-2.4	6.5-30.0	0.0-100.0	0.000-1.571	0.008	0.188	21819.0	21811.0	18560.9	239.005	3251.01	142.832	-1.18414	0.123687	-0.05	0.0	0.613408	0.0895905	3.09	0.000621236	0.0527046	0.0015279	0.0398584	0.00291748	0.03	0.0	1.696	0.05	5.0	0.0	1.718	0.07	0.0481465	0.000887179	3.35396e-05	3.48851e-05	0.362834	0.010575	0.0507427	0.00938907	0.00405901	0.004801	0.00033358	0.000487926	2.22561	0.1344	0.91462	0.0113232	0.926501	0.0860565	0.881972	0.145665	0.304626	0.059156	0.0551037	0.0509087	0.412117	0.0279099	0.124201	0.0391938	-104460.0	4.0	53.6433	-522924.0	7.0	6.9163	1.0	14443.6	219.669	4117.31	128.351	0.221827	0.0062976	1.02246	0.0129432	
2.0-2.4	6.5-30.0	0.0-100.0	0.000-1.571	0.008	0.144	6694.0	6684.0	5713.53	154.475	970.661	102.216	-1.07755	0.263364	-0.05	0.0	0.683934	0.203302	3.08842	0.00134881	0.0469252	0.00443058	0.075507	0.0106944	0.03	0.0	1.696	0.05	5.0	0.0	1.718	0.07	0.0575152	0.00400167	1.00319e-05	1.2166e-09	0.381394	0.022774	0.0492998	0.0201944	-0.00605931	0.0114916	-0.00123522	0.00103616	1.99796	0.247395	0.893042	0.0226153	1.0	85.239	0.876603	0.0511288	0.278116	0.0322619	0.146907	111.126	0.391381	0.0264597	0.110132	0.0309849	-33393.9	4.0	14.0991	-156691.0	7.0	5.68866	1.0	4474.2	140.284	1239.32	78.5443	0.216911	0.0124334	0.977243	0.0228972	
