rap0.0-1.2_pT6.5-30.0_cent0.0-100.0
13726.3
3792.7 3513.96 3463.14 2951.35
150.397 133.615 157.796 113.351
8371.84
2108.76 2205.91 2093.85 1960.23
115.047 108.355 135.183 109.48
9207.21
2442.44 2423.91 2215.04 2105.53
152.345 144.69 167.683 109.682
4519.07
1350.26 1090.05 1248.11 845.823
129.21 118.99 145.484 80.9079
0.329227
0.356016 0.310206 0.360398 0.286589
0.0310054 0.0317412 0.0386666 0.0251072
rap0.0-1.2_pT6.5-30.0_cent10.0-60.0
8994.78
2400.94 2392.02 2254.62 1933.9
110.369 113.282 138.927 95.0145
4435.89
1152.93 1168.97 1037.85 1074.8
76.634 81.4403 104.08 90.0957
6001.22
1532.69 1709.44 1403.27 1326.39
109.276 122.315 137.689 92.7158
2993.56
868.249 682.585 851.357 607.504
92.5753 97.2218 119.305 72.39
0.332811
0.361628 0.285359 0.377605 0.314134
0.0347903 0.0383317 0.0475258 0.0341023
rap0.0-2.4_pT10.0-13.0_cent0.0-100.0
4908.68
1233.32 1294.48 1216.17 1160.51
59.2855 80.008 83.222 57.852
1872.51
462.918 454.083 464.245 469.87
38.2474 43.8563 52.9987 39.9904
3280.36
818.305 850.39 815.809 794.529
59.0584 85.569 97.2192 59.0247
1628.31
415.013 444.09 400.36 365.985
48.3588 72.8895 84.1763 47.4132
0.331722
0.336501 0.343064 0.329198 0.315364
0.0357184 0.0521631 0.0654459 0.0377095
rap0.0-2.4_pT10.0-13.0_cent10.0-60.0
3258.77
814.85 865.419 837.383 723.178
44.8599 72.1478 77.2458 47.0364
1117.95
292.329 253.2 270.234 286.592
29.698 35.6387 45.3295 31.8147
2148.65
524.009 565.289 540.559 489.962
42.9665 77.5752 82.3514 49.0521
1110.12
290.841 300.13 296.824 233.217
35.6408 66.5059 71.028 40.2573
0.340656
0.356926 0.346803 0.354466 0.322488
0.0390768 0.0712022 0.0782655 0.0515643
rap0.0-2.4_pT10.0-30.0_cent0.0-100.0
7634.48
2012.35 1946.71 1835.62 1836.85
82.1816 88.335 90.3962 72.5355
2821.86
716.973 727.656 687.737 673.85
50.8246 51.6005 58.5378 48.5552
4931.91
1256.3 1265.35 1207.22 1189.86
81.817 97.1561 101.953 72.475
2702.57
756.045 681.365 628.394 646.99
70.8171 84.2526 88.4181 60.8084
0.353995
0.375703 0.350008 0.342334 0.352228
0.0316704 0.04026 0.0451216 0.0300409
rap0.0-2.4_pT10.0-30.0_cent10.0-60.0
5062.98
1335.52 1281.08 1234.74 1200.47
66.7318 77.7318 82.3287 60.6931
1704.68
434.771 419.776 417.59 417.574
39.2333 41.6366 50.2405 38.7789
3282.64
838.242 858.945 806.476 763.371
66.3939 86.0892 86.5855 62.0849
1780.34
497.281 422.134 428.261 437.1
57.1949 73.1514 73.6265 53.417
0.351639
0.37235 0.329514 0.346844 0.364107
0.0385734 0.0534866 0.0549619 0.0405103
rap0.0-2.4_pT13.0-30.0_cent0.0-100.0
2730.29
784.558 651.253 606.471 674.094
57.378 37.0888 35.6456 43.5819
945.023
241.976 267.782 222.952 200.28
32.5219 26.1358 25.7915 27.1634
1654.46
435.202 419.603 376.213 392.041
54.722 35.4586 33.6803 40.9724
1075.83
349.356 231.65 230.259 282.053
51.3251 29.3312 28.785 36.9976
0.394034
0.44529 0.355698 0.379669 0.418418
0.0567373 0.0402254 0.04189 0.0477552
rap0.0-2.4_pT13.0-30.0_cent10.0-60.0
1801.47
522.745 413.615 386.71 468.733
49.7746 28.6648 28.7745 38.0784
583.568
136.198 166.643 142.179 130.129
24.464 20.2283 21.2983 22.0125
1132.44
303.412 282.6 253.15 267.277
48.6272 28.1061 26.7352 37.2716
669.025
219.334 131.015 133.56 201.457
44.341 22.1092 21.4177 34.4321
0.371378
0.419581 0.316755 0.345374 0.42979
0.0748257 0.0487381 0.0490612 0.0646298
rap0.0-2.4_pT6.5-10.0_cent0.0-100.0
21140.5
5746.06 5352.57 5331.96 4701.97
176.184 158.931 177.919 154.011
19897.1
5676.91 5371.0 4654.54 4269.59
166.183 161.318 168.943 173.668
15609.0
4202.44 4005.31 3847.98 3512.32
205.11 169.815 222.601 148.023
5531.56
1543.62 1347.26 1483.98 1189.65
166.454 127.647 188.458 100.964
0.261657
0.268639 0.251704 0.278318 0.25301
0.0277726 0.0226465 0.0341031 0.0198092
rap0.0-2.4_pT6.5-10.0_cent10.0-60.0
13614.5
3720.89 3527.59 3349.09 3019.39
130.7 123.133 145.715 115.069
10219.4
3082.54 2733.73 2244.19 2149.43
113.321 116.103 120.213 113.903
9961.02
2709.51 2688.83 2361.48 2173.53
144.091 132.659 187.384 113.755
3653.49
1011.37 838.764 987.609 845.854
113.869 98.2182 162.489 84.3677
0.268353
0.27181 0.237772 0.294889 0.280141
0.0290751 0.0265771 0.04679 0.025822
rap0.0-2.4_pT6.5-30.0_cent0.0-10.0
9093.43
2434.65 2247.72 2341.3 2073.43
121.572 104.247 106.434 106.336
10671.7
2839.99 2912.9 2573.71 2357.66
124.687 114.26 112.541 133.477
6488.0
1701.47 1521.41 1696.78 1556.1
142.634 107.623 111.479 99.8072
2605.43
733.18 726.306 644.522 517.332
120.277 87.9686 85.6526 65.549
0.286517
0.301144 0.32313 0.275284 0.249505
0.0470577 0.0361538 0.0343763 0.0289085
rap0.0-2.4_pT6.5-30.0_cent0.0-100.0
28704.1
7748.91 7288.43 7140.71 6529.04
194.372 181.969 199.991 170.584
22871.0
6408.9 6111.14 5370.37 4965.17
172.647 168.835 178.08 179.223
20471.5
5449.2 5252.5 5064.74 4683.84
213.992 202.938 241.302 164.428
8232.6
2299.71 2035.93 2075.96 1845.2
174.461 163.004 203.68 119.939
0.286809
0.296779 0.279338 0.290722 0.282615
0.021248 0.0212495 0.027337 0.0168207
rap0.0-2.4_pT6.5-30.0_cent10.0-20.0
6747.97
1859.44 1669.65 1713.7 1507.31
89.8531 96.8487 112.069 78.0561
5801.67
1644.47 1476.93 1429.42 1223.23
82.0658 83.9965 101.411 74.6165
4634.12
1202.91 1277.84 1143.88 984.765
95.4999 125.407 120.081 79.4264
2113.86
656.53 391.808 569.821 522.545
82.1455 103.68 101.056 66.6348
0.313258
0.35308 0.234664 0.332509 0.346674
0.0407499 0.0605863 0.0548135 0.0403984
rap0.0-2.4_pT6.5-30.0_cent10.0-30.0
11958.0
3324.99 3008.01 2941.64 2680.72
126.18 119.123 141.922 107.059
9122.65
2622.32 2370.23 2110.68 2011.52
105.303 101.667 120.477 106.935
8357.77
2271.45 2204.13 1992.76 1843.5
134.143 142.052 171.797 106.079
3600.19
1053.54 803.875 948.879 837.216
110.283 116.503 149.554 83.3685
0.301071
0.316854 0.267245 0.322568 0.312311
0.0309117 0.037257 0.0484 0.0284886
rap0.0-2.4_pT6.5-30.0_cent10.0-60.0
18643.0
5048.61 4801.06 4570.12 4224.75
146.72 145.703 167.785 130.45
11960.0
3530.61 3162.68 2676.83 2583.28
119.501 123.44 130.002 119.929
13242.5
3555.55 3556.63 3171.8 2940.67
156.145 168.254 197.726 129.967
5400.51
1493.06 1244.42 1398.31 1284.07
124.848 134.482 167.842 101.088
0.28968
0.295737 0.259198 0.305969 0.303941
0.0231876 0.0268836 0.0349658 0.0220102
rap0.0-2.4_pT6.5-30.0_cent20.0-30.0
5206.14
1465.35 1341.72 1230.15 1172.51
88.2166 69.1624 89.9928 73.3977
3307.28
973.69 855.139 674.712 778.827
65.9839 55.8944 61.3259 76.2021
3713.03
1055.75 924.515 837.459 856.07
93.4372 70.42 134.955 71.7273
1493.11
409.603 417.203 392.688 316.435
72.794 56.1279 123.631 51.6274
0.286798
0.279525 0.310947 0.31922 0.26988
0.0467397 0.0386403 0.0977506 0.0406617
rap0.0-2.4_pT6.5-30.0_cent30.0-60.0
6674.58
1717.45 1798.72 1621.7 1530.76
74.0682 83.9104 85.3373 73.4085
2845.2
906.89 786.778 569.851 571.595
57.7267 68.9788 53.3047 54.7066
4820.8
1260.23 1341.41 1134.64 1079.92
75.8607 89.8049 98.0419 73.8833
1853.77
457.215 457.309 487.057 450.839
56.4779 67.854 81.8789 56.9574
0.277737
0.266218 0.254241 0.300338 0.294519
0.0308154 0.0358105 0.0479523 0.0344237
rap0.0-2.4_pT6.5-8.0_cent0.0-100.0
12174.9
3348.92 2950.25 3157.91 2718.45
152.903 125.767 141.741 131.78
14939.6
4266.95 4060.15 3446.87 3146.86
153.205 141.337 147.223 160.769
9237.83
2497.75 2336.05 2280.95 2099.92
185.224 133.049 152.591 126.942
2937.05
851.172 614.193 876.963 618.528
151.039 92.0362 119.8 81.5524
0.241238
0.254163 0.208184 0.277703 0.22753
0.0435824 0.0299071 0.0358302 0.0278984
rap0.0-2.4_pT6.5-8.0_cent10.0-60.0
7880.83
2155.85 2015.29 1960.96 1747.64
112.334 98.8899 112.077 96.7263
7466.27
2270.85 1965.33 1607.78 1611.94
103.312 98.3537 103.387 103.624
5810.26
1549.32 1587.9 1381.88 1277.92
127.226 105.185 131.541 95.3319
2070.57
606.539 427.396 579.086 469.718
103.286 73.7058 110.275 69.0034
0.262735
0.281345 0.212077 0.295307 0.268773
0.0456115 0.0350615 0.0536427 0.0365743
rap0.0-2.4_pT8.0-10.0_cent0.0-100.0
8930.17
2389.13 2394.5 2179.41 1977.99
84.6692 95.7794 111.334 78.2881
5068.27
1407.46 1296.92 1202.28 1126.73
68.8308 78.054 79.0186 69.3816
6355.36
1689.47 1655.24 1514.96 1414.54
86.6909 101.534 155.656 76.8235
2574.81
699.655 739.253 664.448 563.451
67.4184 82.4611 139.253 57.1372
0.288327
0.292849 0.30873 0.304875 0.284861
0.026241 0.0321474 0.0619678 0.0265954
rap0.0-2.4_pT8.0-10.0_cent10.0-60.0
5716.18
1556.03 1504.16 1396.29 1265.81
64.428 72.5999 97.1844 61.0266
2768.67
814.743 770.72 623.66 541.779
49.5277 62.2788 56.5011 49.3289
4099.64
1142.69 1071.61 921.951 892.079
65.0848 79.4895 136.998 60.7807
1616.54
413.333 432.548 474.343 373.735
47.8574 63.8688 125.462 46.575
0.282801
0.265633 0.287569 0.339716 0.295253
0.0287223 0.040129 0.0866871 0.0339295
rap1.2-1.6_pT6.5-30.0_cent0.0-100.0
6452.93
1746.67 1659.59 1559.31 1482.48
80.3173 82.4054 74.9245 90.3841
6049.16
1656.24 1741.9 1357.44 1285.99
77.1386 87.9749 74.4403 113.006
4716.57
1306.13 1183.54 1175.6 1044.69
89.6414 85.6738 78.5252 80.4939
1736.36
440.54 476.046 383.71 437.789
69.5611 66.6716 57.5789 55.9902
0.269081
0.252217 0.286846 0.246077 0.295309
0.0380989 0.037564 0.0349816 0.0332003
rap1.2-1.6_pT6.5-30.0_cent10.0-60.0
4139.76
1175.51 1016.52 965.699 971.931
64.1955 60.6874 52.4775 55.3896
3041.25
950.939 888.87 631.616 550.576
57.0642 65.715 46.0835 46.0834
3062.17
882.837 729.64 752.071 687.65
71.8819 61.8642 53.4348 55.5304
1077.6
292.669 286.875 213.629 284.282
55.6598 47.1485 36.329 42.5483
0.260304
0.248972 0.282214 0.221216 0.292492
0.0453555 0.0432141 0.035647 0.0404793
rap1.2-2.4_pT6.5-30.0_cent0.0-100.0
15026.3
3950.47 3776.63 3682.85 3612.55
123.372 123.251 117.578 128.003
14334.9
4302.96 3901.27 3266.53 2967.03
126.464 128.761 115.156 141.722
11252.8
2990.43 2819.14 2855.1 2615.72
134.866 130.824 123.86 121.669
3773.49
960.037 957.492 827.752 996.826
101.814 98.1159 87.9272 86.3767
0.251125
0.243018 0.253531 0.224758 0.275934
0.0246298 0.024627 0.0227709 0.0218198
rap1.2-2.4_pT6.5-30.0_cent10.0-60.0
9667.59
2644.53 2409.03 2301.14 2317.31
96.2554 91.6468 86.2467 88.1281
7500.24
2374.62 1991.54 1646.55 1476.91
90.7823 92.0515 76.8213 75.1125
7208.43
2034.23 1794.41 1734.14 1622.44
106.31 95.9728 89.795 90.3626
2459.16
610.298 614.616 567.001 694.874
79.4547 71.396 65.5006 71.11
0.254372
0.230778 0.25513 0.2464 0.299862
0.0288469 0.0280025 0.0269246 0.0284887
rap1.6-2.4_pT3.0-6.5_cent0.0-100.0
31965.8
8884.36 7686.03 7600.95 7789.09
418.922 404.593 397.057 396.032
165380.0
44274.4 42854.1 40030.7 38211.2
680.348 674.455 655.428 643.777
26769.8
7559.8 6293.14 6354.37 6621.47
702.706 442.303 452.215 438.68
5196.05
1324.56 1392.89 1246.58 1167.62
608.793 302.105 313.935 287.439
0.16255
0.149089 0.181223 0.164003 0.149905
0.0681626 0.0381305 0.0404038 0.036107
rap1.6-2.4_pT3.0-6.5_cent10.0-60.0
20232.5
5927.16 4826.88 4687.93 4799.15
305.619 284.243 274.509 278.252
81846.4
22685.7 21622.2 19409.6 18097.0
470.597 453.917 426.959 424.959
16892.0
5145.85 3711.02 3868.72 4134.1
326.778 300.019 311.514 298.601
3340.5
781.31 1115.86 819.209 665.054
194.95 215.806 219.14 182.201
0.165106
0.131818 0.231175 0.174749 0.138577
0.032181 0.0425862 0.0456118 0.0371052
rap1.6-2.4_pT6.5-30.0_cent0.0-100.0
8579.56
2207.06 2111.79 2133.87 2130.07
93.8534 91.2101 90.9607 88.3877
8370.7
2641.54 2163.1 1896.03 1666.79
100.312 93.4033 87.9654 81.1849
6589.45
1701.0 1630.09 1686.67 1570.28
96.8556 96.1964 94.5846 89.3895
1990.12
506.066 481.698 447.195 559.788
67.9118 68.7729 64.3452 65.4549
0.23196
0.229294 0.228099 0.209571 0.262803
0.0291845 0.0310402 0.0288006 0.028729
rap1.6-2.4_pT6.5-30.0_cent10.0-60.0
5530.65
1469.57 1384.94 1339.58 1336.97
71.7046 67.9873 68.6619 67.8742
4448.83
1421.78 1098.34 1008.43 914.204
70.5571 63.498 61.376 58.6935
4142.1
1145.14 1063.57 978.946 935.513
73.6473 73.8494 71.8283 69.109
1388.54
324.429 321.369 360.637 401.458
50.5225 54.5584 54.6192 54.1831
0.251063
0.220765 0.232045 0.269216 0.300274
0.032648 0.0377111 0.0383673 0.0375505
