v2W_muIDTrig
rap	pT	cent	dPhi	ctauErrMin	ctauErrMax	NoCutEntry	CutEntry	NSig	NSigErr	NBkg	NBkgErr	coefExp	coefExpErr	coefPol1	coefPol1Err	coeffGaus	coeffGausErr	meanSig1	meanSig1Err	sigmaSig1	sigmaSig1Err	sigmaSig2	sigmaSig2Err	sigmaSig3	sigmaSig3Err	alpha	alphaErr	enne	enneErr	enneW	enneWErr	sigWidth	sigWidthErr	Gmc	GmcErr	bTau	bTauErr	fracRes	fracResErr	meanResSigW	meanResSigWErr	meanResSigN	meanResSigNErr	sigmaResSigW	sigmaResSigWErr	sigmaResSigN	sigmaResSigNErr	fpm	fpmErr	fLiving	fLivingErr	fbkgCtTot	fbkgCtTotErr	lambdam	lambdamErr	lambdap	lambdapErr	lambdasym	lambdasymErr	NLL	nFitPar	EDM	NLLMass	nFitParMass	EDMMass	Prob	PROMPT	PROMPTErr	NON-PROMPT	NON-PROMPTErr	Bfraction	BfractionErr	Resolution	ResolutionErr	
0.0-1.2	6.5-30.0	0.0-100.0	0.000-0.393	0.008	0.088	5905.0	5901.0	3792.7	150.397	2108.76	115.047	0.277633	0.199256	-0.05	0.0	0.530945	0.0	3.09238	0.0	0.0196391	0.0	0.0363786	0.0	0.03	0.0	1.492	0.04	5.0	0.0	1.733	0.07	0.0287321	0.0	2.21795e-05	1.43176	0.424001	0.0900853	0.245908	0.0821935	-0.000109909	0.00257936	0.00142448	0.00129266	1.688	0.125228	0.889235	0.0346911	0.639437	45.1771	0.77545	9.10364	0.550722	15.5755	0.0366179	1.99701	0.230675	0.520369	0.175453	1.38149	-19783.1	4.0	11116.8	-259823.0	3.0	82.981	1.0	2442.44	152.345	1350.26	129.21	0.356016	0.0310054	1.13884	0.0447752	
0.0-1.2	6.5-30.0	0.0-100.0	0.000-1.571	0.008	0.105	22103.0	22098.0	13726.3	311.116	8371.84	273.739	0.0271569	0.140746	-0.05	0.0	0.530945	0.337876	3.09238	0.000671596	0.0196391	0.00352036	0.0363786	0.0125698	0.03	0.0	1.492	0.04	5.0	0.0	1.733	0.07	0.028732	0.00378679	1.87255e-05	2.6751e-05	0.402157	0.0510643	0.236177	0.079527	5.83622e-05	0.00144617	0.00104325	0.000664231	1.60413	0.0920545	0.895866	0.0191591	0.599134	0.235481	0.93073	0.0916402	0.468798	0.199034	0.0585727	0.0393027	0.227237	0.0454079	1.14048	5.31172	-25179.4	4.0	55376.8	-1100010.0	7.0	995735.0	1.0	9207.21	314.076	4519.07	256.095	0.329227	0.0171	1.10488	0.0360483	
0.0-1.2	6.5-30.0	0.0-100.0	0.393-0.785	0.008	0.096	5721.0	5719.0	3513.96	133.615	2205.91	108.355	-0.0970044	0.171951	-0.05	0.0	0.530945	0.0	3.09238	0.0	0.0196391	0.0	0.0363786	0.0	0.03	0.0	1.492	0.04	5.0	0.0	1.733	0.07	0.0287321	0.0	1.00937e-05	0.00103092	0.406863	0.0950867	0.0755589	0.0712515	0.0054884	0.00636296	-0.000581767	0.00119956	1.88269	0.329588	0.990114	0.0391288	0.622075	3.13007	0.934671	35.499	0.320033	5.12084	0.0576799	0.200222	0.163485	0.329271	0.0409223	0.18797	-20700.0	4.0	7640.68	-204717.0	3.0	78.8962	1.0	2423.91	144.69	1090.05	118.99	0.310206	0.0317412	1.08355	0.0501811	
0.0-1.2	6.5-30.0	0.0-100.0	0.785-1.178	0.008	0.08	5561.0	5556.0	3463.14	157.796	2093.85	135.183	0.0727132	0.244372	-0.05	0.0	0.530945	0.0	3.09238	0.0	0.0196391	0.0	0.0363786	0.0	0.03	0.0	1.492	0.04	5.0	0.0	1.733	0.07	0.0287321	0.0	4.10143e-05	0.000107112	0.443627	0.140297	0.187448	0.146811	0.00147636	0.00343833	0.000935942	0.00134031	1.59152	0.210616	0.892727	0.0380113	0.689416	4.99458	0.535713	1.96799	0.424512	2.12803	0.037044	0.372531	0.483033	0.41609	0.0991544	0.0824049	21113.5	4.0	35515.8	-325103.0	3.0	837.622	1.0	2215.04	167.683	1248.11	145.484	0.360398	0.0386666	1.05942	0.0683059	
0.0-1.2	6.5-30.0	0.0-100.0	1.178-1.571	0.008	0.088	4914.0	4911.0	2951.35	113.351	1960.23	109.48	-0.153261	0.233037	-0.05	0.0	0.530945	0.0	3.09238	0.0	0.0196391	0.0	0.0363786	0.0	0.03	0.0	1.492	0.04	5.0	0.0	1.733	0.07	0.0287321	0.0	1.37041e-05	2.80645	0.283397	0.0431126	0.822701	0.0724277	-0.00109986	0.000962734	-0.000404285	0.00361833	1.28762	0.0347594	0.6	0.149668	0.867378	0.124539	0.47776	0.260324	0.402347	0.229867	1.00193	4.33432	0.423502	0.207689	0.0526272	0.0261526	-15865.8	4.0	1821.21	-154523.0	3.0	2183.79	1.0	2105.53	109.682	845.823	80.9079	0.286589	0.0251072	1.19492	0.0258577	
0.0-1.2	6.5-30.0	10.0-60.0	0.000-0.393	0.008	0.073	3559.0	3554.0	2400.94	110.369	1152.93	76.634	0.167859	0.242131	-0.05	0.0	0.530945	0.0	3.09238	0.0	0.0196391	0.0	0.0364299	0.0	0.03	0.0	1.492	0.04	5.0	0.0	1.733	0.07	0.0287625	0.0	1.05857e-05	4.67892e-05	0.371686	0.0698167	0.236177	0.0	5.83622e-05	0.0	-0.000927666	0.00140439	1.60413	0.0	0.871925	0.0427224	0.695802	0.484902	0.715224	1.07566	0.450174	0.432539	0.0496853	0.0401482	0.21671	0.0789189	0.0382589	0.0411574	-14639.4	4.0	4564.3	-129775.0	3.0	131.605	1.0	1532.69	109.276	868.249	92.5753	0.361628	0.0347903	1.09016	0.01305	
0.0-1.2	6.5-30.0	10.0-60.0	0.000-1.571	0.008	0.105	13435.0	13430.0	8994.78	215.418	4435.89	160.254	0.078829	0.167169	-0.05	0.0	0.530945	0.0	3.09238	0.0	0.0196391	0.0	0.0364299	0.00105275	0.03	0.0	1.492	0.04	5.0	0.0	1.733	0.07	0.0287625	0.000312716	1.87255e-05	2.6751e-05	0.426051	0.0704135	0.236177	0.0	5.83622e-05	0.0	0.000268879	0.000779402	1.60413	0.0	0.860908	0.0218954	0.561035	0.393561	0.917559	0.182782	0.389181	0.385942	0.0499615	0.0492752	0.232272	0.0542658	4.23139	145.251	-497.577	4.0	45334.6	-691804.0	4.0	25256.6	1.0	6001.22	238.339	2993.56	203.196	0.332811	0.0211375	1.08345	0.00664453	
0.0-1.2	6.5-30.0	10.0-60.0	0.393-0.785	0.008	0.073	3562.0	3561.0	2392.02	113.282	1168.97	81.4403	0.110132	0.246105	-0.05	0.0	0.530945	0.0	3.09238	0.0	0.0196391	0.0	0.0364299	0.0	0.03	0.0	1.492	0.04	5.0	0.0	1.733	0.07	0.0287625	0.0	2.45136e-05	0.0594659	0.466729	0.163647	0.236177	0.0	5.83622e-05	0.0	6.23934e-05	0.00150789	1.60413	0.0	0.861753	0.0516598	0.538117	0.0173369	0.999996	1.09513	0.218507	0.0226689	0.0478711	0.00245285	0.163369	0.00720263	0.0213101	6.72479	-14718.1	4.0	6125.15	-130793.0	3.0	161.917	1.0	1709.44	122.315	682.585	97.2218	0.285359	0.0383317	1.08396	0.015685	
0.0-1.2	6.5-30.0	10.0-60.0	0.785-1.178	0.008	0.064	3298.0	3292.0	2254.62	138.927	1037.85	104.08	0.0710899	0.426716	-0.05	0.0	0.530945	0.0	3.09238	0.0	0.0196391	0.0	0.0364299	0.0	0.03	0.0	1.492	0.04	5.0	0.0	1.733	0.07	0.0287625	0.0	3.78823e-05	8.58329e-05	0.505604	0.233389	0.236177	0.0	5.83622e-05	0.0	0.00148164	0.00167946	1.60413	0.0	0.762697	0.038933	0.81083	4.57206	0.39576	24.6419	0.0116559	238.391	0.1361	2.0015	0.618605	3.75668	0.0241356	1.77223	24082.7	4.0	31172.4	-228783.0	3.0	902.535	1.0	1403.27	137.689	851.357	119.305	0.377605	0.0475258	1.0257	0.0110564	
0.0-1.2	6.5-30.0	10.0-60.0	1.178-1.571	0.008	0.064	3013.0	3008.0	1933.9	95.0145	1074.8	90.0957	-0.0463343	0.389283	-0.05	0.0	0.530945	0.0	3.09238	0.0	0.0196391	0.0	0.0364299	0.0	0.03	0.0	1.492	0.04	5.0	0.0	1.733	0.07	0.0287625	0.0	2.4668e-05	4.15522	0.321247	0.063481	0.236177	0.0	5.83622e-05	0.0	-0.00176405	0.00182921	1.60413	0.0	0.870841	0.0378162	0.571693	4.14485	0.820241	4.466	0.304429	3.53024	0.0511335	0.507012	0.162596	1.35915	4.43302	1171.57	-7881.61	4.0	2264.47	-98772.4	3.0	2754.31	1.0	1326.39	92.7158	607.504	72.39	0.314134	0.0341023	1.08949	0.011544	
0.0-2.4	10.0-13.0	0.0-100.0	0.000-0.393	0.016	0.08	1704.0	1696.0	1233.32	59.2855	462.918	38.2474	0.152682	0.255626	-0.05	0.0	0.498819	0.0	3.09185	0.0	0.0417941	0.0	0.0218574	0.0	0.03	0.0	1.492	0.04	5.0	0.0	1.733	0.07	0.0333279	0.0	1.71938e-05	0.0002901	0.36014	0.0846703	0.274398	0.109498	-0.00249292	0.00355003	0.000996082	0.00149479	1.69599	0.15967	0.772674	0.0422826	0.82083	0.117706	0.431494	1.81959	0.00018941	88.0371	0.126911	0.0737231	0.211199	0.0656825	0.02	0.0351611	-4208.87	4.0	1362.51	-31401.2	3.0	29.1445	1.0	818.305	59.0584	415.013	48.3588	0.336501	0.0357184	1.10566	0.0665495	
0.0-2.4	10.0-13.0	0.0-100.0	0.000-1.571	0.008	0.136	6782.0	6781.0	4908.68	304.256	1872.51	233.998	-0.745668	0.276739	-0.05	0.0	0.498819	0.389252	3.09185	0.00209015	0.0417941	0.00644537	0.0218574	0.00827801	0.03	0.0	1.492	0.04	5.0	0.0	1.733	0.07	0.0333279	0.00243201	1.21637e-05	1.85867	0.421746	0.0853733	0.294117	0.0867943	0.000270012	0.00176522	0.000231571	0.000904177	1.60695	0.0922641	0.793742	0.0253145	0.875544	0.506875	0.526888	0.408716	2.26021e-08	28.9547	0.086466	0.16694	0.301011	0.101504	0.0266723	0.0397666	-6647.27	4.0	16185.5	-208571.0	7.0	123812.0	1.0	3280.36	237.761	1628.31	159.294	0.331722	0.0251067	1.09737	0.043894	
0.0-2.4	10.0-13.0	0.0-100.0	0.393-0.785	0.008	0.088	1749.0	1748.0	1294.48	80.008	454.083	43.8563	-0.783593	0.278074	-0.05	0.0	0.498819	0.0	3.09185	0.0	0.0417941	0.0	0.0218574	0.0	0.03	0.0	1.492	0.04	5.0	0.0	1.733	0.07	0.0333279	0.0	1.60627e-05	0.00013147	0.487514	0.229305	0.680848	0.179328	0.0030049	0.00163927	-0.00163678	0.00230658	1.30469	0.0810495	0.601937	0.133012	0.834469	0.00767326	1.0	134.547	0.418356	0.00612456	0.0494127	0.00109253	0.208952	0.00253996	0.0517628	564.012	-2966.29	4.0	5873.85	-55467.0	3.0	805.996	1.0	850.39	85.569	444.09	72.8895	0.343064	0.0521631	1.12898	0.0630537	
0.0-2.4	10.0-13.0	0.0-100.0	0.785-1.178	0.008	0.105	1681.0	1680.0	1216.17	83.222	464.245	52.9987	-1.3097	0.396519	-0.05	0.0	0.498819	0.0	3.09185	0.0	0.0417941	0.0	0.0218574	0.0	0.03	0.0	1.492	0.04	5.0	0.0	1.733	0.07	0.0333279	0.0	8.5376e-05	0.000184274	0.52172	0.322558	0.118034	0.0934839	0.00630016	0.00594207	0.000454893	0.0023343	1.90173	0.316188	0.952711	0.0716976	0.809861	2.65045	0.999819	1326.39	0.283703	38.9482	0.0636627	1.21434	0.425882	0.330059	0.0291698	2438.74	581.68	4.0	6772.66	-59653.6	3.0	531.929	1.0	815.809	97.2192	400.36	84.1763	0.329198	0.0654459	1.10788	0.0709282	
0.0-2.4	10.0-13.0	0.0-100.0	1.178-1.571	0.008	0.088	1646.0	1630.0	1160.51	57.852	469.87	39.9904	-1.03323	0.291927	-0.05	0.0	0.498819	0.0	3.09185	0.0	0.0417941	0.0	0.0218574	0.0	0.03	0.0	1.492	0.04	5.0	0.0	1.733	0.07	0.0333279	0.0	1.34644e-05	0.00253279	0.332367	0.0771014	0.547296	0.182925	-0.00213568	0.00229779	0.00297962	0.00242467	1.46442	0.108951	0.717351	0.0644552	1.0	225.245	0.507921	0.193414	0.0900941	0.136823	0.0460247	444.321	0.282826	0.0399366	0.0429765	0.00410365	-3522.37	4.0	1067.3	-29643.3	3.0	14.6	1.0	794.529	59.0247	365.985	47.4132	0.315364	0.0377095	1.18602	0.0733684	
0.0-2.4	10.0-13.0	10.0-60.0	0.000-0.393	0.016	0.08	1112.0	1107.0	814.85	44.8599	292.329	29.698	0.153917	0.319368	-0.05	0.0	0.498819	0.0	3.09185	0.0	0.0417941	0.0	0.0221072	0.0	0.03	0.0	1.492	0.04	5.0	0.0	1.733	0.07	0.0334104	0.0	1.71938e-05	0.0002901	0.297112	0.0606256	0.294117	0.0	0.000270012	0.0	5.11954e-05	0.00176873	1.60695	0.0	0.748724	0.0505103	0.844616	0.162174	1.0	8.63443	0.518638	0.163823	0.137302	0.126036	0.217029	0.104264	0.18685	64.5785	-2793.7	4.0	453.771	-17054.3	3.0	5.0134	1.0	524.009	42.9665	290.841	35.6408	0.356926	0.0390768	1.0748	0.0124187	
0.0-2.4	10.0-13.0	10.0-60.0	0.000-1.571	0.008	0.136	4378.0	4377.0	3258.77	125.601	1117.95	74.5628	-0.877317	0.20037	-0.05	0.0	0.498819	0.0	3.09185	0.0	0.0417941	0.0	0.0221072	0.0014445	0.03	0.0	1.492	0.04	5.0	0.0	1.733	0.07	0.0334104	0.000239517	1.21637e-05	1.85867	0.47387	0.136462	0.294117	0.0	0.000270012	0.0	0.000838376	0.00114217	1.60695	0.0	0.809418	0.0309234	0.930796	0.392943	0.546427	0.370929	0.0895778	0.383713	0.115377	0.296606	0.331522	0.12134	0.0374091	0.0483194	-2186.06	4.0	13958.9	-149909.0	4.0	3517.25	1.0	2148.65	134.528	1110.12	114.325	0.340656	0.0325326	1.10542	0.0079916	
0.0-2.4	10.0-13.0	10.0-60.0	0.393-0.785	0.016	0.088	1120.0	1118.0	865.419	72.1478	253.2	35.6387	-1.04187	0.370302	-0.05	0.0	0.498819	0.0	3.09185	0.0	0.0417941	0.0	0.0221072	0.0	0.03	0.0	1.492	0.04	5.0	0.0	1.733	0.07	0.0334104	0.0	1.60627e-05	0.00013147	0.59807	0.459541	0.294117	0.0	0.000270012	0.0	0.00107117	0.00207184	1.60695	0.0	0.796596	0.0591804	0.711651	0.111045	1.0	38.1712	0.306419	0.117413	0.0496957	0.0198995	0.186897	0.0495038	0.02	298.492	-2145.95	4.0	5092.91	-42026.5	3.0	852.567	1.0	565.289	77.5752	300.13	66.5059	0.346803	0.0712022	1.09883	0.0151422	
0.0-2.4	10.0-13.0	10.0-60.0	0.785-1.178	0.016	0.105	1108.0	1107.0	837.383	77.2458	270.234	45.3295	-1.57778	0.638041	-0.05	0.0	0.498819	0.0	3.09185	0.0	0.0417941	0.0	0.0221072	0.0	0.03	0.0	1.492	0.04	5.0	0.0	1.733	0.07	0.0334104	0.0	8.5376e-05	0.000184274	0.683903	0.668759	0.294117	0.0	0.000270012	0.0	-5.53159e-05	0.00301616	1.60695	0.0	0.947411	0.0809819	0.978597	5.32918	0.999994	798.548	0.41797	26.5303	0.194068	11.7317	0.556887	3.22144	0.0203084	4114.5	212.474	4.0	5660.99	-48265.1	3.0	507.615	1.0	540.559	82.3514	296.824	71.028	0.354466	0.0782655	1.18029	0.0229425	
0.0-2.4	10.0-13.0	10.0-60.0	1.178-1.571	0.016	0.056	1037.0	1009.0	723.178	47.0364	286.592	31.8147	-1.11936	0.376893	-0.05	0.0	0.498819	0.0	3.09185	0.0	0.0417941	0.0	0.0221072	0.0	0.03	0.0	1.492	0.04	5.0	0.0	1.733	0.07	0.0334104	0.0	1.27211e-05	0.00181467	0.338533	0.108101	0.294117	0.0	0.000270012	0.0	0.00360732	0.00255611	1.60695	0.0	0.885434	0.0699347	0.79278	9.0033	0.584491	3.37584	3.43229e-05	288.562	0.0110834	0.536776	0.279495	0.333622	0.0453707	0.207097	-1816.38	4.0	941.932	-18187.7	3.0	40.7271	1.0	489.962	49.0521	233.217	40.2573	0.322488	0.0515643	1.14582	0.0190737	
0.0-2.4	10.0-30.0	0.0-100.0	0.000-0.393	0.008	0.088	2734.0	2729.0	2012.35	82.1816	716.973	50.8246	-0.0540108	0.227355	-0.05	0.0	0.498678	0.0	3.09289	0.0	0.0428563	0.0	0.0213618	0.0	0.03	0.0	1.492	0.04	5.0	0.0	1.733	0.07	0.033833	0.0	1.1122e-05	0.00169269	0.445048	0.101195	0.286858	0.0918796	0.000915639	0.00224089	0.0009977	0.00122748	1.62833	0.118442	0.849469	0.0362155	0.836928	1.60541	0.975834	44.0556	0.515848	12.6509	0.102909	0.614241	0.243729	0.154087	0.0204243	23.5706	-4291.52	4.0	3883.66	-63770.1	3.0	87.2107	1.0	1256.3	81.817	756.045	70.8171	0.375703	0.0316704	1.12925	0.04728	
0.0-2.4	10.0-30.0	0.0-100.0	0.000-1.571	0.008	0.136	10458.0	10456.0	7634.48	278.554	2821.86	214.485	-0.76559	0.171335	-0.05	0.0	0.498678	0.222274	3.09289	0.00120617	0.0428563	0.00460275	0.0213618	0.00475746	0.03	0.0	1.492	0.04	5.0	0.0	1.733	0.07	0.0338329	0.00163714	1.52572e-05	0.000100154	0.389974	0.0527927	0.236663	0.0682407	0.00122367	0.00140879	0.000163139	0.000654157	1.62012	0.0865195	0.85817	0.0201293	0.903723	0.448741	0.731085	0.908919	0.272241	0.62868	0.0786891	0.132651	0.306692	0.073264	0.0359366	0.0782652	-11397.2	4.0	20747.4	-304944.0	7.0	315689.0	1.0	4931.91	228.99	2702.57	172.566	0.353995	0.0185498	1.08782	0.0338563	
0.0-2.4	10.0-30.0	0.0-100.0	0.393-0.785	0.008	0.105	2675.0	2674.0	1946.71	88.335	727.656	51.6005	-0.722817	0.215881	-0.05	0.0	0.498678	0.0	3.09289	0.0	0.0428563	0.0	0.0213618	0.0	0.03	0.0	1.492	0.04	5.0	0.0	1.733	0.07	0.033833	0.0	1.01316e-05	0.00876397	0.391543	0.117637	0.100919	0.169121	0.00498796	0.00652429	-0.000744567	0.0011468	1.74041	0.515379	0.882994	0.0388873	0.694431	0.0328889	0.999999	1.82283	0.312607	0.0351135	0.0360461	0.00403437	0.208747	0.0170983	0.0200314	12.4693	-4094.45	4.0	6839.24	-71754.0	3.0	634.748	1.0	1265.35	97.1561	681.365	84.2526	0.350008	0.04026	1.00333	0.106095	
0.0-2.4	10.0-30.0	0.0-100.0	0.785-1.178	0.008	0.105	2524.0	2523.0	1835.62	90.3962	687.737	58.5378	-1.33369	0.306943	-0.05	0.0	0.498678	0.0	3.09289	0.0	0.0428563	0.0	0.0213618	0.0	0.03	0.0	1.492	0.04	5.0	0.0	1.733	0.07	0.033833	0.0	2.91026e-05	5.76628e-05	0.397773	0.14232	0.122074	0.0686439	0.00470031	0.00433712	0.000407332	0.00154	1.84586	0.2159	0.927636	0.0497358	0.850579	0.318522	0.79705	1.88469	0.165098	1.69985	0.0712107	0.0819033	0.441289	0.188856	0.0292904	0.130613	216.256	4.0	8331.02	-75439.0	3.0	457.888	1.0	1207.22	101.953	628.394	88.4181	0.342334	0.0451216	1.08231	0.0498578	
0.0-2.4	10.0-30.0	0.0-100.0	1.178-1.571	0.008	0.105	2522.0	2510.0	1836.85	72.5355	673.85	48.5552	-0.989736	0.246264	-0.05	0.0	0.498678	0.0	3.09289	0.0	0.0428563	0.0	0.0213618	0.0	0.03	0.0	1.492	0.04	5.0	0.0	1.733	0.07	0.033833	0.0	3.2121e-05	7.73774e-05	0.325801	0.0572143	0.662879	0.127118	-0.000594368	0.00123554	0.00254343	0.00225057	1.36549	0.0619482	0.688087	0.0634982	0.999742	753.926	0.644226	7.72516	0.178031	18.872	0.00101305	160.93	0.280595	0.088756	0.0436078	0.0455543	-5147.52	4.0	1869.59	-48669.5	3.0	7.23196	1.0	1189.86	72.475	646.99	60.8084	0.352228	0.0300409	1.18135	0.0447491	
0.0-2.4	10.0-30.0	10.0-60.0	0.000-0.393	0.008	0.088	1775.0	1770.0	1335.52	66.7318	434.771	39.2333	-0.117517	0.29119	-0.05	0.0	0.498678	0.0	3.09289	0.0	0.0428563	0.0	0.021201	0.0	0.03	0.0	1.492	0.04	5.0	0.0	1.733	0.07	0.0337822	0.0	1.1122e-05	0.00169269	0.463548	0.135095	0.236663	0.0	0.00122367	0.0	4.84654e-05	0.00135031	1.62012	0.0	0.817565	0.0396517	0.972952	28.2433	0.804262	3.52233	0.4836	8.91332	0.00100061	12.5266	0.245087	0.0712677	0.142801	0.10791	-2773.36	4.0	2704.97	-39574.0	3.0	68.0208	1.0	838.242	66.3939	497.281	57.1949	0.37235	0.0385734	1.06368	0.0116322	
0.0-2.4	10.0-30.0	10.0-60.0	0.000-1.571	0.008	0.136	6769.0	6767.0	5062.98	146.165	1704.68	87.1028	-0.825565	0.156937	-0.05	0.0	0.498678	0.0	3.09289	0.0	0.0428563	0.0	0.021201	0.00102838	0.03	0.0	1.492	0.04	5.0	0.0	1.733	0.07	0.0337822	0.000161774	1.52572e-05	0.000100154	0.447774	0.0883375	0.236663	0.0	0.00122367	0.0	0.000395197	0.000807393	1.62012	0.0	0.850779	0.0246577	0.908103	0.594007	0.597461	0.535014	0.121244	0.259485	0.0861476	0.247049	0.331406	0.0999774	0.0319372	0.0458934	-5291.37	4.0	17578.2	-215175.0	4.0	3388.85	1.0	3282.64	153.803	1780.34	131.591	0.351639	0.0239263	1.08338	0.00739053	
0.0-2.4	10.0-30.0	10.0-60.0	0.393-0.785	0.008	0.105	1702.0	1700.0	1281.08	77.7318	419.776	41.6366	-0.801192	0.281571	-0.05	0.0	0.498678	0.0	3.09289	0.0	0.0428563	0.0	0.021201	0.0	0.03	0.0	1.492	0.04	5.0	0.0	1.733	0.07	0.0337822	0.0	1.01316e-05	0.00876397	0.46913	0.22804	0.236663	0.0	0.00122367	0.0	0.000756637	0.00151116	1.62012	0.0	0.845742	0.0499495	0.617818	0.213638	1.0	13.658	0.275787	0.214801	0.0412438	0.0211224	0.198808	0.0594134	0.0200087	96.935	-2391.77	4.0	5983.1	-51708.9	3.0	730.326	1.0	858.945	86.0892	422.134	73.1514	0.329514	0.0534866	1.08037	0.014924	
0.0-2.4	10.0-30.0	10.0-60.0	0.785-1.178	0.008	0.105	1653.0	1652.0	1234.74	82.3287	417.59	50.2405	-1.42553	0.446023	-0.05	0.0	0.498678	0.0	3.09289	0.0	0.0428563	0.0	0.021201	0.0	0.03	0.0	1.492	0.04	5.0	0.0	1.733	0.07	0.0337822	0.0	2.91026e-05	5.76628e-05	0.503852	0.270753	0.236663	0.0	0.00122367	0.0	0.000282969	0.00188947	1.62012	0.0	0.932345	0.0573039	0.934	2.91922	0.940852	3.42045	0.360234	2.56823	0.050577	2.0895	0.576372	1.0827	0.130258	2.05534	608.535	4.0	6990.1	-58719.7	3.0	503.167	1.0	806.476	86.5855	428.261	73.6265	0.346844	0.0549619	1.13346	0.0179904	
0.0-2.4	10.0-30.0	10.0-60.0	1.178-1.571	0.008	0.08	1637.0	1618.0	1200.47	60.6931	417.574	38.7789	-0.971432	0.311689	-0.05	0.0	0.498678	0.0	3.09289	0.0	0.0428563	0.0	0.021201	0.0	0.03	0.0	1.492	0.04	5.0	0.0	1.733	0.07	0.0337822	0.0	1.97786e-05	7.38276e-05	0.359077	0.0853705	0.236663	0.0	0.00122367	0.0	0.00181854	0.00176835	1.62012	0.0	0.906054	0.053931	0.76705	1.62291	0.661786	0.733879	6.93616e-06	167.803	0.0134777	0.0376336	0.253308	0.110981	0.0426498	0.04156	-3088.25	4.0	1613.36	-31728.9	3.0	41.0264	1.0	763.371	62.0849	437.1	53.417	0.364107	0.0405103	1.11707	0.0166955	
0.0-2.4	13.0-30.0	0.0-100.0	0.000-0.393	0.008	0.064	1030.0	1026.0	784.558	57.378	241.976	32.5219	-0.479713	0.432891	-0.05	0.0	0.498737	0.0	3.09482	0.0	0.0449867	0.0	0.0203976	0.0	0.03	0.0	1.492	0.04	5.0	0.0	1.733	0.07	0.0348985	0.0	5.42312e-05	0.000155716	0.558336	0.246883	0.320965	0.160542	0.00391952	0.00307986	0.000845254	0.00216367	1.50857	0.163159	0.889273	0.0703604	0.881305	0.500892	0.999986	82.3591	0.466561	0.72162	0.0371562	0.0206476	0.300406	0.137431	0.0200709	561.18	-820.305	4.0	2282.56	-26765.0	3.0	72.8822	1.0	435.202	54.722	349.356	51.3251	0.44529	0.0567373	1.1258	0.0662552	
0.0-2.4	13.0-30.0	0.0-100.0	0.000-1.571	0.008	0.105	3675.0	3675.0	2730.29	158.013	945.023	128.516	-0.815823	0.275118	-0.05	0.0	0.498737	0.348742	3.09482	0.00165654	0.0449867	0.0119023	0.0203976	0.00635687	0.03	0.0	1.492	0.04	5.0	0.0	1.733	0.07	0.0348985	0.00393773	1.00009e-05	0.0022258	0.344041	0.0529563	0.132772	0.0920488	0.00351245	0.00313808	0.000183908	0.000916259	1.67468	0.204192	0.934737	0.0328192	0.883331	0.884742	0.907876	1.73811	0.351692	0.45981	0.0429332	0.0316788	0.316586	0.129726	0.0384942	0.0413717	-5445.87	4.0	4282.1	-76935.9	7.0	330789.0	1.0	1654.46	118.911	1075.83	94.0657	0.394034	0.0258254	1.06306	0.0485751	
0.0-2.4	13.0-30.0	0.0-100.0	0.393-0.785	0.008	0.064	925.0	919.0	651.253	37.0888	267.782	26.1358	-0.566545	0.338613	-0.05	0.0	0.498737	0.0	3.09482	0.0	0.0449867	0.0	0.0203976	0.0	0.03	0.0	1.492	0.04	5.0	0.0	1.733	0.07	0.0348985	0.0	1.55008e-05	0.000878565	0.239437	0.0422492	0.00883941	0.0082002	0.00999995	0.0180256	-0.00171982	0.00140638	3.31245	1.28622	0.915828	0.054162	0.653156	3.77607	1.0	2.38675	0.312483	3.48217	0.0298702	0.151696	0.197361	0.210181	0.02	110.166	-2535.01	4.0	156.995	-11533.2	3.0	1.4808	1.0	419.603	35.4586	231.65	29.3312	0.355698	0.0402254	0.963492	0.0387016	
0.0-2.4	13.0-30.0	0.0-100.0	0.785-1.178	0.008	0.056	842.0	829.0	606.471	35.6456	222.952	25.7915	-1.37367	0.458161	-0.05	0.0	0.498737	0.0	3.09482	0.0	0.0449867	0.0	0.0203976	0.0	0.03	0.0	1.492	0.04	5.0	0.0	1.733	0.07	0.0348985	0.0	3.39658e-05	0.000104935	0.224014	0.0365033	0.131789	0.1171	0.00298802	0.00557481	0.000178563	0.00169857	1.76077	0.331988	0.918689	0.0621018	0.99989	307.892	0.713061	86.9273	0.258888	2.94623	0.0775121	247.53	0.482766	14.4686	0.058054	10.009	-2028.69	4.0	106.599	-10666.8	3.0	83.7823	1.0	376.213	33.6803	230.259	28.785	0.379669	0.04189	1.06834	0.0752344	
0.0-2.4	13.0-30.0	0.0-100.0	1.178-1.571	0.008	0.08	875.0	874.0	674.094	43.5819	200.28	27.1634	-0.944251	0.457679	-0.05	0.0	0.498737	0.0	3.09482	0.0	0.0449867	0.0	0.0203976	0.0	0.03	0.0	1.492	0.04	5.0	0.0	1.733	0.07	0.0348985	0.0	1.65646e-05	0.000171567	0.316181	0.0833407	0.867045	0.0572375	0.000445439	0.00122049	0.000341413	0.00617248	1.22585	0.0404956	0.600018	5.08759	0.930212	1.0615	0.999999	2.51064	0.267187	0.927094	0.00101663	17.0248	0.27636	0.0995477	0.0200382	0.200573	-1655.82	4.0	818.801	-14928.0	3.0	0.759353	1.0	392.041	40.9724	282.053	36.9976	0.418418	0.0477552	1.16224	0.176146	
0.0-2.4	13.0-30.0	10.0-60.0	0.000-0.393	0.008	0.064	663.0	658.0	522.745	49.7746	136.198	24.464	-0.790347	0.547731	-0.05	0.0	0.498737	0.0	3.09482	0.0	0.0449867	0.0	0.0195751	0.0	0.03	0.0	1.492	0.04	5.0	0.0	1.733	0.07	0.0346615	0.0	5.42312e-05	0.000155716	0.749826	0.647621	0.132772	0.0	0.00351245	0.0	0.000718039	0.00226464	1.67468	0.0	0.926547	0.0746124	0.699708	12.0599	0.962938	1.32977	0.350501	9.32075	0.00105479	0.552101	0.297003	0.152603	0.0643127	0.164574	-1020.31	4.0	1771.92	-18777.6	3.0	154.782	1.0	303.412	48.6272	219.334	44.341	0.419581	0.0748257	1.05682	0.0283648	
0.0-2.4	13.0-30.0	10.0-60.0	0.000-1.571	0.008	0.08	2390.0	2385.0	1801.47	74.8574	583.568	45.1336	-0.737499	0.25053	-0.05	0.0	0.498737	0.0	3.09482	0.0	0.0449867	0.0	0.0195751	0.000701011	0.03	0.0	1.492	0.04	5.0	0.0	1.733	0.07	0.0346615	9.92239e-05	1.60278e-05	0.000108096	0.407656	0.0933385	0.132772	0.0	0.00351245	0.0	0.000374178	0.0011059	1.67468	0.0	0.923879	0.0410585	0.788042	0.890667	0.808763	0.979144	0.216114	0.601564	0.0324517	0.0464421	0.33091	0.111256	0.0297719	0.0434984	-3600.66	4.0	3440.57	-51214.2	4.0	1831.15	1.0	1132.44	75.2486	669.025	64.968	0.371378	0.0325954	1.05479	0.0155939	
0.0-2.4	13.0-30.0	10.0-60.0	0.393-0.785	0.008	0.064	582.0	580.0	413.615	28.6648	166.643	20.2283	-0.44026	0.420375	-0.05	0.0	0.498737	0.0	3.09482	0.0	0.0449867	0.0	0.0195751	0.0	0.03	0.0	1.492	0.04	5.0	0.0	1.733	0.07	0.0346615	0.0	1.55008e-05	0.000878565	0.214817	0.0482996	0.132772	0.0	0.00351245	0.0	-0.000205348	0.00193672	1.67468	0.0	0.921747	0.0773914	0.558877	0.159153	0.999999	42.4631	0.284113	0.205259	0.0378531	0.0170776	0.216985	0.0793629	0.0201905	181.9	-1668.72	4.0	66.4638	-6398.36	3.0	2.12246	1.0	282.6	28.1061	131.015	22.1092	0.316755	0.0487381	1.05318	0.0293702	
0.0-2.4	13.0-30.0	10.0-60.0	0.785-1.178	0.012	0.044	544.0	528.0	386.71	28.7745	142.179	21.2983	-1.23157	0.583161	-0.05	0.0	0.498737	0.0	3.09482	0.0	0.0449867	0.0	0.0195751	0.0	0.03	0.0	1.492	0.04	5.0	0.0	1.733	0.07	0.0346615	0.0	3.14561e-05	0.000114974	0.233391	0.0494591	0.132772	0.0	0.00351245	0.0	2.67434e-05	0.00198571	1.67468	0.0	0.920996	0.0769882	0.847334	0.163642	1.0	0.14228	0.213004	0.183465	0.0508086	0.0353483	0.501653	0.276749	4.7195	99.5675	-1158.96	4.0	75.9941	-6501.86	3.0	100.451	1.0	253.15	26.7352	133.56	21.4177	0.345374	0.0490612	1.05261	0.0292092	
0.0-2.4	13.0-30.0	10.0-60.0	1.178-1.571	0.008	0.08	600.0	598.0	468.733	38.0784	130.129	22.0125	-0.673049	0.5366	-0.05	0.0	0.498737	0.0	3.09482	0.0	0.0449867	0.0	0.0195751	0.0	0.03	0.0	1.492	0.04	5.0	0.0	1.733	0.07	0.0346615	0.0	1.65646e-05	0.000171567	0.386671	0.137722	0.132772	0.0	0.00351245	0.0	-0.000557862	0.0023436	1.67468	0.0	0.89688	0.0859476	0.731793	4.27358	0.999364	43.0722	0.0305047	9.19235	0.0125839	0.0750368	0.188869	0.48856	0.0200281	102.002	-1308.48	4.0	683.605	-10608.2	3.0	13.0961	1.0	267.277	37.2716	201.457	34.4321	0.42979	0.0646298	1.03439	0.0323138	
0.0-2.4	6.5-10.0	0.0-100.0	0.000-0.393	0.016	0.152	11432.0	11422.0	5746.06	176.184	5676.91	166.183	-0.0465169	0.100685	-0.05	0.0	0.394629	0.0	3.09232	0.0	0.0511511	0.0	0.0252817	0.0	0.03	0.0	1.492	0.04	5.0	0.0	1.733	0.07	0.0376756	0.0	1.90055e-05	0.000117681	0.326016	0.0612718	0.138357	0.0473332	0.00466897	0.00498227	0.00283772	0.00104113	1.9815	0.167728	0.949284	0.022173	0.570955	4.10144	0.674871	1.90987	0.55409	2.10563	0.0230467	0.116484	0.229171	0.0937572	0.109591	0.122515	-35090.2	4.0	11976.4	-405097.0	3.0	544.604	1.0	4202.44	205.11	1543.62	166.454	0.268639	0.0277726	1.14878	0.0378673	
0.0-2.4	6.5-10.0	0.0-100.0	0.000-1.571	0.008	0.136	41135.0	41037.0	21140.5	677.711	19897.1	681.358	-0.121023	0.0627657	-0.05	0.0	0.394629	0.19586	3.09232	0.000643978	0.0511511	0.0112822	0.0252817	0.00287271	0.03	0.0	1.492	0.04	5.0	0.0	1.733	0.07	0.0376756	0.00307818	2.70702e-05	5.76409e-05	0.315969	0.0281883	0.173814	0.044334	0.00399264	0.00245512	0.00368005	0.000578302	1.78243	0.0904393	0.95806	0.0132369	0.485164	3.14634	0.680511	1.24041	0.516838	2.23786	0.0334272	0.23761	0.356429	0.409119	0.143217	0.275423	-53764.1	4.0	61331.0	-1723120.0	7.0	327277.0	1.0	15609.0	576.963	5531.56	337.562	0.261657	0.0135869	1.14479	0.0254776	
0.0-2.4	6.5-10.0	0.0-100.0	0.393-0.785	0.016	0.145	10737.0	10723.0	5352.57	158.931	5371.0	161.318	-0.30196	0.0999795	-0.05	0.0	0.394629	0.0	3.09232	0.0	0.0511511	0.0	0.0252817	0.0	0.03	0.0	1.492	0.04	5.0	0.0	1.733	0.07	0.0376756	0.0	1.01928e-05	2.11886	0.328185	0.0481944	0.175237	0.0863871	0.00684653	0.00488837	0.0047748	0.00122159	1.78736	0.174703	1.02084	0.0284562	0.507038	0.626817	0.870136	0.312166	0.49059	0.532469	0.0509479	0.0676517	0.229576	0.127979	0.367524	0.825942	-29870.0	4.0	3758.0	-334790.0	3.0	80.7936	1.0	4005.31	169.815	1347.26	127.647	0.251704	0.0226465	1.19135	0.0463804	
0.0-2.4	6.5-10.0	0.0-100.0	0.785-1.178	0.016	0.152	9989.0	9986.0	5331.96	177.919	4654.54	168.943	0.0801459	0.13228	-0.05	0.0	0.394629	0.0	3.09232	0.0	0.0511511	0.0	0.0252817	0.0	0.03	0.0	1.492	0.04	5.0	0.0	1.733	0.07	0.0376756	0.0	6.29812e-05	0.000142295	0.406374	0.113975	0.099274	0.0560735	0.00969724	0.0193283	0.00153209	0.00116039	1.94297	0.233692	0.974689	0.0277546	0.768809	5.10556	0.403069	2.68732	0.525733	0.620618	0.0472441	0.245631	0.315195	0.264769	0.0837136	0.084509	8327.24	4.0	31729.3	-436202.0	3.0	25.224	1.0	3847.98	222.601	1483.98	188.458	0.278318	0.0341031	1.10927	0.0425216	
0.0-2.4	6.5-10.0	0.0-100.0	1.178-1.571	0.016	0.152	8975.0	8971.0	4701.97	154.011	4269.59	173.668	-0.22662	0.120121	-0.05	0.0	0.394629	0.0	3.09232	0.0	0.0511511	0.0	0.0252817	0.0	0.03	0.0	1.492	0.04	5.0	0.0	1.733	0.07	0.0376756	0.0	5.59521e-05	0.000206186	0.231585	0.0235063	0.652049	0.158969	-0.000734564	0.0019028	0.00225027	0.00153303	1.37047	0.0645511	0.624789	0.0524433	0.667251	0.366465	0.864011	0.586878	0.623862	0.194036	0.0706837	0.0910138	0.500838	0.650077	0.608119	4.73226	-8775.36	4.0	1018.91	-313913.0	3.0	6272.88	1.0	3512.32	148.023	1189.65	100.964	0.25301	0.0198092	1.1664	0.0566141	
0.0-2.4	6.5-10.0	10.0-60.0	0.000-0.393	0.016	0.152	6805.0	6803.0	3720.89	130.7	3082.54	113.321	-0.113325	0.126148	-0.05	0.0	0.394629	0.0	3.09232	0.0	0.0511511	0.0	0.0250948	0.0	0.03	0.0	1.492	0.04	5.0	0.0	1.733	0.07	0.0375999	0.0	1.90055e-05	0.000117681	0.275339	0.0426922	0.173814	0.0	0.00399264	0.0	0.00239771	0.00117228	1.78243	0.0	0.871568	0.0264486	0.409575	1.62223	0.740487	0.912222	0.32603	1.85795	0.0220198	0.0476687	0.198614	0.0789562	0.0697442	0.0869685	-26966.2	4.0	4024.19	-203048.0	3.0	450.15	1.0	2709.51	144.091	1011.37	113.869	0.27181	0.0290751	1.08619	0.00876686	
0.0-2.4	6.5-10.0	10.0-60.0	0.000-1.571	0.008	0.16	23837.0	23833.0	13614.5	257.447	10219.4	232.397	-0.123255	0.0841174	-0.05	0.0	0.394629	0.0	3.09232	0.0	0.0511511	0.0	0.0250948	0.000579842	0.03	0.0	1.492	0.04	5.0	0.0	1.733	0.07	0.0375999	0.000117138	1.92169e-05	7.62105e-05	0.30003	0.0325799	0.173814	0.0	0.00399264	0.0	0.00256053	0.000705736	1.78243	0.0	0.918162	0.015813	0.495269	0.72314	0.905542	0.155352	0.504803	0.667174	0.0454444	0.0675298	0.251721	0.116747	0.574274	1.59617	-33530.1	4.0	56184.2	-929339.0	4.0	684.644	1.0	9961.02	304.817	3653.49	249.413	0.268353	0.0176028	1.11746	0.00536724	
0.0-2.4	6.5-10.0	10.0-60.0	0.393-0.785	0.016	0.145	6263.0	6261.0	3527.59	123.133	2733.73	116.103	-0.226396	0.138543	-0.05	0.0	0.394629	0.0	3.09232	0.0	0.0511511	0.0	0.0250948	0.0	0.03	0.0	1.492	0.04	5.0	0.0	1.733	0.07	0.0375999	0.0	1.01928e-05	2.11886	0.285297	0.0490217	0.173814	0.0	0.00399264	0.0	0.00386957	0.00151772	1.78243	0.0	1.01362	0.0360825	0.463516	0.517571	0.874775	0.248225	0.475288	0.6278	0.0386977	0.0553081	0.295739	0.227299	0.511986	1.38894	-19534.1	4.0	1991.36	-178726.0	3.0	188.976	1.0	2688.83	132.659	838.764	98.2182	0.237772	0.0265771	1.18367	0.0127642	
0.0-2.4	6.5-10.0	10.0-60.0	0.785-1.178	0.016	0.152	5596.0	5593.0	3349.09	145.715	2244.19	120.213	-0.00251825	0.217369	-0.05	0.0	0.394629	0.0	3.09232	0.0	0.0511511	0.0	0.0250948	0.0	0.03	0.0	1.492	0.04	5.0	0.0	1.733	0.07	0.0375999	0.0	6.29812e-05	0.000142295	0.406985	0.161431	0.173814	0.0	0.00399264	0.0	0.00202819	0.00160653	1.78243	0.0	0.903435	0.0324137	0.40328	18.9332	0.617264	12.3119	0.371838	18.29	0.00100324	11.2118	0.356801	0.289765	0.0990745	0.0440396	19438.2	4.0	31552.3	-262689.0	3.0	287.767	1.0	2361.48	187.384	987.609	162.489	0.294889	0.04679	1.1075	0.0109228	
0.0-2.4	6.5-10.0	10.0-60.0	1.178-1.571	0.016	0.136	5172.0	5168.0	3019.39	115.069	2149.43	113.903	-0.133818	0.212663	-0.05	0.0	0.394629	0.0	3.09232	0.0	0.0511511	0.0	0.0250948	0.0	0.03	0.0	1.492	0.04	5.0	0.0	1.733	0.07	0.0375999	0.0	5.49261e-05	0.000220802	0.255916	0.0326278	0.173814	0.0	0.00399264	0.0	0.000717873	0.00136255	1.78243	0.0	0.861672	0.0284296	0.488677	0.154421	0.864997	0.280332	0.451118	0.211226	0.0523375	0.025346	0.269931	0.102642	1.70437	17.4404	-16143.5	4.0	1129.38	-150691.0	3.0	1966.97	1.0	2173.53	113.755	845.854	84.3677	0.280141	0.025822	1.07965	0.00937297	
0.0-2.4	6.5-30.0	0.0-10.0	0.000-0.393	0.008	0.136	5290.0	5274.0	2434.65	121.572	2839.99	124.687	0.0328917	0.149845	-0.05	0.0	0.426288	0.0	3.09249	0.0	0.0482784	0.0	0.0244833	0.0	0.03	0.0	1.492	0.04	5.0	0.0	1.733	0.07	0.0365718	0.0	2.92627e-05	6.86787e-05	0.384508	0.131334	0.19835	0.0	0.00208889	0.0	0.00376361	0.00188335	1.70743	0.0	1.01214	0.0392486	1.0	17.2016	0.45551	0.0141114	0.672904	0.00708183	0.00215605	108.504	0.283638	0.00476317	0.123499	0.00190004	-11133.1	4.0	7838.51	-184559.0	3.0	101.96	1.0	1701.47	142.634	733.18	120.277	0.301144	0.0470577	1.183	0.0134597	
0.0-2.4	6.5-30.0	0.0-10.0	0.000-1.571	0.008	0.136	19813.0	19764.0	9093.43	224.612	10671.7	248.235	-0.159927	0.0686732	-0.05	0.0	0.426288	0.0	3.09249	0.0	0.0482784	0.0	0.0244833	0.00119586	0.03	0.0	1.492	0.04	5.0	0.0	1.733	0.07	0.0365718	0.00022965	1.61666e-05	1.68756e-05	0.312588	0.0384358	0.19835	0.0	0.00208889	0.0	0.00235027	0.000836235	1.70743	0.0	0.948094	0.020642	0.877228	0.541922	0.384614	0.421799	0.469208	0.399685	0.179388	0.335146	0.365054	0.198268	0.0652007	0.0820594	-23871.0	4.0	14140.5	-727952.0	4.0	3341.85	1.0	6488.0	239.103	2605.43	188.758	0.286517	0.0195139	1.13967	0.00688303	
0.0-2.4	6.5-30.0	0.0-10.0	0.393-0.785	0.008	0.145	5172.0	5160.0	2247.72	104.247	2912.9	114.26	-0.409513	0.134321	-0.05	0.0	0.426288	0.0	3.09249	0.0	0.0482784	0.0	0.0244833	0.0	0.03	0.0	1.492	0.04	5.0	0.0	1.733	0.07	0.0365718	0.0	2.84864e-05	5.39292e-05	0.351396	0.0663888	0.19835	0.0	0.00208889	0.0	0.00360223	0.00159431	1.70743	0.0	0.985866	0.0393388	0.300342	94.3647	0.762407	53.2173	8.92372e-05	332.394	0.00522316	0.190842	0.184683	2.03986	0.132183	2.53687	-12169.0	4.0	1889.43	-143096.0	3.0	4.31771	1.0	1521.41	107.623	726.306	87.9686	0.32313	0.0361538	1.16508	0.0133426	
0.0-2.4	6.5-30.0	0.0-10.0	0.785-1.178	0.008	0.128	4917.0	4915.0	2341.3	106.434	2573.71	112.541	0.0910547	0.150889	-0.05	0.0	0.426288	0.0	3.09249	0.0	0.0482784	0.0	0.0244833	0.0	0.03	0.0	1.492	0.04	5.0	0.0	1.733	0.07	0.0365718	0.0	2.19419e-05	6.75748	0.322613	0.0667411	0.19835	0.0	0.00208889	0.0	0.00357768	0.00166987	1.70743	0.0	0.969616	0.0437326	0.464925	1.52471	0.87808	2.12021	0.425447	0.989916	0.0573867	0.0917184	0.235151	0.175366	0.0714493	0.140026	-13794.6	4.0	1880.16	-142694.0	3.0	34.249	1.0	1696.78	111.479	644.522	85.6526	0.275284	0.0343763	1.15409	0.0147272	
0.0-2.4	6.5-30.0	0.0-10.0	1.178-1.571	0.008	0.152	4433.0	4431.0	2073.43	106.336	2357.66	133.477	-0.384934	0.140647	-0.05	0.0	0.426288	0.0	3.09249	0.0	0.0482784	0.0	0.0244833	0.0	0.03	0.0	1.492	0.04	5.0	0.0	1.733	0.07	0.0365718	0.0	1.0825e-05	4.3417e-05	0.204662	0.0279591	0.19835	0.0	0.00208889	0.0	0.00221605	0.00149951	1.70743	0.0	0.881274	0.0389541	0.814549	1.13678	0.394502	1.70076	0.327959	3.33484	0.126548	0.298011	0.763996	1.23451	0.0436288	0.221656	4000.0	4.0	256.982	-150837.0	3.0	16841.1	1.0	1556.1	99.8072	517.332	65.549	0.249505	0.0289085	1.09583	0.0125567	
0.0-2.4	6.5-30.0	0.0-100.0	0.000-0.393	0.008	0.152	14167.0	14157.0	7748.91	194.372	6408.9	172.647	-0.0504299	0.0924398	-0.05	0.0	0.426288	0.0	3.09249	0.0	0.0482784	0.0	0.0241374	0.0	0.03	0.0	1.492	0.04	5.0	0.0	1.733	0.07	0.0364396	0.0	1.87871e-05	0.000150437	0.364547	0.0524133	0.188773	0.046412	0.00195616	0.00245764	0.00234642	0.000823583	1.81358	0.104055	0.917821	0.0194897	0.664395	2.65679	0.710478	1.13779	0.569353	1.15988	0.0258466	0.109153	0.225618	0.0729007	0.118615	0.135413	-38892.7	4.0	14713.3	-491094.0	3.0	420.349	1.0	5449.2	213.992	2299.71	174.461	0.296779	0.021248	1.14204	0.0300255	
0.0-2.4	6.5-30.0	0.0-100.0	0.000-1.571	0.004	0.164	51593.0	51575.0	28704.1	581.821	22871.0	569.258	-0.203115	0.0553516	-0.05	0.0	0.426288	0.129696	3.09249	0.00051234	0.0482784	0.00574933	0.0241374	0.00208366	0.03	0.0	1.492	0.04	5.0	0.0	1.733	0.07	0.0364396	0.00167114	1.00456e-05	6.70688e-06	0.342124	0.0267089	0.19835	0.0380118	0.00208889	0.00129289	0.00266526	0.000453251	1.70743	0.0628596	0.939519	0.0114513	0.602001	0.489388	0.921968	0.295837	0.549161	0.331335	0.0577996	0.0917483	0.284072	0.15277	0.401447	1.90228	-57529.7	4.0	73138.7	-2117720.0	7.0	6530.7	1.0	20471.5	525.891	8232.6	363.626	0.286809	0.0112554	1.13396	0.0198175	
0.0-2.4	6.5-30.0	0.0-100.0	0.393-0.785	0.008	0.145	13413.0	13399.0	7288.43	181.969	6111.14	168.835	-0.353499	0.0919311	-0.05	0.0	0.426288	0.0	3.09249	0.0	0.0482784	0.0	0.0241374	0.0	0.03	0.0	1.492	0.04	5.0	0.0	1.733	0.07	0.0364396	0.0	2.84864e-05	5.39292e-05	0.35019	0.0513149	0.147166	0.0720109	0.00527986	0.00343352	0.00230014	0.000890425	1.76284	0.161967	0.991833	0.0239989	0.596396	0.599702	0.89345	0.22291	0.46969	0.463796	0.0524164	0.0686811	0.212707	0.0702372	0.372683	0.740747	-30858.6	4.0	10585.6	-427424.0	3.0	49.934	1.0	5252.5	202.938	2035.93	163.004	0.279338	0.0212495	1.13855	0.039342	
0.0-2.4	6.5-30.0	0.0-100.0	0.785-1.178	0.008	0.152	12514.0	12511.0	7140.71	199.991	5370.37	178.08	-0.0970088	0.117816	-0.05	0.0	0.426288	0.0	3.09249	0.0	0.0482784	0.0	0.0241374	0.0	0.03	0.0	1.492	0.04	5.0	0.0	1.733	0.07	0.0364396	0.0	1.02728e-05	0.00383331	0.400273	0.0888845	0.110192	0.0438595	0.00642572	0.00380672	0.00238199	0.00094322	1.89395	0.158315	0.988731	0.0246593	0.606449	0.33476	1.0	0.00114076	0.554569	0.2457	0.0750463	0.0444424	0.304862	0.0825791	0.401019	118.514	9948.47	4.0	40818.9	-536282.0	3.0	3.1954	1.0	5064.74	241.302	2075.96	203.68	0.290722	0.027337	1.12478	0.0309164	
0.0-2.4	6.5-30.0	0.0-100.0	1.178-1.571	0.008	0.152	11498.0	11494.0	6529.04	170.584	4965.17	179.223	-0.328593	0.112156	-0.05	0.0	0.426288	0.0	3.09249	0.0	0.0482784	0.0	0.0241374	0.0	0.03	0.0	1.492	0.04	5.0	0.0	1.733	0.07	0.0364396	0.0	1.0825e-05	4.3417e-05	0.25972	0.0237305	0.588479	0.127844	-0.000847859	0.00122532	0.00261798	0.00119408	1.39348	0.0566297	0.687254	0.0352575	0.699091	0.292517	0.898996	0.353538	0.577039	0.191013	0.0672885	0.0707908	0.419909	0.338537	0.641716	4.51877	-10594.1	4.0	2820.86	-381108.0	3.0	5767.66	1.0	4683.84	164.428	1845.2	119.939	0.282615	0.0168207	1.15632	0.045514	
0.0-2.4	6.5-30.0	10.0-20.0	0.000-0.393	0.008	0.128	3507.0	3503.0	1859.44	89.8531	1644.47	82.0658	0.165065	0.183073	-0.05	0.0	0.426288	0.0	3.09249	0.0	0.0482784	0.0	0.023432	0.0	0.03	0.0	1.492	0.04	5.0	0.0	1.733	0.07	0.0361745	0.0	1.21272e-05	9.04109	0.319853	0.0632114	0.19835	0.0	0.00208889	0.0	-0.000831527	0.00163245	1.70743	0.0	0.945229	0.0374382	0.977717	38.1955	0.706503	5.23545	0.668753	5.89582	0.00105379	9.84028	0.192624	0.0569677	0.135209	0.0815056	-9285.56	4.0	2567.59	-96616.1	3.0	85.8098	1.0	1202.91	95.4999	656.53	82.1455	0.35308	0.0407499	1.13776	0.0124669	
0.0-2.4	6.5-30.0	10.0-20.0	0.000-1.571	0.008	0.16	12552.0	12550.0	6747.97	192.173	5801.67	174.293	-0.128405	0.106077	-0.05	0.0	0.426288	0.0	3.09249	0.0	0.0482784	0.0	0.023432	0.000522179	0.03	0.0	1.492	0.04	5.0	0.0	1.733	0.07	0.0361745	9.70265e-05	1.13588e-05	0.0219528	0.383943	0.0666991	0.19835	0.0	0.00208889	0.0	0.00297797	0.00101628	1.70743	0.0	0.951551	0.0241298	0.468178	307.183	0.841965	64.8059	0.418236	278.131	0.0347102	15.5031	0.201425	6.5383	0.440651	28.3927	-15350.9	4.0	18898.2	-458894.0	4.0	7417.94	1.0	4634.12	215.329	2113.86	180.481	0.313258	0.0252143	1.14198	0.00805905	
0.0-2.4	6.5-30.0	10.0-20.0	0.393-0.785	0.008	0.128	3160.0	3146.0	1669.65	96.8487	1476.93	83.9965	-0.112614	0.189263	-0.05	0.0	0.426288	0.0	3.09249	0.0	0.0482784	0.0	0.023432	0.0	0.03	0.0	1.492	0.04	5.0	0.0	1.733	0.07	0.0361745	0.0	2.00232e-05	3.80084e-05	0.483343	0.291531	0.19835	0.0	0.00208889	0.0	0.00356386	0.00227097	1.70743	0.0	0.948059	0.0595106	0.453026	1.247	0.894297	0.260341	0.164757	1.59694	0.0362307	0.0630298	0.136477	0.0524508	0.240823	0.332716	-6572.03	4.0	5594.58	-96050.6	3.0	506.664	1.0	1277.84	125.407	391.808	103.68	0.234664	0.0605863	1.13964	0.0198434	
0.0-2.4	6.5-30.0	10.0-20.0	0.785-1.178	0.008	0.152	3146.0	3143.0	1713.7	112.069	1429.42	101.411	-0.118287	0.264652	-0.05	0.0	0.426288	0.0	3.09249	0.0	0.0482784	0.0	0.023432	0.0	0.03	0.0	1.492	0.04	5.0	0.0	1.733	0.07	0.0361745	0.0	1.02728e-05	0.00383331	0.484212	0.219496	0.19835	0.0	0.00208889	0.0	0.00156264	0.00190505	1.70743	0.0	0.969486	0.0461351	0.997338	473.806	0.452163	128.198	0.584263	92.0516	0.00778996	747.101	0.654887	10.8177	0.111811	2.0969	1205.47	4.0	9124.63	-130675.0	3.0	504.611	1.0	1143.88	120.081	569.821	101.056	0.332509	0.0548135	1.154	0.0155353	
0.0-2.4	6.5-30.0	10.0-20.0	1.178-1.571	0.008	0.12	2739.0	2730.0	1507.31	78.0561	1223.23	74.6165	-0.536747	0.214287	-0.05	0.0	0.426288	0.0	3.09249	0.0	0.0482784	0.0	0.023432	0.0	0.03	0.0	1.492	0.04	5.0	0.0	1.733	0.07	0.0361745	0.0	1.01172e-05	3.47073	0.282558	0.0526649	0.19835	0.0	0.00208889	0.0	0.00173266	0.0018835	1.70743	0.0	0.940029	0.0513289	0.529392	0.204188	0.741559	0.4161	0.442225	0.292921	0.0456295	0.0362708	0.156814	0.039211	0.453931	0.669584	-5874.21	4.0	867.639	-65559.8	3.0	78.0958	1.0	984.765	79.4264	522.545	66.6348	0.346674	0.0403984	1.1343	0.0170502	
0.0-2.4	6.5-30.0	10.0-30.0	0.000-0.393	0.008	0.128	5953.0	5947.0	3324.99	126.18	2622.32	105.303	0.0377639	0.13877	-0.05	0.0	0.426288	0.0	3.09249	0.0	0.0482784	0.0	0.0233938	0.0	0.03	0.0	1.492	0.04	5.0	0.0	1.733	0.07	0.0361603	0.0	1.21272e-05	9.04109	0.376192	0.067094	0.19835	0.0	0.00208889	0.0	0.00141505	0.00118864	1.70743	0.0	0.901303	0.0290172	0.538382	1.90772	0.718023	0.9304	0.443179	1.39082	0.0209936	0.0618767	0.182469	0.0722161	0.0902731	0.0921968	-18175.3	4.0	5759.25	-185739.0	3.0	635.797	1.0	2271.45	134.143	1053.54	110.283	0.316854	0.0309117	1.10882	0.00945414	
0.0-2.4	6.5-30.0	10.0-30.0	0.000-1.571	0.004	0.164	21082.0	21080.0	11958.0	248.309	9122.65	217.9	-0.120976	0.08933	-0.05	0.0	0.426288	0.0	3.09249	0.0	0.0482784	0.0	0.0233938	0.000556306	0.03	0.0	1.492	0.04	5.0	0.0	1.733	0.07	0.0361603	0.00010324	1.00456e-05	6.70688e-06	0.401154	0.0609387	0.19835	0.0	0.00208889	0.0	0.00269871	0.00071477	1.70743	0.0	0.915873	0.0174849	0.482574	1.14329	0.889154	0.228368	0.430294	1.18789	0.0370387	0.0793177	0.200379	0.0786472	0.432071	0.806946	-8186.79	4.0	45914.6	-853804.0	4.0	1072.41	1.0	8357.77	294.157	3600.19	248.993	0.301071	0.0198617	1.11834	0.00573955	
0.0-2.4	6.5-30.0	10.0-30.0	0.393-0.785	0.008	0.145	5380.0	5378.0	3008.01	119.123	2370.23	101.667	-0.134934	0.144678	-0.05	0.0	0.426288	0.0	3.09249	0.0	0.0482784	0.0	0.0233938	0.0	0.03	0.0	1.492	0.04	5.0	0.0	1.733	0.07	0.0361603	0.0	2.84864e-05	5.39292e-05	0.367267	0.104513	0.19835	0.0	0.00208889	0.0	0.00370952	0.001554	1.70743	0.0	0.931524	0.0398687	0.461578	0.265098	0.892169	0.115877	0.305819	0.350418	0.0337169	0.0168537	0.148016	0.0217479	0.354634	0.296604	-14233.4	4.0	6602.14	-156615.0	3.0	386.399	1.0	2204.13	142.052	803.875	116.503	0.267245	0.037257	1.12866	0.0131892	
0.0-2.4	6.5-30.0	10.0-30.0	0.785-1.178	0.008	0.152	5055.0	5052.0	2941.64	141.922	2110.68	120.477	-0.176527	0.225384	-0.05	0.0	0.426288	0.0	3.09249	0.0	0.0482784	0.0	0.0233938	0.0	0.03	0.0	1.492	0.04	5.0	0.0	1.733	0.07	0.0361603	0.0	1.02728e-05	0.00383331	0.539182	0.272698	0.19835	0.0	0.00208889	0.0	0.00140432	0.00155633	1.70743	0.0	0.933946	0.0366522	1.0	840.112	0.453072	0.207614	0.586908	0.0489875	0.225969	1131.54	0.471655	0.186802	0.100325	0.0417131	26136.0	4.0	29790.3	-255197.0	3.0	202.869	1.0	1992.76	171.797	948.879	149.554	0.322568	0.0484	1.13026	0.0121394	
0.0-2.4	6.5-30.0	10.0-30.0	1.178-1.571	0.008	0.145	4693.0	4692.0	2680.72	107.059	2011.52	106.935	-0.240839	0.210075	-0.05	0.0	0.426288	0.0	3.09249	0.0	0.0482784	0.0	0.0233938	0.0	0.03	0.0	1.492	0.04	5.0	0.0	1.733	0.07	0.0361603	0.0	1.38171e-05	4.85666e-05	0.292932	0.0442138	0.19835	0.0	0.00208889	0.0	0.000909918	0.00137259	1.70743	0.0	0.889775	0.0323202	0.505628	0.0787842	0.843226	0.240412	0.447452	0.148751	0.0428595	0.0136951	0.222066	0.0664066	0.497559	0.789787	-13538.6	4.0	2073.87	-132363.0	3.0	1683.71	1.0	1843.5	106.079	837.216	83.3685	0.312311	0.0284886	1.10133	0.0104663	
0.0-2.4	6.5-30.0	10.0-60.0	0.000-0.393	0.008	0.152	8581.0	8579.0	5048.61	146.72	3530.61	119.501	-0.119118	0.115593	-0.05	0.0	0.426288	0.0	3.09249	0.0	0.0482784	0.0	0.0239935	0.0	0.03	0.0	1.492	0.04	5.0	0.0	1.733	0.07	0.0363851	0.0	1.87871e-05	0.000150437	0.337633	0.046584	0.19835	0.0	0.00208889	0.0	0.00155	0.000907176	1.70743	0.0	0.863315	0.0225856	0.545007	1.75212	0.770718	0.708945	0.431919	1.40613	0.0227672	0.0691032	0.203799	0.0634558	0.0870562	0.102404	-28335.4	4.0	6443.17	-256107.0	3.0	431.797	1.0	3555.55	156.145	1493.06	124.848	0.295737	0.0231876	1.08431	0.00720778	
0.0-2.4	6.5-30.0	10.0-60.0	0.000-1.571	0.004	0.164	30606.0	30603.0	18643.0	296.793	11960.0	247.764	-0.221955	0.0744501	-0.05	0.0	0.426288	0.0	3.09249	0.0	0.0482784	0.0	0.0239935	0.000480954	0.03	0.0	1.492	0.04	5.0	0.0	1.733	0.07	0.0363851	9.09783e-05	1.00456e-05	6.70688e-06	0.351106	0.0358732	0.19835	0.0	0.00208889	0.0	0.00217111	0.00054668	1.70743	0.0	0.897839	0.013654	0.548163	0.737415	0.925474	0.116192	0.461518	0.666127	0.0451841	0.0710149	0.256409	0.121024	0.666631	2.60061	-34268.8	4.0	57975.7	-1201010.0	4.0	913.673	1.0	13242.5	340.007	5400.51	280.271	0.28968	0.0143088	1.10656	0.00444057	
0.0-2.4	6.5-30.0	10.0-60.0	0.393-0.785	0.008	0.145	7965.0	7963.0	4801.06	145.703	3162.68	123.44	-0.304904	0.126885	-0.05	0.0	0.426288	0.0	3.09249	0.0	0.0482784	0.0	0.0239935	0.0	0.03	0.0	1.492	0.04	5.0	0.0	1.733	0.07	0.0363851	0.0	2.84864e-05	5.39292e-05	0.348915	0.0727067	0.19835	0.0	0.00208889	0.0	0.0029266	0.00117642	1.70743	0.0	0.949543	0.0326938	0.479652	0.704993	0.912774	0.170413	0.370684	0.810629	0.0382327	0.0453106	0.24801	0.131002	0.535478	1.53125	-18093.8	4.0	8541.21	-244398.0	3.0	54.2108	1.0	3556.63	168.254	1244.42	134.482	0.259198	0.0268836	1.14063	0.0109091	
0.0-2.4	6.5-30.0	10.0-60.0	0.785-1.178	0.008	0.152	7249.0	7246.0	4570.12	167.785	2676.83	130.002	-0.218066	0.184196	-0.05	0.0	0.426288	0.0	3.09249	0.0	0.0482784	0.0	0.0239935	0.0	0.03	0.0	1.492	0.04	5.0	0.0	1.733	0.07	0.0363851	0.0	1.02728e-05	0.00383331	0.421006	0.128199	0.19835	0.0	0.00208889	0.0	0.00234885	0.0012498	1.70743	0.0	0.883807	0.0279402	0.465603	15.6049	0.647973	7.56437	0.270321	15.6583	0.00998682	0.679129	0.453941	0.280142	0.0938408	0.135946	19880.3	4.0	40962.7	-339574.0	3.0	209.696	1.0	3171.8	197.726	1398.31	167.842	0.305969	0.0349658	1.09747	0.00901884	
0.0-2.4	6.5-30.0	10.0-60.0	1.178-1.571	0.008	0.152	6809.0	6808.0	4224.75	130.45	2583.28	119.929	-0.262167	0.181275	-0.05	0.0	0.426288	0.0	3.09249	0.0	0.0482784	0.0	0.0239935	0.0	0.03	0.0	1.492	0.04	5.0	0.0	1.733	0.07	0.0363851	0.0	1.0825e-05	4.3417e-05	0.294068	0.0348386	0.19835	0.0	0.00208889	0.0	0.00131401	0.00105788	1.70743	0.0	0.872073	0.0256145	0.546565	0.11319	0.894186	0.188554	0.41261	0.176465	0.0490988	0.0193939	0.257896	0.0663243	1.62365	13.8321	-17166.6	4.0	2580.84	-194202.0	3.0	2004.08	1.0	2940.67	129.967	1284.07	101.088	0.303941	0.0220102	1.08992	0.00821487	
0.0-2.4	6.5-30.0	20.0-30.0	0.000-0.393	0.008	0.105	2445.0	2439.0	1465.35	88.2166	973.69	65.9839	-0.158099	0.214298	-0.05	0.0	0.426288	0.0	3.09249	0.0	0.0482784	0.0	0.0233377	0.0	0.03	0.0	1.492	0.04	5.0	0.0	1.733	0.07	0.0361395	0.0	1.01047e-05	0.00333619	0.468806	0.159325	0.19835	0.0	0.00208889	0.0	0.00252621	0.0015668	1.70743	0.0	0.890523	0.0436784	0.510479	0.0369624	0.998684	2.81508	0.474663	0.0903663	0.0510863	0.00692188	0.139325	0.0147848	0.0201546	21.4809	-9104.63	4.0	3320.59	-74202.6	3.0	677.078	1.0	1055.75	93.4372	409.603	72.794	0.279525	0.0467397	1.10181	0.0141501	
0.0-2.4	6.5-30.0	20.0-30.0	0.000-1.571	0.008	0.136	8529.0	8513.0	5206.14	159.132	3307.28	130.286	-0.121583	0.159615	-0.05	0.0	0.426288	0.0	3.09249	0.0	0.0482784	0.0	0.0233377	0.00102725	0.03	0.0	1.492	0.04	5.0	0.0	1.733	0.07	0.0361395	0.00019029	1.61666e-05	1.68756e-05	0.432825	0.12256	0.19835	0.0	0.00208889	0.0	0.00171542	0.0010267	1.70743	0.0	0.858319	0.0257906	0.607001	0.860024	0.676719	2.01206	0.371595	1.07352	0.0483259	0.0495299	0.205826	0.107803	0.0355254	0.107496	5514.11	4.0	25387.8	-332841.0	4.0	1103.11	1.0	3713.03	202.08	1493.11	173.316	0.286798	0.0321157	1.08113	0.00820708	
0.0-2.4	6.5-30.0	20.0-30.0	0.393-0.785	0.008	0.105	2219.0	2196.0	1341.72	69.1624	855.139	55.8944	-0.157064	0.222451	-0.05	0.0	0.426288	0.0	3.09249	0.0	0.0482784	0.0	0.0233377	0.0	0.03	0.0	1.492	0.04	5.0	0.0	1.733	0.07	0.0361395	0.0	1.22898e-05	0.163554	0.26967	0.0498215	0.19835	0.0	0.00208889	0.0	0.00284754	0.00198909	1.70743	0.0	0.917045	0.0523728	0.658265	0.0717467	1.0	30.7344	0.606049	0.0510794	0.0516314	0.0126757	0.183115	0.0250815	0.0296878	168.503	-9612.17	4.0	438.463	-47167.4	3.0	34.6496	1.0	924.515	70.42	417.203	56.1279	0.310947	0.0386403	1.11911	0.0172019	
0.0-2.4	6.5-30.0	20.0-30.0	0.785-1.178	0.008	0.12	1909.0	1904.0	1230.15	89.9928	674.712	61.3259	-0.294099	0.421935	-0.05	0.0	0.426288	0.0	3.09249	0.0	0.0482784	0.0	0.0233377	0.0	0.03	0.0	1.492	0.04	5.0	0.0	1.733	0.07	0.0361395	0.0	1.50151e-05	1.29092	0.728212	1.00605	0.19835	0.0	0.00208889	0.0	0.00201659	0.00251389	1.70743	0.0	0.831947	0.0628196	0.533136	0.287845	0.948766	0.160629	0.333675	0.284345	0.0325683	0.0188219	0.149604	0.0362273	0.130367	0.107977	22545.9	4.0	15290.5	-102057.0	3.0	11.1062	1.0	837.459	134.955	392.688	123.631	0.31922	0.0977506	1.06447	0.0196794	
0.0-2.4	6.5-30.0	20.0-30.0	1.178-1.571	0.008	0.128	1954.0	1951.0	1172.51	73.3977	778.827	76.2021	0.199117	0.488537	-0.05	0.0	0.426288	0.0	3.09249	0.0	0.0482784	0.0	0.0233377	0.0	0.03	0.0	1.492	0.04	5.0	0.0	1.733	0.07	0.0361395	0.0	2.47983e-05	5.01035e-05	0.310184	0.0802287	0.19835	0.0	0.00208889	0.0	-0.00224689	0.00232202	1.70743	0.0	0.799176	0.0423729	0.816799	34.2327	0.439468	22.2401	0.256305	5.14964	0.0423695	0.634258	0.330448	2.15211	0.0350419	0.572411	-7874.26	4.0	1631.77	-55033.2	3.0	1859.75	1.0	856.07	71.7273	316.435	51.6274	0.26988	0.0406617	1.04415	0.0129994	
0.0-2.4	6.5-30.0	30.0-60.0	0.000-0.393	0.008	0.12	2628.0	2624.0	1717.45	74.0682	906.89	57.7267	-0.543759	0.215572	-0.05	0.0	0.426288	0.0	3.09249	0.0	0.0482784	0.0	0.0248331	0.0	0.03	0.0	1.492	0.04	5.0	0.0	1.733	0.07	0.0367068	0.0	1.00028e-05	2.85792e-05	0.251211	0.0443962	0.19835	0.0	0.00208889	0.0	0.00103509	0.00134547	1.70743	0.0	0.756157	0.0356116	0.62932	161.427	0.600945	126.26	0.18157	31.9528	0.0364461	7.48628	0.244229	1.28746	0.0200798	14.8954	-10658.8	4.0	545.109	-53877.8	3.0	0.0518193	1.0	1260.23	75.8607	457.215	56.4779	0.266218	0.0308154	1.01814	0.0106011	
0.0-2.4	6.5-30.0	30.0-60.0	0.000-1.571	0.008	0.145	9524.0	9520.0	6674.58	159.59	2845.2	119.373	-0.551712	0.138317	-0.05	0.0	0.426288	0.0	3.09249	0.0	0.0482784	0.0	0.0248331	0.000923161	0.03	0.0	1.492	0.04	5.0	0.0	1.733	0.07	0.0367069	0.000179154	1.27502e-05	0.000164255	0.267558	0.0274339	0.19835	0.0	0.00208889	0.0	0.000555625	0.000817426	1.70743	0.0	0.808837	0.021659	0.77704	1.4112	0.512679	1.0017	0.14895	0.244583	0.0508603	0.0656625	0.444127	0.187315	0.0426236	0.0294414	-31328.4	4.0	4847.0	-278231.0	4.0	370.082	1.0	4820.8	168.634	1853.77	130.828	0.277737	0.0184417	1.0501	0.00668689	
0.0-2.4	6.5-30.0	30.0-60.0	0.393-0.785	0.008	0.12	2585.0	2585.0	1798.72	83.9104	786.778	68.9788	-0.836788	0.307495	-0.05	0.0	0.426288	0.0	3.09249	0.0	0.0482784	0.0	0.0248331	0.0	0.03	0.0	1.492	0.04	5.0	0.0	1.733	0.07	0.0367068	0.0	1.0132e-05	0.0868918	0.295061	0.0738176	0.19835	0.0	0.00208889	0.0	-0.00108367	0.00179985	1.70743	0.0	0.88146	0.0540583	0.833522	47.8022	0.441056	13.2935	0.0630051	0.895659	0.0391817	0.439136	0.550104	0.743873	0.044097	0.144124	-5690.58	4.0	2308.64	-69823.1	3.0	813.395	1.0	1341.41	89.8049	457.309	67.854	0.254241	0.0358105	1.09595	0.0174272	
0.0-2.4	6.5-30.0	30.0-60.0	0.785-1.178	0.008	0.12	2194.0	2191.0	1621.7	85.3373	569.851	53.3047	-0.399068	0.27617	-0.05	0.0	0.426288	0.0	3.09249	0.0	0.0482784	0.0	0.0248331	0.0	0.03	0.0	1.492	0.04	5.0	0.0	1.733	0.07	0.0367068	0.0	1.50151e-05	1.29092	0.233855	0.0513647	0.19835	0.0	0.00208889	0.0	0.000706437	0.00194699	1.70743	0.0	0.815591	0.0441067	0.927687	1.67388	0.547919	1.49695	0.258862	0.209767	0.0741803	0.121318	0.400027	0.319307	0.0611445	0.103108	-11689.2	4.0	2202.39	-63667.6	3.0	185.444	1.0	1134.64	98.0419	487.057	81.8789	0.300338	0.0479523	1.05428	0.0136765	
0.0-2.4	6.5-30.0	30.0-60.0	1.178-1.571	0.008	0.12	2115.0	2102.0	1530.76	73.4085	571.595	54.7066	-0.334502	0.353853	-0.05	0.0	0.426288	0.0	3.09249	0.0	0.0482784	0.0	0.0248331	0.0	0.03	0.0	1.492	0.04	5.0	0.0	1.733	0.07	0.0367068	0.0	1.01172e-05	3.47073	0.295861	0.0557632	0.19835	0.0	0.00208889	0.0	0.001874	0.00171552	1.70743	0.0	0.828614	0.0432122	0.711534	0.523621	0.631676	0.790717	0.166248	0.31346	0.0453819	0.0783404	0.636324	0.755414	0.0627065	0.0485559	-5401.18	4.0	778.792	-47475.2	3.0	292.258	1.0	1079.92	73.8833	450.839	56.9574	0.294519	0.0344237	1.06239	0.0135092	
0.0-2.4	6.5-8.0	0.0-100.0	0.000-0.393	0.016	0.136	7628.0	7615.0	3348.92	152.903	4266.95	153.205	-0.103784	0.123625	-0.05	0.0	0.393959	0.0	3.0917	0.0	0.0507794	0.0	0.0266875	0.0	0.03	0.0	1.492	0.04	5.0	0.0	1.733	0.07	0.0380457	0.0	5.8071e-05	0.000360109	0.392235	0.12834	0.313059	0.129726	0.00413537	0.00521731	0.00300401	0.0017253	1.71404	0.172071	0.906803	0.0312809	0.998105	88.1717	0.568093	13.213	0.747217	10.1985	0.00170611	136.431	0.210732	3.14264	0.14422	2.966	-24016.1	4.0	10606.9	-305535.0	3.0	1210.83	1.0	2497.75	185.224	851.172	151.039	0.254163	0.0435824	1.21845	0.0683418	
0.0-2.4	6.5-8.0	0.0-100.0	0.000-1.571	0.016	0.16	27120.0	27114.0	12174.9	432.954	14939.6	456.974	-0.0840535	0.0794453	-0.05	0.0	0.393959	0.214123	3.0917	0.00107405	0.0507794	0.00738094	0.0266875	0.00378503	0.03	0.0	1.492	0.04	5.0	0.0	1.733	0.07	0.0380457	0.00210067	2.57968e-05	9.0559e-05	0.292337	0.0353317	0.307488	0.0880482	0.00439684	0.00310131	0.00338749	0.00088863	1.63221	0.0944826	0.914267	0.0183709	0.537793	0.339592	0.888611	0.457435	0.626251	0.343774	0.0682678	0.0953957	0.241785	0.356596	0.489905	3.3271	-68519.3	4.0	17914.9	-1171220.0	7.0	4145.42	1.0	9237.83	398.583	2937.05	248.716	0.241238	0.0185401	1.18239	0.0398083	
0.0-2.4	6.5-8.0	0.0-100.0	0.393-0.785	0.016	0.145	7015.0	7010.0	2950.25	125.767	4060.15	141.337	-0.197011	0.119673	-0.05	0.0	0.393959	0.0	3.0917	0.0	0.0507794	0.0	0.0266875	0.0	0.03	0.0	1.492	0.04	5.0	0.0	1.733	0.07	0.0380457	0.0	3.35609e-05	0.000234572	0.276897	0.0515229	0.488577	0.194943	0.00546084	0.00439552	0.00148986	0.00231937	1.47132	0.124323	0.86766	0.0508895	0.632223	0.172884	0.820736	0.363527	0.518601	0.112384	0.0652121	0.0344799	0.135824	0.0238266	0.246413	0.25672	-28589.7	4.0	747.939	-216753.0	3.0	6.05153	1.0	2336.05	133.049	614.193	92.0362	0.208184	0.0299071	1.20112	0.0689534	
0.0-2.4	6.5-8.0	0.0-100.0	0.785-1.178	0.016	0.152	6607.0	6604.0	3157.91	141.741	3446.87	147.223	0.144339	0.15216	-0.05	0.0	0.393959	0.0	3.0917	0.0	0.0507794	0.0	0.0266875	0.0	0.03	0.0	1.492	0.04	5.0	0.0	1.733	0.07	0.0380457	0.0	4.17642e-05	0.79061	0.250782	0.0421004	0.230575	0.110068	0.00708186	0.0153869	0.00248978	0.00160964	1.73111	0.184706	0.883872	0.0350049	0.387623	3.70627	0.432798	2.40133	0.390945	2.16889	0.0354684	0.196468	0.393458	0.455496	0.082984	0.0630134	-26909.5	4.0	3501.99	-249576.0	3.0	97.9295	1.0	2280.95	152.591	876.963	119.8	0.277703	0.0358302	1.13669	0.063544	
0.0-2.4	6.5-8.0	0.0-100.0	1.178-1.571	0.016	0.152	5869.0	5865.0	2718.45	131.78	3146.86	160.769	-0.156843	0.141016	-0.05	0.0	0.393959	0.0	3.0917	0.0	0.0507794	0.0	0.0266875	0.0	0.03	0.0	1.492	0.04	5.0	0.0	1.733	0.07	0.0380457	0.0	6.96199e-05	0.00138898	0.250975	0.0403193	0.599664	0.33064	-4.6222e-05	0.00372	0.00171276	0.00209335	1.40906	0.147928	0.654684	0.0561334	0.605526	0.859726	0.790454	1.07034	0.646635	0.393778	0.0705599	0.167249	0.50659	1.31645	0.563601	4.52097	-1985.51	4.0	913.877	-230640.0	3.0	6213.65	1.0	2099.92	126.942	618.528	81.5524	0.22753	0.0278984	1.16713	0.122737	
0.0-2.4	6.5-8.0	10.0-60.0	0.000-0.393	0.016	0.128	4433.0	4426.0	2155.85	112.334	2270.85	103.312	-0.139699	0.158068	-0.05	0.0	0.393959	0.0	3.0917	0.0	0.0507794	0.0	0.0258753	0.0	0.03	0.0	1.492	0.04	5.0	0.0	1.733	0.07	0.0377042	0.0	5.95546e-05	0.000344739	0.306121	0.0720734	0.307488	0.0	0.00439684	0.0	-0.000275254	0.00189052	1.63221	0.0	0.890973	0.0376393	0.987261	68.5531	0.593682	7.87536	0.74236	9.43593	0.00100306	116.516	0.22382	2.23727	0.10312	4.10175	-17761.7	4.0	3983.76	-149417.0	3.0	834.811	1.0	1549.32	127.226	606.539	103.286	0.281345	0.0456115	1.17001	0.00992462	
0.0-2.4	6.5-8.0	10.0-60.0	0.000-1.571	0.016	0.16	15351.0	15347.0	7880.83	212.71	7466.27	206.581	-0.0257067	0.103379	-0.05	0.0	0.393959	0.0	3.0917	0.0	0.0507794	0.0	0.0258753	0.000851506	0.03	0.0	1.492	0.04	5.0	0.0	1.733	0.07	0.0377042	0.000177074	2.57968e-05	9.0559e-05	0.26253	0.0296308	0.307488	0.0	0.00439684	0.0	0.00139855	0.00106147	1.63221	0.0	0.878418	0.0210975	0.528802	1.80218	0.809557	0.613959	0.613598	1.11874	0.0478799	0.199904	0.220434	0.167583	0.369633	0.865788	-62640.3	4.0	7517.24	-591160.0	4.0	1458.73	1.0	5810.26	232.721	2070.57	180.8	0.262735	0.0218182	1.16342	0.00551561	
0.0-2.4	6.5-8.0	10.0-60.0	0.393-0.785	0.016	0.145	3982.0	3980.0	2015.29	98.8899	1965.33	98.3537	-0.0305054	0.174845	-0.05	0.0	0.393959	0.0	3.0917	0.0	0.0507794	0.0	0.0258753	0.0	0.03	0.0	1.492	0.04	5.0	0.0	1.733	0.07	0.0377042	0.0	3.35609e-05	0.000234572	0.244345	0.0483123	0.307488	0.0	0.00439684	0.0	0.00249388	0.00246045	1.63221	0.0	0.947372	0.0516768	0.4698	0.759929	0.828862	0.282843	0.488777	0.668035	0.038935	0.0521082	0.138326	0.0678554	0.34674	0.314296	-19607.1	4.0	302.329	-113546.0	3.0	22.2486	1.0	1587.9	105.185	427.396	73.7058	0.212077	0.0350615	1.2003	0.0141229	
0.0-2.4	6.5-8.0	10.0-60.0	0.785-1.178	0.016	0.152	3571.0	3568.0	1960.96	112.077	1607.78	103.387	0.176613	0.265061	-0.05	0.0	0.393959	0.0	3.0917	0.0	0.0507794	0.0	0.0258753	0.0	0.03	0.0	1.492	0.04	5.0	0.0	1.733	0.07	0.0377042	0.0	4.17642e-05	0.79061	0.211278	0.0533555	0.307488	0.0	0.00439684	0.0	0.00105138	0.00205239	1.63221	0.0	0.863161	0.0340391	0.658415	0.230748	1.0	0.000993893	0.684013	0.163526	0.124867	0.0760089	0.32726	0.22342	0.666419	88.1945	-14110.1	4.0	3722.89	-132444.0	3.0	504.046	1.0	1381.88	131.541	579.086	110.275	0.295307	0.0536427	1.15548	0.00880449	
0.0-2.4	6.5-8.0	10.0-60.0	1.178-1.571	0.016	0.136	3363.0	3359.0	1747.64	96.7263	1611.94	103.624	-0.0452753	0.263973	-0.05	0.0	0.393959	0.0	3.0917	0.0	0.0507794	0.0	0.0258753	0.0	0.03	0.0	1.492	0.04	5.0	0.0	1.733	0.07	0.0377042	0.0	1.20568e-05	0.0173859	0.282996	0.0551548	0.307488	0.0	0.00439684	0.0	0.00075842	0.00211488	1.63221	0.0	0.782803	0.0428647	0.394597	0.169552	0.756593	0.40962	0.524537	0.170701	0.0454334	0.0184981	0.263495	0.120347	0.480897	0.710318	-13142.0	4.0	1499.03	-106653.0	3.0	1394.98	1.0	1277.92	95.3319	469.718	69.0034	0.268773	0.0365743	1.11514	0.0104188	
0.0-2.4	8.0-10.0	0.0-100.0	0.000-0.393	0.008	0.152	3804.0	3796.0	2389.13	84.6692	1407.46	68.8308	0.1431	0.172846	-0.05	0.0	0.406445	0.0	3.09317	0.0	0.0505505	0.0	0.0231642	0.0	0.03	0.0	1.492	0.04	5.0	0.0	1.733	0.07	0.0368388	0.0	1.01039e-05	0.487899	0.248885	0.0318361	0.0783534	0.0380246	0.00336464	0.00777792	0.000668678	0.00119692	2.21072	0.285123	0.921076	0.0304037	0.630828	1.12593	0.657967	1.37979	0.357576	0.513056	0.0411764	0.0691845	0.250893	0.137171	0.0556778	0.0390902	-12169.3	4.0	617.668	-74282.6	3.0	14.069	1.0	1689.47	86.6909	699.655	67.4184	0.292849	0.026241	1.07928	0.0439545	
0.0-2.4	8.0-10.0	0.0-100.0	0.000-1.571	0.008	0.152	14015.0	13998.0	8930.17	496.529	5068.27	473.652	-0.239758	0.141236	-0.05	0.0	0.406445	0.337647	3.09317	0.000942083	0.0505505	0.0209011	0.0231642	0.00518457	0.03	0.0	1.492	0.04	5.0	0.0	1.733	0.07	0.0368388	0.0059083	1.04463e-05	0.772766	0.348157	0.0506481	0.0999374	0.0382996	0.00376099	0.00404766	0.00275179	0.000774542	1.94825	0.155484	0.980516	0.0193992	0.60488	1.54541	0.958526	0.219141	0.489677	1.25295	0.0435067	0.116204	0.349564	0.165368	0.352145	1.89069	11607.4	4.0	50808.3	-453284.0	7.0	631275.0	1.0	6355.36	395.944	2574.81	228.909	0.288327	0.0200015	1.11564	0.0288904	
0.0-2.4	8.0-10.0	0.0-100.0	0.393-0.785	0.016	0.105	3722.0	3691.0	2394.5	95.7794	1296.92	78.054	-0.583648	0.191151	-0.05	0.0	0.406445	0.0	3.09317	0.0	0.0505505	0.0	0.0231642	0.0	0.03	0.0	1.492	0.04	5.0	0.0	1.733	0.07	0.0368388	0.0	4.92988e-05	0.000250796	0.369005	0.0787506	0.0871788	0.0543777	0.00869349	0.0183421	0.00470883	0.00160163	2.08798	0.303036	1.05238	0.040301	0.494513	1.69823	0.956219	0.191813	0.295668	2.27285	0.0263355	0.163209	0.405699	0.316658	0.380539	1.64718	-4735.81	4.0	3294.01	-94336.1	3.0	462.206	1.0	1655.24	101.534	739.253	82.4611	0.30873	0.0321474	1.17942	0.0471317	
0.0-2.4	8.0-10.0	0.0-100.0	0.785-1.178	0.008	0.145	3381.0	3381.0	2179.41	111.334	1202.28	79.0186	-0.104076	0.268061	-0.05	0.0	0.406445	0.0	3.09317	0.0	0.0505505	0.0	0.0231642	0.0	0.03	0.0	1.492	0.04	5.0	0.0	1.733	0.07	0.0368388	0.0	6.83076e-05	0.000188408	0.699593	0.596244	0.0494462	0.0365968	0.00997806	0.0194271	0.00137768	0.00177052	2.17557	0.39497	1.02842	0.0450678	0.832426	0.370166	0.999987	239.178	0.637808	0.121828	0.0969502	0.101025	0.220939	0.0875582	0.122816	699.875	23711.5	4.0	18895.5	-152601.0	3.0	45.0308	1.0	1514.96	155.656	664.448	139.253	0.304875	0.0619678	1.11328	0.0408418	
0.0-2.4	8.0-10.0	0.0-100.0	1.178-1.571	0.008	0.128	3106.0	3104.0	1977.99	78.2881	1126.73	69.3816	-0.420668	0.209359	-0.05	0.0	0.406445	0.0	3.09317	0.0	0.0505505	0.0	0.0231642	0.0	0.03	0.0	1.492	0.04	5.0	0.0	1.733	0.07	0.0368388	0.0	1.54046e-05	0.000145821	0.216453	0.0263395	0.681636	0.163444	-0.00101435	0.00214303	0.00226637	0.00223287	1.35029	0.0690844	0.600001	0.215576	0.917478	2.30742	0.615191	2.59505	0.479007	0.729622	0.0542053	0.0962904	0.593951	0.691774	0.0582475	0.0783295	-7500.56	4.0	221.244	-62917.1	3.0	267.232	1.0	1414.54	76.8235	563.451	57.1372	0.284861	0.0265954	1.16509	0.0607502	
0.0-2.4	8.0-10.0	10.0-60.0	0.000-0.393	0.008	0.145	2372.0	2370.0	1556.03	64.428	814.743	49.5277	-0.00403468	0.202093	-0.05	0.0	0.406445	0.0	3.09317	0.0	0.0505505	0.0	0.0237724	0.0	0.03	0.0	1.492	0.04	5.0	0.0	1.733	0.07	0.0370681	0.0	1.40048e-05	1.03758	0.224843	0.0306403	0.0999374	0.0	0.00376099	0.0	0.0010847	0.00142234	1.94825	0.0	0.883777	0.0358155	0.573138	0.0908804	0.999996	48.8589	0.319798	0.169884	0.0428497	0.0112639	0.162255	0.0312989	0.0200006	246.447	-9020.42	4.0	132.866	-39844.6	3.0	1.97208	1.0	1142.69	65.0848	413.333	47.8574	0.265633	0.0287223	1.04035	0.0136923	
0.0-2.4	8.0-10.0	10.0-60.0	0.000-1.571	0.008	0.145	8486.0	8485.0	5716.18	147.908	2768.67	108.395	-0.387382	0.147688	-0.05	0.0	0.406445	0.0	3.09317	0.0	0.0505505	0.0	0.0237724	0.000753647	0.03	0.0	1.492	0.04	5.0	0.0	1.733	0.07	0.0370681	0.000143441	1.82514e-05	0.000157912	0.338453	0.0681037	0.0999374	0.0	0.00376099	0.0	0.00206262	0.000990252	1.94825	0.0	0.901006	0.0250733	0.609588	0.2988	0.623629	0.650898	0.204711	0.50567	0.0390512	0.0199796	0.388049	0.164097	0.0483165	0.0249095	20802.1	4.0	93500.5	-276894.0	4.0	1973.85	1.0	4099.64	186.688	1616.54	159.215	0.282801	0.0268749	1.05357	0.0096498	
0.0-2.4	8.0-10.0	10.0-60.0	0.393-0.785	0.008	0.12	2280.0	2274.0	1504.16	72.5999	770.72	62.2788	-0.673225	0.260655	-0.05	0.0	0.406445	0.0	3.09317	0.0	0.0505505	0.0	0.0237724	0.0	0.03	0.0	1.492	0.04	5.0	0.0	1.733	0.07	0.0370681	0.0	1.00002e-05	8.80711e-05	0.320314	0.0873466	0.0999374	0.0	0.00376099	0.0	0.00143456	0.00187674	1.94825	0.0	0.953774	0.0552768	0.768821	1.21009	0.592427	2.22459	0.177981	1.72848	0.0430881	0.0626922	0.488182	0.427792	0.0379999	0.0528059	-2119.16	4.0	2010.83	-51457.3	3.0	814.478	1.0	1071.61	79.4895	432.548	63.8688	0.287569	0.040129	1.09458	0.0216762	
0.0-2.4	8.0-10.0	10.0-60.0	0.785-1.178	0.008	0.112	2024.0	2019.0	1396.29	97.1844	623.66	56.5011	-0.442292	0.431773	-0.05	0.0	0.406445	0.0	3.09317	0.0	0.0505505	0.0	0.0237724	0.0	0.03	0.0	1.492	0.04	5.0	0.0	1.733	0.07	0.0370681	0.0	1.4617e-05	0.013384	0.738033	0.884506	0.0999374	0.0	0.00376099	0.0	0.00187423	0.00245037	1.94825	0.0	0.951684	0.0612966	0.961987	5.99168	0.626708	1.9866	0.587004	2.18067	0.00103643	12.1006	0.216734	0.0618061	0.0593838	0.0602995	22173.1	4.0	16109.1	-107144.0	3.0	95.4544	1.0	921.951	136.998	474.343	125.462	0.339716	0.0866871	1.09294	0.0240201	
0.0-2.4	8.0-10.0	10.0-60.0	1.178-1.571	0.008	0.12	1809.0	1807.0	1265.81	61.0266	541.779	49.3289	-0.420915	0.33349	-0.05	0.0	0.406445	0.0	3.09317	0.0	0.0505505	0.0	0.0237724	0.0	0.03	0.0	1.492	0.04	5.0	0.0	1.733	0.07	0.0370681	0.0	4.81487e-05	1.07517	0.223117	0.0327809	0.0999374	0.0	0.00376099	0.0	9.4579e-05	0.0017347	1.94825	0.0	0.910701	0.0448672	0.663639	0.286568	1.0	0.0960349	0.360832	0.386501	0.0566288	0.0358288	0.514622	0.400312	4.99849	2269.87	-4257.91	4.0	141.194	-33336.4	3.0	279.926	1.0	892.079	60.7807	373.735	46.575	0.295253	0.0339295	1.06105	0.0173306	
1.2-1.6	6.5-30.0	0.0-100.0	0.000-0.393	0.008	0.136	3406.0	3402.0	1746.67	80.3173	1656.24	77.1386	0.003341	0.157297	-0.05	0.0	0.585094	0.0	3.09131	0.0	0.0435912	0.0	0.030892	0.0	0.03	0.0	1.492	0.04	5.0	0.0	1.733	0.07	0.0388297	0.0	8.70362e-05	0.000270698	0.316502	0.0803029	0.130197	0.0694199	0.00814269	0.0161506	0.00271962	0.00153999	1.98675	0.266132	0.881545	0.0378743	0.483531	0.755009	0.431322	1.83547	7.01299e-05	143.885	0.0180014	0.0800216	0.217773	0.128561	0.0468858	0.145889	-9146.55	4.0	1462.27	-73552.9	3.0	15.9608	1.0	1306.13	89.6414	440.54	69.5611	0.252217	0.0380989	1.09081	0.0609653	
1.2-1.6	6.5-30.0	0.0-100.0	0.000-1.571	0.008	0.136	12516.0	12502.0	6452.93	257.907	6049.16	281.234	-0.22714	0.0825498	-0.05	0.0	0.585094	0.190965	3.09131	0.00133546	0.0435912	0.00607253	0.030892	0.00252214	0.03	0.0	1.492	0.04	5.0	0.0	1.733	0.07	0.0388296	0.00203733	1.03021e-05	0.137313	0.286479	0.0299355	0.0999774	0.0369937	0.00921681	0.0152857	0.00378058	0.000805107	2.02628	0.173102	0.944966	0.0198778	0.514828	201.757	0.573115	99.8001	0.340172	147.527	0.0228173	5.99503	0.490536	7.30317	0.082839	2.00237	-1999.3	4.0	4122.02	-373943.0	7.0	125206.0	1.0	4716.57	220.876	1736.36	134.412	0.269081	0.0178386	1.1019	0.032237	
1.2-1.6	6.5-30.0	0.0-100.0	0.393-0.785	0.008	0.128	3405.0	3401.0	1659.59	82.4054	1741.9	87.9749	-0.352507	0.157149	-0.05	0.0	0.585094	0.0	3.09131	0.0	0.0435912	0.0	0.030892	0.0	0.03	0.0	1.492	0.04	5.0	0.0	1.733	0.07	0.0388297	0.0	1.40773e-05	0.000247178	0.293047	0.0597147	0.0978918	0.063768	0.00830884	0.017385	0.00386498	0.00161062	2.07462	0.34261	1.0047	0.0394968	0.554959	37.0275	0.804044	15.6163	0.518537	24.3891	0.0391995	1.89499	0.387681	3.39244	0.186348	5.70979	-4788.59	4.0	1084.58	-80149.0	3.0	478.465	1.0	1183.54	85.6738	476.046	66.6716	0.286846	0.037564	1.1541	0.0567484	
1.2-1.6	6.5-30.0	0.0-100.0	0.785-1.178	0.008	0.136	2919.0	2916.0	1559.31	74.9245	1357.44	74.4403	-0.0339159	0.187946	-0.05	0.0	0.585094	0.0	3.09131	0.0	0.0435912	0.0	0.030892	0.0	0.03	0.0	1.492	0.04	5.0	0.0	1.733	0.07	0.0388297	0.0	1.0973e-05	0.00459423	0.305864	0.0707847	0.0383419	0.0282596	0.00999981	0.0173776	0.00338755	0.00149051	2.63905	0.579204	0.947068	0.0388041	0.552058	0.254059	0.81821	1.46216	0.440137	0.409063	0.0569866	0.0145219	0.231525	0.139597	0.0525085	0.0309261	-5433.39	4.0	898.749	-62975.4	3.0	75.4581	1.0	1175.6	78.5252	383.71	57.5789	0.246077	0.0349816	1.06282	0.0516083	
1.2-1.6	6.5-30.0	0.0-100.0	1.178-1.571	0.008	0.12	2785.0	2768.0	1482.48	90.3841	1285.99	113.006	-0.570435	0.235168	-0.05	0.0	0.585094	0.0	3.09131	0.0	0.0435912	0.0	0.030892	0.0	0.03	0.0	1.492	0.04	5.0	0.0	1.733	0.07	0.0388297	0.0	3.21269e-05	0.000513866	0.261178	0.0423334	0.429426	0.219667	0.00289074	0.00368548	0.00288414	0.00217197	1.45696	0.14329	0.766375	0.0596963	0.9994	607.063	0.465117	47.0636	0.368899	54.6121	0.00123645	833.352	1.0795	2.7359	0.0668404	0.122934	10159.0	4.0	439.105	-97489.3	3.0	20245.5	1.0	1044.69	80.4939	437.789	55.9902	0.295309	0.0332003	1.11655	0.0863214	
1.2-1.6	6.5-30.0	10.0-60.0	0.000-0.393	0.008	0.12	2129.0	2126.0	1175.51	64.1955	950.939	57.0642	0.00408014	0.205088	-0.05	0.0	0.585094	0.0	3.09131	0.0	0.0435912	0.0	0.0306564	0.0	0.03	0.0	1.492	0.04	5.0	0.0	1.733	0.07	0.0387521	0.0	9.39567e-05	0.000265483	0.345848	0.114469	0.0999774	0.0	0.00921681	0.0	0.00342777	0.00188415	2.02628	0.0	1.02954	0.0440071	0.320025	542.707	0.873999	206.029	0.168302	1038.45	0.0101206	14.2491	0.220822	0.797643	0.117058	26.3507	-5248.36	4.0	1189.47	-42205.1	3.0	31.0745	1.0	882.837	71.8819	292.669	55.6598	0.248972	0.0453555	1.1681	0.0174545	
1.2-1.6	6.5-30.0	10.0-60.0	0.000-1.571	0.008	0.128	7190.0	7180.0	4139.76	119.318	3041.25	111.538	-0.334652	0.115079	-0.05	0.0	0.585094	0.0	3.09131	0.0	0.0435912	0.0	0.0306564	0.00253928	0.03	0.0	1.492	0.04	5.0	0.0	1.733	0.07	0.0387521	0.000416731	1.05393e-05	0.000462059	0.27105	0.0336914	0.0999774	0.0	0.00921681	0.0	0.00127377	0.000981732	2.02628	0.0	0.989374	0.0242008	0.984104	235.378	0.471617	19.795	0.51319	18.1615	0.00101089	8.22946	0.393952	0.164466	0.0763143	0.0515841	-14349.4	4.0	1967.06	-164013.0	4.0	387.05	1.0	3062.17	125.447	1077.6	94.4028	0.260304	0.0215344	1.13644	0.00948134	
1.2-1.6	6.5-30.0	10.0-60.0	0.393-0.785	0.008	0.112	1917.0	1905.0	1016.52	60.6874	888.87	65.715	-0.580952	0.236496	-0.05	0.0	0.585094	0.0	3.09131	0.0	0.0435912	0.0	0.0306564	0.0	0.03	0.0	1.492	0.04	5.0	0.0	1.733	0.07	0.0387521	0.0	2.07034e-05	0.000129572	0.220568	0.0425494	0.0999774	0.0	0.00921681	0.0	0.00202307	0.00212414	2.02628	0.0	1.10331	0.0490809	0.772073	13.7874	0.999968	2292.16	0.681651	21.8452	0.107978	7.51077	0.575227	11.0228	0.0200471	9575.06	-1596.51	4.0	224.48	-39904.5	3.0	917.78	1.0	729.64	61.8642	286.875	47.1485	0.282214	0.0432141	1.22722	0.0198568	
1.2-1.6	6.5-30.0	10.0-60.0	0.785-1.178	0.008	0.128	1599.0	1597.0	965.699	52.4775	631.616	46.0835	-0.585157	0.243521	-0.05	0.0	0.585094	0.0	3.09131	0.0	0.0435912	0.0	0.0306564	0.0	0.03	0.0	1.492	0.04	5.0	0.0	1.733	0.07	0.0387521	0.0	2.57361e-05	0.000145696	0.208964	0.0366506	0.0999774	0.0	0.00921681	0.0	0.000761275	0.00178051	2.02628	0.0	0.91992	0.0469734	0.611014	0.00526349	1.0	220.917	0.463913	0.0038198	0.0590929	0.000685549	0.223588	0.00290927	0.0905317	624.902	-5578.89	4.0	29.3898	-26184.0	3.0	33.8289	1.0	752.071	53.4348	213.629	36.329	0.221216	0.035647	1.08265	0.0179613	
1.2-1.6	6.5-30.0	10.0-60.0	1.178-1.571	0.008	0.105	1543.0	1522.0	971.931	55.3896	550.576	46.0834	-0.269881	0.282925	-0.05	0.0	0.585094	0.0	3.09131	0.0	0.0435912	0.0	0.0306564	0.0	0.03	0.0	1.492	0.04	5.0	0.0	1.733	0.07	0.0387521	0.0	3.08551e-05	0.00051849	0.292094	0.0614622	0.0999774	0.0	0.00921681	0.0	0.00390758	0.00206064	2.02628	0.0	0.960064	0.0515655	0.611041	0.658646	0.913109	32.0257	0.387154	9.32872	0.0772178	0.154565	0.384245	0.476415	0.0200246	1.87017	-3829.94	4.0	312.371	-27984.9	3.0	18.0601	1.0	687.65	55.5304	284.282	42.5483	0.292492	0.0404793	1.11358	0.0200061	
1.2-2.4	6.5-30.0	0.0-100.0	0.000-0.393	0.008	0.152	8262.0	8252.0	3950.47	123.372	4302.96	126.464	-0.215118	0.0981444	-0.05	0.0	0.6079	0.0	3.09103	0.0	0.0516784	0.0	0.0310511	0.0	0.03	0.0	1.492	0.04	5.0	0.0	1.733	0.07	0.0447386	0.0	3.42723e-05	0.000135506	0.278008	0.0407182	0.147506	0.0525668	0.00656579	0.00470592	0.00239631	0.00102396	1.94036	0.171727	0.904966	0.0233419	0.828751	0.15376	0.425641	0.766223	0.369448	1.13367	0.114983	0.0582126	0.213634	0.0437947	0.0279393	0.0441916	-23741.0	4.0	1750.56	-193979.0	3.0	7.89026	1.0	2990.43	134.866	960.037	101.814	0.243018	0.0246298	1.11961	0.0417401	
1.2-2.4	6.5-30.0	0.0-100.0	0.000-1.571	0.008	0.128	29490.0	29361.0	15026.3	293.793	14334.9	314.276	-0.340257	0.0538211	-0.05	0.0	0.6079	0.060714	3.09103	0.00080408	0.0516784	0.00297767	0.0310511	0.000923168	0.03	0.0	1.492	0.04	5.0	0.0	1.733	0.07	0.0447386	0.00120165	1.38621e-05	0.000134836	0.272559	0.0179972	0.186805	0.0404235	0.00562667	0.0022307	0.00233795	0.000572398	1.79346	0.0844886	0.914697	0.0134526	0.869421	0.335624	0.444033	0.488462	0.460091	0.577895	0.166976	0.223502	0.340656	0.110105	0.0501165	0.0681877	-47763.8	4.0	5466.18	-869234.0	7.0	35876.5	1.0	11252.8	282.404	3773.49	191.804	0.251125	0.0117824	1.13192	0.0250464	
1.2-2.4	6.5-30.0	0.0-100.0	0.393-0.785	0.008	0.145	7691.0	7677.0	3776.63	123.251	3901.27	128.761	-0.502192	0.108442	-0.05	0.0	0.6079	0.0	3.09103	0.0	0.0516784	0.0	0.0310511	0.0	0.03	0.0	1.492	0.04	5.0	0.0	1.733	0.07	0.0447386	0.0	2.65486e-05	7.2402e-05	0.283551	0.0395809	0.215726	0.105061	0.00712779	0.00410469	0.00422788	0.00126379	1.7141	0.172696	0.991982	0.0289328	0.654162	1.61284	0.78208	0.585812	0.573702	0.850442	0.0475616	0.1723	0.262637	0.178274	0.370305	0.732063	-14340.1	4.0	1576.35	-191371.0	3.0	274.599	1.0	2819.14	130.824	957.492	98.1159	0.253531	0.024627	1.18557	0.0518612	
1.2-2.4	6.5-30.0	0.0-100.0	0.785-1.178	0.008	0.152	6952.0	6949.0	3682.85	117.578	3266.53	115.156	-0.21935	0.117218	-0.05	0.0	0.6079	0.0	3.09103	0.0	0.0516784	0.0	0.0310511	0.0	0.03	0.0	1.492	0.04	5.0	0.0	1.733	0.07	0.0447386	0.0	1.03152e-05	0.00396442	0.292264	0.0425789	0.127095	0.057169	0.00999999	0.014517	0.00268477	0.00111971	1.93778	0.197975	0.971668	0.0273744	0.626303	0.392541	0.708162	2.12493	0.453716	1.19896	0.0675167	0.0512096	0.254388	0.119517	0.0442835	0.115337	-17548.8	4.0	1389.05	-165304.0	3.0	48.7924	1.0	2855.1	123.86	827.752	87.9272	0.224758	0.0227709	1.14078	0.0424311	
1.2-2.4	6.5-30.0	0.0-100.0	1.178-1.571	0.008	0.152	6583.0	6579.0	3612.55	128.003	2967.03	141.722	-0.470564	0.128241	-0.05	0.0	0.6079	0.0	3.09103	0.0	0.0516784	0.0	0.0310511	0.0	0.03	0.0	1.492	0.04	5.0	0.0	1.733	0.07	0.0447386	0.0	3.88875e-05	0.000353399	0.253076	0.026961	0.376887	0.131541	0.000173054	0.00284995	0.0029561	0.00131361	1.54336	0.106566	0.74487	0.0322318	0.82746	1.79097	0.497853	2.1286	0.418371	3.3438	0.091827	0.227179	0.587927	0.932903	0.0522181	0.517815	2644.56	4.0	691.584	-197473.0	3.0	13250.6	1.0	2615.72	121.669	996.826	86.3767	0.275934	0.0218198	1.1151	0.0609996	
1.2-2.4	6.5-30.0	10.0-60.0	0.000-0.393	0.008	0.152	5021.0	5019.0	2644.53	96.2554	2374.62	90.7823	-0.262802	0.128311	-0.05	0.0	0.6079	0.0	3.09103	0.0	0.0516784	0.0	0.0305408	0.0	0.03	0.0	1.492	0.04	5.0	0.0	1.733	0.07	0.0446007	0.0	3.42723e-05	0.000135506	0.293941	0.0564547	0.186805	0.0	0.00562667	0.0	0.00236109	0.00119693	1.79346	0.0	0.867193	0.0259381	0.697617	2.94722	0.77807	1.16786	0.565546	1.45262	0.0256891	0.1315	0.190867	0.0801051	0.115673	0.191731	-15167.2	4.0	1350.97	-105745.0	3.0	18.2009	1.0	2034.23	106.31	610.298	79.4547	0.230778	0.0288469	1.10109	0.00830608	
1.2-2.4	6.5-30.0	10.0-60.0	0.000-1.571	0.008	0.16	17171.0	17167.0	9667.59	183.435	7500.24	170.766	-0.411078	0.0737759	-0.05	0.0	0.6079	0.0	3.09103	0.0	0.0516784	0.0	0.0305408	0.00157833	0.03	0.0	1.492	0.04	5.0	0.0	1.733	0.07	0.0446007	0.000211887	1.04253e-05	6.6059e-05	0.254766	0.0191926	0.186805	0.0	0.00562667	0.0	0.00333308	0.000699211	1.79346	0.0	0.919348	0.0161043	0.596711	0.331295	0.893161	0.161683	0.552433	0.276343	0.0408674	0.0384469	0.260047	0.0721704	0.316493	0.388537	-45434.6	4.0	2662.79	-421165.0	4.0	185.888	1.0	7208.43	191.958	2459.16	142.541	0.254372	0.0139318	1.13498	0.00530396	
1.2-2.4	6.5-30.0	10.0-60.0	0.393-0.785	0.008	0.145	4402.0	4400.0	2409.03	91.6468	1991.54	92.0515	-0.545615	0.150468	-0.05	0.0	0.6079	0.0	3.09103	0.0	0.0516784	0.0	0.0305408	0.0	0.03	0.0	1.492	0.04	5.0	0.0	1.733	0.07	0.0446007	0.0	2.65486e-05	7.2402e-05	0.209769	0.0273828	0.186805	0.0	0.00562667	0.0	0.00467618	0.00157407	1.79346	0.0	1.01753	0.0355162	0.538489	1.24673	0.825106	0.452247	0.542355	0.984001	0.0316128	0.090105	0.34618	0.308268	0.572115	1.44266	-8425.26	4.0	333.738	-95384.5	3.0	514.802	1.0	1794.41	95.9728	614.616	71.396	0.25513	0.0280025	1.20117	0.012233	
1.2-2.4	6.5-30.0	10.0-60.0	0.785-1.178	0.008	0.152	3950.0	3947.0	2301.14	86.2467	1646.55	76.8213	-0.416047	0.154762	-0.05	0.0	0.6079	0.0	3.09103	0.0	0.0516784	0.0	0.0305408	0.0	0.03	0.0	1.492	0.04	5.0	0.0	1.733	0.07	0.0446007	0.0	1.03152e-05	0.00396442	0.240616	0.0325444	0.186805	0.0	0.00562667	0.0	0.000924711	0.0014249	1.79346	0.0	0.909655	0.0340045	0.742801	0.235801	0.606824	1.72872	0.364794	1.63791	0.0952166	0.0685677	0.211372	0.0653549	0.0283452	0.0715333	-12823.4	4.0	299.407	-78365.9	3.0	7.33783	1.0	1734.14	89.795	567.001	65.5006	0.2464	0.0269246	1.12861	0.0111439	
1.2-2.4	6.5-30.0	10.0-60.0	1.178-1.571	0.008	0.152	3795.0	3794.0	2317.31	88.1281	1476.91	75.1125	-0.460212	0.168684	-0.05	0.0	0.6079	0.0	3.09103	0.0	0.0516784	0.0	0.0305408	0.0	0.03	0.0	1.492	0.04	5.0	0.0	1.733	0.07	0.0446007	0.0	3.88875e-05	0.000353399	0.274527	0.0364076	0.186805	0.0	0.00562667	0.0	0.00123194	0.00140285	1.79346	0.0	0.777771	0.0378196	0.806183	10.5282	0.326524	3.12088	0.000334486	7.55566	0.00100019	0.0242422	0.332441	0.0959873	0.0348398	0.0370795	-10253.5	4.0	525.831	-79068.9	3.0	4.07624	1.0	1622.44	90.3626	694.874	71.11	0.299862	0.0284887	1.04536	0.0114411	
1.6-2.4	3.0-6.5	0.0-100.0	0.000-0.393	0.016	0.232	53169.0	53159.0	8884.36	418.922	44274.4	680.348	-0.0133993	0.0525838	-0.05	0.0	0.950198	0.0	3.08971	0.0	0.0531604	0.0	0.0148392	0.0	0.03	0.0	1.86	0.0	5.0	0.0	1.38	0.0	0.0519255	0.0	0.000149401	0.0117133	0.349859	0.126263	0.473976	0.263955	-0.00707842	0.0107562	0.01	6.55309	1.54049	0.193925	0.796743	0.0379819	1.0	219.506	0.774694	0.0199499	0.704419	0.139556	0.00139309	34565.3	0.122327	0.0723128	0.755162	0.03802	-188618.0	4.0	7548.91	-4215980.0	3.0	402.822	1.0	7559.8	702.706	1324.56	608.793	0.149089	0.0681626	1.20778	0.111804	
1.6-2.4	3.0-6.5	0.0-100.0	0.000-1.571	0.016	0.264	197356.0	197346.0	31965.8	946.474	165380.0	1423.0	0.0253492	0.0279919	-0.05	0.0	0.950198	0.0509677	3.08971	0.00140017	0.0531604	0.00281079	0.0148392	0.00592034	0.03	0.0	1.86	0.0	5.0	0.0	1.38	0.0	0.0519255	0.0015099	1.10324e-05	0.0465138	0.310441	0.0373113	0.306676	0.207312	-0.00606766	0.0158233	0.01	0.010504	1.65447	0.204252	0.918562	0.00899942	1.0	450.442	0.772835	0.108037	0.753738	0.505495	0.00217314	255595.0	0.137746	0.357144	0.803309	0.121907	-718026.0	4.0	18117.5	-17847000.0	7.0	8403.25	1.0	26769.8	985.736	5196.05	605.88	0.16255	0.0183327	1.1935	0.0930154	
1.6-2.4	3.0-6.5	0.0-100.0	0.393-0.785	0.016	0.264	50546.0	50539.0	7686.03	404.593	42854.1	674.455	-0.0685516	0.0545802	-0.05	0.0	0.950198	0.0	3.08971	0.0	0.0531604	0.0	0.0148392	0.0	0.03	0.0	1.86	0.0	5.0	0.0	1.38	0.0	0.0519255	0.0	0.000104776	0.00436801	0.299963	0.0619972	0.434071	0.259887	-0.00999985	0.0153683	0.01	0.00307752	1.61272	0.231443	0.800278	0.0190026	1.0	1.12147	0.81474	0.00053902	0.728115	0.00109313	0.00204504	159.824	0.143072	0.00055175	0.451044	0.00187069	-170165.0	4.0	3821.17	-3980520.0	3.0	2035.93	1.0	6293.14	442.303	1392.89	302.105	0.181223	0.0381305	1.22123	0.123656	
1.6-2.4	3.0-6.5	0.0-100.0	0.785-1.178	0.016	0.24	47635.0	47631.0	7600.95	397.057	40030.7	655.428	0.00457916	0.0556301	-0.05	0.0	0.950198	0.0	3.08971	0.0	0.0531604	0.0	0.0148392	0.0	0.03	0.0	1.86	0.0	5.0	0.0	1.38	0.0	0.0519255	0.0	2.10511e-05	0.000549047	0.244108	0.0593173	0.0818643	0.0702753	-0.01	0.0192987	0.01	0.00140802	2.29979	0.540786	1.08594	0.0159506	0.991415	112694.0	0.768365	1351.78	0.808513	807.029	0.00163135	164304.0	0.161563	681.293	1.32288	4435.57	-174991.0	4.0	3791.33	-3785470.0	3.0	960.492	1.0	6354.37	452.215	1246.58	313.935	0.164003	0.0404038	1.23114	0.0720489	
1.6-2.4	3.0-6.5	0.0-100.0	1.178-1.571	0.016	0.24	46004.0	46000.0	7789.09	396.032	38211.2	643.777	0.197675	0.0607532	-0.05	0.0	0.950198	0.0	3.08971	0.0	0.0531604	0.0	0.0148392	0.0	0.03	0.0	1.86	0.0	5.0	0.0	1.38	0.0	0.0519255	0.0	3.20725e-05	0.0130815	0.285464	0.071142	0.862746	0.0705318	0.0058369	0.00486993	0.01	0.00141971	1.3149	0.0586406	0.6	0.0983988	0.848987	0.29377	0.912168	0.616686	0.836903	0.0819626	0.18198	0.404944	0.326354	0.285076	4.12422	345.79	-186748.0	4.0	4069.49	-3682650.0	3.0	2713.17	1.0	6621.47	438.68	1167.62	287.439	0.149905	0.036107	1.24139	0.0332665	
1.6-2.4	3.0-6.5	10.0-60.0	0.000-0.393	0.016	0.209	28653.0	28612.0	5927.16	305.619	22685.7	470.597	-0.0510851	0.0706425	-0.05	0.0	0.950198	0.0	3.08971	0.0	0.0531604	0.0	0.0149075	0.0	0.03	0.0	1.86	0.0	5.0	0.0	1.38	0.0	0.0519264	0.0	0.000129268	0.000932346	0.290062	0.0693378	0.306676	0.0	-0.00606766	0.0	0.00745315	0.00175479	1.65447	0.0	0.894486	0.0221804	0.999998	2.19744	0.77924	0.00174478	0.720366	0.00190527	0.001001	50.1768	0.108512	0.000781533	0.784798	0.0186772	-143476.0	4.0	785.238	-1950890.0	3.0	582.955	1.0	5145.85	326.778	781.31	194.95	0.131818	0.032181	1.18076	0.00582491	
1.6-2.4	3.0-6.5	10.0-60.0	0.000-1.571	0.016	0.209	102155.0	102079.0	20232.5	572.523	81846.4	890.069	0.0202804	0.0377244	-0.05	0.0	0.950198	0.0	3.08971	0.0	0.0531604	0.0	0.0149075	0.00348204	0.03	0.0	1.86	0.0	5.0	0.0	1.38	0.0	0.0519264	2.48923e-05	2.44459e-05	0.000226863	0.296556	0.0348424	0.306676	0.0	-0.00606766	0.0	0.0086702	0.00102375	1.65447	0.0	0.898668	0.0119651	0.617289	28.9164	0.876443	1.4553	0.616101	10.1139	0.00100008	2.97309	0.116803	0.847091	0.546613	6.75164	-552812.0	4.0	3974.97	-7900410.0	4.0	2223.14	1.0	16892.0	617.663	3340.5	402.445	0.165106	0.0193345	1.18296	0.00315103	
1.6-2.4	3.0-6.5	10.0-60.0	0.393-0.785	0.016	0.209	26481.0	26449.0	4826.88	284.243	21622.2	453.917	-0.0668591	0.0726465	-0.05	0.0	0.950198	0.0	3.08971	0.0	0.0531604	0.0	0.0149075	0.0	0.03	0.0	1.86	0.0	5.0	0.0	1.38	0.0	0.0519264	0.0	0.000185134	0.00079819	0.296935	0.0555022	0.306676	0.0	-0.00606766	0.0	0.00869711	0.00241072	1.65447	0.0	0.869859	0.023926	0.454092	34.9155	0.900706	5.03884	0.444439	30.5046	0.00100263	2.19788	0.113748	1.11252	0.29992	1.83791	-134304.0	4.0	1160.5	-1753660.0	3.0	774.39	1.0	3711.02	300.019	1115.86	215.806	0.231175	0.0425862	1.16793	0.00617742	
1.6-2.4	3.0-6.5	10.0-60.0	0.785-1.178	0.016	0.2	24098.0	24098.0	4687.93	274.509	19409.6	426.959	0.0402006	0.0773426	-0.05	0.0	0.950198	0.0	3.08971	0.0	0.0531604	0.0	0.0149075	0.0	0.03	0.0	1.86	0.0	5.0	0.0	1.38	0.0	0.0519264	0.0	3.10689e-05	0.000375227	0.247365	0.0599417	0.306676	0.0	-0.00606766	0.0	0.00636549	0.00175374	1.65447	0.0	0.837841	0.024903	0.356578	2.09914	0.94013	0.412086	1.6632e-05	11.2632	0.00408621	0.135853	0.0822889	0.173891	0.384506	0.496249	-148751.0	4.0	861.808	-1605120.0	3.0	380.071	1.0	3868.72	311.514	819.209	219.14	0.174749	0.0456118	1.15159	0.00628091	
1.6-2.4	3.0-6.5	10.0-60.0	1.178-1.571	0.016	0.2	22922.0	22895.0	4799.15	278.252	18097.0	424.959	0.199451	0.0836601	-0.05	0.0	0.950198	0.0	3.08971	0.0	0.0531604	0.0	0.0149075	0.0	0.03	0.0	1.86	0.0	5.0	0.0	1.38	0.0	0.0519264	0.0	1.12763e-05	0.178932	0.359079	0.107246	0.306676	0.0	-0.00606766	0.0	0.00880038	0.00203019	1.65447	0.0	0.935667	0.0251045	1.0	6.44309	0.851578	0.00209971	0.790614	0.00301591	0.0012351	12.151	0.141565	0.00160147	0.546309	0.0123298	-130644.0	4.0	1376.47	-1563970.0	3.0	853.122	1.0	4134.1	298.601	665.054	182.201	0.138577	0.0371052	1.20268	0.00677063	
1.6-2.4	6.5-30.0	0.0-100.0	0.000-0.393	0.008	0.152	4856.0	4848.0	2207.06	93.8534	2641.54	100.312	-0.358775	0.126262	-0.05	0.0	0.660157	0.0	3.09067	0.0	0.0565192	0.0	0.0319449	0.0	0.03	0.0	1.492	0.04	5.0	0.0	1.733	0.07	0.0495542	0.0	3.15307e-05	0.000173778	0.250704	0.038316	0.171695	0.085994	0.00507026	0.00583142	0.00370323	0.00134158	1.8838	0.229153	0.917053	0.0284798	0.954011	41.6413	0.568368	8.56204	0.694579	6.1079	0.00110319	4.70277	0.244748	0.0702745	0.102246	0.037605	-14895.4	4.0	266.278	-105011.0	3.0	4.95747	1.0	1701.0	96.8556	506.066	67.9118	0.229294	0.0291845	1.14276	0.061124	
1.6-2.4	6.5-30.0	0.0-100.0	0.000-1.571	0.008	0.152	16973.0	16950.0	8579.56	325.432	8370.7	327.475	-0.442293	0.0803471	-0.05	0.0	0.660157	0.215055	3.09067	0.00120926	0.0565192	0.00660764	0.0319449	0.00510594	0.03	0.0	1.492	0.04	5.0	0.0	1.733	0.07	0.0495542	0.00254969	1.37144e-05	0.000327844	0.263716	0.0215137	0.337019	0.0765519	0.00343684	0.00197833	0.00335883	0.000880768	1.60396	0.0792233	0.888215	0.0193583	0.749946	1.80577	0.83312	0.416959	0.652897	0.513355	0.0661322	0.401905	0.229874	0.110476	0.280136	0.436214	-49516.2	4.0	1398.38	-436473.0	7.0	221.011	1.0	6589.45	280.436	1990.12	147.885	0.23196	0.0148222	1.17902	0.0345187	
1.6-2.4	6.5-30.0	0.0-100.0	0.393-0.785	0.008	0.145	4285.0	4274.0	2111.79	91.2101	2163.1	93.4033	-0.62902	0.146305	-0.05	0.0	0.660157	0.0	3.09067	0.0	0.0565192	0.0	0.0319449	0.0	0.03	0.0	1.492	0.04	5.0	0.0	1.733	0.07	0.0495542	0.0	1.91191e-05	0.000301555	0.278073	0.0515185	0.653479	0.0874734	0.00512757	0.00198312	0.0036652	0.0030191	1.36098	0.0597214	0.793254	0.0685327	0.825329	2.2724	0.667588	0.679154	0.582693	0.866035	0.0381708	0.403846	0.180892	0.065673	0.349208	0.275633	-10340.6	4.0	491.659	-95420.6	3.0	13.5971	1.0	1630.09	96.1964	481.698	68.7729	0.228099	0.0310402	1.19519	0.0325055	
1.6-2.4	6.5-30.0	0.0-100.0	0.785-1.178	0.008	0.145	4033.0	4030.0	2133.87	90.9607	1896.03	87.9654	-0.369447	0.151679	-0.05	0.0	0.660157	0.0	3.09067	0.0	0.0565192	0.0	0.0319449	0.0	0.03	0.0	1.492	0.04	5.0	0.0	1.733	0.07	0.0495542	0.0	1.00081e-05	0.000130579	0.276802	0.0485978	0.283905	0.121121	0.00876046	0.0144238	0.00176678	0.001838	1.63893	0.152102	0.971716	0.0421167	0.518658	6.12111	0.655567	2.68021	0.398937	5.02167	0.0155591	0.414574	0.289735	0.12288	0.0877644	0.0904941	-12016.4	4.0	389.832	-88747.9	3.0	13.9005	1.0	1686.67	94.5846	447.195	64.3452	0.209571	0.0288006	1.19948	0.0543431	
1.6-2.4	6.5-30.0	0.0-100.0	1.178-1.571	0.008	0.152	3798.0	3797.0	2130.07	88.3877	1666.79	81.1849	-0.414268	0.15973	-0.05	0.0	0.660157	0.0	3.09067	0.0	0.0565192	0.0	0.0319449	0.0	0.03	0.0	1.492	0.04	5.0	0.0	1.733	0.07	0.0495542	0.0	2.89134e-05	0.000256279	0.254311	0.0353219	0.350351	0.133684	-0.00427118	0.00495361	0.00259054	0.00164986	1.6055	0.129976	0.745741	0.0379027	0.762655	0.912618	0.573699	21.2199	0.435273	19.5153	0.0907658	0.217539	0.254166	0.245673	0.02	0.265378	-12865.6	4.0	256.364	-81681.6	3.0	8.93696	1.0	1570.28	89.3895	559.788	65.4549	0.262803	0.028729	1.12444	0.0688011	
1.6-2.4	6.5-30.0	10.0-60.0	0.000-0.393	0.008	0.152	2891.0	2891.0	1469.57	71.7046	1421.78	70.5571	-0.447155	0.165987	-0.05	0.0	0.660157	0.0	3.09067	0.0	0.0565192	0.0	0.0312552	0.0	0.03	0.0	1.492	0.04	5.0	0.0	1.733	0.07	0.0494045	0.0	3.15307e-05	0.000173778	0.243991	0.0438243	0.337019	0.0	0.00343684	0.0	0.00214429	0.00160744	1.60396	0.0	0.74878	0.0324676	0.965033	19.1257	0.711959	3.0772	0.713173	3.05581	0.00100001	9.51718	0.186321	0.042557	0.128755	0.0604242	-10356.5	4.0	141.367	-54629.8	3.0	1.24017	1.0	1145.14	73.6473	324.429	50.5225	0.220765	0.032648	1.113	0.00724072	
1.6-2.4	6.5-30.0	10.0-60.0	0.000-1.571	0.008	0.16	9981.0	9979.0	5530.65	139.467	4448.83	128.944	-0.476404	0.095567	-0.05	0.0	0.660157	0.0	3.09067	0.0	0.0565192	0.0	0.0312552	0.00230363	0.03	0.0	1.492	0.04	5.0	0.0	1.733	0.07	0.0494045	0.000247637	3.34301e-05	6.81326e-05	0.244394	0.0220169	0.337019	0.0	0.00343684	0.0	0.00347122	0.00102544	1.60396	0.0	0.804254	0.0225745	0.600627	0.234301	0.876484	0.105927	0.532426	0.204899	0.0287203	0.0152864	0.191472	0.028267	0.341501	0.204981	-32304.8	4.0	736.298	-226098.0	4.0	8.11259	1.0	4142.1	144.596	1388.54	105.943	0.251063	0.0180791	1.13837	0.0052869	
1.6-2.4	6.5-30.0	10.0-60.0	0.393-0.785	0.008	0.145	2485.0	2483.0	1384.94	67.9873	1098.34	63.498	-0.539262	0.195079	-0.05	0.0	0.660157	0.0	3.09067	0.0	0.0565192	0.0	0.0312552	0.0	0.03	0.0	1.492	0.04	5.0	0.0	1.733	0.07	0.0494045	0.0	1.91191e-05	0.000301555	0.195308	0.0349874	0.337019	0.0	0.00343684	0.0	0.00489403	0.00233658	1.60396	0.0	0.902706	0.0535314	0.555206	0.471413	0.811995	0.268813	0.428488	0.551588	0.02694	0.026048	0.173492	0.0544688	0.567768	0.646076	-7661.31	4.0	102.771	-46671.3	3.0	7.75955	1.0	1063.57	73.8494	321.369	54.5584	0.232045	0.0377111	1.18629	0.0135031	
1.6-2.4	6.5-30.0	10.0-60.0	0.785-1.178	0.008	0.145	2351.0	2348.0	1339.58	68.6619	1008.43	61.376	-0.335251	0.202203	-0.05	0.0	0.660157	0.0	3.09067	0.0	0.0565192	0.0	0.0312552	0.0	0.03	0.0	1.492	0.04	5.0	0.0	1.733	0.07	0.0494045	0.0	1.00081e-05	0.000130579	0.263265	0.0486552	0.337019	0.0	0.00343684	0.0	0.00149291	0.00244496	1.60396	0.0	0.922452	0.0527358	0.999722	27.5128	0.669565	0.558681	0.655822	0.541404	0.00120459	73.6522	0.197084	0.177909	0.144655	0.184839	-7381.71	4.0	271.266	-45568.1	3.0	2.01152	1.0	978.946	71.8283	360.637	54.6192	0.269216	0.0383673	1.19632	0.0134795	
1.6-2.4	6.5-30.0	10.0-60.0	1.178-1.571	0.008	0.152	2252.0	2251.0	1336.97	67.8742	914.204	58.6935	-0.589615	0.211134	-0.05	0.0	0.660157	0.0	3.09067	0.0	0.0565192	0.0	0.0312552	0.0	0.03	0.0	1.492	0.04	5.0	0.0	1.733	0.07	0.0494045	0.0	2.89134e-05	0.000256279	0.26488	0.0441593	0.337019	0.0	0.00343684	0.0	0.00141619	0.00194208	1.60396	0.0	0.64155	0.0525106	0.999994	16.0675	0.250333	0.024663	7.03058e-08	0.224527	0.00463993	17.4021	0.261314	0.0236932	0.023054	0.00189092	-7337.23	4.0	231.162	-43349.3	3.0	4.88849	1.0	935.513	69.109	401.458	54.1831	0.300274	0.0375505	1.06767	0.0104595	
