weightedEff_TnPAtRD3_4DEff2_RapPtEffMap4_Ratio
rap	pT	cent	dPhi	ctauErrMin	ctauErrMax	NoCutEntry	CutEntry	NSig	NSigErr	NBkg	NBkgErr	coefExp	coefExpErr	coefPol1	coefPol1Err	coeffGaus	coeffGausErr	meanSig1	meanSig1Err	sigmaSig1	sigmaSig1Err	sigmaSig2	sigmaSig2Err	sigmaSig3	sigmaSig3Err	alpha	alphaErr	enne	enneErr	enneW	enneWErr	sigWidth	sigWidthErr	Gmc	GmcErr	bTau	bTauErr	fracRes	fracResErr	meanResSigW	meanResSigWErr	meanResSigN	meanResSigNErr	sigmaResSigW	sigmaResSigWErr	sigmaResSigN	sigmaResSigNErr	fpm	fpmErr	fLiving	fLivingErr	fbkgCtTot	fbkgCtTotErr	lambdam	lambdamErr	lambdap	lambdapErr	lambdasym	lambdasymErr	NLL	nFitPar	EDM	NLLMass	nFitParMass	EDMMass	Prob	PROMPT	PROMPTErr	NON-PROMPT	NON-PROMPTErr	Bfraction	BfractionErr	Resolution	ResolutionErr	
0.0-0.4	6.5-30.0	0.0-100.0	0.000-1.571	0.008	0.064	5604.0	5600.0	3726.74	67.9323	1873.24	52.5437	-0.197187	0.09169	-0.05	0.0	0.549788	0.0765506	3.09284	0.000374815	0.0190428	0.00102057	0.018862	0.00148951	0.03	0.0	1.492	0.0	5.0	0.0	1.733	0.0	0.0189616	0.000436667	3.59557e-05	0.000193278	0.432726	0.0131798	0.709974	0.264125	-0.00206547	0.00229629	0.00238706	0.00128781	1.32298	0.0992276	0.668108	0.033071	0.845379	0.16486	0.554812	0.221585	0.350021	0.0401374	0.070743	5.58097e-09	0.331979	0.0343059	0.070512	2.46288e-09	-10200.0	4.0	6.38683e-06	-49164.0	7.0	9.08113e-06	1.0	2368.49	56.2793	1358.25	43.7766	0.364461	0.00968746	1171.37	83.6228	
0.0-1.2	6.5-30.0	0.0-10.0	0.000-1.571	0.008	0.088	7880.0	7877.0	4200.64	76.6768	3676.12	73.1732	0.00671785	0.064492	-0.05	0.0	0.494304	0.0	3.09238	0.0	0.0194509	0.0	0.0357881	0.00136399	0.03	0.0	1.492	0.0	5.0	0.0	1.733	0.0	0.0288912	0.000427212	1.12992e-05	0.000388937	0.331465	0.0105961	0.282557	0.0	0.00228371	0.0	0.00231848	0.000683725	1.58042	0.0	0.952424	0.020516	0.646982	0.14377	0.792286	0.308742	0.558805	0.0267561	0.0706215	4.97508e-10	0.23432	0.0373521	0.144326	0.110398	-12076.4	4.0	2.62885e-07	-68161.2	4.0	6.78238e-05	1.0	2832.44	66.0713	1368.2	48.1252	0.325713	0.00979318	1164.71	6.01814	
0.0-1.2	6.5-30.0	0.0-100.0	0.000-1.571	0.008	0.105	21279.0	21274.0	13365.2	134.178	7908.69	112.005	-0.00993859	0.0456951	-0.05	0.0	0.494304	0.0451521	3.09238	0.000270006	0.0194509	0.000573245	0.0347614	0.0015693	0.03	0.0	1.492	0.0	5.0	0.0	1.733	0.0	0.0282502	0.000598244	1.16782e-05	0.000130175	0.396981	0.00701947	0.282557	0.19576	0.00228371	0.00264771	0.000440894	0.000366446	1.58042	0.170805	0.883628	0.010749	0.650704	0.0215363	0.928404	0.0137122	0.515112	0.0166078	0.0704624	2.3138e-09	0.255793	0.0119258	0.470123	0.0749288	-35346.6	4.0	6.97573e-08	-209317.0	7.0	1.71625e-05	1.0	9043.9	113.969	4321.32	81.4091	0.323326	0.00515416	1125.14	82.0695	
0.0-1.2	6.5-30.0	10.0-20.0	0.000-1.571	0.008	0.088	5099.0	5097.0	3168.71	63.6535	1927.85	53.018	0.0381976	0.0894736	-0.05	0.0	0.494304	0.0	3.09238	0.0	0.0194509	0.0	0.0343512	0.00134605	0.03	0.0	1.492	0.0	5.0	0.0	1.733	0.0	0.0279953	0.000417617	1.12992e-05	0.000388937	0.470211	0.01542	0.282557	0.0	0.00228371	0.0	-0.00168635	0.000792472	1.58042	0.0	0.901488	0.0236232	0.692138	0.739226	0.801036	0.103058	0.522187	0.262309	0.0705659	0.105688	0.290813	0.0353931	0.452634	0.0710093	-7520.67	4.0	1.51095e-08	-42854.3	4.0	8.36233e-05	1.0	1983.0	52.4173	1185.71	41.5702	0.374193	0.010752	1135.25	6.72918	
0.0-1.2	6.5-30.0	20.0-30.0	0.000-1.571	0.008	0.105	3659.0	3656.0	2412.67	55.7039	1243.37	43.9735	0.152851	0.111927	-0.05	0.0	0.494304	0.0	3.09238	0.0	0.0194509	0.0	0.0349264	0.00175425	0.03	0.0	1.492	0.0	5.0	0.0	1.733	0.0	0.0283529	0.000546395	1.16782e-05	0.000130175	0.494947	0.0197925	0.282557	0.0	0.00228371	0.0	0.000757741	0.000821796	1.58042	0.0	0.852563	0.0236764	0.667052	0.0456867	1.0	0.00408347	0.511475	0.0366248	0.0704492	4.73835e-11	0.221213	0.0172118	0.487275	0.0428073	-6154.96	4.0	3.59346e-05	-29724.4	4.0	6.5164e-06	1.0	1631.01	46.8814	781.659	33.2493	0.323981	0.0115744	1107.81	6.53636	
0.0-1.2	6.5-30.0	30.0-40.0	0.000-1.571	0.008	0.064	2136.0	2134.0	1532.35	43.1066	601.412	30.4507	-0.416659	0.16258	-0.05	0.0	0.494304	0.0	3.09238	0.0	0.0194509	0.0	0.0366211	0.00199815	0.03	0.0	1.492	0.0	5.0	0.0	1.733	0.0	0.0294144	0.000629011	1.32366e-05	0.000329048	0.320595	0.0178159	0.282557	0.0	0.00228371	0.0	-0.00136944	0.00103189	1.58042	0.0	0.829239	0.0270665	0.575971	0.0422161	0.999918	1.98229	0.426973	0.0397157	0.0706224	0.00781744	0.190792	0.0172177	0.0994644	9.611	-4472.98	4.0	2.93548e-05	-16500.1	4.0	0.000108521	1.0	1109.91	38.4205	422.438	25.3471	0.27568	0.0146107	1095.03	7.35263	
0.0-1.2	6.5-30.0	40.0-50.0	0.000-1.571	0.016	0.048	1305.0	1287.0	989.815	33.6847	297.165	21.0238	-0.206134	0.23046	-0.05	0.0	0.494304	0.0	3.09238	0.0	0.0194509	0.0	0.0334414	0.00209084	0.03	0.0	1.492	0.0	5.0	0.0	1.733	0.0	0.0274326	0.000644463	1.43354e-05	8.22848e-05	0.316602	0.0201972	0.282557	0.0	0.00228371	0.0	-0.00329434	0.00141415	1.58042	0.0	0.884709	0.0411901	1.0	1.58204	0.999999	0.00110936	0.462039	0.0689338	0.0706713	5071.03	0.645817	0.109489	1.5844	70.7475	-2540.79	4.0	8.3582e-06	-9486.97	4.0	1.3809e-06	1.0	666.323	29.5531	323.492	21.9177	0.326821	0.0191474	1125.74	11.6121	
0.0-1.2	6.5-30.0	50.0-100.0	0.000-1.571	0.008	0.056	1198.0	1196.0	1051.32	33.8987	144.827	15.5768	-0.345602	0.338358	-0.05	0.0	0.494304	0.0	3.09238	0.0	0.0194509	0.0	0.032199	0.00172346	0.03	0.0	1.492	0.0	5.0	0.0	1.733	0.0	0.0266703	0.000526107	1.34486e-05	0.000306561	0.372124	0.0247199	0.282557	0.0	0.00228371	0.0	0.000932635	0.00111587	1.58042	0.0	0.763747	0.0338776	1.0	0.0137997	1.0	0.00973964	0.364576	0.0679042	0.185528	0.414425	0.218033	0.0318333	2.43429	2.09429	-3098.09	4.0	3.50963e-05	-9136.53	4.0	6.86414e-05	1.0	762.732	30.3993	288.591	20.1463	0.274503	0.0169962	1060.3	8.75365	
0.0-2.4	10.0-13.0	0.0-100.0	0.000-1.571	0.008	0.136	6755.0	6753.0	5014.97	79.8251	1737.92	55.628	-0.641609	0.100467	-0.05	0.0	0.401294	0.0696673	3.09097	0.000546456	0.0215134	0.00165429	0.0423981	0.00239212	0.03	0.0	1.492	0.0	5.0	0.0	1.733	0.0	0.0355241	0.00109503	1.25623e-05	9.06713e-05	0.392622	0.0108051	0.0553454	0.0788853	0.000212513	0.0144851	0.000186609	0.000518892	2.09412	0.553674	0.946025	0.0155899	0.902015	0.247047	0.742369	0.311797	0.335817	0.0976345	0.0705042	0.152	0.301217	0.0195822	0.070588	0.0772057	-11893.2	4.0	2.28246e-07	-59519.5	7.0	1.9373e-05	1.0	3295.06	67.8641	1719.91	51.0308	0.342955	0.00858748	1043.14	73.11	
0.0-2.4	10.0-30.0	0.0-100.0	0.000-1.571	0.004	0.144	10431.0	10430.0	7815.36	99.178	2615.08	68.081	-0.668979	0.0819503	-0.05	0.0	0.434276	0.0492815	3.09196	0.000429184	0.0216002	0.00117794	0.044669	0.00199632	0.03	0.0	1.492	0.0	5.0	0.0	1.733	0.0	0.0364886	0.000875921	1.0177e-05	0.00195203	0.369655	0.00796541	0.0477214	0.0592155	-0.000892962	0.00748279	0.000222656	0.000396506	2.03646	0.461587	0.96536	0.0128394	0.914523	2.44041	0.821848	13.0254	0.364634	2.5553	0.0706125	2.0518e-07	0.303711	0.369196	0.0704586	1.00679	-18592.9	4.0	3.86821e-07	-96573.3	7.0	0.000134821	1.0	4973.06	83.5697	2842.3	65.5908	0.363681	0.00700965	1041.8	50.8234	
0.0-2.4	11.0-13.0	0.0-100.0	0.000-1.571	0.008	0.105	3589.0	3587.0	2751.66	58.4902	835.324	38.7915	-0.849875	0.146069	-0.05	0.0	0.499935	0.0723219	3.09052	0.00072109	0.0229066	0.00170456	0.0484248	0.00361858	0.03	0.0	1.492	0.0	5.0	0.0	1.733	0.0	0.0378808	0.00146933	4.93653e-05	0.000238442	0.457623	0.0156578	0.0328637	0.0389686	-0.000371389	0.0145275	0.00195027	0.000714498	2.53131	0.734887	0.99624	0.022246	0.785193	0.178639	0.973342	0.525081	0.371236	0.222979	0.0706788	0.0496443	0.303188	0.0477039	0.070524	4.67585	-6050.1	4.0	2.89286e-06	-29518.6	7.0	7.59012e-05	1.0	1689.66	47.9431	1062.0	38.9637	0.385948	0.0115414	1081.87	57.2199	
0.0-2.4	13.0-16.0	0.0-100.0	0.000-1.571	0.008	0.08	2229.0	2224.0	1767.27	46.4664	456.729	29.1312	-0.414694	0.196804	-0.05	0.0	0.423655	0.0673666	3.09383	0.000881112	0.0195522	0.00202884	0.0501058	0.0037833	0.03	0.0	1.492	0.0	5.0	0.0	1.733	0.0	0.0401114	0.00164231	1.00002e-05	0.000966722	0.420991	0.018807	0.0326157	0.0670782	-0.00999634	0.0183094	0.00253582	0.000857796	1.86063	0.773549	1.03221	0.0282445	0.84957	0.173868	0.999978	26.4505	0.287603	0.915506	0.0705908	1.51837e-07	0.229279	0.186887	0.0706444	5.50269e-06	-4103.06	4.0	4.32231e-05	-17297.9	7.0	1.19068e-06	1.0	1132.99	39.1443	634.281	30.3808	0.358905	0.0143692	1069.4	45.4737	
0.0-2.4	13.0-30.0	0.0-100.0	0.000-1.571	0.008	0.105	3676.0	3676.0	2806.82	59.1115	869.284	39.4531	-0.724072	0.142824	-0.05	0.0	0.465386	0.0672855	3.09384	0.000701112	0.0212829	0.00170233	0.0482351	0.00345095	0.03	0.0	1.492	0.0	5.0	0.0	1.733	0.0	0.0381399	0.00144664	2.10356e-05	0.0045896	0.333871	0.0115609	0.0347602	0.122355	-0.00537756	0.015369	0.000264985	0.000617459	1.80759	0.989032	0.993698	0.0222852	0.905756	17.682	0.991611	17.7859	0.405452	0.854474	0.0706721	4.72237	0.307308	1.28159	0.0705648	0.000147013	-6735.85	4.0	1.55338e-05	-30285.5	7.0	5.5137e-05	1.0	1676.49	48.869	1130.33	41.3313	0.402709	0.0120378	1032.81	74.6447	
0.0-2.4	16.0-30.0	0.0-100.0	0.000-1.571	0.008	0.064	1446.0	1444.0	1040.39	36.3734	403.627	26.1932	-1.0065	0.209828	-0.05	0.0	0.292472	0.182041	3.0938	0.00121015	0.0206185	0.00381325	0.035538	0.0046788	0.03	0.0	1.492	0.0	5.0	0.0	1.733	0.0	0.0319046	0.00222651	5.46616e-05	1.05755	0.229688	0.0125629	0.461092	0.573416	0.00155876	0.00498774	-0.00115406	1.99186e-08	1.33655	0.440517	0.770913	0.0418023	0.993173	10.4307	0.977561	9.01219	0.492234	0.905407	0.0704458	6.59125e-09	0.391735	0.528394	0.0708152	8.60477	-2697.58	4.0	3.73432	-10472.1	7.0	1.38467e-05	1.0	571.214	28.4709	469.175	26.0928	0.450962	0.0195045	1069.56	204.206	
0.0-2.4	6.5-30.0	0.0-10.0	0.000-1.571	0.008	0.184	19028.0	19028.0	8844.17	111.314	10184.9	117.18	-0.186249	0.038723	-0.05	0.0	0.432462	0.0	3.09244	0.0	0.0478553	0.0	0.0241478	0.000572455	0.03	0.0	1.492	0.0	5.0	0.0	1.733	0.0	0.0363501	0.000107914	3.80561e-05	6.9663e-05	0.313323	0.007843	0.19482	0.0	0.00388614	0.0	0.00204133	0.000441071	1.71004	0.0	0.987967	0.0118146	0.999925	0.0994644	0.369926	0.0274665	0.557394	0.0243868	0.0706812	8.38378e-07	0.38479	0.0169073	0.0974776	0.00614851	-24544.9	4.0	5.31686e-08	-177727.0	4.0	7.17087e-05	1.0	6311.8	100.34	2532.37	69.0868	0.286332	0.00693059	1164.31	4.03603	
0.0-2.4	6.5-30.0	0.0-100.0	0.000-1.571	0.004	0.128	49830.0	49707.0	27982.8	212.617	21724.1	197.343	-0.222298	0.0273595	-0.05	0.0	0.432462	0.0279192	3.09244	0.000252584	0.0478553	0.00119204	0.0241482	0.000558845	0.03	0.0	1.492	0.0	5.0	0.0	1.733	0.0	0.0363503	0.000483406	3.69757e-05	6.79802e-05	0.340357	0.00465071	0.19482	0.0809237	0.00388614	0.00250476	0.0020806	0.000246832	1.71004	0.123875	0.945947	0.00653403	0.657032	0.0173249	0.927846	0.0156822	0.5789	0.0109703	0.0706123	2.04361e-07	0.287147	0.00725855	0.306515	0.0448006	-73382.9	4.0	4.10731e-05	-519649.0	7.0	1.04271e-05	1.0	20023.4	184.058	7959.47	119.951	0.284441	0.00370188	1135.87	40.5139	
0.0-2.4	6.5-30.0	0.0-5.0	0.000-1.571	0.008	0.184	10346.0	10346.0	4802.02	82.2926	5544.62	86.6862	-0.0466606	0.0523822	-0.05	0.0	0.432462	0.0	3.09244	0.0	0.0478553	0.0	0.0233649	0.000788457	0.03	0.0	1.492	0.0	5.0	0.0	1.733	0.0	0.0360586	0.000144977	3.80561e-05	6.9663e-05	0.337773	0.0111707	0.19482	0.0	0.00388614	0.0	0.00406182	0.00061733	1.71004	0.0	1.04652	0.0167815	0.706828	0.066202	0.825042	0.0777387	0.643791	0.0258994	0.0704876	1.27468e-09	0.215978	0.0135171	0.200739	0.0427152	-13476.2	4.0	9.47977e-05	-90344.9	4.0	3.96539e-05	1.0	3449.79	74.1351	1352.22	50.3776	0.281595	0.00931515	1204.8	5.8685	
0.0-2.4	6.5-30.0	10.0-15.0	0.000-1.571	0.008	0.152	6514.0	6512.0	3382.28	67.5257	3129.28	65.6246	-0.16034	0.0699838	-0.05	0.0	0.432462	0.0	3.09244	0.0	0.0478553	0.0	0.0237487	0.000856449	0.03	0.0	1.492	0.0	5.0	0.0	1.733	0.0	0.0362006	0.000159437	1.79985e-05	0.004591	0.333653	0.0124038	0.19482	0.0	0.00388614	0.0	0.00178542	0.000707699	1.71004	0.0	0.947469	0.0181307	0.666162	0.293804	0.854726	0.203458	0.575133	0.204252	0.0704489	0.13345	0.170079	0.0150955	0.21411	0.0556445	-9394.24	4.0	5.4089e-05	-54365.7	4.0	3.42379e-05	1.0	2361.04	60.1205	1021.24	42.5237	0.301938	0.0110331	1136.89	6.0831	
0.0-2.4	6.5-30.0	10.0-20.0	0.000-1.571	0.008	0.16	11999.0	11997.0	6517.61	92.6781	5479.38	86.8962	-0.169768	0.0529422	-0.05	0.0	0.432462	0.0	3.09244	0.0	0.0478553	0.0	0.0235452	0.000636785	0.03	0.0	1.492	0.0	5.0	0.0	1.733	0.0	0.0361251	0.000117774	1.00282e-05	0.000232918	0.38131	0.010017	0.19482	0.0	0.00388614	0.0	0.000824881	0.000530588	1.71004	0.0	0.968848	0.0136297	0.700775	0.0446953	0.812546	0.0343426	0.583071	0.0247488	0.0707071	5.71249e-10	0.210592	0.0162777	0.384093	0.045449	-16660.8	4.0	0.000134076	-107987.0	4.0	1.83889e-07	1.0	4500.72	81.6936	2016.89	58.3141	0.309453	0.00779031	1151.3	4.61759	
0.0-2.4	6.5-30.0	15.0-20.0	0.000-1.571	0.008	0.16	5485.0	5485.0	3131.14	63.3929	2353.5	56.929	-0.181556	0.0808467	-0.05	0.0	0.432462	0.0	3.09244	0.0	0.0478553	0.0	0.0232399	0.000943072	0.03	0.0	1.492	0.0	5.0	0.0	1.733	0.0	0.0360127	0.000172698	1.00282e-05	0.000232918	0.428637	0.0156698	0.19482	0.0	0.00388614	0.0	-0.00103986	0.000799949	1.71004	0.0	1.00361	0.020525	0.834896	0.742945	0.840922	0.908302	0.631562	0.0209148	0.328982	0.0744116	0.299959	0.0377613	0.337839	0.113463	-7329.28	4.0	7.45318e-05	-45359.7	4.0	3.79503e-05	1.0	2123.05	55.2544	1008.1	40.275	0.321958	0.0110888	1175.03	7.05766	
0.0-2.4	6.5-30.0	20.0-25.0	0.000-1.571	0.008	0.145	4518.0	4518.0	2694.19	58.1027	1823.63	50.0561	-0.262319	0.0921436	-0.05	0.0	0.432462	0.0	3.09244	0.0	0.0478553	0.0	0.02317	0.00089858	0.03	0.0	1.492	0.0	5.0	0.0	1.733	0.0	0.0359872	0.000164172	3.69686e-05	0.0287936	0.352884	0.0153319	0.19482	0.0	0.00388614	0.0	0.000952806	0.000730613	1.71004	0.0	0.887436	0.018971	0.657132	0.738434	0.936743	0.0527712	0.584373	0.292107	0.0705937	0.0950687	0.212757	0.0236417	0.492286	0.142217	-7433.65	4.0	4.88181e-05	-36705.3	4.0	3.07102e-05	1.0	1971.65	52.1752	722.537	34.0155	0.268183	0.0112229	1097.18	6.17746	
0.0-2.4	6.5-30.0	20.0-30.0	0.000-1.571	0.008	0.152	8328.0	8328.0	5099.87	79.789	3228.07	67.0423	-0.17305	0.0692055	-0.05	0.0	0.432462	0.0	3.09244	0.0	0.0478553	0.0	0.0233484	0.000655459	0.03	0.0	1.492	0.0	5.0	0.0	1.733	0.0	0.0360525	0.000120457	1.79985e-05	0.004591	0.413065	0.0125286	0.19482	0.0	0.00388614	0.0	0.00126266	0.000546801	1.71004	0.0	0.895043	0.0142795	0.685761	0.165703	0.964299	0.0166202	0.588943	0.106321	0.0704556	0.0367646	0.196292	0.0123366	0.480165	0.138223	-13409.7	4.0	0.00011174	-72938.9	4.0	4.44919e-06	1.0	3649.35	70.6678	1450.51	47.4244	0.284422	0.00816533	1102.15	4.66852	
0.0-2.4	6.5-30.0	25.0-30.0	0.000-1.571	0.008	0.136	3810.0	3806.0	2403.72	54.6674	1402.28	44.5766	-0.0555407	0.104973	-0.05	0.0	0.432462	0.0	3.09244	0.0	0.0478553	0.0	0.0235692	0.000973127	0.03	0.0	1.492	0.0	5.0	0.0	1.733	0.0	0.036134	0.000180121	3.37928e-05	7.02542e-05	0.471159	0.0196969	0.19482	0.0	0.00388614	0.0	0.00152477	0.000826925	1.71004	0.0	0.908674	0.0217949	0.73901	0.0522384	1.0	0.196679	0.616145	0.0351938	0.0706051	4.23559e-09	0.178401	0.0149044	0.0711018	4.40884e-06	-5994.54	4.0	0.000117037	-30457.4	4.0	2.28382e-06	1.0	1667.23	47.6248	736.497	33.331	0.306399	0.0119883	1111.09	7.17588	
0.0-2.4	6.5-30.0	30.0-35.0	0.000-1.571	0.008	0.128	2909.0	2906.0	1775.43	47.3617	1130.32	39.9755	-0.389171	0.117568	-0.05	0.0	0.432462	0.0	3.09244	0.0	0.0478553	0.0	0.0245932	0.00120839	0.03	0.0	1.492	0.0	5.0	0.0	1.733	0.0	0.0365192	0.000230921	3.69757e-05	6.79802e-05	0.330079	0.0194571	0.19482	0.0	0.00388614	0.0	0.00348026	0.00100444	1.71004	0.0	0.919307	0.0246744	0.651217	0.0639667	1.0	0.703042	0.532301	0.0559316	0.0704393	0.0149259	0.291846	0.0251773	0.0704902	3.53669e-06	-4786.99	4.0	3.95549	-22351.6	4.0	2.41447e-05	1.0	1358.45	43.6105	416.984	26.6909	0.234864	0.0136657	1118.11	8.1674	
0.0-2.4	6.5-30.0	30.0-40.0	0.000-1.571	0.008	0.128	4998.0	4996.0	3224.37	62.8023	1771.33	49.9113	-0.408487	0.0941374	-0.05	0.0	0.432462	0.0	3.09244	0.0	0.0478553	0.0	0.0241626	0.000837685	0.03	0.0	1.492	0.0	5.0	0.0	1.733	0.0	0.0363557	0.000157985	3.69757e-05	6.79802e-05	0.265777	0.0120804	0.19482	0.0	0.00388614	0.0	0.0011542	0.000696101	1.71004	0.0	0.850985	0.0176126	0.771331	0.0776309	0.670282	0.149694	0.44398	0.0665597	0.0706141	2.87076e-08	0.390918	0.0313467	0.070581	0.0162015	-8625.18	4.0	1.67201e-06	-41494.6	4.0	2.43479e-05	1.0	2363.95	58.3226	860.418	39.5268	0.266849	0.0111024	1073.68	5.61995	
0.0-2.4	6.5-30.0	35.0-40.0	0.000-1.571	0.008	0.12	2089.0	2089.0	1444.8	41.2201	644.121	29.9743	-0.438791	0.156503	-0.05	0.0	0.432462	0.0	3.09244	0.0	0.0478553	0.0	0.0236203	0.00115104	0.03	0.0	1.492	0.0	5.0	0.0	1.733	0.0	0.0361529	0.000213401	3.63218e-05	5.72307e-05	0.217054	0.0133569	0.19482	0.0	0.00388614	0.0	0.000970835	0.00101658	1.71004	0.0	0.798238	0.0254047	0.945065	0.148107	0.52593	0.141015	0.386605	0.0530663	0.0881086	0.0561375	0.505996	0.0599663	0.0747918	0.0139634	-3866.86	4.0	6.47384e-07	-15751.0	4.0	3.92833e-06	1.0	1006.33	38.509	438.466	28.5505	0.303479	0.0177631	1040.55	7.84596	
0.0-2.4	6.5-30.0	40.0-45.0	0.000-1.571	0.008	0.12	1590.0	1589.0	1132.16	36.3138	456.773	25.3642	-0.371067	0.186012	-0.05	0.0	0.432462	0.0	3.09244	0.0	0.0478553	0.0	0.0233822	0.0011857	0.03	0.0	1.492	0.0	5.0	0.0	1.733	0.0	0.036065	0.000218143	3.63218e-05	5.72307e-05	0.277283	0.0198263	0.19482	0.0	0.00388614	0.0	-0.00204187	0.00120209	1.71004	0.0	0.873445	0.0316145	1.0	0.031821	0.748987	0.508785	0.42234	0.705925	0.0705347	1.7923e-06	0.590885	0.10469	0.0707149	0.173675	-2938.13	4.0	1.03959e-05	-11630.1	4.0	4.50324e-06	1.0	843.481	33.7034	288.681	22.1294	0.254982	0.0177528	1088.11	10.2168	
0.0-2.4	6.5-30.0	40.0-50.0	0.000-1.571	0.008	0.136	2852.0	2849.0	2074.37	48.9906	774.568	33.1712	-0.915575	0.146529	-0.05	0.0	0.432462	0.0	3.09244	0.0	0.0478553	0.0	0.0251086	0.000949522	0.03	0.0	1.492	0.0	5.0	0.0	1.733	0.0	0.0367177	0.000184254	3.37928e-05	7.02542e-05	0.292887	0.0141347	0.19482	0.0	0.00388614	0.0	-0.0029189	0.000906769	1.71004	0.0	0.871808	0.0245483	0.967573	0.0350994	1.0	0.00263724	0.497916	0.0368306	0.070567	8.65984e-07	0.445944	0.0324741	5.0	1.14465	-5119.98	4.0	2.40978e-08	-22548.9	4.0	1.46821e-06	1.0	1463.6	44.5858	610.775	31.6412	0.294438	0.0135761	1087.05	7.92603	
0.0-2.4	6.5-30.0	45.0-50.0	0.000-1.571	0.008	0.136	1262.0	1260.0	947.061	32.9208	312.916	21.2052	-1.77269	0.248263	-0.05	0.0	0.432462	0.0	3.09244	0.0	0.0478553	0.0	0.0276384	0.00166848	0.03	0.0	1.492	0.0	5.0	0.0	1.733	0.0	0.0377349	0.000346781	3.37928e-05	7.02542e-05	0.310069	0.019941	0.19482	0.0	0.00388614	0.0	-0.0036735	0.00130667	1.71004	0.0	0.797994	0.0369288	0.935503	30.5437	1.0	61735.9	0.423793	24.016	0.0705822	2.41182e-07	0.299814	7.5466	0.0707955	566646.0	-2225.63	4.0	1.70249e-06	-8976.55	4.0	1.50606e-06	1.0	618.648	29.1304	328.413	22.7255	0.34677	0.0207484	1040.4	11.4032	
0.0-2.4	6.5-30.0	5.0-10.0	0.000-1.571	0.008	0.112	8682.0	8649.0	4042.58	74.8904	4606.61	78.5661	-0.342947	0.057786	-0.05	0.0	0.432462	0.0	3.09244	0.0	0.0478553	0.0	0.0249616	0.000814631	0.03	0.0	1.492	0.0	5.0	0.0	1.733	0.0	0.0366608	0.000157397	3.69703e-05	0.0265992	0.294504	0.0109653	0.19482	0.0	0.00388614	0.0	0.000514933	0.00063512	1.71004	0.0	0.936082	0.016878	0.999999	0.1646	0.330812	0.0298963	0.463609	0.0351029	0.0706202	1.61801e-07	0.499044	0.0292319	0.0880409	0.00630438	-11166.6	4.0	3.44927e-07	-73979.9	4.0	1.00875e-05	1.0	2865.51	67.4371	1177.07	46.9603	0.291168	0.0102881	1129.26	5.63252	
0.0-2.4	6.5-30.0	50.0-100.0	0.000-1.571	0.008	0.088	2622.0	2600.0	2176.33	49.1491	423.599	25.7487	-0.530921	0.198171	-0.05	0.0	0.432462	0.0	3.09244	0.0	0.0478553	0.0	0.0251061	0.000996968	0.03	0.0	1.492	0.0	5.0	0.0	1.733	0.0	0.0367168	0.000193446	3.69533e-05	0.0259228	0.332786	0.0165983	0.19482	0.0	0.00388614	0.0	0.00242948	0.000857724	1.71004	0.0	0.85807	0.0234439	0.999992	0.148144	1.0	4145.51	0.425806	1.19989	0.0705701	20.815	0.24661	0.216248	0.0706143	15531.4	-5737.29	4.0	2.77852e-07	-20997.3	4.0	3.46344e-06	1.0	1630.29	45.3736	546.034	29.2451	0.250897	0.0121848	1078.21	7.51123	
0.0-2.4	6.5-30.0	50.0-55.0	0.000-1.571	0.008	0.08	926.0	917.0	754.5	29.0634	162.461	15.8956	-0.372708	0.316395	-0.05	0.0	0.432462	0.0	3.09244	0.0	0.0478553	0.0	0.0258203	0.00164801	0.03	0.0	1.492	0.0	5.0	0.0	1.733	0.0	0.0369968	0.00032638	1.00002e-05	2.73951e-05	0.274996	0.0250612	0.19482	0.0	0.00388614	0.0	0.00140085	0.00165998	1.71004	0.0	0.961631	0.0478841	0.960958	0.868194	0.903381	0.815071	0.433097	0.292715	0.0709805	1.11433	0.216817	0.0250864	0.0708082	1.59621e-05	-2050.17	4.0	9.7135e-07	-6411.95	4.0	3.19873e-06	1.0	577.714	27.6847	176.786	17.8212	0.234309	0.0218274	1146.42	16.1703	
0.0-2.4	6.5-30.0	50.0-60.0	0.000-1.571	0.008	0.08	1486.0	1473.0	1224.8	37.0097	248.16	19.8273	-0.44295	0.258019	-0.05	0.0	0.432462	0.0	3.09244	0.0	0.0478553	0.0	0.0264077	0.00132698	0.03	0.0	1.492	0.0	5.0	0.0	1.733	0.0	0.0372314	0.000267085	1.00002e-05	2.73951e-05	0.247576	0.0177802	0.19482	0.0	0.00388614	0.0	0.00263084	0.00122739	1.71004	0.0	0.909247	0.0342533	0.999999	0.129631	1.0	0.108338	0.498124	0.084929	0.0719138	0.000574875	0.288275	0.0568448	0.0901416	2.59067e-05	-3320.27	4.0	1.36342e-07	-11008.0	4.0	2.95454e-06	1.0	932.071	35.3103	292.727	23.0614	0.239	0.0173887	1111.47	11.281	
0.0-2.4	6.5-30.0	55.0-60.0	0.000-1.571	0.008	0.073	559.0	553.0	468.506	22.8411	84.4954	11.7351	-0.592569	0.446587	-0.05	0.0	0.432462	0.0	3.09244	0.0	0.0478553	0.0	0.027302	0.00232361	0.03	0.0	1.492	0.0	5.0	0.0	1.733	0.0	0.0375957	0.000478833	3.34445e-05	6.9324e-05	0.20458	0.023999	0.19482	0.0	0.00388614	0.0	0.00421941	0.00176426	1.71004	0.0	0.810567	0.0467114	1.0	0.170169	0.999992	0.190588	0.44945	0.0927668	0.0705615	3.28557e-06	0.400746	0.0872277	0.0705835	0.000141952	-1280.85	4.0	1.33372e-07	-3602.32	4.0	4.17869e-06	1.0	351.804	21.8935	116.702	14.7486	0.249094	0.0290434	1048.2	14.5423	
0.0-2.4	6.5-30.0	60.0-100.0	0.000-1.571	0.008	0.088	1136.0	1123.0	946.533	32.2459	176.469	16.4234	-0.659502	0.307175	-0.05	0.0	0.432462	0.0	3.09244	0.0	0.0478553	0.0	0.0228529	0.00138062	0.03	0.0	1.492	0.0	5.0	0.0	1.733	0.0	0.0358719	0.000249589	3.69533e-05	0.0259228	0.417824	0.0289825	0.19482	0.0	0.00388614	0.0	0.00185652	0.00119208	1.71004	0.0	0.794543	0.0313674	0.995437	0.779145	0.999477	0.726697	0.317867	0.226359	0.0704642	1.55447	0.202106	0.0250612	0.0705261	2.15859	-2433.16	4.0	1.48213e-06	-8180.46	4.0	2.3178e-07	1.0	684.016	28.8285	262.517	19.1846	0.277345	0.0179313	1038.27	9.66381	
0.0-2.4	6.5-30.0	60.0-70.0	0.000-1.571	0.008	0.088	750.0	739.0	628.907	26.1401	110.181	12.8285	-0.789951	0.389562	-0.05	0.0	0.432462	0.0	3.09244	0.0	0.0478553	0.0	0.0197955	0.00136137	0.03	0.0	1.492	0.0	5.0	0.0	1.733	0.0	0.0348251	0.000219592	3.69533e-05	0.0259228	0.458656	0.0374612	0.19482	0.0	0.00388614	0.0	0.00222656	0.00146437	1.71004	0.0	0.785046	0.0380904	0.999877	0.0406113	0.999999	0.0682997	0.466563	0.0990736	0.0704429	1.39401e-07	0.239309	0.046861	0.0705168	2.55531e-06	-1609.42	4.0	6.72367e-05	-5116.69	4.0	2.83628e-05	1.0	443.896	23.0305	185.01	15.7837	0.294178	0.0219171	1032.44	11.6603	
0.0-2.4	6.5-30.0	70.0-100.0	0.000-1.571	0.016	0.073	385.0	381.0	315.17	18.7775	65.8022	10.1611	-0.455607	0.496292	-0.05	0.0	0.432462	0.0	3.09244	0.0	0.0478553	0.0	0.0284147	0.00267297	0.03	0.0	1.492	0.0	5.0	0.0	1.733	0.0	0.0380608	0.000566272	3.69173e-05	0.0282483	0.313626	0.0403077	0.19482	0.0	0.00388614	0.0	0.00228559	0.00216989	1.71004	0.0	0.829145	0.0573638	0.821239	0.112153	0.999996	0.638168	3.16493e-10	0.208797	0.0706125	0.0544205	0.156772	0.0323717	0.075199	3.61929	-828.321	4.0	4.61189e-08	-2328.16	4.0	1.08244e-05	1.0	235.074	17.2302	80.096	11.1131	0.254136	0.0318443	1059.83	18.0673	
0.0-2.4	6.5-7.5	0.0-100.0	0.000-1.571	0.016	0.16	18815.0	18811.0	7859.13	133.476	10951.9	144.58	-0.0597357	0.0386601	-0.05	0.0	0.405839	0.0737299	3.09098	0.000559171	0.0502294	0.00341727	0.0272259	0.00132479	0.03	0.0	1.492	0.0	5.0	0.0	1.733	0.0	0.0382668	0.00128197	8.17783e-05	0.000350179	0.23908	0.00810081	0.206936	0.0943215	0.00999971	0.0031414	0.00372687	0.00048073	1.88995	0.200823	0.992789	0.0106619	0.512426	0.0242467	0.84611	0.0333233	0.678486	0.0155884	0.0706182	2.331e-08	0.30056	0.0186047	0.352242	0.052138	-24789.1	4.0	3.97962e-08	-173960.0	7.0	5.74361e-05	1.0	6208.11	120.466	1651.03	64.665	0.210078	0.00741421	1233.22	58.9168	
0.0-2.4	6.5-8.0	0.0-100.0	0.000-1.571	0.016	0.16	25463.0	25457.0	11478.9	153.285	13978.8	161.199	-0.113353	0.0341507	-0.05	0.0	0.418077	0.0565202	3.09154	0.00044332	0.0490378	0.00245063	0.0267531	0.00101181	0.03	0.0	1.492	0.0	5.0	0.0	1.733	0.0	0.0377075	0.000942354	2.99332e-05	0.00458551	0.304366	0.00768214	0.247328	0.092515	0.00999999	0.0035556	0.00312613	0.00041174	1.76918	0.144226	0.94528	0.00943954	0.52817	0.0230534	0.870458	0.0246731	0.636729	0.0148589	0.0705833	1.50379e-08	0.264983	0.0132095	0.344261	0.0448569	-34049.3	4.0	2.5952e-06	-244337.0	7.0	8.30207e-05	1.0	8899.53	136.277	2579.34	75.0629	0.224703	0.00581013	1202.79	50.4532	
0.0-2.4	6.5-8.5	0.0-100.0	0.000-1.571	0.016	0.16	30553.0	30532.0	14544.2	164.037	15987.8	168.372	-0.141782	0.0318129	-0.05	0.0	0.412729	0.0432414	3.09137	0.00038205	0.0500116	0.00200021	0.0258414	0.000832538	0.03	0.0	1.492	0.0	5.0	0.0	1.733	0.0	0.0377421	0.000776494	7.56762e-05	0.000240875	0.32177	0.00737477	0.226798	0.0773955	0.00999999	0.00269626	0.0030784	0.000362697	1.75627	0.126619	0.957674	0.00856622	0.549241	0.0219204	0.879108	0.0220693	0.631194	0.0135627	0.0704901	2.38216e-07	0.291759	0.011285	0.33408	0.0395156	-41625.8	4.0	1.57597e-06	-299738.0	7.0	3.24244e-05	1.0	11235.8	146.634	3308.4	82.6734	0.227472	0.00507238	1186.88	41.3153	
0.0-2.4	7.5-8.5	0.0-100.0	0.000-1.571	0.008	0.184	11738.0	11738.0	6676.46	100.927	5061.56	92.528	-0.329696	0.0566245	-0.05	0.0	0.438242	0.0522795	3.09167	0.000520053	0.0488012	0.00218794	0.0240452	0.00111495	0.03	0.0	1.492	0.0	5.0	0.0	1.733	0.0	0.0369931	0.000920535	8.69412e-05	0.000593911	0.399774	0.0117248	0.237333	0.116679	0.00999999	0.0164169	0.00180296	0.000547263	1.6166	0.148917	0.91814	0.0141872	0.628092	0.0323468	0.908272	0.0259187	0.5559	0.0227238	0.070622	4.22192e-07	0.280799	0.0139154	0.341404	0.0619484	-17123.9	4.0	1.39832e-05	-105830.0	7.0	1.16526e-05	1.0	4944.01	89.0988	1732.45	55.125	0.259486	0.00726533	1123.9	52.697	
0.0-2.4	8.0-10.0	0.0-100.0	0.000-1.571	0.008	0.184	13934.0	13934.0	8891.33	113.706	5043.3	95.2863	-0.252352	0.056821	-0.05	0.0	0.409984	0.0386749	3.09313	0.000423925	0.0504888	0.00208639	0.0230274	0.000839798	0.03	0.0	1.492	0.0	5.0	0.0	1.733	0.0	0.0368505	0.000804937	8.20597e-05	0.000220638	0.338591	0.00841054	0.223708	0.161679	0.000490489	0.00440365	0.00180431	0.000461107	1.60773	0.189825	0.906217	0.0124987	0.847886	0.00334174	0.65768	0.005744	0.505162	0.00445817	0.0704438	1.4334	0.369092	0.00188543	0.0707834	0.0328323	-22092.3	4.0	2.73899e-06	-129816.0	7.0	9.55459e-05	1.0	6292.16	99.2077	2599.16	66.8738	0.292326	0.00652638	1102.61	71.7905	
0.0-2.4	8.5-9.5	0.0-100.0	0.000-1.571	0.008	0.12	6486.0	6475.0	4157.51	77.6895	2317.66	64.7376	-0.185355	0.0834657	-0.05	0.0	0.497048	0.0665948	3.09463	0.000610419	0.0431722	0.00236381	0.0226877	0.00120718	0.03	0.0	1.492	0.0	5.0	0.0	1.733	0.0	0.0344283	0.00100415	6.95629e-05	0.856416	0.298193	0.0096192	0.195257	0.140777	-0.00999932	0.0168172	0.00135331	0.000669912	1.55521	0.187671	0.9088	0.0179607	0.999994	0.00248188	0.588016	0.203741	0.494632	0.135052	0.185703	0.000360419	0.280899	0.0430479	0.070593	4.32763e-09	-10751.6	4.0	1.1713e-06	-55599.7	7.0	0.000149294	1.0	2801.39	66.7196	1356.11	48.511	0.326184	0.00994971	1066.26	59.2956	
0.0-2.4	9.5-11.0	0.0-100.0	0.000-1.571	0.008	0.136	5524.0	5521.0	3852.83	73.1309	1668.1	56.2363	-0.36425	0.100159	-0.05	0.0	0.384184	0.0633427	3.09265	0.000620722	0.0485812	0.00303072	0.0235299	0.00138761	0.03	0.0	1.492	0.0	5.0	0.0	1.733	0.0	0.0353225	0.0011739	1.00134e-05	0.000394123	0.336506	0.0121599	0.411816	0.288493	0.0022233	0.00388478	0.00344411	0.000759589	1.51553	0.180886	0.732565	0.0210659	0.681275	0.250947	0.735012	0.0921496	0.307752	0.211307	0.070965	0.900418	0.405348	0.0163514	0.0704489	7.18536e-09	-9601.3	4.0	10.0311	-47034.9	7.0	6.61497e-06	1.0	2750.96	63.6524	1101.86	41.9822	0.285989	0.00944804	1123.17	123.763	
0.4-0.8	6.5-30.0	0.0-100.0	0.000-1.571	0.008	0.073	6331.0	6331.0	4232.56	73.8634	2098.41	57.6329	0.0552502	0.0881082	-0.05	0.0	0.509645	0.059851	3.09299	0.000450724	0.017986	0.000803914	0.0362329	0.00256284	0.03	0.0	1.492	0.0	5.0	0.0	1.733	0.0	0.0284362	0.000963742	1.07909e-05	6.48731e-06	0.45265	0.0135516	0.164736	0.163076	-0.00113548	0.00593586	-0.000491448	0.000587081	1.82366	0.359661	0.943579	0.0176527	0.761079	0.0425071	0.839346	0.0358904	0.499677	0.0283715	0.070609	7.57472e-09	0.272539	0.0293291	0.507568	0.0995342	-10382.4	4.0	4.6933e-05	-55220.4	7.0	6.78532e-06	1.0	2754.83	61.4531	1477.73	46.1551	0.349134	0.00904386	1136.46	99.6513	
0.8-1.2	6.5-30.0	0.0-100.0	0.000-1.571	0.008	0.105	9343.0	9339.0	5328.12	94.4657	4010.81	87.2113	0.00748893	0.067839	-0.05	0.0	0.453908	0.0948883	3.09228	0.000578779	0.0328052	0.00473393	0.0308126	0.00448559	0.03	0.0	1.492	0.0	5.0	0.0	1.733	0.0	0.0317325	0.00163003	3.76156e-05	0.000218351	0.309767	0.00969561	0.510138	0.279061	0.00698866	0.00378923	-0.00031354	0.000670267	1.44442	0.131788	0.74269	0.0182748	0.579257	0.0604395	0.930254	0.0280021	0.574404	0.0453011	0.0706117	0.0145203	0.229742	0.0161682	0.339813	0.0961685	-15374.4	4.0	1.59778e-05	-82462.7	7.0	3.11675e-05	1.0	3876.09	81.3999	1452.03	50.6559	0.272522	0.00818796	1155.22	101.812	
1.2-1.6	6.5-30.0	0.0-10.0	0.000-1.571	0.008	0.136	4739.0	4733.0	1979.84	53.9207	2753.55	60.6702	-0.16643	0.0742552	-0.05	0.0	0.604458	0.0	3.09132	0.0	0.0436198	0.0	0.0307751	0.00210237	0.03	0.0	1.492	0.0	5.0	0.0	1.733	0.0	0.0390476	0.000327701	2.31047e-05	0.000294422	0.300493	0.0157277	0.103775	0.0	0.00999984	0.0	0.00235638	0.000785567	2.09199	0.0	0.897267	0.0206141	0.999959	0.139001	0.334894	0.0407052	0.436919	0.0548595	0.0724139	0.771023	0.541852	0.0389636	0.0777638	0.00751417	-5506.04	4.0	4.30094e-05	-37235.9	4.0	0.000101899	1.0	1379.78	48.1935	600.056	34.3157	0.303083	0.0152408	1084.3	7.64407	
1.2-1.6	6.5-30.0	0.0-100.0	0.000-1.571	0.008	0.136	12060.0	12045.0	6277.52	107.16	5767.16	104.73	-0.25249	0.0543187	-0.05	0.0	0.604458	0.0909525	3.09132	0.000652615	0.0436198	0.00178393	0.0304269	0.00204556	0.03	0.0	1.492	0.0	5.0	0.0	1.733	0.0	0.0389395	0.000888875	2.31047e-05	0.000294422	0.284617	0.00879116	0.103775	0.0507441	0.00999984	0.0195355	0.00225214	0.000478485	2.09199	0.256609	0.949056	0.0123119	0.843712	0.100562	0.483351	0.0844305	0.468007	0.0297481	0.0705956	3.74922e-07	0.437214	0.0223105	0.0704748	1.07288e-10	-16884.7	4.0	8.71668e-05	-107757.0	7.0	3.15231e-05	1.0	4573.65	93.4881	1703.87	59.0802	0.271425	0.00819185	1123.12	46.6706	
1.2-1.6	6.5-30.0	10.0-20.0	0.000-1.571	0.008	0.128	2763.0	2756.0	1415.95	45.4913	1339.98	44.6475	-0.22641	0.106937	-0.05	0.0	0.604458	0.0	3.09132	0.0	0.0436198	0.0	0.0367233	0.00374938	0.03	0.0	1.492	0.0	5.0	0.0	1.733	0.0	0.0410308	0.000663673	2.94195e-05	0.000284662	0.222451	0.0137527	0.103775	0.0	0.00999984	0.0	0.00289436	0.00108414	2.09199	0.0	1.03406	0.0271621	0.59631	0.0739966	0.999993	0.645325	0.636764	0.047748	0.098805	0.0178337	0.217705	0.0233294	0.145996	3.52955	-4066.78	4.0	3.32517e-05	-20500.1	4.0	5.2311e-06	1.0	987.219	41.6883	428.728	30.3588	0.302785	0.0191068	1188.48	10.5902	
1.2-1.6	6.5-30.0	20.0-30.0	0.000-1.571	0.008	0.105	2024.0	2018.0	1183.99	38.5853	833.866	33.7441	-0.0975657	0.135542	-0.05	0.0	0.604458	0.0	3.09132	0.0	0.0436198	0.0	0.0258649	0.00219018	0.03	0.0	1.492	0.0	5.0	0.0	1.733	0.0	0.0376126	0.000297864	1.00889e-05	0.00459463	0.32644	0.0221861	0.103775	0.0	0.00999984	0.0	-0.00193199	0.00107612	2.09199	0.0	1.00251	0.0253714	0.898027	0.265087	0.998395	4.45553	0.711546	0.112062	0.0706993	2.32483e-06	0.153791	0.0362672	0.0705137	19.6184	-3481.41	4.0	1.1761e-05	-14700.8	4.0	1.86673e-05	1.0	878.911	35.3358	305.084	22.9576	0.257674	0.0174773	1164.0	9.7919	
1.2-1.6	6.5-30.0	30.0-40.0	0.000-1.571	0.008	0.12	1248.0	1238.0	695.657	29.8985	542.352	27.2128	-0.304719	0.168205	-0.05	0.0	0.604458	0.0	3.09132	0.0	0.0436198	0.0	0.0280088	0.00319395	0.03	0.0	1.492	0.0	5.0	0.0	1.733	0.0	0.0382151	0.000462968	1.72747e-05	0.00459133	0.246861	0.0305232	0.103775	0.0	0.00999984	0.0	0.00534427	0.00137396	2.09199	0.0	0.901338	0.0356534	0.902366	0.103591	0.686625	0.170386	0.308624	0.0812984	0.0921184	0.037356	0.535811	0.0561064	0.070467	3.27457e-09	-1819.63	4.0	2.23368e-06	-8348.22	4.0	2.08955e-05	1.0	566.419	29.3134	129.238	17.248	0.185778	0.023473	1087.32	13.244	
1.2-1.6	6.5-30.0	40.0-50.0	0.000-1.571	0.016	0.064	653.0	639.0	471.223	23.2765	167.837	15.4396	-2.05718	0.353207	-0.05	0.0	0.604458	0.0	3.09132	0.0	0.0436198	0.0	0.0306066	0.00430563	0.03	0.0	1.492	0.0	5.0	0.0	1.733	0.0	0.0389952	0.000668348	2.95545e-05	0.000300613	0.294678	0.0324035	0.103775	0.0	0.00999984	0.0	-0.00409513	0.00199381	2.09199	0.0	1.00407	0.0541954	0.999998	3.28685	0.948451	0.113016	0.43269	0.0407399	0.170234	7.93692	0.324236	0.0272285	0.111203	0.0919524	-1171.51	4.0	2.89094e-05	-4097.47	4.0	1.3801e-05	1.0	346.786	21.8739	124.437	14.9271	0.264072	0.028867	1165.21	20.9272	
1.2-1.6	6.5-30.0	50.0-100.0	0.000-1.571	0.016	0.073	631.0	626.0	513.056	23.6697	112.942	12.6551	-1.26065	0.389392	-0.05	0.0	0.604458	0.0	3.09132	0.0	0.0436198	0.0	0.0287721	0.00281587	0.03	0.0	1.492	0.0	5.0	0.0	1.733	0.0	0.0384387	0.000416848	1.01642e-05	0.000817577	0.361779	0.037081	0.103775	0.0	0.00999984	0.0	0.00532112	0.00187506	2.09199	0.0	0.997791	0.0526502	0.999925	4.56993	0.999954	0.0519993	0.45129	0.0961431	0.0705456	6.48611	0.301548	0.034427	0.0707447	1.68213e-05	-1257.42	4.0	1.47269e-05	-4138.61	4.0	7.0216e-07	1.0	386.147	21.8297	126.91	13.9087	0.24736	0.0245904	1160.36	20.2878	
1.6-2.0	6.5-30.0	0.0-100.0	0.000-1.571	0.008	0.16	12227.0	12211.0	6147.41	121.214	6063.58	120.863	-0.420044	0.0567223	-0.05	0.0	0.547067	0.123508	3.09089	0.000797353	0.0539416	0.00277129	0.0344994	0.00352384	0.03	0.0	1.492	0.0	5.0	0.0	1.733	0.0	0.0461615	0.00156946	2.61437e-05	0.00458725	0.274708	0.0093862	0.462154	0.274076	0.00485629	0.00340939	0.00318491	0.00074632	1.4787	0.146906	0.873824	0.0169258	0.713478	0.0448816	0.840302	0.0428665	0.649658	0.0209369	0.0704781	5.12343e-08	0.23717	0.0134741	0.312615	0.0468916	-16511.2	4.0	3.71282e-05	-108425.0	7.0	2.77615e-05	1.0	4745.7	106.265	1401.71	57.4446	0.228016	0.00819181	1192.15	92.0501	
1.6-2.4	3.0-30.0	0.0-100.0	0.000-1.571	0.008	0.264	245844.0	245834.0	44737.7	372.687	201091.0	542.795	0.0478009	0.00871154	-0.05	0.0	0.0490658	0.00875029	3.08875	0.000435805	0.0170444	0.00187383	0.052	0.000795663	0.03	0.0	1.89	0.0	5.0	0.0	1.44	0.0	0.0508486	0.000400865	1.05692e-05	6.49144e-05	0.269776	0.00521794	0.19593	0.106578	0.00823221	0.0041731	0.00952751	0.000194382	1.71895	0.159922	1.0166	0.00281621	0.948927	0.022328	0.720583	0.0130183	0.800468	0.00529464	0.0705878	3.03695e-09	0.215601	0.00592028	0.431632	0.0110025	-204828.0	4.0	7.59342e-05	-2844000.0	7.0	0.000638588	1.0	37077.1	358.535	7660.56	192.921	0.171233	0.00406952	1187.4	48.7248	
1.6-2.4	3.0-4.5	0.0-100.0	0.000-1.571	0.016	0.264	169699.0	169692.0	21800.7	209.11	147891.0	335.88	0.213925	0.0104228	-0.05	0.0	9.58893e-08	0.993849	3.08793	0.00058533	0.0614839	0.0559116	0.0499344	0.00205306	0.03	0.0	1.86	0.0	5.0	0.0	1.38	0.0	0.0499344	0.00648472	8.85777e-05	0.0369611	0.240042	0.00994339	0.101357	0.069759	0.0499991	0.0925249	0.0121827	0.000242763	1.84755	0.275177	1.09418	0.00315666	0.925972	0.047383	0.622831	0.0248188	0.840535	0.00656363	0.0720469	7.98196e-08	0.255075	0.0105836	0.425898	0.0131833	-131461.0	4.0	8.78122e-05	-1896280.0	7.0	0.00228837	1.0	19163.3	234.863	2637.38	148.37	0.120977	0.00670611	1192.42	38.9768	
1.6-2.4	3.0-5.5	0.0-100.0	0.000-1.571	0.016	0.264	209873.0	209862.0	30216.3	345.281	179645.0	518.298	0.10909	0.00920935	-0.05	0.0	1.13613e-09	0.0174123	3.08816	0.000582169	0.0553697	0.0579215	0.0495427	0.000579798	0.03	0.0	1.86	0.0	5.0	0.0	1.38	0.0	0.0495427	0.000294833	1.55371e-05	0.00459213	0.266301	0.00762858	0.125652	0.0884483	0.0251244	0.0167426	0.0119316	0.000214175	1.92178	0.271466	1.07821	0.00287615	0.973144	1.10569	0.644215	0.10984	0.84467	0.0354335	0.0705655	0.202369	0.258148	0.0169049	0.418111	0.0296107	-166646.0	4.0	3.82057e-05	-2390910.0	7.0	7.88062e-05	1.0	25817.4	335.866	4398.95	168.224	0.145582	0.00531296	1216.77	53.3102	
1.6-2.4	3.0-6.5	0.0-10.0	0.000-1.571	0.016	0.264	126549.0	126539.0	14144.8	252.021	112394.0	402.181	0.0959065	0.0115424	-0.05	0.0	3.64465e-08	0.0	3.08903	0.0	0.0489829	0.0	0.0476681	0.000833861	0.03	0.0	1.86	0.0	5.0	0.0	1.38	0.0	0.0476681	0.00041693	1.3729e-05	0.00459296	0.226288	0.0104415	0.173641	0.0	0.0248856	0.0	0.0118775	0.000294231	1.74699	0.0	1.08029	0.00405129	1.0	0.0181991	0.620677	0.0185099	0.842665	0.00395626	0.0710221	7.98583e-05	0.354333	0.00838186	0.357819	0.0125309	-91178.6	4.0	3.06787e-05	-1376130.0	4.0	6.3925e-05	1.0	11811.6	247.791	2333.18	137.256	0.164949	0.00924784	1222.43	1.47928	
1.6-2.4	3.0-6.5	0.0-100.0	0.000-1.571	0.016	0.264	229354.0	229344.0	36138.3	1377.65	193206.0	1302.02	0.0692298	0.022371	-0.05	0.0	3.64465e-08	2.46435	3.08903	0.000607922	0.0489829	0.15814	0.0497719	0.00132427	0.03	0.0	1.86	0.0	5.0	0.0	1.38	0.0	0.0497719	0.00116987	1.3729e-05	0.00459296	0.267336	0.00648847	0.173641	0.119565	0.0248856	0.0127773	0.0113775	0.000207825	1.74699	0.202734	1.04517	0.00289162	0.806856	0.0294157	0.695669	0.017815	0.819372	0.00546364	0.0704799	3.50454e-08	0.265625	0.00686463	0.40744	0.0117169	-185060.0	4.0	3.29328e-05	-2634500.0	7.0	0.000414676	1.0	30613.6	1179.14	5524.66	269.692	0.152876	0.00466143	1196.94	55.2804	
1.6-2.4	3.0-6.5	0.0-20.0	0.000-1.571	0.016	0.264	186684.0	186674.0	23940.0	318.904	162733.0	490.354	0.0792145	0.00960135	-0.05	0.0	3.64465e-08	0.0	3.08903	0.0	0.0489829	0.0	0.0491474	0.000661698	0.03	0.0	1.86	0.0	5.0	0.0	1.38	0.0	0.0491474	0.000330849	1.3729e-05	0.00459296	0.235208	0.00809499	0.173641	0.0	0.0248856	0.0	0.0124904	0.000235909	1.74699	0.0	1.06161	0.00326015	0.820978	0.0353707	0.680635	0.020719	0.829182	0.0055669	0.0704473	2.31779e-10	0.299311	0.00747964	0.400243	0.0127663	-144567.0	4.0	3.20104e-06	-2103680.0	4.0	3.03012e-05	1.0	20332.9	311.746	3607.08	161.656	0.150672	0.00644738	1208.83	1.18298	
1.6-2.4	3.0-6.5	10.0-20.0	0.000-1.571	0.016	0.209	60135.0	60057.0	9965.62	197.852	50091.3	281.536	0.0477286	0.0173519	-0.05	0.0	3.64465e-08	0.0	3.08903	0.0	0.0489829	0.0	0.0527132	0.00112667	0.03	0.0	1.86	0.0	5.0	0.0	1.38	0.0	0.0527132	0.000563335	1.37782e-05	0.00459294	0.266311	0.0120716	0.173641	0.0	0.0248856	0.0	0.0111044	0.000392293	1.74699	0.0	0.993487	0.00542714	0.686265	0.0330953	0.802069	0.0188022	0.744758	0.0139405	0.0707658	3.72256e-08	0.134723	0.00843833	0.445339	0.0210177	-53916.4	4.0	4.76945e-05	-609496.0	4.0	7.63364e-06	1.0	8642.14	189.606	1323.48	84.8661	0.132804	0.00809743	1159.99	1.92051	
1.6-2.4	3.0-6.5	20.0-30.0	0.000-1.571	0.016	0.192	22913.0	22907.0	4970.76	122.719	17936.4	167.404	-0.0310275	0.0290877	-0.05	0.0	3.64465e-08	0.0	3.08903	0.0	0.0489829	0.0	0.0538373	0.00134413	0.03	0.0	1.86	0.0	5.0	0.0	1.38	0.0	0.0538373	0.000672066	1.37746e-05	0.00459294	0.287667	0.0137546	0.173641	0.0	0.0248856	0.0	0.00361644	0.000615828	1.74699	0.0	0.961843	0.00867603	0.830012	0.0634976	0.76075	0.0358757	0.692981	0.0296066	0.0709087	1.18721e-07	0.105665	0.0105558	0.385283	0.0266554	-21149.1	4.0	1.14834e-05	-210952.0	4.0	3.87392e-06	1.0	4040.94	114.616	929.825	60.9195	0.187059	0.0113522	1137.74	3.03055	
1.6-2.4	3.0-6.5	20.0-40.0	0.000-1.571	0.016	0.192	34092.0	34079.0	8185.63	150.293	25893.6	200.72	-0.0024368	0.0242145	-0.05	0.0	3.64465e-08	0.0	3.08903	0.0	0.0489829	0.0	0.0512957	0.000984414	0.03	0.0	1.86	0.0	5.0	0.0	1.38	0.0	0.0512957	0.000492207	1.37746e-05	0.00459294	0.316521	0.0119882	0.173641	0.0	0.0248856	0.0	0.00462814	0.000497754	1.74699	0.0	0.956356	0.00713422	0.7903	0.0734741	0.792091	0.029832	0.694003	0.0327714	0.070899	0.0188824	0.11451	0.00866195	0.360844	0.0241005	-32321.6	4.0	4.76046e-06	-327970.0	4.0	3.90335e-06	1.0	6748.97	141.138	1436.66	72.5309	0.175509	0.00825402	1133.91	2.48615	
1.6-2.4	3.0-6.5	30.0-40.0	0.000-1.571	0.016	0.152	11179.0	11062.0	3180.68	85.4593	7880.91	109.546	0.0935198	0.0439061	-0.05	0.0	3.64465e-08	0.0	3.08903	0.0	0.0489829	0.0	0.0463555	0.00133598	0.03	0.0	1.86	0.0	5.0	0.0	1.38	0.0	0.0463555	0.00066799	1.3843e-05	0.00459291	0.367287	0.0223442	0.173641	0.0	0.0248856	0.0	0.00656594	0.000846278	1.74699	0.0	0.93924	0.0123421	0.999998	10.1581	0.378768	0.0582299	0.687401	0.00588096	0.210796	27.1829	0.184477	0.00598271	0.100143	0.00901286	-11548.8	4.0	1.24766e-07	-94505.6	4.0	2.67277e-05	1.0	2669.54	81.143	511.144	40.351	0.160703	0.0119289	1122.02	4.26877	
1.6-2.4	3.0-6.5	40.0-100.0	0.000-1.571	0.016	0.168	8576.0	8568.0	4049.83	82.3053	4518.21	85.1005	0.130788	0.0587218	-0.05	0.0	3.64465e-08	0.0	3.08903	0.0	0.0489829	0.0	0.0508646	0.000985059	0.03	0.0	1.86	0.0	5.0	0.0	1.38	0.0	0.0508646	0.000492529	1.33924e-05	0.00459311	0.317088	0.0169737	0.173641	0.0	0.0248856	0.0	0.00684717	0.000917234	1.74699	0.0	0.920575	0.0131945	1.0	0.0829581	0.596297	0.0688217	0.783763	0.0199365	0.0706189	1.533e-11	0.311613	0.0282031	0.213081	0.0354549	-9797.55	4.0	1.28526e-05	-72382.5	4.0	1.1168e-06	1.0	3347.81	80.7289	702.022	45.7333	0.173346	0.010729	1109.17	4.52473	
1.6-2.4	3.0-6.5	40.0-50.0	0.000-1.571	0.016	0.145	5039.0	4988.0	2072.25	60.9043	2915.69	67.4729	0.159956	0.0727912	-0.05	0.0	3.64465e-08	0.0	3.08903	0.0	0.0489829	0.0	0.0504015	0.00138732	0.03	0.0	1.86	0.0	5.0	0.0	1.38	0.0	0.0504015	0.000693662	1.39771e-05	0.00459285	0.309024	0.0213584	0.173641	0.0	0.0248856	0.0	0.0102688	0.00122302	1.74699	0.0	0.928366	0.0189813	0.855196	0.783936	0.606591	0.240844	0.851071	0.0422824	0.0706427	3.77045e-06	0.282978	0.0430176	0.21194	0.0544637	-5549.95	4.0	2.88926e-06	-39149.2	4.0	3.46925e-06	1.0	1664.15	58.2239	408.103	33.7891	0.196937	0.0152436	1114.52	6.53274	
1.6-2.4	3.0-6.5	50.0-100.0	0.000-1.571	0.016	0.168	3537.0	3537.0	1996.94	55.4458	1540.04	51.1625	0.208899	0.101631	-0.05	0.0	3.64465e-08	0.0	3.08903	0.0	0.0489829	0.0	0.0519858	0.00142763	0.03	0.0	1.86	0.0	5.0	0.0	1.38	0.0	0.0519858	0.000713815	1.33924e-05	0.00459311	0.336245	0.0248427	0.173641	0.0	0.0248856	0.0	0.00296125	0.00141805	1.74699	0.0	0.918808	0.0189566	0.999995	0.658843	0.614514	0.0869413	0.699596	0.0317507	0.0704414	2.57716e-07	0.211575	0.0247476	0.222915	0.0365178	-4427.91	4.0	3.13206e-07	-27118.9	4.0	2.0049e-06	1.0	1656.91	54.9147	340.025	31.4374	0.170273	0.0150161	1107.96	6.49534	
1.6-2.4	4.5-5.5	0.0-100.0	0.000-1.571	0.016	0.192	40173.0	40114.0	8053.68	156.305	32059.8	220.031	-0.405413	0.022083	-0.05	0.0	0.97326	0.0297657	3.08863	0.000942697	0.0496773	0.00160356	0.0206104	0.0102631	0.03	0.0	1.86	0.0	5.0	0.0	1.38	0.0	0.0491243	0.000849596	2.24592e-05	0.000300031	0.32123	0.0118222	0.168306	0.155053	0.0139897	0.0158776	0.00952944	0.000448235	1.94031	0.379299	1.06663	0.00688409	0.999997	1.79895	0.53839	1.10671	0.845588	0.138506	0.0709573	2.10016e-05	0.319073	0.304515	0.258519	0.428507	-35809.0	4.0	1.32115e-06	-392130.0	7.0	0.0141243	1.0	6458.52	142.895	1595.16	75.2708	0.198066	0.00851901	1256.92	94.858	
1.6-2.4	5.5-6.5	0.0-100.0	0.000-1.571	0.016	0.168	19481.0	19437.0	5865.32	157.159	13571.7	179.94	-0.500259	0.0348414	-0.05	0.0	0.800477	0.0742897	3.09297	0.00103296	0.046713	0.00186037	0.0899999	0.0176071	0.03	0.0	1.86	0.0	5.0	0.0	1.38	0.0	0.0579901	0.00337394	1.49587e-05	0.00459239	0.28272	0.0121376	0.433557	0.413492	0.016385	0.017632	0.00773087	0.000742691	1.45242	0.194727	0.874221	0.0133752	0.530443	0.0740973	0.845521	0.105848	0.682498	0.0460293	0.0734582	0.0242222	0.313578	0.0191514	0.194501	0.0509297	-19404.6	4.0	3.98039e-05	-177112.0	7.0	4.0171e-05	1.0	4798.04	138.732	1067.28	59.4658	0.181964	0.00888921	1160.82	130.954	
1.6-2.4	6.5-30.0	0.0-10.0	0.000-1.571	0.008	0.184	6408.0	6408.0	2715.46	65.2612	3692.18	72.3551	-0.413577	0.0648444	-0.05	0.0	0.664524	0.0	3.09073	0.0	0.0563844	0.0	0.0319208	0.00240613	0.03	0.0	1.492	0.0	5.0	0.0	1.733	0.0	0.0495428	0.000260043	6.70809e-05	0.00017923	0.297741	0.0165432	0.211707	0.0	0.00199102	0.0	0.00433126	0.000891157	1.6767	0.0	1.0879	0.0202034	0.689926	0.0501841	0.888799	0.0845589	0.671595	0.0276834	0.099068	0.0237388	0.268471	0.0193251	0.297898	0.102124	-7468.41	4.0	1.61233e-06	-52085.0	4.0	5.67485e-05	1.0	2175.82	61.7025	539.64	35.2273	0.198728	0.0120617	1236.18	7.00793	
1.6-2.4	6.5-30.0	0.0-100.0	0.000-1.571	0.008	0.152	16490.0	16468.0	8410.5	170.36	8057.64	169.289	-0.442825	0.0524444	-0.05	0.0	0.664524	0.146307	3.09073	0.000709183	0.0563844	0.00294852	0.0317552	0.00597633	0.03	0.0	1.492	0.0	5.0	0.0	1.733	0.0	0.049507	0.00205687	2.77437e-05	0.00458652	0.259788	0.00749912	0.211707	0.175346	0.00199102	0.00574194	0.00372857	0.00049037	1.6767	0.235346	0.922264	0.0112434	0.705519	0.362861	0.699977	0.71929	0.552087	1.57078	0.0705465	0.00130385	0.248085	0.115884	0.0707042	221.032	-22346.5	4.0	4.02282e-05	-151124.0	7.0	1.63255e-05	1.0	6407.3	143.465	2003.2	73.3819	0.238179	0.00726985	1125.02	85.0221	
1.6-2.4	6.5-30.0	10.0-20.0	0.000-1.571	0.008	0.16	4136.0	4136.0	2004.27	54.8784	2131.74	56.0266	-0.348328	0.0853893	-0.05	0.0	0.664524	0.0	3.09073	0.0	0.0563844	0.0	0.0335306	0.00339166	0.03	0.0	1.492	0.0	5.0	0.0	1.733	0.0	0.0498982	0.000382296	2.91966e-05	0.00458585	0.222672	0.0132329	0.211707	0.0	0.00199102	0.0	0.00130711	0.00102794	1.6767	0.0	0.96489	0.0217941	0.999013	11.3952	0.713328	0.405586	0.640587	0.152876	0.0704514	1.09701e-06	0.136757	0.0168603	0.249534	0.120476	-5660.89	4.0	1.24511e-05	-32082.3	4.0	3.08995e-06	1.0	1512.11	52.8081	492.161	35.4417	0.245556	0.016355	1152.86	7.18948	
1.6-2.4	6.5-30.0	20.0-30.0	0.000-1.571	0.008	0.152	2645.0	2645.0	1483.14	44.3483	1161.9	40.5645	-0.622915	0.117048	-0.05	0.0	0.664524	0.0	3.09073	0.0	0.0563844	0.0	0.0265879	0.00259907	0.03	0.0	1.492	0.0	5.0	0.0	1.733	0.0	0.0484748	0.000239121	2.77437e-05	0.00458652	0.288044	0.0181598	0.211707	0.0	0.00199102	0.0	0.00449693	0.00106502	1.6767	0.0	0.845988	0.0255774	0.720685	0.0874572	0.835262	0.0725409	0.676901	0.0492654	0.0705522	1.03341e-08	0.201774	0.0264554	0.432736	0.112548	-3975.5	4.0	8.41608e-07	-19663.7	4.0	1.49437e-06	1.0	1101.14	41.0163	381.997	26.9943	0.25756	0.0164911	1076.73	7.92082	
1.6-2.4	6.5-30.0	30.0-40.0	0.000-1.571	0.008	0.12	1613.0	1611.0	995.811	35.9361	615.112	30.1785	-0.526061	0.160863	-0.05	0.0	0.664524	0.0	3.09073	0.0	0.0563844	0.0	0.0282958	0.00332804	0.03	0.0	1.492	0.0	5.0	0.0	1.733	0.0	0.0487981	0.000323698	7.90451e-05	0.000185159	0.218186	0.0157121	0.211707	0.0	0.00199102	0.0	0.00185308	1.21676e-07	1.6767	0.0	0.848603	0.0296289	0.999999	0.178503	1.0	0.358019	0.73326	0.0754019	0.0704415	6.59681e-06	0.266831	0.0704329	0.0709285	2.22262e-05	-2594.62	4.0	0.22169	-11296.4	4.0	6.49418e-06	1.0	681.033	33.097	314.778	24.9086	0.316102	0.0222608	1078.35	9.19001	
1.6-2.4	6.5-30.0	40.0-50.0	0.000-1.571	0.008	0.136	893.0	892.0	587.604	26.9377	304.545	21.0379	-0.952469	0.233202	-0.05	0.0	0.664524	0.0	3.09073	0.0	0.0563844	0.0	0.0311468	0.00368351	0.03	0.0	1.492	0.0	5.0	0.0	1.733	0.0	0.0493772	0.000389745	6.70209e-05	0.882424	0.237354	0.0245425	0.211707	0.0	0.00199102	0.0	0.000445463	0.00152017	1.6767	0.0	0.677583	0.0353028	0.743397	0.0388758	0.999996	2.46639	0.413332	0.0379586	0.0713241	0.0133595	0.252259	0.0192019	0.0705596	6.32605	-1510.9	4.0	4.8859e-05	-5787.37	4.0	6.14511e-05	1.0	438.414	25.5029	149.191	17.124	0.253896	0.0267168	978.313	9.63721	
1.6-2.4	6.5-30.0	50.0-100.0	0.000-1.571	0.008	0.088	792.0	774.0	610.634	26.8915	163.189	16.6066	-0.241856	0.316169	-0.05	0.0	0.664524	0.0	3.09073	0.0	0.0563844	0.0	0.0454426	0.00567944	0.03	0.0	1.492	0.0	5.0	0.0	1.733	0.0	0.0529662	0.000817337	7.21792e-05	0.000182081	0.216569	0.0247462	0.211707	0.0	0.00199102	0.0	0.0040436	0.00193564	1.6767	0.0	0.818741	0.042097	0.761218	101.824	0.999998	38480.5	0.254492	106.562	0.070453	1.0502e-08	0.223794	32.8313	0.0704899	228677.0	-1531.46	4.0	7.37382e-05	-5058.58	4.0	8.80947e-05	1.0	480.681	26.4739	129.953	16.8971	0.212817	0.0260359	1060.0	12.8159	
2.0-2.4	6.5-30.0	0.0-100.0	0.000-1.571	0.008	0.152	4262.0	4260.0	2311.7	65.1005	1948.2	62.2375	-0.512962	0.0928839	-0.05	0.0	0.845375	0.0593894	3.09088	0.00151148	0.0628435	0.00309893	0.0238546	0.00460396	0.03	0.0	1.492	0.0	5.0	0.0	1.733	0.0	0.0585374	0.00165336	7.87116e-05	0.000484264	0.226858	0.0124068	0.0616687	0.0610904	-0.00999983	0.0176875	0.00211319	0.000836663	2.1655	0.541626	0.918323	0.0179928	0.8028	0.017842	1.0	1.55193	0.630281	0.0126574	0.118826	0.0101929	0.196143	0.00741846	0.141868	9.88355	-6033.82	4.0	1.45909e-06	-33338.9	7.0	3.06011e-05	1.0	1722.61	59.2797	589.083	37.894	0.254827	0.014738	1039.47	66.7784	
