signalCB3WN
rap	pT	cent	dPhi	ctauErrMin	ctauErrMax	NoCutEntry	CutEntry	NSig	NSigErr	NBkg	NBkgErr	coefExp	coefExpErr	coefPol1	coefPol1Err	coeffGaus	coeffGausErr	meanSig1	meanSig1Err	sigmaSig1	sigmaSig1Err	sigmaSig2	sigmaSig2Err	sigmaSig3	sigmaSig3Err	alpha	alphaErr	enne	enneErr	enneW	enneWErr	sigWidth	sigWidthErr	Gmc	GmcErr	bTau	bTauErr	fracRes	fracResErr	meanResSigW	meanResSigWErr	meanResSigN	meanResSigNErr	sigmaResSigW	sigmaResSigWErr	sigmaResSigN	sigmaResSigNErr	fpm	fpmErr	fLiving	fLivingErr	fbkgCtTot	fbkgCtTotErr	lambdam	lambdamErr	lambdap	lambdapErr	lambdasym	lambdasymErr	NLL	nFitPar	EDM	NLLMass	nFitParMass	EDMMass	Prob	PROMPT	PROMPTErr	NON-PROMPT	NON-PROMPTErr	Bfraction	BfractionErr	Resolution	ResolutionErr	
0.0-0.4	6.5-30.0	0.0-100.0	0.000-1.571	0.008	0.064	5368.0	5365.0	3655.95	149.141	1708.95	108.403	-0.0715938	0.220433	-0.05	0.0	0.1	0.0	3.09353	0.000998251	0.1	0.0	0.03	0.0	0.0183266	0.000880748	1.492	0.04	5.0	0.0	1.733	0.07	0.0183266	0.000880748	1.86511e-05	9.62505e-05	0.443683	0.109985	0.650386	0.167133	-0.000266231	0.00113589	0.0018565	0.00183091	1.30969	0.063225	0.715266	0.0402619	0.679468	0.904969	0.562627	0.587552	0.253057	0.526829	0.0331355	0.120624	0.379984	0.209728	0.071737	0.0312935	-12606.9	4.0	14902.5	-237127.0	5.0	3630.79	1.0	2320.75	150.78	1335.2	129.378	0.365213	0.0320992	1.13775	0.050337	
0.0-1.2	6.5-30.0	0.0-10.0	0.000-1.571	0.008	0.088	7334.0	7331.0	3932.38	138.566	3399.84	134.314	0.0977936	0.136881	-0.05	0.0	0.1	0.0	3.09342	0.0	0.1	0.0	0.03	0.0	0.0246388	0.000961976	1.492	0.04	5.0	0.0	1.733	0.07	0.0246388	0.000961976	1.48841e-05	2.84191e-05	0.317432	0.0550872	0.236177	0.0	5.83622e-05	0.0	0.00224479	0.00130257	1.60413	0.0	0.949072	0.0347748	0.744687	2.00621	0.528004	1.57752	0.516351	0.28205	0.0440311	0.0848095	0.262077	0.147841	0.106494	0.139471	-22168.9	4.0	6421.81	-234236.0	4.0	67.4823	1.0	2633.8	145.407	1298.58	120.928	0.330227	0.0284654	1.13831	0.011073	
0.0-1.2	6.5-30.0	0.0-100.0	0.000-1.571	0.008	0.105	20204.0	20200.0	12772.5	259.916	7427.84	211.104	0.134919	0.110236	-0.05	0.0	0.1	0.0	3.09342	0.000583441	0.1	0.0	0.03	0.0	0.0246066	0.000388754	1.492	0.04	5.0	0.0	1.733	0.07	0.0246066	0.000388754	1.87255e-05	2.6751e-05	0.40665	0.0557012	0.236177	0.079527	5.83622e-05	0.00144617	0.000946474	0.000663891	1.60413	0.0920545	0.896176	0.0190998	0.607088	0.207873	0.933634	0.0857356	0.465937	0.175289	0.0588011	0.0360479	0.224948	0.0380606	1.23013	5.83627	-12269.3	4.0	54142.3	-922891.0	5.0	3574.48	1.0	8546.81	286.6	4225.66	243.483	0.330841	0.0178347	1.10507	0.0360305	
0.0-1.2	6.5-30.0	10.0-20.0	0.000-1.571	0.008	0.088	4975.0	4974.0	3065.15	150.283	1908.6	110.954	0.238702	0.286468	-0.05	0.0	0.1	0.0	3.09342	0.0	0.1	0.0	0.03	0.0	0.0238102	0.00112049	1.492	0.04	5.0	0.0	1.733	0.07	0.0238102	0.00112049	1.48841e-05	2.84191e-05	0.508068	0.169375	0.236177	0.0	5.83622e-05	0.0	0.00118971	0.00145942	1.60413	0.0	0.914406	0.041216	0.463076	3.53385	0.844527	0.75559	0.333945	3.89219	0.0363785	0.203919	0.281163	0.249901	0.574749	1.66868	-172.571	4.0	17204.6	-245763.0	4.0	1961660.0	1.0	1905.66	154.516	1159.49	135.563	0.378283	0.0401504	1.11642	0.0128925	
0.0-1.2	6.5-30.0	20.0-30.0	0.000-1.571	0.008	0.105	3478.0	3475.0	2328.13	112.391	1147.75	82.5397	0.430687	0.375228	-0.05	0.0	0.1	0.0	3.09342	0.0	0.1	0.0	0.04	0.0	0.0247358	0.000620335	1.492	0.04	5.0	0.0	1.733	0.07	0.0247358	0.000620335	1.87255e-05	2.6751e-05	0.555267	0.30592	0.236177	0.0	5.83622e-05	0.0	0.00138898	0.00157151	1.60413	0.0	0.864673	0.043962	0.551628	0.147142	0.999988	35.4794	0.409463	0.221521	0.0457225	0.00980773	0.21327	0.0581867	0.0368002	251.519	19442.5	4.0	19607.8	-174665.0	4.0	426500.0	1.0	1554.33	144.699	773.803	129.24	0.332371	0.0531427	1.08573	0.0133711	
0.0-1.2	6.5-30.0	30.0-40.0	0.000-1.571	0.008	0.064	2015.0	2013.0	1454.52	79.7677	559.323	51.6834	-0.265727	0.300002	-0.05	0.0	0.1	0.0	3.09342	0.0	0.1	0.0	0.03	0.0	0.0252737	0.00106465	1.492	0.04	5.0	0.0	1.733	0.07	0.0252737	0.00106465	2.67574e-05	4.09709e-05	0.30098	0.0722471	0.236177	0.0	5.83622e-05	0.0	-0.00102784	0.00173675	1.60413	0.0	0.842662	0.0473448	0.565111	0.0268461	0.999999	29.2242	0.4194	0.0266327	0.0675211	0.00598475	0.193183	0.0128229	0.0693398	239.633	-11220.6	4.0	1867.47	-56986.6	4.0	641.425	1.0	1023.34	82.4717	431.174	64.893	0.296438	0.0415474	1.07243	0.0142075	
0.0-1.2	6.5-30.0	40.0-50.0	0.000-1.571	0.016	0.048	1242.0	1226.0	946.814	60.8447	279.703	42.2512	-0.122927	0.571598	-0.05	0.0	0.1	0.0	3.09342	0.0	0.1	0.0	0.03	0.0	0.0249624	0.00174241	1.492	0.04	5.0	0.0	1.733	0.07	0.0249624	0.00174241	1.07336e-05	8.63113e-05	0.309737	0.0713862	0.236177	0.0	5.83622e-05	0.0	-0.00287609	0.0021637	1.60413	0.0	0.893721	0.0690925	0.707231	19.2208	1.0	0.0030688	0.25286	20.7899	0.00832508	0.37536	0.86204	6.14975	1.86656	23.1217	-3849.47	4.0	766.294	-30689.1	4.0	207.116	1.0	628.255	57.9519	318.559	46.3411	0.336453	0.0439096	1.10355	0.0213699	
0.0-1.2	6.5-30.0	50.0-100.0	0.000-1.571	0.008	0.056	1157.0	1155.0	1002.6	60.8087	152.676	33.8494	-0.671564	0.624964	-0.05	0.0	0.1	0.0	3.09342	0.0	0.1	0.0	0.03	0.0	0.0244248	0.00124463	1.492	0.04	5.0	0.0	1.733	0.07	0.0244248	0.00124463	1.7457e-05	3.13754e-05	0.398872	0.140929	0.236177	0.0	5.83622e-05	0.0	0.0016347	0.00155033	1.60413	0.0	0.777861	0.0611961	0.514884	0.241284	0.999999	120.154	3.49099e-07	0.228689	0.0152734	0.00809141	0.2212	0.0509182	0.021812	690.257	-5402.03	4.0	1517.37	-31130.6	4.0	2639.41	1.0	719.282	61.8041	283.313	47.0302	0.28258	0.0436654	1.03436	0.0175759	
0.0-2.4	10.0-13.0	0.0-100.0	0.000-1.571	0.008	0.136	6530.0	6528.0	4874.79	154.818	1654.29	94.9778	-0.465504	0.151249	-0.05	0.0	0.1	0.0	3.09254	0.00134576	0.1	0.0	0.03	0.0	0.0309099	0.000964313	1.492	0.04	5.0	0.0	1.733	0.07	0.0309099	0.000964313	1.21637e-05	1.85867	0.436644	0.100905	0.294117	0.0867943	0.000270012	0.00176522	0.000304186	0.000943627	1.60695	0.0922641	0.799028	0.0262667	0.8704	0.300648	0.528695	0.23277	1.95432e-06	8.24477	0.0838929	0.0911393	0.28412	0.0603073	0.0264162	0.0172482	-4872.28	4.0	19938.1	-213536.0	5.0	11994.9	1.0	3257.11	169.36	1617.69	143.603	0.331847	0.0275085	1.10007	0.0436834	
0.0-2.4	10.0-30.0	0.0-100.0	0.000-1.571	0.004	0.144	10143.0	10141.0	7602.04	178.638	2539.92	111.294	-0.475305	0.122425	-0.05	0.0	0.1	0.0	3.09357	0.000958455	0.1	0.0	0.03	0.0	0.0310121	0.000739166	1.492	0.04	5.0	0.0	1.733	0.07	0.0310121	0.000739166	1.70873e-05	5.44529e-05	0.394196	0.0586093	0.236071	0.0672041	0.00122446	0.0014114	0.000184831	0.000675672	1.62051	0.0854295	0.862483	0.0206955	0.910478	0.469024	0.727076	0.813985	0.283254	0.483606	0.0788182	0.137056	0.301287	0.0723163	0.0381221	0.0729893	-9113.37	4.0	24520.2	-305711.0	5.0	6027.39	1.0	4909.87	189.564	2692.17	163.172	0.354138	0.0197854	1.09005	0.0332479	
0.0-2.4	11.0-13.0	0.0-100.0	0.000-1.571	0.008	0.105	3501.0	3500.0	2688.53	133.773	812.13	76.4425	-0.60523	0.224111	-0.05	0.0	0.1	0.0	3.09232	0.00215306	0.05	0.0	0.02	0.0	0.0310448	0.0014276	1.492	0.04	5.0	0.0	1.733	0.07	0.0310448	0.0014276	1.31317e-05	0.000141526	0.533856	0.200478	0.127384	0.054916	-0.0011181	0.00400296	0.00183185	0.00140702	1.9166	0.182182	0.91856	0.0400815	0.813986	0.726233	0.588062	0.392378	1.84314e-05	10.7976	0.0724625	0.148905	0.29456	0.090672	0.0200019	0.194959	-1760.66	4.0	15992.8	-144802.0	5.0	77880.2	1.0	1665.72	140.393	1022.81	124.222	0.380436	0.0421487	1.09736	0.0433387	
0.0-2.4	13.0-16.0	0.0-100.0	0.000-1.571	0.008	0.08	2178.0	2173.0	1700.96	75.1152	472.294	44.0465	-0.160219	0.284006	-0.05	0.0	0.1	0.0	3.096	0.00169242	0.02	0.0	0.02	0.0	0.0325426	0.00170207	1.492	0.04	5.0	0.0	1.733	0.07	0.0325426	0.00170207	3.22941e-05	7.28178e-05	0.43429	0.109207	0.190435	0.151414	0.000860929	0.00325109	0.0023362	0.0014187	1.61744	0.225591	0.938424	0.0449827	0.957122	2.67784	0.687587	3.23514	0.135138	0.603396	0.0479337	0.143471	0.23598	0.262856	0.0388544	0.108024	-3842.82	4.0	2968.46	-46357.6	5.0	113.125	1.0	1109.7	77.4083	591.264	65.3631	0.347606	0.035228	1.10052	0.0692895	
0.0-2.4	13.0-30.0	0.0-100.0	0.000-1.571	0.008	0.105	3612.0	3612.0	2729.01	89.0532	883.815	58.0344	-0.496734	0.207616	-0.05	0.0	0.1	0.0	3.09542	0.00117405	0.1	0.0	0.03	0.0	0.0311985	0.00108529	1.492	0.04	5.0	0.0	1.733	0.07	0.0311985	0.00108529	1.00009e-05	0.0022258	0.332205	0.0486903	0.132772	0.0920488	0.00351245	0.00313808	5.94415e-05	0.000911227	1.67468	0.204192	0.93235	0.0326611	0.910377	0.928683	0.851517	1.54034	0.34548	0.365607	0.042695	0.0343165	0.329477	0.131763	0.0402956	0.0326114	-5500.86	4.0	3822.55	-72948.5	5.0	27.3827	1.0	1653.98	87.6251	1075.03	77.4321	0.393926	0.0252948	1.06124	0.0487179	
0.0-2.4	16.0-30.0	0.0-100.0	0.000-1.571	0.008	0.064	1434.0	1432.0	1027.8	49.3052	404.504	38.4982	-0.911269	0.322671	-0.05	0.0	0.1	0.0	3.09463	0.00150901	0.1	0.0	0.03	0.0	0.0291677	0.00134641	1.492	0.04	5.0	0.0	1.733	0.07	0.0291677	0.00134641	1.03669e-05	0.000212641	0.229799	0.0288217	0.0950778	0.106211	0.00728087	0.00535444	-0.00139456	0.00108073	1.70142	0.346312	0.883219	0.043784	0.562435	7.99405	0.973445	0.444146	0.111767	13.6386	0.0074105	0.0286747	0.432855	0.15449	0.0549895	0.0784828	-2396.34	4.0	445.911	-20861.5	5.0	119.737	1.0	555.015	41.7513	472.783	39.3531	0.459996	0.0312904	0.990526	0.065768	
0.0-2.4	6.5-30.0	0.0-10.0	0.000-1.571	0.008	0.184	18323.0	18323.0	8633.61	212.827	9690.7	226.189	-0.0527711	0.0712909	-0.05	0.0	0.1	0.0	3.09264	0.0	0.1	0.0	0.03	0.0	0.0325958	0.000895765	1.492	0.04	5.0	0.0	1.733	0.07	0.0325958	0.000895765	1.10484e-05	0.188378	0.316937	0.0372633	0.197932	0.0	0.00209112	0.0	0.00405262	0.000843446	1.70729	0.0	0.99009	0.0201173	0.214391	246.609	0.728443	177.151	0.000218697	2632.36	0.00408637	5.03239	0.354048	10.0736	0.100898	23.1231	-30192.3	4.0	9860.45	-581336.0	4.0	422.173	1.0	6202.3	220.909	2431.31	170.342	0.28161	0.0184686	1.16756	0.00684143	
0.0-2.4	6.5-30.0	0.0-100.0	0.000-1.571	0.004	0.184	47830.0	47830.0	27195.6	358.663	20635.7	325.468	-0.0510764	0.0526319	-0.05	0.0	0.1	0.0	3.09264	0.000494262	0.1	0.0	0.03	0.0	0.0324699	0.000434985	1.492	0.04	5.0	0.0	1.733	0.07	0.0324699	0.000434985	1.10484e-05	0.188378	0.344973	0.0285291	0.197932	0.0374389	0.00209112	0.00129423	0.0024785	0.000451629	1.70729	0.0620358	0.934471	0.011439	0.604006	0.238548	0.924133	0.0944708	0.534688	0.171146	0.0579142	0.0385106	0.24491	0.0489502	0.625065	1.46201	-52418.2	4.0	70419.3	-1770840.0	5.0	688.672	1.0	19432.1	407.101	7763.48	332.471	0.285468	0.011631	1.13019	0.0196536	
0.0-2.4	6.5-30.0	0.0-5.0	0.000-1.571	0.008	0.184	9982.0	9982.0	4698.75	158.735	5284.47	164.423	0.0571155	0.0975073	-0.05	0.0	0.1	0.0	3.09264	0.0	0.1	0.0	0.03	0.0	0.0328953	0.00119565	1.492	0.04	5.0	0.0	1.733	0.07	0.0328953	0.00119565	1.10484e-05	0.188378	0.325741	0.0586045	0.197932	0.0	0.00209112	0.0	0.00478999	0.00121982	1.70729	0.0	1.05041	0.0289762	0.661611	0.939946	0.836924	0.72626	0.640418	0.421676	0.0612052	0.200107	0.231463	0.107232	0.278273	0.806538	-18179.0	4.0	6234.85	-291605.0	4.0	81.3629	1.0	3386.82	172.301	1311.93	136.239	0.279208	0.0274176	1.20909	0.0100953	
0.0-2.4	6.5-30.0	10.0-15.0	0.000-1.571	0.008	0.152	6331.0	6330.0	3318.71	121.212	3010.98	118.803	-0.00248558	0.133842	-0.05	0.0	0.1	0.0	3.09264	0.0	0.1	0.0	0.03	0.0	0.0324476	0.00122569	1.492	0.04	5.0	0.0	1.733	0.07	0.0324476	0.00122569	2.54256e-05	2.68579e-05	0.334885	0.053227	0.197932	0.0	0.00209112	0.0	0.00471696	0.00131779	1.70729	0.0	0.935689	0.0303491	0.403132	0.0877692	0.844101	0.140718	0.347452	0.145207	0.0293786	0.00966703	0.17413	0.0403239	0.176131	0.102728	-17096.9	4.0	2714.65	-157814.0	4.0	154.324	1.0	2328.6	124.094	990.109	97.3325	0.298341	0.027229	1.131	0.0100692	
0.0-2.4	6.5-30.0	10.0-20.0	0.000-1.571	0.008	0.16	11656.0	11654.0	6457.3	194.717	5196.9	168.833	0.000813236	0.110373	-0.05	0.0	0.1	0.0	3.09264	0.0	0.1	0.0	0.03	0.0	0.0328665	0.000961974	1.492	0.04	5.0	0.0	1.733	0.07	0.0328665	0.000961974	1.13588e-05	0.0219528	0.393282	0.0786887	0.197932	0.0	0.00209112	0.0	0.00291958	0.00104861	1.70729	0.0	0.95516	0.0249973	0.476782	2.07054	0.854307	0.453346	0.419592	1.93779	0.0350464	0.117934	0.201093	0.170244	0.419229	0.974888	-9602.13	4.0	22034.1	-408976.0	4.0	1818.67	1.0	4456.09	222.797	2001.21	187.682	0.309915	0.0275216	1.14398	0.00837013	
0.0-2.4	6.5-30.0	15.0-20.0	0.000-1.571	0.008	0.16	5324.0	5324.0	3132.44	151.735	2192.01	119.095	0.00489779	0.185109	-0.05	0.0	0.1	0.0	3.09264	0.0	0.1	0.0	0.03	0.0	0.033207	0.00151826	1.492	0.04	5.0	0.0	1.733	0.07	0.033207	0.00151826	1.13588e-05	0.0219528	0.455047	0.166112	0.197932	0.0	0.00209112	0.0	-0.000294615	0.00159954	1.70729	0.0	0.97628	0.0389787	0.717557	0.933801	0.771815	0.472205	0.547305	0.519938	0.0542343	0.132081	0.244686	0.30325	0.586708	2.01254	3327.26	4.0	18155.6	-219758.0	4.0	2200.5	1.0	2107.64	178.547	1024.79	154.661	0.327155	0.0467617	1.15819	0.0131766	
0.0-2.4	6.5-30.0	20.0-25.0	0.000-1.571	0.008	0.145	4285.0	4285.0	2582.82	106.459	1702.4	90.1814	-0.0403671	0.173365	-0.05	0.0	0.1	0.0	3.09264	0.0	0.1	0.0	0.03	0.0	0.0312454	0.00139418	1.492	0.04	5.0	0.0	1.733	0.07	0.0312454	0.00139418	1.27502e-05	0.000164255	0.339038	0.0621662	0.197932	0.0	0.00209112	0.0	0.00242733	0.00115594	1.70729	0.0	0.850273	0.0278434	0.457047	0.117752	0.913931	0.158679	0.379478	0.25783	0.0395881	0.0150489	0.177712	0.0473354	0.788635	2.69875	-11708.5	4.0	2517.07	-107846.0	4.0	171.786	1.0	1877.98	107.463	704.841	80.0031	0.272896	0.0288606	1.07555	0.00882738	
0.0-2.4	6.5-30.0	20.0-30.0	0.000-1.571	0.008	0.152	7916.0	7916.0	4895.66	143.231	3019.79	116.401	0.0849298	0.170114	-0.05	0.0	0.1	0.0	3.09264	0.0	0.1	0.0	0.03	0.0	0.0316566	0.00065798	1.492	0.04	5.0	0.0	1.733	0.07	0.0316566	0.00065798	2.54256e-05	2.68579e-05	0.423118	0.123035	0.197932	0.0	0.00209112	0.0	0.00260267	0.00102198	1.70729	0.0	0.866775	0.0257802	0.48693	1.12291	0.947369	0.279072	0.410955	1.32126	0.038492	0.0733945	0.177778	0.0774365	0.708132	5.77537	13189.5	4.0	26114.3	-287748.0	4.0	7425.12	1.0	3509.57	189.373	1386.1	164.206	0.283127	0.0325022	1.08606	0.00825124	
0.0-2.4	6.5-30.0	25.0-30.0	0.000-1.571	0.008	0.136	3630.0	3627.0	2312.59	132.258	1314.51	104.311	0.249964	0.385184	-0.05	0.0	0.1	0.0	3.09264	0.0	0.1	0.0	0.03	0.0	0.032156	0.000534345	1.492	0.04	5.0	0.0	1.733	0.07	0.032156	0.000534345	1.61666e-05	1.68756e-05	0.53218	0.335903	0.197932	0.0	0.00209112	0.0	0.00190315	0.0018338	1.70729	0.0	0.900448	0.048205	0.657789	3.14386	0.986344	2.06334	0.56506	2.26716	0.0462212	0.55407	0.17665	0.123003	0.137416	2.17642	20199.1	4.0	19067.1	-155696.0	4.0	2478580.0	1.0	1621.44	172.639	691.151	150.89	0.298865	0.0629686	1.10782	0.0157131	
0.0-2.4	6.5-30.0	30.0-35.0	0.000-1.571	0.008	0.128	2742.0	2739.0	1715.36	78.9761	1024.27	67.6724	-0.238103	0.205858	-0.05	0.0	0.1	0.0	3.09264	0.0	0.1	0.0	0.03	0.0	0.034237	0.0018745	1.492	0.04	5.0	0.0	1.733	0.07	0.034237	0.0018745	1.79639e-05	0.125254	0.303682	0.071311	0.197932	0.0	0.00209112	0.0	0.00192323	0.00159634	1.70729	0.0	0.89793	0.0414427	0.630367	0.503662	0.852155	3.33945	0.456896	1.64546	0.0566139	0.0407071	0.313813	0.226497	0.0424747	0.196095	-8534.86	4.0	896.955	-56936.3	4.0	23.1851	1.0	1308.66	80.869	406.7	57.0978	0.237093	0.0314454	1.10618	0.0134911	
0.0-2.4	6.5-30.0	30.0-40.0	0.000-1.571	0.008	0.128	4721.0	4718.0	3118.67	110.822	1600.27	86.8926	-0.196501	0.165085	-0.05	0.0	0.1	0.0	3.09264	0.0	0.1	0.0	0.03	0.0	0.0327117	0.00111899	1.492	0.04	5.0	0.0	1.733	0.07	0.0327117	0.00111899	1.79639e-05	0.125254	0.251668	0.0395052	0.197932	0.0	0.00209112	0.0	0.00115819	0.00119293	1.70729	0.0	0.84032	0.030185	0.751754	0.494434	0.612548	0.946341	0.39928	0.426789	0.065141	0.0325813	0.371917	0.18813	0.0568247	0.0409132	-16348.7	4.0	2572.78	-116955.0	4.0	306.14	1.0	2252.5	119.558	866.169	93.9923	0.277736	0.0284768	1.06926	0.00951338	
0.0-2.4	6.5-30.0	35.0-40.0	0.000-1.571	0.008	0.12	1979.0	1979.0	1404.06	77.6445	574.92	54.4075	-0.128192	0.273826	-0.05	0.0	0.1	0.0	3.09264	0.0	0.1	0.0	0.03	0.0	0.0310058	0.00134237	1.492	0.04	5.0	0.0	1.733	0.07	0.0310058	0.00134237	2.47093e-05	3.60563e-05	0.214677	0.0466672	0.197932	0.0	0.00209112	0.0	0.000887927	0.00177067	1.70729	0.0	0.786932	0.0430955	0.999976	575.694	0.4283	2.63795	0.400694	0.7442	0.0862374	670.759	0.48408	0.60529	0.0773607	0.0746439	-8413.15	4.0	1553.66	-50429.4	4.0	1031.26	1.0	942.207	87.5506	461.856	74.8506	0.328943	0.0501105	1.03616	0.0131257	
0.0-2.4	6.5-30.0	40.0-45.0	0.000-1.571	0.008	0.12	1510.0	1509.0	1078.05	60.049	431.368	46.8697	-0.129735	0.371599	-0.05	0.0	0.1	0.0	3.09264	0.0	0.1	0.0	0.03	0.0	0.0300578	0.00197262	1.492	0.04	5.0	0.0	1.733	0.07	0.0300578	0.00197262	2.47093e-05	3.60563e-05	0.27341	0.0581449	0.197932	0.0	0.00209112	0.0	-0.0018314	0.00180521	1.70729	0.0	0.911305	0.0487774	0.940663	2.36898	0.999998	0.108469	0.619285	1.13411	0.00100011	0.860077	0.941645	1.52646	0.727877	3.82556	-4047.06	4.0	400.372	-29070.3	4.0	87.9891	1.0	786.351	58.7789	291.704	42.4319	0.270583	0.0363596	1.11492	0.015989	
0.0-2.4	6.5-30.0	40.0-50.0	0.000-1.571	0.008	0.136	2713.0	2710.0	1981.03	81.8582	729.791	59.6533	-0.644855	0.271512	-0.05	0.0	0.1	0.0	3.09264	0.0	0.1	0.0	0.03	0.0	0.0321886	0.00147862	1.492	0.04	5.0	0.0	1.733	0.07	0.0321886	0.00147862	1.61666e-05	1.68756e-05	0.290864	0.0453223	0.197932	0.0	0.00209112	0.0	-0.000561804	0.00133114	1.70729	0.0	0.808748	0.0375981	0.503924	7.11541	1.0	0.0249112	0.0926873	11.1628	0.0212637	0.134677	0.477789	0.278111	4.71517	327.804	-7978.62	4.0	939.951	-59608.3	4.0	75.7391	1.0	1390.69	80.5976	590.338	61.5532	0.297996	0.0285273	1.04955	0.0116187	
0.0-2.4	6.5-30.0	45.0-50.0	0.000-1.571	0.008	0.136	1202.0	1201.0	913.401	55.2937	288.041	34.2732	-1.49144	0.41649	-0.05	0.0	0.1	0.0	3.09264	0.0	0.1	0.0	0.03	0.0	0.0358479	0.00241489	1.492	0.04	5.0	0.0	1.733	0.07	0.0358479	0.00241489	1.61666e-05	1.68756e-05	0.308064	0.0666008	0.197932	0.0	0.00209112	0.0	-0.00328306	0.00202747	1.70729	0.0	0.742232	0.0512013	0.835372	1.45098	0.625373	1.14382	1.26924e-05	70.9737	0.0280863	0.0644414	0.295132	0.104594	0.0256736	0.027253	-4306.09	4.0	511.816	-25346.6	4.0	130.623	1.0	592.865	55.4364	320.536	46.4934	0.350926	0.0462565	1.00936	0.0150993	
0.0-2.4	6.5-30.0	5.0-10.0	0.000-1.571	0.008	0.112	8341.0	8311.0	3940.61	141.806	4370.45	154.647	-0.172713	0.106955	-0.05	0.0	0.1	0.0	3.09264	0.0	0.1	0.0	0.03	0.0	0.0323495	0.00133492	1.492	0.04	5.0	0.0	1.733	0.07	0.0323495	0.00133492	1.67157e-05	3.06522e-05	0.308563	0.0455047	0.197932	0.0	0.00209112	0.0	0.00301279	0.00117836	1.70729	0.0	0.924636	0.0296341	0.246341	28.2357	0.61224	22.9124	1.76573e-07	127.065	0.00582846	0.658216	0.457742	1.83723	0.0868878	0.515436	-14403.0	4.0	3305.91	-245763.0	4.0	715.143	1.0	2811.76	140.361	1128.85	105.42	0.286465	0.0246863	1.12369	0.0097791	
0.0-2.4	6.5-30.0	50.0-100.0	0.000-1.571	0.008	0.088	2499.0	2482.0	2081.21	81.5813	401.539	48.4964	-0.284259	0.241803	-0.05	0.0	0.1	0.0	3.09264	0.0	0.1	0.0	0.03	0.0	0.0334939	0.00122341	1.492	0.04	5.0	0.0	1.733	0.07	0.0334939	0.00122341	2.59256e-05	2.3357e-05	0.337194	0.0750152	0.197932	0.0	0.00209112	0.0	0.00306152	0.00120573	1.70729	0.0	0.844993	0.0422194	0.545042	0.704093	0.999998	570.932	0.000492774	4.08677	0.0127364	0.00782613	0.242419	0.177943	0.0211064	4006.78	-9515.05	4.0	1765.16	-56990.9	4.0	2638.23	1.0	1560.02	86.5853	521.192	64.6139	0.250427	0.0294535	1.07221	0.0133434	
0.0-2.4	6.5-30.0	50.0-55.0	0.000-1.571	0.008	0.08	876.0	868.0	728.587	45.3315	139.513	24.8384	0.111529	0.505445	-0.05	0.0	0.1	0.0	3.09264	0.0	0.1	0.0	0.03	0.0	0.0342159	0.00200258	1.492	0.04	5.0	0.0	1.733	0.07	0.0342159	0.00200258	1.06333e-05	0.0003574	0.256329	0.0710251	0.197932	0.0	0.00209112	0.0	0.00241668	0.00259285	1.70729	0.0	0.899271	0.0723721	0.638425	1.00612	0.944354	9.4557	0.102619	0.871594	0.0358958	0.0176119	0.205221	0.272074	0.0347703	0.0535521	-4100.36	4.0	160.421	-14305.1	4.0	26.3133	1.0	559.064	48.5358	169.523	35.4549	0.232674	0.0464594	1.10705	0.0235763	
0.0-2.4	6.5-30.0	50.0-60.0	0.000-1.571	0.008	0.08	1406.0	1395.0	1176.68	55.8499	218.307	30.4939	0.060925	0.387837	-0.05	0.0	0.1	0.0	3.09264	0.0	0.1	0.0	0.03	0.0	0.0345451	0.00162222	1.492	0.04	5.0	0.0	1.733	0.07	0.0345451	0.00162222	1.06333e-05	0.0003574	0.235329	0.0447415	0.197932	0.0	0.00209112	0.0	0.00315989	0.00186493	1.70729	0.0	0.859987	0.0506289	0.752048	11.961	0.662339	15.0242	0.000909165	81.4659	0.0217753	0.139439	0.286855	0.227009	0.020002	1.99357	-6381.33	4.0	171.223	-23489.3	4.0	18.9308	1.0	892.342	57.8576	284.341	41.6627	0.241646	0.0334978	1.08173	0.0161419	
0.0-2.4	6.5-30.0	55.0-60.0	0.000-1.571	0.008	0.073	530.0	525.0	447.113	32.6284	78.0803	17.7226	-0.0404059	0.60861	-0.05	0.0	0.1	0.0	3.09264	0.0	0.1	0.0	0.03	0.0	0.0351272	0.00277885	1.492	0.04	5.0	0.0	1.733	0.07	0.0351272	0.00277885	1.72071e-05	2.22879e-05	0.203804	0.0446048	0.197932	0.0	0.00209112	0.0	0.00458388	0.00253608	1.70729	0.0	0.797048	0.0690255	0.557216	38.5662	0.996632	40.2537	0.00272777	22.8347	0.00563442	2.61104	0.410562	4.85847	0.0200212	172.636	-2314.18	4.0	12.2942	-7112.93	4.0	12.8174	1.0	334.048	31.8455	113.065	22.0897	0.252878	0.0458292	1.04234	0.0211672	
0.0-2.4	6.5-30.0	60.0-100.0	0.000-1.571	0.008	0.088	1092.0	1084.0	901.675	60.2322	182.365	39.1978	-0.711334	0.600795	-0.05	0.0	0.1	0.0	3.09264	0.0	0.1	0.0	0.03	0.0	0.0321404	0.00186021	1.492	0.04	5.0	0.0	1.733	0.07	0.0321404	0.00186021	2.59256e-05	2.3357e-05	0.450443	0.185564	0.197932	0.0	0.00209112	0.0	0.00262429	0.00158384	1.70729	0.0	0.791764	0.0564289	0.562583	0.35056	0.999998	17.4787	8.67651e-07	0.0825838	0.0184383	0.074815	0.209646	0.0666822	0.020262	2882.17	-3814.02	4.0	1567.83	-28374.5	4.0	1994.14	1.0	651.095	61.364	250.58	46.4118	0.277905	0.0480087	1.03911	0.0172432	
0.0-2.4	6.5-30.0	60.0-70.0	0.000-1.571	0.008	0.088	733.0	726.0	600.451	53.1803	125.958	37.3492	-0.999904	1.00667	-0.05	0.0	0.1	0.0	3.09264	0.0	0.1	0.0	0.03	0.0	0.0307772	0.00221396	1.492	0.04	5.0	0.0	1.733	0.07	0.0307772	0.00221396	2.59256e-05	2.3357e-05	0.529631	0.322097	0.197932	0.0	0.00209112	0.0	0.00190976	0.00265423	1.70729	0.0	0.820152	0.0913505	0.424783	185.745	0.99999	25533.4	2.36547e-05	18377.4	0.0079961	0.680167	0.240472	45.3923	0.0202708	195226.0	-2423.7	4.0	93070.8	-20913.1	4.0	2204.99	1.0	420.513	53.9172	179.938	42.1182	0.299671	0.0649292	1.05662	0.0284359	
0.0-2.4	6.5-30.0	70.0-100.0	0.000-1.571	0.016	0.073	358.0	355.0	298.528	29.6109	56.7793	15.8531	-0.0664978	0.752038	-0.05	0.0	0.1	0.0	3.09264	0.0	0.1	0.0	0.03	0.0	0.0344039	0.0038408	1.492	0.04	5.0	0.0	1.733	0.07	0.0344039	0.0038408	1.00217e-05	0.000162887	0.276676	0.111132	0.197932	0.0	0.00209112	0.0	0.00266351	0.00354526	1.70729	0.0	0.82091	0.0912172	0.802209	0.909724	1.0	4.03845	4.64492e-08	15.8103	0.0443319	0.235807	0.16103	0.283231	0.349319	53.0885	-1659.11	4.0	86.5464	-5285.51	4.0	12.295	1.0	224.35	29.8665	74.1776	21.2353	0.248478	0.066727	1.05709	0.028408	
0.0-2.4	6.5-7.5	0.0-100.0	0.000-1.571	0.016	0.16	18361.0	18358.0	7733.18	225.014	10624.8	254.145	0.0685261	0.0798091	-0.05	0.0	0.1	0.0	3.09102	0.00110677	0.1	0.0	0.03	0.0	0.0341717	0.0010353	1.492	0.04	5.0	0.0	1.733	0.07	0.0341717	0.0010353	3.66049e-05	0.000137318	0.235643	0.0256322	0.380238	0.138046	0.00427683	0.00352717	0.00281311	0.00113709	1.5828	0.116516	0.869385	0.0221985	0.532732	276.173	0.84211	57.3632	0.597353	11.8896	0.0622132	14.3233	0.148838	87.1495	0.64937	16.9768	-62771.6	4.0	4221.9	-686703.0	5.0	367.799	1.0	5942.53	236.737	1790.65	169.885	0.231554	0.0209096	1.19207	0.058783	
0.0-2.4	6.5-8.0	0.0-100.0	0.000-1.571	0.016	0.16	24568.0	24563.0	11173.5	261.475	13389.1	278.534	0.0189973	0.0681798	-0.05	0.0	0.1	0.0	3.09175	0.000906808	0.1	0.0	0.03	0.0	0.034052	0.00086171	1.492	0.04	5.0	0.0	1.733	0.07	0.034052	0.00086171	2.57968e-05	9.0559e-05	0.283524	0.0312046	0.307488	0.0880482	0.00439684	0.00310131	0.00307836	0.000865807	1.63221	0.0944826	0.900008	0.0180862	0.535026	24.8131	0.874377	3.3532	0.591509	10.6639	0.0626914	2.72402	0.186375	3.40901	0.538219	17.8571	-74307.6	4.0	10539.3	-897715.0	5.0	226.542	1.0	8514.98	280.062	2658.55	206.397	0.237933	0.0176128	1.17479	0.0404627	
0.0-2.4	6.5-8.5	0.0-100.0	0.000-1.571	0.016	0.16	29320.0	29285.0	14036.8	272.417	15248.1	283.681	0.00375364	0.0640332	-0.05	0.0	0.1	0.0	3.09153	0.000721011	0.1	0.0	0.03	0.0	0.0335988	0.00063339	1.492	0.04	5.0	0.0	1.733	0.07	0.0335988	0.00063339	2.24999e-05	6.2246e-05	0.31292	0.0420968	0.244453	0.0703637	0.00606182	0.00301279	0.00352255	0.000762637	1.69089	0.0957886	0.939145	0.0163778	0.514643	0.369812	0.888343	0.207272	0.589778	0.276548	0.0596878	0.0586587	0.231012	0.0993761	0.45872	1.09304	-39833.1	4.0	56845.3	-1129180.0	5.0	918.17	1.0	10740.7	334.795	3296.14	269.683	0.234821	0.0186642	1.16846	0.0346081	
0.0-2.4	7.5-8.5	0.0-100.0	0.000-1.571	0.008	0.184	10958.0	10958.0	6323.9	161.022	4635.13	132.813	-0.166926	0.105475	-0.05	0.0	0.1	0.0	3.0921	0.000903136	0.1	0.0	0.03	0.0	0.0331315	0.000702324	1.492	0.04	5.0	0.0	1.733	0.07	0.0331315	0.000702324	3.64523e-05	0.000133371	0.419719	0.122442	0.180395	0.0713788	0.00786448	0.00437943	0.00366705	0.00111218	1.76532	0.139846	0.929517	0.0270511	0.493737	0.373007	0.906939	0.131751	0.437535	0.379122	0.0455787	0.0319124	0.23203	0.0524787	0.408887	0.631148	13636.6	4.0	32709.9	-371945.0	5.0	15283.0	1.0	4740.65	231.29	1583.25	201.37	0.25036	0.031198	1.12708	0.0417802	
0.0-2.4	8.0-10.0	0.0-100.0	0.000-1.571	0.008	0.184	13118.0	13118.0	8444.23	170.602	4674.92	132.087	-0.0339498	0.106543	-0.05	0.0	0.1	0.0	3.09315	0.000597678	0.1	0.0	0.03	0.0	0.032105	0.00053144	1.492	0.04	5.0	0.0	1.733	0.07	0.032105	0.00053144	2.86287e-05	7.39866e-05	0.355128	0.0554895	0.101319	0.038551	0.00371713	0.00401088	0.00284065	0.000789524	1.94164	0.153292	0.975817	0.0197517	0.586806	0.72091	0.95273	0.0921034	0.47296	0.616733	0.0436026	0.0505067	0.304479	0.0826835	1.05669	6.96137	16678.2	4.0	47164.9	-402646.0	5.0	58699.5	1.0	6022.12	213.999	2422.1	182.722	0.286836	0.0208482	1.11252	0.028985	
0.0-2.4	8.5-9.5	0.0-100.0	0.000-1.571	0.008	0.12	6136.0	6127.0	4010.1	117.848	2117.37	97.1186	0.03046	0.151906	-0.05	0.0	0.1	0.0	3.09486	0.00100474	0.1	0.0	0.03	0.0	0.0316253	0.00108235	1.492	0.04	5.0	0.0	1.733	0.07	0.0316253	0.00108235	3.2051e-05	0.000103207	0.3061	0.0379943	0.0787498	0.0409311	0.00669735	0.00605873	0.00113664	0.00097901	2.08685	0.243496	0.97064	0.0253685	0.686864	1.45815	0.831319	3.27626	0.434598	1.06486	0.0499391	0.0846804	0.284703	0.164311	0.0446331	0.133141	-11002.5	4.0	2853.12	-133940.0	5.0	162.959	1.0	2749.81	119.349	1260.29	95.3174	0.314278	0.0219016	1.10041	0.0380001	
0.0-2.4	9.5-11.0	0.0-100.0	0.000-1.571	0.008	0.136	5258.0	5256.0	3746.5	104.445	1509.54	75.5805	-0.104663	0.173229	-0.05	0.0	0.1	0.0	3.09304	0.000966874	0.1	0.0	0.03	0.0	0.0319575	0.000907037	1.492	0.04	5.0	0.0	1.733	0.07	0.0319575	0.000907037	5.20639e-05	9.66049e-05	0.333842	0.0492148	0.492672	0.116015	-0.000315795	0.00154696	0.00101393	0.00110408	1.43747	0.0670787	0.673732	0.0309527	0.966332	0.0683657	0.472534	0.594424	0.197818	0.968134	0.292272	0.471654	0.364829	0.109837	0.0401734	0.0538511	-8688.16	4.0	3814.02	-107366.0	5.0	132.963	1.0	2656.79	107.226	1089.7	83.2733	0.290859	0.0206952	1.11727	0.0471846	
0.4-0.8	6.5-30.0	0.0-100.0	0.000-1.571	0.008	0.073	6193.0	6193.0	4092.19	2117.25	2102.04	1737.39	0.315495	3.43068	-0.05	0.0	0.1	0.0	3.09387	0.0103432	0.1	0.0	0.03	0.0	0.0238341	0.00506325	1.492	0.04	5.0	0.0	1.733	0.07	0.0238341	0.00506325	1.74651e-05	0.000239484	0.487125	0.152451	0.117942	0.0622417	-0.00405725	0.00414574	-0.000576612	0.00121785	1.86917	0.210931	0.963126	0.0354212	0.740644	0.216689	0.865318	0.294203	0.477654	0.179464	0.0671815	0.105469	0.216324	0.0307495	1.32691	9.41939	16247.1	4.0	31636.4	-364442.0	5.0	139791000.0	1.0	2614.81	1360.88	1477.38	778.469	0.361024	0.0360328	1.10918	0.0438114	
0.8-1.2	6.5-30.0	0.0-100.0	0.000-1.571	0.008	0.105	8642.0	8638.0	5119.35	138.417	3518.83	123.571	0.11903	0.111215	-0.05	0.0	0.1	0.0	3.0928	0.000941993	0.03	0.0	0.03	0.0	0.0311703	0.000862129	1.492	0.04	5.0	0.0	1.733	0.07	0.0311703	0.000862129	1.45333e-05	7.48505e-05	0.293346	0.0322107	0.403107	0.16806	0.0021768	0.00196872	0.00178232	0.00101597	1.46305	0.101114	0.791892	0.0290468	0.518438	0.184664	0.92867	0.201151	0.507527	0.259216	0.0524345	0.0326677	0.212388	0.127714	0.40062	1.52427	-28469.1	4.0	2326.16	-214930.0	5.0	71.6752	1.0	3659.89	136.275	1459.46	101.664	0.285087	0.0183018	1.11228	0.0634422	
1.2-1.6	6.5-30.0	0.0-10.0	0.000-1.571	0.008	0.136	4604.0	4600.0	2032.19	105.921	2568.09	120.225	0.0621222	0.11723	-0.05	0.0	0.1	0.0	3.09178	0.0	0.1	0.0	0.03	0.0	0.0374457	0.00200479	1.492	0.04	5.0	0.0	1.733	0.07	0.0374457	0.00200479	1.03021e-05	0.137313	0.322189	0.0702215	0.0999774	0.0	0.00921681	0.0	0.00491389	0.00141528	2.02628	0.0	0.885747	0.0365189	0.420706	1.3837	0.481547	0.650556	0.264432	1.41183	0.019904	0.116436	0.476783	0.477401	0.0829304	0.041385	-335.727	4.0	2531.56	-120174.0	4.0	1188.37	1.0	1426.43	105.647	605.758	81.4278	0.298082	0.0369344	1.05669	0.0137753	
1.2-1.6	6.5-30.0	0.0-100.0	0.000-1.571	0.008	0.136	11433.0	11421.0	6257.28	156.696	5164.17	155.205	-0.0335862	0.0838	-0.05	0.0	0.1	0.0	3.09178	0.000990119	0.1	0.0	0.03	0.0	0.0374974	0.00100686	1.492	0.04	5.0	0.0	1.733	0.07	0.0374974	0.00100686	1.03021e-05	0.137313	0.284902	0.029715	0.0999774	0.0369937	0.00921681	0.0152857	0.00355242	0.000797363	2.02628	0.173102	0.954018	0.0200109	0.509217	52.5409	0.587642	26.8033	0.368945	34.5759	0.0257463	1.06931	0.385594	1.12522	0.0866449	0.903947	-16451.3	4.0	3827.24	-274325.0	5.0	1078.28	1.0	4565.02	160.321	1692.25	120.125	0.270446	0.0179633	1.10889	0.0319437	
1.2-1.6	6.5-30.0	10.0-20.0	0.000-1.571	0.008	0.128	2601.0	2595.0	1422.58	68.3035	1172.82	64.4325	-0.0844505	0.168311	-0.05	0.0	0.1	0.0	3.09178	0.0	0.1	0.0	0.03	0.0	0.0406159	0.00228574	1.492	0.04	5.0	0.0	1.733	0.07	0.0406159	0.00228574	1.05393e-05	0.000462059	0.221083	0.0314816	0.0999774	0.0	0.00921681	0.0	0.00254639	0.00169481	2.02628	0.0	1.03905	0.0417043	0.601316	0.000265093	1.0	62.5979	0.628408	0.000169432	0.0992344	6.85502e-05	0.205695	0.000149952	0.139832	401.988	-6964.39	4.0	189.264	-41512.4	4.0	9.45242	1.0	984.018	69.113	438.565	54.6607	0.308288	0.0354579	1.17566	0.0165867	
1.2-1.6	6.5-30.0	20.0-30.0	0.000-1.571	0.008	0.105	1882.0	1878.0	1148.63	61.041	730.182	50.8029	0.0998218	0.212618	-0.05	0.0	0.1	0.0	3.09178	0.0	0.1	0.0	0.03	0.0	0.0356266	0.00225541	1.492	0.04	5.0	0.0	1.733	0.07	0.0356266	0.00225541	2.15115e-05	5.46744e-05	0.294799	0.0677524	0.0999774	0.0	0.00921681	0.0	0.000215014	0.0016694	2.02628	0.0	0.958275	0.0397567	0.480909	1.63815	0.811615	5.78529	0.337109	1.06094	0.0277495	0.0238744	0.153839	0.0912311	0.0273274	0.0188814	-6097.02	4.0	391.001	-30794.7	4.0	18.6697	1.0	857.294	62.6217	291.339	45.6684	0.25364	0.0374044	1.11219	0.015415	
1.2-1.6	6.5-30.0	30.0-40.0	0.000-1.571	0.008	0.12	1146.0	1139.0	688.114	48.2443	451.041	47.2416	-0.0257773	0.296883	-0.05	0.0	0.1	0.0	3.09178	0.0	0.1	0.0	0.03	0.0	0.0366835	0.00282174	1.492	0.04	5.0	0.0	1.733	0.07	0.0366835	0.00282174	1.02701e-05	1.42054	0.241911	0.0779316	0.0999774	0.0	0.00921681	0.0	0.00525209	0.00224735	2.02628	0.0	0.904312	0.0567257	0.945275	1.77998	0.526537	1.54499	0.273423	0.245519	0.0985066	0.119161	0.56376	0.739181	0.0636505	0.140426	-1728.98	4.0	188.676	-19657.8	4.0	252.746	1.0	553.079	50.5174	135.035	33.7342	0.196239	0.0470539	1.07075	0.0215592	
1.2-1.6	6.5-30.0	40.0-50.0	0.000-1.571	0.016	0.064	611.0	599.0	457.89	35.7188	141.386	25.0846	-1.83532	0.680822	-0.05	0.0	0.1	0.0	3.09178	0.0	0.1	0.0	0.03	0.0	0.0391609	0.00369203	1.492	0.04	5.0	0.0	1.733	0.07	0.0391609	0.00369203	1.70248e-05	0.000290648	0.291735	0.0866124	0.0999774	0.0	0.00921681	0.0	-0.00348856	0.00290255	2.02628	0.0	0.999947	0.0845227	0.582502	2.5233	0.948216	0.264501	0.0001717	115.58	0.00604086	0.0228842	0.299256	0.171486	0.105354	0.168749	-1779.41	4.0	93.3584	-8379.89	4.0	13.5846	1.0	336.182	36.258	121.708	26.7777	0.265801	0.0546816	1.14473	0.0332253	
1.2-1.6	6.5-30.0	50.0-100.0	0.000-1.571	0.016	0.073	586.0	581.0	488.35	35.5874	92.9562	19.0414	-0.900434	0.638271	-0.05	0.0	0.1	0.0	3.09178	0.0	0.1	0.0	0.03	0.0	0.0346512	0.00236959	1.492	0.04	5.0	0.0	1.733	0.07	0.0346512	0.00236959	1.14193e-05	0.000494472	0.325396	0.11205	0.0999774	0.0	0.00921681	0.0	0.00532042	0.00281205	2.02628	0.0	0.967482	0.0758174	0.863741	13.6744	0.616141	11.5925	9.60904e-06	46.291	0.0211456	0.144086	0.313394	0.169955	0.020012	12.7346	-2030.21	4.0	159.412	-8655.9	4.0	3.98376	1.0	373.325	36.6783	115.024	25.989	0.235537	0.0503742	1.11934	0.0294898	
1.6-2.0	6.5-30.0	0.0-100.0	0.000-1.571	0.008	0.16	11954.0	11923.0	6249.32	161.851	5673.92	160.382	-0.26238	0.0867519	-0.05	0.0	0.1	0.0	3.09082	0.00122996	0.1	0.0	0.03	0.0	0.0440904	0.0012499	1.492	0.04	5.0	0.0	1.733	0.07	0.0440904	0.0012499	1.05212e-05	1.333	0.270156	0.027172	0.352951	0.0860114	0.000933856	0.00217292	0.00451288	0.00107161	1.59661	0.0857668	0.929108	0.0236902	0.710547	0.209142	0.855559	0.299465	0.649811	0.118801	0.0648494	0.0519611	0.234387	0.0496756	0.436083	0.820792	-27907.8	4.0	1248.79	-276896.0	5.0	52.7369	1.0	4855.71	164.693	1393.61	112.3	0.223002	0.0170166	1.2076	0.0365574	
1.6-2.4	3.0-30.0	0.0-100.0	0.000-1.571	0.008	0.264	179065.0	179056.0	36637.4	760.426	142421.0	1166.54	0.0551122	0.0258366	-0.05	0.0	0.1	0.0	3.09037	0.000918831	0.05	0.0	0.05	0.0	0.0501331	0.000960154	1.89	0.19	5.0	0.0	1.44	0.32	0.0501331	0.000960154	2.36546e-05	4.62758e-05	0.2845	0.0246494	0.355594	0.0730674	0.00274748	0.0018247	0.00828517	0.000722819	1.59365	0.0691909	0.90424	0.00883844	0.303422	624.651	0.901461	80.8532	0.34504	969.538	0.00100512	11.2592	0.137668	21.0746	0.795133	489.782	-279998.0	4.0	36853.3	-12802700.0	5.0	13314.2	1.0	30201.9	834.238	6435.5	566.434	0.175654	0.0150245	1.19583	0.0310709	
1.6-2.4	3.0-4.5	0.0-100.0	0.000-1.571	0.016	0.264	110866.0	110861.0	15794.4	693.542	95066.5	1074.27	0.266776	0.0336116	-0.05	0.0	0.1	0.0	3.0896	0.00201655	0.05	0.0	0.045	0.0	0.0524703	0.00231838	1.86	0.19	5.0	0.0	1.38	0.32	0.0524703	0.00231838	4.04496e-05	0.00458068	0.293904	0.0588244	0.30075	0.291762	-0.00999977	0.00417148	0.00788148	0.000975336	1.6808	0.353874	0.886444	0.0117533	0.999999	0.503367	0.824456	0.00101052	0.671891	0.00107603	0.0010342	152.439	0.102013	0.000305932	1.53223	0.0837817	-203620.0	4.0	38909.5	-9365120.0	5.0	6315.1	1.0	13496.3	782.789	2298.14	521.28	0.145503	0.0323797	1.18284	0.146771	
1.6-2.4	3.0-5.5	0.0-100.0	0.000-1.571	0.016	0.264	145709.0	145700.0	23218.1	719.06	122484.0	1136.41	0.133268	0.0288863	-0.05	0.0	0.1	0.0	3.0899	0.00141739	0.02	0.0	0.04	0.0	0.0512437	0.00151996	1.86	0.19	5.0	0.0	1.38	0.32	0.0512437	0.00151996	7.85643e-05	0.00045627	0.300847	0.0449733	0.0303489	0.0401161	-0.00999982	0.0183667	0.00930301	0.000866694	2.51883	0.855689	1.10077	0.0084047	0.309959	1971.57	0.899368	1910.46	0.33564	13799.2	0.00353542	5204.16	0.123842	79.2015	0.80995	2362.81	-220541.0	4.0	54249.5	-11406200.0	5.0	7462.73	1.0	19586.3	821.533	3631.88	565.355	0.156424	0.023863	1.16939	0.0522952	
1.6-2.4	3.0-6.5	0.0-10.0	0.000-1.571	0.016	0.264	77237.0	77229.0	9675.43	459.749	67551.8	829.822	0.0782858	0.0394276	-0.05	0.0	0.1	0.0	3.09059	0.0	0.04	0.0	0.05	0.0	0.0508607	0.00171722	1.86	0.19	5.0	0.0	1.38	0.32	0.0508607	0.00171722	1.10324e-05	0.0465138	0.293215	0.085925	0.306676	0.0	-0.00606766	0.0	0.01	0.000724014	1.65447	0.0	0.942405	0.0157499	0.999999	1870.96	0.72687	0.482207	0.751741	1.5947	0.00157662	264199.0	0.15313	1.49986	1.08701	1.25308	12497.6	4.0	7195470.0	-6026930.0	4.0	5237.56	1.0	8063.18	605.417	1612.24	474.976	0.166633	0.0484483	1.20632	0.00426539	
1.6-2.4	3.0-6.5	0.0-100.0	0.000-1.571	0.016	0.264	162872.0	162864.0	28519.0	742.867	134347.0	1159.99	0.0823134	0.0270988	-0.05	0.0	0.1	0.0	3.09059	0.00119589	0.04	0.0	0.05	0.0	0.0510863	0.0012407	1.86	0.19	5.0	0.0	1.38	0.32	0.0510863	0.0012407	1.10324e-05	0.0465138	0.29553	0.0364671	0.306676	0.207312	-0.00606766	0.0158233	0.00965107	0.0011252	1.65447	0.204252	0.918918	0.00918241	0.999983	10375.9	0.768749	7.41816	0.741871	35.2709	0.0013315	581102.0	0.12692	21.2074	0.938351	28.0625	-249116.0	4.0	47753.1	-12200100.0	5.0	8558.33	1.0	23845.9	854.057	4673.14	598.679	0.16386	0.0205537	1.19369	0.0929768	
1.6-2.4	3.0-6.5	0.0-20.0	0.000-1.571	0.016	0.264	127148.0	127139.0	18224.5	659.601	108917.0	1072.81	0.0896671	0.0312245	-0.05	0.0	0.1	0.0	3.09059	0.0	0.04	0.0	0.05	0.0	0.0510958	0.00167702	1.86	0.19	5.0	0.0	1.38	0.32	0.0510958	0.00167702	1.10324e-05	0.0465138	0.291893	0.0520159	0.306676	0.0	-0.00606766	0.0	0.01	0.00125997	1.65447	0.0	0.926902	0.0107017	1.0	11793.0	0.76447	1.34652	0.741743	6.04899	0.00101398	2247830.0	0.127912	3.86752	0.984518	4.5157	-201083.0	4.0	63055.2	-10081600.0	4.0	3915.91	1.0	15388.9	755.959	2835.6	521.333	0.155593	0.0280464	1.19797	0.00287044	
1.6-2.4	3.0-6.5	10.0-20.0	0.000-1.571	0.016	0.209	49910.0	49867.0	8586.66	473.446	41280.8	678.665	0.112606	0.0513575	-0.05	0.0	0.1	0.0	3.09059	0.0	0.04	0.0	0.05	0.0	0.0517014	0.00295591	1.86	0.19	5.0	0.0	1.38	0.32	0.0517014	0.00295591	2.44459e-05	0.000226863	0.271761	0.0558577	0.306676	0.0	-0.00606766	0.0	0.00999999	6.67176	1.65447	0.0	0.911634	0.0167604	1.0	44.5515	0.839598	3.29468	0.741357	5.59029	0.00179808	361.991	0.110917	0.123962	0.848559	5.07208	-228433.0	4.0	2348.34	-3437900.0	4.0	497.461	1.0	7363.36	489.163	1223.3	281.063	0.142465	0.031776	1.18982	0.00445174	
1.6-2.4	3.0-6.5	20.0-30.0	0.000-1.571	0.016	0.192	19620.0	19616.0	4311.67	262.571	15305.0	365.198	0.00673647	0.0653264	-0.05	0.0	0.1	0.0	3.09059	0.0	0.04	0.0	0.05	0.0	0.0534105	0.00305581	1.86	0.19	5.0	0.0	1.38	0.32	0.0534105	0.00305581	3.37661e-05	0.00022371	0.264263	0.0427501	0.306676	0.0	-0.00606766	0.0	0.00721515	0.00143822	1.65447	0.0	0.880549	0.0217564	0.287479	63.3396	0.935147	13.6178	0.0313684	437.271	0.00540832	1.18564	0.0957467	0.245422	0.899055	4.72887	-18543.2	4.0	347.155	-891483.0	4.0	2635.59	1.0	3478.05	257.508	833.616	155.003	0.19334	0.0339669	1.17347	0.00565945	
1.6-2.4	3.0-6.5	20.0-40.0	0.000-1.571	0.016	0.192	29208.0	29198.0	7084.48	307.006	22113.7	420.616	0.0497233	0.0553038	-0.05	0.0	0.1	0.0	3.09059	0.0	0.04	0.0	0.05	0.0	0.0508279	0.00216202	1.86	0.19	5.0	0.0	1.38	0.32	0.0508279	0.00216202	3.37661e-05	0.00022371	0.269167	0.0365756	0.306676	0.0	-0.00606766	0.0	0.00540988	0.00121396	1.65447	0.0	0.881093	0.0176142	0.271489	914.031	0.945652	187.087	5.91804e-05	11240.1	0.00215056	34.0148	0.101823	44.3855	0.709498	363.98	-52314.8	4.0	663.78	-1338970.0	4.0	1543.48	1.0	5755.67	314.416	1328.81	199.905	0.187566	0.0270212	1.17375	0.00458366	
1.6-2.4	3.0-6.5	30.0-40.0	0.000-1.571	0.016	0.152	9587.0	9511.0	2758.21	162.717	6753.39	211.866	0.172961	0.107035	-0.05	0.0	0.1	0.0	3.09059	0.0	0.04	0.0	0.05	0.0	0.0463011	0.00268615	1.86	0.19	5.0	0.0	1.38	0.32	0.0463011	0.00268615	2.09228e-05	0.00043611	0.302925	0.0789164	0.306676	0.0	-0.00606766	0.0	0.00614435	0.00204287	1.65447	0.0	0.875368	0.0301486	0.996879	48.8854	0.801791	0.294622	0.730915	6.91547	0.00107893	104.292	0.135352	1.15294	0.163706	2.2752	-40854.0	4.0	378.441	-354861.0	4.0	173.778	1.0	2282.37	180.153	475.836	122.937	0.172516	0.0433939	1.17078	0.00781428	
1.6-2.4	3.0-6.5	40.0-100.0	0.000-1.571	0.016	0.168	6516.0	6513.0	3204.74	145.801	3308.93	152.555	0.0785978	0.132197	-0.05	0.0	0.1	0.0	3.09059	0.0	0.04	0.0	0.05	0.0	0.0509538	0.00282864	1.86	0.19	5.0	0.0	1.38	0.32	0.0509538	0.00282864	3.29575e-05	0.000302831	0.336868	0.127248	0.306676	0.0	-0.00606766	0.0	0.0084164	0.00337084	1.65447	0.0	0.831365	0.0331461	0.999927	245761.0	0.761666	43178.2	0.781687	33493.6	0.00100418	498676.0	0.373375	11529.6	0.264207	11118.2	-4726.21	4.0	11111.7	-222744.0	4.0	586.118	1.0	2636.05	193.554	568.685	154.11	0.177451	0.0474056	1.14833	0.00831887	
1.6-2.4	3.0-6.5	40.0-50.0	0.000-1.571	0.016	0.145	3819.0	3756.0	1647.84	104.532	2108.92	110.321	0.151989	0.189741	-0.05	0.0	0.1	0.0	3.09059	0.0	0.04	0.0	0.05	0.0	0.0510449	0.00456168	1.86	0.19	5.0	0.0	1.38	0.32	0.0510449	0.00456168	2.68027e-05	0.46819	0.416208	0.251468	0.306676	0.0	-0.00606766	0.0	0.00240919	0.00317256	1.65447	0.0	0.662483	0.0465033	0.686904	0.818333	0.903806	0.0668269	9.37299e-06	10.2185	0.0184965	0.0116699	0.052386	0.0220194	0.318952	0.186076	-4444.03	4.0	5017.22	-119133.0	4.0	790.306	1.0	1282.0	150.513	365.843	128.76	0.222013	0.0768588	1.06946	0.00998619	
1.6-2.4	3.0-6.5	50.0-100.0	0.000-1.571	0.016	0.168	2696.0	2696.0	1585.71	91.4514	1110.56	82.354	0.210167	0.242277	-0.05	0.0	0.1	0.0	3.09059	0.0	0.04	0.0	0.05	0.0	0.0517047	0.00291908	1.86	0.19	5.0	0.0	1.38	0.32	0.0517047	0.00291908	3.29575e-05	0.000302831	0.317888	0.0854504	0.306676	0.0	-0.00606766	0.0	0.00354835	0.00343669	1.65447	0.0	0.833284	0.0439824	0.998679	18.8924	0.758663	0.834052	0.671621	1.05561	0.00100045	20.5609	0.184727	0.0901292	0.26287	0.283376	-11113.9	4.0	154.812	-69196.9	4.0	27.2626	1.0	1315.37	101.541	270.341	69.2743	0.170486	0.0425659	1.14929	0.0110547	
1.6-2.4	4.5-5.5	0.0-100.0	0.000-1.571	0.016	0.192	34842.0	34811.0	7541.67	369.268	27269.9	544.223	-0.328012	0.0605379	-0.05	0.0	0.1	0.0	3.09042	0.00199996	0.039	0.0	0.056	0.0	0.0492386	0.0015905	1.86	0.19	5.0	0.0	1.38	0.32	0.0492386	0.0015905	6.47859e-05	0.000417763	0.30035	0.0603487	0.00904143	0.0167101	-0.00999986	0.0162899	0.00933288	0.00179132	3.71443	3.4468	1.16267	0.0144495	0.999991	1151.89	0.535589	3.73142	0.804929	1.33177	0.00138571	8269.52	0.279481	1.50864	0.221829	1.11493	-37271.4	4.0	11517.5	-1569950.0	5.0	384600.0	1.0	6081.19	392.461	1460.48	265.48	0.193655	0.0339006	1.21009	0.0646597	
1.6-2.4	5.5-6.5	0.0-100.0	0.000-1.571	0.016	0.168	17163.0	17137.0	5351.24	203.549	11786.2	258.082	-0.436936	0.0685285	-0.05	0.0	0.1	0.0	3.09327	0.00195249	0.04	0.0	0.01	0.0	0.0506131	0.00189738	1.86	0.19	5.0	0.0	1.38	0.32	0.0506131	0.00189738	1.17885e-05	0.00076077	0.241346	0.0365305	0.629208	0.099315	-0.00318522	0.00429654	0.01	0.00103674	1.49264	0.0754895	0.719244	0.0256466	0.999991	35935.9	0.532149	132.775	0.730201	56.8154	0.0010141	221778.0	0.312781	45.5128	0.121859	16.4332	-34595.7	4.0	1339.34	-543550.0	5.0	221.9	1.0	4370.27	215.337	980.97	141.874	0.183316	0.025579	1.26241	0.0439072	
1.6-2.4	6.5-30.0	0.0-10.0	0.000-1.571	0.008	0.184	6384.0	6384.0	2852.56	128.928	3531.81	138.41	-0.293922	0.11389	-0.05	0.0	0.1	0.0	3.09078	0.0	0.1	0.0	0.03	0.0	0.047296	0.00245459	1.492	0.04	5.0	0.0	1.733	0.07	0.047296	0.00245459	3.57761e-05	7.18959e-05	0.314525	0.0602948	0.337019	0.0	0.00343684	0.0	0.00375819	0.0017259	1.60396	0.0	1.05235	0.0369594	0.340278	14.5587	0.740515	8.4422	0.414015	17.7096	0.0010291	3.17382	0.324193	0.47741	0.194187	0.227171	-11721.1	4.0	726.747	-160375.0	4.0	110.91	1.0	2315.88	129.093	536.687	79.3549	0.188142	0.0264873	1.26541	0.0101889	
1.6-2.4	6.5-30.0	0.0-100.0	0.000-1.571	0.008	0.152	16192.0	16155.0	8668.77	195.106	7486.87	189.537	-0.255707	0.0766228	-0.05	0.0	0.1	0.0	3.09078	0.00112444	0.1	0.0	0.03	0.0	0.0468503	0.00116123	1.492	0.04	5.0	0.0	1.733	0.07	0.0468503	0.00116123	1.37144e-05	0.000327844	0.259423	0.0210767	0.337019	0.0765519	0.00343684	0.00197833	0.00338841	0.000881703	1.60396	0.0792233	0.890749	0.0193945	0.737486	2.11464	0.858523	0.349376	0.648601	0.579502	0.0667953	0.408851	0.226856	0.132003	0.364141	0.755117	-43852.0	4.0	1279.13	-398348.0	5.0	36.435	1.0	6714.7	196.503	1954.08	133.073	0.225416	0.0144883	1.18028	0.0344236	
1.6-2.4	6.5-30.0	10.0-20.0	0.000-1.571	0.008	0.16	4078.0	4078.0	2114.38	96.1752	1964.26	93.5514	-0.198221	0.14172	-0.05	0.0	0.1	0.0	3.09078	0.0	0.1	0.0	0.03	0.0	0.0490675	0.00255174	1.492	0.04	5.0	0.0	1.733	0.07	0.0490675	0.00255174	3.34301e-05	6.81326e-05	0.220252	0.0288375	0.337019	0.0	0.00343684	0.0	0.00317819	0.00183834	1.60396	0.0	0.892917	0.0390902	0.562577	1.20487	0.86776	0.300869	0.440842	1.05479	0.0188027	0.0335389	0.136973	0.0289259	0.257157	0.126165	-13735.4	4.0	65.9336	-80294.3	4.0	5.73418	1.0	1629.59	95.9268	484.786	64.7598	0.229281	0.028798	1.18137	0.00979407	
1.6-2.4	6.5-30.0	20.0-30.0	0.000-1.571	0.008	0.152	2554.0	2554.0	1489.07	76.6532	1065.85	71.5904	-0.3301	0.218613	-0.05	0.0	0.1	0.0	3.09078	0.0	0.1	0.0	0.03	0.0	0.0435376	0.00243709	1.492	0.04	5.0	0.0	1.733	0.07	0.0435376	0.00243709	1.37144e-05	0.000327844	0.285242	0.0535007	0.337019	0.0	0.00343684	0.0	0.00445744	0.00176724	1.60396	0.0	0.748605	0.0413881	0.589038	0.490476	0.801803	0.470323	0.570644	0.540922	0.0415329	0.0430952	0.151017	0.0884859	0.697461	2.04998	-6086.37	4.0	274.151	-48748.1	4.0	121.637	1.0	1128.56	75.7123	360.513	51.9781	0.242106	0.0326057	1.11292	0.00922861	
1.6-2.4	6.5-30.0	30.0-40.0	0.000-1.571	0.008	0.12	1559.0	1557.0	1006.03	58.7832	551.019	48.9505	-0.293523	0.259941	-0.05	0.0	0.1	0.0	3.09078	0.0	0.1	0.0	0.03	0.0	0.0454125	0.0028664	1.492	0.04	5.0	0.0	1.733	0.07	0.0454125	0.0028664	2.16233e-05	4.66746e-05	0.200884	0.0323566	0.337019	0.0	0.00343684	0.0	0.000924209	0.00235107	1.60396	0.0	0.781903	0.0504788	0.364	14.5392	0.98124	84.402	0.260167	29.3756	0.00100302	0.299768	0.302159	2.83674	0.0200007	483.126	-5371.51	4.0	58.2556	-26085.7	4.0	7.51747	1.0	695.715	59.2896	310.319	46.8136	0.308458	0.0429007	1.128	0.0115991	
1.6-2.4	6.5-30.0	40.0-50.0	0.000-1.571	0.008	0.136	859.0	857.0	583.269	41.6311	274.477	32.0033	-0.653852	0.361704	-0.05	0.0	0.1	0.0	3.09078	0.0	0.1	0.0	0.03	0.0	0.0429933	0.00306902	1.492	0.04	5.0	0.0	1.733	0.07	0.0429933	0.00306902	2.39456e-05	0.218028	0.244204	0.0633029	0.337019	0.0	0.00343684	0.0	0.000535139	0.00265248	1.60396	0.0	0.604848	0.29012	0.647802	2.19492	0.903947	12.8032	0.28761	9.15332	0.0414146	0.0941637	0.254979	0.161572	0.021519	10.4525	-2903.69	4.0	69.3064	-12345.7	4.0	0.723943	1.0	438.607	43.0295	144.662	31.2746	0.24802	0.050613	1.05337	0.0552221	
1.6-2.4	6.5-30.0	50.0-100.0	0.000-1.571	0.008	0.088	756.0	742.0	616.26	40.6841	126.11	24.2512	0.407547	0.546155	-0.05	0.0	0.1	0.0	3.09078	0.0	0.1	0.0	0.03	0.0	0.0518199	0.00324791	1.492	0.04	5.0	0.0	1.733	0.07	0.0518199	0.00324791	2.43092e-05	6.66999e-05	0.215422	0.0482649	0.337019	0.0	0.00343684	0.0	0.00426267	0.00314497	1.60396	0.0	0.758367	0.0663087	0.734178	1.31651	0.918551	8.79112	0.204549	1.39204	0.0490695	0.0491517	0.226139	0.249778	0.0388811	0.0911425	-3063.46	4.0	15.0749	-10461.7	4.0	0.268507	1.0	485.09	41.5921	131.171	27.9164	0.212849	0.0430652	1.11729	0.0149195	
2.0-2.4	6.5-30.0	0.0-100.0	0.000-1.571	0.008	0.152	4237.0	4236.0	2464.8	111.712	1771.4	102.15	-0.280726	0.165076	-0.05	0.0	0.1	0.0	3.09227	0.00267238	0.1	0.0	0.03	0.0	0.0557708	0.00287589	1.492	0.04	5.0	0.0	1.733	0.07	0.0557708	0.00287589	1.78875e-05	0.00273266	0.235068	0.0301502	0.349037	0.147135	0.00999999	0.0029756	0.00107303	0.00164457	1.55328	0.141848	0.770245	0.0358811	0.265618	24.1001	0.89986	8.69224	0.000295332	60.4895	0.00211502	0.0413896	0.205636	1.03874	0.150178	0.953948	-16415.3	4.0	93.631	-95704.3	5.0	0.813051	1.0	1899.9	108.211	564.904	70.3593	0.229188	0.0265886	1.10829	0.0701137	
