weightedEff_Prof_Eff3
rap	pT	cent	dPhi	ctauErrMin	ctauErrMax	NoCutEntry	CutEntry	NSig	NSigErr	NBkg	NBkgErr	coefExp	coefExpErr	coefPol1	coefPol1Err	coeffGaus	coeffGausErr	meanSig1	meanSig1Err	sigmaSig1	sigmaSig1Err	sigmaSig2	sigmaSig2Err	sigmaSig3	sigmaSig3Err	alpha	alphaErr	enne	enneErr	enneW	enneWErr	sigWidth	sigWidthErr	Gmc	GmcErr	bTau	bTauErr	fracRes	fracResErr	meanResSigW	meanResSigWErr	meanResSigN	meanResSigNErr	sigmaResSigW	sigmaResSigWErr	sigmaResSigN	sigmaResSigNErr	fpm	fpmErr	fLiving	fLivingErr	fbkgCtTot	fbkgCtTotErr	lambdam	lambdamErr	lambdap	lambdapErr	lambdasym	lambdasymErr	NLL	nFitPar	EDM	NLLMass	nFitParMass	EDMMass	Prob	PROMPT	PROMPTErr	NON-PROMPT	NON-PROMPTErr	Bfraction	BfractionErr	Resolution	ResolutionErr	
0.0-0.4	6.5-30.0	0.0-100.0	0.000-1.571	0.008	0.105	9174.0	9160.0	7907.3	93.2509	1252.69	45.1663	-1.04712	0.116423	-0.05	0.0	0.418932	0.0692251	3.09366	0.000252435	0.0152944	0.000739863	0.0231368	0.000947403	0.03	0.0	1.696	0.0	5.0	0.0	1.718	0.0	0.020225	0.000423553	1.23578e-05	0.0128429	0.369145	0.00943104	0.44677	0.141299	-0.000774749	0.00115443	0.000465161	0.000697989	1.18582	0.0694746	0.877414	0.0187836	0.999999	0.0755328	0.855154	0.0282313	0.211907	0.0312325	0.141008	1.17681e-05	0.359918	0.0183809	0.213967	0.0401181	-23884.5	4.0	6.54244e-08	-90258.7	7.0	6.33526e-07	1.0	5728.44	83.8469	2178.85	55.9177	0.27555	0.00628082	1026.72	28.6412	
0.0-1.2	6.5-30.0	0.0-100.0	0.000-1.571	0.008	0.145	32555.0	32537.0	28081.8	177.21	4455.48	88.1704	-1.06857	0.0634189	-0.05	0.0	0.379486	0.0414666	3.09366	0.000179385	0.0185149	0.00068525	0.0313197	0.000747541	0.03	0.0	1.696	0.0	5.0	0.0	1.718	0.0	0.0271802	0.00037216	1.01594e-05	0.0045946	0.369848	0.00500218	0.0390389	0.0103328	-0.00174128	0.00308162	0.000299619	0.000231248	2.01564	0.13992	0.988052	0.00639526	0.987789	0.0123931	0.9079	0.0368345	0.262456	0.0178773	0.292446	0.143911	0.418058	0.0116073	0.140908	1.32548e-10	-77086.4	4.0	8.22996e-05	-354562.0	7.0	2.37015e-05	1.0	20283.6	159.618	7798.17	107.311	0.277695	0.0033959	1047.25	9.69543	
0.0-2.4	10.0-13.0	0.0-100.0	0.000-1.571	0.008	0.145	12426.0	12415.0	10533.5	111.318	1881.67	61.1464	-1.2375	0.0985513	-0.05	0.0	0.467618	0.0416597	3.09335	0.000363464	0.0464483	0.00140455	0.0231137	0.000945312	0.03	0.0	1.696	0.0	5.0	0.0	1.718	0.0	0.0359622	0.000653489	1.22072e-05	0.0133174	0.391513	0.00800532	0.0307555	0.0102492	0.002156	0.00527054	0.000332742	0.000355793	2.23784	0.221634	0.98175	0.0107569	0.979545	0.158958	0.981696	0.2864	0.237467	0.0390525	0.140912	1.28106e-08	0.40463	0.0350864	0.141224	1.91941e-08	-25796.0	4.0	1.52984e-07	-120620.0	7.0	0.00011475	1.0	7220.69	96.7373	3312.84	68.9991	0.314504	0.00564457	1043.17	13.2739	
0.0-2.4	10.0-30.0	0.0-100.0	0.000-1.571	0.008	0.145	19644.0	19632.0	16367.8	139.782	3264.03	80.2218	-1.25039	0.0746418	-0.05	0.0	0.469369	0.0356173	3.09345	0.000288935	0.0455784	0.00114189	0.0229264	0.000794065	0.03	0.0	1.696	0.0	5.0	0.0	1.718	0.0	0.0354115	0.00053836	1.00498e-05	0.00459465	0.379648	0.00579253	0.0302029	0.00772777	-0.00137981	0.00391645	2.39121e-05	0.000274437	2.28455	0.177331	0.989256	0.0088885	1.0	0.000592301	0.948433	0.012989	0.253737	0.0154472	1.19339	0.508796	0.426144	0.0122518	0.141092	0.0318407	-38807.3	4.0	4.4668e-05	-199153.0	7.0	1.81377e-05	1.0	10446.3	117.519	5921.5	91.7017	0.361778	0.00467366	1052.0	10.5306	
0.0-2.4	11.0-13.0	0.0-100.0	0.000-1.571	0.008	0.145	6659.0	6656.0	5665.44	81.892	990.589	45.0724	-1.35254	0.139681	-0.05	0.0	0.356326	0.0474533	3.09361	0.000499127	0.053728	0.00279	0.0247862	0.00105565	0.03	0.0	1.696	0.0	5.0	0.0	1.718	0.0	0.0377366	0.00103004	3.00105e-05	0.000309596	0.399319	0.0105242	0.035575	0.0156752	0.00158392	0.00595811	0.00029913	0.000490794	2.10523	0.269949	1.00035	0.0153471	0.98171	0.0163643	1.0	0.0529876	0.253672	0.0287979	0.140939	0.104796	0.393208	0.0195617	0.15063	0.000430841	-13299.3	4.0	4.76812e-07	-60332.3	7.0	9.82515e-05	1.0	3718.54	69.7595	1946.9	52.6237	0.343645	0.00784879	1059.61	17.3455	
0.0-2.4	13.0-16.0	0.0-100.0	0.000-1.571	0.008	0.081	4244.0	4239.0	3428.0	62.8342	810.926	36.4723	-1.10654	0.145822	-0.05	0.0	0.610183	0.0584234	3.09341	0.000603031	0.0411836	0.00159438	0.0184512	0.00159818	0.03	0.0	1.696	0.0	5.0	0.0	1.718	0.0	0.0341707	0.000841286	2.11265e-05	10.8791	0.37704	0.0119802	0.0661462	0.04102	-0.00168051	0.0047893	-0.000590861	0.000608023	1.77416	0.264604	0.994502	0.0209173	1.0	0.618285	0.943171	0.0213104	0.270976	0.0287433	0.263512	0.0884982	0.455124	0.0269515	0.215356	0.0815967	-8046.87	4.0	8.6237e-07	-36422.6	7.0	7.82842e-06	1.0	2064.35	51.9745	1363.64	43.5238	0.397795	0.0103941	1063.87	27.0054	
0.0-2.4	13.0-30.0	0.0-100.0	0.000-1.571	0.008	0.081	7218.0	7211.0	5826.48	84.4516	1384.13	51.8658	-1.27597	0.11402	-0.05	0.0	0.484961	0.0672381	3.09367	0.000479679	0.0437405	0.00186092	0.0223132	0.00151483	0.03	0.0	1.696	0.0	5.0	0.0	1.718	0.0	0.0344132	0.000933209	1.02238e-05	0.00459457	0.369224	0.00847316	0.0480882	0.0218371	-0.00242622	0.00419284	-0.000333854	0.000439927	1.94086	0.230379	0.998934	0.0159908	1.0	7.28902	0.962507	0.00537812	0.282183	0.00618068	0.146825	16.9411	0.447274	0.00640271	0.23269	0.0259087	-13126.7	4.0	3.62089e-05	-65581.2	7.0	4.17803e-05	1.0	3259.12	66.4851	2567.36	59.7787	0.440637	0.00802952	1063.5	18.8507	
0.0-2.4	16.0-30.0	0.0-100.0	0.000-1.571	0.008	0.056	2973.0	2960.0	2420.21	52.5332	539.819	29.6544	-1.39467	0.184049	-0.05	0.0	0.150419	0.0541685	3.09354	0.000758799	0.0148916	0.00261592	0.0368647	0.00159783	0.03	0.0	1.696	0.0	5.0	0.0	1.718	0.0	0.0344665	0.000856687	1.01425e-05	0.00459461	0.361922	0.0119428	0.0340288	0.0240391	-0.00317689	0.0069571	-5.4501e-05	0.000641585	2.18001	0.438439	0.998725	0.0251918	1.0	30337.6	0.986057	209.535	0.289022	17.5642	0.140914	47526.8	0.435356	1.32633	0.237722	217.996	-5112.32	4.0	3.66815e-05	-24178.8	7.0	2.51004e-05	1.0	1209.39	40.0116	1210.82	40.0321	0.500296	0.0124767	1060.77	28.6154	
0.0-2.4	6.5-30.0	0.0-100.0	0.000-1.571	0.004	0.224	71928.0	71903.0	61283.2	267.238	10619.9	143.976	-1.11882	0.0412704	-0.05	0.0	0.456874	0.017377	3.09234	0.000159015	0.0469418	0.000553205	0.0254858	0.000384475	0.03	0.0	1.696	0.0	5.0	0.0	1.718	0.0	0.0368715	0.000254198	1.01537e-05	0.0045946	0.372733	0.00356462	0.0430983	0.00586475	-0.000930869	0.00240021	0.000365975	0.000163375	2.16125	0.0881268	0.960258	0.00420173	1.0	1.11467	0.853107	0.0174284	0.286601	0.00987452	0.141147	1922.33	0.427165	0.00779749	0.140982	3.46112e-09	-151469.0	4.0	2.56887e-06	-823644.0	7.0	5.0922e-06	1.0	45115.1	242.413	16168.1	158.211	0.263826	0.00231112	1040.99	6.84569	
0.0-2.4	6.5-7.5	0.0-100.0	0.000-1.571	0.008	0.168	21772.0	21759.0	18844.6	150.183	2914.88	81.3954	-0.742898	0.0789243	-0.05	0.0	0.446054	0.0393031	3.09111	0.000309152	0.0492752	0.00116952	0.0280835	0.000855331	0.03	0.0	1.696	0.0	5.0	0.0	1.718	0.0	0.0389863	0.000555442	2.82935e-05	5.56844e-05	0.407252	0.00823637	0.0564692	0.0173463	0.0089199	0.0166626	0.000489951	0.000346086	1.98278	0.173627	0.969435	0.0074356	0.999998	0.0141328	0.790101	0.0311359	0.403648	0.0222737	0.14091	2.05838e-09	0.408483	0.0166186	0.140965	3.89187e-10	-47006.9	4.0	2.22394e-05	-223039.0	7.0	0.00013559	1.0	15186.7	141.028	3657.88	78.0394	0.194107	0.00384143	1052.97	15.7305	
0.0-2.4	6.5-8.0	0.0-100.0	0.000-1.571	0.008	0.168	30442.0	30423.0	26218.3	176.129	4204.62	94.8946	-0.859555	0.0652526	-0.05	0.0	0.497367	0.0317367	3.09129	0.000257908	0.0479653	0.000846969	0.026429	0.000763644	0.03	0.0	1.696	0.0	5.0	0.0	1.718	0.0	0.0386699	0.000439913	1.01726e-05	0.00459459	0.401005	0.00675144	0.0575665	0.0136708	0.00223244	0.00490816	0.000602269	0.000285936	2.00934	0.138671	0.956336	0.00624653	1.0	0.0879222	0.74213	0.0292097	0.303664	0.020073	0.151425	518.034	0.397976	0.0131316	0.140906	0.0187099	-65811.6	4.0	2.18734e-06	-322147.0	7.0	1.30687e-05	1.0	20943.9	165.048	5274.41	93.2785	0.201172	0.00329109	1046.11	13.0426	
0.0-2.4	6.5-8.5	0.0-100.0	0.000-1.571	0.008	0.168	37687.0	37667.0	32412.8	194.084	5254.12	102.453	-0.946385	0.0583315	-0.05	0.0	0.482101	0.0246038	3.09139	0.000228858	0.0476675	0.000721388	0.0265646	0.000576442	0.03	0.0	1.696	0.0	5.0	0.0	1.718	0.0	0.0382217	0.000348347	1.02618e-05	0.00459455	0.383806	0.00576196	0.0565076	0.0117314	-0.00114815	0.00417186	0.00113228	0.000252836	2.00908	0.120785	0.957566	0.00567641	1.0	0.00837746	0.745445	0.0348148	0.344628	0.0260594	0.141032	6.40886e-06	0.428001	0.0127061	0.14101	0.0173796	-81556.7	4.0	7.47388e-08	-406991.0	7.0	1.05413e-05	1.0	25654.4	181.735	6758.48	105.204	0.208513	0.00299599	1045.57	11.2064	
0.0-2.4	7.5-8.5	0.0-100.0	0.000-1.571	0.008	0.136	15915.0	15893.0	13556.1	125.843	2337.04	67.9344	-1.21145	0.0881316	-0.05	0.0	0.540746	0.0413788	3.09179	0.000340339	0.0454889	0.00100018	0.0241062	0.00106653	0.03	0.0	1.696	0.0	5.0	0.0	1.718	0.0	0.0372265	0.000552584	3.14286e-05	0.000250139	0.357942	0.00803878	0.0553572	0.0153282	-0.00751851	0.00509998	0.00171299	0.000369804	2.03235	0.165504	0.945329	0.00878148	0.999999	0.0188593	0.713207	0.0328783	0.266718	0.0228219	0.14139	0.793586	0.445315	0.0191504	0.140937	1.60066e-10	-34572.3	4.0	2.38998e-05	-158157.0	7.0	6.50932e-05	1.0	10481.2	116.637	3074.87	70.3702	0.226826	0.00474481	1035.77	15.4443	
0.0-2.4	8.0-10.0	0.0-100.0	0.000-1.571	0.008	0.136	21842.0	21828.0	18673.6	148.874	3154.75	81.5151	-1.32981	0.0773142	-0.05	0.0	0.400371	0.0391839	3.09266	0.00028122	0.0457972	0.00117646	0.026458	0.000741049	0.03	0.0	1.696	0.0	5.0	0.0	1.718	0.0	0.0354893	0.000518238	2.68589e-05	0.000536565	0.348108	0.00625494	0.0458891	0.0102194	-0.0026995	0.0043131	0.000472611	0.000294117	2.19478	0.149274	0.940941	0.00742292	1.0	0.0162789	0.839749	0.022534	0.231224	0.0192818	0.143363	1.70845	0.451459	0.0141559	0.153712	0.0184086	-47578.5	4.0	2.89206e-06	-224558.0	7.0	0.000189805	1.0	13974.5	135.928	4699.01	86.4151	0.25164	0.0041702	1032.37	12.5741	
0.0-2.4	8.5-9.5	0.0-100.0	0.000-1.571	0.008	0.136	10730.0	10725.0	9198.61	104.128	1526.26	56.2713	-1.24838	0.109957	-0.05	0.0	0.382814	0.0535578	3.09324	0.000391873	0.044932	0.00178451	0.0262537	0.000886587	0.03	0.0	1.696	0.0	5.0	0.0	1.718	0.0	0.0346159	0.000710022	1.33225e-05	0.00459315	0.361165	0.00912416	0.0500628	0.0142661	0.00161968	0.00572458	0.000563429	0.000412328	2.25294	0.202615	0.935453	0.0103472	0.999995	0.0295454	0.897215	0.0245342	0.235571	0.0253862	0.141412	0.793257	0.447287	0.019363	0.149765	0.0311503	-23729.3	4.0	2.83209e-05	-102940.0	7.0	1.24389e-05	1.0	6883.13	95.0192	2315.47	60.3705	0.25172	0.00591216	1041.81	18.6163	
0.0-2.4	9.5-11.0	0.0-100.0	0.000-1.571	0.008	0.128	9633.0	9623.0	8153.36	97.2851	1469.5	52.6937	-1.3232	0.111304	-0.05	0.0	0.544366	0.0488921	3.09282	0.000415907	0.0430457	0.00120817	0.0227905	0.00119089	0.03	0.0	1.696	0.0	5.0	0.0	1.718	0.0	0.0352893	0.000636349	2.86811e-05	0.000348843	0.36563	0.00913817	0.0230452	0.0104935	-0.00132346	0.00761159	-0.000760639	0.000408701	2.46487	0.337054	0.953705	0.0113563	0.933035	0.00486685	0.999997	0.383077	0.207029	0.00721832	0.140943	1.78815e-09	0.431716	0.00668947	0.141447	2.43497	-20609.8	4.0	6.78168e-05	-91159.2	7.0	3.97182e-06	1.0	5829.97	86.6489	2323.39	58.6312	0.284961	0.00633643	1014.2	17.1717	
0.4-0.8	6.5-30.0	0.0-100.0	0.000-1.571	0.008	0.073	10223.0	10183.0	8748.88	98.8152	1434.01	49.4882	-1.20749	0.111158	-0.05	0.0	0.378268	0.0739876	3.09419	0.000306794	0.0195222	0.000961452	0.0269731	0.00121484	0.03	0.0	1.696	0.0	5.0	0.0	1.718	0.0	0.0244235	0.00051373	2.82435e-05	0.000449249	0.357628	0.00822689	0.076506	0.0434519	-0.00258405	0.00354869	-0.00057624	0.000424658	1.67312	0.203336	0.97378	0.0120807	0.976171	4.94398	0.911775	5.60574	0.214932	0.46496	0.141113	4.49374e-06	0.442447	0.28827	0.140899	1.08184	-24297.0	4.0	5.94674e-05	-99729.9	7.0	2.28146e-05	1.0	6125.28	87.8362	2623.6	61.7012	0.299878	0.00618591	1043.97	23.5258	
0.8-1.2	6.5-30.0	0.0-100.0	0.000-1.571	0.008	0.145	13157.0	13154.0	11212.5	113.781	1941.59	60.6208	-1.10595	0.0960544	-0.05	0.0	0.545304	0.0566772	3.09338	0.000349993	0.0351734	0.000928435	0.0286649	0.00122039	0.03	0.0	1.696	0.0	5.0	0.0	1.718	0.0	0.0323766	0.000411138	1.00235e-05	0.00459466	0.382863	0.00847808	0.021701	0.00683238	-0.000835981	0.00729644	0.00111865	0.000360209	2.63751	0.286474	1.00859	0.00985079	0.976494	0.00960617	1.0	0.000960597	0.361982	0.0222057	0.234386	0.0775525	0.434897	0.0176815	4.61805	1.11514	-29562.8	4.0	1.2053e-05	-129486.0	7.0	6.56326e-06	1.0	8310.11	102.731	2902.36	65.6489	0.258851	0.0052327	1070.58	13.0017	
1.2-1.6	6.5-30.0	0.0-100.0	0.000-1.571	0.004	0.152	16198.0	16189.0	14030.3	129.797	2158.56	70.5338	-0.887647	0.0955475	-0.05	0.0	0.534995	0.0582809	3.08931	0.000379071	0.0337505	0.00090859	0.0477895	0.00198282	0.03	0.0	1.696	0.0	5.0	0.0	1.718	0.0	0.0408829	0.000705057	1.10187e-05	0.00459421	0.39636	0.00777612	0.0606589	0.0149845	-0.000791808	0.00423917	0.00113996	0.000346493	1.99894	0.146766	0.955136	0.00884148	0.999978	0.0555905	0.800286	0.0386109	0.322351	0.0288452	0.140993	6.11774e-07	0.475216	0.0195522	0.140958	0.0289903	-33311.5	4.0	4.40161e-06	-160715.0	7.0	3.81657e-05	1.0	10272.6	116.374	3757.71	75.6311	0.267828	0.00478737	1048.49	14.4119	
1.6-2.0	6.5-30.0	0.0-100.0	0.000-1.571	0.004	0.145	16149.0	16137.0	13762.8	131.575	2374.17	76.9631	-1.34877	0.0960458	-0.05	0.0	0.752821	0.0563811	3.08943	0.000436545	0.0419617	0.00085337	0.0637895	0.00444541	0.03	0.0	1.696	0.0	5.0	0.0	1.718	0.0	0.0482841	0.001029	1.76494e-05	0.00459116	0.355622	0.00755408	0.0501204	0.0105066	0.00447381	0.00580861	0.000500065	0.000364868	2.34179	0.172123	0.928494	0.00853279	0.994523	4.14663	0.847972	0.132655	0.332984	0.0864239	0.140888	6.54156	0.42012	0.0123803	0.140941	4.12363e-09	-31450.2	4.0	3.48561e-05	-158207.0	7.0	8.83104e-06	1.0	10358.1	120.135	3404.64	75.4031	0.24738	0.00494203	1045.83	15.5236	
1.6-2.4	3.0-30.0	0.0-100.0	0.000-1.571	0.004	0.24	104165.0	103950.0	87150.2	339.767	16798.6	212.29	-0.190286	0.0337317	-0.05	0.0	0.306856	0.0315683	3.08927	0.000182096	0.0639301	0.00152618	0.0411646	0.000550262	0.03	0.0	2.059	0.0	5.0	0.0	1.41	0.0	0.0492817	0.000514241	1.03367e-05	0.00459452	0.373708	0.40161	0.048199	0.00677046	0.00323956	0.0047584	0.00049033	0.00840459	2.28286	0.107063	0.877053	0.489806	0.817944	0.0	0.9999	0.0	0.604322	0.0	0.0846182	0.0	0.4172	0.0	0.483258	0.0	-1e+30	4.0	0.0	-1205420.0	7.0	0.000190178	1.0	80787.7	31756.3	6362.58	31754.7	0.073007	0.364368	991.631	206.39	
1.6-2.4	3.0-4.5	0.0-100.0	0.000-1.571	0.024	0.24	48185.0	48014.0	40288.0	235.604	7725.53	151.49	0.681026	0.0531348	-0.05	0.0	0.22914	0.0328365	3.0894	0.000262489	0.0711044	0.00318322	0.0405685	0.000661136	0.03	0.0	2.04	0.0	5.0	0.0	1.31	0.0	0.0492664	0.00080246	2.69452e-05	0.00010696	0.374782	0.00743254	0.0920982	0.0334626	-0.00295184	0.0134997	0.00138041	0.000369714	1.7428	0.171363	0.916154	0.00481653	1.0	0.00431204	0.543475	0.0488741	0.503977	0.0307275	0.140893	4.88344e-08	0.435899	0.0183828	0.141059	0.0176275	-85722.9	4.0	1.66804e-06	-519596.0	7.0	0.000605847	1.0	35303.4	232.729	4984.59	111.306	0.123724	0.00266634	1020.67	22.5822	
1.6-2.4	3.0-5.5	0.0-100.0	0.000-1.571	0.024	0.24	67515.0	67315.0	56331.1	276.657	10983.9	176.598	0.289351	0.0433544	-0.05	0.0	0.270468	0.0333144	3.08904	0.000224223	0.0661249	0.00214665	0.0406742	0.000607336	0.03	0.0	2.04	0.0	5.0	0.0	1.31	0.0	0.048883	0.000634551	1.07449e-05	0.00459433	0.366903	0.00606617	0.0947176	0.0252455	-0.00210053	0.00695986	0.000588434	0.000298367	1.7053	0.119034	0.910211	0.00406764	1.0	0.00315142	0.610173	0.0202426	0.444329	0.0115341	0.140893	2.44715e-06	0.405038	0.0109608	0.141045	4.46408e-09	-121315.0	4.0	7.13437e-07	-751001.0	7.0	9.34198e-05	1.0	49189.4	273.117	7141.76	132.141	0.126782	0.00226164	1012.65	16.1508	
1.6-2.4	3.0-6.5	0.0-100.0	0.000-1.571	0.016	0.24	80991.0	80782.0	67801.0	302.839	12980.9	192.062	0.121283	0.0395725	-0.05	0.0	0.300728	0.0318582	3.08923	0.000206795	0.0652269	0.00174432	0.0407698	0.000585948	0.03	0.0	2.04	0.0	5.0	0.0	1.31	0.0	0.0494144	0.000568349	1.26007e-05	0.00459348	0.381262	0.00560545	0.0545752	0.0111807	0.00463949	0.00732318	0.000450753	0.000253466	2.11806	0.135123	0.931982	0.00361433	1.0	0.00330435	0.631968	0.0343599	0.446289	0.0232929	0.140964	1.139e-06	0.42906	0.0111264	0.140994	0.0174279	-146343.0	4.0	1.96719e-07	-915950.0	7.0	0.000422975	1.0	58986.7	297.733	8814.3	144.148	0.130002	0.00204521	1032.48	12.4703	
1.6-2.4	4.5-5.5	0.0-100.0	0.000-1.571	0.024	0.192	19330.0	19295.0	16164.3	156.814	3130.66	107.327	-0.658369	0.0805625	-0.05	0.0	0.36549	0.100158	3.08793	0.00043597	0.0595519	0.00358232	0.04174	0.00129163	0.03	0.0	2.04	0.0	5.0	0.0	1.31	0.0	0.0490066	0.00126667	2.75213e-05	0.000465277	0.350819	0.0104558	0.103514	0.0420907	-0.000476917	0.00793976	-0.000747841	0.000506783	1.6297	0.164957	0.899738	0.00762556	0.999998	8.88173	0.726858	0.0166475	0.31644	0.0112068	0.150737	7.94261	0.37351	0.00832783	0.140897	0.00942634	-35802.9	4.0	3.68447e-07	-191144.0	7.0	2.79783e-05	1.0	13999.6	151.888	2164.73	71.1735	0.13392	0.00420709	1000.33	24.0865	
1.6-2.4	5.5-6.5	0.0-100.0	0.000-1.571	0.024	0.16	13476.0	13455.0	11529.8	124.997	1925.4	77.5677	-0.841025	0.10322	-0.05	0.0	0.411784	0.0942647	3.09027	0.000530679	0.0643263	0.003215	0.041984	0.00196216	0.03	0.0	2.04	0.0	5.0	0.0	1.31	0.0	0.052352	0.00142088	1.00139e-05	0.00459467	0.429627	0.013062	0.163974	0.0525224	0.00159916	0.00563014	0.000570345	0.000551749	1.56105	0.126401	0.879671	0.00966228	0.855932	0.0276025	0.999983	0.649169	0.439904	0.024866	0.140894	0.0313817	0.485675	0.0219757	0.141572	6.60741e-05	-25176.0	4.0	8.42174e-05	-128509.0	7.0	3.89363e-05	1.0	9734.83	118.879	1794.93	58.0749	0.155678	0.00474578	1023.0	26.7917	
1.6-2.4	6.5-30.0	0.0-100.0	0.000-1.571	0.008	0.188	23174.0	23164.0	19583.6	158.062	3580.41	94.7609	-1.22128	0.0758291	-0.05	0.0	0.616943	0.0529045	3.08991	0.000391951	0.0527827	0.000971089	0.0396204	0.00160491	0.03	0.0	1.696	0.0	5.0	0.0	1.718	0.0	0.0481677	0.000532174	1.30059e-05	0.00459329	0.359468	0.00657772	0.0446101	0.00857781	0.00265167	0.00592245	-5.47164e-05	0.000314826	2.45063	0.167161	0.923362	0.00719139	0.992371	0.205702	0.861026	0.17167	0.30611	0.0468212	0.141034	5.51236e-07	0.408357	0.0214912	0.140907	0.0555096	-43569.1	4.0	4.27993e-05	-234434.0	7.0	4.78781e-06	1.0	14835.2	145.028	4748.37	90.3598	0.242467	0.00417849	1040.42	14.1149	
2.0-2.4	6.5-30.0	0.0-100.0	0.000-1.571	0.008	0.144	7024.0	7013.0	5910.18	90.0347	1103.05	57.3817	-1.07478	0.137151	-0.05	0.0	0.504158	0.103087	3.08938	0.000808823	0.0610574	0.00293215	0.0450047	0.00200604	0.03	0.0	1.696	0.0	5.0	0.0	1.718	0.0	0.053701	0.00124403	1.21911e-05	0.00459367	0.367867	0.0129677	0.0274908	0.012152	-0.01	0.0156797	-0.0017147	0.000630021	3.13309	0.601028	0.92005	0.0135046	1.0	3131.37	0.890984	0.908992	0.261615	0.191935	0.141078	4091.64	0.390265	0.0396078	0.140976	6.58466e-08	-12185.4	4.0	3.35717e-07	-61941.0	7.0	7.43044e-05	1.0	4517.64	83.1053	1392.54	51.1876	0.235617	0.00788215	1045.5	36.4094	
