v2noW_random1
rap	pT	cent	dPhi	ctauErrMin	ctauErrMax	NoCutEntry	CutEntry	NSig	NSigErr	NBkg	NBkgErr	coefExp	coefExpErr	coefPol1	coefPol1Err	coeffGaus	coeffGausErr	meanSig1	meanSig1Err	sigmaSig1	sigmaSig1Err	sigmaSig2	sigmaSig2Err	sigmaSig3	sigmaSig3Err	alpha	alphaErr	enne	enneErr	sigWidth	sigWidthErr	Gmc	GmcErr	bTau	bTauErr	fracRes	fracResErr	meanResSigW	meanResSigWErr	meanResSigN	meanResSigNErr	sigmaResSigW	sigmaResSigWErr	sigmaResSigN	sigmaResSigNErr	fpm	fpmErr	fLiving	fLivingErr	fbkgCtTot	fbkgCtTotErr	lambdam	lambdamErr	lambdap	lambdapErr	lambdasym	lambdasymErr	NLL	nFitPar	EDM	NLLMass	nFitParMass	EDMMass	Prob	PROMPT	PROMPTErr	NON-PROMPT	NON-PROMPTErr	Bfraction	BfractionErr	Resolution	ResolutionErr	
0.0-1.2	6.5-30.0	0.0-100.0	0.000-0.393	0.008	0.088	1170.0	1169.0	779.098	30.0438	389.91	22.6593	0.0421263	0.198466	-0.05	0.0	0.616527	0.0	3.0932	0.0	0.0203358	0.0	0.0366476	0.0	0.03	0.0	1.492	0.04	1.733	0.07	0.0277486	0.0	2.21795e-05	1.43176	0.196953	0.0151478	0.245908	0.0821935	-0.000109909	0.00257936	-0.000206505	0.00138521	1.688	0.125228	0.816574	0.0398217	1.0	0.172269	0.384587	0.130802	0.394331	0.147001	0.0293245	0.829409	0.202502	0.0409448	0.056692	0.0156174	-2435.63	4.0	1.06433e-06	-8236.09	3.0	1.381e-07	1.0	522.413	27.8873	256.685	21.6758	0.329464	0.0247513	1.09704	0.0485535	
0.0-1.2	6.5-30.0	0.0-100.0	0.000-1.571	0.008	0.105	4354.0	4354.0	2855.22	61.4783	1498.8	49.225	-0.235975	0.104007	-0.05	0.0	0.616527	0.0818296	3.0932	0.00054856	0.0203358	0.0010362	0.0366476	0.00356332	0.03	0.0	1.492	0.04	1.733	0.07	0.0277486	0.00115697	1.87255e-05	2.6751e-05	0.186246	0.00800511	0.236177	0.079527	5.83622e-05	0.00144617	-0.000425938	0.000698151	1.60413	0.0920545	0.815793	0.0210876	0.600123	0.087667	0.96512	0.0223582	0.292803	0.0907435	0.0423793	0.00892764	0.14759	0.0114493	0.355131	0.174414	-9187.56	4.0	1.74812e-05	-36327.2	7.0	3.95516e-06	1.0	2009.67	56.5411	845.547	40.6926	0.296141	0.012746	1.05645	0.0400013	
0.0-1.2	6.5-30.0	0.0-100.0	0.393-0.785	0.008	0.096	1110.0	1110.0	695.497	28.4903	414.498	23.0366	-0.159638	0.192238	-0.05	0.0	0.616527	0.0	3.0932	0.0	0.0203358	0.0	0.0366476	0.0	0.03	0.0	1.492	0.04	1.733	0.07	0.0277486	0.0	1.00937e-05	0.00103092	0.17906	0.0174868	0.0755589	0.0712515	0.0054884	0.00636296	-0.00174978	0.00128638	1.88269	0.329588	0.973539	0.0420678	0.6432	0.0159775	1.0	20.6743	0.335856	0.0182863	0.0408006	0.00234948	0.158524	0.00502827	0.0875601	105.854	-2325.71	4.0	8.82221e-07	-7670.21	3.0	1.75133e-06	1.0	523.798	27.6568	171.699	18.8142	0.246873	0.02509	1.06957	0.051613	
0.0-1.2	6.5-30.0	0.0-100.0	0.785-1.178	0.008	0.08	1062.0	1061.0	713.169	28.5678	347.801	21.2306	-0.210523	0.210586	-0.05	0.0	0.616527	0.0	3.0932	0.0	0.0203358	0.0	0.0366476	0.0	0.03	0.0	1.492	0.04	1.733	0.07	0.0277486	0.0	4.10143e-05	0.000107112	0.197395	0.0164651	0.187448	0.146811	0.00147636	0.00343833	-0.00206996	0.00131467	1.59152	0.210616	0.826712	0.0382377	0.696846	0.0766619	0.984989	0.0154019	0.366776	0.0771229	0.0803213	0.020597	0.161784	0.0221677	4.9999	2.70132	-2247.37	4.0	2.73202e-05	-7406.99	3.0	1.33548e-05	1.0	491.152	26.8122	222.018	20.2708	0.311311	0.0255419	1.01496	0.0747746	
0.0-1.2	6.5-30.0	0.0-100.0	1.178-1.571	0.008	0.088	1012.0	1012.0	666.414	27.7547	345.566	21.2009	-0.669241	0.21329	-0.05	0.0	0.616527	0.0	3.0932	0.0	0.0203358	0.0	0.0366476	0.0	0.03	0.0	1.492	0.04	1.733	0.07	0.0277486	0.0	1.37041e-05	2.80645	0.166478	0.0152432	0.822701	0.0724277	-0.00109986	0.000962734	-0.000780202	0.00319803	1.28762	0.0347594	0.6	0.0303397	0.718912	0.102792	0.95149	0.042436	0.357132	0.110968	0.0389587	0.0159623	0.13112	0.0190419	0.350617	0.235721	-2181.13	4.0	7.55314e-06	-6972.09	3.0	3.04909e-06	1.0	471.715	26.5098	194.699	19.5592	0.292159	0.0267089	1.19492	0.0250212	
0.0-1.2	6.5-30.0	10.0-60.0	0.000-0.393	0.008	0.073	753.0	751.0	511.565	24.309	239.489	17.8561	0.107731	0.253396	-0.05	0.0	0.616527	0.0	3.0932	0.0	0.0203358	0.0	0.037803	0.0	0.03	0.0	1.492	0.04	1.733	0.07	0.0283367	0.0	1.05857e-05	4.67892e-05	0.198589	0.0191214	0.236177	0.0	5.83622e-05	0.0	-0.000514531	0.00160632	1.60413	0.0	0.787754	0.0480633	0.655725	0.0159386	0.99983	0.535351	0.415657	0.0182658	0.050879	0.00272547	0.157468	0.00505279	0.026805	3.62367	-1621.97	4.0	1.46538e-06	-4976.83	3.0	7.74345e-06	1.0	351.89	22.572	159.675	16.9547	0.31213	0.0296386	1.04006	0.0139029	
0.0-1.2	6.5-30.0	10.0-60.0	0.000-1.571	0.008	0.105	2758.0	2758.0	1896.26	48.1622	861.724	35.8475	-0.231054	0.13419	-0.05	0.0	0.616527	0.0	3.0932	0.0	0.0203358	0.0	0.037803	0.00230149	0.03	0.0	1.492	0.04	1.733	0.07	0.0283367	0.000588695	1.87255e-05	2.6751e-05	0.192129	0.0104431	0.236177	0.0	5.83622e-05	0.0	-0.00079907	0.000828187	1.60413	0.0	0.802409	0.0247458	0.575056	0.102111	0.983183	0.0138391	0.261266	0.11442	0.0415942	0.0085746	0.15792	0.0143944	0.860459	1.07582	-6095.52	4.0	1.01642e-07	-21930.8	4.0	1.27563e-06	1.0	1371.99	44.919	524.265	31.3166	0.276473	0.0149477	1.04859	0.00723197	
0.0-1.2	6.5-30.0	10.0-60.0	0.393-0.785	0.008	0.073	718.0	718.0	465.667	23.262	252.324	18.1047	-0.193455	0.246633	-0.05	0.0	0.616527	0.0	3.0932	0.0	0.0203358	0.0	0.037803	0.0	0.03	0.0	1.492	0.04	1.733	0.07	0.0283367	0.0	2.45136e-05	0.0594659	0.194491	0.0245066	0.236177	0.0	5.83622e-05	0.0	0.00077631	0.00158591	1.60413	0.0	0.815129	0.0508613	0.45826	0.00973056	1.0	7.28837	0.119945	0.0144742	0.036481	0.00108224	0.17178	0.00439466	0.0368688	62.3392	-1558.81	4.0	1.36376e-07	-4675.81	3.0	3.88538e-06	1.0	368.222	22.2315	97.4445	13.401	0.209258	0.0268123	1.05605	0.0149931	
0.0-1.2	6.5-30.0	10.0-60.0	0.785-1.178	0.008	0.064	650.0	648.0	465.756	22.8958	182.213	15.5136	-0.157437	0.291554	-0.05	0.0	0.616527	0.0	3.0932	0.0	0.0203358	0.0	0.037803	0.0	0.03	0.0	1.492	0.04	1.733	0.07	0.0283367	0.0	3.78823e-05	8.58329e-05	0.208443	0.0228167	0.236177	0.0	5.83622e-05	0.0	-0.00232225	0.00160862	1.60413	0.0	0.812165	0.0454582	0.732608	0.107449	0.964975	0.0350988	0.42094	0.129756	0.0803196	0.0398603	0.172993	0.0378531	5.0	2.49799	-1490.05	4.0	6.97739e-05	-4275.17	3.0	6.28454e-06	1.0	336.528	21.5501	129.228	15.2015	0.277459	0.0296516	1.05431	0.0133737	
0.0-1.2	6.5-30.0	10.0-60.0	1.178-1.571	0.008	0.064	637.0	637.0	450.459	22.6099	186.526	15.725	-0.792032	0.292279	-0.05	0.0	0.616527	0.0	3.0932	0.0	0.0203358	0.0	0.037803	0.0	0.03	0.0	1.492	0.04	1.733	0.07	0.0283367	0.0	2.4668e-05	4.15522	0.16524	0.0176642	0.236177	0.0	5.83622e-05	0.0	-0.00237235	0.00188197	1.60413	0.0	0.807012	0.0571038	0.645872	0.0946612	0.978961	0.0263879	0.218733	0.138766	0.0408017	0.0138684	0.133226	0.0223047	0.694615	1.1296	-1432.1	4.0	6.12421e-07	-4159.65	3.0	1.8258e-06	1.0	308.116	21.9518	142.343	17.1392	0.315996	0.0345848	1.05128	0.0167413	
0.0-2.4	10.0-13.0	0.0-100.0	0.000-0.393	0.016	0.08	476.0	472.0	353.327	20.1517	118.681	13.0945	0.356856	0.362609	-0.05	0.0	0.41972	0.0	3.09407	0.0	0.0451426	0.0	0.0218293	0.0	0.03	0.0	1.492	0.04	1.733	0.07	0.0336429	0.0	1.71938e-05	0.0002901	0.208033	0.0235209	0.274398	0.109498	-0.00249292	0.00355003	0.000387892	0.00210296	1.69599	0.15967	0.836233	0.0593523	0.999874	3.19774	0.757793	0.334118	0.604377	0.38468	0.00748808	7.86139	0.16359	0.0662081	0.182863	0.0935308	-1025.76	4.0	0.000101307	-2930.11	3.0	8.93431e-06	1.0	240.234	18.4403	113.093	13.9254	0.32008	0.0349292	1.13872	0.063669	
0.0-2.4	10.0-13.0	0.0-100.0	0.000-1.571	0.008	0.136	1834.0	1833.0	1322.6	41.8155	510.345	30.5964	-0.712844	0.18149	-0.05	0.0	0.41972	0.105037	3.09407	0.00100648	0.0451426	0.00425239	0.0218293	0.00222909	0.03	0.0	1.492	0.04	1.733	0.07	0.0336429	0.0017593	1.21637e-05	1.85867	0.200003	0.0133589	0.294117	0.0867943	0.000270012	0.00176522	-0.00101684	0.00112292	1.60695	0.0922641	0.806068	0.0323248	0.860212	0.149853	0.579795	0.130583	4.05069e-07	0.621318	0.0733418	0.0423669	0.173089	0.0191978	0.0220538	0.0124208	-3936.86	4.0	2.06183e-07	-13745.0	7.0	7.86981e-05	1.0	968.224	38.8142	354.378	26.3631	0.26794	0.0180431	1.10369	0.0436256	
0.0-2.4	10.0-13.0	0.0-100.0	0.393-0.785	0.008	0.088	463.0	463.0	329.732	19.4069	133.259	13.4218	-0.682726	0.34526	-0.05	0.0	0.41972	0.0	3.09407	0.0	0.0451426	0.0	0.0218293	0.0	0.03	0.0	1.492	0.04	1.733	0.07	0.0336429	0.0	1.60627e-05	0.00013147	0.193622	0.0268034	0.680848	0.179328	0.0030049	0.00163927	0.00110092	0.00355028	1.30469	0.0810495	0.623849	0.0877139	0.854271	0.00437699	1.0	4.65871	0.371473	0.00476233	0.0498207	0.00129415	0.155017	0.00142521	0.0200001	18.0147	-1014.83	4.0	4.86645e-05	-2841.92	3.0	1.99838e-06	1.0	249.738	18.4365	79.9934	12.0837	0.242602	0.0337509	1.13277	0.0613987	
0.0-2.4	10.0-13.0	0.0-100.0	0.785-1.178	0.008	0.105	444.0	443.0	326.773	19.4124	116.232	12.8962	-1.20554	0.385055	-0.05	0.0	0.41972	0.0	3.09407	0.0	0.0451426	0.0	0.0218293	0.0	0.03	0.0	1.492	0.04	1.733	0.07	0.0336429	0.0	8.5376e-05	0.000184274	0.186871	0.0265855	0.118034	0.0934839	0.00630016	0.00594207	-0.00230641	0.00220293	1.90173	0.316188	0.911601	0.0672558	0.613093	0.0975845	0.99999	0.802157	0.16285	0.132417	0.0386381	0.0137785	0.210704	0.0386492	0.048067	2.49806	-946.121	4.0	2.35575e-05	-2691.89	3.0	3.09309e-07	1.0	235.385	19.2705	91.3881	14.3281	0.279669	0.0405777	1.07694	0.0732822	
0.0-2.4	10.0-13.0	0.0-100.0	1.178-1.571	0.008	0.088	451.0	448.0	314.694	19.0894	133.299	13.5292	-1.25747	0.356083	-0.05	0.0	0.41972	0.0	3.09407	0.0	0.0451426	0.0	0.0218293	0.0	0.03	0.0	1.492	0.04	1.733	0.07	0.0336429	0.0	1.34644e-05	0.00253279	0.213524	0.0318071	0.547296	0.182925	-0.00213568	0.00229779	0.00312823	0.00293494	1.46442	0.108951	0.700735	0.0812141	0.567986	0.310576	0.702554	0.745682	3.85093e-07	0.865026	0.0271536	0.0194483	0.179874	0.047139	0.0344996	0.031555	-966.471	4.0	4.82435e-07	-2707.15	3.0	8.3278e-06	1.0	243.579	18.2043	71.1157	11.4756	0.225984	0.0337913	1.18152	0.0747018	
0.0-2.4	10.0-13.0	10.0-60.0	0.000-0.393	0.016	0.08	309.0	306.0	238.495	16.44	67.5055	9.96442	0.609176	0.479098	-0.05	0.0	0.41972	0.0	3.09407	0.0	0.0451426	0.0	0.0210459	0.0	0.03	0.0	1.492	0.04	1.733	0.07	0.0333519	0.0	1.71938e-05	0.0002901	0.199645	0.0269497	0.294117	0.0	0.000270012	0.0	-0.000233704	0.00246126	1.60695	0.0	0.742203	0.0726296	0.882728	0.159726	0.996937	0.526943	0.50023	0.168076	0.213007	0.210558	0.163854	0.0565834	0.200384	3.25852	-690.337	4.0	7.86484e-07	-1792.09	3.0	5.79671e-08	1.0	158.778	14.9958	79.7168	11.631	0.334249	0.0429822	1.07161	0.0177543	
0.0-2.4	10.0-13.0	10.0-60.0	0.000-1.571	0.008	0.136	1192.0	1191.0	888.678	31.9396	302.29	20.8308	-0.882906	0.233118	-0.05	0.0	0.41972	0.0	3.09407	0.0	0.0451426	0.0	0.0210459	0.00143929	0.03	0.0	1.492	0.04	1.733	0.07	0.0333519	0.000263513	1.21637e-05	1.85867	0.206189	0.0170169	0.294117	0.0	0.000270012	0.0	0.000135345	0.00132905	1.60695	0.0	0.812224	0.0377203	0.661443	0.0764	0.999985	0.169351	0.22102	0.0803607	0.0507841	0.0115416	0.171302	0.0205012	0.0224385	3.11441	-2651.41	4.0	4.32604e-05	-8489.25	4.0	0.000109417	1.0	664.83	30.1945	223.848	20.1369	0.251889	0.0207723	1.10687	0.00976913	
0.0-2.4	10.0-13.0	10.0-60.0	0.393-0.785	0.016	0.088	298.0	298.0	215.842	15.6453	82.1515	10.5398	-0.955299	0.444301	-0.05	0.0	0.41972	0.0	3.09407	0.0	0.0451426	0.0	0.0210459	0.0	0.03	0.0	1.492	0.04	1.733	0.07	0.0333519	0.0	1.60627e-05	0.00013147	0.202464	0.0368941	0.294117	0.0	0.000270012	0.0	0.00309208	0.00242759	1.60695	0.0	0.766074	0.0735183	0.729899	0.11215	0.99999	4.0193	0.323633	0.143228	0.0479635	0.0207247	0.164104	0.0311685	0.0200097	19.6996	-679.019	4.0	1.50621e-05	-1709.58	3.0	4.18388e-07	1.0	169.853	14.9727	45.9889	9.14955	0.213067	0.0394765	1.0834	0.0183476	
0.0-2.4	10.0-13.0	10.0-60.0	0.785-1.178	0.016	0.105	283.0	282.0	220.465	15.7894	61.5333	9.5067	-1.56778	0.547896	-0.05	0.0	0.41972	0.0	3.09407	0.0	0.0451426	0.0	0.0210459	0.0	0.03	0.0	1.492	0.04	1.733	0.07	0.0333519	0.0	8.5376e-05	0.000184274	0.210798	0.0362167	0.294117	0.0	0.000270012	0.0	-0.00492816	0.00289658	1.60695	0.0	0.881283	0.0814263	0.534778	0.0756089	0.999999	4.01892	8.11699e-05	0.885208	0.016026	0.00871292	0.223039	0.0390791	0.171912	20.1751	-640.332	4.0	4.30579e-06	-1616.02	3.0	3.20612e-07	1.0	164.22	15.1612	56.2451	10.3809	0.25512	0.0433969	1.14356	0.0221475	
0.0-2.4	10.0-13.0	10.0-60.0	1.178-1.571	0.016	0.056	302.0	296.0	211.846	15.6064	84.203	10.7667	-1.53316	0.458764	-0.05	0.0	0.41972	0.0	3.09407	0.0	0.0451426	0.0	0.0210459	0.0	0.03	0.0	1.492	0.04	1.733	0.07	0.0333519	0.0	1.27211e-05	0.00181467	0.187101	0.0350159	0.294117	0.0	0.000270012	0.0	0.00244778	0.00277494	1.60695	0.0	0.858608	0.0835519	0.426854	0.430325	1.0	14.6507	0.0171627	3.89455	0.0229973	0.0330597	0.173196	0.0848487	0.048871	66.1082	-661.721	4.0	3.78604e-06	-1671.55	3.0	2.95083e-05	1.0	166.085	15.0661	45.7609	9.41545	0.21601	0.0414984	1.13132	0.0223805	
0.0-2.4	10.0-30.0	0.0-100.0	0.000-0.393	0.008	0.088	762.0	759.0	589.037	26.1662	169.999	16.3009	0.274708	0.3114	-0.05	0.0	0.36893	0.0	3.09366	0.0	0.0191768	0.0	0.0406721	0.0	0.03	0.0	1.492	0.04	1.733	0.07	0.0343453	0.0	1.1122e-05	0.00169269	0.196268	0.016559	0.286858	0.0918796	0.000915639	0.00224089	-0.00042611	0.00162973	1.62833	0.118442	0.819674	0.0507536	0.739534	0.341194	0.803804	0.230022	0.574807	0.222504	0.0297791	0.0399373	0.230491	0.0676895	0.166473	0.141493	-1674.06	4.0	1.1541e-07	-5092.9	3.0	2.71011e-05	1.0	375.255	23.8311	213.782	19.4995	0.362935	0.0289127	1.11343	0.0496238	
0.0-2.4	10.0-30.0	0.0-100.0	0.000-1.571	0.008	0.136	2915.0	2914.0	2188.84	51.939	725.213	35.1293	-0.510169	0.153461	-0.05	0.0	0.36893	0.0821561	3.09366	0.000774161	0.0191768	0.00188047	0.0406721	0.00315451	0.03	0.0	1.492	0.04	1.733	0.07	0.0343453	0.00142082	1.52572e-05	0.000100154	0.182221	0.00890241	0.236663	0.0682407	0.00122367	0.00140879	-0.000960144	0.000789303	1.62012	0.0865195	0.829543	0.0255623	0.812838	0.163662	0.764902	0.297006	0.19116	0.20105	0.0573887	0.0237642	0.18748	0.0188447	0.0303573	0.0243795	-6412.13	4.0	2.23381e-07	-23327.5	7.0	3.64828e-06	1.0	1513.02	48.2634	675.82	36.0214	0.308757	0.014736	1.07074	0.0353447	
0.0-2.4	10.0-30.0	0.0-100.0	0.393-0.785	0.008	0.105	728.0	728.0	531.267	24.8345	196.689	16.7982	-0.374473	0.285496	-0.05	0.0	0.36893	0.0	3.09366	0.0	0.0191768	0.0	0.0406721	0.0	0.03	0.0	1.492	0.04	1.733	0.07	0.0343453	0.0	1.01316e-05	0.00876397	0.177526	0.0184345	0.100919	0.169121	0.00498796	0.00652429	0.000678342	0.00135456	1.74041	0.515379	0.879105	0.0488287	0.540977	0.0107253	1.0	8.51003	0.0769848	0.013901	0.0327037	0.00110804	0.168028	0.00446621	0.0598732	45.1453	-1631.49	4.0	2.18471e-05	-4804.28	3.0	2.2881e-05	1.0	386.021	23.4167	145.246	16.3959	0.273395	0.0280914	1.00026	0.107306	
0.0-2.4	10.0-30.0	0.0-100.0	0.785-1.178	0.008	0.105	716.0	715.0	539.977	24.9974	175.047	16.1227	-0.966452	0.309969	-0.05	0.0	0.36893	0.0	3.09366	0.0	0.0191768	0.0	0.0406721	0.0	0.03	0.0	1.492	0.04	1.733	0.07	0.0343453	0.0	2.91026e-05	5.76628e-05	0.173429	0.0182132	0.122074	0.0686439	0.00470031	0.00433712	-0.00262926	0.00149794	1.84586	0.2159	0.89672	0.0497317	0.766387	0.259095	1.0	14.7147	0.23086	0.236607	0.0551633	0.0441266	0.224238	0.0533235	0.0397555	55.4695	-1562.2	4.0	1.94418e-07	-4719.79	3.0	5.29387e-06	1.0	376.284	24.1445	163.693	18.356	0.303148	0.030962	1.05919	0.0514562	
0.0-2.4	10.0-30.0	0.0-100.0	1.178-1.571	0.008	0.105	709.0	707.0	529.917	24.7743	177.094	16.1538	-0.933304	0.306088	-0.05	0.0	0.36893	0.0	3.09366	0.0	0.0191768	0.0	0.0406721	0.0	0.03	0.0	1.492	0.04	1.733	0.07	0.0343453	0.0	3.2121e-05	7.73774e-05	0.173545	0.017298	0.662879	0.127118	-0.000594368	0.00123554	0.00116127	0.00259035	1.36549	0.0619482	0.620826	0.0763121	0.838345	0.903822	0.605044	0.292687	0.0497028	0.804462	0.00608187	0.0314484	0.162313	0.0284573	0.0371209	0.0174616	-1562.35	4.0	8.66281e-06	-4645.75	3.0	1.64572e-06	1.0	367.71	23.2878	162.206	17.4442	0.306098	0.0296456	1.16872	0.0473266	
0.0-2.4	10.0-30.0	10.0-60.0	0.000-0.393	0.008	0.088	488.0	485.0	387.883	21.135	97.1773	12.4885	0.373884	0.414122	-0.05	0.0	0.36893	0.0	3.09366	0.0	0.0191768	0.0	0.0410803	0.0	0.03	0.0	1.492	0.04	1.733	0.07	0.0346506	0.0	1.1122e-05	0.00169269	0.206608	0.0223915	0.236663	0.0	0.00122367	0.0	-0.00159456	0.00180554	1.62012	0.0	0.794346	0.0572485	0.999994	0.183341	0.771779	0.198462	0.605016	0.115268	0.0474727	0.32318	0.21849	0.0691347	0.183736	0.156056	-1118.69	4.0	1.1401e-05	-3060.67	3.0	1.12058e-05	1.0	258.399	19.4311	129.484	15.1364	0.333823	0.0345246	1.05016	0.0165273	
0.0-2.4	10.0-30.0	10.0-60.0	0.000-1.571	0.008	0.136	1897.0	1896.0	1452.9	41.7833	443.11	27.131	-0.656351	0.193019	-0.05	0.0	0.36893	0.0	3.09366	0.0	0.0191768	0.0	0.0410803	0.00180014	0.03	0.0	1.492	0.04	1.733	0.07	0.0346505	0.000673405	1.52572e-05	0.000100154	0.190758	0.0119179	0.236663	0.0	0.00122367	0.0	-0.000639862	0.000933344	1.62012	0.0	0.823632	0.0303931	0.648103	0.0777888	0.96014	0.0790845	0.172105	0.0789227	0.0372092	0.00969477	0.184843	0.0182953	0.126501	0.124008	-4282.27	4.0	1.72317e-06	-14423.9	4.0	1.7008e-05	1.0	1046.18	39.0711	406.726	27.5348	0.279941	0.0171566	1.06725	0.0089522	
0.0-2.4	10.0-30.0	10.0-60.0	0.393-0.785	0.008	0.105	471.0	471.0	347.042	20.024	123.962	13.3367	-0.773088	0.362958	-0.05	0.0	0.36893	0.0	3.09366	0.0	0.0191768	0.0	0.0410803	0.0	0.03	0.0	1.492	0.04	1.733	0.07	0.0346506	0.0	1.01316e-05	0.00876397	0.17732	0.0240444	0.236663	0.0	0.00122367	0.0	0.00183537	0.0018288	1.62012	0.0	0.815082	0.0636831	0.619682	0.0382588	1.0	4.0641	0.211503	0.0438886	0.0401872	0.00523676	0.163379	0.0140914	0.0200137	29.9233	-1074.44	4.0	7.65586e-05	-2911.79	3.0	5.51239e-06	1.0	262.27	19.04	84.7727	12.5478	0.244272	0.0332961	1.06222	0.0186507	
0.0-2.4	10.0-30.0	10.0-60.0	0.785-1.178	0.008	0.105	459.0	458.0	359.787	20.2276	98.2134	12.1483	-1.04992	0.417074	-0.05	0.0	0.36893	0.0	3.09366	0.0	0.0191768	0.0	0.0410803	0.0	0.03	0.0	1.492	0.04	1.733	0.07	0.0346506	0.0	2.91026e-05	5.76628e-05	0.194302	0.0263436	0.236663	0.0	0.00122367	0.0	-0.00384661	0.00188048	1.62012	0.0	0.852832	0.0593437	0.693318	0.124665	0.982989	0.0276686	0.108059	0.117776	0.0482649	0.0171438	0.220766	0.0487587	4.99908	3.06059	-1046.18	4.0	2.21943e-05	-2851.16	3.0	2.51602e-08	1.0	266.496	19.2736	93.2909	13.2099	0.259295	0.0336978	1.08461	0.0178094	
0.0-2.4	10.0-30.0	10.0-60.0	1.178-1.571	0.008	0.08	479.0	476.0	358.153	20.3391	117.85	13.1675	-1.01634	0.376485	-0.05	0.0	0.36893	0.0	3.09366	0.0	0.0191768	0.0	0.0410803	0.0	0.03	0.0	1.492	0.04	1.733	0.07	0.0346506	0.0	1.97786e-05	7.38276e-05	0.160775	0.0195719	0.236663	0.0	0.00122367	0.0	-0.000907391	0.00202577	1.62012	0.0	0.862774	0.0684358	0.761375	0.083366	0.999998	11.8342	0.33376	0.087505	0.0236418	0.0108258	0.150977	0.0194799	0.0215023	51.8458	-1069.38	4.0	0.000135145	-2940.11	3.0	1.708e-07	1.0	247.165	19.616	110.988	15.0831	0.30989	0.0382602	1.0906	0.0206634	
0.0-2.4	13.0-30.0	0.0-100.0	0.000-0.393	0.008	0.064	286.0	286.0	227.573	16.1927	58.4408	9.64899	-0.187559	0.523099	-0.05	0.0	0.377426	0.0	3.0943	0.0	0.0194307	0.0	0.0387517	0.0	0.03	0.0	1.492	0.04	1.733	0.07	0.032824	0.0	5.42312e-05	0.000155716	0.180726	0.0247977	0.320965	0.160542	0.00391952	0.00307986	-0.00286388	0.00254459	1.50857	0.163159	0.760728	0.094334	0.999951	4.2051	0.452118	0.178312	0.45246	0.109843	0.0327645	7.33518	0.346609	0.0880602	0.0374533	0.0106839	-652.837	4.0	1.92912e-05	-1655.36	3.0	1.33595e-05	1.0	130.576	14.7159	96.9976	13.3368	0.426225	0.0501467	1.05991	0.0777623	
0.0-2.4	13.0-30.0	0.0-100.0	0.000-1.571	0.008	0.105	1081.0	1081.0	837.492	31.9141	243.498	20.603	-0.322578	0.265085	-0.05	0.0	0.377426	0.136843	3.0943	0.00121499	0.0194307	0.00288272	0.0387517	0.0047263	0.03	0.0	1.492	0.04	1.733	0.07	0.032824	0.00176653	1.00009e-05	0.0022258	0.16175	0.0117909	0.132772	0.0920488	0.00351245	0.00313808	-0.00134356	0.00110406	1.67468	0.204192	0.865688	0.0432649	0.813359	0.201063	0.834705	0.306512	0.246808	0.10854	0.0437203	0.0209636	0.215427	0.0359689	0.0488611	0.0289776	-2484.49	4.0	6.40168e-05	-7665.21	7.0	7.47024e-06	1.0	526.747	29.0109	310.744	24.0613	0.371042	0.0250101	1.01108	0.0543138	
0.0-2.4	13.0-30.0	0.0-100.0	0.393-0.785	0.008	0.064	265.0	263.0	194.619	15.0589	68.3829	10.0266	0.035046	0.479785	-0.05	0.0	0.377426	0.0	3.0943	0.0	0.0194307	0.0	0.0387517	0.0	0.03	0.0	1.492	0.04	1.733	0.07	0.032824	0.0	1.55008e-05	0.000878565	0.170691	0.028512	0.00883941	0.0082002	0.00999995	0.0180256	-0.00139059	0.00206321	3.31245	1.28622	1.09621	0.0816829	0.51912	0.114775	1.0	3.90103	7.07721e-05	1.02396	0.00941563	0.0101366	0.155281	0.0393819	0.0356378	18.35	-610.237	4.0	7.22385e-06	-1473.95	3.0	6.28697e-06	1.0	140.594	14.1099	54.0242	9.91042	0.27759	0.0461707	1.13492	0.0459952	
0.0-2.4	13.0-30.0	0.0-100.0	0.785-1.178	0.008	0.056	272.0	269.0	204.186	15.2145	64.8177	9.59731	-0.745899	0.497892	-0.05	0.0	0.377426	0.0	3.0943	0.0	0.0194307	0.0	0.0387517	0.0	0.03	0.0	1.492	0.04	1.733	0.07	0.032824	0.0	3.39658e-05	0.000104935	0.163186	0.024414	0.131789	0.1171	0.00298802	0.00557481	-0.0022616	0.00205754	1.76077	0.331988	0.878204	0.0797227	0.997713	0.954873	0.686617	0.239384	0.186826	0.0958626	0.0770326	0.886646	0.280676	0.0692118	0.0816421	0.0403227	-614.117	4.0	1.03909e-06	-1535.88	3.0	2.36246e-06	1.0	136.416	14.0958	67.7706	10.9941	0.331906	0.0478279	1.03836	0.0808998	
0.0-2.4	13.0-30.0	0.0-100.0	1.178-1.571	0.008	0.08	258.0	258.0	208.325	15.2819	49.6626	8.65349	-0.396396	0.567844	-0.05	0.0	0.377426	0.0	3.0943	0.0	0.0194307	0.0	0.0387517	0.0	0.03	0.0	1.492	0.04	1.733	0.07	0.032824	0.0	1.65646e-05	0.000171567	0.145262	0.019892	0.867045	0.0572375	0.000445439	0.00122049	0.00999998	0.032855	1.22585	0.0404956	2.1	0.131035	0.919698	0.163103	0.999999	6.97371	0.204788	0.148472	0.00100218	0.287731	0.125314	0.0245303	0.0201937	32.7625	-606.336	4.0	1.93215e-05	-1473.98	3.0	2.53031e-06	1.0	125.368	13.993	82.957	12.1762	0.398209	0.0506251	1.3745	0.036583	
0.0-2.4	13.0-30.0	10.0-60.0	0.000-0.393	0.008	0.064	179.0	179.0	143.661	12.8691	35.334	7.56913	-0.491348	0.669909	-0.05	0.0	0.377426	0.0	3.0943	0.0	0.0194307	0.0	0.0389688	0.0	0.03	0.0	1.492	0.04	1.733	0.07	0.0329836	0.0	5.42312e-05	0.000155716	0.222294	0.0431807	0.132772	0.0	0.00351245	0.0	-0.00237732	0.00264275	1.67468	0.0	0.859986	0.0968994	0.348061	8.2859	0.785545	9.06475	0.0667899	6.89805	0.00100433	0.214168	0.311534	0.228624	0.0463263	0.1034	-432.313	4.0	7.09036e-06	-950.938	3.0	1.70608e-06	1.0	98.23	12.1203	45.4308	9.27541	0.316236	0.058018	1.00685	0.0358881	
0.0-2.4	13.0-30.0	10.0-60.0	0.000-1.571	0.008	0.08	705.0	704.0	542.477	25.4643	161.497	16.3553	-0.4498	0.316349	-0.05	0.0	0.377426	0.0	3.0943	0.0	0.0194307	0.0	0.0389688	0.00280868	0.03	0.0	1.492	0.04	1.733	0.07	0.0329836	0.00103296	1.60278e-05	0.000108096	0.170965	0.0166021	0.132772	0.0	0.00351245	0.0	-0.00200005	0.00131253	1.67468	0.0	0.855913	0.0542006	0.718021	0.162704	0.983996	0.0177402	0.196835	0.159088	0.0395565	0.0147432	0.174375	0.0270556	4.99991	4.03315	-1632.26	4.0	3.50199e-08	-4678.04	4.0	4.74571e-06	1.0	365.693	23.5944	176.783	18.1903	0.325882	0.0298394	1.00384	0.0200389	
0.0-2.4	13.0-30.0	10.0-60.0	0.393-0.785	0.008	0.064	173.0	172.0	125.315	12.0859	46.6803	8.21115	-0.630672	0.581744	-0.05	0.0	0.377426	0.0	3.0943	0.0	0.0194307	0.0	0.0389688	0.0	0.03	0.0	1.492	0.04	1.733	0.07	0.0329836	0.0	1.55008e-05	0.000878565	0.150085	0.0324618	0.132772	0.0	0.00351245	0.0	-0.00178228	0.00315769	1.67468	0.0	1.16955	0.141352	0.515989	0.035621	1.0	17.9342	3.99133e-05	0.5289	0.00953923	0.00286428	0.157303	0.0124159	0.0223498	136.282	-392.546	4.0	1.91994e-05	-886.48	3.0	6.88709e-06	1.0	90.2351	11.6704	35.0798	8.47993	0.279933	0.0620499	1.24844	0.0574192	
0.0-2.4	13.0-30.0	10.0-60.0	0.785-1.178	0.012	0.044	176.0	173.0	132.986	12.2157	40.0131	7.49964	-0.522604	0.627294	-0.05	0.0	0.377426	0.0	3.0943	0.0	0.0194307	0.0	0.0389688	0.0	0.03	0.0	1.492	0.04	1.733	0.07	0.0329836	0.0	3.14561e-05	0.000114974	0.170523	0.0347296	0.132772	0.0	0.00351245	0.0	-0.00308665	0.00233046	1.67468	0.0	0.845356	0.0940655	0.8022	0.121613	0.998969	0.610682	0.153661	0.152131	0.0633748	0.0422279	0.284792	0.073578	0.0931524	0.93905	-403.804	4.0	5.09122e-06	-914.258	3.0	3.91471e-06	1.0	96.3985	11.464	36.5873	8.01937	0.275122	0.0547514	0.996047	0.0346173	
0.0-2.4	13.0-30.0	10.0-60.0	1.178-1.571	0.008	0.08	177.0	177.0	138.754	12.5833	38.2465	7.60499	-0.12879	0.638598	-0.05	0.0	0.377426	0.0	3.0943	0.0	0.0194307	0.0	0.0389688	0.0	0.03	0.0	1.492	0.04	1.733	0.07	0.0329836	0.0	1.65646e-05	0.000171567	0.143797	0.0223467	0.132772	0.0	0.00351245	0.0	-0.00386165	0.0027952	1.67468	0.0	0.801391	0.117786	0.821468	3.86548	1.0	37.9731	0.169991	2.41502	0.00100247	0.214279	0.11697	0.0480924	0.0229378	165.917	-408.331	4.0	1.28375e-05	-934.694	3.0	6.1399e-09	1.0	76.1278	11.5169	62.6259	10.8273	0.451346	0.0664355	0.964014	0.042458	
0.0-2.4	6.5-10.0	0.0-100.0	0.000-0.393	0.016	0.152	2154.0	2152.0	1088.28	37.8391	1063.92	37.515	-0.102794	0.119909	-0.05	0.0	0.398094	0.0	3.0926	0.0	0.0489468	0.0	0.0260276	0.0	0.03	0.0	1.492	0.04	1.733	0.07	0.0368985	0.0	1.90055e-05	0.000117681	0.192165	0.0160449	0.138357	0.0473332	0.00466897	0.00498227	0.000946751	0.0012262	1.9815	0.167728	0.932992	0.0286312	0.877492	0.657255	0.421913	0.347123	0.427688	0.347144	0.00539084	0.151649	0.183369	0.0256048	0.0593	0.0140011	-3422.7	4.0	6.18618e-05	-15533.2	3.0	2.44775e-05	1.0	831.501	37.2074	256.775	25.0649	0.235946	0.0215211	1.13722	0.0390159	
0.0-2.4	6.5-10.0	0.0-100.0	0.000-1.571	0.008	0.136	7448.0	7437.0	3902.61	85.8184	3534.41	83.6268	-0.210159	0.0684657	-0.05	0.0	0.398094	0.0933327	3.0926	0.000710268	0.0489468	0.00423262	0.0260276	0.00174214	0.03	0.0	1.492	0.04	1.733	0.07	0.0368985	0.00160203	2.70702e-05	5.76409e-05	0.189379	0.00834112	0.173814	0.044334	0.00399264	0.00245512	0.00285109	0.000675836	1.78243	0.0904393	0.933172	0.0166591	0.514131	0.0478488	0.898213	0.072823	0.489592	0.0546584	0.0449504	0.00961196	0.167493	0.0134232	0.173935	0.0635257	-12074.6	4.0	2.02114e-05	-63080.0	7.0	6.48438e-05	1.0	2976.3	78.9995	926.31	48.7061	0.237356	0.0113365	1.12768	0.0264682	
0.0-2.4	6.5-10.0	0.0-100.0	0.393-0.785	0.016	0.145	1923.0	1923.0	951.16	35.6808	971.827	35.9692	-0.421236	0.126201	-0.05	0.0	0.398094	0.0	3.0926	0.0	0.0489468	0.0	0.0260276	0.0	0.03	0.0	1.492	0.04	1.733	0.07	0.0368985	0.0	1.01928e-05	2.11886	0.179018	0.0170531	0.175237	0.0863871	0.00684653	0.00488837	0.00486899	0.00143011	1.78736	0.174703	1.00547	0.0365232	0.333763	0.10837	0.896587	0.0676462	0.341311	0.18754	0.0270082	0.0129532	0.200425	0.0307094	0.186164	0.0762587	-2989.54	4.0	1.31354e-06	-13611.3	3.0	1.02111e-07	1.0	738.604	35.4175	212.555	23.4582	0.22347	0.0231943	1.18053	0.047933	
0.0-2.4	6.5-10.0	0.0-100.0	0.785-1.178	0.016	0.152	1760.0	1760.0	961.849	35.2505	798.131	32.8472	-0.127965	0.138878	-0.05	0.0	0.398094	0.0	3.0926	0.0	0.0489468	0.0	0.0260276	0.0	0.03	0.0	1.492	0.04	1.733	0.07	0.0368985	0.0	6.29812e-05	0.000142295	0.209543	0.018588	0.099274	0.0560735	0.00969724	0.0193283	0.00289997	0.00126305	1.94297	0.233692	0.964283	0.0320301	0.515458	0.252632	0.770382	0.308169	0.514941	0.174304	0.0434317	0.026869	0.158197	0.0328427	0.108182	0.0575732	-2971.34	4.0	1.85019e-06	-12457.0	3.0	4.09562e-06	1.0	744.857	34.2795	216.993	22.2069	0.225599	0.0215565	1.10105	0.0434845	
0.0-2.4	6.5-10.0	0.0-100.0	1.178-1.571	0.016	0.152	1611.0	1609.0	900.918	33.984	708.063	31.0168	-0.1694	0.147443	-0.05	0.0	0.398094	0.0	3.0926	0.0	0.0489468	0.0	0.0260276	0.0	0.03	0.0	1.492	0.04	1.733	0.07	0.0368985	0.0	5.59521e-05	0.000206186	0.178665	0.0154623	0.652049	0.158969	-0.000734564	0.0019028	0.00111923	0.00205926	1.37047	0.0645511	0.600001	0.0828472	0.653463	0.0798575	0.940889	0.0963659	0.577588	0.0619639	0.0732219	0.025012	0.169867	0.0238321	0.296742	0.253511	-2701.12	4.0	1.15555e-05	-11269.8	3.0	4.67775e-06	1.0	658.877	33.0921	242.041	23.6798	0.26866	0.0242518	1.16186	0.0580375	
0.0-2.4	6.5-10.0	10.0-60.0	0.000-0.393	0.016	0.152	1400.0	1399.0	739.26	30.8513	659.738	29.5345	-0.161361	0.152456	-0.05	0.0	0.398094	0.0	3.0926	0.0	0.0489468	0.0	0.0259502	0.0	0.03	0.0	1.492	0.04	1.733	0.07	0.0368657	0.0	1.90055e-05	0.000117681	0.183236	0.0185333	0.173814	0.0	0.00399264	0.0	0.000104399	0.00149665	1.78243	0.0	0.840032	0.0341945	0.999984	0.527369	0.357491	0.0153623	0.228275	0.0185216	0.00523964	1.21088	0.161161	0.00463459	0.0398714	0.00141493	-2382.47	4.0	6.9762e-06	-9551.6	3.0	7.65142e-08	1.0	563.345	30.6767	175.914	21.0295	0.23796	0.0266569	1.06547	0.0111368	
0.0-2.4	6.5-10.0	10.0-60.0	0.000-1.571	0.008	0.16	4629.0	4627.0	2612.08	58.366	2014.85	53.0037	-0.284849	0.0876947	-0.05	0.0	0.398094	0.0	3.0926	0.0	0.0489468	0.0	0.0259502	0.00100294	0.03	0.0	1.492	0.04	1.733	0.07	0.0368657	0.000212466	1.92169e-05	7.62105e-05	0.181239	0.00950697	0.173814	0.0	0.00399264	0.0	0.00246874	0.000833078	1.78243	0.0	0.907953	0.0198392	0.547553	0.0575318	0.940204	0.039676	0.488616	0.0683147	0.0442112	0.00894781	0.165358	0.0150286	0.248675	0.0997593	-7946.13	4.0	2.17545e-06	-37353.5	4.0	1.01631e-06	1.0	1962.5	57.4099	649.585	39.7949	0.248685	0.0141854	1.11054	0.00670039	
0.0-2.4	6.5-10.0	10.0-60.0	0.393-0.785	0.016	0.145	1206.0	1206.0	649.182	28.987	556.755	27.346	-0.339758	0.166648	-0.05	0.0	0.398094	0.0	3.0926	0.0	0.0489468	0.0	0.0259502	0.0	0.03	0.0	1.492	0.04	1.733	0.07	0.0368657	0.0	1.01928e-05	2.11886	0.171623	0.0197334	0.173814	0.0	0.00399264	0.0	0.00407656	0.00171956	1.78243	0.0	0.99472	0.0425374	0.422175	0.179125	0.865352	0.0946274	0.513368	0.192045	0.0281174	0.0180316	0.236736	0.0478649	0.240084	0.107288	-2007.88	4.0	3.11863e-05	-8059.58	3.0	9.29476e-06	1.0	500.182	28.8773	148.999	19.4772	0.229519	0.028198	1.17034	0.014935	
0.0-2.4	6.5-10.0	10.0-60.0	0.785-1.178	0.016	0.152	1047.0	1047.0	635.511	28.119	411.482	23.805	-0.408441	0.195021	-0.05	0.0	0.398094	0.0	3.0926	0.0	0.0489468	0.0	0.0259502	0.0	0.03	0.0	1.492	0.04	1.733	0.07	0.0368657	0.0	6.29812e-05	0.000142295	0.184917	0.0190824	0.173814	0.0	0.00399264	0.0	0.00279523	0.00170514	1.78243	0.0	0.948993	0.0416425	0.229045	0.106413	0.757377	0.138981	0.247305	0.204386	0.00100187	0.92398	0.181956	0.0475135	0.0993027	0.0341839	-1901.07	4.0	7.58156e-05	-6972.06	3.0	2.08686e-06	1.0	476.489	27.5937	159.022	19.1425	0.250227	0.0280129	1.13854	0.0143384	
0.0-2.4	6.5-10.0	10.0-60.0	1.178-1.571	0.016	0.136	976.0	974.0	590.822	27.2226	383.136	23.0955	-0.307291	0.201327	-0.05	0.0	0.398094	0.0	3.0926	0.0	0.0489468	0.0	0.0259502	0.0	0.03	0.0	1.492	0.04	1.733	0.07	0.0368657	0.0	5.49261e-05	0.000220802	0.18191	0.0182833	0.173814	0.0	0.00399264	0.0	-0.0011511	0.00185865	1.78243	0.0	0.879573	0.0445585	0.999466	0.766928	0.335856	0.124627	0.49857	0.112924	0.00105397	0.78149	0.224754	0.0531627	0.102033	0.0283714	-1667.14	4.0	5.76523e-07	-6403.46	3.0	3.57432e-06	1.0	412.215	26.9723	178.607	20.8444	0.302302	0.0324144	1.09151	0.0148328	
0.0-2.4	6.5-30.0	0.0-10.0	0.000-0.393	0.008	0.136	959.0	958.0	481.815	25.2433	476.303	25.1338	-0.023652	0.178885	-0.05	0.0	0.389791	0.0	3.09331	0.0	0.0477157	0.0	0.0249838	0.0	0.03	0.0	1.492	0.04	1.733	0.07	0.035614	0.0	2.92627e-05	6.86787e-05	0.188515	0.0205676	0.19835	0.0	0.00208889	0.0	0.00178734	0.00212912	1.70743	0.0	1.06465	0.0570485	0.99992	0.57403	0.409215	0.0232072	0.585475	0.0146982	0.00105948	1.0329	0.224688	0.00908368	0.081099	0.00380197	-1428.74	4.0	2.50837e-06	-6140.91	3.0	2.7535e-05	1.0	330.386	24.0974	151.429	18.5474	0.314289	0.0347953	1.21939	0.0199648	
0.0-2.4	6.5-30.0	0.0-10.0	0.000-1.571	0.008	0.136	3584.0	3582.0	1785.81	49.4708	1796.23	49.5757	-0.154301	0.0923019	-0.05	0.0	0.389791	0.0	3.09331	0.0	0.0477157	0.0	0.0249838	0.00120548	0.03	0.0	1.492	0.04	1.733	0.07	0.035614	0.000258016	1.61666e-05	1.68756e-05	0.182158	0.0108608	0.19835	0.0	0.00208889	0.0	0.00077368	0.000980897	1.70743	0.0	0.928806	0.0280149	0.724244	0.114077	0.555483	0.190846	0.352303	0.216985	0.0907782	0.0234382	0.179097	0.0188448	0.0338784	0.0229568	-5578.76	4.0	0.00010202	-27659.5	4.0	1.0987e-06	1.0	1269.88	47.5872	515.937	35.0899	0.288909	0.0179455	1.12686	0.00925546	
0.0-2.4	6.5-30.0	0.0-10.0	0.393-0.785	0.008	0.145	920.0	920.0	434.05	24.23	485.974	25.2786	-0.407477	0.177915	-0.05	0.0	0.389791	0.0	3.09331	0.0	0.0477157	0.0	0.0249838	0.0	0.03	0.0	1.492	0.04	1.733	0.07	0.035614	0.0	2.84864e-05	5.39292e-05	0.181564	0.0227799	0.19835	0.0	0.00208889	0.0	-0.00111395	0.00204464	1.70743	0.0	1.02654	0.0596028	0.7388	0.201322	0.81936	0.889023	0.436076	0.718766	0.0656812	0.0327354	0.157747	0.0262194	0.0217537	0.892595	-1377.96	4.0	2.47303e-05	-5812.82	3.0	1.19257e-06	1.0	314.559	23.9826	119.491	17.6443	0.275293	0.0376335	1.19291	0.0205586	
0.0-2.4	6.5-30.0	0.0-10.0	0.785-1.178	0.008	0.128	896.0	896.0	443.425	24.2662	452.47	24.4518	-0.0145315	0.183478	-0.05	0.0	0.389791	0.0	3.09331	0.0	0.0477157	0.0	0.0249838	0.0	0.03	0.0	1.492	0.04	1.733	0.07	0.035614	0.0	2.19419e-05	6.75748	0.199918	0.0244127	0.19835	0.0	0.00208889	0.0	0.00186734	0.00181911	1.70743	0.0	0.910202	0.0514299	0.621522	0.126454	0.986631	0.971053	0.508235	0.127194	0.0670943	0.0627509	0.16611	0.0262543	0.14142	0.41729	-1402.8	4.0	2.89504e-05	-5675.08	3.0	1.27274e-05	1.0	321.278	23.3628	122.148	16.7745	0.275464	0.0346961	1.11463	0.0168336	
0.0-2.4	6.5-30.0	0.0-10.0	1.178-1.571	0.008	0.152	809.0	808.0	426.518	23.4674	381.422	22.486	-0.160852	0.200219	-0.05	0.0	0.389791	0.0	3.09331	0.0	0.0477157	0.0	0.0249838	0.0	0.03	0.0	1.492	0.04	1.733	0.07	0.035614	0.0	1.0825e-05	4.3417e-05	0.158979	0.0201162	0.19835	0.0	0.00208889	0.0	0.000717068	0.00187821	1.70743	0.0	0.856262	0.049264	0.294026	0.599888	0.528564	0.756059	0.106232	0.928751	0.001008	0.141625	0.228641	0.0611488	0.0787603	0.0195339	-1375.84	4.0	6.80861e-06	-5075.18	3.0	5.79921e-06	1.0	308.007	23.0619	118.51	16.9462	0.277856	0.0366725	1.07982	0.0156581	
0.0-2.4	6.5-30.0	0.0-100.0	0.000-0.393	0.008	0.152	2916.0	2914.0	1662.86	45.7284	1251.13	40.9801	-0.0794731	0.11086	-0.05	0.0	0.389791	0.0	3.09331	0.0	0.0477157	0.0	0.024623	0.0	0.03	0.0	1.492	0.04	1.733	0.07	0.0354603	0.0	1.87871e-05	0.000150437	0.194557	0.0116569	0.188773	0.046412	0.00195616	0.00245764	0.000435262	0.000985813	1.81358	0.104055	0.863984	0.0260926	0.882779	0.0801876	0.362213	0.102103	0.211531	0.181375	0.126052	0.0532054	0.182283	0.0215978	0.0329038	0.00963161	-5035.77	4.0	4.33188e-07	-22264.0	3.0	8.6978e-08	1.0	1195.26	43.941	467.608	31.8713	0.281206	0.0175372	1.10745	0.032195	
0.0-2.4	6.5-30.0	0.0-100.0	0.000-1.571	0.004	0.164	10363.0	10361.0	6051.05	100.037	4310.2	90.8434	-0.282034	0.0617102	-0.05	0.0	0.389791	0.0636732	3.09331	0.000528513	0.0477157	0.00304328	0.024623	0.00115198	0.03	0.0	1.492	0.04	1.733	0.07	0.0354604	0.001122	1.00456e-05	6.70688e-06	0.1855	0.00607399	0.19835	0.0380118	0.00208889	0.00129289	0.0016831	0.000513947	1.70743	0.0628596	0.885058	0.0141504	0.527181	0.257352	0.911419	0.0646622	0.382516	0.222146	0.0392228	0.0184661	0.167322	0.0135892	0.160255	0.0691162	-18287.4	4.0	9.94575e-05	-92490.5	7.0	2.78515e-05	1.0	4444.51	91.8158	1606.54	61.1277	0.265498	0.00909862	1.09827	0.0213336	
0.0-2.4	6.5-30.0	0.0-100.0	0.393-0.785	0.008	0.145	2651.0	2651.0	1476.34	43.271	1174.61	39.631	-0.431989	0.115072	-0.05	0.0	0.389791	0.0	3.09331	0.0	0.0477157	0.0	0.024623	0.0	0.03	0.0	1.492	0.04	1.733	0.07	0.0354603	0.0	2.84864e-05	5.39292e-05	0.178394	0.0126396	0.147166	0.0720109	0.00527986	0.00343352	0.00321643	0.000998425	1.76284	0.161967	0.936119	0.029925	0.361751	0.0968884	0.921147	0.0540098	0.13011	0.190036	0.0245494	0.0105125	0.172063	0.0196238	0.168447	0.075233	-4565.9	4.0	2.30736e-06	-19927.4	3.0	4.8561e-06	1.0	1121.78	42.3447	354.565	28.6365	0.240165	0.0180746	1.09758	0.0427115	
0.0-2.4	6.5-30.0	0.0-100.0	0.785-1.178	0.008	0.152	2476.0	2476.0	1490.16	42.9978	985.81	36.6682	-0.299833	0.125636	-0.05	0.0	0.389791	0.0	3.09331	0.0	0.0477157	0.0	0.024623	0.0	0.03	0.0	1.492	0.04	1.733	0.07	0.0354603	0.0	1.02728e-05	0.00383331	0.19263	0.0130848	0.110192	0.0438595	0.00642572	0.00380672	0.000179661	0.000968849	1.89395	0.158315	0.92624	0.026787	0.632182	0.083592	0.993482	0.0070436	0.446088	0.0765703	0.065145	0.0125202	0.159423	0.0166065	4.99913	2.49997	-4481.54	4.0	3.17521e-06	-18637.2	3.0	9.07609e-06	1.0	1110.5	42.0468	379.661	29.3461	0.254779	0.0182697	1.07641	0.0333702	
0.0-2.4	6.5-30.0	0.0-100.0	1.178-1.571	0.008	0.152	2320.0	2318.0	1423.54	41.8893	894.453	35.0098	-0.343009	0.131896	-0.05	0.0	0.389791	0.0	3.09331	0.0	0.0477157	0.0	0.024623	0.0	0.03	0.0	1.492	0.04	1.733	0.07	0.0354603	0.0	1.0825e-05	4.3417e-05	0.175425	0.0114987	0.588479	0.127844	-0.000847859	0.00122532	0.00119586	0.00148301	1.39348	0.0566297	0.642062	0.0397339	0.661733	0.0685914	0.958758	0.0521741	0.470652	0.0704981	0.058134	0.0177037	0.156331	0.0171446	0.300474	0.214238	-4224.49	4.0	5.89147e-07	-17331.1	3.0	8.33975e-07	1.0	1016.97	40.4408	406.566	29.716	0.285602	0.0191082	1.14558	0.0474641	
0.0-2.4	6.5-30.0	10.0-20.0	0.000-0.393	0.008	0.128	758.0	756.0	393.894	22.6266	362.079	21.9122	0.0926439	0.205089	-0.05	0.0	0.389791	0.0	3.09331	0.0	0.0477157	0.0	0.0245398	0.0	0.03	0.0	1.492	0.04	1.733	0.07	0.0354251	0.0	1.21272e-05	9.04109	0.194636	0.0219993	0.19835	0.0	0.00208889	0.0	0.00140073	0.00214774	1.70743	0.0	0.972397	0.0507252	0.962554	0.512725	0.817426	0.236318	0.701921	0.317817	0.00100319	1.30597	0.147161	0.043959	0.175484	0.112462	-1215.46	4.0	5.1892e-08	-4691.59	3.0	4.39472e-06	1.0	266.872	21.3876	127.023	16.6031	0.322479	0.0378624	1.15597	0.0171032	
0.0-2.4	6.5-30.0	10.0-20.0	0.000-1.571	0.008	0.16	2621.0	2620.0	1419.99	43.3145	1199.92	40.6951	-0.239322	0.113259	-0.05	0.0	0.389791	0.0	3.09331	0.0	0.0477157	0.0	0.0245398	0.00130776	0.03	0.0	1.492	0.04	1.733	0.07	0.0354251	0.000276398	1.13588e-05	0.0219528	0.190997	0.0128209	0.19835	0.0	0.00208889	0.0	0.00237573	0.00107827	1.70743	0.0	0.912184	0.0291897	0.524621	0.0907642	0.885497	0.0572814	0.388163	0.128697	0.0314622	0.0103335	0.140177	0.0193989	0.226461	0.0690455	-4379.73	4.0	1.12567e-06	-19595.1	4.0	3.31776e-06	1.0	1044.2	41.7372	375.781	29.306	0.264637	0.0189941	1.11593	0.00956384	
0.0-2.4	6.5-30.0	10.0-20.0	0.393-0.785	0.008	0.128	672.0	671.0	341.176	21.1584	329.813	20.8882	-0.348727	0.215976	-0.05	0.0	0.389791	0.0	3.09331	0.0	0.0477157	0.0	0.0245398	0.0	0.03	0.0	1.492	0.04	1.733	0.07	0.0354251	0.0	2.00232e-05	3.80084e-05	0.189117	0.033285	0.19835	0.0	0.00208889	0.0	0.00485855	0.00199388	1.70743	0.0	0.857474	0.0563461	0.501894	0.108769	0.840832	0.10932	0.156878	0.164095	0.0334884	0.0152632	0.130573	0.0269317	0.203715	0.0816992	-1105.29	4.0	3.83736e-06	-4069.85	3.0	2.03181e-07	1.0	280.698	21.3206	60.4779	12.8687	0.177263	0.0360812	1.08059	0.0179217	
0.0-2.4	6.5-30.0	10.0-20.0	0.785-1.178	0.008	0.152	614.0	614.0	349.333	21.0152	264.631	18.8935	-0.390951	0.241716	-0.05	0.0	0.389791	0.0	3.09331	0.0	0.0477157	0.0	0.0245398	0.0	0.03	0.0	1.492	0.04	1.733	0.07	0.0354251	0.0	1.02728e-05	0.00383331	0.21456	0.0293068	0.19835	0.0	0.00208889	0.0	0.000366258	0.00194436	1.70743	0.0	0.900132	0.0541826	0.393279	1.3871	0.750675	1.46581	0.408015	1.29907	0.00800413	0.0509519	0.205766	0.0662518	0.124273	0.0657024	-1085.29	4.0	1.09835e-05	-3730.43	3.0	5.01057e-06	1.0	262.978	20.0281	86.355	13.3353	0.2472	0.0351578	1.10805	0.0176425	
0.0-2.4	6.5-30.0	10.0-20.0	1.178-1.571	0.008	0.12	577.0	576.0	336.836	20.5548	239.15	18.0228	-0.474113	0.255172	-0.05	0.0	0.389791	0.0	3.09331	0.0	0.0477157	0.0	0.0245398	0.0	0.03	0.0	1.492	0.04	1.733	0.07	0.0354251	0.0	1.01172e-05	3.47073	0.165211	0.0228463	0.19835	0.0	0.00208889	0.0	0.000600881	0.00259913	1.70743	0.0	0.967925	0.0724546	0.542847	0.117668	0.971477	0.034536	0.362077	0.181803	0.0405979	0.0151524	0.134169	0.0343288	0.674033	0.961508	-992.974	4.0	7.18765e-05	-3472.2	3.0	5.34904e-07	1.0	233.682	20.5644	103.153	16.0988	0.306243	0.0439892	1.15295	0.024381	
0.0-2.4	6.5-30.0	10.0-30.0	0.000-0.393	0.008	0.128	1294.0	1292.0	719.409	30.1778	572.586	27.6383	-0.0013127	0.163521	-0.05	0.0	0.389791	0.0	3.09331	0.0	0.0477157	0.0	0.0246268	0.0	0.03	0.0	1.492	0.04	1.733	0.07	0.035462	0.0	1.21272e-05	9.04109	0.212045	0.0191257	0.19835	0.0	0.00208889	0.0	0.00190126	0.001499	1.70743	0.0	0.871459	0.0365085	0.392659	0.172343	0.582685	39.3419	9.63445e-05	11.2991	0.00354971	14.1879	0.15247	2.84878	0.0508088	1.10444	-2250.91	4.0	1.86749e-05	-8791.66	3.0	1.17908e-06	1.0	523.792	28.641	195.618	20.1214	0.271914	0.0255378	1.08952	0.0117047	
0.0-2.4	6.5-30.0	10.0-30.0	0.000-1.571	0.004	0.164	4469.0	4468.0	2555.58	57.411	1912.27	51.5049	-0.315845	0.090016	-0.05	0.0	0.389791	0.0	3.09331	0.0	0.0477157	0.0	0.0246268	0.000962744	0.03	0.0	1.492	0.04	1.733	0.07	0.035462	0.000203988	1.00456e-05	6.70688e-06	0.195776	0.00980059	0.19835	0.0	0.00208889	0.0	0.00255938	0.000782585	1.70743	0.0	0.885886	0.0210077	0.50069	0.0483569	0.941122	0.030762	0.341353	0.0766499	0.0352141	0.00612905	0.141177	0.012091	0.231663	0.0748319	-7873.01	4.0	6.52425e-06	-36031.8	4.0	5.46363e-06	1.0	1898.11	55.1263	657.472	37.9318	0.25727	0.0136713	1.09881	0.00678874	
0.0-2.4	6.5-30.0	10.0-30.0	0.393-0.785	0.008	0.145	1151.0	1151.0	620.55	28.1693	530.419	26.5221	-0.331613	0.170526	-0.05	0.0	0.389791	0.0	3.09331	0.0	0.0477157	0.0	0.0246268	0.0	0.03	0.0	1.492	0.04	1.733	0.07	0.035462	0.0	2.84864e-05	5.39292e-05	0.191555	0.0217379	0.19835	0.0	0.00208889	0.0	0.00338717	0.00147212	1.70743	0.0	0.873757	0.0418573	0.490536	0.23082	0.881152	0.0836262	0.30863	0.260779	0.0274506	0.0147065	0.150352	0.0238191	0.199966	0.0775203	-1993.67	4.0	2.9524e-07	-7663.15	3.0	3.7649e-06	1.0	485.459	27.6795	135.09	17.8362	0.217695	0.0269903	1.091	0.0134367	
0.0-2.4	6.5-30.0	10.0-30.0	0.785-1.178	0.008	0.152	1036.0	1036.0	625.866	27.7859	410.081	23.5849	-0.560105	0.195936	-0.05	0.0	0.389791	0.0	3.09331	0.0	0.0477157	0.0	0.0246268	0.0	0.03	0.0	1.492	0.04	1.733	0.07	0.035462	0.0	1.02728e-05	0.00383331	0.205994	0.0206541	0.19835	0.0	0.00208889	0.0	0.00119834	0.00155807	1.70743	0.0	0.896987	0.0424994	0.534098	0.144781	0.798865	0.336053	0.420579	0.188727	0.0384002	0.0274124	0.164518	0.0415401	0.10684	0.0900786	-1896.28	4.0	3.12646e-06	-6901.97	3.0	1.67074e-05	1.0	467.138	26.6362	158.728	18.1393	0.253613	0.0267063	1.10601	0.0138155	
0.0-2.4	6.5-30.0	10.0-30.0	1.178-1.571	0.008	0.145	988.0	987.0	590.24	27.1932	396.737	23.3663	-0.502615	0.198768	-0.05	0.0	0.389791	0.0	3.09331	0.0	0.0477157	0.0	0.0246268	0.0	0.03	0.0	1.492	0.04	1.733	0.07	0.035462	0.0	1.38171e-05	4.85666e-05	0.167424	0.0171258	0.19835	0.0	0.00208889	0.0	0.000813677	0.00175438	1.70743	0.0	0.897265	0.0504389	0.544098	0.0885688	0.98344	0.0195089	0.346543	0.129201	0.0371566	0.0108039	0.150038	0.0258037	0.716388	1.03612	-1743.7	4.0	5.25554e-05	-6496.54	3.0	8.71331e-07	1.0	416.237	26.834	174.002	20.4104	0.294799	0.0318009	1.10619	0.0163988	
0.0-2.4	6.5-30.0	10.0-60.0	0.000-0.393	0.008	0.152	1888.0	1887.0	1116.95	37.1777	770.043	32.1755	-0.128004	0.141457	-0.05	0.0	0.389791	0.0	3.09331	0.0	0.0477157	0.0	0.024522	0.0	0.03	0.0	1.492	0.04	1.733	0.07	0.0354176	0.0	1.87871e-05	0.000150437	0.195905	0.0146586	0.19835	0.0	0.00208889	0.0	0.00029889	0.00114969	1.70743	0.0	0.815467	0.0293824	0.48147	0.0900785	0.569875	0.0985983	3.15885e-06	0.806212	0.00390963	0.00740231	0.171054	0.0238918	0.0482197	0.00843193	-3460.37	4.0	4.4699e-06	-13674.5	3.0	1.41023e-06	1.0	820.92	35.8796	296.033	25.2551	0.265036	0.0208188	1.0542	0.00911014	
0.0-2.4	6.5-30.0	10.0-60.0	0.000-1.571	0.004	0.164	6526.0	6524.0	4038.99	70.994	2484.7	59.0419	-0.373879	0.0793061	-0.05	0.0	0.389791	0.0	3.09331	0.0	0.0477157	0.0	0.024522	0.000737306	0.03	0.0	1.492	0.04	1.733	0.07	0.0354176	0.000155752	1.00456e-05	6.70688e-06	0.184656	0.00744966	0.19835	0.0	0.00208889	0.0	0.0012578	0.000623955	1.70743	0.0	0.860521	0.016855	0.534803	0.193438	0.96537	0.0186559	0.332501	0.182101	0.0394659	0.0120784	0.157654	0.0117504	0.331029	0.144544	-12128.7	4.0	1.20507e-05	-55639.1	4.0	1.70252e-05	1.0	2985.88	68.8735	1053.11	48.2876	0.260735	0.011042	1.08253	0.00537037	
0.0-2.4	6.5-30.0	10.0-60.0	0.393-0.785	0.008	0.145	1677.0	1677.0	990.477	35.0448	686.435	30.4001	-0.439509	0.150787	-0.05	0.0	0.389791	0.0	3.09331	0.0	0.0477157	0.0	0.024522	0.0	0.03	0.0	1.492	0.04	1.733	0.07	0.0354176	0.0	2.84864e-05	5.39292e-05	0.173631	0.0154832	0.19835	0.0	0.00208889	0.0	0.00291107	0.00122737	1.70743	0.0	0.87906	0.0353068	0.437542	0.211116	0.929199	0.0527946	0.234596	0.286287	0.0279219	0.0121868	0.174876	0.0251536	0.233294	0.117534	-3058.56	4.0	5.68978e-05	-11944.4	3.0	1.32277e-05	1.0	760.664	34.4938	229.813	23.0564	0.232023	0.0217825	1.09441	0.0113672	
0.0-2.4	6.5-30.0	10.0-60.0	0.785-1.178	0.008	0.152	1506.0	1506.0	988.659	34.4917	517.335	26.8022	-0.553942	0.175247	-0.05	0.0	0.389791	0.0	3.09331	0.0	0.0477157	0.0	0.024522	0.0	0.03	0.0	1.492	0.04	1.733	0.07	0.0354176	0.0	1.02728e-05	0.00383331	0.186305	0.0154271	0.19835	0.0	0.00208889	0.0	-0.000341246	0.00127887	1.70743	0.0	0.8823	0.0342919	0.628202	0.140463	0.987919	0.0123697	0.428747	0.129303	0.0620675	0.0193476	0.159445	0.0247216	4.99993	2.49136	-2918.19	4.0	1.28702e-06	-10738.9	3.0	2.53308e-06	1.0	736.957	33.8119	251.702	23.6501	0.254589	0.0222113	1.09649	0.01106	
0.0-2.4	6.5-30.0	10.0-60.0	1.178-1.571	0.008	0.152	1455.0	1454.0	945.837	33.8767	508.156	26.6452	-0.482777	0.175975	-0.05	0.0	0.389791	0.0	3.09331	0.0	0.0477157	0.0	0.024522	0.0	0.03	0.0	1.492	0.04	1.733	0.07	0.0354176	0.0	1.0825e-05	4.3417e-05	0.178637	0.0139993	0.19835	0.0	0.00208889	0.0	0.000122343	0.0013579	1.70743	0.0	0.859434	0.0382185	0.578917	0.0722783	0.984365	0.0199956	0.355699	0.102206	0.045145	0.01057	0.160288	0.0217646	0.589207	0.776948	-2714.34	4.0	2.17637e-06	-10282.3	3.0	8.73091e-07	1.0	662.57	33.0432	283.267	25.1322	0.299488	0.02431	1.08184	0.0121697	
0.0-2.4	6.5-30.0	20.0-30.0	0.000-0.393	0.008	0.105	536.0	536.0	325.239	19.955	210.855	16.8466	-0.159847	0.270005	-0.05	0.0	0.389791	0.0	3.09331	0.0	0.0477157	0.0	0.0247671	0.0	0.03	0.0	1.492	0.04	1.733	0.07	0.0355215	0.0	1.01047e-05	0.00333619	0.240158	0.0348732	0.19835	0.0	0.00208889	0.0	0.00539204	0.00204543	1.70743	0.0	0.869729	0.0496402	0.396022	0.0203008	0.999993	10.8123	0.305293	0.0315474	0.0388914	0.00224929	0.127663	0.00778367	0.0452386	41.2093	-1039.82	4.0	3.48138e-06	-3226.46	3.0	6.3106e-05	1.0	254.723	18.8106	70.516	11.3273	0.216813	0.0321869	1.08841	0.0158993	
0.0-2.4	6.5-30.0	20.0-30.0	0.000-1.571	0.008	0.136	1848.0	1847.0	1134.0	37.6486	712.959	31.5657	-0.444751	0.148176	-0.05	0.0	0.389791	0.0	3.09331	0.0	0.0477157	0.0	0.0247671	0.00141898	0.03	0.0	1.492	0.04	1.733	0.07	0.0355215	0.000301861	1.61666e-05	1.68756e-05	0.201862	0.0151722	0.19835	0.0	0.00208889	0.0	0.0026678	0.00114111	1.70743	0.0	0.871202	0.0303399	0.485916	0.0953248	0.999944	1.00874	0.33801	0.118104	0.0375434	0.00706614	0.147357	0.0164747	0.0382537	3.89549	-3499.15	4.0	3.12681e-07	-13404.9	4.0	8.60702e-07	1.0	851.334	35.9773	282.669	24.1573	0.249267	0.0196296	1.08936	0.00972563	
0.0-2.4	6.5-30.0	20.0-30.0	0.393-0.785	0.008	0.105	479.0	475.0	279.094	18.5427	195.824	16.1413	-0.281069	0.28018	-0.05	0.0	0.389791	0.0	3.09331	0.0	0.0477157	0.0	0.0247671	0.0	0.03	0.0	1.492	0.04	1.733	0.07	0.0355215	0.0	1.22898e-05	0.163554	0.195932	0.0298568	0.19835	0.0	0.00208889	0.0	-4.22525e-05	0.00221869	1.70743	0.0	0.922753	0.0632954	0.758857	0.137048	0.99996	20.2511	0.671245	0.124842	0.0509371	0.0150875	0.18281	0.0361077	0.0274447	112.1	-892.312	4.0	3.98781e-05	-2784.83	3.0	3.72499e-05	1.0	207.016	17.861	72.0781	12.3603	0.258258	0.0408284	1.12287	0.0208489	
0.0-2.4	6.5-30.0	20.0-30.0	0.785-1.178	0.008	0.12	422.0	421.0	276.473	18.1465	144.521	14.0473	-0.875726	0.335423	-0.05	0.0	0.389791	0.0	3.09331	0.0	0.0477157	0.0	0.0247671	0.0	0.03	0.0	1.492	0.04	1.733	0.07	0.0355215	0.0	1.50151e-05	1.29092	0.195756	0.0290349	0.19835	0.0	0.00208889	0.0	-2.32154e-05	0.00256316	1.70743	0.0	0.906302	0.0678266	0.7837	0.334986	0.490296	0.711004	0.130738	0.152113	0.0480253	0.0308024	0.135316	0.0456714	0.0455792	0.0178359	-817.565	4.0	2.02902e-06	-2468.97	3.0	4.31678e-06	1.0	202.466	17.6083	74.0071	12.5319	0.267683	0.0417842	1.11208	0.0221561	
0.0-2.4	6.5-30.0	20.0-30.0	1.178-1.571	0.008	0.128	411.0	410.0	254.209	17.8215	155.787	14.8051	-0.593484	0.318132	-0.05	0.0	0.389791	0.0	3.09331	0.0	0.0477157	0.0	0.0247671	0.0	0.03	0.0	1.492	0.04	1.733	0.07	0.0355215	0.0	2.47983e-05	5.01035e-05	0.170441	0.02605	0.19835	0.0	0.00208889	0.0	0.000212341	0.00230257	1.70743	0.0	0.811089	0.0668712	0.638554	0.293377	0.795547	0.836883	0.302706	0.223876	0.0339535	0.0164847	0.177035	0.0467393	0.0310545	0.0291513	-751.267	4.0	3.02875e-05	-2349.5	3.0	1.92165e-07	1.0	182.746	17.3494	71.4627	12.7265	0.281118	0.0460208	1.05149	0.0206756	
0.0-2.4	6.5-30.0	30.0-60.0	0.000-0.393	0.008	0.12	594.0	593.0	397.006	21.6611	195.986	16.3773	-0.491795	0.283324	-0.05	0.0	0.389791	0.0	3.09331	0.0	0.0477157	0.0	0.0243127	0.0	0.03	0.0	1.492	0.04	1.733	0.07	0.0353295	0.0	1.00028e-05	2.85792e-05	0.163196	0.0214334	0.19835	0.0	0.00208889	0.0	-0.00208004	0.00165883	1.70743	0.0	0.725306	0.0444483	0.7805	0.174266	0.900109	0.885881	0.380219	0.23191	0.0518895	0.0323786	0.189803	0.0342699	0.02	3.11735	-1229.09	4.0	4.38586e-07	-3702.53	3.0	2.45605e-06	1.0	294.446	21.3557	102.561	15.1421	0.258335	0.0354406	0.999988	0.0129222	
0.0-2.4	6.5-30.0	30.0-60.0	0.000-1.571	0.008	0.145	2057.0	2056.0	1483.58	41.7566	572.64	28.8534	-0.574191	0.167462	-0.05	0.0	0.389791	0.0	3.09331	0.0	0.0477157	0.0	0.0243127	0.00112718	0.03	0.0	1.492	0.04	1.733	0.07	0.0353295	0.000236667	1.27502e-05	0.000164255	0.163703	0.0110625	0.19835	0.0	0.00208889	0.0	-0.00208986	0.00101809	1.70743	0.0	0.798623	0.0275549	0.851724	0.250006	0.564423	0.240463	0.187122	0.0901444	0.0548889	0.037619	0.230003	0.0321798	0.0460537	0.0204445	-4323.91	4.0	3.33288e-05	-15585.8	4.0	5.31789e-05	1.0	1079.74	41.4294	403.845	30.3651	0.272209	0.0189793	1.04381	0.00845033	
0.0-2.4	6.5-30.0	30.0-60.0	0.393-0.785	0.008	0.12	526.0	526.0	370.501	20.8198	155.486	14.7797	-0.819981	0.323606	-0.05	0.0	0.389791	0.0	3.09331	0.0	0.0477157	0.0	0.0243127	0.0	0.03	0.0	1.492	0.04	1.733	0.07	0.0353295	0.0	1.0132e-05	0.0868918	0.148733	0.0207461	0.19835	0.0	0.00208889	0.0	-0.00126286	0.00218738	1.70743	0.0	0.861884	0.0616169	0.786889	0.850867	0.420416	0.313067	3.8448e-06	0.120759	0.0334382	0.0307529	0.270772	0.070822	0.0420383	0.0118452	-1087.36	4.0	1.45483e-06	-3251.99	3.0	2.21112e-06	1.0	274.305	20.8324	96.1962	15.0204	0.259638	0.0378242	1.0834	0.0196478	
0.0-2.4	6.5-30.0	30.0-60.0	0.785-1.178	0.008	0.12	470.0	470.0	363.742	20.4169	106.251	12.6247	-0.563335	0.390394	-0.05	0.0	0.389791	0.0	3.09331	0.0	0.0477157	0.0	0.0243127	0.0	0.03	0.0	1.492	0.04	1.733	0.07	0.0353295	0.0	1.50151e-05	1.29092	0.150597	0.0210869	0.19835	0.0	0.00208889	0.0	-0.00306186	0.00223767	1.70743	0.0	0.868327	0.0640465	0.999683	0.929721	0.954924	0.0485092	0.483714	0.16635	0.0382969	1.21148	0.184455	0.054452	4.99999	3.91224	-1037.3	4.0	1.65549e-05	-2915.49	3.0	1.83746e-06	1.0	266.627	21.1338	97.1151	15.8863	0.266989	0.0410231	1.08752	0.0204974	
0.0-2.4	6.5-30.0	30.0-60.0	1.178-1.571	0.008	0.12	467.0	464.0	352.079	20.1078	111.919	12.813	-0.382135	0.374843	-0.05	0.0	0.389791	0.0	3.09331	0.0	0.0477157	0.0	0.0243127	0.0	0.03	0.0	1.492	0.04	1.733	0.07	0.0353295	0.0	1.01172e-05	3.47073	0.196261	0.0239667	0.19835	0.0	0.00208889	0.0	-0.0016036	0.00214041	1.70743	0.0	0.82515	0.0567294	0.743311	0.0437725	0.999979	9.6392	0.436443	0.0375467	0.0898917	0.0133454	0.191603	0.0161928	0.0910395	28.025	-988.232	4.0	2.85302e-05	-2863.61	3.0	2.65826e-08	1.0	242.03	19.2549	110.049	14.805	0.31257	0.0380728	1.06022	0.0176969	
0.0-2.4	6.5-8.0	0.0-100.0	0.000-0.393	0.016	0.136	1271.0	1270.0	544.545	27.8584	725.457	30.9349	-0.0660631	0.144862	-0.05	0.0	0.369746	0.0	3.09165	0.0	0.0523867	0.0	0.0288003	0.0	0.03	0.0	1.492	0.04	1.733	0.07	0.0392108	0.0	5.8071e-05	0.000360109	0.204063	0.026331	0.313059	0.129726	0.00413537	0.00521731	0.00174223	0.00205624	1.71404	0.172071	0.898085	0.0432188	0.929349	0.978698	0.447817	0.49221	0.546255	0.411552	0.0010302	1.05012	0.163456	0.0331072	0.0732178	0.023873	-1808.58	4.0	2.16518e-06	-8334.32	3.0	8.73211e-07	1.0	431.749	27.694	112.796	17.6744	0.207138	0.0306785	1.214	0.069345	
0.0-2.4	6.5-8.0	0.0-100.0	0.000-1.571	0.016	0.16	4381.0	4378.0	1975.78	68.2015	2402.31	71.2428	-0.137349	0.0834184	-0.05	0.0	0.369746	0.153589	3.09165	0.00112025	0.0523867	0.00821507	0.0288003	0.0027497	0.03	0.0	1.492	0.04	1.733	0.07	0.0392108	0.00212656	2.57968e-05	9.0559e-05	0.199414	0.0136636	0.307488	0.0880482	0.00439684	0.00310131	0.00322958	0.00105575	1.63221	0.0944826	0.885903	0.023377	0.264906	0.890126	0.658371	0.750568	0.247947	1.81076	0.00665331	0.0838165	0.17662	0.0297337	0.0986324	0.0314869	-6494.68	4.0	1.54605e-05	-34258.4	7.0	1.97807e-05	1.0	1579.45	62.5664	396.329	33.6037	0.200594	0.0155345	1.16734	0.0413044	
0.0-2.4	6.5-8.0	0.0-100.0	0.393-0.785	0.016	0.145	1130.0	1130.0	454.979	25.9245	675.117	29.8692	-0.363462	0.150843	-0.05	0.0	0.369746	0.0	3.09165	0.0	0.0523867	0.0	0.0288003	0.0	0.03	0.0	1.492	0.04	1.733	0.07	0.0392108	0.0	3.35609e-05	0.000234572	0.180807	0.0284834	0.488577	0.194943	0.00546084	0.00439552	0.000192045	0.00282753	1.47132	0.124323	0.899602	0.0596541	0.18922	0.590688	0.777466	0.336324	0.0693878	0.500959	0.00100063	0.0401656	0.160075	0.0410559	0.112509	0.0315346	-1615.63	4.0	3.24098e-06	-7238.9	3.0	3.84415e-05	1.0	372.192	26.0966	82.7874	15.9228	0.181959	0.0334258	1.21307	0.0667119	
0.0-2.4	6.5-8.0	0.0-100.0	0.785-1.178	0.016	0.152	1054.0	1054.0	517.204	26.5216	536.588	26.8853	-0.0361777	0.168893	-0.05	0.0	0.369746	0.0	3.09165	0.0	0.0523867	0.0	0.0288003	0.0	0.03	0.0	1.492	0.04	1.733	0.07	0.0392108	0.0	4.17642e-05	0.79061	0.211549	0.0285056	0.230575	0.110068	0.00708186	0.0153869	0.00208333	0.00185802	1.73111	0.184706	0.881398	0.0428168	0.220189	6.58632	0.581381	14.2953	0.152438	17.07	0.00100385	19.4003	0.218939	0.456111	0.0779229	0.188993	-1657.89	4.0	1.06027e-05	-6810.73	3.0	4.50881e-05	1.0	417.738	26.1395	99.4661	15.8248	0.192315	0.0289641	1.13522	0.0641356	
0.0-2.4	6.5-8.0	0.0-100.0	1.178-1.571	0.016	0.152	926.0	924.0	460.033	25.1432	464.037	25.2225	-0.0363284	0.181514	-0.05	0.0	0.369746	0.0	3.09165	0.0	0.0523867	0.0	0.0288003	0.0	0.03	0.0	1.492	0.04	1.733	0.07	0.0392108	0.0	6.96199e-05	0.00138898	0.193098	0.0251072	0.599664	0.33064	-4.6222e-05	0.00372	0.000835293	0.00262479	1.40906	0.147928	0.617471	0.0576177	0.99858	0.697153	0.335113	0.166954	0.651857	0.0695517	0.00100773	0.758391	0.149792	0.0530169	0.141662	0.0337062	-1430.38	4.0	5.32465e-05	-5843.78	3.0	5.25973e-05	1.0	353.812	24.5159	106.221	16.1488	0.230898	0.0327568	1.15898	0.126631	
0.0-2.4	6.5-8.0	10.0-60.0	0.000-0.393	0.016	0.128	816.0	815.0	363.4	22.4192	451.6	24.307	-0.0834039	0.183578	-0.05	0.0	0.369746	0.0	3.09165	0.0	0.0523867	0.0	0.0278131	0.0	0.03	0.0	1.492	0.04	1.733	0.07	0.038759	0.0	5.95546e-05	0.000344739	0.18891	0.0288425	0.307488	0.0	0.00439684	0.0	0.0027475	0.00238323	1.63221	0.0	0.779296	0.0509663	0.445897	0.27249	0.374376	0.218104	5.53403e-05	0.695956	0.0102416	0.0187579	0.177452	0.0431967	0.0377492	0.00985748	-1268.48	4.0	4.28773e-06	-5013.03	3.0	1.30326e-06	1.0	284.126	22.2813	79.2743	14.5988	0.218146	0.0378515	1.11344	0.0123514	
0.0-2.4	6.5-8.0	10.0-60.0	0.000-1.571	0.016	0.16	2658.0	2656.0	1302.55	42.8333	1353.48	43.4235	-0.192125	0.106557	-0.05	0.0	0.369746	0.0	3.09165	0.0	0.0523867	0.0	0.0278131	0.00150022	0.03	0.0	1.492	0.04	1.733	0.07	0.0387591	0.000339248	2.57968e-05	9.0559e-05	0.184367	0.0148806	0.307488	0.0	0.00439684	0.0	0.00197821	0.00130604	1.63221	0.0	0.887146	0.0277053	0.938383	1.19556	0.459546	0.555415	0.698317	0.32017	0.00100959	1.11139	0.177335	0.0349748	0.119104	0.0297131	-4225.4	4.0	4.67774e-06	-19614.8	4.0	5.38404e-07	1.0	1013.0	42.4295	289.554	27.9511	0.222297	0.0201752	1.16799	0.00728644	
0.0-2.4	6.5-8.0	10.0-60.0	0.393-0.785	0.016	0.145	673.0	673.0	300.522	20.6465	372.527	22.322	-0.263404	0.202777	-0.05	0.0	0.369746	0.0	3.09165	0.0	0.0523867	0.0	0.0278131	0.0	0.03	0.0	1.492	0.04	1.733	0.07	0.038759	0.0	3.35609e-05	0.000234572	0.169547	0.0292827	0.307488	0.0	0.00439684	0.0	0.00528566	0.00279315	1.63221	0.0	0.999909	0.0571609	0.109489	0.525427	0.845314	0.774098	0.306517	0.840894	0.00100509	0.0396836	0.200883	0.112423	0.17487	0.0756468	-1041.87	4.0	3.07517e-05	-4000.31	3.0	9.20638e-06	1.0	235.229	20.6338	65.2928	13.5907	0.217265	0.0426892	1.22946	0.0160969	
0.0-2.4	6.5-8.0	10.0-60.0	0.785-1.178	0.016	0.152	614.0	614.0	346.003	21.1164	267.996	19.1806	-0.38053	0.240886	-0.05	0.0	0.369746	0.0	3.09165	0.0	0.0523867	0.0	0.0278131	0.0	0.03	0.0	1.492	0.04	1.733	0.07	0.038759	0.0	4.17642e-05	0.79061	0.181416	0.0303142	0.307488	0.0	0.00439684	0.0	0.0016644	0.00242884	1.63221	0.0	0.836396	0.0546947	1.0	0.0451529	0.33432	0.191441	0.629981	0.129283	1.38392	0.337146	0.200223	0.0733276	0.0992983	0.0363835	-1066.18	4.0	4.7731e-06	-3707.17	3.0	8.94967e-08	1.0	278.608	21.2485	67.3952	13.3905	0.194782	0.0368296	1.14177	0.0138732	
0.0-2.4	6.5-8.0	10.0-60.0	1.178-1.571	0.016	0.136	555.0	553.0	294.42	19.869	258.616	18.9467	-0.10875	0.243294	-0.05	0.0	0.369746	0.0	3.09165	0.0	0.0523867	0.0	0.0278131	0.0	0.03	0.0	1.492	0.04	1.733	0.07	0.038759	0.0	1.20568e-05	0.0173859	0.192542	0.0282949	0.307488	0.0	0.00439684	0.0	0.00074463	0.00276926	1.63221	0.0	0.852287	0.0636653	0.979024	0.964181	0.321297	0.333326	0.734589	0.131118	0.00116741	1.50325	0.193924	0.103307	0.161562	0.0646677	-868.48	4.0	1.47547e-06	-3243.31	3.0	2.33907e-06	1.0	211.926	19.2435	82.494	14.0272	0.280192	0.0437306	1.14988	0.0163393	
0.0-2.4	8.0-10.0	0.0-100.0	0.000-0.393	0.008	0.152	883.0	882.0	543.677	25.6941	338.321	21.327	-0.178248	0.213191	-0.05	0.0	0.428823	0.0	3.09348	0.0	0.0455092	0.0	0.0233243	0.0	0.03	0.0	1.492	0.04	1.733	0.07	0.0346246	0.0	1.01039e-05	0.487899	0.185721	0.020436	0.0783534	0.0380246	0.00336464	0.00777792	0.000182414	0.00161423	2.21072	0.285123	0.906748	0.0413652	0.807256	0.88709	0.443615	0.4169	0.156925	0.228374	0.0347625	0.0327354	0.194846	0.0386881	0.0374619	0.0121619	-1639.29	4.0	0.000111898	-5771.0	3.0	1.24616e-08	1.0	404.556	24.9184	139.12	17.2802	0.255888	0.0293935	1.06804	0.0458868	
0.0-2.4	8.0-10.0	0.0-100.0	0.000-1.571	0.008	0.152	3067.0	3066.0	1928.31	53.1864	1138.06	45.1245	-0.358582	0.119929	-0.05	0.0	0.428823	0.0944968	3.09348	0.00089241	0.0455092	0.00388173	0.0233243	0.00188996	0.03	0.0	1.492	0.04	1.733	0.07	0.0346246	0.00155385	1.04463e-05	0.772766	0.183578	0.0105706	0.0999374	0.0382996	0.00376099	0.00404766	0.00224198	0.000923523	1.94825	0.155484	0.976784	0.0256667	0.457256	0.08049	0.979134	0.0206	0.353427	0.113376	0.0284829	0.0090134	0.203574	0.0201529	0.273502	0.192509	-5679.14	4.0	2.93367e-05	-23930.6	7.0	0.000130598	1.0	1405.63	49.7119	522.68	34.2928	0.271055	0.016136	1.11269	0.0297623	
0.0-2.4	8.0-10.0	0.0-100.0	0.393-0.785	0.016	0.105	793.0	787.0	497.674	24.5752	289.313	19.8894	-0.496623	0.232301	-0.05	0.0	0.428823	0.0	3.09348	0.0	0.0455092	0.0	0.0233243	0.0	0.03	0.0	1.492	0.04	1.733	0.07	0.0346246	0.0	4.92988e-05	0.000250796	0.174515	0.0209795	0.0871788	0.0543777	0.00869349	0.0183421	0.00173705	0.00193371	2.08798	0.303036	0.996442	0.0575468	0.479395	0.189509	0.690643	0.300424	0.00091325	0.666078	0.0272434	0.0174348	0.255954	0.0460161	0.0200001	0.0785351	-1431.4	4.0	1.52227e-05	-5067.8	3.0	1.43015e-06	1.0	362.769	24.4569	134.906	17.9338	0.271073	0.0334569	1.1342	0.0524614	
0.0-2.4	8.0-10.0	0.0-100.0	0.785-1.178	0.008	0.145	706.0	706.0	447.004	23.3242	258.97	18.8684	-0.319336	0.24504	-0.05	0.0	0.428823	0.0	3.09348	0.0	0.0455092	0.0	0.0233243	0.0	0.03	0.0	1.492	0.04	1.733	0.07	0.0346246	0.0	6.83076e-05	0.000188408	0.213231	0.0253492	0.0494462	0.0365968	0.00997806	0.0194271	-0.000150873	0.00190211	2.17557	0.39497	1.12123	0.057985	0.794342	4.10517	0.899198	5.96925	0.613607	4.31315	0.00108408	2.1053	0.128504	0.031479	0.165768	0.123618	-1320.99	4.0	2.85457e-05	-4475.45	3.0	5.51977e-06	1.0	333.342	22.4756	113.662	15.4206	0.254275	0.0318442	1.19542	0.0411303	
0.0-2.4	8.0-10.0	0.0-100.0	1.178-1.571	0.008	0.128	685.0	685.0	441.462	22.9493	243.534	18.1318	-0.425231	0.253324	-0.05	0.0	0.428823	0.0	3.09348	0.0	0.0455092	0.0	0.0233243	0.0	0.03	0.0	1.492	0.04	1.733	0.07	0.0346246	0.0	1.54046e-05	0.000145821	0.168389	0.0191435	0.681636	0.163444	-0.00101435	0.00214303	0.000465089	0.00319169	1.35029	0.0690844	0.617153	0.128293	0.994512	1.82562	1.0	0.379662	0.706224	0.584777	0.00100754	1.87442	0.229735	0.0916406	0.230205	40.4748	-1295.86	4.0	3.17284e-06	-4347.21	3.0	4.49579e-07	1.0	303.633	22.3008	137.829	17.3066	0.31221	0.0356855	1.16794	0.058344	
0.0-2.4	8.0-10.0	10.0-60.0	0.000-0.393	0.008	0.145	584.0	583.0	375.475	21.2082	207.523	16.788	-0.326418	0.273079	-0.05	0.0	0.428823	0.0	3.09348	0.0	0.0455092	0.0	0.023978	0.0	0.03	0.0	1.492	0.04	1.733	0.07	0.0348787	0.0	1.40048e-05	1.03758	0.181822	0.0244461	0.0999374	0.0	0.00376099	0.0	0.000254825	0.00193943	1.94825	0.0	0.889026	0.0471343	0.712541	0.133305	0.999982	1.00021	0.324819	0.112808	0.0384986	0.015231	0.151336	0.0236461	0.0372029	3.89341	-1136.35	4.0	5.44394e-05	-3601.35	3.0	5.79408e-07	1.0	282.027	20.7281	93.4481	14.2741	0.248879	0.0353216	1.04437	0.0180567	
0.0-2.4	8.0-10.0	10.0-60.0	0.000-1.571	0.008	0.145	1971.0	1970.0	1309.18	39.7674	660.734	30.5455	-0.474826	0.154425	-0.05	0.0	0.428823	0.0	3.09348	0.0	0.0455092	0.0	0.023978	0.00137067	0.03	0.0	1.492	0.04	1.733	0.07	0.0348787	0.000269108	1.82514e-05	0.000157912	0.178392	0.0122772	0.0999374	0.0	0.00376099	0.0	0.000757046	0.00113488	1.94825	0.0	0.910356	0.0298846	0.606868	0.0840292	0.714359	0.236648	0.173755	0.175464	0.0439208	0.0105328	0.202564	0.0247122	0.0326747	0.0147732	-3797.18	4.0	6.4128e-05	-14630.3	4.0	4.44059e-06	1.0	944.506	38.9603	364.677	28.5919	0.278553	0.0201338	1.06078	0.0115419	
0.0-2.4	8.0-10.0	10.0-60.0	0.393-0.785	0.008	0.12	533.0	532.0	347.235	20.3459	184.76	15.858	-0.455936	0.290536	-0.05	0.0	0.428823	0.0	3.09348	0.0	0.0455092	0.0	0.023978	0.0	0.03	0.0	1.492	0.04	1.733	0.07	0.0348787	0.0	1.00002e-05	8.80711e-05	0.168278	0.0257056	0.0999374	0.0	0.00376099	0.0	0.000373791	0.0022393	1.94825	0.0	0.978639	0.0675241	0.573802	0.154809	0.98854	0.530132	0.350121	0.333359	0.0358388	0.0188658	0.275885	0.0559812	0.0200247	4.04447	-1006.69	4.0	1.49733e-05	-3245.65	3.0	1.84994e-06	1.0	258.243	20.2697	88.9921	14.4598	0.256288	0.0388409	1.11416	0.0266917	
0.0-2.4	8.0-10.0	10.0-60.0	0.785-1.178	0.008	0.112	433.0	431.0	291.083	18.6241	139.903	13.9889	-0.409209	0.334511	-0.05	0.0	0.428823	0.0	3.09348	0.0	0.0455092	0.0	0.023978	0.0	0.03	0.0	1.492	0.04	1.733	0.07	0.0348787	0.0	1.4617e-05	0.013384	0.191376	0.0258805	0.0999374	0.0	0.00376099	0.0	0.0020016	0.00253764	1.94825	0.0	1.12322	0.0744285	0.298841	5.70982	1.0	1.13355	0.160034	8.06075	0.00107884	0.921398	0.13161	0.0885138	0.0873454	63.1327	-840.902	4.0	1.57621e-05	-2549.53	3.0	2.49058e-06	1.0	205.206	17.8793	85.8764	13.322	0.295024	0.0416929	1.2308	0.0305675	
0.0-2.4	8.0-10.0	10.0-60.0	1.178-1.571	0.008	0.12	421.0	420.0	296.005	18.6047	124.078	13.2007	-0.734297	0.360398	-0.05	0.0	0.428823	0.0	3.09348	0.0	0.0455092	0.0	0.023978	0.0	0.03	0.0	1.492	0.04	1.733	0.07	0.0348787	0.0	4.81487e-05	1.07517	0.173077	0.0236404	0.0999374	0.0	0.00376099	0.0	-0.00244574	0.00264704	1.94825	0.0	0.924586	0.0680455	0.710281	0.170691	0.779724	0.755433	0.233189	0.158158	0.0667257	0.0293955	0.209078	0.0558559	0.0476929	0.043975	-817.902	4.0	2.92276e-07	-2500.9	3.0	5.18565e-05	1.0	200.283	18.8875	95.7221	15.3123	0.32338	0.0475695	1.0718	0.0264165	
1.2-1.6	6.5-30.0	0.0-100.0	0.000-0.393	0.008	0.136	762.0	760.0	442.922	24.5346	317.071	21.8207	-0.184714	0.227616	-0.05	0.0	0.845398	0.0	3.0914	0.0	0.0381538	0.0	0.170119	0.0	0.03	0.0	1.492	0.04	1.733	0.07	0.0755309	0.0	8.70362e-05	0.000270698	0.179068	0.0241506	0.130197	0.0694199	0.00814269	0.0161506	0.00167429	0.00211616	1.98675	0.266132	0.997076	0.0520608	0.492819	0.103011	0.948544	0.071874	0.0551634	0.152873	0.0277657	0.0139197	0.117958	0.0261522	0.166135	0.195507	-1252.74	4.0	2.60329e-05	-4727.23	3.0	8.21126e-06	1.0	339.367	24.5786	103.554	16.8413	0.233799	0.0357498	1.17415	0.055984	
1.2-1.6	6.5-30.0	0.0-100.0	0.000-1.571	0.008	0.136	2689.0	2683.0	1564.68	209.456	1118.33	208.264	-0.336934	0.216522	-0.05	0.0	0.845398	0.0810733	3.0914	0.00131541	0.0381538	0.0018221	0.170119	0.150606	0.03	0.0	1.492	0.04	1.733	0.07	0.0755308	0.0272417	1.03021e-05	0.137313	0.182173	0.012802	0.0999774	0.0369937	0.00921681	0.0152857	0.00222308	0.00102786	2.02628	0.173102	0.945663	0.0276283	0.590236	0.13865	0.492068	0.160567	0.157415	0.176672	0.0724494	0.0172824	0.200768	0.0239583	0.0311437	0.0127062	-4424.97	4.0	6.77003e-05	-20039.1	7.0	8.33826e-05	1.0	1178.92	160.512	385.757	59.369	0.246541	0.0187212	1.10243	0.0330539	
1.2-1.6	6.5-30.0	0.0-100.0	0.393-0.785	0.008	0.128	706.0	705.0	381.973	23.3075	323.003	22.0065	-0.41388	0.225745	-0.05	0.0	0.845398	0.0	3.0914	0.0	0.0381538	0.0	0.170119	0.0	0.03	0.0	1.492	0.04	1.733	0.07	0.0755309	0.0	1.40773e-05	0.000247178	0.166113	0.0222472	0.0978918	0.063768	0.00830884	0.017385	0.00494137	0.00192072	2.07462	0.34261	0.937236	0.053605	0.375777	0.127584	0.900682	0.108646	0.451673	0.163861	0.0364856	0.0183406	0.257699	0.0608467	0.185029	0.129055	-1129.97	4.0	6.11986e-06	-4282.76	3.0	8.29804e-06	1.0	279.559	22.5509	102.414	16.019	0.268118	0.0386147	1.1017	0.0622693	
1.2-1.6	6.5-30.0	0.0-100.0	0.785-1.178	0.008	0.136	629.0	628.0	376.691	22.7393	251.305	19.791	-0.453409	0.259459	-0.05	0.0	0.845398	0.0	3.0914	0.0	0.0381538	0.0	0.170119	0.0	0.03	0.0	1.492	0.04	1.733	0.07	0.0755309	0.0	1.0973e-05	0.00459423	0.207699	0.033124	0.0383419	0.0282596	0.00999981	0.0173776	0.00227553	0.00194072	2.63905	0.579204	0.996464	0.0571976	0.616492	0.022814	0.999999	6.90463	0.454103	0.0238766	0.0651662	0.00468778	0.155585	0.00766293	0.02	44.0441	-1085.39	4.0	1.14736e-05	-3788.66	3.0	4.15734e-06	1.0	300.891	22.6572	75.8002	14.2958	0.201227	0.0359546	1.1054	0.0526694	
1.2-1.6	6.5-30.0	0.0-100.0	1.178-1.571	0.008	0.12	592.0	589.0	362.304	22.1852	226.661	18.8819	-0.315584	0.273111	-0.05	0.0	0.845398	0.0	3.0914	0.0	0.0381538	0.0	0.170119	0.0	0.03	0.0	1.492	0.04	1.733	0.07	0.0755309	0.0	3.21269e-05	0.000513866	0.201534	0.0262176	0.429426	0.219667	0.00289074	0.00368548	0.00372055	0.00282995	1.45696	0.14329	0.844109	0.0774953	0.435005	0.149375	0.676606	0.17835	0.365114	0.19549	0.0510144	0.0238033	0.0500001	0.028378	0.255009	0.0799996	-972.139	4.0	1.27293e-05	-3529.76	3.0	4.91251e-05	1.0	262.448	20.7565	99.8558	14.4898	0.275614	0.0362581	1.14809	0.0796167	
1.2-1.6	6.5-30.0	10.0-60.0	0.000-0.393	0.008	0.12	515.0	513.0	308.526	20.1188	204.413	17.3386	-0.270048	0.282106	-0.05	0.0	0.845398	0.0	3.0914	0.0	0.0381538	0.0	0.145944	0.0	0.03	0.0	1.492	0.04	1.733	0.07	0.0672579	0.0	9.39567e-05	0.000265483	0.188309	0.0330496	0.0999774	0.0	0.00921681	0.0	0.00173077	0.00247775	2.02628	0.0	1.02384	0.0596885	0.595048	0.286955	0.938173	0.0842992	0.124235	0.249663	0.028963	0.0150148	0.117348	0.0274904	0.185075	0.234114	-890.91	4.0	5.38573e-07	-3010.54	3.0	6.57258e-05	1.0	247.226	20.354	61.3001	13.0523	0.198687	0.0402725	1.16358	0.0236345	
1.2-1.6	6.5-30.0	10.0-60.0	0.000-1.571	0.008	0.128	1683.0	1678.0	1043.47	43.5377	634.493	38.5543	-0.561853	0.172522	-0.05	0.0	0.845398	0.0	3.0914	0.0	0.0381538	0.0	0.145944	0.0396147	0.03	0.0	1.492	0.04	1.733	0.07	0.0672578	0.00664483	1.05393e-05	0.000462059	0.175601	0.0153145	0.0999774	0.0	0.00921681	0.0	0.00197868	0.00132913	2.02628	0.0	0.9818	0.0343226	0.706427	0.196868	0.396018	0.151085	0.151132	0.21397	0.0972915	0.0414962	0.225098	0.0354741	0.0336532	0.0166303	-2916.85	4.0	3.85918e-05	-11860.8	4.0	1.88185e-06	1.0	791.533	40.9701	251.941	26.4262	0.241444	0.0232354	1.13051	0.0134138	
1.2-1.6	6.5-30.0	10.0-60.0	0.393-0.785	0.008	0.112	436.0	433.0	253.756	18.5433	179.244	16.4118	-0.518092	0.304714	-0.05	0.0	0.845398	0.0	3.0914	0.0	0.0381538	0.0	0.145944	0.0	0.03	0.0	1.492	0.04	1.733	0.07	0.0672579	0.0	2.07034e-05	0.000129572	0.163444	0.0255419	0.0999774	0.0	0.00921681	0.0	0.00615092	0.00257744	2.02628	0.0	1.02403	0.0681166	0.341982	0.226065	0.820282	0.161604	0.613412	0.20267	0.0350279	0.0311698	0.412409	0.172869	0.248888	0.172869	-735.175	4.0	2.38297e-05	-2453.57	3.0	2.24491e-06	1.0	181.76	17.9696	71.9952	13.1973	0.283719	0.0476966	1.16374	0.0269733	
1.2-1.6	6.5-30.0	10.0-60.0	0.785-1.178	0.008	0.128	375.0	374.0	249.231	17.9198	124.767	14.0242	-1.34778	0.392632	-0.05	0.0	0.845398	0.0	3.0914	0.0	0.0381538	0.0	0.145944	0.0	0.03	0.0	1.492	0.04	1.733	0.07	0.0672579	0.0	2.57361e-05	0.000145696	0.153043	0.0278855	0.0999774	0.0	0.00921681	0.0	-0.00189478	0.00265444	2.02628	0.0	0.94997	0.0742714	0.703476	0.109136	0.999763	0.902042	0.380775	0.140123	0.0785632	0.0316453	0.145449	0.0311119	0.0798881	4.93669	-699.256	4.0	5.78402e-06	-2104.55	3.0	8.17459e-07	1.0	190.229	18.7745	59.0025	13.5427	0.236738	0.051603	1.10576	0.028714	
1.2-1.6	6.5-30.0	10.0-60.0	1.178-1.571	0.008	0.105	357.0	354.0	234.128	17.639	119.855	14.031	-0.372122	0.377096	-0.05	0.0	0.845398	0.0	3.0914	0.0	0.0381538	0.0	0.145944	0.0	0.03	0.0	1.492	0.04	1.733	0.07	0.0672579	0.0	3.08551e-05	0.00051849	0.207421	0.0368591	0.0999774	0.0	0.00921681	0.0	0.0040309	0.00271939	2.02628	0.0	1.00508	0.0739612	0.48091	0.151618	0.555303	0.284834	0.172002	0.283052	0.0776463	0.0315244	0.293383	0.104223	0.0353551	0.0305037	-612.814	4.0	7.40506e-07	-1966.37	3.0	1.26425e-05	1.0	176.825	16.9617	57.3037	11.352	0.244753	0.0448429	1.14877	0.0291202	
1.2-2.4	6.5-30.0	0.0-100.0	0.000-0.393	0.008	0.152	1746.0	1744.0	895.252	35.0135	848.943	34.3475	-0.135065	0.134887	-0.05	0.0	0.416253	0.0	3.09191	0.0	0.0558543	0.0	0.0347077	0.0	0.03	0.0	1.492	0.04	1.733	0.07	0.0447413	0.0	3.42723e-05	0.000135506	0.196365	0.018824	0.147506	0.0525668	0.00656579	0.00470592	0.002903	0.00137998	1.94036	0.171727	0.937877	0.0328309	0.340348	0.388596	0.666699	0.25417	0.0810566	0.992138	0.00837603	0.0158601	0.186982	0.031243	0.0638262	0.0258191	-2675.15	4.0	5.15448e-05	-12131.7	3.0	6.94191e-05	1.0	695.017	34.5269	200.235	22.684	0.223663	0.0237802	1.14246	0.041186	
1.2-2.4	6.5-30.0	0.0-100.0	0.000-1.571	0.008	0.128	6009.0	5989.0	3247.78	89.2587	2741.25	86.248	-0.307748	0.0824993	-0.05	0.0	0.416253	0.151081	3.09191	0.00102012	0.0558543	0.00610699	0.0347077	0.00296747	0.03	0.0	1.492	0.04	1.733	0.07	0.0447413	0.00172312	1.38621e-05	0.000134836	0.186651	0.00940455	0.186805	0.0404235	0.00562667	0.0022307	0.00268876	0.000761268	1.79346	0.0844886	0.950084	0.0187607	0.639089	0.102544	0.742847	0.305402	0.549228	0.091575	0.0454866	0.0255277	0.19522	0.0284032	0.102874	0.0556079	-9399.2	4.0	2.70131e-07	-49239.2	7.0	0.000134544	1.0	2489.7	80.1841	758.072	46.7078	0.233413	0.0128715	1.15538	0.0244746	
1.2-2.4	6.5-30.0	0.0-100.0	0.393-0.785	0.008	0.145	1541.0	1541.0	793.136	33.0777	747.801	32.3851	-0.588638	0.145478	-0.05	0.0	0.416253	0.0	3.09191	0.0	0.0558543	0.0	0.0347077	0.0	0.03	0.0	1.492	0.04	1.733	0.07	0.0447413	0.0	2.65486e-05	7.2402e-05	0.171793	0.0173973	0.215726	0.105061	0.00712779	0.00410469	0.00398639	0.00160656	1.7141	0.172696	0.968252	0.0405955	0.556611	0.163244	0.84007	0.123861	0.55618	0.136969	0.0372241	0.0221337	0.202265	0.0370391	0.204447	0.0978771	-2311.03	4.0	2.00146e-06	-10520.6	3.0	2.82508e-06	1.0	594.66	33.0565	198.476	23.3709	0.250242	0.0275564	1.17009	0.0541753	
1.2-2.4	6.5-30.0	0.0-100.0	0.785-1.178	0.008	0.152	1414.0	1414.0	791.555	32.6023	622.363	29.8967	-0.355098	0.158826	-0.05	0.0	0.416253	0.0	3.09191	0.0	0.0558543	0.0	0.0347077	0.0	0.03	0.0	1.492	0.04	1.733	0.07	0.0447413	0.0	1.03152e-05	0.00396442	0.19702	0.0231149	0.127095	0.057169	0.00999999	0.014517	0.00189119	0.00149395	1.93778	0.197975	1.05303	0.0401407	0.337565	0.720173	0.809873	0.833213	0.215909	0.960342	0.001	0.059022	0.186937	0.0306198	0.0528636	0.0303075	-2322.45	4.0	1.82638e-07	-9611.12	3.0	2.87205e-05	1.0	646.418	32.7921	145.137	20.0548	0.183357	0.0241843	1.20216	0.040453	
1.2-2.4	6.5-30.0	0.0-100.0	1.178-1.571	0.008	0.152	1308.0	1306.0	768.39	31.7268	537.584	27.853	-0.138307	0.170173	-0.05	0.0	0.416253	0.0	3.09191	0.0	0.0558543	0.0	0.0347077	0.0	0.03	0.0	1.492	0.04	1.733	0.07	0.0447413	0.0	3.88875e-05	0.000353399	0.188103	0.0175942	0.376887	0.131541	0.000173054	0.00284995	0.00200344	0.00177872	1.54336	0.106566	0.763697	0.0451011	0.981805	0.505867	0.279645	0.173822	0.427974	0.192448	0.00100269	1.35358	0.25792	0.0513571	0.0656743	0.0190927	-2104.4	4.0	1.41312e-06	-8829.87	3.0	7.1318e-06	1.0	557.051	30.7729	211.338	22.2281	0.275041	0.0266059	1.12301	0.0602277	
1.2-2.4	6.5-30.0	10.0-60.0	0.000-0.393	0.008	0.152	1135.0	1134.0	612.147	28.4986	521.824	26.8679	-0.234744	0.172424	-0.05	0.0	0.416253	0.0	3.09191	0.0	0.0558543	0.0	0.0336785	0.0	0.03	0.0	1.492	0.04	1.733	0.07	0.0442797	0.0	3.42723e-05	0.000135506	0.195121	0.0232326	0.186805	0.0	0.00562667	0.0	0.000459672	0.00163917	1.79346	0.0	0.883253	0.0362369	0.921912	3.01671	0.610933	3.29845	0.494269	3.68016	0.00347027	1.582	0.157745	0.0268765	0.0665171	0.0355925	-1881.55	4.0	6.75256e-05	-7453.2	3.0	6.52548e-06	1.0	480.842	28.4389	131.305	18.5747	0.214499	0.0286532	1.11142	0.011709	
1.2-2.4	6.5-30.0	10.0-60.0	0.000-1.571	0.008	0.16	3768.0	3766.0	2174.55	54.4347	1591.45	48.7854	-0.455945	0.0996826	-0.05	0.0	0.416253	0.0	3.09191	0.0	0.0558543	0.0	0.0336785	0.0015735	0.03	0.0	1.492	0.04	1.733	0.07	0.0442797	0.000349308	1.04253e-05	6.6059e-05	0.177695	0.0106943	0.186805	0.0	0.00562667	0.0	0.00307165	0.000944444	1.79346	0.0	0.923595	0.0225621	0.606798	0.0782843	0.921871	0.068346	0.521148	0.0806627	0.0437329	0.0125724	0.172676	0.0184698	0.197332	0.104728	-6219.01	4.0	6.71432e-05	-29428.6	4.0	2.40477e-07	1.0	1644.09	54.1342	530.456	37.5901	0.243939	0.0161719	1.13778	0.00744679	
1.2-2.4	6.5-30.0	10.0-60.0	0.393-0.785	0.008	0.145	959.0	959.0	531.981	26.5824	426.953	24.5286	-0.59177	0.192946	-0.05	0.0	0.416253	0.0	3.09191	0.0	0.0558543	0.0	0.0336785	0.0	0.03	0.0	1.492	0.04	1.733	0.07	0.0442797	0.0	2.65486e-05	7.2402e-05	0.154041	0.0188429	0.186805	0.0	0.00562667	0.0	0.00544995	0.00197752	1.79346	0.0	0.972054	0.0475668	0.637264	0.244059	0.799802	0.16082	0.618315	0.156285	0.035691	0.0273168	0.211039	0.0561911	0.251774	0.132719	-1538.96	4.0	1.19895e-07	-6155.75	3.0	9.80742e-06	1.0	389.742	27.1538	142.239	20.2132	0.267376	0.0355696	1.17014	0.0160664	
1.2-2.4	6.5-30.0	10.0-60.0	0.785-1.178	0.008	0.152	856.0	856.0	530.772	26.0657	325.21	21.7679	-0.785961	0.224115	-0.05	0.0	0.416253	0.0	3.09191	0.0	0.0558543	0.0	0.0336785	0.0	0.03	0.0	1.492	0.04	1.733	0.07	0.0442797	0.0	1.03152e-05	0.00396442	0.164682	0.0213031	0.186805	0.0	0.00562667	0.0	0.00096788	0.00206013	1.79346	0.0	0.942455	0.0508116	0.771017	0.279861	0.622542	0.76223	0.357491	0.189471	0.0605232	0.0301397	0.152174	0.0393515	0.053982	0.0302903	-1482.41	4.0	4.95339e-05	-5468.86	3.0	6.96861e-06	1.0	411.484	27.0065	119.288	18.8499	0.224744	0.0337556	1.15028	0.0169271	
1.2-2.4	6.5-30.0	10.0-60.0	1.178-1.571	0.008	0.152	818.0	817.0	503.139	25.5544	313.816	21.5342	-0.308215	0.223606	-0.05	0.0	0.416253	0.0	3.09191	0.0	0.0558543	0.0	0.0336785	0.0	0.03	0.0	1.492	0.04	1.733	0.07	0.0442797	0.0	3.88875e-05	0.000353399	0.188714	0.0213022	0.186805	0.0	0.00562667	0.0	0.00152796	0.00197793	1.79346	0.0	0.830014	0.053489	0.658712	0.241508	0.308059	0.170462	0.0998078	0.198821	0.0567864	0.0328083	0.268566	0.0698279	0.0362351	0.0135459	-1334.98	4.0	9.78939e-07	-5169.18	3.0	5.25604e-06	1.0	353.625	25.0261	149.514	19.0103	0.297163	0.034638	1.07754	0.0167526	
1.6-2.4	3.0-6.5	0.0-100.0	0.000-0.393	0.016	0.232	4349.0	4348.0	931.09	46.1548	3416.85	67.9355	-0.198135	0.0666959	-0.05	0.0	5.95352e-07	0.0	3.09091	0.0	0.0596371	0.0	0.0512291	0.0	0.03	0.0	1.86	0.19	1.38	0.32	0.0512291	0.0	0.000149401	0.0117133	0.246784	0.0427855	0.473976	0.263955	-0.00707842	0.0107562	0.00805464	0.00181652	1.54049	0.193925	0.786024	0.0257691	0.999918	7.52034	0.827607	0.33495	0.68731	0.758497	0.00105638	11.1202	0.113729	0.202683	0.354918	0.112001	-4196.7	4.0	2.03759e-07	-32826.2	3.0	1.81032e-05	1.0	822.082	48.3268	109.009	26.5335	0.117076	0.0279	1.20408	0.112831	
1.6-2.4	3.0-6.5	0.0-100.0	0.000-1.571	0.016	0.264	16114.0	16114.0	3318.5	41.1713	12795.5	60.9647	-0.16965	0.0193883	-0.05	0.0	5.95352e-07	0.503964	3.09091	0.000811192	0.0596371	0.569346	0.0512291	0.00138212	0.03	0.0	1.86	0.19	1.38	0.32	0.0512291	0.00069106	1.10324e-05	0.0465138	0.225113	0.0182867	0.306676	0.207312	-0.00606766	0.0158233	0.00921364	0.000831057	1.65447	0.204252	0.947059	0.0118521	0.995121	0.544627	0.809596	0.0857757	0.760267	0.0567989	0.00102395	1.06547	0.133417	0.0134594	0.33103	0.0348638	-15428.4	4.0	7.40774e-07	-142681.0	7.0	9.17262e-05	1.0	2845.6	63.0035	472.898	52.5116	0.142504	0.0157248	1.20885	0.0898525	
1.6-2.4	3.0-6.5	0.0-100.0	0.393-0.785	0.016	0.264	4191.0	4191.0	831.767	45.1279	3359.23	67.556	-0.256385	0.0673065	-0.05	0.0	5.95352e-07	0.0	3.09091	0.0	0.0596371	0.0	0.0512291	0.0	0.03	0.0	1.86	0.19	1.38	0.32	0.0512291	0.0	0.000104776	0.00436801	0.232253	0.0335483	0.434071	0.259887	-0.00999985	0.0153683	0.01	0.00615241	1.61272	0.231443	0.839507	0.0250568	0.999937	6.37713	0.839322	0.531758	0.721685	0.897182	0.00100002	4.87001	0.124508	0.170126	0.294226	0.101848	-3864.58	4.0	4.90273e-07	-31444.9	3.0	9.41495e-08	1.0	693.193	46.5111	138.574	28.3785	0.166602	0.0328991	1.23605	0.119382	
1.6-2.4	3.0-6.5	0.0-100.0	0.785-1.178	0.016	0.24	3896.0	3895.0	750.524	42.8339	3144.47	65.027	-0.225205	0.0694391	-0.05	0.0	5.95352e-07	0.0	3.09091	0.0	0.0596371	0.0	0.0512291	0.0	0.03	0.0	1.86	0.19	1.38	0.32	0.0512291	0.0	2.10511e-05	0.000549047	0.206738	0.0348488	0.0818643	0.0702753	-0.01	0.0192987	0.01	0.00408913	2.29979	0.540786	1.05042	0.0203753	0.230011	0.710517	0.949635	0.152627	0.00786917	10.3959	0.00481786	0.0180599	0.121679	0.026829	0.281283	0.0832805	-3696.5	4.0	1.72829e-06	-28932.0	3.0	3.30491e-08	1.0	630.519	44.2514	120.005	26.649	0.159894	0.0343145	1.20251	0.0748237	
1.6-2.4	3.0-6.5	0.0-100.0	1.178-1.571	0.016	0.24	3678.0	3678.0	804.79	42.7227	2873.2	62.3986	0.0265452	0.0725199	-0.05	0.0	5.95352e-07	0.0	3.09091	0.0	0.0596371	0.0	0.0512291	0.0	0.03	0.0	1.86	0.19	1.38	0.32	0.0512291	0.0	3.20725e-05	0.0130815	0.240002	0.042844	0.862746	0.0705318	0.0058369	0.00486993	0.00999989	0.0190939	1.3149	0.0586406	0.600003	0.0539993	0.795135	0.0802938	0.965536	0.0165491	0.787956	0.0371376	0.124286	0.0475966	0.159658	0.0209565	4.99998	4.17221	-3678.24	4.0	1.13706e-05	-27162.3	3.0	1.62889e-05	1.0	718.093	43.7828	86.6974	22.0218	0.107727	0.0267592	1.24139	0.0331544	
1.6-2.4	3.0-6.5	10.0-60.0	0.000-0.393	0.016	0.209	2532.0	2532.0	658.065	36.6492	1873.93	50.586	-0.248448	0.0903608	-0.05	0.0	5.95352e-07	0.0	3.09091	0.0	0.0596371	0.0	0.0513315	0.0	0.03	0.0	1.86	0.19	1.38	0.32	0.0513315	0.0	0.000129268	0.000932346	0.237569	0.0501657	0.306676	0.0	-0.00606766	0.0	0.00828804	0.0019699	1.65447	0.0	0.912033	0.0287823	0.997725	0.666775	0.817168	0.0724677	0.742919	0.0443823	0.00134582	0.988309	0.119901	0.0210281	0.332822	0.101385	-2630.98	4.0	1.94142e-05	-17820.0	3.0	3.74882e-08	1.0	595.663	38.0382	62.4023	18.9335	0.094827	0.0282826	1.19003	0.0076469	
1.6-2.4	3.0-6.5	10.0-60.0	0.000-1.571	0.016	0.209	8921.0	8919.0	2184.03	78.309	6734.95	103.348	-0.163089	0.0476539	-0.05	0.0	5.95352e-07	0.0	3.09091	0.0	0.0596371	0.0	0.0513315	0.00199231	0.03	0.0	1.86	0.19	1.38	0.32	0.0513315	0.000996152	2.44459e-05	0.000226863	0.225092	0.0208871	0.306676	0.0	-0.00606766	0.0	0.00847272	0.00107429	1.65447	0.0	0.926165	0.0151756	0.99671	0.995401	0.776736	0.143133	0.763929	0.0909723	0.00101999	0.893708	0.12596	0.0122995	0.266426	0.046562	-9164.68	4.0	1.7858e-06	-73905.4	4.0	6.50188e-06	1.0	1880.51	77.6025	303.521	39.9286	0.138973	0.0175899	1.19757	0.00406855	
1.6-2.4	3.0-6.5	10.0-60.0	0.393-0.785	0.016	0.209	2337.0	2335.0	559.174	34.9131	1775.81	49.3506	-0.226777	0.0926249	-0.05	0.0	5.95352e-07	0.0	3.09091	0.0	0.0596371	0.0	0.0513315	0.0	0.03	0.0	1.86	0.19	1.38	0.32	0.0513315	0.0	0.000185134	0.00079819	0.219634	0.0320391	0.306676	0.0	-0.00606766	0.0	0.00693247	0.00210142	1.65447	0.0	0.8934	0.0298351	0.72715	1.16541	0.822071	1.58189	0.654363	1.76288	0.00100057	0.233795	0.109473	0.0272777	0.197228	0.0668013	-2381.56	4.0	4.1248e-05	-16209.0	3.0	2.6363e-07	1.0	442.622	35.7377	116.553	23.799	0.208437	0.0405225	1.18019	0.00782942	
1.6-2.4	3.0-6.5	10.0-60.0	0.785-1.178	0.016	0.2	2140.0	2140.0	455.39	32.3548	1684.57	47.7034	-0.206806	0.0949557	-0.05	0.0	5.95352e-07	0.0	3.09091	0.0	0.0596371	0.0	0.0513315	0.0	0.03	0.0	1.86	0.19	1.38	0.32	0.0513315	0.0	3.10689e-05	0.000375227	0.200051	0.0384976	0.306676	0.0	-0.00606766	0.0	0.00999999	0.00138875	1.65447	0.0	0.889358	0.0302016	0.229274	0.258399	0.928993	0.094181	7.71023e-05	0.840218	0.00465575	0.00770625	0.120271	0.0404022	0.240004	0.068727	-2138.67	4.0	1.02555e-05	-14637.6	3.0	1.32734e-05	1.0	379.561	33.2806	75.8282	20.2334	0.166513	0.042827	1.17807	0.00790392	
1.6-2.4	3.0-6.5	10.0-60.0	1.178-1.571	0.016	0.2	1912.0	1911.0	512.832	32.2304	1398.19	43.8625	0.0877648	0.104192	-0.05	0.0	5.95352e-07	0.0	3.09091	0.0	0.0596371	0.0	0.0513315	0.0	0.03	0.0	1.86	0.19	1.38	0.32	0.0513315	0.0	1.12763e-05	0.178932	0.248959	0.0526751	0.306676	0.0	-0.00606766	0.0	0.00874982	0.002248	1.65447	0.0	0.988851	0.0325107	0.999862	0.212761	0.802561	0.126531	0.832038	0.0383644	0.00437839	0.950902	0.151417	0.0289541	0.291296	0.124416	-2037.74	4.0	1.46946e-06	-12922.7	3.0	5.49331e-05	1.0	460.774	32.6724	52.058	15.4785	0.101511	0.0295004	1.23183	0.00904717	
1.6-2.4	6.5-30.0	0.0-100.0	0.000-0.393	0.008	0.152	984.0	983.0	477.028	26.3051	506.024	26.8516	-0.215802	0.175086	-0.05	0.0	0.435534	0.0	3.09106	0.0	0.0640022	0.0	0.0359023	0.0	0.03	0.0	1.492	0.04	1.733	0.07	0.0501164	0.0	3.15307e-05	0.000173778	0.214286	0.0285182	0.171695	0.085994	0.00507026	0.00583142	0.00312627	0.00182981	1.8838	0.229153	0.935259	0.0412054	0.722622	0.619374	0.622509	0.799601	0.675464	0.789454	0.00101069	0.301143	0.227066	0.0516846	0.114312	0.0548732	-1441.56	4.0	4.7026e-06	-6210.49	3.0	2.23335e-05	1.0	374.386	25.6041	102.642	16.1674	0.215169	0.0317472	1.15491	0.0608135	
1.6-2.4	6.5-30.0	0.0-100.0	0.000-1.571	0.008	0.152	3320.0	3318.0	1780.5	67.264	1537.55	65.3433	-0.439953	0.111589	-0.05	0.0	0.435534	0.201188	3.09106	0.00151343	0.0640022	0.0090318	0.0359023	0.00548204	0.03	0.0	1.492	0.04	1.733	0.07	0.0501164	0.00274546	1.37144e-05	0.000327844	0.188275	0.01329	0.337019	0.0765519	0.00343684	0.00197833	0.00220816	0.00120585	1.60396	0.0792233	0.881209	0.0273114	0.725059	0.889855	0.641872	1.04698	0.595525	1.06047	0.00100048	0.211566	0.19497	0.0236504	0.108794	0.0306435	-4999.32	4.0	1.02504e-07	-25191.6	7.0	1.07934e-05	1.0	1380.33	60.8899	400.171	34.8839	0.224752	0.0176568	1.17553	0.0351133	
1.6-2.4	6.5-30.0	0.0-100.0	0.393-0.785	0.008	0.145	835.0	835.0	437.603	24.8228	397.498	24.0004	-0.904086	0.2039	-0.05	0.0	0.435534	0.0	3.09106	0.0	0.0640022	0.0	0.0359023	0.0	0.03	0.0	1.492	0.04	1.733	0.07	0.0501164	0.0	1.91191e-05	0.000301555	0.179217	0.0250177	0.653479	0.0874734	0.00512757	0.00198312	0.001717	0.00409753	1.36098	0.0597214	0.84149	0.107335	0.998596	0.682422	0.802948	0.149958	0.712847	0.0821603	0.0010175	1.24286	0.158798	0.0399305	0.22213	0.131154	-1187.97	4.0	2.16966e-06	-5175.54	3.0	2.53137e-05	1.0	331.386	24.8557	106.217	17.3423	0.242725	0.0371615	1.20656	0.032905	
1.6-2.4	6.5-30.0	0.0-100.0	0.785-1.178	0.008	0.145	785.0	785.0	436.973	24.5637	347.994	22.6813	-0.441007	0.213285	-0.05	0.0	0.435534	0.0	3.09106	0.0	0.0640022	0.0	0.0359023	0.0	0.03	0.0	1.492	0.04	1.733	0.07	0.0501164	0.0	1.00081e-05	0.000130579	0.17673	0.0291108	0.283905	0.121121	0.00876046	0.0144238	0.00195458	0.00254319	1.63893	0.152102	1.08331	0.0627157	0.3682	0.0192066	0.999995	3.58157	0.492475	0.0267877	0.00155706	0.00383071	0.196402	0.00888115	0.0207705	17.8464	-1236.37	4.0	1.6754e-05	-4846.69	3.0	1.1686e-05	1.0	360.212	24.8941	76.7619	15.1105	0.175667	0.0331399	1.26609	0.0495876	
1.6-2.4	6.5-30.0	0.0-100.0	1.178-1.571	0.008	0.152	716.0	715.0	431.637	23.9971	283.339	20.6786	-0.197771	0.235162	-0.05	0.0	0.435534	0.0	3.09106	0.0	0.0640022	0.0	0.0359023	0.0	0.03	0.0	1.492	0.04	1.733	0.07	0.0501164	0.0	2.89134e-05	0.000256279	0.178871	0.0223129	0.350351	0.133684	-0.00427118	0.00495361	0.00158155	0.00223764	1.6055	0.129976	0.686328	0.054562	0.771338	0.313544	0.61366	0.745923	0.391415	0.245047	0.0723817	0.0733662	0.1737	0.0428045	0.0339204	0.037634	-1146.39	4.0	3.14959e-05	-4393.01	3.0	9.46456e-06	1.0	309.593	23.6991	122.044	17.6475	0.282747	0.0377424	1.09959	0.0729871	
1.6-2.4	6.5-30.0	10.0-60.0	0.000-0.393	0.008	0.152	620.0	620.0	318.2	21.0592	301.766	20.6676	-0.329644	0.227385	-0.05	0.0	0.435534	0.0	3.09106	0.0	0.0640022	0.0	0.0349399	0.0	0.03	0.0	1.492	0.04	1.733	0.07	0.049731	0.0	3.15307e-05	0.000173778	0.207404	0.0333348	0.337019	0.0	0.00343684	0.0	0.000787511	0.00218046	1.60396	0.0	0.742575	0.0457593	0.934484	0.605504	0.852532	0.278706	0.725935	0.347814	0.00100058	1.07954	0.172393	0.0411948	0.128181	0.159048	-1002.76	4.0	4.30994e-05	-3659.46	3.0	8.51677e-05	1.0	248.301	20.4758	69.8986	13.0619	0.219669	0.0383885	1.11024	0.0101455	
1.6-2.4	6.5-30.0	10.0-60.0	0.000-1.571	0.008	0.16	2085.0	2084.0	1191.6	40.8941	892.405	37.0562	-0.565619	0.134077	-0.05	0.0	0.435534	0.0	3.09106	0.0	0.0640022	0.0	0.0349399	0.00230755	0.03	0.0	1.492	0.04	1.733	0.07	0.0497309	0.000457565	3.34301e-05	6.81326e-05	0.179003	0.0145309	0.337019	0.0	0.00343684	0.0	0.00274072	0.00140466	1.60396	0.0	0.781606	0.0321061	0.656319	0.186748	0.95395	0.043886	0.51788	0.146752	0.0333508	0.0160195	0.146169	0.0190883	0.269625	0.154877	-3323.46	4.0	2.43617e-05	-14964.0	4.0	1.29532e-07	1.0	894.352	40.7125	297.248	28.6272	0.249452	0.0224471	1.12786	0.00737551	
1.6-2.4	6.5-30.0	10.0-60.0	0.393-0.785	0.008	0.145	523.0	523.0	296.479	20.0176	226.508	18.1858	-0.892721	0.27042	-0.05	0.0	0.435534	0.0	3.09106	0.0	0.0640022	0.0	0.0349399	0.0	0.03	0.0	1.492	0.04	1.733	0.07	0.049731	0.0	1.91191e-05	0.000301555	0.149059	0.0275931	0.337019	0.0	0.00343684	0.0	0.00244766	0.00302723	1.60396	0.0	0.823396	0.071626	0.784519	0.272542	0.880678	0.125343	0.36342	0.239548	0.037721	0.0373118	0.120228	0.0272725	0.256562	0.158489	-817.13	4.0	3.95061e-05	-3030.35	3.0	2.95747e-06	1.0	222.507	21.6813	73.9716	16.4112	0.2495	0.052728	1.1474	0.0170386	
1.6-2.4	6.5-30.0	10.0-60.0	0.785-1.178	0.008	0.145	481.0	481.0	293.263	19.6277	187.656	16.7216	-0.620694	0.292992	-0.05	0.0	0.435534	0.0	3.09106	0.0	0.0640022	0.0	0.0349399	0.0	0.03	0.0	1.492	0.04	1.733	0.07	0.049731	0.0	1.00081e-05	0.000130579	0.174334	0.0299485	0.337019	0.0	0.00343684	0.0	0.00574021	0.00343119	1.60396	0.0	0.972291	0.0845991	0.999999	0.784896	0.601427	0.137483	0.642028	0.0807577	0.141232	1.18333	0.164085	0.0291722	0.0200156	0.0839499	-785.797	4.0	1.65899e-05	-2773.12	3.0	4.9698e-05	1.0	227.684	19.7584	65.5785	13.3207	0.223617	0.0428861	1.22221	0.0223094	
1.6-2.4	6.5-30.0	10.0-60.0	1.178-1.571	0.008	0.152	461.0	460.0	285.875	19.4615	174.113	16.3395	-0.496381	0.301976	-0.05	0.0	0.435534	0.0	3.09106	0.0	0.0640022	0.0	0.0349399	0.0	0.03	0.0	1.492	0.04	1.733	0.07	0.049731	0.0	2.89134e-05	0.000256279	0.178767	0.0248872	0.337019	0.0	0.00343684	0.0	-0.000723553	0.00255303	1.60396	0.0	0.619723	0.0661338	0.980627	0.0992808	0.181525	0.072368	0.000708418	0.215838	0.00149773	0.13219	0.225997	0.0725795	0.0240294	0.00693695	-737.962	4.0	5.39977e-06	-2631.87	3.0	3.73339e-06	1.0	189.689	18.7049	96.1859	15.0331	0.336461	0.0473357	1.05909	0.012828	
