v2W_ctau2mm
rap	pT	cent	dPhi	ctauErrMin	ctauErrMax	NoCutEntry	CutEntry	NSig	NSigErr	NBkg	NBkgErr	coefExp	coefExpErr	coefPol1	coefPol1Err	coeffGaus	coeffGausErr	meanSig1	meanSig1Err	sigmaSig1	sigmaSig1Err	sigmaSig2	sigmaSig2Err	sigmaSig3	sigmaSig3Err	alpha	alphaErr	enne	enneErr	enneW	enneWErr	sigWidth	sigWidthErr	Gmc	GmcErr	bTau	bTauErr	fracRes	fracResErr	meanResSigW	meanResSigWErr	meanResSigN	meanResSigNErr	sigmaResSigW	sigmaResSigWErr	sigmaResSigN	sigmaResSigNErr	fpm	fpmErr	fLiving	fLivingErr	fbkgCtTot	fbkgCtTotErr	lambdam	lambdamErr	lambdap	lambdapErr	lambdasym	lambdasymErr	NLL	nFitPar	EDM	NLLMass	nFitParMass	EDMMass	Prob	PROMPT	PROMPTErr	NON-PROMPT	NON-PROMPTErr	Bfraction	BfractionErr	Resolution	ResolutionErr	
0.0-1.2	6.5-30.0	0.0-100.0	0.000-0.393	0.008	0.088	5358.0	5354.0	3443.67	129.897	1911.1	101.099	0.2639	0.18766	-0.05	0.0	0.509922	0.0	3.0925	0.0	0.0193556	0.0	0.035422	0.0	0.03	0.0	1.492	0.04	5.0	0.0	1.733	0.07	0.0283892	0.0	2.21795e-05	1.43176	0.413265	0.0824787	0.245908	0.0821935	-0.000109909	0.00257936	0.00128809	0.00124648	1.688	0.125228	0.886243	0.033919	0.702288	1.38025	0.72872	1.22976	0.545008	0.555046	0.038211	0.12395	0.250211	0.161804	0.134146	0.292153	-16763.3	4.0	7233.35	-191614.0	3.0	9.16869	1.0	2250.43	131.527	1193.24	110.088	0.346503	0.0291741	1.13708	0.0448654	
0.0-1.2	6.5-30.0	0.0-100.0	0.000-1.571	0.008	0.105	20032.0	20028.0	12472.9	319.97	7554.55	287.741	0.0232966	0.157491	-0.05	0.0	0.509922	0.406819	3.0925	0.000751716	0.0193556	0.00418115	0.035422	0.0138965	0.03	0.0	1.492	0.04	5.0	0.0	1.733	0.07	0.0283892	0.00431045	1.87255e-05	2.6751e-05	0.394709	0.0508407	0.236177	0.079527	5.83622e-05	0.00144617	0.00098017	0.00065225	1.60413	0.0920545	0.895728	0.0189866	0.609083	0.204874	0.935463	0.0894356	0.464732	0.173191	0.0596361	0.0379763	0.219896	0.0335244	1.22247	5.93047	-14237.2	4.0	46534.6	-842487.0	7.0	1087300.0	1.0	8480.47	302.869	3992.47	234.289	0.320091	0.0168939	1.1048	0.0360461	
0.0-1.2	6.5-30.0	0.0-100.0	0.393-0.785	0.008	0.096	5191.0	5189.0	3202.96	118.964	1986.54	95.9234	-0.0795724	0.169581	-0.05	0.0	0.509922	0.0	3.0925	0.0	0.0193556	0.0	0.035422	0.0	0.03	0.0	1.492	0.04	5.0	0.0	1.733	0.07	0.0283892	0.0	1.00937e-05	0.00103092	0.393504	0.0900796	0.0755589	0.0712515	0.0054884	0.00636296	-0.000660911	0.00117668	1.88269	0.329588	0.994044	0.0385999	0.633022	2.20274	0.893443	20.4121	0.328031	2.98954	0.0602741	0.13691	0.167065	0.240802	0.0447752	0.137262	-17426.1	4.0	5972.75	-159548.0	3.0	76.5142	1.0	2226.53	129.613	976.426	106.188	0.304851	0.0311596	1.08687	0.0498685	
0.0-1.2	6.5-30.0	0.0-100.0	0.785-1.178	0.008	0.08	5010.0	5005.0	3111.38	136.052	1894.6	119.193	0.0744563	0.240478	-0.05	0.0	0.509922	0.0	3.0925	0.0	0.0193556	0.0	0.035422	0.0	0.03	0.0	1.492	0.04	5.0	0.0	1.733	0.07	0.0283892	0.0	4.10143e-05	0.000107112	0.453107	0.165361	0.187448	0.146811	0.00147636	0.00343833	0.0013882	0.00137618	1.59152	0.210616	0.896768	0.0390248	0.616614	5.62204	0.577599	1.96841	0.396024	3.29927	0.0309456	0.3497	0.455078	0.39975	0.103884	0.0572585	25303.3	4.0	34845.1	-251628.0	3.0	1360.68	1.0	2052.13	151.449	1059.25	130.499	0.340444	0.0392117	1.06219	0.0679868	
0.0-1.2	6.5-30.0	0.0-100.0	1.178-1.571	0.008	0.088	4472.0	4470.0	2710.3	100.139	1759.89	95.9378	-0.178696	0.22321	-0.05	0.0	0.509922	0.0	3.0925	0.0	0.0193556	0.0	0.035422	0.0	0.03	0.0	1.492	0.04	5.0	0.0	1.733	0.07	0.0283892	0.0	1.37041e-05	2.80645	0.274686	0.037997	0.822701	0.0724277	-0.00109986	0.000962734	-0.000115745	0.00352655	1.28762	0.0347594	0.6	0.208265	0.685589	0.118522	0.830187	0.226938	0.477146	0.12947	0.0522164	0.0275452	0.202659	0.0474282	1.48573	7.70802	-14139.8	4.0	1054.96	-118483.0	3.0	1578.61	1.0	1934.05	96.5213	776.257	70.9412	0.28641	0.0239401	1.19492	0.0266491	
0.0-1.2	6.5-30.0	10.0-60.0	0.000-0.393	0.008	0.073	3233.0	3227.0	2176.37	97.1472	1051.41	68.6637	0.147009	0.220267	-0.05	0.0	0.509922	0.0	3.0925	0.0	0.0193556	0.0	0.0354438	0.0	0.03	0.0	1.492	0.04	5.0	0.0	1.733	0.07	0.0284025	0.0	1.05857e-05	4.67892e-05	0.381415	0.0826393	0.236177	0.0	5.83622e-05	0.0	-0.00142946	0.00139611	1.60413	0.0	0.874248	0.0426392	0.989599	73.4945	0.469576	7.25262	0.43145	7.5915	0.00101946	18.1626	0.244525	0.077239	0.0463124	0.033956	-10404.6	4.0	3851.23	-98258.6	3.0	74.1456	1.0	1423.75	98.4339	752.624	82.3345	0.345816	0.0345386	1.09157	0.0130423	
0.0-1.2	6.5-30.0	10.0-60.0	0.000-1.571	0.008	0.105	12164.0	12160.0	8160.54	212.006	4000.03	160.282	0.0635032	0.175722	-0.05	0.0	0.509922	0.0	3.0925	0.0	0.0193556	0.0	0.0354438	0.000513711	0.03	0.0	1.492	0.04	5.0	0.0	1.733	0.07	0.0284025	0.000157086	1.87255e-05	2.6751e-05	0.428422	0.0760813	0.236177	0.0	5.83622e-05	0.0	0.000343074	0.000771442	1.60413	0.0	0.859166	0.0219668	0.555966	0.54869	0.918847	0.206233	0.367481	0.56261	0.0478404	0.0593183	0.211503	0.0430069	4.2152	150.497	6830.76	4.0	40005.7	-530614.0	4.0	1190140.0	1.0	5539.48	224.567	2621.06	185.355	0.321187	0.0211253	1.08239	0.00665921	
0.0-1.2	6.5-30.0	10.0-60.0	0.393-0.785	0.008	0.073	3229.0	3227.0	2170.25	99.8019	1056.89	71.9441	0.113798	0.242375	-0.05	0.0	0.509922	0.0	3.0925	0.0	0.0193556	0.0	0.0354438	0.0	0.03	0.0	1.492	0.04	5.0	0.0	1.733	0.07	0.0284025	0.0	2.45136e-05	0.0594659	0.450004	0.153786	0.236177	0.0	5.83622e-05	0.0	3.53034e-05	0.00147082	1.60413	0.0	0.863216	0.0507073	0.540136	0.0198803	0.99999	7.56087	0.228308	0.0251571	0.048844	0.0029172	0.165028	0.00828546	0.0647993	27.9909	-12241.4	4.0	4656.95	-100288.0	3.0	119.109	1.0	1566.79	108.457	603.458	85.6834	0.27806	0.0373529	1.08485	0.0154093	
0.0-1.2	6.5-30.0	10.0-60.0	0.785-1.178	0.008	0.064	2969.0	2963.0	2025.36	119.889	938.354	90.7203	0.0484289	0.416457	-0.05	0.0	0.509922	0.0	3.0925	0.0	0.0193556	0.0	0.0354438	0.0	0.03	0.0	1.492	0.04	5.0	0.0	1.733	0.07	0.0284025	0.0	3.78823e-05	8.58329e-05	0.531413	0.290727	0.236177	0.0	5.83622e-05	0.0	0.00294538	0.00174916	1.60413	0.0	0.80667	0.0378663	0.411335	2.4992	0.747903	0.873098	0.147971	3.8103	0.0144931	0.151012	0.69686	0.772311	0.110352	0.094062	26560.8	4.0	29770.4	-178233.0	3.0	1351.87	1.0	1305.71	122.304	719.653	103.919	0.35532	0.0467998	1.05108	0.0110988	
0.0-1.2	6.5-30.0	10.0-60.0	1.178-1.571	0.008	0.064	2732.0	2728.0	1776.46	82.6002	952.047	77.0776	-0.0714049	0.37289	-0.05	0.0	0.509922	0.0	3.0925	0.0	0.0193556	0.0	0.0354438	0.0	0.03	0.0	1.492	0.04	5.0	0.0	1.733	0.07	0.0284025	0.0	2.4668e-05	4.15522	0.301834	0.0516457	0.236177	0.0	5.83622e-05	0.0	-0.00196921	0.00178081	1.60413	0.0	0.865191	0.0375679	0.581261	0.374631	0.84355	0.172776	0.283384	0.538663	0.0507438	0.0272157	0.141004	0.0624743	4.99981	259.974	-8039.3	4.0	1194.84	-72923.8	3.0	2018.97	1.0	1216.64	79.4906	559.818	61.6126	0.315131	0.0314356	1.08605	0.0114299	
0.0-2.4	10.0-13.0	0.0-100.0	0.000-0.393	0.016	0.08	1642.0	1634.0	1185.31	56.0588	449.613	36.9787	0.153317	0.256476	-0.05	0.0	0.496672	0.0	3.09221	0.0	0.0422144	0.0	0.0218492	0.0	0.03	0.0	1.492	0.04	5.0	0.0	1.733	0.07	0.0335467	0.0	1.71938e-05	0.0002901	0.350018	0.0786932	0.274398	0.109498	-0.00249292	0.00355003	0.00113688	0.00152094	1.69599	0.15967	0.833513	0.0426325	0.810557	0.0518018	0.999986	14.744	0.552084	0.0222059	0.121554	0.0188858	0.202525	0.0136561	0.158606	67.2625	-3918.9	4.0	1066.54	-28094.7	3.0	11.7013	1.0	794.562	55.6635	390.745	45.0309	0.329657	0.0346444	1.13727	0.0628757	
0.0-2.4	10.0-13.0	0.0-100.0	0.000-1.571	0.008	0.136	6519.0	6517.0	4717.19	257.604	1800.73	198.006	-0.740206	0.251527	-0.05	0.0	0.496672	0.344683	3.09221	0.00183961	0.0422144	0.00551392	0.0218492	0.00763381	0.03	0.0	1.492	0.04	5.0	0.0	1.733	0.07	0.0335467	0.00212949	1.21637e-05	1.85867	0.4028	0.0769877	0.294117	0.0867943	0.000270012	0.00176522	0.000229834	0.000900452	1.60695	0.0922641	0.796313	0.0253691	0.878267	0.301346	0.526531	0.234396	4.43315e-08	8.88855	0.0869253	0.100844	0.286902	0.0638358	0.0269681	0.0174085	-7928.2	4.0	12768.1	-178481.0	7.0	55047.8	1.0	3184.61	207.975	1532.57	141.468	0.324891	0.0241786	1.09868	0.0437756	
0.0-2.4	10.0-13.0	0.0-100.0	0.393-0.785	0.008	0.088	1675.0	1674.0	1238.73	72.8436	435.383	40.6975	-0.8209	0.275287	-0.05	0.0	0.496672	0.0	3.09221	0.0	0.0422144	0.0	0.0218492	0.0	0.03	0.0	1.492	0.04	5.0	0.0	1.733	0.07	0.0335467	0.0	1.60627e-05	0.00013147	0.457193	0.199744	0.680848	0.179328	0.0030049	0.00163927	-0.00171273	0.00232066	1.30469	0.0810495	0.606723	0.0608668	0.838173	0.00420664	1.0	141.306	0.4119	0.00436143	0.0486869	0.000649513	0.204661	0.00165601	0.0348457	359.219	-2870.29	4.0	4600.63	-45885.3	3.0	543.159	1.0	825.2	78.6108	413.535	66.4549	0.333836	0.0499266	1.12979	0.0620079	
0.0-2.4	10.0-13.0	0.0-100.0	0.785-1.178	0.008	0.105	1617.0	1616.0	1172.28	77.1173	444.176	48.928	-1.26878	0.375347	-0.05	0.0	0.496672	0.0	3.09221	0.0	0.0422144	0.0	0.0218492	0.0	0.03	0.0	1.492	0.04	5.0	0.0	1.733	0.07	0.0335467	0.0	8.5376e-05	0.000184274	0.501044	0.291774	0.118034	0.0934839	0.00630016	0.00594207	0.000438316	0.00229367	1.90173	0.316188	0.962195	0.0708146	0.827519	0.752903	0.999994	753.364	0.313632	3.46803	0.064025	0.491495	0.407955	0.207805	0.0340049	2057.22	-11.0972	4.0	5569.64	-50830.4	3.0	413.894	1.0	793.453	90.8573	378.826	78.4322	0.323153	0.0634386	1.11509	0.0701377	
0.0-2.4	10.0-13.0	0.0-100.0	1.178-1.571	0.008	0.088	1583.0	1568.0	1117.74	54.1321	451.035	37.4325	-1.02915	0.283141	-0.05	0.0	0.496672	0.0	3.09221	0.0	0.0422144	0.0	0.0218492	0.0	0.03	0.0	1.492	0.04	5.0	0.0	1.733	0.07	0.0335467	0.0	1.34644e-05	0.00253279	0.318197	0.0669767	0.547296	0.182925	-0.00213568	0.00229779	0.00285579	0.00240573	1.46442	0.108951	0.721624	0.0647314	1.0	329.223	0.521739	0.0188119	0.0926256	0.0119054	0.0689043	263.26	0.261048	0.00471598	0.0428325	0.00105727	-3847.0	4.0	675.002	-25781.8	3.0	15.9564	1.0	771.447	54.6897	346.296	43.3173	0.309817	0.0357318	1.1872	0.073104	
0.0-2.4	10.0-13.0	10.0-60.0	0.000-0.393	0.016	0.08	1072.0	1067.0	783.945	42.6487	283.58	28.8619	0.143344	0.321291	-0.05	0.0	0.496672	0.0	3.09221	0.0	0.0422144	0.0	0.0221506	0.0	0.03	0.0	1.492	0.04	5.0	0.0	1.733	0.07	0.033646	0.0	1.71938e-05	0.0002901	0.288145	0.0563581	0.294117	0.0	0.000270012	0.0	0.000149445	0.00177144	1.60695	0.0	0.748809	0.0507335	0.838803	0.0859043	0.99999	40.0619	0.517879	0.0289782	0.138058	0.034607	0.21265	0.017596	0.162036	147.918	-2519.58	4.0	357.439	-15422.5	3.0	11.9122	1.0	508.563	40.7269	275.381	33.4313	0.351277	0.0381233	1.07485	0.0124745	
0.0-2.4	10.0-13.0	10.0-60.0	0.000-1.571	0.008	0.136	4203.0	4202.0	3123.2	115.4	1078.51	69.734	-0.877594	0.196997	-0.05	0.0	0.496672	0.0	3.09221	0.0	0.0422144	0.0	0.0221506	0.00151453	0.03	0.0	1.492	0.04	5.0	0.0	1.733	0.07	0.033646	0.000250928	1.21637e-05	1.85867	0.451344	0.122971	0.294117	0.0	0.000270012	0.0	0.000883109	0.00113675	1.60695	0.0	0.813556	0.0310881	0.929772	0.372955	0.547964	0.354567	0.0837288	0.383247	0.115235	0.28119	0.318511	0.10935	0.0368013	0.047187	-3016.62	4.0	11105.8	-126288.0	4.0	2153.94	1.0	2089.56	124.615	1033.64	105.007	0.330957	0.0313189	1.10756	0.00805962	
0.0-2.4	10.0-13.0	10.0-60.0	0.393-0.785	0.016	0.088	1070.0	1069.0	826.478	65.2584	243.163	32.8671	-1.06144	0.367388	-0.05	0.0	0.496672	0.0	3.09221	0.0	0.0422144	0.0	0.0221506	0.0	0.03	0.0	1.492	0.04	5.0	0.0	1.733	0.07	0.033646	0.0	1.60627e-05	0.00013147	0.559362	0.394691	0.294117	0.0	0.000270012	0.0	0.00112904	0.00206369	1.60695	0.0	0.800626	0.0595208	0.71545	0.198917	0.999998	49.3464	0.300198	0.37083	0.0490184	0.0371573	0.183409	0.0447	0.0200024	234.692	-1931.25	4.0	4036.52	-34236.0	3.0	595.588	1.0	549.705	71.0816	276.772	60.384	0.334882	0.0681091	1.10089	0.0152776	
0.0-2.4	10.0-13.0	10.0-60.0	0.785-1.178	0.016	0.105	1064.0	1063.0	802.189	71.0375	261.628	41.9559	-1.52083	0.591869	-0.05	0.0	0.496672	0.0	3.09221	0.0	0.0422144	0.0	0.0221506	0.0	0.03	0.0	1.492	0.04	5.0	0.0	1.733	0.07	0.033646	0.0	8.5376e-05	0.000184274	0.656601	0.604972	0.294117	0.0	0.000270012	0.0	9.51915e-05	0.00300395	1.60695	0.0	0.954918	0.0816606	0.981132	0.546756	1.0	921.013	0.419177	4.48369	0.193855	2.58152	0.520005	0.992603	0.0204495	2840.98	6.68109	4.0	4687.28	-40534.5	3.0	402.38	1.0	527.34	76.9059	274.849	65.7736	0.342623	0.0761724	1.18455	0.0232342	
0.0-2.4	10.0-13.0	10.0-60.0	1.178-1.571	0.016	0.056	995.0	969.0	693.807	43.3353	275.733	29.9448	-1.14693	0.369663	-0.05	0.0	0.496672	0.0	3.09221	0.0	0.0422144	0.0	0.0221506	0.0	0.03	0.0	1.492	0.04	5.0	0.0	1.733	0.07	0.033646	0.0	1.27211e-05	0.00181467	0.320144	0.0903246	0.294117	0.0	0.000270012	0.0	0.00354272	0.00248759	1.60695	0.0	0.893275	0.0700428	0.78892	7.90634	0.592505	3.1251	1.12394e-05	496.577	0.0121049	0.354332	0.272095	0.365358	0.0447474	0.1845	-2077.54	4.0	553.28	-15403.1	3.0	29.9012	1.0	476.292	44.4207	217.515	35.6758	0.313509	0.0475458	1.15011	0.0192005	
0.0-2.4	10.0-30.0	0.0-100.0	0.000-0.393	0.008	0.088	2651.0	2645.0	1946.84	78.0955	698.83	48.9662	-0.0576267	0.226261	-0.05	0.0	0.502971	0.0	3.09312	0.0	0.0431053	0.0	0.0212659	0.0	0.03	0.0	1.492	0.04	5.0	0.0	1.733	0.07	0.0340489	0.0	1.1122e-05	0.00169269	0.42839	0.0949272	0.286858	0.0918796	0.000915639	0.00224089	0.00111859	0.00123576	1.62833	0.118442	0.854048	0.0365352	0.834449	0.0456696	0.999999	75.1936	0.530908	0.0206017	0.103155	0.0105317	0.240434	0.0123006	0.112814	337.527	-4058.91	4.0	3373.58	-57586.2	3.0	51.9613	1.0	1225.63	78.1724	721.209	67.3105	0.370451	0.0312178	1.13171	0.0470746	
0.0-2.4	10.0-30.0	0.0-100.0	0.000-1.571	0.008	0.136	10142.0	10141.0	7406.7	240.902	2734.35	182.798	-0.77048	0.157199	-0.05	0.0	0.502971	0.188065	3.09312	0.00109455	0.0431053	0.00388465	0.0212659	0.00412342	0.03	0.0	1.492	0.04	5.0	0.0	1.733	0.07	0.0340489	0.00139257	1.52572e-05	0.000100154	0.371824	0.0474062	0.236663	0.0682407	0.00122367	0.00140879	0.000133351	0.000652545	1.62012	0.0865195	0.86162	0.0201845	0.904041	0.439322	0.742466	0.875593	0.279047	0.546711	0.0780635	0.127086	0.291125	0.0669947	0.0367089	0.0734431	-13224.9	4.0	16733.0	-267447.0	7.0	243603.0	1.0	4813.45	205.379	2593.25	157.43	0.350122	0.0179472	1.0899	0.0337178	
0.0-2.4	10.0-30.0	0.0-100.0	0.393-0.785	0.008	0.105	2592.0	2591.0	1883.12	81.6119	707.901	48.7474	-0.764613	0.213886	-0.05	0.0	0.502971	0.0	3.09312	0.0	0.0431053	0.0	0.0212659	0.0	0.03	0.0	1.492	0.04	5.0	0.0	1.733	0.07	0.0340489	0.0	1.01316e-05	0.00876397	0.368558	0.103181	0.100919	0.169121	0.00498796	0.00652429	-0.000799517	0.00113989	1.74041	0.515379	0.88501	0.0389054	0.697264	0.0257325	1.0	466.322	0.306261	0.0276504	0.0356079	0.00299645	0.206116	0.0128161	0.0370203	1456.37	-4291.89	4.0	5360.1	-61381.2	3.0	401.877	1.0	1235.02	90.1606	648.101	77.8012	0.344163	0.0385286	1.00493	0.105798	
0.0-2.4	10.0-30.0	0.0-100.0	0.785-1.178	0.008	0.105	2451.0	2449.0	1784.82	84.5509	665.161	54.6411	-1.31462	0.293323	-0.05	0.0	0.502971	0.0	3.09312	0.0	0.0431053	0.0	0.0212659	0.0	0.03	0.0	1.492	0.04	5.0	0.0	1.733	0.07	0.0340489	0.0	2.91026e-05	5.76628e-05	0.380713	0.12803	0.122074	0.0686439	0.00470031	0.00433712	0.000374445	0.00152265	1.84586	0.2159	0.92963	0.0493192	0.852585	0.329019	0.792305	1.60461	0.168471	1.4001	0.0705969	0.0775721	0.420783	0.173005	0.0315324	0.118898	-623.776	4.0	6889.91	-65734.1	3.0	346.458	1.0	1179.1	95.9714	605.718	83.1498	0.339372	0.0437253	1.08381	0.0496976	
0.0-2.4	10.0-30.0	0.0-100.0	1.178-1.571	0.008	0.105	2448.0	2437.0	1790.03	68.3425	647.897	45.2655	-0.986933	0.237159	-0.05	0.0	0.502971	0.0	3.09312	0.0	0.0431053	0.0	0.0212659	0.0	0.03	0.0	1.492	0.04	5.0	0.0	1.733	0.07	0.0340489	0.0	3.2121e-05	7.73774e-05	0.310121	0.0491607	0.662879	0.127118	-0.000594368	0.00123554	0.00242377	0.00224126	1.36549	0.0619482	0.694933	0.0633888	1.0	129.322	0.660191	0.12511	0.184949	0.104396	0.0696544	346.646	0.252861	0.0438519	0.0441957	0.0110407	-5770.81	4.0	1263.17	-42896.6	3.0	12.6969	1.0	1160.78	67.7933	629.25	56.6483	0.351531	0.0286596	1.1827	0.0444927	
0.0-2.4	10.0-30.0	10.0-60.0	0.000-0.393	0.008	0.088	1722.0	1716.0	1293.11	64.0868	423.627	38.0998	-0.12238	0.292921	-0.05	0.0	0.502971	0.0	3.09312	0.0	0.0431053	0.0	0.0211665	0.0	0.03	0.0	1.492	0.04	5.0	0.0	1.733	0.07	0.0340181	0.0	1.1122e-05	0.00169269	0.452259	0.1322	0.236663	0.0	0.00122367	0.0	0.000134013	0.00136154	1.62012	0.0	0.818382	0.0399709	0.990663	38.825	0.792456	3.33483	0.48707	8.10881	0.00100106	11.4142	0.240692	0.0678327	0.141027	0.103118	-2452.81	4.0	2503.71	-36436.8	3.0	45.6004	1.0	817.79	64.3511	475.32	55.2569	0.367579	0.038654	1.06416	0.0117322	
0.0-2.4	10.0-30.0	10.0-60.0	0.000-1.571	0.008	0.136	6562.0	6561.0	4904.38	136.194	1657.13	82.1736	-0.827135	0.154354	-0.05	0.0	0.502971	0.0	3.09312	0.0	0.0431053	0.0	0.0211665	0.00103035	0.03	0.0	1.492	0.04	5.0	0.0	1.733	0.07	0.0340181	0.000159321	1.52572e-05	0.000100154	0.426916	0.0793145	0.236663	0.0	0.00122367	0.0	0.000405603	0.000805755	1.62012	0.0	0.854817	0.0247865	0.90861	0.573297	0.601208	0.524931	0.121767	0.250637	0.0860066	0.239616	0.318665	0.0917364	0.031992	0.0449498	-6336.47	4.0	14343.3	-186909.0	4.0	2390.45	1.0	3207.96	144.182	1696.42	122.767	0.345899	0.0231158	1.0858	0.00744772	
0.0-2.4	10.0-30.0	10.0-60.0	0.393-0.785	0.008	0.105	1649.0	1648.0	1238.57	71.2425	409.637	39.0788	-0.828955	0.278996	-0.05	0.0	0.502971	0.0	3.09312	0.0	0.0431053	0.0	0.0211665	0.0	0.03	0.0	1.492	0.04	5.0	0.0	1.733	0.07	0.0340181	0.0	1.01316e-05	0.00876397	0.439552	0.197253	0.236663	0.0	0.00122367	0.0	0.000750887	0.0015032	1.62012	0.0	0.848124	0.0500964	0.620455	1.05487	1.0	1.41091	0.270736	1.01847	0.0409243	0.0929552	0.197105	0.141194	0.0344295	68.8964	-2451.03	4.0	4738.62	-43460.8	3.0	485.066	1.0	840.359	79.5139	398.216	67.1612	0.321512	0.0509736	1.08179	0.0149903	
0.0-2.4	10.0-30.0	10.0-60.0	0.785-1.178	0.008	0.105	1602.0	1601.0	1195.77	76.3758	405.541	46.7754	-1.38052	0.419269	-0.05	0.0	0.502971	0.0	3.09312	0.0	0.0431053	0.0	0.0211665	0.0	0.03	0.0	1.492	0.04	5.0	0.0	1.733	0.07	0.0340181	0.0	2.91026e-05	5.76628e-05	0.482204	0.243766	0.236663	0.0	0.00122367	0.0	0.000306189	0.00188744	1.62012	0.0	0.937709	0.0578069	0.941451	3.2659	0.929825	3.71681	0.361547	1.96389	0.0498777	1.48343	0.543937	1.03233	0.118619	1.92486	124.481	4.0	5796.62	-50330.0	3.0	390.947	1.0	788.947	81.2774	406.823	68.8616	0.340218	0.0533304	1.13683	0.0181986	
0.0-2.4	10.0-30.0	10.0-60.0	1.178-1.571	0.008	0.08	1588.0	1571.0	1167.18	56.5895	404.275	36.6278	-0.991748	0.305035	-0.05	0.0	0.502971	0.0	3.09312	0.0	0.0431053	0.0	0.0211665	0.0	0.03	0.0	1.492	0.04	5.0	0.0	1.733	0.07	0.0340181	0.0	1.97786e-05	7.38276e-05	0.338336	0.0717773	0.236663	0.0	0.00122367	0.0	0.00103829	0.00174133	1.62012	0.0	0.917308	0.0538244	0.999999	4.65385	0.573509	0.350597	0.0733796	0.362544	0.119357	34.1595	0.24108	0.0928747	0.0373691	0.0245067	-3425.5	4.0	1069.66	-27533.1	3.0	28.4193	1.0	745.99	57.4602	421.19	49.0972	0.360861	0.0382535	1.12406	0.0167646	
0.0-2.4	13.0-30.0	0.0-100.0	0.000-0.393	0.008	0.064	1008.0	1004.0	766.354	54.7686	237.867	31.1792	-0.483373	0.423899	-0.05	0.0	0.512724	0.0	3.09475	0.0	0.0448009	0.0	0.0202186	0.0	0.03	0.0	1.492	0.04	5.0	0.0	1.733	0.07	0.035047	0.0	5.42312e-05	0.000155716	0.529677	0.225369	0.320965	0.160542	0.00391952	0.00307986	0.000884263	0.00218642	1.50857	0.163159	0.893506	0.0711043	0.881776	0.238435	0.999996	83.7865	0.465844	0.335871	0.0373243	0.00966861	0.293437	0.0672354	0.0200278	573.727	-799.868	4.0	2076.62	-24369.8	3.0	61.927	1.0	428.852	52.9334	337.503	49.4409	0.4404	0.0563161	1.12807	0.0659907	
0.0-2.4	13.0-30.0	0.0-100.0	0.000-1.571	0.008	0.105	3623.0	3623.0	2693.36	161.249	930.054	131.713	-0.837035	0.282596	-0.05	0.0	0.512724	0.363766	3.09475	0.00173189	0.0448009	0.0121475	0.0202186	0.00663115	0.03	0.0	1.492	0.04	5.0	0.0	1.733	0.07	0.035047	0.0040885	1.00009e-05	0.0022258	0.328494	0.0485444	0.132772	0.0920488	0.00351245	0.00313808	0.000116352	0.000921768	1.67468	0.204192	0.936591	0.0330604	0.87649	0.805939	0.920864	1.60717	0.349658	0.41106	0.0430096	0.0263293	0.298839	0.116169	0.0394051	0.0379257	-5831.31	4.0	3754.11	-71471.0	7.0	355980.0	1.0	1631.58	119.431	1061.78	93.6107	0.394222	0.0255136	1.06447	0.0484763	
0.0-2.4	13.0-30.0	0.0-100.0	0.393-0.785	0.008	0.064	916.0	910.0	643.409	36.5601	266.93	26.0066	-0.617954	0.337363	-0.05	0.0	0.512724	0.0	3.09475	0.0	0.0448009	0.0	0.0202186	0.0	0.03	0.0	1.492	0.04	5.0	0.0	1.733	0.07	0.035047	0.0	1.55008e-05	0.000878565	0.231689	0.0400438	0.00883941	0.0082002	0.00999995	0.0180256	-0.00179167	0.00141535	3.31245	1.28622	0.914787	0.0545873	0.656281	0.112833	1.0	109.891	0.305978	0.123821	0.0304548	0.0120746	0.199976	0.0547207	0.0200001	605.201	-2545.78	4.0	130.276	-11209.3	3.0	2.40211	1.0	415.234	34.9402	228.175	28.8481	0.354634	0.0400528	0.962511	0.0388564	
0.0-2.4	13.0-30.0	0.0-100.0	0.785-1.178	0.008	0.056	833.0	819.0	599.645	34.9616	220.251	25.1134	-1.39727	0.452803	-0.05	0.0	0.512724	0.0	3.09475	0.0	0.0448009	0.0	0.0202186	0.0	0.03	0.0	1.492	0.04	5.0	0.0	1.733	0.07	0.035047	0.0	3.39658e-05	0.000104935	0.217164	0.0344633	0.131789	0.1171	0.00298802	0.00557481	7.11957e-05	0.00171052	1.76077	0.331988	0.920826	0.0626589	0.999965	177.337	0.709822	2.19524	0.251641	0.265075	0.072237	69.8637	0.460626	0.427282	0.0590061	0.154648	-2039.3	4.0	90.5347	-10250.7	3.0	70.6106	1.0	370.142	33.1283	229.503	28.4747	0.382731	0.0419162	1.06994	0.075115	
0.0-2.4	13.0-30.0	0.0-100.0	1.178-1.571	0.008	0.08	864.0	863.0	670.244	41.5575	192.75	25.0478	-0.951706	0.433886	-0.05	0.0	0.512724	0.0	3.09475	0.0	0.0448009	0.0	0.0202186	0.0	0.03	0.0	1.492	0.04	5.0	0.0	1.733	0.07	0.035047	0.0	1.65646e-05	0.000171567	0.299621	0.0706041	0.867045	0.0572375	0.000445439	0.00122049	0.000472938	0.00622608	1.22585	0.0404956	0.600041	1.5878	0.930212	0.136826	1.0	18.4885	0.259862	0.0960673	0.00408906	0.014793	0.238435	0.0422161	0.0200409	156.975	-1958.42	4.0	600.064	-13464.4	3.0	0.934492	1.0	386.56	38.9024	283.684	35.3315	0.423255	0.0457176	1.16224	0.0592493	
0.0-2.4	13.0-30.0	10.0-60.0	0.000-0.393	0.008	0.064	649.0	645.0	511.153	48.1584	134.048	23.6992	-0.770153	0.541656	-0.05	0.0	0.512724	0.0	3.09475	0.0	0.0448009	0.0	0.0194857	0.0	0.03	0.0	1.492	0.04	5.0	0.0	1.733	0.07	0.0348441	0.0	5.42312e-05	0.000155716	0.718086	0.590434	0.132772	0.0	0.00351245	0.0	0.000808162	0.00229628	1.67468	0.0	0.930695	0.0757631	0.702331	41.3995	0.962194	44.0285	0.351885	39.6082	0.00104186	7.84187	0.291688	0.231872	0.0651039	0.532079	-932.35	4.0	1679.05	-17526.2	3.0	144.964	1.0	298.221	47.5016	212.933	43.2369	0.416573	0.0749306	1.05998	0.0288451	
0.0-2.4	13.0-30.0	10.0-60.0	0.000-1.571	0.008	0.08	2359.0	2353.0	1778.47	72.4776	575.494	43.6395	-0.741902	0.24723	-0.05	0.0	0.512724	0.0	3.09475	0.0	0.0448009	0.0	0.0194857	0.000590835	0.03	0.0	1.492	0.04	5.0	0.0	1.733	0.07	0.0348441	8.05004e-05	1.60278e-05	0.000108096	0.391552	0.0864711	0.132772	0.0	0.00351245	0.0	0.000361279	0.00111809	1.67468	0.0	0.927805	0.0415666	0.785543	0.783372	0.816988	0.899306	0.217173	0.526813	0.032622	0.0400619	0.317313	0.102162	0.0305129	0.0394649	-3666.78	4.0	3122.98	-48006.6	4.0	2324.66	1.0	1117.38	73.3499	661.093	63.502	0.37172	0.0323332	1.05778	0.0158092	
0.0-2.4	13.0-30.0	10.0-60.0	0.393-0.785	0.008	0.064	578.0	576.0	410.241	28.4215	166.425	20.1626	-0.491685	0.418927	-0.05	0.0	0.512724	0.0	3.09475	0.0	0.0448009	0.0	0.0194857	0.0	0.03	0.0	1.492	0.04	5.0	0.0	1.733	0.07	0.0348441	0.0	1.55008e-05	0.000878565	0.210424	0.0468359	0.132772	0.0	0.00351245	0.0	-0.00027294	0.00194867	1.67468	0.0	0.920244	0.0779428	0.562702	0.104185	0.999999	3.0833	0.279009	0.114859	0.0381423	0.0117941	0.217323	0.058936	0.0335752	17.3256	-1669.06	4.0	59.1701	-6294.29	3.0	2.35498	1.0	280.15	27.8803	130.091	21.9508	0.31711	0.048789	1.05203	0.0295632	
0.0-2.4	13.0-30.0	10.0-60.0	0.785-1.178	0.012	0.044	537.0	521.0	382.813	28.2375	138.493	20.4223	-1.21356	0.567192	-0.05	0.0	0.512724	0.0	3.09475	0.0	0.0448009	0.0	0.0194857	0.0	0.03	0.0	1.492	0.04	5.0	0.0	1.733	0.07	0.0348441	0.0	3.14561e-05	0.000114974	0.232662	0.0489056	0.132772	0.0	0.00351245	0.0	-0.000439881	0.00200709	1.67468	0.0	0.916324	0.0773099	1.0	102.288	0.669407	0.178141	0.143847	0.0496964	0.14532	230.229	0.57057	0.144707	0.047923	0.0273947	-1180.17	4.0	73.6536	-6226.78	3.0	78.0428	1.0	247.957	26.3567	134.856	21.4266	0.352276	0.0495739	1.04906	0.029281	
0.0-2.4	13.0-30.0	10.0-60.0	1.178-1.571	0.008	0.08	593.0	592.0	464.567	36.0957	127.659	20.8975	-0.686271	0.525128	-0.05	0.0	0.512724	0.0	3.09475	0.0	0.0448009	0.0	0.0194857	0.0	0.03	0.0	1.492	0.04	5.0	0.0	1.733	0.07	0.0348441	0.0	1.65646e-05	0.000171567	0.361494	0.114241	0.132772	0.0	0.00351245	0.0	-0.000630293	0.00233948	1.67468	0.0	0.902329	0.0857871	0.72111	0.0319291	1.0	2.1147	0.00415852	0.976973	0.0120088	0.00166936	0.174648	0.0128114	0.0219387	12.2128	-1382.36	4.0	512.767	-9517.88	3.0	9.01297	1.0	263.111	35.1379	201.456	32.5846	0.433642	0.0615173	1.03849	0.0323212	
0.0-2.4	6.5-10.0	0.0-100.0	0.000-0.393	0.016	0.152	10610.0	10603.0	5331.72	156.9	5271.21	151.212	-0.0553147	0.0977831	-0.05	0.0	0.384561	0.0	3.09226	0.0	0.0523897	0.0	0.0256427	0.0	0.03	0.0	1.492	0.04	5.0	0.0	1.733	0.07	0.0382123	0.0	1.90055e-05	0.000117681	0.306528	0.0501504	0.138357	0.0473332	0.00466897	0.00498227	0.00240909	0.00102235	1.9815	0.167728	0.952188	0.022141	0.671879	6.12687	0.58875	2.8965	0.548257	2.33412	0.0223397	0.148658	0.233182	0.0886485	0.0915693	0.1117	-32755.1	4.0	6612.32	-318102.0	3.0	161.495	1.0	3916.33	178.961	1415.39	143.107	0.265467	0.0256787	1.15085	0.0377551	
0.0-2.4	6.5-10.0	0.0-100.0	0.000-1.571	0.008	0.136	38048.0	37971.0	19653.0	724.55	18318.5	724.26	-0.116573	0.0662522	-0.05	0.0	0.384561	0.222409	3.09226	0.000652378	0.0523897	0.0141557	0.0256427	0.00320874	0.03	0.0	1.492	0.04	5.0	0.0	1.733	0.07	0.0382122	0.0037901	2.70702e-05	5.76409e-05	0.310118	0.0288086	0.173814	0.044334	0.00399264	0.00245512	0.00348279	0.000584422	1.78243	0.0904393	0.978023	0.0135398	0.546522	0.604009	0.912135	0.628597	0.570677	0.397624	0.0581689	0.133881	0.259899	0.237008	0.325827	2.22165	-60416.3	4.0	48831.9	-1360380.0	7.0	371277.0	1.0	14612.4	603.287	5040.6	329.047	0.25648	0.0138171	1.15866	0.0248932	
0.0-2.4	6.5-10.0	0.0-100.0	0.393-0.785	0.016	0.145	9916.0	9906.0	4993.34	144.714	4912.89	145.032	-0.288268	0.0987197	-0.05	0.0	0.384561	0.0	3.09226	0.0	0.0523897	0.0	0.0256427	0.0	0.03	0.0	1.492	0.04	5.0	0.0	1.733	0.07	0.0382123	0.0	1.01928e-05	2.11886	0.31354	0.0433645	0.175237	0.0863871	0.00684653	0.00488837	0.00480424	0.00122417	1.78736	0.174703	1.03796	0.0288163	0.507801	0.444249	0.874609	0.324965	0.492077	0.413108	0.0520986	0.0580208	0.221928	0.117716	0.330645	0.725801	-28198.1	4.0	2605.6	-271504.0	3.0	23.4256	1.0	3733.78	155.104	1259.56	116.963	0.252248	0.0222538	1.20349	0.0454474	
0.0-2.4	6.5-10.0	0.0-100.0	0.785-1.178	0.016	0.152	9219.0	9217.0	4922.9	157.942	4294.19	151.296	0.0627836	0.128919	-0.05	0.0	0.384561	0.0	3.09226	0.0	0.0523897	0.0	0.0256427	0.0	0.03	0.0	1.492	0.04	5.0	0.0	1.733	0.07	0.0382123	0.0	6.29812e-05	0.000142295	0.414815	0.134226	0.099274	0.0560735	0.00969724	0.0193283	0.00192564	0.00121369	1.94297	0.233692	0.996041	0.0292221	0.701441	3.2147	0.479927	1.98136	0.525671	0.640507	0.0429957	0.137049	0.275695	0.177187	0.0879805	0.0793535	12069.1	4.0	27486.9	-352214.0	3.0	41.069	1.0	3630.45	212.381	1292.45	182.369	0.262538	0.0360747	1.12622	0.0416646	
0.0-2.4	6.5-10.0	0.0-100.0	1.178-1.571	0.016	0.152	8302.0	8298.0	4402.86	134.977	3895.86	142.997	-0.191053	0.122692	-0.05	0.0	0.384561	0.0	3.09226	0.0	0.0523897	0.0	0.0256427	0.0	0.03	0.0	1.492	0.04	5.0	0.0	1.733	0.07	0.0382123	0.0	5.59521e-05	0.000206186	0.22678	0.0208019	0.652049	0.158969	-0.000734564	0.0019028	0.00143453	0.00157276	1.37047	0.0645511	0.634175	0.0489591	0.802212	13.0293	0.529368	66.1368	0.624308	9.05048	0.00101183	160.672	0.552216	43.6251	0.201934	16.7437	-20442.3	4.0	564.26	-232411.0	3.0	1230.3	1.0	3276.11	131.011	1126.75	90.939	0.255913	0.0191065	1.16816	0.0561474	
0.0-2.4	6.5-10.0	10.0-60.0	0.000-0.393	0.016	0.152	6310.0	6309.0	3443.86	117.34	2865.5	104.168	-0.13325	0.121624	-0.05	0.0	0.384561	0.0	3.09226	0.0	0.0523897	0.0	0.025482	0.0	0.03	0.0	1.492	0.04	5.0	0.0	1.733	0.07	0.0381461	0.0	1.90055e-05	0.000117681	0.268015	0.0435728	0.173814	0.0	0.00399264	0.0	0.0024777	0.00116833	1.78243	0.0	0.876377	0.0266771	0.429729	2.21769	0.734525	1.36772	0.31259	2.27428	0.0229137	0.0491327	0.203683	0.084485	0.0682545	0.103487	-21966.1	4.0	2609.64	-160433.0	3.0	181.231	1.0	2547.0	130.101	896.853	101.631	0.260421	0.0281451	1.08938	0.00886534	
0.0-2.4	6.5-10.0	10.0-60.0	0.000-1.571	0.008	0.16	22043.0	22040.0	12640.7	230.402	9398.84	207.827	-0.139639	0.0814588	-0.05	0.0	0.384561	0.0	3.09226	0.0	0.0523897	0.0	0.025482	0.000585728	0.03	0.0	1.492	0.04	5.0	0.0	1.733	0.07	0.0381461	0.000120402	1.92169e-05	7.62105e-05	0.294643	0.0337512	0.173814	0.0	0.00399264	0.0	0.00270002	0.000718413	1.78243	0.0	0.926326	0.0162712	0.492466	0.43759	0.916905	0.110265	0.485761	0.433095	0.0449313	0.0410239	0.232539	0.0711025	0.574036	1.26215	-24264.3	4.0	56621.1	-745417.0	4.0	633.679	1.0	9330.78	283.597	3309.93	234.824	0.261847	0.0179533	1.12301	0.00554433	
0.0-2.4	6.5-10.0	10.0-60.0	0.393-0.785	0.016	0.145	5786.0	5784.0	3289.18	111.466	2495.31	103.326	-0.212082	0.136816	-0.05	0.0	0.384561	0.0	3.09226	0.0	0.0523897	0.0	0.025482	0.0	0.03	0.0	1.492	0.04	5.0	0.0	1.733	0.07	0.0381461	0.0	1.01928e-05	2.11886	0.272247	0.0427015	0.173814	0.0	0.00399264	0.0	0.00386815	0.00151685	1.78243	0.0	1.02996	0.0362571	0.473146	0.464549	0.893631	0.224451	0.485152	0.560362	0.0405849	0.0537016	0.281949	0.194331	0.465956	1.26294	-18530.8	4.0	1278.26	-143440.0	3.0	73.2922	1.0	2497.34	119.971	791.84	89.1665	0.240741	0.0258523	1.19526	0.0129062	
0.0-2.4	6.5-10.0	10.0-60.0	0.785-1.178	0.016	0.152	5161.0	5158.0	3088.08	128.828	2070.44	106.406	-0.0429625	0.208889	-0.05	0.0	0.384561	0.0	3.09226	0.0	0.0523897	0.0	0.025482	0.0	0.03	0.0	1.492	0.04	5.0	0.0	1.733	0.07	0.0381461	0.0	6.29812e-05	0.000142295	0.425149	0.196411	0.173814	0.0	0.00399264	0.0	0.00220034	0.00169448	1.78243	0.0	0.922466	0.0353404	1.0	634.399	0.41255	0.387592	0.607387	0.179905	0.0417277	850.013	0.317199	0.109553	0.0992394	0.0276629	21591.4	4.0	27000.4	-212372.0	3.0	101.754	1.0	2225.35	179.541	862.728	157.835	0.279374	0.0497643	1.12038	0.01202	
0.0-2.4	6.5-10.0	10.0-60.0	1.178-1.571	0.016	0.136	4785.0	4782.0	2823.4	103.918	1959.02	101.03	-0.159852	0.203079	-0.05	0.0	0.384561	0.0	3.09226	0.0	0.0523897	0.0	0.025482	0.0	0.03	0.0	1.492	0.04	5.0	0.0	1.733	0.07	0.0381461	0.0	5.49261e-05	0.000220802	0.242778	0.0265515	0.173814	0.0	0.00399264	0.0	0.000555529	0.00135503	1.78243	0.0	0.865516	0.0287754	0.490472	0.176717	0.870441	0.306369	0.446355	0.245489	0.0526105	0.0291701	0.235356	0.0509816	1.76199	19.6109	-15246.2	4.0	527.636	-120256.0	3.0	1354.95	1.0	2023.01	101.399	800.386	74.8693	0.283483	0.0243784	1.08219	0.00950697	
0.0-2.4	6.5-30.0	0.0-10.0	0.000-0.393	0.008	0.136	4954.0	4942.0	2298.07	108.117	2644.57	112.839	0.0383242	0.147012	-0.05	0.0	0.420373	0.0	3.09252	0.0	0.0490874	0.0	0.0247636	0.0	0.03	0.0	1.492	0.04	5.0	0.0	1.733	0.07	0.0369915	0.0	2.92627e-05	6.86787e-05	0.34458	0.088548	0.19835	0.0	0.00208889	0.0	0.00364671	0.00179716	1.70743	0.0	0.96413	0.0408066	0.786506	0.184474	0.438132	1.21255	0.41467	1.70747	0.148944	0.0844613	0.248075	0.0796086	0.03458	0.102307	-12684.4	4.0	4109.79	-146180.0	3.0	11.5072	1.0	1582.08	120.083	715.995	100.072	0.311563	0.0410051	1.1504	0.0137079	
0.0-2.4	6.5-30.0	0.0-10.0	0.000-1.571	0.008	0.136	18478.0	18441.0	8575.84	199.263	9866.52	215.26	-0.140526	0.0700775	-0.05	0.0	0.420373	0.0	3.09252	0.0	0.0490874	0.0	0.0247636	0.00108186	0.03	0.0	1.492	0.04	5.0	0.0	1.733	0.07	0.0369914	0.000209894	1.61666e-05	1.68756e-05	0.294848	0.0306395	0.19835	0.0	0.00208889	0.0	0.00218562	0.000816831	1.70743	0.0	0.961536	0.0206167	0.857393	0.531098	0.419899	0.447096	0.46919	0.283728	0.159351	0.244729	0.307269	0.126033	0.0642994	0.0708473	-41258.8	4.0	7079.78	-567572.0	4.0	411.795	1.0	6109.56	209.594	2466.28	164.503	0.287584	0.0179806	1.14866	0.00691748	
0.0-2.4	6.5-30.0	0.0-10.0	0.393-0.785	0.008	0.145	4801.0	4793.0	2107.42	94.316	2686.17	103.719	-0.407956	0.132319	-0.05	0.0	0.420373	0.0	3.09252	0.0	0.0490874	0.0	0.0247636	0.0	0.03	0.0	1.492	0.04	5.0	0.0	1.733	0.07	0.0369915	0.0	2.84864e-05	5.39292e-05	0.326033	0.0546251	0.19835	0.0	0.00208889	0.0	0.00288042	0.00155806	1.70743	0.0	0.99874	0.0399719	0.306771	70.5961	0.754622	42.4038	0.000285516	227.81	0.0039811	0.980879	0.180424	3.0466	0.131416	4.26052	-11780.6	4.0	1016.38	-115773.0	3.0	2.60107	1.0	1438.01	96.1382	669.418	77.4488	0.317647	0.0338895	1.17383	0.0136319	
0.0-2.4	6.5-30.0	0.0-10.0	0.785-1.178	0.008	0.128	4584.0	4581.0	2200.6	96.8861	2381.13	102.286	0.0864804	0.149827	-0.05	0.0	0.420373	0.0	3.09252	0.0	0.0490874	0.0	0.0247636	0.0	0.03	0.0	1.492	0.04	5.0	0.0	1.733	0.07	0.0369915	0.0	2.19419e-05	6.75748	0.307002	0.0581629	0.19835	0.0	0.00208889	0.0	0.00339095	0.00164486	1.70743	0.0	0.988006	0.0437031	0.483366	1.61056	0.981375	168.888	0.44627	6.7072	0.0606171	1.14028	0.209583	3.10357	0.0842218	6.58306	-12769.9	4.0	1124.48	-116757.0	3.0	45.8086	1.0	1606.35	100.708	594.256	76.3207	0.270042	0.0325802	1.16653	0.0148365	
0.0-2.4	6.5-30.0	0.0-10.0	1.178-1.571	0.008	0.152	4138.0	4136.0	1974.05	91.0605	2162.52	103.746	-0.295647	0.137931	-0.05	0.0	0.420373	0.0	3.09252	0.0	0.0490874	0.0	0.0247636	0.0	0.03	0.0	1.492	0.04	5.0	0.0	1.733	0.07	0.0369915	0.0	1.0825e-05	4.3417e-05	0.205183	0.0293098	0.19835	0.0	0.00208889	0.0	0.00207403	0.00148829	1.70743	0.0	0.898302	0.0391651	0.802936	1.0051	0.405172	1.24981	0.35957	2.50031	0.125819	0.219899	0.546133	0.539969	0.0462257	0.214233	-6952.65	4.0	236.73	-104862.0	3.0	2225.13	1.0	1474.68	89.6839	499.374	62.8208	0.252969	0.0296066	1.10686	0.0127404	
0.0-2.4	6.5-30.0	0.0-100.0	0.000-0.393	0.008	0.152	13261.0	13254.0	7267.18	174.973	5986.93	158.131	-0.0588313	0.0899954	-0.05	0.0	0.420373	0.0	3.09252	0.0	0.0490874	0.0	0.024348	0.0	0.03	0.0	1.492	0.04	5.0	0.0	1.733	0.07	0.0368312	0.0	1.87871e-05	0.000150437	0.347258	0.0452443	0.188773	0.046412	0.00195616	0.00245764	0.00197761	0.000808032	1.81358	0.104055	0.921744	0.019405	0.78008	4.43416	0.617124	2.13144	0.568091	1.29577	0.0248582	0.140392	0.230322	0.0879288	0.0966826	0.147794	-35735.0	4.0	9429.31	-394793.0	3.0	121.84	1.0	5135.57	190.899	2131.61	154.231	0.29332	0.0200134	1.1446	0.0298977	
0.0-2.4	6.5-30.0	0.0-100.0	0.000-1.571	0.004	0.164	48190.0	48178.0	26995.8	566.11	21182.7	553.532	-0.202644	0.0550049	-0.05	0.0	0.420373	0.134712	3.09252	0.000492329	0.0490874	0.00648659	0.024348	0.00209215	0.03	0.0	1.492	0.04	5.0	0.0	1.733	0.07	0.0368312	0.00186077	1.00456e-05	6.70688e-06	0.331377	0.0253172	0.19835	0.0380118	0.00208889	0.00129289	0.00255864	0.000451081	1.70743	0.0628596	0.945308	0.0115522	0.609525	0.342893	0.93295	0.211459	0.537178	0.233171	0.0591534	0.0698598	0.254605	0.103471	0.421498	1.74168	-68641.0	4.0	58541.3	-1702620.0	7.0	7527.02	1.0	19340.8	504.68	7655.03	340.55	0.283564	0.0111255	1.13781	0.0196832	
0.0-2.4	6.5-30.0	0.0-100.0	0.393-0.785	0.008	0.145	12508.0	12498.0	6865.98	166.172	5632.92	152.504	-0.349387	0.0904962	-0.05	0.0	0.420373	0.0	3.09252	0.0	0.0490874	0.0	0.024348	0.0	0.03	0.0	1.492	0.04	5.0	0.0	1.733	0.07	0.0368312	0.0	2.84864e-05	5.39292e-05	0.332976	0.0459876	0.147166	0.0720109	0.00527986	0.00343352	0.00218771	0.000886406	1.76284	0.161967	1.00241	0.0241382	0.600983	0.522865	0.899115	0.220911	0.466516	0.406679	0.0533251	0.0632708	0.205719	0.0610791	0.335127	0.6223	-30130.0	4.0	7905.0	-350702.0	3.0	28.4102	1.0	4950.2	186.257	1915.78	149.961	0.279025	0.0207709	1.14642	0.0388232	
0.0-2.4	6.5-30.0	0.0-100.0	0.785-1.178	0.008	0.152	11670.0	11668.0	6682.91	179.684	4985.27	160.267	-0.116831	0.115109	-0.05	0.0	0.420373	0.0	3.09252	0.0	0.0490874	0.0	0.024348	0.0	0.03	0.0	1.492	0.04	5.0	0.0	1.733	0.07	0.0368312	0.0	1.02728e-05	0.00383331	0.397619	0.0953085	0.110192	0.0438595	0.00642572	0.00380672	0.0023554	0.000966648	1.89395	0.158315	1.0028	0.0255354	0.625445	0.361337	1.0	7.15276e-05	0.55437	0.230382	0.0759328	0.0436552	0.285519	0.0555078	0.763225	44.3943	12883.5	4.0	36718.4	-438903.0	3.0	20.3692	1.0	4813.64	228.426	1869.27	194.817	0.279709	0.0281647	1.13581	0.0305483	
0.0-2.4	6.5-30.0	0.0-100.0	1.178-1.571	0.008	0.152	10750.0	10747.0	6183.22	151.512	4563.76	149.162	-0.302285	0.111135	-0.05	0.0	0.420373	0.0	3.09252	0.0	0.0490874	0.0	0.024348	0.0	0.03	0.0	1.492	0.04	5.0	0.0	1.733	0.07	0.0368312	0.0	1.0825e-05	4.3417e-05	0.251988	0.0211691	0.588479	0.127844	-0.000847859	0.00122532	0.00246321	0.00118084	1.39348	0.0566297	0.690276	0.0343353	0.690197	0.19416	0.904622	0.227041	0.565129	0.150443	0.0674556	0.0489496	0.333163	0.213038	0.73372	4.64426	-23963.2	4.0	1690.66	-290470.0	3.0	1253.85	1.0	4419.39	147.863	1763.84	109.564	0.285262	0.0162826	1.15706	0.0453735	
0.0-2.4	6.5-30.0	10.0-20.0	0.000-0.393	0.008	0.128	3285.0	3282.0	1747.49	82.1403	1535.15	75.8413	0.11157	0.168789	-0.05	0.0	0.420373	0.0	3.09252	0.0	0.0490874	0.0	0.0239523	0.0	0.03	0.0	1.492	0.04	5.0	0.0	1.733	0.07	0.0366805	0.0	1.21272e-05	9.04109	0.312276	0.0641507	0.19835	0.0	0.00208889	0.0	-0.000815421	0.00164016	1.70743	0.0	0.950981	0.0379542	0.951298	33.427	0.708511	11.3396	0.641611	13.777	0.00111389	18.4068	0.199503	0.115083	0.131596	0.154309	-7651.09	4.0	1937.73	-77593.4	3.0	32.4871	1.0	1146.71	88.5079	600.781	75.6693	0.343797	0.0401733	1.14159	0.0126729	
0.0-2.4	6.5-30.0	10.0-20.0	0.000-1.571	0.008	0.16	11731.0	11729.0	6349.58	173.08	5379.14	157.013	-0.157578	0.100391	-0.05	0.0	0.420373	0.0	3.09252	0.0	0.0490874	0.0	0.0239523	0.000662434	0.03	0.0	1.492	0.04	5.0	0.0	1.733	0.07	0.0366805	0.000125364	1.13588e-05	0.0219528	0.371375	0.062334	0.19835	0.0	0.00208889	0.0	0.00297239	0.00101277	1.70743	0.0	0.96004	0.0246795	0.479667	10.9111	0.85508	2.48046	0.403453	10.5496	0.0348752	0.62152	0.191464	1.01587	0.428669	5.65804	-16301.6	4.0	14059.9	-365830.0	4.0	3153.04	1.0	4396.31	196.272	1953.28	164.307	0.307623	0.0244805	1.14766	0.008275	
0.0-2.4	6.5-30.0	10.0-20.0	0.393-0.785	0.008	0.128	2956.0	2946.0	1574.27	88.3873	1371.75	76.6764	-0.118982	0.187089	-0.05	0.0	0.420373	0.0	3.09252	0.0	0.0490874	0.0	0.0239523	0.0	0.03	0.0	1.492	0.04	5.0	0.0	1.733	0.07	0.0366805	0.0	2.00232e-05	3.80084e-05	0.452807	0.248681	0.19835	0.0	0.00208889	0.0	0.00351528	0.00228988	1.70743	0.0	0.959288	0.0606456	0.46151	2.229	0.895103	0.258233	0.157899	2.54884	0.0365334	0.0862491	0.133173	0.0368262	0.21806	0.205959	-6025.73	4.0	4481.79	-79136.7	3.0	378.91	1.0	1198.47	115.489	375.803	96.2044	0.238715	0.0596225	1.14715	0.0203274	
0.0-2.4	6.5-30.0	10.0-20.0	0.785-1.178	0.008	0.152	2917.0	2915.0	1595.64	97.7052	1319.9	88.3663	-0.152999	0.243842	-0.05	0.0	0.420373	0.0	3.09252	0.0	0.0490874	0.0	0.0239523	0.0	0.03	0.0	1.492	0.04	5.0	0.0	1.733	0.07	0.0366805	0.0	1.02728e-05	0.00383331	0.478932	0.218343	0.19835	0.0	0.00208889	0.0	0.00194074	0.00195409	1.70743	0.0	0.98693	0.0489485	0.518157	39.1489	0.598846	42.1704	0.426055	35.7427	0.00100022	5.76929	0.603926	0.865688	0.111219	0.0536574	-243.051	4.0	6496.22	-98479.7	3.0	278.866	1.0	1093.33	107.108	502.305	89.0846	0.314799	0.052397	1.1658	0.0166095	
0.0-2.4	6.5-30.0	10.0-20.0	1.178-1.571	0.008	0.12	2570.0	2563.0	1433.72	71.7271	1129.75	67.6366	-0.56927	0.207381	-0.05	0.0	0.420373	0.0	3.09252	0.0	0.0490874	0.0	0.0239523	0.0	0.03	0.0	1.492	0.04	5.0	0.0	1.733	0.07	0.0366805	0.0	1.01172e-05	3.47073	0.268445	0.0444406	0.19835	0.0	0.00208889	0.0	0.00169967	0.00189721	1.70743	0.0	0.957104	0.0526067	0.560711	0.196686	0.746865	0.376632	0.451292	0.260384	0.0456309	0.0329745	0.157736	0.0361011	0.450514	0.608548	-5906.53	4.0	514.179	-54425.6	3.0	35.71	1.0	933.239	72.2433	500.484	60.5491	0.34908	0.038452	1.14569	0.0176152	
0.0-2.4	6.5-30.0	10.0-30.0	0.000-0.393	0.008	0.128	5552.0	5546.0	3095.82	111.673	2451.12	96.2629	0.00571284	0.131377	-0.05	0.0	0.420373	0.0	3.09252	0.0	0.0490874	0.0	0.0237449	0.0	0.03	0.0	1.492	0.04	5.0	0.0	1.733	0.07	0.0366023	0.0	1.21272e-05	9.04109	0.365352	0.0667227	0.19835	0.0	0.00208889	0.0	3.78176e-05	0.00118887	1.70743	0.0	0.914945	0.0290081	0.934978	64.196	0.489981	1.2302	0.530313	8.91785	0.00102628	50.2875	0.197128	1.30216	0.0733409	2.79148	-14740.8	4.0	3754.49	-144038.0	3.0	222.534	1.0	2154.86	120.327	940.961	97.9222	0.303946	0.0296695	1.11774	0.00951765	
0.0-2.4	6.5-30.0	10.0-30.0	0.000-1.571	0.004	0.164	19679.0	19678.0	11231.9	223.875	8446.14	195.989	-0.143637	0.0861547	-0.05	0.0	0.420373	0.0	3.09252	0.0	0.0490874	0.0	0.0237449	0.000541864	0.03	0.0	1.492	0.04	5.0	0.0	1.733	0.07	0.0366022	0.000101876	1.00456e-05	6.70688e-06	0.391307	0.0609778	0.19835	0.0	0.00208889	0.0	0.00275062	0.000724591	1.70743	0.0	0.921511	0.0179864	0.486553	0.824377	0.902135	0.158627	0.406592	0.897847	0.0372116	0.056982	0.186074	0.0478187	0.422176	0.644873	-4447.91	4.0	39822.2	-697097.0	4.0	427.684	1.0	7917.35	275.378	3314.57	235.147	0.295103	0.0200923	1.12205	0.00592089	
0.0-2.4	6.5-30.0	10.0-30.0	0.393-0.785	0.008	0.145	5017.0	5015.0	2826.12	108.254	2189.19	92.3434	-0.13992	0.142491	-0.05	0.0	0.420373	0.0	3.09252	0.0	0.0490874	0.0	0.0237449	0.0	0.03	0.0	1.492	0.04	5.0	0.0	1.733	0.07	0.0366023	0.0	2.84864e-05	5.39292e-05	0.346089	0.0926522	0.19835	0.0	0.00208889	0.0	0.00367222	0.00154806	1.70743	0.0	0.940021	0.0404009	0.464305	0.185376	0.90778	0.0884184	0.293458	0.254437	0.0340871	0.0139556	0.146191	0.0193212	0.324578	0.239578	-13055.8	4.0	5077.26	-127960.0	3.0	270.261	1.0	2068.83	130.353	757.292	107.487	0.267962	0.0366222	1.13429	0.0134202	
0.0-2.4	6.5-30.0	10.0-30.0	0.785-1.178	0.008	0.152	4720.0	4718.0	2761.17	129.024	1957.28	107.971	-0.2097	0.219043	-0.05	0.0	0.420373	0.0	3.09252	0.0	0.0490874	0.0	0.0237449	0.0	0.03	0.0	1.492	0.04	5.0	0.0	1.733	0.07	0.0366023	0.0	1.02728e-05	0.00383331	0.548442	0.303061	0.19835	0.0	0.00208889	0.0	0.00167403	0.00164763	1.70743	0.0	0.946981	0.0396911	0.426952	211.94	0.657261	143.873	0.329507	237.175	0.00100001	235.812	0.427125	11.9847	0.099275	1.50983	25485.3	4.0	26940.7	-214947.0	3.0	85.8094	1.0	1896.31	165.882	864.855	145.939	0.313221	0.0507872	1.13893	0.013228	
0.0-2.4	6.5-30.0	10.0-30.0	1.178-1.571	0.008	0.145	4389.0	4387.0	2547.09	97.8712	1840.67	95.0905	-0.264532	0.201143	-0.05	0.0	0.420373	0.0	3.09252	0.0	0.0490874	0.0	0.0237449	0.0	0.03	0.0	1.492	0.04	5.0	0.0	1.733	0.07	0.0366023	0.0	1.38171e-05	4.85666e-05	0.280358	0.0381116	0.19835	0.0	0.00208889	0.0	0.000778879	0.0013706	1.70743	0.0	0.897869	0.0331576	0.517742	0.0653859	0.853066	0.218438	0.440936	0.146798	0.0428085	0.0127658	0.192792	0.0501618	0.484624	0.722029	-13078.6	4.0	1269.02	-107896.0	3.0	1131.41	1.0	1741.47	96.8004	805.623	76.4912	0.316291	0.0274617	1.10658	0.0107837	
0.0-2.4	6.5-30.0	10.0-60.0	0.000-0.393	0.008	0.152	8033.0	8031.0	4727.96	133.445	3303.55	110.778	-0.137159	0.112216	-0.05	0.0	0.420373	0.0	3.09252	0.0	0.0490874	0.0	0.024229	0.0	0.03	0.0	1.492	0.04	5.0	0.0	1.733	0.07	0.0367857	0.0	1.87871e-05	0.000150437	0.332078	0.0482351	0.19835	0.0	0.00208889	0.0	0.00154677	0.000906527	1.70743	0.0	0.868301	0.0226822	0.577656	2.01394	0.768452	1.02087	0.433759	1.47555	0.0243886	0.0825632	0.20625	0.0837081	0.0869421	0.15882	-23072.9	4.0	5064.51	-208652.0	3.0	191.588	1.0	3370.44	143.916	1357.52	114.587	0.287125	0.0228409	1.0875	0.00725909	
0.0-2.4	6.5-30.0	10.0-60.0	0.000-1.571	0.004	0.164	28606.0	28603.0	17511.8	268.225	11092.1	223.186	-0.240796	0.0721279	-0.05	0.0	0.420373	0.0	3.09252	0.0	0.0490874	0.0	0.024229	0.000474685	0.03	0.0	1.492	0.04	5.0	0.0	1.733	0.07	0.0367857	9.06111e-05	1.00456e-05	6.70688e-06	0.342401	0.0355648	0.19835	0.0	0.00208889	0.0	0.00222601	0.000551731	1.70743	0.0	0.904225	0.0139152	0.547968	0.489167	0.93446	0.0811829	0.443702	0.470455	0.0449161	0.0478189	0.238495	0.0727217	0.704244	2.18701	-27525.6	4.0	50840.6	-980341.0	4.0	369.1	1.0	12531.2	316.007	4980.54	262.373	0.284411	0.0143353	1.11072	0.00454063	
0.0-2.4	6.5-30.0	10.0-60.0	0.393-0.785	0.008	0.145	7436.0	7434.0	4519.91	132.359	2914.17	110.602	-0.300663	0.124694	-0.05	0.0	0.420373	0.0	3.09252	0.0	0.0490874	0.0	0.024229	0.0	0.03	0.0	1.492	0.04	5.0	0.0	1.733	0.07	0.0367857	0.0	2.84864e-05	5.39292e-05	0.331261	0.0647595	0.19835	0.0	0.00208889	0.0	0.00284086	0.00116907	1.70743	0.0	0.959301	0.0327464	0.488016	0.604374	0.92866	0.14161	0.369582	0.696204	0.0394795	0.0416376	0.236343	0.109898	0.493	1.39153	-18016.3	4.0	6428.34	-198635.0	3.0	24.3958	1.0	3345.59	153.972	1174.32	123.66	0.259811	0.0262797	1.14716	0.0109761	
0.0-2.4	6.5-30.0	10.0-60.0	0.785-1.178	0.008	0.152	6763.0	6761.0	4271.44	150.342	2489.56	116.067	-0.254197	0.178339	-0.05	0.0	0.420373	0.0	3.09252	0.0	0.0490874	0.0	0.024229	0.0	0.03	0.0	1.492	0.04	5.0	0.0	1.733	0.07	0.0367857	0.0	1.02728e-05	0.00383331	0.429955	0.146918	0.19835	0.0	0.00208889	0.0	0.00220174	0.00130612	1.70743	0.0	0.938017	0.0305998	0.742498	0.32596	1.0	5.96128e-05	0.608919	0.154755	0.101039	0.0781202	0.352298	0.116368	0.964039	30.1744	22068.1	4.0	35856.9	-278049.0	3.0	59.5599	1.0	3016.53	188.97	1254.92	162.443	0.293792	0.0365972	1.13296	0.0101547	
0.0-2.4	6.5-30.0	10.0-60.0	1.178-1.571	0.008	0.152	6374.0	6372.0	3994.72	118.582	2377.83	107.084	-0.294794	0.172727	-0.05	0.0	0.420373	0.0	3.09252	0.0	0.0490874	0.0	0.024229	0.0	0.03	0.0	1.492	0.04	5.0	0.0	1.733	0.07	0.0367857	0.0	1.0825e-05	4.3417e-05	0.279268	0.0293852	0.19835	0.0	0.00208889	0.0	0.00119028	0.00104972	1.70743	0.0	0.877905	0.0259022	0.551499	0.0956798	0.89864	0.174325	0.406623	0.158009	0.0491374	0.0171445	0.230512	0.0354011	1.6552	12.9522	-17066.7	4.0	1458.3	-157674.0	3.0	1389.76	1.0	2773.89	117.206	1220.83	90.9408	0.30561	0.0208796	1.09366	0.00833404	
0.0-2.4	6.5-30.0	20.0-30.0	0.000-0.393	0.008	0.105	2266.0	2260.0	1348.92	75.5066	911.248	59.2981	-0.153398	0.209512	-0.05	0.0	0.420373	0.0	3.09252	0.0	0.0490874	0.0	0.0234923	0.0	0.03	0.0	1.492	0.04	5.0	0.0	1.733	0.07	0.0365077	0.0	1.01047e-05	0.00333619	0.466078	0.16435	0.19835	0.0	0.00208889	0.0	0.00367933	0.00147286	1.70743	0.0	0.887371	0.0430656	0.434588	0.223203	0.89712	0.93122	0.355516	0.383201	0.0386075	0.0618052	0.143418	0.0860656	0.0871246	0.200559	-7212.46	4.0	1939.78	-54760.5	3.0	239.809	1.0	1002.31	79.958	346.612	60.1828	0.256955	0.0422336	1.09977	0.013928	
0.0-2.4	6.5-30.0	20.0-30.0	0.000-1.571	0.008	0.136	7948.0	7935.0	4878.26	144.443	3057.14	117.197	-0.129497	0.157783	-0.05	0.0	0.420373	0.0	3.09252	0.0	0.0490874	0.0	0.0234923	0.000870009	0.03	0.0	1.492	0.04	5.0	0.0	1.733	0.07	0.0365076	0.00016225	1.61666e-05	1.68756e-05	0.428138	0.130355	0.19835	0.0	0.00208889	0.0	0.00202664	0.00104721	1.70743	0.0	0.865519	0.026553	0.56574	1.65604	0.771406	4.62567	0.362025	2.41715	0.0456894	0.107259	0.182001	0.173462	0.0350086	0.299061	10276.7	4.0	23616.6	-279915.0	4.0	1698.5	1.0	3511.9	193.944	1366.36	168.636	0.280091	0.0335593	1.08572	0.00848453	
0.0-2.4	6.5-30.0	20.0-30.0	0.393-0.785	0.008	0.105	2060.0	2041.0	1253.66	62.4904	788.312	50.9327	-0.164431	0.219186	-0.05	0.0	0.420373	0.0	3.09252	0.0	0.0490874	0.0	0.0234923	0.0	0.03	0.0	1.492	0.04	5.0	0.0	1.733	0.07	0.0365077	0.0	1.22898e-05	0.163554	0.24928	0.0386753	0.19835	0.0	0.00208889	0.0	0.00274899	0.00193733	1.70743	0.0	0.921906	0.0523114	0.638213	0.0492441	0.999997	4.45003	0.589795	0.0366887	0.0476417	0.00772225	0.181895	0.0174952	0.0289525	36.6624	-8439.52	4.0	173.628	-38142.0	3.0	11.4885	1.0	865.933	61.9502	387.727	48.4588	0.309276	0.0354466	1.12231	0.0172236	
0.0-2.4	6.5-30.0	20.0-30.0	0.785-1.178	0.008	0.12	1802.0	1799.0	1166.89	87.7628	632.31	58.4391	-0.323289	0.43802	-0.05	0.0	0.420373	0.0	3.09252	0.0	0.0490874	0.0	0.0234923	0.0	0.03	0.0	1.492	0.04	5.0	0.0	1.733	0.07	0.0365077	0.0	1.50151e-05	1.29092	0.739777	1.10564	0.19835	0.0	0.00208889	0.0	0.00201267	0.00268351	1.70743	0.0	0.840243	0.0677921	0.551535	1.82807	0.955437	0.183919	0.324731	1.79346	0.0350134	0.0645725	0.150329	0.0408992	0.132726	0.180904	23007.5	4.0	15228.0	-96600.2	3.0	13.8517	1.0	792.909	136.111	373.986	125.543	0.320496	0.104852	1.06968	0.0213444	
0.0-2.4	6.5-30.0	20.0-30.0	1.178-1.571	0.008	0.128	1818.0	1815.0	1112.61	66.7193	702.916	66.5562	0.200997	0.478076	-0.05	0.0	0.420373	0.0	3.09252	0.0	0.0490874	0.0	0.0234923	0.0	0.03	0.0	1.492	0.04	5.0	0.0	1.733	0.07	0.0365077	0.0	2.47983e-05	5.01035e-05	0.299151	0.0707658	0.19835	0.0	0.00208889	0.0	-0.00267555	0.00231207	1.70743	0.0	0.807813	0.0411374	0.577742	323.156	0.454744	138.684	0.0678105	346.3	0.00100004	0.0695356	0.276467	0.879783	0.0381928	0.188768	-7328.2	4.0	1008.46	-43935.9	3.0	1297.43	1.0	806.712	65.6687	305.899	48.0485	0.274938	0.0399143	1.04947	0.0126921	
0.0-2.4	6.5-30.0	30.0-60.0	0.000-0.393	0.008	0.12	2481.0	2477.0	1626.54	72.4204	851.059	55.2955	-0.52152	0.218288	-0.05	0.0	0.420373	0.0	3.09252	0.0	0.0490874	0.0	0.024888	0.0	0.03	0.0	1.492	0.04	5.0	0.0	1.733	0.07	0.0370398	0.0	1.00028e-05	2.85792e-05	0.259272	0.0601011	0.19835	0.0	0.00208889	0.0	4.28795e-05	0.00137721	1.70743	0.0	0.772741	0.035594	0.978339	17.9175	0.477269	2.91226	0.341041	3.45256	0.00103003	19.6483	0.25465	0.07904	0.0308104	0.0805551	-8478.66	4.0	1280.41	-50443.5	3.0	8.89923	1.0	1189.65	79.4808	436.889	62.3695	0.268601	0.0364323	1.02808	0.0107236	
0.0-2.4	6.5-30.0	30.0-60.0	0.000-1.571	0.008	0.145	8927.0	8923.0	6269.72	144.681	2653.64	107.914	-0.555937	0.134684	-0.05	0.0	0.420373	0.0	3.09252	0.0	0.0490874	0.0	0.024888	0.000891342	0.03	0.0	1.492	0.04	5.0	0.0	1.733	0.07	0.0370398	0.000173574	1.27502e-05	0.000164255	0.260023	0.0265847	0.19835	0.0	0.00208889	0.0	0.000607261	0.000812407	1.70743	0.0	0.815915	0.0216408	0.772584	1.28652	0.515786	0.91886	0.140705	0.233982	0.0507094	0.0588673	0.420292	0.158463	0.0421797	0.0291385	-27653.7	4.0	3675.57	-226486.0	4.0	247.719	1.0	4550.56	153.258	1719.16	118.469	0.2742	0.0178045	1.05448	0.00671174	
0.0-2.4	6.5-30.0	30.0-60.0	0.393-0.785	0.008	0.12	2418.0	2418.0	1698.39	76.1536	720.437	60.0704	-0.807666	0.289978	-0.05	0.0	0.420373	0.0	3.09252	0.0	0.0490874	0.0	0.024888	0.0	0.03	0.0	1.492	0.04	5.0	0.0	1.733	0.07	0.0370398	0.0	1.0132e-05	0.0868918	0.287208	0.0670191	0.19835	0.0	0.00208889	0.0	-0.00089744	0.0017716	1.70743	0.0	0.895489	0.0535699	0.803923	33.3817	0.444851	9.38929	0.0619761	0.792494	0.0421316	0.328673	0.504411	0.612925	0.0447334	0.0614592	-6144.54	4.0	1491.27	-56113.3	3.0	382.404	1.0	1267.19	81.5812	431.205	61.6517	0.25389	0.0344688	1.10503	0.0174005	
0.0-2.4	6.5-30.0	30.0-60.0	0.785-1.178	0.008	0.12	2042.0	2039.0	1503.59	72.7361	536.192	47.5391	-0.440913	0.26909	-0.05	0.0	0.420373	0.0	3.09252	0.0	0.0490874	0.0	0.024888	0.0	0.03	0.0	1.492	0.04	5.0	0.0	1.733	0.07	0.0370398	0.0	1.50151e-05	1.29092	0.223598	0.0446054	0.19835	0.0	0.00208889	0.0	0.000827044	0.0018647	1.70743	0.0	0.826466	0.0437771	0.96417	34.1972	0.51981	7.12313	0.233535	0.625379	0.0695881	0.198857	0.395416	1.14899	0.0571937	0.552813	-8915.73	4.0	950.884	-46315.2	3.0	73.1267	1.0	1074.19	81.4939	429.399	66.1247	0.285582	0.0417516	1.06105	0.0136676	
0.0-2.4	6.5-30.0	30.0-60.0	1.178-1.571	0.008	0.12	1984.0	1973.0	1436.28	65.926	537.037	49.5562	-0.395122	0.333742	-0.05	0.0	0.420373	0.0	3.09252	0.0	0.0490874	0.0	0.024888	0.0	0.03	0.0	1.492	0.04	5.0	0.0	1.733	0.07	0.0370398	0.0	1.01172e-05	3.47073	0.276774	0.0447403	0.19835	0.0	0.00208889	0.0	0.00173939	0.0016737	1.70743	0.0	0.828981	0.0427616	0.698722	0.464972	0.626316	0.727347	0.149534	0.296862	0.047021	0.0731994	0.59191	0.621807	0.0615548	0.0513466	-5290.76	4.0	332.453	-38105.5	3.0	221.635	1.0	1016.44	65.0878	419.842	49.3062	0.292312	0.0315984	1.06262	0.0133714	
0.0-2.4	6.5-8.0	0.0-100.0	0.000-0.393	0.016	0.136	6992.0	6982.0	3063.55	133.846	3918.62	137.374	-0.119746	0.119197	-0.05	0.0	0.36997	0.0	3.09164	0.0	0.0525601	0.0	0.0271231	0.0	0.03	0.0	1.492	0.04	5.0	0.0	1.733	0.07	0.0385429	0.0	5.8071e-05	0.000360109	0.369989	0.106179	0.313059	0.129726	0.00413537	0.00521731	0.00312971	0.0017086	1.71404	0.172071	0.914479	0.0316349	0.999454	349.134	0.56012	7.21062	0.727073	4.50256	0.00125593	392.872	0.210678	1.98046	0.126077	1.73435	-22717.9	4.0	5789.68	-231330.0	3.0	496.723	1.0	2307.61	158.656	755.935	126.878	0.246751	0.0399876	1.22238	0.0678353	
0.0-2.4	6.5-8.0	0.0-100.0	0.000-1.571	0.016	0.16	24792.0	24787.0	11205.9	370.217	13581.7	387.705	-0.0785243	0.0783059	-0.05	0.0	0.36997	0.208763	3.09164	0.000988264	0.0525601	0.00828509	0.0271231	0.00371113	0.03	0.0	1.492	0.04	5.0	0.0	1.733	0.07	0.0385429	0.00224608	2.57968e-05	9.0559e-05	0.289559	0.0310183	0.307488	0.0880482	0.00439684	0.00310131	0.00319719	0.000868664	1.63221	0.0944826	0.914574	0.0184912	0.539973	46.6064	0.893539	2.9325	0.595472	18.9409	0.0652692	5.51929	0.190675	5.58077	0.477956	30.9614	-80177.2	4.0	8431.19	-880276.0	7.0	10363.1	1.0	8556.84	340.484	2649.01	208.973	0.236396	0.0169344	1.18255	0.0397981	
0.0-2.4	6.5-8.0	0.0-100.0	0.393-0.785	0.016	0.145	6416.0	6412.0	2727.82	114.144	3685.12	127.191	-0.193449	0.11854	-0.05	0.0	0.36997	0.0	3.09164	0.0	0.0525601	0.0	0.0271231	0.0	0.03	0.0	1.492	0.04	5.0	0.0	1.733	0.07	0.0385429	0.0	3.35609e-05	0.000234572	0.271817	0.0469955	0.488577	0.194943	0.00546084	0.00439552	0.0015293	0.0023417	1.47132	0.124323	0.89123	0.0520357	0.626811	0.17551	0.805224	0.394327	0.521099	0.107785	0.0657042	0.0331381	0.133553	0.0220134	0.22334	0.214946	-24745.4	4.0	469.237	-174287.0	3.0	6.65801	1.0	2152.15	119.824	575.666	82.6322	0.211035	0.0289767	1.20991	0.0671381	
0.0-2.4	6.5-8.0	0.0-100.0	0.785-1.178	0.016	0.152	6033.0	6030.0	2893.53	122.813	3137.34	129.359	0.125932	0.144817	-0.05	0.0	0.36997	0.0	3.09164	0.0	0.0525601	0.0	0.0271231	0.0	0.03	0.0	1.492	0.04	5.0	0.0	1.733	0.07	0.0385429	0.0	4.17642e-05	0.79061	0.250791	0.0381539	0.230575	0.110068	0.00708186	0.0153869	0.00271597	0.00158083	1.73111	0.184706	0.899059	0.0356138	0.375399	3.53492	0.440442	2.32481	0.377211	2.23053	0.0325228	0.159283	0.347099	0.35371	0.0825885	0.0570929	-23236.1	4.0	1399.8	-186820.0	3.0	90.318	1.0	2135.33	128.226	758.2	96.2466	0.262033	0.0313483	1.14582	0.0625512	
0.0-2.4	6.5-8.0	0.0-100.0	1.178-1.571	0.016	0.152	5349.0	5346.0	2522.72	112.384	2823.69	128.04	-0.0927408	0.149957	-0.05	0.0	0.36997	0.0	3.09164	0.0	0.0525601	0.0	0.0271231	0.0	0.03	0.0	1.492	0.04	5.0	0.0	1.733	0.07	0.0385429	0.0	6.96199e-05	0.00138898	0.247264	0.0346093	0.599664	0.33064	-4.6222e-05	0.00372	0.00143158	0.00208805	1.40906	0.147928	0.65586	0.0552442	0.577088	0.575001	0.793668	0.751053	0.640589	0.337223	0.0698607	0.12018	0.325743	0.826709	0.619051	4.8776	-14018.7	4.0	473.11	-160246.0	3.0	747.7	1.0	1942.98	109.342	579.746	71.6274	0.229809	0.0264829	1.16739	0.122606	
0.0-2.4	6.5-8.0	10.0-60.0	0.000-0.393	0.016	0.128	4053.0	4047.0	1960.18	99.2472	2087.9	93.7141	-0.167398	0.150972	-0.05	0.0	0.36997	0.0	3.09164	0.0	0.0525601	0.0	0.0263063	0.0	0.03	0.0	1.492	0.04	5.0	0.0	1.733	0.07	0.0381846	0.0	5.95546e-05	0.000344739	0.307096	0.0801783	0.307488	0.0	0.00439684	0.0	-6.86541e-05	0.00189582	1.63221	0.0	0.899442	0.0381048	0.99918	1160.16	0.604784	56.5574	0.727582	37.9457	0.00101809	2275.97	0.229746	15.4584	0.101709	16.5367	-13962.8	4.0	2499.16	-113487.0	3.0	395.597	1.0	1450.58	113.485	509.597	90.279	0.259975	0.0441355	1.17449	0.0101042	
0.0-2.4	6.5-8.0	10.0-60.0	0.000-1.571	0.016	0.16	14013.0	14010.0	7219.64	186.925	6790.53	183.278	-0.0467669	0.0985539	-0.05	0.0	0.36997	0.0	3.09164	0.0	0.0525601	0.0	0.0263063	0.000890554	0.03	0.0	1.492	0.04	5.0	0.0	1.733	0.07	0.0381846	0.00019327	2.57968e-05	9.0559e-05	0.26073	0.0283601	0.307488	0.0	0.00439684	0.0	0.00162933	0.00105048	1.63221	0.0	0.889182	0.0214991	0.523066	1.66992	0.823437	0.517017	0.598645	1.10139	0.0458695	0.172965	0.205956	0.129647	0.351972	0.691623	-53364.6	4.0	3693.77	-448173.0	4.0	829.828	1.0	5403.2	201.21	1816.44	152.074	0.251597	0.0200313	1.16906	0.005662	
0.0-2.4	6.5-8.0	10.0-60.0	0.393-0.785	0.016	0.145	3645.0	3643.0	1861.92	89.4352	1781.44	88.1675	-0.0368526	0.172617	-0.05	0.0	0.36997	0.0	3.09164	0.0	0.0525601	0.0	0.0263063	0.0	0.03	0.0	1.492	0.04	5.0	0.0	1.733	0.07	0.0381846	0.0	3.35609e-05	0.000234572	0.241041	0.0440946	0.307488	0.0	0.00439684	0.0	0.00307373	0.00246762	1.63221	0.0	0.9724	0.0519025	0.441076	0.916951	0.84083	0.267379	0.49657	0.770353	0.0393829	0.0610156	0.145605	0.0598308	0.31526	0.267467	-16754.7	4.0	178.049	-90780.5	3.0	18.2655	1.0	1462.21	94.2242	399.711	65.6794	0.214677	0.0337343	1.21408	0.014394	
0.0-2.4	6.5-8.0	10.0-60.0	0.785-1.178	0.016	0.152	3248.0	3245.0	1788.24	94.008	1457.6	88.5245	0.137133	0.243471	-0.05	0.0	0.36997	0.0	3.09164	0.0	0.0525601	0.0	0.0263063	0.0	0.03	0.0	1.492	0.04	5.0	0.0	1.733	0.07	0.0381846	0.0	4.17642e-05	0.79061	0.216927	0.0460392	0.307488	0.0	0.00439684	0.0	0.000456102	0.00192213	1.63221	0.0	0.84113	0.0355435	0.999995	770.729	0.31791	2.38138	0.598989	0.387615	0.166643	986.632	0.404614	0.520505	0.103202	0.244107	-11929.1	4.0	1358.87	-93398.2	3.0	305.25	1.0	1294.31	104.477	493.934	83.4262	0.276212	0.0443354	1.14417	0.00904749	
0.0-2.4	6.5-8.0	10.0-60.0	1.178-1.571	0.016	0.136	3065.0	3063.0	1609.86	85.9187	1453.09	91.0853	-0.0525437	0.254418	-0.05	0.0	0.36997	0.0	3.09164	0.0	0.0525601	0.0	0.0263063	0.0	0.03	0.0	1.492	0.04	5.0	0.0	1.733	0.07	0.0381846	0.0	1.20568e-05	0.0173859	0.264331	0.0427888	0.307488	0.0	0.00439684	0.0	0.000797205	0.00209263	1.63221	0.0	0.794147	0.0421638	0.393279	0.161878	0.759804	0.403611	0.531958	0.159711	0.0458631	0.0176079	0.230469	0.0912612	0.462389	0.646505	-11944.9	4.0	747.656	-82120.0	3.0	1006.79	1.0	1178.46	83.0027	431.405	58.8544	0.267976	0.033645	1.12068	0.0103456	
0.0-2.4	8.0-10.0	0.0-100.0	0.000-0.393	0.008	0.152	3617.0	3611.0	2263.53	79.9659	1348.41	66.1652	0.147737	0.174594	-0.05	0.0	0.408726	0.0	3.09308	0.0	0.0513976	0.0	0.0235086	0.0	0.03	0.0	1.492	0.04	5.0	0.0	1.733	0.07	0.0375034	0.0	1.01039e-05	0.487899	0.23631	0.0285551	0.0783534	0.0380246	0.00336464	0.00777792	0.00113365	0.00119816	2.21072	0.285123	0.940831	0.0304295	0.567078	0.263224	1.0	9.10786	0.4286	0.271478	0.0507071	0.0253048	0.228062	0.0583853	0.0864599	1.76462	-10793.3	4.0	405.375	-66001.3	3.0	18.2531	1.0	1604.77	81.164	658.76	62.5706	0.291032	0.0256597	1.09487	0.0431432	
0.0-2.4	8.0-10.0	0.0-100.0	0.000-1.571	0.008	0.152	13255.0	13244.0	8426.67	496.804	4817.65	475.242	-0.228745	0.147212	-0.05	0.0	0.408726	0.356434	3.09308	0.00095889	0.0513976	0.0224599	0.0235086	0.00559394	0.03	0.0	1.492	0.04	5.0	0.0	1.733	0.07	0.0375034	0.00637531	1.04463e-05	0.772766	0.325693	0.0450941	0.0999374	0.0382996	0.00376099	0.00404766	0.00110571	0.000790734	1.94825	0.155484	0.965892	0.0199422	0.963113	0.0973598	0.486445	0.50034	0.403679	0.591365	0.287403	0.565164	0.364771	0.0856411	0.0504462	0.0449058	12418.1	4.0	77517.9	-397439.0	7.0	623623.0	1.0	6002.54	395.938	2424.13	227.939	0.287674	0.0210723	1.1041	0.0294266	
0.0-2.4	8.0-10.0	0.0-100.0	0.393-0.785	0.016	0.105	3499.0	3474.0	2259.37	87.7986	1214.73	70.1594	-0.531749	0.183548	-0.05	0.0	0.408726	0.0	3.09308	0.0	0.0513976	0.0	0.0235086	0.0	0.03	0.0	1.492	0.04	5.0	0.0	1.733	0.07	0.0375034	0.0	4.92988e-05	0.000250796	0.345975	0.0695481	0.0871788	0.0543777	0.00869349	0.0183421	0.00487784	0.00163068	2.08798	0.303036	1.07261	0.0413993	0.475436	2.4055	0.965637	0.209922	0.278164	3.29055	0.0251369	0.247141	0.374944	0.272998	0.371687	1.67775	-5811.82	4.0	2359.98	-77826.3	3.0	192.877	1.0	1567.66	94.3934	691.702	76.9512	0.306149	0.0319134	1.19594	0.0463654	
0.0-2.4	8.0-10.0	0.0-100.0	0.785-1.178	0.008	0.145	3186.0	3186.0	2036.5	103.823	1149.72	74.4832	-0.106741	0.272144	-0.05	0.0	0.408726	0.0	3.09308	0.0	0.0513976	0.0	0.0235086	0.0	0.03	0.0	1.492	0.04	5.0	0.0	1.733	0.07	0.0375034	0.0	6.83076e-05	0.000188408	0.69906	0.662836	0.0494462	0.0365968	0.00997806	0.0194271	0.00141387	0.00187945	2.17557	0.39497	1.05138	0.0484265	0.84639	0.157675	0.999997	159.524	0.62752	0.0434809	0.109808	0.0677979	0.211685	0.0326835	0.142921	925.694	24283.7	4.0	18001.0	-136386.0	3.0	18.6403	1.0	1445.97	154.552	590.53	139.135	0.289974	0.066702	1.13348	0.0407982	
0.0-2.4	8.0-10.0	0.0-100.0	1.178-1.571	0.008	0.128	2952.0	2951.0	1876.99	73.9605	1073.89	65.5562	-0.449332	0.206279	-0.05	0.0	0.408726	0.0	3.09308	0.0	0.0513976	0.0	0.0235086	0.0	0.03	0.0	1.492	0.04	5.0	0.0	1.733	0.07	0.0375034	0.0	1.54046e-05	0.000145821	0.206972	0.0242934	0.681636	0.163444	-0.00101435	0.00214303	0.00218153	0.00224257	1.35029	0.0690844	0.6	0.25554	0.89745	1.90216	0.646259	2.59336	0.4704	0.794271	0.0594266	0.0737368	0.5338	0.544965	0.0585621	0.0782356	-6978.49	4.0	162.677	-55949.9	3.0	245.209	1.0	1336.63	72.7386	540.362	54.5006	0.287887	0.0267285	1.16509	0.0617828	
0.0-2.4	8.0-10.0	10.0-60.0	0.000-0.393	0.008	0.145	2257.0	2255.0	1477.28	61.0576	778.622	47.4253	-0.00598467	0.203382	-0.05	0.0	0.408726	0.0	3.09308	0.0	0.0513976	0.0	0.0241966	0.0	0.03	0.0	1.492	0.04	5.0	0.0	1.733	0.07	0.0377613	0.0	1.40048e-05	1.03758	0.213307	0.0273717	0.0999374	0.0	0.00376099	0.0	0.0010807	0.00143268	1.94825	0.0	0.886209	0.0361571	0.566824	0.076263	0.999999	52.1613	0.295746	0.106825	0.0427862	0.00890557	0.163883	0.0298592	0.0200004	162.345	-8087.34	4.0	80.5658	-35570.9	3.0	0.133539	1.0	1082.77	61.4079	394.513	45.1007	0.267053	0.0284644	1.04221	0.0138362	
0.0-2.4	8.0-10.0	10.0-60.0	0.000-1.571	0.008	0.145	8030.0	8029.0	5410.5	138.855	2618.45	99.413	-0.379463	0.147813	-0.05	0.0	0.408726	0.0	3.09308	0.0	0.0513976	0.0	0.0241966	0.000692414	0.03	0.0	1.492	0.04	5.0	0.0	1.733	0.07	0.0377613	0.000131169	1.82514e-05	0.000157912	0.324601	0.0685073	0.0999374	0.0	0.00376099	0.0	0.00202819	0.00104409	1.94825	0.0	0.910305	0.0262837	0.613276	0.212867	0.629504	0.604861	0.204004	0.45119	0.0409684	0.0152956	0.355638	0.130752	0.047691	0.0225251	21687.7	4.0	130021.0	-246042.0	4.0	3732.8	1.0	3886.04	185.42	1524.45	161.136	0.281759	0.0288909	1.06074	0.010151	
0.0-2.4	8.0-10.0	10.0-60.0	0.393-0.785	0.008	0.12	2141.0	2137.0	1419.86	65.982	717.326	54.7416	-0.602166	0.244165	-0.05	0.0	0.408726	0.0	3.09308	0.0	0.0513976	0.0	0.0241966	0.0	0.03	0.0	1.492	0.04	5.0	0.0	1.733	0.07	0.0377613	0.0	1.00002e-05	8.80711e-05	0.294782	0.0719044	0.0999374	0.0	0.00376099	0.0	0.00141989	0.00189119	1.94825	0.0	0.963151	0.0556844	0.762593	1.06451	0.576893	1.80138	0.170608	1.33702	0.0428079	0.0483468	0.446171	0.342578	0.0391787	0.0416305	-3150.39	4.0	1437.44	-41616.4	3.0	365.43	1.0	1008.03	73.0064	411.83	59.1763	0.290049	0.0394377	1.10194	0.0219034	
0.0-2.4	8.0-10.0	10.0-60.0	0.785-1.178	0.008	0.112	1912.0	1908.0	1308.77	92.6427	599.701	54.2851	-0.454909	0.442374	-0.05	0.0	0.408726	0.0	3.09308	0.0	0.0513976	0.0	0.0241966	0.0	0.03	0.0	1.492	0.04	5.0	0.0	1.733	0.07	0.0377613	0.0	1.4617e-05	0.013384	0.739804	0.973927	0.0999374	0.0	0.00376099	0.0	0.00203809	0.00260541	1.94825	0.0	0.974307	0.0656777	0.972454	8.47226	0.636036	2.59357	0.579954	2.9576	0.00100187	6.31587	0.211118	0.0556386	0.0595738	0.0515614	22858.5	4.0	15788.2	-99085.0	3.0	63.5109	1.0	879.054	136.733	429.712	125.496	0.328334	0.0930296	1.11074	0.0259266	
0.0-2.4	8.0-10.0	10.0-60.0	1.178-1.571	0.008	0.12	1719.0	1718.0	1209.68	57.5316	508.445	45.2308	-0.488396	0.317861	-0.05	0.0	0.408726	0.0	3.09308	0.0	0.0513976	0.0	0.0241966	0.0	0.03	0.0	1.492	0.04	5.0	0.0	1.733	0.07	0.0377613	0.0	4.81487e-05	1.07517	0.218025	0.0307068	0.0999374	0.0	0.00376099	0.0	-0.00134103	0.00177084	1.94825	0.0	0.87604	0.0453838	0.888075	1.55723	0.443032	1.13758	0.157446	0.252282	0.0529892	0.0603552	0.609931	0.806866	0.0608476	0.0354322	-4328.08	4.0	110.712	-29278.0	3.0	157.855	1.0	836.476	58.1477	373.207	45.9737	0.308517	0.0350581	1.03445	0.0172965	
1.2-1.6	6.5-30.0	0.0-100.0	0.000-0.393	0.008	0.136	3206.0	3203.0	1652.5	74.4078	1551.28	72.3687	0.00573813	0.157229	-0.05	0.0	0.530089	0.0	3.0913	0.0	0.0443447	0.0	0.0316085	0.0	0.03	0.0	1.492	0.04	5.0	0.0	1.733	0.07	0.0388829	0.0	8.70362e-05	0.000270698	0.285855	0.0628752	0.130197	0.0694199	0.00814269	0.0161506	0.000548682	0.00155549	1.98675	0.266132	0.90592	0.038309	0.902637	0.208608	0.278944	0.146922	1.09567e-06	4.78152	0.132618	0.149132	0.206399	0.0742542	0.032575	0.0118686	-8139.24	4.0	901.08	-62365.2	3.0	0.70082	1.0	1218.23	82.5881	434.273	64.7629	0.262798	0.0373618	1.10804	0.0595697	
1.2-1.6	6.5-30.0	0.0-100.0	0.000-1.571	0.008	0.136	11763.0	11751.0	6156.06	203.141	5595.53	211.069	-0.187014	0.0836214	-0.05	0.0	0.530089	0.169303	3.0913	0.0011666	0.0443447	0.00559885	0.0316085	0.00170645	0.03	0.0	1.492	0.04	5.0	0.0	1.733	0.07	0.0388829	0.00172349	1.03021e-05	0.137313	0.274466	0.0260478	0.0999774	0.0369937	0.00921681	0.0152857	0.00355461	0.000811099	2.02628	0.173102	0.972738	0.0204734	0.551306	3.6761	0.567411	1.74191	0.37012	2.16176	0.0273996	0.137001	0.40201	0.20944	0.0853314	0.0776313	-16532.2	4.0	2749.61	-290108.0	7.0	10853.0	1.0	4430.37	182.361	1725.69	122.984	0.280324	0.017707	1.12344	0.0313652	
1.2-1.6	6.5-30.0	0.0-100.0	0.393-0.785	0.008	0.128	3196.0	3192.0	1585.36	75.8146	1607.49	78.9139	-0.325521	0.155034	-0.05	0.0	0.530089	0.0	3.0913	0.0	0.0443447	0.0	0.0316085	0.0	0.03	0.0	1.492	0.04	5.0	0.0	1.733	0.07	0.0388829	0.0	1.40773e-05	0.000247178	0.278093	0.0506159	0.0978918	0.063768	0.00830884	0.017385	0.00410319	0.00164486	2.07462	0.34261	1.02881	0.0409956	0.520415	27.7159	0.810154	11.0409	0.491456	20.8064	0.038018	1.31735	0.344995	2.52806	0.195741	4.36642	-5302.93	4.0	734.71	-66066.9	3.0	217.846	1.0	1110.73	78.9368	474.626	62.6479	0.299382	0.0368319	1.1731	0.0555687	
1.2-1.6	6.5-30.0	0.0-100.0	0.785-1.178	0.008	0.136	2757.0	2755.0	1493.33	70.6639	1262.39	69.0541	-0.0482544	0.18539	-0.05	0.0	0.530089	0.0	3.0913	0.0	0.0443447	0.0	0.0316085	0.0	0.03	0.0	1.492	0.04	5.0	0.0	1.733	0.07	0.0388829	0.0	1.0973e-05	0.00459423	0.295115	0.0622129	0.0383419	0.0282596	0.00999981	0.0173776	0.00322666	0.00151944	2.63905	0.579204	0.96749	0.0403459	0.568024	0.27627	0.790583	1.39592	0.412888	0.410453	0.0563528	0.0152054	0.224167	0.129636	0.0525856	0.03015	-5068.16	4.0	704.128	-54630.9	3.0	50.7019	1.0	1107.92	74.013	385.403	55.3349	0.258084	0.0349845	1.08036	0.0509085	
1.2-1.6	6.5-30.0	0.0-100.0	1.178-1.571	0.008	0.12	2602.0	2588.0	1420.09	74.1175	1168.49	80.7389	-0.41302	0.190559	-0.05	0.0	0.530089	0.0	3.0913	0.0	0.0443447	0.0	0.0316085	0.0	0.03	0.0	1.492	0.04	5.0	0.0	1.733	0.07	0.0388829	0.0	3.21269e-05	0.000513866	0.254053	0.0403772	0.429426	0.219667	0.00289074	0.00368548	0.00378302	0.00222141	1.45696	0.14329	0.787438	0.0600667	0.761382	0.881139	0.556509	1.30016	0.328878	1.14751	0.083197	0.0753226	0.679511	0.904701	0.0529073	0.151939	-183.714	4.0	377.205	-60831.1	3.0	3372.0	1.0	981.436	70.328	438.656	53.3513	0.308892	0.033934	1.12488	0.0843427	
1.2-1.6	6.5-30.0	10.0-60.0	0.000-0.393	0.008	0.12	2005.0	2003.0	1108.38	59.1373	894.782	53.6747	0.012399	0.206589	-0.05	0.0	0.530089	0.0	3.0913	0.0	0.0443447	0.0	0.0315093	0.0	0.03	0.0	1.492	0.04	5.0	0.0	1.733	0.07	0.0388451	0.0	9.39567e-05	0.000265483	0.313319	0.0898556	0.0999774	0.0	0.00921681	0.0	0.00316481	0.00191249	2.02628	0.0	1.05731	0.0458537	0.353195	68.7126	0.840647	26.3389	0.22867	109.414	0.00972692	2.06538	0.22881	0.629874	0.105364	2.88105	-4727.53	4.0	726.959	-35465.2	3.0	7.10014	1.0	828.203	65.1926	280.177	50.2087	0.25278	0.0432448	1.19023	0.0183304	
1.2-1.6	6.5-30.0	10.0-60.0	0.000-1.571	0.008	0.128	6787.0	6780.0	3941.05	111.594	2839.29	102.929	-0.318551	0.114759	-0.05	0.0	0.530089	0.0	3.0913	0.0	0.0443447	0.0	0.0315093	0.00225319	0.03	0.0	1.492	0.04	5.0	0.0	1.733	0.07	0.0388451	0.000429424	1.05393e-05	0.000462059	0.257082	0.0290505	0.0999774	0.0	0.00921681	0.0	0.0020185	0.00100834	2.02628	0.0	1.00302	0.0254401	0.733628	0.934091	0.613488	2.21084	0.415508	1.79676	0.0851956	0.14247	0.338069	0.164515	0.0407969	0.181133	-13937.1	4.0	1376.91	-140172.0	4.0	200.06	1.0	2874.6	116.847	1066.44	89.1047	0.270599	0.0212715	1.14715	0.0100099	
1.2-1.6	6.5-30.0	10.0-60.0	0.393-0.785	0.008	0.112	1804.0	1792.0	976.544	55.9439	816.006	57.4606	-0.518999	0.22499	-0.05	0.0	0.530089	0.0	3.0913	0.0	0.0443447	0.0	0.0315093	0.0	0.03	0.0	1.492	0.04	5.0	0.0	1.733	0.07	0.0388451	0.0	2.07034e-05	0.000129572	0.214747	0.039551	0.0999774	0.0	0.00921681	0.0	0.00222616	0.00220162	2.02628	0.0	1.13539	0.0515241	0.744188	6.68776	0.999989	545.036	0.679264	10.1849	0.0992229	3.43027	0.503074	2.76628	0.0241736	4305.21	-2397.9	4.0	190.923	-32594.6	3.0	398.402	1.0	684.494	58.5722	292.05	46.615	0.299065	0.0445541	1.25329	0.0210054	
1.2-1.6	6.5-30.0	10.0-60.0	0.785-1.178	0.008	0.128	1518.0	1516.0	920.72	49.9639	595.645	43.8362	-0.578282	0.244563	-0.05	0.0	0.530089	0.0	3.0913	0.0	0.0443447	0.0	0.0315093	0.0	0.03	0.0	1.492	0.04	5.0	0.0	1.733	0.07	0.0388451	0.0	2.57361e-05	0.000145696	0.2065	0.0366169	0.0999774	0.0	0.00921681	0.0	0.000891231	0.00182414	2.02628	0.0	0.940041	0.0489194	0.606259	0.237185	0.999997	188.354	0.437969	0.520328	0.0581433	0.0364987	0.222531	0.0970287	0.0200218	602.887	-4702.47	4.0	38.5643	-23389.6	3.0	34.3583	1.0	707.439	51.3524	213.281	36.0172	0.231646	0.0370438	1.0981	0.0188456	
1.2-1.6	6.5-30.0	10.0-60.0	1.178-1.571	0.008	0.105	1458.0	1440.0	925.271	52.5181	515.664	43.6247	-0.302843	0.283091	-0.05	0.0	0.530089	0.0	3.0913	0.0	0.0443447	0.0	0.0315093	0.0	0.03	0.0	1.492	0.04	5.0	0.0	1.733	0.07	0.0388451	0.0	3.08551e-05	0.00051849	0.281924	0.0580604	0.0999774	0.0	0.00921681	0.0	0.00362627	0.00210921	2.02628	0.0	0.984442	0.0535015	0.624548	0.585996	0.891094	26.7023	0.350646	8.44791	0.0794047	0.14617	0.374693	0.424571	0.0200059	2.07459	-3277.09	4.0	276.192	-24743.6	3.0	18.9282	1.0	648.967	53.1202	276.304	41.3628	0.29862	0.0413656	1.13257	0.0209273	
1.2-2.4	6.5-30.0	0.0-100.0	0.000-0.393	0.008	0.152	7903.0	7896.0	3820.23	117.404	4076.25	120.007	-0.209517	0.0986081	-0.05	0.0	0.583988	0.0	3.09105	0.0	0.0524107	0.0	0.0314569	0.0	0.03	0.0	1.492	0.04	5.0	0.0	1.733	0.07	0.0448977	0.0	3.42723e-05	0.000135506	0.261239	0.0335225	0.147506	0.0525668	0.00656579	0.00470592	0.00233085	0.00102543	1.94036	0.171727	0.94758	0.0229785	0.360842	12.4869	0.738693	7.54733	0.255371	20.4818	0.00100023	4.19574	0.218344	0.176726	0.0796213	0.101372	-22571.8	4.0	1052.16	-173352.0	3.0	0.788329	1.0	2871.12	125.868	949.114	94.3828	0.248444	0.0234966	1.14927	0.0399662	
1.2-2.4	6.5-30.0	0.0-100.0	0.000-1.571	0.008	0.128	28158.0	28055.0	14570.3	293.472	13485.0	298.292	-0.328017	0.0555402	-0.05	0.0	0.583988	0.0776037	3.09105	0.000795763	0.0524107	0.00331939	0.0314569	0.000726731	0.03	0.0	1.492	0.04	5.0	0.0	1.733	0.07	0.0448977	0.00136675	1.38621e-05	0.000134836	0.261429	0.0156355	0.186805	0.0404235	0.00562667	0.0022307	0.00322242	0.000578645	1.79346	0.0844886	0.952134	0.0136376	0.6775	4.20024	0.606345	1.58689	0.523221	1.72895	0.0295354	0.240225	0.305682	0.0878483	0.10164	0.0757224	-65541.2	4.0	3397.02	-739697.0	7.0	2451.49	1.0	10852.9	274.531	3717.41	182.179	0.255136	0.0113986	1.15675	0.0240372	
1.2-2.4	6.5-30.0	0.0-100.0	0.393-0.785	0.008	0.145	7316.0	7307.0	3668.51	115.926	3638.77	118.024	-0.495747	0.107128	-0.05	0.0	0.583988	0.0	3.09105	0.0	0.0524107	0.0	0.0314569	0.0	0.03	0.0	1.492	0.04	5.0	0.0	1.733	0.07	0.0448977	0.0	2.65486e-05	7.2402e-05	0.266596	0.0329187	0.215726	0.105061	0.00712779	0.00410469	0.00420639	0.00127279	1.7141	0.172696	1.00219	0.0296466	0.63133	1.41813	0.812284	0.486967	0.545639	0.849223	0.0467249	0.146893	0.242013	0.144652	0.340614	0.658415	-16115.6	4.0	956.837	-165493.0	3.0	119.909	1.0	2711.48	122.412	957.03	92.5071	0.260877	0.023831	1.19228	0.0512579	
1.2-2.4	6.5-30.0	0.0-100.0	0.785-1.178	0.008	0.152	6660.0	6657.0	3578.88	112.274	3079.11	108.137	-0.24375	0.116631	-0.05	0.0	0.583988	0.0	3.09105	0.0	0.0524107	0.0	0.0314569	0.0	0.03	0.0	1.492	0.04	5.0	0.0	1.733	0.07	0.0448977	0.0	1.03152e-05	0.00396442	0.277926	0.0362214	0.127095	0.057169	0.00999999	0.014517	0.00108491	0.00112355	1.93778	0.197975	0.98458	0.0280859	0.994221	168.567	0.399926	11.3574	0.460484	9.96789	0.00105256	54.8835	0.259302	0.0662448	0.0655334	0.0365127	-17576.0	4.0	880.324	-147811.0	3.0	26.1458	1.0	2747.68	117.993	831.202	84.6887	0.232252	0.0225139	1.15041	0.0419144	
1.2-2.4	6.5-30.0	0.0-100.0	1.178-1.571	0.008	0.152	6277.0	6274.0	3502.95	113.736	2771.1	112.947	-0.399452	0.122121	-0.05	0.0	0.583988	0.0	3.09105	0.0	0.0524107	0.0	0.0314569	0.0	0.03	0.0	1.492	0.04	5.0	0.0	1.733	0.07	0.0448977	0.0	3.88875e-05	0.000353399	0.246979	0.0255165	0.376887	0.131541	0.000173054	0.00284995	0.00282637	0.00131567	1.54336	0.106566	0.767053	0.0322896	0.825835	1.35929	0.519334	1.38079	0.456588	1.4727	0.0900506	0.137918	0.448107	0.462494	0.0596337	0.314535	-10850.6	4.0	516.647	-149520.0	3.0	1572.26	1.0	2520.66	112.211	982.29	83.1283	0.280418	0.0219148	1.12443	0.0596526	
1.2-2.4	6.5-30.0	10.0-60.0	0.000-0.393	0.008	0.152	4799.0	4798.0	2550.26	91.1561	2247.89	86.1704	-0.269138	0.128763	-0.05	0.0	0.583988	0.0	3.09105	0.0	0.0524107	0.0	0.0310292	0.0	0.03	0.0	1.492	0.04	5.0	0.0	1.733	0.07	0.0447737	0.0	3.42723e-05	0.000135506	0.26995	0.044569	0.186805	0.0	0.00562667	0.0	0.00224009	0.00120078	1.79346	0.0	0.871121	0.0261881	0.698793	2.55943	0.765559	1.23519	0.539841	1.25581	0.0260534	0.103506	0.188756	0.0855558	0.109352	0.20423	-14338.7	4.0	779.378	-93861.4	3.0	4.34383	1.0	1948.39	98.4918	601.864	72.8922	0.236001	0.0273091	1.10361	0.00840488	
1.2-2.4	6.5-30.0	10.0-60.0	0.000-1.571	0.008	0.16	16441.0	16439.0	9371.09	174.992	7068.09	160.395	-0.418063	0.0736993	-0.05	0.0	0.583988	0.0	3.09105	0.0	0.0524107	0.0	0.0310292	0.00151283	0.03	0.0	1.492	0.04	5.0	0.0	1.733	0.07	0.0447737	0.000218078	1.04253e-05	6.6059e-05	0.241386	0.0164679	0.186805	0.0	0.00562667	0.0	0.0032079	0.000704616	1.79346	0.0	0.929653	0.0163863	0.607173	0.297165	0.905466	0.163631	0.540126	0.260256	0.0429435	0.0391643	0.246838	0.0636839	0.280906	0.354872	-45125.8	4.0	1680.65	-376310.0	4.0	91.654	1.0	6927.33	182.027	2443.77	135.951	0.260777	0.0136658	1.14178	0.00542481	
1.2-2.4	6.5-30.0	10.0-60.0	0.393-0.785	0.008	0.145	4207.0	4205.0	2350.87	86.9499	1854.0	83.5082	-0.52802	0.147539	-0.05	0.0	0.583988	0.0	3.09105	0.0	0.0524107	0.0	0.0310292	0.0	0.03	0.0	1.492	0.04	5.0	0.0	1.733	0.07	0.0447737	0.0	2.65486e-05	7.2402e-05	0.204014	0.0253897	0.186805	0.0	0.00562667	0.0	0.00456198	0.00159744	1.79346	0.0	1.03076	0.0365085	0.547383	0.892662	0.862907	0.308419	0.536239	0.758224	0.0343698	0.070804	0.312985	0.235194	0.528232	1.35445	-9648.94	4.0	262.124	-83393.6	3.0	195.626	1.0	1725.0	92.4287	625.872	70.7695	0.26623	0.0284475	1.21031	0.0126421	
1.2-2.4	6.5-30.0	10.0-60.0	0.785-1.178	0.008	0.152	3793.0	3791.0	2233.11	82.8584	1558.24	73.2044	-0.445928	0.155169	-0.05	0.0	0.583988	0.0	3.09105	0.0	0.0524107	0.0	0.0310292	0.0	0.03	0.0	1.492	0.04	5.0	0.0	1.733	0.07	0.0447737	0.0	1.03152e-05	0.00396442	0.229154	0.0281232	0.186805	0.0	0.00562667	0.0	0.000961308	0.00144163	1.79346	0.0	0.919376	0.0347542	0.744832	0.237463	0.587658	1.63625	0.319213	1.70396	0.092612	0.0657706	0.207687	0.0629965	0.0278268	0.064449	-11959.6	4.0	175.694	-71291.4	3.0	10.4388	1.0	1668.53	85.4721	564.584	62.5419	0.252823	0.0263888	1.13499	0.0114465	
1.2-2.4	6.5-30.0	10.0-60.0	1.178-1.571	0.008	0.152	3641.0	3639.0	2241.68	84.4144	1398.27	71.4159	-0.478363	0.16905	-0.05	0.0	0.583988	0.0	3.09105	0.0	0.0524107	0.0	0.0310292	0.0	0.03	0.0	1.492	0.04	5.0	0.0	1.733	0.07	0.0447737	0.0	3.88875e-05	0.000353399	0.26221	0.0332819	0.186805	0.0	0.00562667	0.0	0.00111287	0.00142408	1.79346	0.0	0.791258	0.0379154	0.988769	110.643	0.286572	6.07258	0.0558091	7.51223	0.00100108	0.702431	0.321744	0.0971797	0.036139	0.0222248	-9894.45	4.0	394.185	-71619.1	3.0	3.80103	1.0	1565.8	86.7484	675.88	68.5305	0.301506	0.0283845	1.05356	0.0115781	
1.6-2.4	3.0-6.5	0.0-100.0	0.000-0.393	0.016	0.232	44632.0	44624.0	7602.2	361.013	37022.3	576.01	0.0163856	0.0505275	-0.05	0.0	0.947656	0.0	3.09036	0.0	0.0525863	0.0	0.0146525	0.0	0.03	0.0	1.86	0.19	5.0	0.0	1.38	0.32	0.0513012	0.0	0.000149401	0.0117133	0.442787	0.315985	0.473976	0.263955	-0.00707842	0.0107562	0.01	0.00487895	1.54049	0.193925	0.822527	0.0203661	1.0	951.506	0.777665	0.0619426	0.702113	0.442913	0.00112712	227733.0	0.128296	0.253397	0.744304	0.0629968	-68150.5	4.0	35162.3	-2984550.0	3.0	866.131	1.0	6607.75	587.038	994.453	498.378	0.130811	0.0652621	1.21683	0.108918	
1.6-2.4	3.0-6.5	0.0-100.0	0.000-1.571	0.016	0.264	165776.0	165767.0	27283.4	2236.16	138484.0	2982.31	0.056109	0.0530021	-0.05	0.0	0.947656	0.0947701	3.09036	0.00283507	0.0525863	0.00664182	0.0146525	0.0120453	0.03	0.0	1.86	0.19	5.0	0.0	1.38	0.32	0.0513012	0.00343544	1.10324e-05	0.0465138	0.285163	0.0367717	0.306676	0.207312	-0.00606766	0.0158233	0.00999999	0.00118614	1.65447	0.204252	0.939736	0.0119177	1.0	12654800.0	0.785719	225609.0	0.742465	288256.0	0.00106557	22091600.0	0.131325	94023.4	1.32879	335934.0	-152350.0	4.0	136985.0	-12846400.0	7.0	1047000.0	1.0	22812.5	2049.67	4470.94	916.286	0.16387	0.0307814	1.20488	0.0906706	
1.6-2.4	3.0-6.5	0.0-100.0	0.393-0.785	0.016	0.264	42313.0	42307.0	6573.19	341.264	35734.9	567.287	-0.0356055	0.0544287	-0.05	0.0	0.947656	0.0	3.09036	0.0	0.0525863	0.0	0.0146525	0.0	0.03	0.0	1.86	0.19	5.0	0.0	1.38	0.32	0.0513012	0.0	0.000104776	0.00436801	0.264657	0.0517717	0.434071	0.259887	-0.00999985	0.0153683	0.00999999	0.00556662	1.61272	0.231443	0.814545	0.0269663	0.999984	3.80068	0.822138	0.00199342	0.700656	0.00998955	0.00163103	44.8997	0.1215	0.00389762	0.549009	0.0108966	-82559.0	4.0	752.957	-2727370.0	3.0	1906.97	1.0	5315.82	492.814	1257.36	413.472	0.191287	0.0621139	1.22656	0.122146	
1.6-2.4	3.0-6.5	0.0-100.0	0.785-1.178	0.016	0.24	39973.0	39970.0	6539.5	334.783	33430.3	554.666	0.0426708	0.0547214	-0.05	0.0	0.947656	0.0	3.09036	0.0	0.0525863	0.0	0.0146525	0.0	0.03	0.0	1.86	0.19	5.0	0.0	1.38	0.32	0.0513012	0.0	2.10511e-05	0.000549047	0.232575	0.0447021	0.0818643	0.0702753	-0.01	0.0192987	0.01	0.0026345	2.29979	0.540786	1.05758	0.0161492	0.813452	82.9843	0.854853	9.68214	0.724666	57.3715	0.0781599	26.0755	0.131002	28.5863	3.33756	3599.4	-41884.8	4.0	902.088	-2705860.0	3.0	965.845	1.0	5419.3	361.253	1120.2	238.373	0.171297	0.0353808	1.20826	0.074127	
1.6-2.4	3.0-6.5	0.0-100.0	1.178-1.571	0.016	0.24	38856.0	38854.0	6564.5	358.112	32289.7	589.297	0.217666	0.061735	-0.05	0.0	0.947656	0.0	3.09036	0.0	0.0525863	0.0	0.0146525	0.0	0.03	0.0	1.86	0.19	5.0	0.0	1.38	0.32	0.0513012	0.0	3.20725e-05	0.0130815	0.295728	0.0543853	0.862746	0.0705318	0.0058369	0.00486993	0.01	0.0106959	1.3149	0.0586406	0.6	0.0913421	0.999997	1095870.0	0.713856	1812.41	0.759143	3628.54	0.00114753	1106390.0	0.125394	2917.21	5.0	489.389	23717.1	4.0	993.95	-2830370.0	3.0	5411.88	1.0	5518.71	357.612	1045.79	201.255	0.15931	0.0294005	1.24139	0.0332443	
1.6-2.4	3.0-6.5	10.0-60.0	0.000-0.393	0.016	0.209	24203.0	24173.0	5208.75	274.3	18964.1	402.901	-0.0116421	0.0696932	-0.05	0.0	0.947656	0.0	3.09036	0.0	0.0525863	0.0	0.0139178	0.0	0.03	0.0	1.86	0.19	5.0	0.0	1.38	0.32	0.0512905	0.0	0.000129268	0.000932346	0.527592	0.551358	0.306676	0.0	-0.00606766	0.0	0.00845563	0.0024988	1.65447	0.0	0.921438	0.0249732	0.999987	186899.0	0.788373	33.631	0.722128	226.685	0.00100325	2136220.0	0.115127	112.713	0.868419	138.134	-37200.3	4.0	24408.7	-1471130.0	3.0	411.361	1.0	4563.7	458.588	645.045	392.043	0.123839	0.0749832	1.19504	0.0066752	
1.6-2.4	3.0-6.5	10.0-60.0	0.000-1.571	0.016	0.209	86130.0	86077.0	17390.2	496.058	68687.1	762.119	0.0501573	0.0366986	-0.05	0.0	0.947656	0.0	3.09036	0.0	0.0525863	0.0	0.0139178	0.00239377	0.03	0.0	1.86	0.19	5.0	0.0	1.38	0.32	0.0512905	1.70002e-05	2.44459e-05	0.000226863	0.311005	0.0583999	0.306676	0.0	-0.00606766	0.0	0.00886144	0.00122036	1.65447	0.0	0.921959	0.0123728	0.896318	565803.0	0.839766	25338.4	0.717215	63372.3	0.00100068	2729230.0	0.119015	13802.2	0.856059	367996.0	-227445.0	4.0	44570.7	-5680370.0	4.0	3590.65	1.0	14551.7	638.604	2838.5	492.007	0.163224	0.0279064	1.19532	0.00330829	
1.6-2.4	3.0-6.5	10.0-60.0	0.393-0.785	0.016	0.209	22349.0	22329.0	4112.44	246.095	18217.1	394.916	-0.050009	0.0706493	-0.05	0.0	0.947656	0.0	3.09036	0.0	0.0525863	0.0	0.0139178	0.0	0.03	0.0	1.86	0.19	5.0	0.0	1.38	0.32	0.0512905	0.0	0.000185134	0.00079819	0.253739	0.0357155	0.306676	0.0	-0.00606766	0.0	0.00852079	0.00226268	1.65447	0.0	0.863294	0.024192	0.840142	0.326865	0.883343	0.290024	0.642188	0.26248	0.0694521	0.138693	0.107631	0.053082	0.827521	3.63755	-53368.2	4.0	177.92	-1258260.0	3.0	1355.57	1.0	3134.41	243.832	978.027	166.427	0.237822	0.0378841	1.16455	0.00621698	
1.6-2.4	3.0-6.5	10.0-60.0	0.785-1.178	0.016	0.2	20244.0	20244.0	4008.01	227.274	16236.9	351.926	0.0935947	0.0777596	-0.05	0.0	0.947656	0.0	3.09036	0.0	0.0525863	0.0	0.0139178	0.0	0.03	0.0	1.86	0.19	5.0	0.0	1.38	0.32	0.0512905	0.0	3.10689e-05	0.000375227	0.23791	0.0501061	0.306676	0.0	-0.00606766	0.0	0.00692595	0.00180153	1.65447	0.0	0.854899	0.0247876	0.346861	13.0246	0.937219	2.72741	1.3429e-06	325.913	0.00393873	0.346075	0.0849782	0.951815	0.329392	0.961111	-104685.0	4.0	415.022	-1079170.0	3.0	500.185	1.0	3273.41	252.686	734.602	176.44	0.183283	0.0427774	1.16025	0.00633148	
1.6-2.4	3.0-6.5	10.0-60.0	1.178-1.571	0.016	0.2	19332.0	19229.0	4088.76	228.662	15139.9	348.197	0.236758	0.0831447	-0.05	0.0	0.947656	0.0	3.09036	0.0	0.0525863	0.0	0.0139178	0.0	0.03	0.0	1.86	0.19	5.0	0.0	1.38	0.32	0.0512905	0.0	1.12763e-05	0.178932	0.31357	0.0749058	0.306676	0.0	-0.00606766	0.0	0.00891958	0.00207887	1.65447	0.0	0.957461	0.0254895	0.999999	529.406	0.88597	42.0493	0.790374	80.1571	0.00169189	1542.74	0.145238	9.18801	0.536698	12.8757	-97435.0	4.0	351.023	-1039740.0	3.0	658.243	1.0	3528.09	240.224	560.668	140.572	0.137124	0.0335138	1.21452	0.00696604	
1.6-2.4	6.5-30.0	0.0-100.0	0.000-0.393	0.008	0.152	4696.0	4690.0	2171.36	90.9508	2519.82	95.7354	-0.351142	0.127001	-0.05	0.0	0.662704	0.0	3.0908	0.0	0.0567628	0.0	0.0312808	0.0	0.03	0.0	1.492	0.04	5.0	0.0	1.733	0.07	0.0496516	0.0	3.15307e-05	0.000173778	0.241194	0.0340832	0.171695	0.085994	0.00507026	0.00583142	0.00362884	0.00135412	1.8838	0.229153	0.919986	0.0287712	0.942989	49.5676	0.584444	10.6005	0.683268	5.90314	0.00100096	68.4121	0.224396	1.16864	0.106634	3.54049	-14799.4	4.0	191.859	-97239.2	3.0	0.437832	1.0	1656.68	93.4782	514.683	66.239	0.237032	0.0288448	1.14471	0.0609555	
1.6-2.4	6.5-30.0	0.0-100.0	0.000-1.571	0.008	0.152	16395.0	16378.0	8420.14	229.84	7958.44	228.0	-0.447575	0.0770476	-0.05	0.0	0.662704	0.144856	3.0908	0.00113658	0.0567628	0.00398959	0.0312808	0.0055842	0.03	0.0	1.492	0.04	5.0	0.0	1.733	0.07	0.0496516	0.00230514	1.37144e-05	0.000327844	0.249751	0.0183349	0.337019	0.0765519	0.00343684	0.00197833	0.00315501	0.000883653	1.60396	0.0792233	0.890579	0.0195526	0.754268	0.245892	0.85229	0.437722	0.636468	0.109573	0.068314	0.1059	0.211909	0.0396695	0.248035	0.368424	-51014.3	4.0	776.809	-399661.0	7.0	14.2851	1.0	6440.32	213.365	1979.83	132.439	0.23513	0.0143598	1.1802	0.0344357	
1.6-2.4	6.5-30.0	0.0-100.0	0.393-0.785	0.008	0.145	4120.0	4113.0	2078.04	87.3665	2035.04	87.3114	-0.638872	0.145188	-0.05	0.0	0.662704	0.0	3.0908	0.0	0.0567628	0.0	0.0312808	0.0	0.03	0.0	1.492	0.04	5.0	0.0	1.733	0.07	0.0496516	0.0	1.91191e-05	0.000301555	0.257858	0.0416463	0.653479	0.0874734	0.00512757	0.00198312	0.00336646	0.00301491	1.36098	0.0597214	0.7986	0.0701075	0.785012	1.71694	0.728386	0.36989	0.559468	0.747519	0.0418845	0.321811	0.179995	0.0479508	0.325026	0.271845	-11288.5	4.0	256.162	-85812.6	3.0	3.73695	1.0	1596.39	91.0479	481.651	64.77	0.231782	0.0296063	1.19642	0.0324231	
1.6-2.4	6.5-30.0	0.0-100.0	0.785-1.178	0.008	0.145	3902.0	3900.0	2093.03	87.4842	1807.19	83.2727	-0.398513	0.151439	-0.05	0.0	0.662704	0.0	3.0908	0.0	0.0567628	0.0	0.0312808	0.0	0.03	0.0	1.492	0.04	5.0	0.0	1.733	0.07	0.0496516	0.0	1.00081e-05	0.000130579	0.256003	0.0391253	0.283905	0.121121	0.00876046	0.0144238	0.0006914	0.00183741	1.63893	0.152102	0.926526	0.043246	0.75284	1.51455	0.358097	6.41748	0.0350221	39.0948	0.0952435	0.250444	0.238621	0.135902	0.02383	0.471309	-12475.7	4.0	168.216	-81086.4	3.0	4.83161	1.0	1648.16	90.0946	444.871	60.9674	0.212549	0.0277409	1.1736	0.057291	
1.6-2.4	6.5-30.0	0.0-100.0	1.178-1.571	0.008	0.152	3675.0	3673.0	2080.25	85.3341	1593.38	77.3118	-0.410262	0.159921	-0.05	0.0	0.662704	0.0	3.0908	0.0	0.0567628	0.0	0.0312808	0.0	0.03	0.0	1.492	0.04	5.0	0.0	1.733	0.07	0.0496516	0.0	2.89134e-05	0.000256279	0.244807	0.0320051	0.350351	0.133684	-0.00427118	0.00495361	0.00272921	0.00167279	1.6055	0.129976	0.778043	0.0379733	0.759886	0.281342	0.999936	144.711	0.651734	0.371417	0.0905284	0.0639211	0.221513	0.115785	0.0201301	718.323	-12830.5	4.0	163.186	-75368.3	3.0	1.98337	1.0	1535.87	86.0306	544.378	62.694	0.261689	0.0281612	1.13857	0.0667343	
1.6-2.4	6.5-30.0	10.0-60.0	0.000-0.393	0.008	0.152	2793.0	2793.0	1442.84	69.3396	1350.67	67.3074	-0.465235	0.166646	-0.05	0.0	0.662704	0.0	3.0908	0.0	0.0567628	0.0	0.0305873	0.0	0.03	0.0	1.492	0.04	5.0	0.0	1.733	0.07	0.0495057	0.0	3.15307e-05	0.000173778	0.229531	0.036365	0.337019	0.0	0.00343684	0.0	0.00199408	0.00161397	1.60396	0.0	0.748775	0.0326563	0.970137	10.6258	0.711282	5.91129	0.698148	2.57203	0.00100072	20.1174	0.181167	0.396309	0.128542	1.27362	-9937.69	4.0	72.902	-50485.4	3.0	1.79897	1.0	1114.74	70.3583	328.102	48.2595	0.2274	0.0316119	1.11299	0.00728277	
1.6-2.4	6.5-30.0	10.0-60.0	0.000-1.571	0.008	0.16	9654.0	9652.0	5430.14	134.857	4222.56	122.692	-0.49947	0.095638	-0.05	0.0	0.662704	0.0	3.0908	0.0	0.0567628	0.0	0.0305873	0.00232078	0.03	0.0	1.492	0.04	5.0	0.0	1.733	0.07	0.0495057	0.000241825	3.34301e-05	6.81326e-05	0.230444	0.0187055	0.337019	0.0	0.00343684	0.0	0.00339349	0.00103092	1.60396	0.0	0.806505	0.0227899	0.602445	0.191502	0.894166	0.0823941	0.510544	0.178662	0.0296272	0.0135624	0.184856	0.0248823	0.307659	0.165964	-32146.3	4.0	397.91	-208576.0	4.0	4.51659	1.0	4049.6	138.411	1380.54	101.087	0.254237	0.0175125	1.13942	0.00534733	
1.6-2.4	6.5-30.0	10.0-60.0	0.393-0.785	0.008	0.145	2402.0	2400.0	1364.98	65.87	1034.97	59.8247	-0.557118	0.194489	-0.05	0.0	0.662704	0.0	3.0908	0.0	0.0567628	0.0	0.0305873	0.0	0.03	0.0	1.492	0.04	5.0	0.0	1.733	0.07	0.0495057	0.0	1.91191e-05	0.000301555	0.186312	0.0305619	0.337019	0.0	0.00343684	0.0	0.00456614	0.00234029	1.60396	0.0	0.906142	0.054241	0.56293	0.308798	0.85941	0.159771	0.412167	0.384902	0.0290148	0.019726	0.176352	0.0467189	0.548317	0.590351	-7807.04	4.0	60.0805	-43043.2	3.0	0.947817	1.0	1037.38	71.4128	327.601	53.3257	0.240004	0.0373107	1.18803	0.0137141	
1.6-2.4	6.5-30.0	10.0-60.0	0.785-1.178	0.008	0.145	2275.0	2273.0	1314.69	66.2074	958.527	58.5303	-0.387775	0.20186	-0.05	0.0	0.662704	0.0	3.0908	0.0	0.0567628	0.0	0.0305873	0.0	0.03	0.0	1.492	0.04	5.0	0.0	1.733	0.07	0.0495057	0.0	1.00081e-05	0.000130579	0.246385	0.0399577	0.337019	0.0	0.00343684	0.0	0.00155163	0.0024526	1.60396	0.0	0.929834	0.0533795	0.999963	32.835	0.675083	1.2311	0.643623	1.46567	0.00121742	23.0811	0.190752	0.0545798	0.14009	0.124669	-7339.92	4.0	130.171	-41886.8	3.0	1.33171	1.0	958.877	68.0224	355.811	51.1499	0.270643	0.0364411	1.20011	0.0137098	
1.6-2.4	6.5-30.0	10.0-60.0	1.178-1.571	0.008	0.152	2182.0	2180.0	1308.06	65.5376	872.845	55.9905	-0.595311	0.211203	-0.05	0.0	0.662704	0.0	3.0908	0.0	0.0567628	0.0	0.0305873	0.0	0.03	0.0	1.492	0.04	5.0	0.0	1.733	0.07	0.0495057	0.0	2.89134e-05	0.000256279	0.250865	0.0390645	0.337019	0.0	0.00343684	0.0	0.00147977	0.00196776	1.60396	0.0	0.651985	0.050748	0.999997	0.492059	0.255481	0.0389273	1.71212e-09	0.563079	0.00198843	0.929789	0.2429	0.041914	0.0234608	0.00372886	-7342.94	4.0	139.513	-40032.2	3.0	3.65795	1.0	918.901	66.4289	389.157	51.7042	0.297507	0.0366092	1.07185	0.0102328	
