rap0.0-1.2_pT6.5-30.0_cent0.0-100.0
12472.9
3443.67 3202.96 3111.38 2710.3
129.897 118.964 136.052 100.139
7554.55
1911.1 1986.54 1894.6 1759.89
101.099 95.9234 119.193 95.9378
8480.47
2250.43 2226.53 2052.13 1934.05
131.527 129.613 151.449 96.5213
3992.47
1193.24 976.426 1059.25 776.257
110.088 106.188 130.499 70.9412
0.320091
0.346503 0.304851 0.340444 0.28641
0.0291741 0.0311596 0.0392117 0.0239401
rap0.0-1.2_pT6.5-30.0_cent10.0-60.0
8160.54
2176.37 2170.25 2025.36 1776.46
97.1472 99.8019 119.889 82.6002
4000.03
1051.41 1056.89 938.354 952.047
68.6637 71.9441 90.7203 77.0776
5539.48
1423.75 1566.79 1305.71 1216.64
98.4339 108.457 122.304 79.4906
2621.06
752.624 603.458 719.653 559.818
82.3345 85.6834 103.919 61.6126
0.321187
0.345816 0.27806 0.35532 0.315131
0.0345386 0.0373529 0.0467998 0.0314356
rap0.0-2.4_pT10.0-13.0_cent0.0-100.0
4717.19
1185.31 1238.73 1172.28 1117.74
56.0588 72.8436 77.1173 54.1321
1800.73
449.613 435.383 444.176 451.035
36.9787 40.6975 48.928 37.4325
3184.61
794.562 825.2 793.453 771.447
55.6635 78.6108 90.8573 54.6897
1532.57
390.745 413.535 378.826 346.296
45.0309 66.4549 78.4322 43.3173
0.324891
0.329657 0.333836 0.323153 0.309817
0.0346444 0.0499266 0.0634386 0.0357318
rap0.0-2.4_pT10.0-13.0_cent10.0-60.0
3123.2
783.945 826.478 802.189 693.807
42.6487 65.2584 71.0375 43.3353
1078.51
283.58 243.163 261.628 275.733
28.8619 32.8671 41.9559 29.9448
2089.56
508.563 549.705 527.34 476.292
40.7269 71.0816 76.9059 44.4207
1033.64
275.381 276.772 274.849 217.515
33.4313 60.384 65.7736 35.6758
0.330957
0.351277 0.334882 0.342623 0.313509
0.0381233 0.0681091 0.0761724 0.0475458
rap0.0-2.4_pT10.0-30.0_cent0.0-100.0
7406.7
1946.84 1883.12 1784.82 1790.03
78.0955 81.6119 84.5509 68.3425
2734.35
698.83 707.901 665.161 647.897
48.9662 48.7474 54.6411 45.2655
4813.45
1225.63 1235.02 1179.1 1160.78
78.1724 90.1606 95.9714 67.7933
2593.25
721.209 648.101 605.718 629.25
67.3105 77.8012 83.1498 56.6483
0.350122
0.370451 0.344163 0.339372 0.351531
0.0312178 0.0385286 0.0437253 0.0286596
rap0.0-2.4_pT10.0-30.0_cent10.0-60.0
4904.38
1293.11 1238.57 1195.77 1167.18
64.0868 71.2425 76.3758 56.5895
1657.13
423.627 409.637 405.541 404.275
38.0998 39.0788 46.7754 36.6278
3207.96
817.79 840.359 788.947 745.99
64.3511 79.5139 81.2774 57.4602
1696.42
475.32 398.216 406.823 421.19
55.2569 67.1612 68.8616 49.0972
0.345899
0.367579 0.321512 0.340218 0.360861
0.038654 0.0509736 0.0533304 0.0382535
rap0.0-2.4_pT13.0-30.0_cent0.0-100.0
2693.36
766.354 643.409 599.645 670.244
54.7686 36.5601 34.9616 41.5575
930.054
237.867 266.93 220.251 192.75
31.1792 26.0066 25.1134 25.0478
1631.58
428.852 415.234 370.142 386.56
52.9334 34.9402 33.1283 38.9024
1061.78
337.503 228.175 229.503 283.684
49.4409 28.8481 28.4747 35.3315
0.394222
0.4404 0.354634 0.382731 0.423255
0.0563161 0.0400528 0.0419162 0.0457176
rap0.0-2.4_pT13.0-30.0_cent10.0-60.0
1778.47
511.153 410.241 382.813 464.567
48.1584 28.4215 28.2375 36.0957
575.494
134.048 166.425 138.493 127.659
23.6992 20.1626 20.4223 20.8975
1117.38
298.221 280.15 247.957 263.111
47.5016 27.8803 26.3567 35.1379
661.093
212.933 130.091 134.856 201.456
43.2369 21.9508 21.4266 32.5846
0.37172
0.416573 0.31711 0.352276 0.433642
0.0749306 0.048789 0.0495739 0.0615173
rap0.0-2.4_pT6.5-10.0_cent0.0-100.0
19653.0
5331.72 4993.34 4922.9 4402.86
156.9 144.714 157.942 134.977
18318.5
5271.21 4912.89 4294.19 3895.86
151.212 145.032 151.296 142.997
14612.4
3916.33 3733.78 3630.45 3276.11
178.961 155.104 212.381 131.011
5040.6
1415.39 1259.56 1292.45 1126.75
143.107 116.963 182.369 90.939
0.25648
0.265467 0.252248 0.262538 0.255913
0.0256787 0.0222538 0.0360747 0.0191065
rap0.0-2.4_pT6.5-10.0_cent10.0-60.0
12640.7
3443.86 3289.18 3088.08 2823.4
117.34 111.466 128.828 103.918
9398.84
2865.5 2495.31 2070.44 1959.02
104.168 103.326 106.406 101.03
9330.78
2547.0 2497.34 2225.35 2023.01
130.101 119.971 179.541 101.399
3309.93
896.853 791.84 862.728 800.386
101.631 89.1665 157.835 74.8693
0.261847
0.260421 0.240741 0.279374 0.283483
0.0281451 0.0258523 0.0497643 0.0243784
rap0.0-2.4_pT6.5-30.0_cent0.0-10.0
8575.84
2298.07 2107.42 2200.6 1974.05
108.117 94.316 96.8861 91.0605
9866.52
2644.57 2686.17 2381.13 2162.52
112.839 103.719 102.286 103.746
6109.56
1582.08 1438.01 1606.35 1474.68
120.083 96.1382 100.708 89.6839
2466.28
715.995 669.418 594.256 499.374
100.072 77.4488 76.3207 62.8208
0.287584
0.311563 0.317647 0.270042 0.252969
0.0410051 0.0338895 0.0325802 0.0296066
rap0.0-2.4_pT6.5-30.0_cent0.0-100.0
26995.8
7267.18 6865.98 6682.91 6183.22
174.973 166.172 179.684 151.512
21182.7
5986.93 5632.92 4985.27 4563.76
158.131 152.504 160.267 149.162
19340.8
5135.57 4950.2 4813.64 4419.39
190.899 186.257 228.426 147.863
7655.03
2131.61 1915.78 1869.27 1763.84
154.231 149.961 194.817 109.564
0.283564
0.29332 0.279025 0.279709 0.285262
0.0200134 0.0207709 0.0281647 0.0162826
rap0.0-2.4_pT6.5-30.0_cent10.0-20.0
6349.58
1747.49 1574.27 1595.64 1433.72
82.1403 88.3873 97.7052 71.7271
5379.14
1535.15 1371.75 1319.9 1129.75
75.8413 76.6764 88.3663 67.6366
4396.31
1146.71 1198.47 1093.33 933.239
88.5079 115.489 107.108 72.2433
1953.28
600.781 375.803 502.305 500.484
75.6693 96.2044 89.0846 60.5491
0.307623
0.343797 0.238715 0.314799 0.34908
0.0401733 0.0596225 0.052397 0.038452
rap0.0-2.4_pT6.5-30.0_cent10.0-30.0
11231.9
3095.82 2826.12 2761.17 2547.09
111.673 108.254 129.024 97.8712
8446.14
2451.12 2189.19 1957.28 1840.67
96.2629 92.3434 107.971 95.0905
7917.35
2154.86 2068.83 1896.31 1741.47
120.327 130.353 165.882 96.8004
3314.57
940.961 757.292 864.855 805.623
97.9222 107.487 145.939 76.4912
0.295103
0.303946 0.267962 0.313221 0.316291
0.0296695 0.0366222 0.0507872 0.0274617
rap0.0-2.4_pT6.5-30.0_cent10.0-60.0
17511.8
4727.96 4519.91 4271.44 3994.72
133.445 132.359 150.342 118.582
11092.1
3303.55 2914.17 2489.56 2377.83
110.778 110.602 116.067 107.084
12531.2
3370.44 3345.59 3016.53 2773.89
143.916 153.972 188.97 117.206
4980.54
1357.52 1174.32 1254.92 1220.83
114.587 123.66 162.443 90.9408
0.284411
0.287125 0.259811 0.293792 0.30561
0.0228409 0.0262797 0.0365972 0.0208796
rap0.0-2.4_pT6.5-30.0_cent20.0-30.0
4878.26
1348.92 1253.66 1166.89 1112.61
75.5066 62.4904 87.7628 66.7193
3057.14
911.248 788.312 632.31 702.916
59.2981 50.9327 58.4391 66.5562
3511.9
1002.31 865.933 792.909 806.712
79.958 61.9502 136.111 65.6687
1366.36
346.612 387.727 373.986 305.899
60.1828 48.4588 125.543 48.0485
0.280091
0.256955 0.309276 0.320496 0.274938
0.0422336 0.0354466 0.104852 0.0399143
rap0.0-2.4_pT6.5-30.0_cent30.0-60.0
6269.72
1626.54 1698.39 1503.59 1436.28
72.4204 76.1536 72.7361 65.926
2653.64
851.059 720.437 536.192 537.037
55.2955 60.0704 47.5391 49.5562
4550.56
1189.65 1267.19 1074.19 1016.44
79.4808 81.5812 81.4939 65.0878
1719.16
436.889 431.205 429.399 419.842
62.3695 61.6517 66.1247 49.3062
0.2742
0.268601 0.25389 0.285582 0.292312
0.0364323 0.0344688 0.0417516 0.0315984
rap0.0-2.4_pT6.5-8.0_cent0.0-100.0
11205.9
3063.55 2727.82 2893.53 2522.72
133.846 114.144 122.813 112.384
13581.7
3918.62 3685.12 3137.34 2823.69
137.374 127.191 129.359 128.04
8556.84
2307.61 2152.15 2135.33 1942.98
158.656 119.824 128.226 109.342
2649.01
755.935 575.666 758.2 579.746
126.878 82.6322 96.2466 71.6274
0.236396
0.246751 0.211035 0.262033 0.229809
0.0399876 0.0289767 0.0313483 0.0264829
rap0.0-2.4_pT6.5-8.0_cent10.0-60.0
7219.64
1960.18 1861.92 1788.24 1609.86
99.2472 89.4352 94.008 85.9187
6790.53
2087.9 1781.44 1457.6 1453.09
93.7141 88.1675 88.5245 91.0853
5403.2
1450.58 1462.21 1294.31 1178.46
113.485 94.2242 104.477 83.0027
1816.44
509.597 399.711 493.934 431.405
90.279 65.6794 83.4262 58.8544
0.251597
0.259975 0.214677 0.276212 0.267976
0.0441355 0.0337343 0.0443354 0.033645
rap0.0-2.4_pT8.0-10.0_cent0.0-100.0
8426.67
2263.53 2259.37 2036.5 1876.99
79.9659 87.7986 103.823 73.9605
4817.65
1348.41 1214.73 1149.72 1073.89
66.1652 70.1594 74.4832 65.5562
6002.54
1604.77 1567.66 1445.97 1336.63
81.164 94.3934 154.552 72.7386
2424.13
658.76 691.702 590.53 540.362
62.5706 76.9512 139.135 54.5006
0.287674
0.291032 0.306149 0.289974 0.287887
0.0256597 0.0319134 0.066702 0.0267285
rap0.0-2.4_pT8.0-10.0_cent10.0-60.0
5410.5
1477.28 1419.86 1308.77 1209.68
61.0576 65.982 92.6427 57.5316
2618.45
778.622 717.326 599.701 508.445
47.4253 54.7416 54.2851 45.2308
3886.04
1082.77 1008.03 879.054 836.476
61.4079 73.0064 136.733 58.1477
1524.45
394.513 411.83 429.712 373.207
45.1007 59.1763 125.496 45.9737
0.281759
0.267053 0.290049 0.328334 0.308517
0.0284644 0.0394377 0.0930296 0.0350581
rap1.2-1.6_pT6.5-30.0_cent0.0-100.0
6156.06
1652.5 1585.36 1493.33 1420.09
74.4078 75.8146 70.6639 74.1175
5595.53
1551.28 1607.49 1262.39 1168.49
72.3687 78.9139 69.0541 80.7389
4430.37
1218.23 1110.73 1107.92 981.436
82.5881 78.9368 74.013 70.328
1725.69
434.273 474.626 385.403 438.656
64.7629 62.6479 55.3349 53.3513
0.280324
0.262798 0.299382 0.258084 0.308892
0.0373618 0.0368319 0.0349845 0.033934
rap1.2-1.6_pT6.5-30.0_cent10.0-60.0
3941.05
1108.38 976.544 920.72 925.271
59.1373 55.9439 49.9639 52.5181
2839.29
894.782 816.006 595.645 515.664
53.6747 57.4606 43.8362 43.6247
2874.6
828.203 684.494 707.439 648.967
65.1926 58.5722 51.3524 53.1202
1066.44
280.177 292.05 213.281 276.304
50.2087 46.615 36.0172 41.3628
0.270599
0.25278 0.299065 0.231646 0.29862
0.0432448 0.0445541 0.0370438 0.0413656
rap1.2-2.4_pT6.5-30.0_cent0.0-100.0
14570.3
3820.23 3668.51 3578.88 3502.95
117.404 115.926 112.274 113.736
13485.0
4076.25 3638.77 3079.11 2771.1
120.007 118.024 108.137 112.947
10852.9
2871.12 2711.48 2747.68 2520.66
125.868 122.412 117.993 112.211
3717.41
949.114 957.03 831.202 982.29
94.3828 92.5071 84.6887 83.1283
0.255136
0.248444 0.260877 0.232252 0.280418
0.0234966 0.023831 0.0225139 0.0219148
rap1.2-2.4_pT6.5-30.0_cent10.0-60.0
9371.09
2550.26 2350.87 2233.11 2241.68
91.1561 86.9499 82.8584 84.4144
7068.09
2247.89 1854.0 1558.24 1398.27
86.1704 83.5082 73.2044 71.4159
6927.33
1948.39 1725.0 1668.53 1565.8
98.4918 92.4287 85.4721 86.7484
2443.77
601.864 625.872 564.584 675.88
72.8922 70.7695 62.5419 68.5305
0.260777
0.236001 0.26623 0.252823 0.301506
0.0273091 0.0284475 0.0263888 0.0283845
rap1.6-2.4_pT3.0-6.5_cent0.0-100.0
27283.4
7602.2 6573.19 6539.5 6564.5
361.013 341.264 334.783 358.112
138484.0
37022.3 35734.9 33430.3 32289.7
576.01 567.287 554.666 589.297
22812.5
6607.75 5315.82 5419.3 5518.71
587.038 492.814 361.253 357.612
4470.94
994.453 1257.36 1120.2 1045.79
498.378 413.472 238.373 201.255
0.16387
0.130811 0.191287 0.171297 0.15931
0.0652621 0.0621139 0.0353808 0.0294005
rap1.6-2.4_pT3.0-6.5_cent10.0-60.0
17390.2
5208.75 4112.44 4008.01 4088.76
274.3 246.095 227.274 228.662
68687.1
18964.1 18217.1 16236.9 15139.9
402.901 394.916 351.926 348.197
14551.7
4563.7 3134.41 3273.41 3528.09
458.588 243.832 252.686 240.224
2838.5
645.045 978.027 734.602 560.668
392.043 166.427 176.44 140.572
0.163224
0.123839 0.237822 0.183283 0.137124
0.0749832 0.0378841 0.0427774 0.0335138
rap1.6-2.4_pT6.5-30.0_cent0.0-100.0
8420.14
2171.36 2078.04 2093.03 2080.25
90.9508 87.3665 87.4842 85.3341
7958.44
2519.82 2035.04 1807.19 1593.38
95.7354 87.3114 83.2727 77.3118
6440.32
1656.68 1596.39 1648.16 1535.87
93.4782 91.0479 90.0946 86.0306
1979.83
514.683 481.651 444.871 544.378
66.239 64.77 60.9674 62.694
0.23513
0.237032 0.231782 0.212549 0.261689
0.0288448 0.0296063 0.0277409 0.0281612
rap1.6-2.4_pT6.5-30.0_cent10.0-60.0
5430.14
1442.84 1364.98 1314.69 1308.06
69.3396 65.87 66.2074 65.5376
4222.56
1350.67 1034.97 958.527 872.845
67.3074 59.8247 58.5303 55.9905
4049.6
1114.74 1037.38 958.877 918.901
70.3583 71.4128 68.0224 66.4289
1380.54
328.102 327.601 355.811 389.157
48.2595 53.3257 51.1499 51.7042
0.254237
0.2274 0.240004 0.270643 0.297507
0.0316119 0.0373107 0.0364411 0.0366092
