weightedEff_Eff3_binv0
rap	pT	cent	dPhi	ctauErrMin	ctauErrMax	NoCutEntry	CutEntry	NSig	NSigErr	NBkg	NBkgErr	coefExp	coefExpErr	coefPol1	coefPol1Err	coeffGaus	coeffGausErr	meanSig1	meanSig1Err	sigmaSig1	sigmaSig1Err	sigmaSig2	sigmaSig2Err	sigmaSig3	sigmaSig3Err	alpha	alphaErr	enne	enneErr	enneW	enneWErr	sigWidth	sigWidthErr	Gmc	GmcErr	bTau	bTauErr	fracRes	fracResErr	meanResSigW	meanResSigWErr	meanResSigN	meanResSigNErr	sigmaResSigW	sigmaResSigWErr	sigmaResSigN	sigmaResSigNErr	fpm	fpmErr	fLiving	fLivingErr	fbkgCtTot	fbkgCtTotErr	lambdam	lambdamErr	lambdap	lambdapErr	lambdasym	lambdasymErr	NLL	nFitPar	EDM	NLLMass	nFitParMass	EDMMass	Prob	PROMPT	PROMPTErr	NON-PROMPT	NON-PROMPTErr	Bfraction	BfractionErr	Resolution	ResolutionErr	
0.0-0.4	6.5-30.0	0.0-100.0	0.000-1.571	0.008	0.064	5617.0	5613.0	3861.14	66.3633	1752.12	47.9067	-0.0872815	0.0943882	-0.05	0.0	1.09123e-06	0.025267	3.09347	0.000356737	0.00985284	0.0377192	0.0183913	0.000302727	0.03	0.0	1.492	0.0	5.0	0.0	1.733	0.0	0.0183913	0.000172545	3.59557e-05	0.000193278	0.427769	0.012943	0.709974	0.264125	-0.00206547	0.00229629	0.00212183	0.00128736	1.32298	0.0992276	0.671459	0.0330707	0.844792	0.107241	0.551696	0.12285	0.346241	0.0342503	0.0707678	1.28966e-06	0.331688	0.0266061	0.0705339	6.03991e-09	-10218.6	4.0	2.55046e-05	-49273.4	7.0	9.23564e-05	1.0	2468.07	56.2649	1393.07	44.0406	0.360793	0.00957317	1171.92	83.3614	
0.0-1.2	6.5-30.0	0.0-10.0	0.000-1.571	0.008	0.088	7848.0	7845.0	4195.59	76.6039	3649.16	72.947	0.00358421	0.0647311	-0.05	0.0	0.500568	0.0	3.0924	0.0	0.0195492	0.0	0.0358746	0.00138821	0.03	0.0	1.492	0.0	5.0	0.0	1.733	0.0	0.0288802	0.000430615	1.12992e-05	0.000388937	0.329568	0.0106022	0.282557	0.0	0.00228371	0.0	0.0015842	0.00067991	1.58042	0.0	0.941458	0.0202473	0.793183	0.57857	0.543934	0.682448	0.542864	0.0840677	0.071073	2.56144e-08	0.258996	0.0646182	0.105631	0.0541037	-12072.2	4.0	2.29289e-06	-67882.1	4.0	6.43843e-05	1.0	2830.47	66.0961	1365.12	48.1579	0.32537	0.0098213	1158.3	5.90345	
0.0-1.2	6.5-30.0	0.0-100.0	0.000-1.571	0.008	0.105	21342.0	21337.0	13406.6	134.434	7930.23	112.221	-0.0139203	0.0456559	-0.05	0.0	0.500568	0.045467	3.0924	0.000269495	0.0195492	0.000569259	0.0348428	0.00160089	0.03	0.0	1.492	0.0	5.0	0.0	1.733	0.0	0.0282422	0.000604201	1.16782e-05	0.000130175	0.396015	0.0070071	0.282557	0.19576	0.00228371	0.00264771	0.000433334	0.000365747	1.58042	0.170805	0.883308	0.0107189	0.650793	0.0215514	0.927736	0.0138404	0.515541	0.0165584	0.0705508	2.3121e-09	0.256594	0.0119091	0.467312	0.0745419	-35512.0	4.0	1.84874e-07	-210026.0	7.0	2.1931e-05	1.0	9084.44	114.254	4322.15	81.4508	0.32239	0.00514395	1124.96	82.1046	
0.0-1.2	6.5-30.0	10.0-20.0	0.000-1.571	0.008	0.088	5156.0	5155.0	3192.42	63.9156	1962.14	53.4314	0.0384179	0.0886615	-0.05	0.0	0.500568	0.0	3.0924	0.0	0.0195492	0.0	0.0344015	0.00135758	0.03	0.0	1.492	0.0	5.0	0.0	1.733	0.0	0.0279707	0.000416953	1.12992e-05	0.000388937	0.468528	0.0153592	0.282557	0.0	0.00228371	0.0	-0.00172649	0.000788753	1.58042	0.0	0.901393	0.023448	0.691946	0.387406	0.799283	0.101934	0.522367	0.259893	0.0708624	0.106016	0.289198	0.0352009	0.449533	0.0698844	-7607.19	4.0	0.000135122	-43378.8	4.0	8.16239e-05	1.0	2004.54	52.7196	1187.89	41.6453	0.372096	0.0107086	1135.2	6.6789	
0.0-1.2	6.5-30.0	20.0-30.0	0.000-1.571	0.008	0.105	3666.0	3663.0	2415.57	55.788	1247.47	44.0934	0.144675	0.11169	-0.05	0.0	0.500568	0.0	3.0924	0.0	0.0195492	0.0	0.035074	0.00179484	0.03	0.0	1.492	0.0	5.0	0.0	1.733	0.0	0.0283848	0.000553823	1.16782e-05	0.000130175	0.495019	0.019801	0.282557	0.0	0.00228371	0.0	0.000829519	0.000819393	1.58042	0.0	0.849719	0.0235779	0.664219	0.0778094	0.999994	2.02061	0.508703	0.0612067	0.0705096	2.93015e-09	0.220003	0.0243009	0.0706393	113.659	-6172.04	4.0	5.15862e-05	-29787.6	4.0	7.35446e-06	1.0	1634.66	46.9579	780.908	33.2421	0.323281	0.0115602	1106.24	6.49664	
0.0-1.2	6.5-30.0	30.0-40.0	0.000-1.571	0.008	0.064	2140.0	2138.0	1532.91	43.1509	604.846	30.5603	-0.418547	0.162099	-0.05	0.0	0.500568	0.0	3.0924	0.0	0.0195492	0.0	0.0367676	0.00204381	0.03	0.0	1.492	0.0	5.0	0.0	1.733	0.0	0.0294358	0.000637496	1.32366e-05	0.000329048	0.321076	0.0178891	0.282557	0.0	0.00228371	0.0	-0.00131279	0.00103099	1.58042	0.0	0.829822	0.0270834	0.576883	0.00561668	1.0	3.06487	0.431226	0.00540701	0.0705978	0.000904449	0.192133	0.00254044	0.0723964	21.5018	-4479.71	4.0	2.09921e-05	-16530.8	4.0	0.000125484	1.0	1112.3	38.4797	420.617	25.3084	0.27439	0.0145918	1095.35	7.36026	
0.0-1.2	6.5-30.0	40.0-50.0	0.000-1.571	0.016	0.048	1319.0	1301.0	1000.03	33.8695	300.944	21.1672	-0.210448	0.228919	-0.05	0.0	0.500568	0.0	3.0924	0.0	0.0195492	0.0	0.0335172	0.00212028	0.03	0.0	1.492	0.0	5.0	0.0	1.733	0.0	0.0274293	0.000646983	1.43354e-05	8.22848e-05	0.316638	0.0201099	0.282557	0.0	0.00228371	0.0	-0.00327186	0.0014095	1.58042	0.0	0.886299	0.0410376	1.0	0.0209072	1.0	0.00711925	0.464426	0.0431901	0.0721424	0.000150829	0.645236	0.0692507	3.46451	1.9352	-2569.96	4.0	1.24848e-05	-9604.56	4.0	1.64661e-06	1.0	673.729	29.72	326.303	22.0169	0.326293	0.0190418	1126.64	11.5807	
0.0-1.2	6.5-30.0	50.0-100.0	0.000-1.571	0.008	0.056	1210.0	1208.0	1060.75	34.0498	147.396	15.6861	-0.390529	0.335234	-0.05	0.0	0.500568	0.0	3.0924	0.0	0.0195492	0.0	0.0322669	0.00174193	0.03	0.0	1.492	0.0	5.0	0.0	1.733	0.0	0.02667	0.000526274	1.34486e-05	0.000306561	0.37191	0.0246135	0.282557	0.0	0.00228371	0.0	0.0010059	0.00111371	1.58042	0.0	0.766595	0.0337476	1.0	0.0214614	1.0	0.715824	0.400571	0.0494233	0.0704444	9.82482e-09	0.219342	0.0234214	0.171214	3.98646	-3132.53	4.0	8.23136e-05	-9239.54	4.0	5.39063e-05	1.0	770.166	30.5391	290.581	20.2102	0.27394	0.0169022	1061.78	8.74043	
0.0-2.4	10.0-13.0	0.0-100.0	0.000-1.571	0.008	0.136	6740.0	6738.0	5004.59	79.7313	1733.3	55.5451	-0.641571	0.100592	-0.05	0.0	0.402745	0.0695429	3.09097	0.000546439	0.021519	0.00164972	0.0424464	0.00239717	0.03	0.0	1.492	0.0	5.0	0.0	1.733	0.0	0.0355326	0.00109579	1.25623e-05	9.06713e-05	0.392486	0.0108116	0.0553454	0.0788853	0.000212513	0.0144851	0.000215804	0.000519719	2.09412	0.553674	0.948099	0.015617	0.891655	0.246579	0.765182	0.327951	0.345454	0.101839	0.070565	0.130119	0.300034	0.0212096	0.0724607	0.0860079	-11869.9	4.0	9.56931e-08	-59375.6	7.0	2.0489e-05	1.0	3288.22	67.7871	1716.36	50.9749	0.342958	0.00859611	1044.92	72.9212	
0.0-2.4	10.0-30.0	0.0-100.0	0.000-1.571	0.004	0.144	10411.0	10409.0	7799.1	99.088	2609.88	68.0367	-0.66923	0.0820268	-0.05	0.0	0.435151	0.0493572	3.09196	0.000429318	0.0216008	0.00118146	0.044708	0.0019977	0.03	0.0	1.492	0.0	5.0	0.0	1.733	0.0	0.0364974	0.000877009	1.0177e-05	0.00195203	0.369435	0.00796643	0.0477214	0.0592155	-0.000892962	0.00748279	0.000227855	0.000396894	2.03646	0.461587	0.965745	0.0128531	0.913475	0.146079	0.822749	0.745067	0.366698	0.147492	0.0705099	9.81614e-07	0.303797	0.0247683	0.0705429	0.0583113	-18560.9	4.0	3.21511e-07	-96360.8	7.0	3.03569e-06	1.0	4961.54	83.4789	2837.56	65.5347	0.363831	0.00701715	1042.14	50.7982	
0.0-2.4	11.0-13.0	0.0-100.0	0.000-1.571	0.008	0.105	3578.0	3577.0	2744.67	58.4234	832.242	38.7409	-0.851974	0.146244	-0.05	0.0	0.502384	0.0712223	3.09052	0.000720914	0.022934	0.00168796	0.0485613	0.00357507	0.03	0.0	1.492	0.0	5.0	0.0	1.733	0.0	0.0379172	0.00145047	4.93653e-05	0.000238442	0.457389	0.0156681	0.0328637	0.0389686	-0.000371389	0.0145275	0.00194312	0.000715091	2.53131	0.734887	0.995374	0.0222612	0.787563	0.618363	0.958878	3.12568	0.368664	1.40734	0.0705208	2.26363e-07	0.304726	0.204813	0.0712816	16.0007	-6035.43	4.0	2.54164e-06	-29427.9	7.0	7.11416e-05	1.0	1685.1	47.8801	1059.57	38.9177	0.386046	0.0115555	1081.1	57.2737	
0.0-2.4	13.0-16.0	0.0-100.0	0.000-1.571	0.008	0.08	2224.0	2219.0	1762.96	46.411	456.039	29.1059	-0.415613	0.196953	-0.05	0.0	0.424243	0.0676186	3.09383	0.000882312	0.0195776	0.00203475	0.0500989	0.00379076	0.03	0.0	1.492	0.0	5.0	0.0	1.733	0.0	0.0400961	0.00164544	1.00002e-05	0.000966722	0.421532	0.0189041	0.0326157	0.0670782	-0.00999634	0.0183094	0.0023648	0.000857499	1.86063	0.773549	1.02692	0.0282012	0.902325	1.6299	0.879072	7.08367	0.240325	0.891437	0.0705778	1.18261e-06	0.231482	0.160539	0.070663	5.13815e-07	-4092.9	4.0	4.5257e-05	-17253.7	7.0	8.61134e-07	1.0	1132.68	39.1363	630.28	30.2955	0.357512	0.0143779	1064.47	45.8012	
0.0-2.4	13.0-30.0	0.0-100.0	0.000-1.571	0.008	0.105	3671.0	3671.0	2802.11	59.0656	869.022	39.441	-0.724015	0.142822	-0.05	0.0	0.465557	0.0672742	3.09384	0.000701596	0.0212876	0.00170131	0.0482314	0.00344956	0.03	0.0	1.492	0.0	5.0	0.0	1.733	0.0	0.0381344	0.00144588	2.10356e-05	0.0045896	0.333607	0.0115615	0.0347602	0.122355	-0.00537756	0.015369	0.000260484	0.000617699	1.80759	0.989032	0.993601	0.0222925	0.907033	0.0911182	0.989504	0.539246	0.40561	0.0613358	0.0710234	0.0196596	0.307531	0.0253549	0.070786	4.06695	-6726.27	4.0	1.54514e-05	-30237.8	7.0	5.76232e-05	1.0	1673.6	48.83	1128.51	41.3003	0.402736	0.0120487	1032.72	74.6566	
0.0-2.4	16.0-30.0	0.0-100.0	0.000-1.571	0.008	0.064	1446.0	1444.0	1039.98	36.328	404.022	26.1476	-1.0042	0.210212	-0.05	0.0	0.291798	0.186889	3.0938	0.00122239	0.0205784	0.00387875	0.0355495	0.00484552	0.03	0.0	1.492	0.0	5.0	0.0	1.733	0.0	0.031915	0.00230198	5.46616e-05	1.05755	0.230833	0.0126363	0.461092	0.573416	0.00155876	0.00498774	6.31555e-05	2.08663e-08	1.33655	0.440517	0.780205	0.04245	0.994208	0.900755	0.975868	0.988107	0.492417	0.0351165	0.0704441	1.43424	0.391462	0.0503441	0.0704467	5.57749e-07	-2694.42	4.0	8.94884	-10471.1	7.0	1.58513e-05	1.0	574.762	28.4493	465.217	25.8912	0.447333	0.0193812	1073.18	202.022	
0.0-2.4	6.5-30.0	0.0-10.0	0.000-1.571	0.008	0.184	19586.0	19586.0	9005.62	112.668	10581.7	119.456	-0.181269	0.0379819	-0.05	0.0	0.433508	0.0	3.09244	0.0	0.0478603	0.0	0.0243365	0.000577227	0.03	0.0	1.492	0.0	5.0	0.0	1.733	0.0	0.0364487	0.000109166	3.80561e-05	6.9663e-05	0.312302	0.00779599	0.19482	0.0	0.00388614	0.0	0.00202888	0.000436795	1.71004	0.0	0.989159	0.0116247	0.999419	0.0878955	0.369788	0.0290824	0.560119	0.0246273	0.0704716	6.94132e-10	0.380446	0.0165849	0.0990298	0.00644823	-25131.3	4.0	9.33498e-05	-183342.0	4.0	0.000100005	1.0	6447.99	101.687	2557.63	69.6877	0.284003	0.00687428	1165.13	3.97319	
0.0-2.4	6.5-30.0	0.0-100.0	0.000-1.571	0.004	0.128	50728.0	50600.0	28304.5	214.264	22295.5	199.743	-0.219803	0.027002	-0.05	0.0	0.433508	0.0278857	3.09244	0.000252078	0.0478603	0.00118498	0.0242094	0.000557405	0.03	0.0	1.492	0.0	5.0	0.0	1.733	0.0	0.0364008	0.000481292	3.69757e-05	6.79802e-05	0.339439	0.00462562	0.19482	0.0809237	0.00388614	0.00250476	0.00210186	0.000245548	1.71004	0.123875	0.946904	0.00648053	0.654894	0.0172588	0.927558	0.0159238	0.580494	0.0108841	0.0706062	1.12477e-09	0.285884	0.00719687	0.303577	0.044586	-74422.7	4.0	4.52844e-08	-529550.0	7.0	7.95422e-06	1.0	20285.3	185.605	8019.19	120.64	0.283319	0.0036833	1136.51	40.4614	
0.0-2.4	6.5-30.0	0.0-5.0	0.000-1.571	0.008	0.184	10664.0	10664.0	4889.12	83.3617	5775.7	88.5183	-0.0434047	0.0513127	-0.05	0.0	0.433508	0.0	3.09244	0.0	0.0478603	0.0	0.0235299	0.000800984	0.03	0.0	1.492	0.0	5.0	0.0	1.733	0.0	0.0361475	0.000147683	3.80561e-05	6.9663e-05	0.33587	0.0110777	0.19482	0.0	0.00388614	0.0	0.00400952	0.000610082	1.71004	0.0	1.04531	0.0165149	0.70044	0.0934685	0.83044	0.119106	0.644158	0.0488373	0.0706395	0.0379222	0.215413	0.0138326	0.198542	0.0507196	-13797.9	4.0	4.49203e-05	-93345.2	4.0	6.79462e-05	1.0	3522.91	75.1505	1366.21	50.815	0.279439	0.00923707	1203.95	5.77266	
0.0-2.4	6.5-30.0	10.0-15.0	0.000-1.571	0.008	0.152	6641.0	6639.0	3432.3	68.0861	3206.27	66.4045	-0.160634	0.0691313	-0.05	0.0	0.433508	0.0	3.09244	0.0	0.0478603	0.0	0.0237812	0.000852804	0.03	0.0	1.492	0.0	5.0	0.0	1.733	0.0	0.0362405	0.000158509	1.79985e-05	0.004591	0.33241	0.012322	0.19482	0.0	0.00388614	0.0	0.00177351	0.000703535	1.71004	0.0	0.949086	0.0179631	0.671089	0.28706	0.844463	0.21948	0.577594	0.197786	0.070734	0.1411	0.171899	0.0144378	0.210915	0.0516566	-9547.28	4.0	1.76951e-06	-55526.4	4.0	3.21483e-05	1.0	2401.01	60.7042	1031.29	42.8373	0.300466	0.0109654	1137.97	6.03141	
0.0-2.4	6.5-30.0	10.0-20.0	0.000-1.571	0.008	0.16	12217.0	12215.0	6606.6	93.4108	5608.39	87.9061	-0.168602	0.052324	-0.05	0.0	0.433508	0.0	3.09244	0.0	0.0478603	0.0	0.0235844	0.000636669	0.03	0.0	1.492	0.0	5.0	0.0	1.733	0.0	0.0361676	0.000117593	1.00282e-05	0.000232918	0.379321	0.00992946	0.19482	0.0	0.00388614	0.0	0.000825723	0.00052724	1.71004	0.0	0.968775	0.0134949	0.700192	0.283541	0.80967	0.0365467	0.582892	0.163918	0.0706655	0.0884364	0.209496	0.0237372	0.379998	0.046493	-16932.2	4.0	0.000124745	-110114.0	4.0	3.42549e-07	1.0	4570.06	82.4291	2036.54	58.7235	0.308259	0.00774668	1151.25	4.57177	
0.0-2.4	6.5-30.0	15.0-20.0	0.000-1.571	0.008	0.16	5576.0	5576.0	3170.14	63.8616	2405.49	57.5633	-0.178489	0.0799602	-0.05	0.0	0.433508	0.0	3.09244	0.0	0.0478603	0.0	0.0232856	0.000945562	0.03	0.0	1.492	0.0	5.0	0.0	1.733	0.0	0.0360577	0.000172959	1.00282e-05	0.000232918	0.426327	0.0155298	0.19482	0.0	0.00388614	0.0	-0.000675814	0.00079242	1.71004	0.0	0.984228	0.0202715	0.786993	0.0621298	0.721286	0.0560003	0.585307	0.0288941	0.0706517	8.95181e-09	0.264109	0.0280945	0.417719	0.0581299	-7457.07	4.0	2.83497e-08	-46177.3	4.0	3.89917e-05	1.0	2151.87	55.699	1018.27	40.5466	0.321206	0.0110327	1161.76	6.91399	
0.0-2.4	6.5-30.0	20.0-25.0	0.000-1.571	0.008	0.145	4549.0	4549.0	2709.3	58.2793	1839.48	50.2681	-0.264658	0.0917419	-0.05	0.0	0.433508	0.0	3.09244	0.0	0.0478603	0.0	0.0231862	0.000899425	0.03	0.0	1.492	0.0	5.0	0.0	1.733	0.0	0.0360214	0.000163983	3.69686e-05	0.0287936	0.352982	0.0153264	0.19482	0.0	0.00388614	0.0	0.000960652	0.000728667	1.71004	0.0	0.887024	0.0188818	0.65528	0.73719	0.937647	0.0523307	0.585587	0.291634	0.0706154	0.0942363	0.212345	0.0236941	0.491967	0.143298	-7485.08	4.0	5.17119e-05	-36981.1	4.0	2.87217e-05	1.0	1985.33	52.3659	723.971	34.072	0.267217	0.0111855	1096.92	6.14709	
0.0-2.4	6.5-30.0	20.0-30.0	0.000-1.571	0.008	0.152	8386.0	8386.0	5129.34	80.0353	3256.61	67.3288	-0.181333	0.0689056	-0.05	0.0	0.433508	0.0	3.09244	0.0	0.0478603	0.0	0.02338	0.000656047	0.03	0.0	1.492	0.0	5.0	0.0	1.733	0.0	0.0360923	0.000120373	1.79985e-05	0.004591	0.413007	0.012454	0.19482	0.0	0.00388614	0.0	0.00143849	1.18626e-08	1.71004	0.0	0.894125	0.0141768	0.684196	0.165631	0.965011	0.0164691	0.589517	0.10647	0.0704421	0.0364704	0.195745	0.0123012	0.480715	0.139611	-13504.5	4.0	0.086211	-73491.1	4.0	3.67866e-06	1.0	3675.39	70.5891	1453.95	46.996	0.283457	0.00802395	1101.55	4.63271	
0.0-2.4	6.5-30.0	25.0-30.0	0.000-1.571	0.008	0.136	3837.0	3833.0	2417.96	54.838	1414.91	44.7678	-0.0717452	0.104504	-0.05	0.0	0.433508	0.0	3.09244	0.0	0.0478603	0.0	0.0236193	0.00097437	0.03	0.0	1.492	0.0	5.0	0.0	1.733	0.0	0.0361805	0.000180169	3.37928e-05	7.02542e-05	0.469813	0.0193173	0.19482	0.0	0.00388614	0.0	0.00148156	0.000822128	1.71004	0.0	0.888253	0.0215785	0.718893	0.782302	0.875623	0.272439	0.560003	0.224168	0.0806109	0.190805	0.138006	0.010961	0.0704496	8.16439e-09	-6036.4	4.0	4.18643e-07	-30693.6	4.0	1.2529e-05	1.0	1663.39	47.5505	754.564	33.6266	0.312067	0.0119714	1097.72	7.0296	
0.0-2.4	6.5-30.0	30.0-35.0	0.000-1.571	0.008	0.128	2929.0	2927.0	1783.83	47.4873	1142.93	40.1766	-0.396593	0.116951	-0.05	0.0	0.433508	0.0	3.09244	0.0	0.0478603	0.0	0.0245509	0.0012022	0.03	0.0	1.492	0.0	5.0	0.0	1.733	0.0	0.0365301	0.000228854	3.69757e-05	6.79802e-05	0.325525	0.0190999	0.19482	0.0	0.00388614	0.0	0.00162161	0.000948172	1.71004	0.0	0.906584	0.0242107	0.651313	0.0703016	0.995416	0.117603	0.531427	0.0582491	0.0705965	0.015801	0.292412	0.0257317	0.0704583	2.17661e-08	-4812.46	4.0	1.40995e-05	-22526.1	4.0	2.2679e-05	1.0	1355.99	43.7708	427.837	27.2497	0.239842	0.0138776	1109.72	7.96281	
0.0-2.4	6.5-30.0	30.0-40.0	0.000-1.571	0.008	0.128	5034.0	5031.0	3241.12	62.9771	1789.57	50.1458	-0.407212	0.0936393	-0.05	0.0	0.433508	0.0	3.09244	0.0	0.0478603	0.0	0.0241623	0.000835654	0.03	0.0	1.492	0.0	5.0	0.0	1.733	0.0	0.036383	0.000157192	3.69757e-05	6.79802e-05	0.264488	0.0121992	0.19482	0.0	0.00388614	0.0	0.000463728	0.000691977	1.71004	0.0	0.840674	0.0174414	0.981711	1.6185	0.475813	0.473539	0.407432	0.0588764	0.0930434	2.19774	0.418091	0.0233076	0.0704569	2.14519e-10	-8680.65	4.0	6.7731e-05	-41809.2	4.0	2.46149e-05	1.0	2378.52	58.6354	862.603	39.7882	0.266143	0.0111337	1067.12	5.53168	
0.0-2.4	6.5-30.0	35.0-40.0	0.000-1.571	0.008	0.12	2104.0	2104.0	1453.62	41.3496	650.288	30.1081	-0.42211	0.155659	-0.05	0.0	0.433508	0.0	3.09244	0.0	0.0478603	0.0	0.0236638	0.00114266	0.03	0.0	1.492	0.0	5.0	0.0	1.733	0.0	0.036197	0.000211589	3.63218e-05	5.72307e-05	0.217091	0.0133251	0.19482	0.0	0.00388614	0.0	0.00101573	0.00101378	1.71004	0.0	0.797506	0.0253148	0.937085	0.162448	0.525971	0.14914	0.384948	0.0533355	0.0870697	0.0520565	0.505194	0.0599218	0.074234	0.0140065	-3893.72	4.0	3.78379e-07	-15875.4	4.0	4.46455e-06	1.0	1013.32	38.6505	440.3	28.6331	0.302898	0.0177133	1040.1	7.81441	
0.0-2.4	6.5-30.0	40.0-45.0	0.000-1.571	0.008	0.12	1599.0	1597.0	1137.75	36.3903	459.196	25.4113	-0.367379	0.185448	-0.05	0.0	0.433508	0.0	3.09244	0.0	0.0478603	0.0	0.0232777	0.00117272	0.03	0.0	1.492	0.0	5.0	0.0	1.733	0.0	0.0360549	0.000214455	3.63218e-05	5.72307e-05	0.276148	0.0198276	0.19482	0.0	0.00388614	0.0	-0.0024264	0.00122097	1.71004	0.0	0.91283	0.0321957	0.999998	15.2	1.0	0.00696717	0.537976	0.105687	0.0707561	11741.1	0.56184	0.0562029	2.06166	2.06102	-2944.9	4.0	1.57734e-06	-11698.9	4.0	4.22705e-06	1.0	849.176	33.8444	288.572	22.2023	0.253634	0.0177482	1113.83	10.6226	
0.0-2.4	6.5-30.0	40.0-50.0	0.000-1.571	0.008	0.136	2868.0	2865.0	2086.05	49.1176	778.889	33.248	-0.914322	0.146091	-0.05	0.0	0.433508	0.0	3.09244	0.0	0.0478603	0.0	0.0250464	0.000944936	0.03	0.0	1.492	0.0	5.0	0.0	1.733	0.0	0.0367201	0.000182561	3.37928e-05	7.02542e-05	0.293351	0.0141042	0.19482	0.0	0.00388614	0.0	-0.00283922	0.000897773	1.71004	0.0	0.860278	0.024255	0.999999	0.0123736	0.878588	0.276552	0.464549	0.162291	0.0705872	8.47031	0.456474	0.0604675	0.0705111	1.63064e-08	-5158.89	4.0	6.88199e-06	-22693.9	4.0	1.35163e-06	1.0	1471.89	44.6834	614.159	31.6959	0.294412	0.0135207	1079.63	7.78089	
0.0-2.4	6.5-30.0	45.0-50.0	0.000-1.571	0.008	0.136	1269.0	1267.0	952.526	33.007	314.448	21.2461	-1.77593	0.247669	-0.05	0.0	0.433508	0.0	3.09244	0.0	0.0478603	0.0	0.0276363	0.00166239	0.03	0.0	1.492	0.0	5.0	0.0	1.733	0.0	0.037758	0.000344641	3.37928e-05	7.02542e-05	0.310529	0.0198934	0.19482	0.0	0.00388614	0.0	-0.0036805	0.00130729	1.71004	0.0	0.801278	0.0369267	0.936932	0.0341641	0.99996	1.23301	0.42899	0.0378423	0.0706488	3.76703e-08	0.300156	0.0218012	0.0712027	7.23677	-2238.21	4.0	1.90281e-06	-9034.62	4.0	1.81432e-06	1.0	622.014	29.1942	330.512	22.7793	0.346985	0.0206722	1042.43	11.4272	
0.0-2.4	6.5-30.0	5.0-10.0	0.000-1.571	0.008	0.112	8922.0	8886.0	4116.06	75.7304	4770.1	79.9329	-0.335759	0.0567702	-0.05	0.0	0.433508	0.0	3.09244	0.0	0.0478603	0.0	0.0251501	0.000815771	0.03	0.0	1.492	0.0	5.0	0.0	1.733	0.0	0.0367603	0.000158086	3.69703e-05	0.0265992	0.294107	0.0109037	0.19482	0.0	0.00388614	0.0	0.000579477	0.000630972	1.71004	0.0	0.940597	0.0166608	1.0	0.120753	0.330938	0.0294067	0.468932	0.0341486	0.0705407	0.0213453	0.495246	0.0286265	0.0879484	0.00621557	-11431.2	4.0	3.80696e-05	-76185.6	4.0	1.22765e-05	1.0	2924.69	68.2718	1191.37	47.3913	0.289444	0.0102082	1132.28	5.57196	
0.0-2.4	6.5-30.0	50.0-100.0	0.000-1.571	0.008	0.088	2634.0	2613.0	2187.24	49.2589	425.688	25.787	-0.54523	0.197753	-0.05	0.0	0.433508	0.0	3.09244	0.0	0.0478603	0.0	0.025014	0.000986764	0.03	0.0	1.492	0.0	5.0	0.0	1.733	0.0	0.0367076	0.00019046	3.69533e-05	0.0259228	0.332997	0.0165952	0.19482	0.0	0.00388614	0.0	0.00246021	0.000856514	1.71004	0.0	0.859751	0.0233737	1.0	0.0442428	1.0	0.00432632	0.429321	0.0451168	0.0709036	4.52085e-05	0.247054	0.0235668	1.7314	5.4922	-5772.93	4.0	8.47636e-07	-21118.5	4.0	3.33499e-06	1.0	1640.16	45.4939	547.085	29.276	0.250126	0.0121418	1079.29	7.49593	
0.0-2.4	6.5-30.0	50.0-55.0	0.000-1.571	0.008	0.08	932.0	923.0	759.206	29.1496	163.755	15.946	-0.37872	0.315088	-0.05	0.0	0.433508	0.0	3.09244	0.0	0.0478603	0.0	0.0257811	0.00163508	0.03	0.0	1.492	0.0	5.0	0.0	1.733	0.0	0.0370071	0.000322642	1.00002e-05	2.73951e-05	0.27463	0.0250769	0.19482	0.0	0.00388614	0.0	0.00127709	0.00167843	1.71004	0.0	0.985333	0.0493205	1.0	0.0102601	0.999999	0.0809133	0.501702	0.0746383	1.20904	0.498885	0.223079	0.0375883	0.0706061	7.88077e-08	-2062.82	4.0	3.09275e-05	-6460.27	4.0	3.23074e-06	1.0	582.827	27.7991	176.379	17.8296	0.23232	0.0217246	1162.51	16.8297	
0.0-2.4	6.5-30.0	50.0-60.0	0.000-1.571	0.008	0.08	1493.0	1480.0	1230.97	37.0938	248.988	19.8502	-0.443297	0.257526	-0.05	0.0	0.433508	0.0	3.09244	0.0	0.0478603	0.0	0.0263543	0.00131715	0.03	0.0	1.492	0.0	5.0	0.0	1.733	0.0	0.0372351	0.000264057	1.00002e-05	2.73951e-05	0.247088	0.017739	0.19482	0.0	0.00388614	0.0	0.00264081	0.00122493	1.71004	0.0	0.910062	0.0340906	0.999998	8.95756	0.999998	0.022191	0.499534	0.0401951	0.0711149	23.8756	0.28864	0.0218026	0.0705683	8.52207e-10	-3342.41	4.0	4.73213e-06	-11069.9	4.0	3.08257e-06	1.0	937.661	35.4144	293.308	23.107	0.238274	0.0173439	1112.01	11.2321	
0.0-2.4	6.5-30.0	55.0-60.0	0.000-1.571	0.008	0.073	560.0	555.0	470.819	22.892	84.188	11.7228	-0.584533	0.447622	-0.05	0.0	0.433508	0.0	3.09244	0.0	0.0478603	0.0	0.0272192	0.00230144	0.03	0.0	1.492	0.0	5.0	0.0	1.733	0.0	0.0375859	0.000472078	3.34445e-05	6.9324e-05	0.204718	0.0238459	0.19482	0.0	0.00388614	0.0	0.00434796	0.0017553	1.71004	0.0	0.802079	0.0458035	0.909549	8.453	0.999551	0.387948	0.430433	10.5279	0.0704625	22.7185	0.388201	0.179417	0.0709609	6.63995e-08	-1291.78	4.0	6.90354e-06	-3618.46	4.0	5.28468e-06	1.0	352.098	21.9497	118.721	14.9006	0.252158	0.0291769	1042.93	14.1816	
0.0-2.4	6.5-30.0	60.0-100.0	0.000-1.571	0.008	0.088	1141.0	1128.0	950.508	32.2999	177.504	16.4406	-0.693398	0.30662	-0.05	0.0	0.433508	0.0	3.09244	0.0	0.0478603	0.0	0.0227355	0.0013664	0.03	0.0	1.492	0.0	5.0	0.0	1.733	0.0	0.0358583	0.00024539	3.69533e-05	0.0259228	0.418538	0.0289908	0.19482	0.0	0.00388614	0.0	0.00191674	0.00119128	1.71004	0.0	0.797406	0.0313438	0.999979	3.46229	0.999995	0.0547625	0.331042	0.0731661	0.0706861	3.54978	0.203346	0.0194067	0.0705814	6.62354e-06	-2446.8	4.0	2.44959e-06	-8223.85	4.0	2.32939e-07	1.0	687.429	28.8807	263.079	19.1918	0.276777	0.0178668	1040.04	9.67488	
0.0-2.4	6.5-30.0	60.0-70.0	0.000-1.571	0.008	0.088	755.0	743.0	631.879	26.196	111.264	12.8682	-0.828293	0.388322	-0.05	0.0	0.433508	0.0	3.09244	0.0	0.0478603	0.0	0.01968	0.0013354	0.03	0.0	1.492	0.0	5.0	0.0	1.733	0.0	0.0348195	0.000213785	3.69533e-05	0.0259228	0.460118	0.0376111	0.19482	0.0	0.00388614	0.0	0.00216195	0.00145889	1.71004	0.0	0.78272	0.03811	0.986583	0.0216398	0.957382	0.955223	0.417697	0.244665	0.0704429	6.27359e-09	0.239931	0.0344288	0.0706348	4.5558	-1619.65	4.0	2.08134e-05	-5148.96	4.0	3.52342e-05	1.0	446.876	23.1043	185.003	15.7927	0.292782	0.0218479	1031.02	11.6478	
0.0-2.4	6.5-30.0	70.0-100.0	0.000-1.571	0.016	0.073	386.0	382.0	316.266	18.7961	65.7046	10.1365	-0.481491	0.496923	-0.05	0.0	0.433508	0.0	3.09244	0.0	0.0478603	0.0	0.0283558	0.00264734	0.03	0.0	1.492	0.0	5.0	0.0	1.733	0.0	0.038059	0.000558673	3.69173e-05	0.0282483	0.313972	0.040306	0.19482	0.0	0.00388614	0.0	0.00245605	0.00216231	1.71004	0.0	0.8275	0.0571598	0.822194	0.0987648	1.0	0.834834	2.88264e-08	0.203219	0.070455	2.03682e-08	0.157092	0.0312378	0.0760308	5.62984	-832.357	4.0	2.75582e-06	-2336.62	4.0	1.03649e-05	1.0	236.023	17.2494	80.2426	11.1141	0.253719	0.0317423	1058.8	17.9849	
0.0-2.4	6.5-7.5	0.0-100.0	0.000-1.571	0.016	0.16	19526.0	19522.0	8081.9	136.963	11440.2	148.703	-0.0640449	0.0378758	-0.05	0.0	0.410636	0.0754362	3.09097	0.000556604	0.0499477	0.00339301	0.0273746	0.00133785	0.03	0.0	1.492	0.0	5.0	0.0	1.733	0.0	0.0382896	0.00128231	8.17783e-05	0.000350179	0.239306	0.00803586	0.206936	0.0943215	0.00999971	0.0031414	0.00374593	0.00047345	1.88995	0.200823	0.993365	0.010473	0.510694	0.0301705	0.84903	0.0352142	0.677693	0.0191491	0.0704567	0.00743421	0.297781	0.0180346	0.347782	0.0549933	-25617.5	4.0	4.90583e-08	-181158.0	7.0	6.39839e-06	1.0	6396.7	123.47	1685.2	65.6424	0.208515	0.00731316	1233.59	58.8776	
0.0-2.4	6.5-8.0	0.0-100.0	0.000-1.571	0.016	0.16	26297.0	26291.0	11763.8	155.672	14527.4	164.303	-0.11474	0.0335151	-0.05	0.0	0.420113	0.056554	3.09154	0.000440774	0.0489761	0.00241019	0.0268832	0.00101126	0.03	0.0	1.492	0.0	5.0	0.0	1.733	0.0	0.0377729	0.000931648	2.99332e-05	0.00458551	0.303045	0.00759218	0.247328	0.092515	0.00999999	0.0035556	0.00311442	0.000406485	1.76918	0.144226	0.946355	0.00929395	0.52946	0.022827	0.871284	0.0248004	0.63806	0.0146195	0.0706261	1.52182e-08	0.263985	0.0128686	0.338882	0.0442618	-35040.7	4.0	1.0995e-06	-253048.0	7.0	7.59453e-05	1.0	9134.73	138.505	2629.07	76.0388	0.223488	0.00574753	1203.42	50.391	
0.0-2.4	6.5-8.5	0.0-100.0	0.000-1.571	0.016	0.16	31441.0	31420.0	14861.3	166.286	16558.8	171.306	-0.142273	0.0312684	-0.05	0.0	0.414716	0.0432838	3.09138	0.000380222	0.0499474	0.00197267	0.025956	0.000832028	0.03	0.0	1.492	0.0	5.0	0.0	1.733	0.0	0.0378011	0.000769297	7.56762e-05	0.000240875	0.320282	0.00729212	0.226798	0.0773955	0.00999999	0.00269626	0.00308329	0.000358545	1.75627	0.126619	0.958147	0.00844463	0.548976	0.0226145	0.880148	0.0221399	0.631786	0.0135899	0.0704989	1.4975e-09	0.289907	0.0110592	0.331004	0.0392409	-42691.7	4.0	3.18621e-06	-309184.0	7.0	3.14465e-05	1.0	11496.8	148.742	3364.54	83.6256	0.226396	0.00502462	1187.18	41.29	
0.0-2.4	7.5-8.5	0.0-100.0	0.000-1.571	0.008	0.184	11914.0	11914.0	6767.33	101.602	5146.21	93.2735	-0.326398	0.0562195	-0.05	0.0	0.438327	0.0524441	3.0917	0.000518153	0.0488574	0.00213643	0.0241126	0.00113668	0.03	0.0	1.492	0.0	5.0	0.0	1.733	0.0	0.0370523	0.000912455	8.69412e-05	0.000593911	0.397463	0.0116032	0.237333	0.116679	0.00999999	0.0164169	0.00183149	0.000543031	1.6166	0.148917	0.916815	0.0140484	0.626653	0.0320827	0.909072	0.0255039	0.554602	0.022599	0.0705944	2.09559e-09	0.279973	0.0137471	0.342524	0.061657	-17377.3	4.0	3.08799e-05	-107571.0	7.0	3.38572e-05	1.0	5014.35	89.7559	1752.98	55.5089	0.259036	0.0072219	1123.08	52.7867	
0.0-2.4	8.0-10.0	0.0-100.0	0.000-1.571	0.008	0.184	14019.0	14019.0	8939.45	113.915	5080.18	95.4774	-0.251691	0.0565972	-0.05	0.0	0.411822	0.0383316	3.09314	0.000422841	0.0504094	0.00205957	0.0229984	0.00083389	0.03	0.0	1.492	0.0	5.0	0.0	1.733	0.0	0.0368455	0.000796212	8.20597e-05	0.000220638	0.338514	0.00838264	0.223708	0.161679	0.000490489	0.00440365	0.00177632	0.000459607	1.60773	0.189825	0.905399	0.0124531	0.859021	38.4528	0.640949	12.0042	0.503567	27.8622	0.0704554	7.00729e-08	0.36825	4.8181	0.0705291	17.6836	-22222.5	4.0	1.45416e-06	-130684.0	7.0	9.98611e-05	1.0	6327.06	99.4269	2612.38	67.0329	0.292231	0.00650853	1102.09	71.8725	
0.0-2.4	8.5-9.5	0.0-100.0	0.000-1.571	0.008	0.12	6515.0	6505.0	4175.5	77.8592	2329.56	64.8882	-0.182898	0.0832447	-0.05	0.0	0.497544	0.0663246	3.09464	0.000608728	0.0431529	0.00235677	0.0226706	0.00120096	0.03	0.0	1.492	0.0	5.0	0.0	1.733	0.0	0.0344202	0.0010008	6.95629e-05	0.856416	0.298466	0.0095921	0.195257	0.140777	-0.00999932	0.0168172	0.00183659	0.000667854	1.55521	0.187671	0.911722	0.0178813	0.83713	0.305189	0.771467	0.806915	0.511759	0.101556	0.071121	0.0890948	0.265676	0.0279283	0.0706776	0.0821424	-10798.5	4.0	3.58344e-07	-55885.7	7.0	1.85839e-06	1.0	2815.43	66.8165	1360.07	48.4925	0.325726	0.00989876	1068.27	59.0281	
0.0-2.4	9.5-11.0	0.0-100.0	0.000-1.571	0.008	0.136	5521.0	5518.0	3849.5	72.9765	1668.53	56.0762	-0.363485	0.10002	-0.05	0.0	0.387257	0.0625163	3.09266	0.000619569	0.0484835	0.00299241	0.0234349	0.00136281	0.03	0.0	1.492	0.0	5.0	0.0	1.733	0.0	0.0353104	0.00115996	1.00134e-05	0.000394123	0.337609	0.0122373	0.411816	0.288493	0.0022233	0.00388478	0.00011018	0.000722512	1.51553	0.180886	0.744049	0.0205655	0.99996	0.117508	0.564003	0.0708279	0.366375	0.067785	0.0705747	0.793908	0.385756	0.0251196	0.0704569	0.0134994	-9620.5	4.0	7.95599e-07	-47007.3	7.0	1.37329e-06	1.0	2742.07	63.7473	1107.43	42.4534	0.287682	0.00958542	1127.61	122.286	
0.4-0.8	6.5-30.0	0.0-100.0	0.000-1.571	0.008	0.073	6335.0	6335.0	4239.0	73.8952	2095.97	57.5963	0.0525409	0.0881157	-0.05	0.0	0.519412	0.0590173	3.09298	0.000448108	0.0181207	0.000787867	0.0363498	0.00255576	0.03	0.0	1.492	0.0	5.0	0.0	1.733	0.0	0.0283823	0.000949809	1.07909e-05	6.48731e-06	0.450841	0.0135296	0.164736	0.163076	-0.00113548	0.00593586	-0.000404432	0.000586676	1.82366	0.359661	0.943776	0.0176096	0.759429	0.0429452	0.83703	0.036599	0.500925	0.0282502	0.0706374	4.48494e-09	0.277253	0.0292783	0.497383	0.0994722	-10416.8	4.0	5.28192e-05	-55284.9	7.0	8.83678e-06	1.0	2761.97	61.5293	1477.03	46.1591	0.348439	0.00903765	1136.6	99.6268	
0.8-1.2	6.5-30.0	0.0-100.0	0.000-1.571	0.008	0.105	9390.0	9385.0	5354.6	95.6544	4030.32	88.4451	0.00826387	0.0682095	-0.05	0.0	0.452629	0.094653	3.0923	0.00058604	0.032554	0.00547695	0.0310101	0.0052084	0.03	0.0	1.492	0.0	5.0	0.0	1.733	0.0	0.0317182	0.00188839	3.76156e-05	0.000218351	0.309624	0.0096806	0.510138	0.279061	0.00698866	0.00378923	-0.000329943	0.000667588	1.44442	0.131788	0.741281	0.0181973	0.580141	0.0333459	0.930285	0.0258585	0.574628	0.0248853	0.0705337	2.62816e-09	0.229873	0.0158357	0.342638	0.0932902	-15461.8	4.0	2.19801e-05	-82916.6	7.0	5.97906e-05	1.0	3898.61	82.225	1455.99	50.8634	0.271913	0.00816311	1154.77	101.965	
1.2-1.6	6.5-30.0	0.0-10.0	0.000-1.571	0.008	0.136	5037.0	5031.0	2059.17	55.4021	2972.23	63.1088	-0.130176	0.0714328	-0.05	0.0	0.590826	0.0	3.09131	0.0	0.0435133	0.0	0.0312613	0.0020551	0.03	0.0	1.492	0.0	5.0	0.0	1.733	0.0	0.0389686	0.000337291	2.31047e-05	0.000294422	0.298692	0.0155615	0.103775	0.0	0.00999984	0.0	0.00227079	0.000766675	2.09199	0.0	0.882861	0.0200896	0.97245	5.93729	0.317056	0.63471	0.394882	0.154049	0.540461	6.11627	0.507807	0.0606746	0.0705244	1.75238e-07	-5864.56	4.0	1.98142e-05	-39827.9	4.0	0.000133491	1.0	1447.59	49.6353	611.585	34.893	0.297005	0.0149427	1073.65	7.40267	
1.2-1.6	6.5-30.0	0.0-100.0	0.000-1.571	0.008	0.136	12406.0	12391.0	6382.68	108.869	6008.43	107.12	-0.228647	0.0533967	-0.05	0.0	0.590826	0.0924269	3.09131	0.000648491	0.0435133	0.00181556	0.0308687	0.00204366	0.03	0.0	1.492	0.0	5.0	0.0	1.733	0.0	0.0388403	0.000885746	2.31047e-05	0.000294422	0.284267	0.00874654	0.103775	0.0507441	0.00999984	0.0195355	0.00184049	0.000473714	2.09199	0.256609	0.953562	0.012149	0.949015	0.0488722	0.42832	0.0578882	0.48354	0.0805009	0.182769	0.0693999	0.436248	0.0216966	0.0704647	0.0163129	-17308.7	4.0	0.000112232	-111081.0	7.0	2.57553e-05	1.0	4656.49	94.9508	1726.2	59.7841	0.27045	0.00815187	1126.54	46.4439	
1.2-1.6	6.5-30.0	10.0-20.0	0.000-1.571	0.008	0.128	2792.0	2784.0	1430.5	45.8978	1353.56	45.0505	-0.222258	0.106415	-0.05	0.0	0.590826	0.0	3.09131	0.0	0.0435133	0.0	0.0371116	0.00369632	0.03	0.0	1.492	0.0	5.0	0.0	1.733	0.0	0.0410148	0.000684252	2.94195e-05	0.000284662	0.222622	0.0136864	0.103775	0.0	0.00999984	0.0	0.00288788	0.00107991	2.09199	0.0	1.03441	0.027017	0.596069	0.0737423	0.999995	0.641817	0.637963	0.0474373	0.0990357	0.0178044	0.217451	0.0232302	0.145879	2.17654	-4105.3	4.0	2.52838e-05	-20734.2	4.0	2.31926e-05	1.0	996.891	41.9951	433.606	30.5626	0.303116	0.0190231	1188.75	10.5348	
1.2-1.6	6.5-30.0	20.0-30.0	0.000-1.571	0.008	0.105	2034.0	2029.0	1189.72	38.7387	839.146	33.913	-0.0930906	0.135163	-0.05	0.0	0.590826	0.0	3.09131	0.0	0.0435133	0.0	0.0262778	0.00219104	0.03	0.0	1.492	0.0	5.0	0.0	1.733	0.0	0.0374329	0.000314677	1.00889e-05	0.00459463	0.326774	0.0221793	0.103775	0.0	0.00999984	0.0	-0.00207725	0.00107501	2.09199	0.0	1.00271	0.0253172	1.0	0.00990325	0.820058	0.162269	0.706167	0.057668	0.266812	0.0175692	0.157822	0.0208858	0.0704582	1.99862e-08	-3497.74	4.0	3.90752e-06	-14790.0	4.0	1.42305e-05	1.0	883.404	35.4703	306.316	23.0264	0.257469	0.0174445	1164.15	9.77166	
1.2-1.6	6.5-30.0	30.0-40.0	0.000-1.571	0.008	0.12	1254.0	1244.0	698.596	30.0286	545.389	27.3579	-0.298568	0.167764	-0.05	0.0	0.590826	0.0	3.09131	0.0	0.0435133	0.0	0.0284388	0.00323797	0.03	0.0	1.492	0.0	5.0	0.0	1.733	0.0	0.0380736	0.000494809	1.72747e-05	0.00459133	0.246926	0.0305197	0.103775	0.0	0.00999984	0.0	0.00534336	0.0013717	2.09199	0.0	0.901192	0.0355739	0.903134	0.104155	0.683808	0.192222	0.308507	0.119905	0.0922263	0.0383098	0.5353	0.0561412	0.0704686	0.025548	-1827.28	4.0	2.19399e-06	-8393.29	4.0	1.22869e-05	1.0	569.001	29.4296	129.594	17.2896	0.185507	0.0234294	1087.21	13.2136	
1.2-1.6	6.5-30.0	40.0-50.0	0.000-1.571	0.016	0.064	654.0	641.0	472.601	23.3396	168.422	15.51	-2.04646	0.352424	-0.05	0.0	0.590826	0.0	3.09131	0.0	0.0435133	0.0	0.0310693	0.00427252	0.03	0.0	1.492	0.0	5.0	0.0	1.733	0.0	0.0389057	0.00069804	2.95545e-05	0.000300613	0.294518	0.0322574	0.103775	0.0	0.00999984	0.0	-0.00397377	0.00199668	2.09199	0.0	1.01086	0.054306	0.998429	0.104417	0.983101	0.60896	0.468936	0.723861	0.070456	9.97171e-09	0.329072	0.093285	0.0810319	4.92567	-1174.18	4.0	1.65585e-07	-4111.37	4.0	3.52029e-06	1.0	347.357	21.9071	125.244	14.9634	0.265009	0.0288304	1170.46	21.0171	
1.2-1.6	6.5-30.0	50.0-100.0	0.000-1.571	0.016	0.073	633.0	627.0	514.143	23.7036	112.849	12.6718	-1.2522	0.389318	-0.05	0.0	0.590826	0.0	3.09131	0.0	0.0435133	0.0	0.0290127	0.00278958	0.03	0.0	1.492	0.0	5.0	0.0	1.733	0.0	0.0382504	0.000432881	1.01642e-05	0.000817577	0.361886	0.0370938	0.103775	0.0	0.00999984	0.0	0.00530451	0.0018723	2.09199	0.0	0.997148	0.0525175	1.0	0.220327	1.0	0.257087	0.442607	0.226882	0.0707633	1.61033e-07	0.304574	0.106171	0.0706422	1.58652e-05	-1261.1	4.0	9.99203e-08	-4147.13	4.0	6.93091e-07	1.0	387.273	21.8637	126.87	13.9086	0.246759	0.0245436	1159.86	20.2322	
1.6-2.0	6.5-30.0	0.0-100.0	0.000-1.571	0.008	0.16	12565.0	12549.0	6255.07	121.763	6293.94	121.92	-0.422805	0.0551053	-0.05	0.0	0.555164	0.118725	3.09089	0.00079213	0.0541039	0.00274482	0.0342003	0.00339664	0.03	0.0	1.492	0.0	5.0	0.0	1.733	0.0	0.0463185	0.00154003	2.61437e-05	0.00458725	0.275881	3.74678	0.462154	0.274076	0.00485629	0.00340939	0.0042114	2.98718	1.4787	0.146906	0.882314	9.09509	0.712225	0.0516956	0.836269	0.0459639	0.653581	0.0274185	0.0704382	0.0159106	0.239721	0.0134382	0.306739	0.047996	-16847.9	4.0	1.18603e-07	-111684.0	7.0	8.31415e-06	1.0	4848.88	36848.3	1406.2	36848.2	0.224809	5.89093	1195.5	1807.41	
1.6-2.4	3.0-30.0	0.0-100.0	0.000-1.571	0.008	0.264	303540.0	303530.0	53210.9	373.755	250319.0	580.332	0.244038	0.00781613	-0.05	0.0	1.17362e-12	0.00201281	3.0904	0.000424598	0.0882144	0.0175671	0.052	4.23173e-05	0.03	0.0	1.89	0.0	5.0	0.0	1.44	0.0	0.052	5.34994e-05	1.05692e-05	6.49144e-05	0.280486	0.00502512	0.19593	0.106578	0.00823221	0.0041731	0.00891555	0.000179169	1.71895	0.159922	1.00735	0.00256521	0.951391	0.016909	0.754225	0.00940902	0.766268	0.00582732	0.0706109	3.52488e-07	0.16858	0.00467765	0.452674	0.00869905	-250388.0	4.0	1.7158e-05	-3574510.0	7.0	9.17762e-06	1.0	44427.6	370.77	8783.3	209.51	0.165066	0.00376277	1181.04	49.3595	
1.6-2.4	3.0-4.5	0.0-100.0	0.000-1.571	0.016	0.264	226869.0	226863.0	29810.8	21.9779	197052.0	36.3425	0.424642	0.000681811	-0.05	0.0	1.21916e-08	0.018252	3.09022	4.90979e-05	0.0976161	0.0500746	0.0512739	4.16891e-05	0.03	0.0	1.86	0.0	5.0	0.0	1.38	0.0	0.0512739	0.000614392	8.85777e-05	0.0369611	0.293258	0.00841504	0.101357	0.069759	0.0499991	0.0925249	0.00640998	0.000210857	1.84755	0.275177	1.04669	0.00277448	0.971706	0.0188117	0.746566	0.0106706	0.70957	0.0113945	0.070465	9.75749e-08	0.110481	0.00422909	0.450645	0.00842079	-176812.0	4.0	0.000106246	-2602030.0	7.0	8.30818e-07	1.0	25946.9	155.021	3863.87	153.863	0.129613	0.00516042	1153.47	41.5738	
1.6-2.4	3.0-5.5	0.0-100.0	0.000-1.571	0.016	0.264	267520.0	267510.0	37340.8	741.915	230169.0	861.991	0.285857	0.00815276	-0.05	0.0	0.892587	0.0336753	3.0898	0.000545756	0.0483451	0.000769431	0.13	0.00508943	0.03	0.0	1.86	0.0	5.0	0.0	1.38	0.0	0.0624619	0.0020608	1.55371e-05	0.00459213	0.300261	0.00704399	0.125652	0.0884483	0.0251244	0.0167426	0.00837674	0.000191248	1.92178	0.271466	1.04543	0.0025673	0.999995	89.03	0.729473	5.89045	0.762581	1.74854	0.0710029	0.000280144	0.137055	1.24443	0.45915	2.78751	-212338.0	4.0	1.48882e-06	-3112940.0	7.0	1.24531e-08	1.0	32046.2	658.372	5294.61	197.764	0.141791	0.00448474	1191.49	55.5564	
1.6-2.4	3.0-6.5	0.0-10.0	0.000-1.571	0.016	0.264	156902.0	156892.0	17026.8	282.104	139864.0	449.887	0.220697	0.0103499	-0.05	0.0	7.59739e-09	0.0	3.09043	0.0	0.0479203	0.0	0.0490357	0.000779318	0.03	0.0	1.86	0.0	5.0	0.0	1.38	0.0	0.0490357	0.000389659	1.3729e-05	0.00459296	0.211458	0.00955676	0.173641	0.0	0.0248856	0.0	0.0122149	0.000269387	1.74699	0.0	1.07965	0.00369262	0.999999	0.208081	0.624377	0.0145577	0.833432	0.00299201	0.0705788	4.68093e-07	0.332486	0.00755023	0.337622	0.0113788	-112584.0	4.0	1.74222e-05	-1739890.0	4.0	8.13987e-06	1.0	14222.4	281.366	2804.47	160.623	0.164709	0.00903018	1221.96	1.34803	
1.6-2.4	3.0-6.5	0.0-100.0	0.000-1.571	0.016	0.264	286561.0	286551.0	43875.5	407.611	242673.0	604.071	0.268974	0.00793471	-0.05	0.0	7.59739e-09	0.0107004	3.09043	0.000482871	0.0479203	0.0421218	0.0504921	0.000471762	0.03	0.0	1.86	0.0	5.0	0.0	1.38	0.0	0.0504921	0.000236262	1.3729e-05	0.00459296	0.276602	0.00631607	0.173641	0.119565	0.0248856	0.0127773	0.0108039	0.000189343	1.74699	0.202734	1.04432	0.00261543	0.871282	0.0241417	0.728256	0.0131472	0.801266	0.00615313	0.0706904	7.02224e-09	0.211186	0.00753712	0.430328	0.0108571	-230320.0	4.0	1.28223e-05	-3355350.0	7.0	6.35564e-05	1.0	37658.2	396.218	6217.25	194.753	0.141702	0.00423907	1196.32	55.3464	
1.6-2.4	3.0-6.5	0.0-20.0	0.000-1.571	0.016	0.264	234730.0	234720.0	29577.5	360.152	205143.0	552.489	0.264279	0.00855526	-0.05	0.0	7.59739e-09	0.0	3.09043	0.0	0.0479203	0.0	0.0496036	0.000613084	0.03	0.0	1.86	0.0	5.0	0.0	1.38	0.0	0.0496036	0.000306542	1.3729e-05	0.00459296	0.238519	0.00762644	0.173641	0.0	0.0248856	0.0	0.0129335	0.000214733	1.74699	0.0	1.07076	0.00293233	0.870942	0.0320965	0.705714	0.0181304	0.828266	0.00526911	0.0705594	6.83028e-09	0.274491	0.00686993	0.395271	0.0127827	-181983.0	4.0	1.87371e-06	-2699110.0	4.0	4.0103e-06	1.0	25366.8	353.944	4210.7	180.273	0.142362	0.00584324	1215.48	1.06732	
1.6-2.4	3.0-6.5	10.0-20.0	0.000-1.571	0.016	0.209	77828.0	77695.0	12732.6	225.753	64963.9	321.198	0.368492	0.0152514	-0.05	0.0	7.59739e-09	0.0	3.09043	0.0	0.0479203	0.0	0.0514252	0.00100642	0.03	0.0	1.86	0.0	5.0	0.0	1.38	0.0	0.0514252	0.000503212	1.37782e-05	0.00459294	0.285324	0.0113165	0.173641	0.0	0.0248856	0.0	0.0116128	0.000355211	1.74699	0.0	1.02714	0.00478362	0.793172	0.0322344	0.829531	0.0159829	0.769946	0.0129078	0.0706967	2.31913e-08	0.13623	0.0079062	0.444707	0.0208786	-70087.4	4.0	3.45656e-07	-808834.0	4.0	4.97161e-05	1.0	11094.5	215.477	1638.18	92.6287	0.12866	0.006908	1183.96	1.71469	
1.6-2.4	3.0-6.5	20.0-30.0	0.000-1.571	0.016	0.192	28301.0	28295.0	6425.6	140.557	21869.9	187.6	0.22132	0.0263698	-0.05	0.0	7.59739e-09	0.0	3.09043	0.0	0.0479203	0.0	0.0588245	0.00123688	0.03	0.0	1.86	0.0	5.0	0.0	1.38	0.0	0.0588245	0.000618439	1.37746e-05	0.00459294	0.267627	0.0125317	0.173641	0.0	0.0248856	0.0	-0.0046689	0.000581564	1.74699	0.0	0.946972	0.00842416	0.987763	0.0551933	0.803173	0.0406822	0.533896	0.0637549	0.0704639	5.9462e-12	0.0772254	0.00618428	0.355463	0.0277007	-25602.3	4.0	0.000101822	-266585.0	4.0	2.697e-05	1.0	5270.62	135.855	1154.97	76.1745	0.179746	0.0111838	1127.38	2.92369	
1.6-2.4	3.0-6.5	20.0-40.0	0.000-1.571	0.016	0.192	41601.0	41586.0	10027.6	170.052	31558.2	224.599	0.232973	0.0219516	-0.05	0.0	7.59739e-09	0.0	3.09043	0.0	0.0479203	0.0	0.055312	0.000950589	0.03	0.0	1.86	0.0	5.0	0.0	1.38	0.0	0.055312	0.000475295	1.37746e-05	0.00459294	0.298029	0.0108901	0.173641	0.0	0.0248856	0.0	-0.00136064	0.000466129	1.74699	0.0	0.94283	0.0067774	0.943126	0.0405715	0.801228	0.0225388	0.600307	0.0254479	0.0708957	3.87415e-09	0.0869737	0.00418402	0.337047	0.0178279	-38457.1	4.0	4.27225e-05	-408349.0	4.0	3.66053e-05	1.0	8282.16	162.526	1745.44	86.9719	0.174064	0.00815549	1124.51	2.34786	
1.6-2.4	3.0-6.5	30.0-40.0	0.000-1.571	0.016	0.152	13299.0	13139.0	3513.81	91.7824	9626.09	120.552	0.297406	0.0397336	-0.05	0.0	7.59739e-09	0.0	3.09043	0.0	0.0479203	0.0	0.0464918	0.00128116	0.03	0.0	1.86	0.0	5.0	0.0	1.38	0.0	0.0464918	0.000640581	1.3843e-05	0.00459291	0.355605	0.0207539	0.173641	0.0	0.0248856	0.0	0.00414037	0.000788532	1.74699	0.0	0.931661	0.0113798	0.847281	0.0780864	0.635638	0.215131	0.679014	0.0461626	0.139307	0.0360947	0.1566	0.0121008	0.0706221	4.19612e-09	-13396.9	4.0	4.00626e-06	-114331.0	4.0	0.000144263	1.0	2932.21	87.4459	581.599	44.849	0.165518	0.0120091	1116.79	3.92249	
1.6-2.4	3.0-6.5	40.0-100.0	0.000-1.571	0.016	0.168	10229.0	10224.0	4337.93	85.5196	5886.08	94.1366	0.626885	0.05185	-0.05	0.0	7.59739e-09	0.0	3.09043	0.0	0.0479203	0.0	0.0464449	0.000840217	0.03	0.0	1.86	0.0	5.0	0.0	1.38	0.0	0.0464449	0.000420109	1.33924e-05	0.00459311	0.294685	0.0160275	0.173641	0.0	0.0248856	0.0	0.00800696	0.000813808	1.74699	0.0	0.88674	0.011882	0.93108	0.102254	0.746954	0.0711415	0.731065	0.0270513	0.0708815	2.4748e-06	0.260088	0.0174161	0.218782	0.0387969	-11637.2	4.0	1.97388e-05	-87909.4	4.0	2.20613e-08	1.0	3613.09	85.3772	724.837	49.1912	0.167093	0.0108508	1086.15	4.00807	
1.6-2.4	3.0-6.5	40.0-50.0	0.000-1.571	0.016	0.145	6104.0	6067.0	2117.39	62.1485	3949.21	75.455	0.742426	0.0631534	-0.05	0.0	7.59739e-09	0.0	3.09043	0.0	0.0479203	0.0	0.0435922	0.00117467	0.03	0.0	1.86	0.0	5.0	0.0	1.38	0.0	0.0435922	0.000587334	1.39771e-05	0.00459285	0.28484	0.0223073	0.173641	0.0	0.0248856	0.0	0.0101256	0.00108852	1.74699	0.0	0.945443	0.0172007	0.999949	0.102012	0.856585	0.0663788	0.866876	0.0171014	0.0708375	1.56533e-06	0.33928	0.0330654	0.265388	0.0829487	-6551.21	4.0	2.52773e-06	-48629.7	4.0	3.55249e-05	1.0	1768.77	60.5842	348.62	32.8616	0.164646	0.0147483	1126.32	5.96564	
1.6-2.4	3.0-6.5	50.0-100.0	0.000-1.571	0.016	0.168	4124.0	4124.0	2249.35	58.4714	1874.48	55.1721	0.483447	0.0926415	-0.05	0.0	7.59739e-09	0.0	3.09043	0.0	0.0479203	0.0	0.0499013	0.00120826	0.03	0.0	1.86	0.0	5.0	0.0	1.38	0.0	0.0499013	0.000604129	1.33924e-05	0.00459311	0.268186	0.0174663	0.173641	0.0	0.0248856	0.0	0.00218763	0.00133294	1.74699	0.0	0.884317	0.0174716	0.999339	0.0918714	0.669667	0.0723811	0.7162	0.0256776	0.0704411	1.8524e-08	0.190425	0.019576	0.233947	0.0349919	-5221.22	4.0	7.39641	-32204.9	4.0	6.99497e-06	1.0	1727.11	61.5195	522.239	44.1961	0.232173	0.0186985	1084.52	5.88631	
1.6-2.4	4.5-5.5	0.0-100.0	0.000-1.571	0.016	0.192	40651.0	40587.0	8105.98	153.037	32481.1	218.613	-0.406941	0.021925	-0.05	0.0	0.979709	0.0231422	3.08924	0.000938544	0.0494332	0.00129863	0.0154712	0.00769383	0.03	0.0	1.86	0.0	5.0	0.0	1.38	0.0	0.0489787	0.00069327	2.24592e-05	0.000300031	0.318377	0.0118015	0.168306	0.155053	0.0139897	0.0158776	0.00938176	0.000444302	1.94031	0.379299	1.06311	0.00684596	0.963892	0.0992095	0.562676	0.0838183	0.841186	0.0104364	0.0720036	4.05533e-07	0.313622	0.0202716	0.25923	0.028856	-36406.3	4.0	1.11397e-05	-397214.0	7.0	0.000131721	1.0	6520.52	141.088	1585.46	75.1476	0.195591	0.00850346	1254.44	95.2431	
1.6-2.4	5.5-6.5	0.0-100.0	0.000-1.571	0.016	0.168	19040.0	19000.0	5518.98	121.501	13480.9	150.724	-0.495511	0.034427	-0.05	0.0	0.91224	0.0978713	3.0931	0.00105786	0.0526437	0.00240853	0.0309461	0.00834168	0.03	0.0	1.86	0.0	5.0	0.0	1.38	0.0	0.0511095	0.00144341	1.49587e-05	0.00459239	0.280495	0.0122597	0.433557	0.413492	0.016385	0.017632	0.00848239	0.000750302	1.45242	0.194727	0.870601	0.0134961	0.501405	0.0705337	0.841011	0.0844567	0.672667	0.0440205	0.07051	0.0196121	0.303819	0.0177631	0.201396	0.0451676	-19064.4	4.0	6.92075e-07	-172692.0	7.0	0.000661947	1.0	4506.03	111.178	1012.96	54.9282	0.18354	0.00909545	1159.28	131.644	
1.6-2.4	6.5-30.0	0.0-10.0	0.000-1.571	0.008	0.184	6701.0	6701.0	2804.55	66.5443	3896.45	74.2965	-0.414788	0.0631228	-0.05	0.0	0.671412	0.0	3.0907	0.0	0.0563859	0.0	0.0319287	0.00242829	0.03	0.0	1.492	0.0	5.0	0.0	1.733	0.0	0.0496955	0.000256322	6.70809e-05	0.00017923	0.298086	0.0163575	0.211707	0.0	0.00199102	0.0	0.0044395	0.000877493	1.6767	0.0	1.09072	0.0197663	0.688987	0.0471824	0.899538	0.0817369	0.673902	0.0262715	0.102083	0.0230917	0.270555	0.018791	0.300051	0.107899	-7731.12	4.0	1.88336e-06	-54724.6	4.0	5.19204e-06	1.0	2249.34	62.9191	555.208	35.8319	0.197967	0.0118815	1238.14	6.8632	
1.6-2.4	6.5-30.0	0.0-100.0	0.000-1.571	0.008	0.152	16979.0	16956.0	8584.32	161.873	8371.38	161.151	-0.443774	0.0493608	-0.05	0.0	0.671412	0.126492	3.0907	0.000701423	0.0563859	0.00271112	0.0314978	0.00518805	0.03	0.0	1.492	0.0	5.0	0.0	1.733	0.0	0.0496051	0.00181865	2.77437e-05	0.00458652	0.259869	0.00743875	0.211707	0.175346	0.00199102	0.00574194	0.00365104	0.00048643	1.6767	0.235346	0.923378	0.0111205	0.724787	0.0629464	0.655644	0.117226	0.548143	0.0263125	0.07051	5.46886e-07	0.25308	0.0138593	0.0706812	5.44771e-07	-22834.3	4.0	1.7838e-05	-155999.0	7.0	6.10171e-05	1.0	6540.64	137.998	2043.68	72.9169	0.238071	0.00721096	1125.74	84.8943	
1.6-2.4	6.5-30.0	10.0-20.0	0.000-1.571	0.008	0.16	4268.0	4268.0	2057.92	55.6102	2210.11	56.9611	-0.346455	0.0838486	-0.05	0.0	0.671412	0.0	3.0907	0.0	0.0563859	0.0	0.0333591	0.00335477	0.03	0.0	1.492	0.0	5.0	0.0	1.733	0.0	0.0500033	0.000367705	2.91966e-05	0.00458585	0.222493	0.0130534	0.211707	0.0	0.00199102	0.0	0.00134204	0.00101703	1.6767	0.0	0.965734	0.0214818	0.999973	0.163116	0.708989	0.0589295	0.641205	0.0354936	0.0706629	0.783675	0.137347	0.0153341	0.248642	0.0368471	-5814.42	4.0	3.42697e-06	-33226.4	4.0	1.39277e-05	1.0	1551.74	53.5537	506.182	36.0112	0.245967	0.0161873	1153.42	7.08925	
1.6-2.4	6.5-30.0	20.0-30.0	0.000-1.571	0.008	0.152	2685.0	2685.0	1503.63	44.6462	1181.22	40.8773	-0.635491	0.116147	-0.05	0.0	0.671412	0.0	3.0907	0.0	0.0563859	0.0	0.0263058	0.00261325	0.03	0.0	1.492	0.0	5.0	0.0	1.733	0.0	0.0486009	0.000232386	2.77437e-05	0.00458652	0.2899	0.0176106	0.211707	0.0	0.00199102	0.0	0.00285104	0.00105736	1.6767	0.0	0.822832	0.02527	0.873678	0.932486	0.617797	0.290423	0.587704	0.126918	0.070744	0.196247	0.0705799	0.853822	0.326029	0.116466	-4018.61	4.0	4.54785e-07	-19998.4	4.0	4.68157e-05	1.0	1099.99	40.9653	403.642	27.4781	0.268445	0.0164446	1062.49	7.71343	
1.6-2.4	6.5-30.0	30.0-40.0	0.000-1.571	0.008	0.12	1639.0	1637.0	1009.21	36.1512	627.697	30.421	-0.526037	0.159212	-0.05	0.0	0.671412	0.0	3.0907	0.0	0.0563859	0.0	0.0277485	0.00327182	0.03	0.0	1.492	0.0	5.0	0.0	1.733	0.0	0.0488638	0.000305256	7.90451e-05	0.000185159	0.216842	0.0156637	0.211707	0.0	0.00199102	0.0	0.00104107	0.00137097	1.6767	0.0	0.843861	0.0301305	1.0	0.235438	0.999999	0.272632	0.732786	0.0886889	0.0704561	7.86278e-05	0.268601	0.0830052	0.0791636	0.000171061	-2629.98	4.0	1.47275e-06	-11502.7	4.0	7.51078e-06	1.0	685.869	34.1055	323.344	26.3386	0.320392	0.0234393	1075.42	9.31877	
1.6-2.4	6.5-30.0	40.0-50.0	0.000-1.571	0.008	0.136	894.0	892.0	586.855	26.9021	305.078	21.023	-0.953014	0.232892	-0.05	0.0	0.671412	0.0	3.0907	0.0	0.0563859	0.0	0.0308795	0.00365304	0.03	0.0	1.492	0.0	5.0	0.0	1.733	0.0	0.0494772	0.000374577	6.70209e-05	0.882424	0.238839	0.0247767	0.211707	0.0	0.00199102	0.0	0.000222104	0.00152029	1.6767	0.0	0.674921	0.035222	0.789455	0.745712	0.907583	1.48941	0.395047	0.9984	0.0705955	1.48019e-08	0.248396	0.151455	0.0705679	10.91	-1511.02	4.0	0.000104447	-5786.99	4.0	1.22801e-05	1.0	438.804	25.4922	148.051	17.0672	0.252279	0.0266843	976.862	9.5916	
1.6-2.4	6.5-30.0	50.0-100.0	0.000-1.571	0.008	0.088	790.0	772.0	608.307	26.8159	163.529	16.5649	-0.238437	0.31541	-0.05	0.0	0.671412	0.0	3.0907	0.0	0.0563859	0.0	0.0448392	0.00575341	0.03	0.0	1.492	0.0	5.0	0.0	1.733	0.0	0.0528707	0.000801659	7.21792e-05	0.000182081	0.215605	0.0248124	0.211707	0.0	0.00199102	0.0	0.00405038	0.0019442	1.6767	0.0	0.822648	0.0421613	0.771753	255.349	0.999992	72919.7	0.259685	225.929	0.0705674	1.84556e-06	0.224068	77.5888	0.0705112	343537.0	-1529.56	4.0	1.80445e-05	-5044.28	4.0	8.35902e-05	1.0	479.532	26.4496	128.775	16.8802	0.211695	0.0261332	1062.38	12.8678	
2.0-2.4	6.5-30.0	0.0-100.0	0.000-1.571	0.008	0.152	4413.0	4411.0	2378.72	66.1194	2032.29	63.4407	-0.507552	0.0908493	-0.05	0.0	0.847137	0.0582498	3.0908	0.00148755	0.0626235	0.00304275	0.0237789	0.00451107	0.03	0.0	1.492	0.0	5.0	0.0	1.733	0.0	0.0583837	0.00162222	7.87116e-05	0.000484264	0.228088	0.0122402	0.0616687	0.0610904	-0.00999983	0.0176875	0.00204778	0.000827142	2.1655	0.541626	0.918769	0.017718	0.808525	0.0472997	0.999998	0.204484	0.630653	0.0336699	0.121368	0.0238695	0.196956	0.01431	0.15139	3.00552	-6198.25	4.0	2.2587e-06	-34659.7	7.0	1.98627e-05	1.0	1766.53	60.1148	612.193	38.6299	0.257363	0.0145793	1039.84	66.7323	
