v2W_polFunct_Eff3_binv0
rap	pT	cent	dPhi	ctauErrMin	ctauErrMax	NoCutEntry	CutEntry	NSig	NSigErr	NBkg	NBkgErr	coefExp	coefExpErr	coefPol1	coefPol1Err	coeffGaus	coeffGausErr	meanSig1	meanSig1Err	sigmaSig1	sigmaSig1Err	sigmaSig2	sigmaSig2Err	sigmaSig3	sigmaSig3Err	alpha	alphaErr	enne	enneErr	enneW	enneWErr	sigWidth	sigWidthErr	Gmc	GmcErr	bTau	bTauErr	fracRes	fracResErr	meanResSigW	meanResSigWErr	meanResSigN	meanResSigNErr	sigmaResSigW	sigmaResSigWErr	sigmaResSigN	sigmaResSigNErr	fpm	fpmErr	fLiving	fLivingErr	fbkgCtTot	fbkgCtTotErr	lambdam	lambdamErr	lambdap	lambdapErr	lambdasym	lambdasymErr	NLL	nFitPar	EDM	NLLMass	nFitParMass	EDMMass	Prob	PROMPT	PROMPTErr	NON-PROMPT	NON-PROMPTErr	Bfraction	BfractionErr	Resolution	ResolutionErr	
0.0-1.2	6.5-30.0	0.0-100.0	0.000-0.393	0.008	0.088	5690.0	5686.0	3678.94	65.9502	2007.02	51.7451	-1.0	0.0	1.70668	2.99424	0.500483	0.0	3.0924	0.0	0.0195474	0.0	0.0348401	0.0	0.03	0.0	1.492	0.0	5.0	0.0	1.733	0.0	0.0282412	0.0	3.25814e-05	0.000295869	0.415919	0.0131273	0.501962	0.181306	-0.00129914	0.00300691	0.00142041	0.000848299	1.52034	0.12883	0.75618	0.0231889	0.879276	0.119797	0.634566	0.322724	0.577914	0.309768	0.204095	0.0557481	0.240961	0.0196733	0.0706622	0.179042	-9557.22	4.0	3.48009e-06	-48641.9	3.0	2.1113e-06	1.0	2397.84	56.2373	1281.1	42.9229	0.348226	0.00985674	1202.09	77.3831	
0.0-1.2	6.5-30.0	0.0-100.0	0.000-1.571	0.008	0.105	21342.0	21337.0	13406.8	134.51	7930.66	112.291	-1.0	0.0	-0.0127389	0.041398	0.500483	0.0433967	3.0924	0.000268938	0.0195474	0.000559285	0.0348401	0.00152059	0.03	0.0	1.492	0.0	5.0	0.0	1.733	0.0	0.0282412	0.000575317	1.16782e-05	0.000130175	0.396016	0.00700728	0.282557	0.19576	0.00228371	0.00264771	0.000433343	0.000365749	1.58042	0.170805	0.883307	0.0107189	0.650793	0.0215514	0.927736	0.0138404	0.515541	0.0165584	0.0705508	2.3121e-09	0.256594	0.0119091	0.467312	0.0745419	-35512.0	4.0	1.84651e-07	-210026.0	7.0	0.000153197	1.0	9084.58	114.297	4322.22	81.4665	0.32239	0.0051441	1124.95	82.1047	
0.0-1.2	6.5-30.0	0.0-100.0	0.393-0.785	0.008	0.096	5564.0	5562.0	3448.6	63.8681	2113.04	52.3779	-1.0	0.0	-0.0880724	0.0452008	0.500483	0.0	3.0924	0.0	0.0195474	0.0	0.0348401	0.0	0.03	0.0	1.492	0.0	5.0	0.0	1.733	0.0	0.0282412	0.0	2.67292e-05	0.00233575	0.389958	0.0135058	0.127168	0.584266	0.00999903	0.0216801	-0.00227525	0.000678362	1.49685	0.452055	0.988087	0.0210145	0.749404	0.348715	0.733083	0.8035	0.359166	0.04882	0.070663	0.045325	0.17655	0.0281018	0.0705917	3.90675e-07	-9473.77	4.0	2.40448e-05	-47176.1	3.0	5.47967e-05	1.0	2362.77	56.1635	1085.83	40.5452	0.31486	0.010209	1066.34	178.016	
0.0-1.2	6.5-30.0	0.0-100.0	0.785-1.178	0.008	0.08	5317.0	5312.0	3359.42	63.0122	1952.55	50.6338	-1.0	0.0	0.0183214	0.0969532	0.500483	0.0	3.0924	0.0	0.0195474	0.0	0.0348401	0.0	0.03	0.0	1.492	0.0	5.0	0.0	1.733	0.0	0.0282412	0.0	4.7042e-05	0.000197635	0.450238	0.0158583	0.205787	0.168928	0.00506329	0.00588939	0.00010288	0.000664495	1.73483	0.294288	0.875992	0.0185605	0.791586	0.776465	0.554295	0.224637	0.472772	0.083774	0.0704509	0.109492	0.410911	0.0362339	0.0975967	0.0311486	-8459.77	4.0	6.81234e-06	-44976.7	3.0	3.35397e-05	1.0	2220.15	53.9635	1139.27	40.4297	0.339128	0.0102163	1108.51	97.8638	
0.0-1.2	6.5-30.0	0.0-100.0	1.178-1.571	0.008	0.088	4770.0	4767.0	2910.64	58.9378	1856.27	49.1865	-1.0	0.0	-0.136412	0.0307763	0.500483	0.0	3.0924	0.0	0.0195474	0.0	0.0348401	0.0	0.03	0.0	1.492	0.0	5.0	0.0	1.733	0.0	0.0282412	0.0	3.78287e-05	0.000218777	0.275431	0.011504	0.083253	0.655744	-0.00048919	0.0163992	0.000985116	0.000701496	1.84756	1.50756	1.00197	0.0208269	0.667658	0.0514972	0.826469	0.0375554	0.512183	0.034064	0.0706022	2.99058e-07	0.319453	0.0325957	0.533476	0.0928707	-8184.67	4.0	1.92708e-06	-39617.2	3.0	8.16209e-06	1.0	2049.8	53.7602	860.846	38.3565	0.295758	0.0117386	1097.52	375.198	
0.0-1.2	6.5-30.0	10.0-60.0	0.000-0.393	0.008	0.073	3433.0	3428.0	2305.31	51.8437	1122.48	38.7953	-1.0	0.0	0.370628	0.533042	0.500483	0.0	3.0924	0.0	0.0195474	0.0	0.0346962	0.0	0.03	0.0	1.492	0.0	5.0	0.0	1.733	0.0	0.0281526	0.0	1.10004e-05	0.000671606	0.377807	0.015265	0.282557	0.0	0.00228371	0.0	-0.00117299	0.000876015	1.58042	0.0	0.88425	0.0249515	0.745772	0.0604291	0.999986	0.780026	0.602791	0.0405405	0.0705421	1.86929e-08	0.201524	0.0185238	0.072555	4.26962e-05	-6237.12	4.0	2.41238e-05	-27804.2	3.0	4.76868e-05	1.0	1515.22	44.6373	790.087	33.8682	0.342725	0.0125072	1125.49	7.03217	
0.0-1.2	6.5-30.0	10.0-60.0	0.000-1.571	0.008	0.105	12921.0	12916.0	8729.46	103.914	4185.52	79.0829	-1.0	0.0	-0.012245	0.0557585	0.500483	0.0	3.0924	0.0	0.0195474	0.0	0.0346962	0.000811833	0.03	0.0	1.492	0.0	5.0	0.0	1.733	0.0	0.0281526	0.000249891	1.16782e-05	0.000130175	0.418516	0.0091524	0.282557	0.0	0.00228371	0.0	-0.000555205	0.000445659	1.58042	0.0	0.856131	0.012799	0.667145	0.0282751	0.918243	0.0167881	0.494631	0.0214475	0.0705216	1.56178e-09	0.289193	0.0173341	0.567237	0.0963341	-22458.1	4.0	1.62628e-07	-121990.0	4.0	0.000113409	1.0	5912.03	89.0765	2817.43	64.0835	0.32275	0.00625545	1109.78	3.54192	
0.0-1.2	6.5-30.0	10.0-60.0	0.393-0.785	0.008	0.073	3449.0	3447.0	2338.54	51.982	1108.56	38.3695	-1.0	0.0	0.0781111	0.179907	0.500483	0.0	3.0924	0.0	0.0195474	0.0	0.0346962	0.0	0.03	0.0	1.492	0.0	5.0	0.0	1.733	0.0	0.0281526	0.0	1.70432e-05	0.00459144	0.437344	0.0188991	0.282557	0.0	0.00228371	0.0	-0.00142476	0.000860489	1.58042	0.0	0.849592	0.0254542	0.646075	0.0974872	0.999995	1.34905	0.354763	0.106813	0.07057	1.79528e-08	0.168605	0.023191	0.072697	45.2816	-6353.02	4.0	3.61888e-05	-28027.7	3.0	7.25191e-06	1.0	1658.46	45.9429	680.08	31.309	0.290814	0.0117242	1106.17	7.01303	
0.0-1.2	6.5-30.0	10.0-60.0	0.785-1.178	0.008	0.064	3139.0	3132.0	2165.09	50.1049	966.874	36.2251	-1.0	0.0	-0.0860466	0.0681739	0.500483	0.0	3.0924	0.0	0.0195474	0.0	0.0346962	0.0	0.03	0.0	1.492	0.0	5.0	0.0	1.733	0.0	0.0281526	0.0	1.55303e-05	0.000309325	0.505666	0.0214131	0.282557	0.0	0.00228371	0.0	0.000213337	0.000845098	1.58042	0.0	0.793934	0.0229115	0.985114	0.0550647	0.575069	0.0803988	0.5034	0.0456856	0.0707944	0.878379	0.550665	0.0510345	0.107917	0.0204303	-5092.07	4.0	9.44702e-08	-25239.5	3.0	7.40486e-06	1.0	1398.55	42.1488	766.544	32.3062	0.354047	0.0124706	1076.09	6.06381	
0.0-1.2	6.5-30.0	10.0-60.0	1.178-1.571	0.008	0.064	2898.0	2893.0	1906.88	47.144	986.176	36.0809	-1.0	0.0	-0.123569	0.0468716	0.500483	0.0	3.0924	0.0	0.0195474	0.0	0.0346962	0.0	0.03	0.0	1.492	0.0	5.0	0.0	1.733	0.0	0.0281526	0.0	1.05551e-05	0.000410668	0.318783	0.0152637	0.282557	0.0	0.00228371	0.0	-0.00204128	0.00100038	1.58042	0.0	0.856712	0.0283917	0.63537	0.0561817	0.744889	0.0433847	0.353515	0.0439187	0.0705318	4.20525e-07	0.169756	0.0250683	0.695715	0.0906259	-4965.68	4.0	6.69139e-07	-22896.3	3.0	4.5553e-06	1.0	1309.72	42.0461	597.158	30.6162	0.31316	0.0140656	1110.1	7.85998	
0.0-2.4	10.0-13.0	0.0-100.0	0.000-0.393	0.016	0.08	1692.0	1684.0	1256.95	38.1824	427.447	25.0641	-1.0	0.0	4.99983	7.21384	0.402775	0.0	3.09098	0.0	0.0215371	0.0	0.0422748	0.0	0.03	0.0	1.492	0.0	5.0	0.0	1.733	0.0	0.0354141	0.0	1.00051e-05	0.0125341	0.345702	0.0186028	0.270245	0.128633	-0.00998909	0.00318196	0.00183498	0.00111527	1.58141	0.172807	0.82878	0.0321021	0.821181	0.0542795	0.999982	1.14246	0.535209	0.0392462	0.12195	0.0261114	0.20108	0.0188135	0.14532	5.89739	-3210.14	4.0	5.15675e-07	-12551.9	3.0	0.000121381	1.0	817.982	32.7077	438.97	25.1036	0.349234	0.0169213	1084.94	64.2602	
0.0-2.4	10.0-13.0	0.0-100.0	0.000-1.571	0.008	0.136	6740.0	6738.0	4994.3	80.0827	1743.66	56.2312	-1.0	0.0	-0.213175	0.0116138	0.402775	0.0701985	3.09098	0.000546327	0.0215371	0.00166504	0.0422748	0.00236499	0.03	0.0	1.492	0.0	5.0	0.0	1.733	0.0	0.0354141	0.00108735	1.25623e-05	9.06713e-05	0.392795	0.0108371	0.0553454	0.0788853	0.000212513	0.0144851	0.000216184	0.000519677	2.09412	0.553674	0.947777	0.0156161	0.891655	0.246579	0.765182	0.327951	0.345454	0.101839	0.070565	0.130119	0.300034	0.0212096	0.0724607	0.0860079	-11869.0	4.0	1.55293e-07	-59374.7	7.0	1.53157e-05	1.0	3282.11	67.9572	1712.19	51.012	0.342829	0.00860857	1044.64	72.9506	
0.0-2.4	10.0-13.0	0.0-100.0	0.393-0.785	0.008	0.088	1739.0	1738.0	1318.16	38.9113	419.826	24.815	-1.0	0.0	-0.21179	0.02265	0.402775	0.0	3.09098	0.0	0.0215371	0.0	0.0422748	0.0	0.03	0.0	1.492	0.0	5.0	0.0	1.733	0.0	0.0354141	0.0	9.67596e-05	0.000320065	0.451211	0.0234973	0.905113	0.201076	0.00602278	0.00419437	-0.0062761	0.00362081	1.24083	0.0559838	0.6	0.026119	0.859859	0.588973	1.0	0.150324	0.460604	0.635575	0.0704977	1.82378e-08	0.212023	0.256734	0.102123	64.9724	-3136.18	4.0	1.32975e-05	-13068.0	3.0	1.65518e-07	1.0	871.842	32.9813	446.316	24.4743	0.338591	0.0156472	1194.88	56.1754	
0.0-2.4	10.0-13.0	0.0-100.0	0.785-1.178	0.008	0.105	1671.0	1670.0	1229.98	37.932	440.012	25.4728	-1.0	0.0	-0.251564	0.00897577	0.402775	0.0	3.09098	0.0	0.0215371	0.0	0.0422748	0.0	0.03	0.0	1.492	0.0	5.0	0.0	1.733	0.0	0.0354141	0.0	0.000150013	0.000368392	0.461485	0.0260758	0.0264505	0.0570749	-0.00999745	0.0190374	0.000904047	0.00111939	2.76374	1.36911	1.01065	0.03458	0.83235	0.0588106	1.0	9.05896	0.303728	0.0730726	0.0705121	1.17157e-09	0.405345	0.0344655	0.0706275	84483.7	-2675.34	4.0	6.40828e-07	-12339.1	3.0	8.37609e-06	1.0	812.619	32.9989	417.359	25.0309	0.339322	0.0174541	1093.82	98.9217	
0.0-2.4	10.0-13.0	0.0-100.0	1.178-1.571	0.008	0.088	1635.0	1619.0	1178.95	37.3026	440.06	25.5458	-1.0	0.0	-0.246039	0.0114283	0.402775	0.0	3.09098	0.0	0.0215371	0.0	0.0422748	0.0	0.03	0.0	1.492	0.0	5.0	0.0	1.733	0.0	0.0354141	0.0	4.2601e-05	0.000476275	0.333979	0.020356	0.72641	0.161382	0.00313713	0.00293527	0.00179707	0.00226758	1.44557	0.102068	0.631084	0.0562485	0.999999	6.97229	0.620455	0.0827663	0.286554	0.0524119	0.0706015	15.1343	0.28329	0.0253242	0.0706264	0.014014	-2922.67	4.0	3.59508e-05	-11896.1	3.0	1.17796e-06	1.0	820.735	32.9722	358.213	23.265	0.303841	0.0172336	1275.51	68.1324	
0.0-2.4	10.0-13.0	10.0-60.0	0.000-0.393	0.016	0.08	1107.0	1101.0	831.135	31.049	269.793	20.0689	-1.0	0.0	4.99619	5.09865	0.402775	0.0	3.09098	0.0	0.0215371	0.0	0.0425483	0.0	0.03	0.0	1.492	0.0	5.0	0.0	1.733	0.0	0.0356092	0.0	1.00051e-05	0.0125341	0.292968	0.0192052	0.0553454	0.0	0.000212513	0.0	-0.000194039	0.00112968	2.09412	0.0	0.860921	0.0324453	0.83441	0.0808022	0.999978	0.884351	0.530039	0.0828732	0.134308	0.0595622	0.220094	0.0350259	0.151568	3.17863	-2134.81	4.0	4.59339e-06	-7747.77	3.0	1.20111e-05	1.0	522.016	26.5249	309.118	21.3688	0.371923	0.0216329	971.016	13.5872	
0.0-2.4	10.0-13.0	10.0-60.0	0.000-1.571	0.008	0.136	4360.0	4358.0	3316.04	63.1918	1042.05	41.4638	-1.0	0.0	-0.225483	0.0114141	0.402775	0.0	3.09098	0.0	0.0215371	0.0	0.0425483	0.00127381	0.03	0.0	1.492	0.0	5.0	0.0	1.733	0.0	0.0356093	0.000454499	1.25623e-05	9.06713e-05	0.430745	0.0142322	0.0553454	0.0	0.000212513	0.0	0.000413906	0.000635315	2.09412	0.0	0.937776	0.0188186	0.999626	0.558202	0.574385	0.0977882	0.243299	0.0415557	0.0705441	0.758429	0.335676	0.0186179	0.0705524	0.00733115	-7572.57	4.0	4.6955e-06	-36692.4	4.0	1.74109e-05	1.0	2151.67	53.4822	1164.37	40.883	0.351132	0.0103551	1036.08	8.0452	
0.0-2.4	10.0-13.0	10.0-60.0	0.393-0.785	0.016	0.088	1116.0	1114.0	881.857	31.6366	232.142	18.7409	-1.0	0.0	-0.235707	0.0188786	0.402775	0.0	3.09098	0.0	0.0215371	0.0	0.0425483	0.0	0.03	0.0	1.492	0.0	5.0	0.0	1.733	0.0	0.0356092	0.0	9.67596e-05	0.000320065	0.501675	0.0309822	0.0553454	0.0	0.000212513	0.0	-0.000258325	0.00119842	2.09412	0.0	0.930855	0.0376173	0.727976	0.0723961	0.999943	1.48579	0.303643	0.0607153	0.0704911	1.5701e-08	0.184651	0.0226098	0.0707105	5.09314	-2042.54	4.0	7.82281e-05	-7979.49	3.0	5.23626e-05	1.0	564.081	26.563	317.776	20.6408	0.360349	0.0195122	1030.17	16.0548	
0.0-2.4	10.0-13.0	10.0-60.0	0.785-1.178	0.016	0.105	1104.0	1103.0	845.21	31.1141	257.779	19.5104	-1.0	0.0	-0.259651	0.00910674	0.402775	0.0	3.09098	0.0	0.0215371	0.0	0.0425483	0.0	0.03	0.0	1.492	0.0	5.0	0.0	1.733	0.0	0.0356092	0.0	0.000150013	0.000368392	0.552315	0.0351525	0.0553454	0.0	0.000212513	0.0	9.97584e-05	0.00138574	2.09412	0.0	1.0504	0.0407147	0.999999	0.0831588	0.960296	0.0438692	0.39928	0.058156	0.0706165	4.66263e-05	0.490331	0.0552142	0.215781	0.228366	-1716.19	4.0	9.88077e-06	-7773.25	3.0	1.59918e-05	1.0	538.941	26.1827	306.27	20.4705	0.362359	0.0202149	1133.57	17.8197	
0.0-2.4	10.0-13.0	10.0-60.0	1.178-1.571	0.016	0.056	1032.0	1004.0	733.1	29.2938	270.867	19.8971	-1.0	0.0	-0.249936	0.0130829	0.402775	0.0	3.09098	0.0	0.0215371	0.0	0.0425483	0.0	0.03	0.0	1.492	0.0	5.0	0.0	1.733	0.0	0.0356092	0.0	5.58531e-05	0.000456735	0.327624	0.0245351	0.0553454	0.0	0.000212513	0.0	0.00233776	0.00143017	2.09412	0.0	1.02556	0.041199	0.999997	4.79281	0.62344	0.0339651	0.258219	0.0214827	0.0706914	4.45154	0.274664	0.0118824	0.0715663	0.00637181	-1804.8	4.0	2.36212e-06	-6898.84	3.0	4.02109e-06	1.0	493.849	25.9198	239.251	19.3343	0.326355	0.0229236	1111.87	17.9487	
0.0-2.4	10.0-30.0	0.0-100.0	0.000-0.393	0.008	0.088	2722.0	2717.0	2057.18	48.8615	659.95	31.4681	-1.0	0.0	0.13578	0.31482	0.435634	0.0	3.09197	0.0	0.0216221	0.0	0.0445104	0.0	0.03	0.0	1.492	0.0	5.0	0.0	1.733	0.0	0.0363562	0.0	2.70146e-05	0.00458685	0.412917	0.0163219	0.4173	0.695008	-0.00292619	0.00669808	0.00190099	0.00102211	1.43528	0.240682	0.79572	0.0308205	0.846165	0.267452	1.0	96.7546	0.517559	0.190812	0.105377	0.0723449	0.238853	0.0513857	0.0705722	111968.0	-4843.39	4.0	2.4148e-07	-21591.5	3.0	6.87141e-06	1.0	1260.8	40.4795	796.381	33.1604	0.387123	0.0132397	1108.42	233.02	
0.0-2.4	10.0-30.0	0.0-100.0	0.000-1.571	0.008	0.136	10411.0	10409.0	7781.03	99.4485	2628.09	68.8204	-1.0	0.0	-0.216672	0.00888269	0.435634	0.0503078	3.09197	0.000429899	0.0216221	0.00119796	0.0445104	0.00199414	0.03	0.0	1.492	0.0	5.0	0.0	1.733	0.0	0.0363562	0.000879138	1.01973e-05	0.00191321	0.369816	0.00798792	0.0473596	0.058793	-0.000901407	0.00750486	0.000217902	0.000396782	2.0393	0.463163	0.965377	0.0128496	0.916466	2.43716	0.81738	12.8531	0.365585	2.54545	0.0707187	1.89302e-07	0.3025	0.357832	0.0705497	0.965103	-18560.2	4.0	3.20838e-07	-96359.7	7.0	2.19183e-05	1.0	4950.92	83.6355	2830.11	65.5688	0.363719	0.00702853	1041.52	50.6655	
0.0-2.4	10.0-30.0	0.0-100.0	0.393-0.785	0.008	0.105	2664.0	2662.0	1984.84	48.0174	677.117	31.5915	-1.0	0.0	-0.208093	0.0192491	0.435634	0.0	3.09197	0.0	0.0216221	0.0	0.0445104	0.0	0.03	0.0	1.492	0.0	5.0	0.0	1.733	0.0	0.0363562	0.0	3.35672e-05	0.000225803	0.390126	0.0167893	0.896102	0.170491	0.00449012	0.0031336	-0.00569658	0.00270949	1.22675	0.0429112	0.6	0.0173983	0.84003	0.063905	0.99808	0.5505	0.46805	0.0580375	0.0704573	1.08166e-08	0.212966	0.0166407	0.0706117	4.76141	-4940.18	4.0	1.46504e-06	-21023.9	3.0	1.23706e-06	1.0	1324.2	40.9815	660.639	30.1441	0.332843	0.0128768	1177.27	46.0414	
0.0-2.4	10.0-30.0	0.0-100.0	0.785-1.178	0.008	0.105	2513.0	2512.0	1860.01	46.474	652.078	30.8547	-1.0	0.0	-0.252343	0.00716047	0.435634	0.0	3.09197	0.0	0.0216221	0.0	0.0445104	0.0	0.03	0.0	1.492	0.0	5.0	0.0	1.733	0.0	0.0363562	0.0	2.54104e-05	0.00458759	0.378458	0.0175452	0.0657857	0.0838022	-0.00690936	0.0141205	0.00106277	0.000841065	2.24771	0.605703	0.974997	0.0276735	0.832472	0.0304557	0.999959	4.9002	0.296607	0.0364921	0.0704881	9.2316e-09	0.406585	0.0181894	0.0954377	24.0158	-4329.52	4.0	0.000225602	-19662.3	3.0	2.99544e-05	1.0	1216.52	40.4586	643.492	31.1689	0.345962	0.0143558	1104.74	88.4512	
0.0-2.4	10.0-30.0	0.0-100.0	1.178-1.571	0.008	0.105	2510.0	2499.0	1870.07	46.8158	628.938	30.8318	-1.0	0.0	-0.242621	0.0104557	0.435634	0.0	3.09197	0.0	0.0216221	0.0	0.0445104	0.0	0.03	0.0	1.492	0.0	5.0	0.0	1.733	0.0	0.0363562	0.0	2.67457e-05	0.0796517	0.323315	0.0146784	0.69171	0.183498	0.00100858	0.00227545	0.00161995	0.00166974	1.41522	0.0994536	0.676131	0.0476633	1.0	0.0107493	0.751822	0.408029	0.300592	0.327353	0.100445	0.0106833	0.277131	0.0490562	0.0705656	0.115788	-4517.19	4.0	1.64246e-07	-19528.6	3.0	2.48306e-06	1.0	1218.96	40.5862	651.112	31.3324	0.348174	0.0143089	1235.45	69.7339	
0.0-2.4	10.0-30.0	10.0-60.0	0.000-0.393	0.008	0.088	1770.0	1765.0	1367.02	39.7056	397.914	24.6472	-1.0	0.0	0.0519705	0.269783	0.435634	0.0	3.09197	0.0	0.0216221	0.0	0.0445899	0.0	0.03	0.0	1.492	0.0	5.0	0.0	1.733	0.0	0.0364111	0.0	2.70146e-05	0.00458685	0.423498	0.0204323	0.0473596	0.0	-0.000901407	0.0	0.00016753	0.000859314	2.0393	0.0	0.896594	0.0266534	0.877428	0.0536615	0.999997	3.15066	0.492328	0.0612684	0.120681	0.045429	0.236529	0.0278321	0.0706415	1.87924e-09	-3275.21	4.0	2.65119e-07	-13327.3	3.0	6.50945e-06	1.0	837.617	32.8517	529.406	26.9033	0.387269	0.0161488	981.206	11.6008	
0.0-2.4	10.0-30.0	10.0-60.0	0.000-1.571	0.008	0.136	6748.0	6746.0	5160.81	78.9125	1585.31	51.495	-1.0	0.0	-0.22095	0.0101414	0.435634	0.0	3.09197	0.0	0.0216221	0.0	0.0445899	0.00111353	0.03	0.0	1.492	0.0	5.0	0.0	1.733	0.0	0.0364111	0.000384799	1.01973e-05	0.00191321	0.412861	0.0108282	0.0473596	0.0	-0.000901407	0.0	0.000268167	0.000481457	2.0393	0.0	0.958704	0.0155451	0.967787	0.722114	0.679561	0.374855	0.306974	0.242948	0.0706781	2.60014e-05	0.332864	0.0300016	0.0706007	0.052496	-12013.5	4.0	4.76844e-05	-59794.9	4.0	1.14e-05	1.0	3291.57	66.3901	1869.24	51.8789	0.3622	0.00838926	1035.64	6.85442	
0.0-2.4	10.0-30.0	10.0-60.0	0.393-0.785	0.008	0.105	1697.0	1695.0	1308.53	38.7816	386.46	24.1243	-1.0	0.0	-0.214635	0.022531	0.435634	0.0	3.09197	0.0	0.0216221	0.0	0.0445899	0.0	0.03	0.0	1.492	0.0	5.0	0.0	1.733	0.0	0.0364111	0.0	3.35672e-05	0.000225803	0.423022	0.0222867	0.0473596	0.0	-0.000901407	0.0	-0.000318309	0.000920998	2.0393	0.0	0.954695	0.0312358	0.763824	0.158575	0.762002	0.246923	0.305894	0.0809192	0.0704661	1.60788e-08	0.208658	0.0279034	0.0707057	2.15624e-06	-3214.01	4.0	3.8174e-06	-12736.6	3.0	3.61757e-07	1.0	860.033	33.2344	448.498	25.1299	0.342749	0.0162981	1032.1	13.7624	
0.0-2.4	10.0-30.0	10.0-60.0	0.785-1.178	0.008	0.105	1648.0	1647.0	1249.97	37.8438	397.028	24.0651	-1.0	0.0	-0.254966	0.00852947	0.435634	0.0	3.09197	0.0	0.0216221	0.0	0.0445899	0.0	0.03	0.0	1.492	0.0	5.0	0.0	1.733	0.0	0.0364111	0.0	2.54104e-05	0.00458759	0.45381	0.0245542	0.0473596	0.0	-0.000901407	0.0	0.000555375	0.00101649	2.0393	0.0	1.01642	0.0330777	0.910075	0.0702637	0.999994	0.738507	0.360946	0.0681859	0.0784662	0.0427235	0.495794	0.0434269	0.14298	6.29372	-2753.41	4.0	2.25211e-05	-12265.0	3.0	8.1342e-05	1.0	807.396	32.2018	442.572	24.8788	0.354066	0.0167703	1086.8	14.7352	
0.0-2.4	10.0-30.0	10.0-60.0	1.178-1.571	0.008	0.08	1631.0	1612.0	1220.56	37.6355	391.441	24.234	-1.0	0.0	-0.240539	0.0140009	0.435634	0.0	3.09197	0.0	0.0216221	0.0	0.0445899	0.0	0.03	0.0	1.492	0.0	5.0	0.0	1.733	0.0	0.0364111	0.0	1.00138e-05	0.000350061	0.343293	0.0184345	0.0473596	0.0	-0.000901407	0.0	0.00121358	0.00109054	2.0393	0.0	1.03637	0.0342894	0.998775	8.55099	0.783969	0.77078	0.372002	0.35806	0.0711415	1.57103e-06	0.254825	0.0678434	0.0705138	1.31412e-08	-2904.33	4.0	6.80682e-07	-11922.8	3.0	6.69898e-06	1.0	765.072	32.4128	455.488	26.293	0.373179	0.018211	1104.61	15.3238	
0.0-2.4	13.0-30.0	0.0-100.0	0.000-0.393	0.008	0.064	1030.0	1026.0	806.3	30.4865	219.613	18.5148	-1.0	0.0	-0.173807	0.0614096	0.46665	0.0	3.09384	0.0	0.0213093	0.0	0.048007	0.0	0.03	0.0	1.492	0.0	5.0	0.0	1.733	0.0	0.0379618	0.0	0.000100096	0.000341831	0.489857	0.0280382	0.858188	0.20333	0.00132389	0.00290195	0.0013582	2.09099e-08	1.21927	0.0856541	0.661661	0.114594	0.935003	0.0694379	0.984276	0.156454	0.497792	0.0569815	0.0704424	1.0413e-08	0.301823	0.0427019	0.0704463	1.98473e-08	-1674.39	4.0	0.571762	-7201.93	3.0	3.44981e-05	1.0	440.446	23.6735	365.854	21.7819	0.453745	0.0208676	1156.67	60.3919	
0.0-2.4	13.0-30.0	0.0-100.0	0.000-1.571	0.008	0.105	3671.0	3671.0	2794.13	59.1927	876.76	39.8319	-1.0	0.0	-0.222826	0.0137231	0.46665	0.067761	3.09384	0.000701032	0.0213093	0.00171307	0.048007	0.00337289	0.03	0.0	1.492	0.0	5.0	0.0	1.733	0.0	0.0379618	0.00142343	2.10356e-05	0.0045896	0.333641	0.0115919	0.0347602	0.122355	-0.00537756	0.015369	0.000261399	0.000617641	1.80759	0.989032	0.993369	0.0222914	0.907033	0.0911182	0.989504	0.539246	0.40561	0.0613358	0.0710234	0.0196596	0.307531	0.0253549	0.070786	4.06695	-6726.0	4.0	1.48477e-05	-30237.5	7.0	9.53888e-06	1.0	1669.43	48.8741	1124.7	41.2988	0.402521	0.0120727	1032.5	74.6843	
0.0-2.4	13.0-30.0	0.0-100.0	0.393-0.785	0.008	0.064	924.0	917.0	666.405	28.1494	250.464	19.4032	-1.0	0.0	-0.189899	0.0434164	0.46665	0.0	3.09384	0.0	0.0213093	0.0	0.048007	0.0	0.03	0.0	1.492	0.0	5.0	0.0	1.733	0.0	0.0379618	0.0	1.12306e-05	0.00159264	0.254494	0.0197525	0.703851	0.324382	0.00687232	0.0111474	-0.00837923	0.0021072	1.16624	0.0727715	0.66535	0.0729591	0.813324	0.125861	1.0	0.09811	0.470625	0.11249	0.0705464	1.76934e-07	0.201173	0.0363745	0.109036	0.000777267	-1827.5	4.0	1.00023e-07	-6194.01	3.0	5.62305e-05	1.0	448.402	24.3976	218.003	17.9245	0.327133	0.0230764	1043.27	77.1531	
0.0-2.4	13.0-30.0	0.0-100.0	0.785-1.178	0.008	0.056	842.0	828.0	616.978	26.5901	211.03	17.3522	-1.0	0.0	-0.252909	0.0122432	0.46665	0.0	3.09384	0.0	0.0213093	0.0	0.048007	0.0	0.03	0.0	1.492	0.0	5.0	0.0	1.733	0.0	0.0379618	0.0	3.98792e-05	0.000279455	0.222327	0.0169964	0.0591112	0.0890247	-0.00987308	0.0151467	0.000428957	0.00126693	2.19428	0.854214	0.948511	0.0459104	0.999338	18.29	0.750724	1.29514	0.280907	0.203069	0.0704991	8.35389e-09	0.441839	0.162095	0.0705196	2.04228e-06	-1660.56	4.0	4.31162e-05	-5609.65	3.0	3.7037e-06	1.0	380.85	23.3902	236.127	19.5257	0.382716	0.0270093	1063.54	98.9807	
0.0-2.4	13.0-30.0	0.0-100.0	1.178-1.571	0.008	0.08	875.0	873.0	688.142	28.1818	184.863	17.0572	-1.0	0.0	-0.235748	0.0225838	0.46665	0.0	3.09384	0.0	0.0213093	0.0	0.048007	0.0	0.03	0.0	1.492	0.0	5.0	0.0	1.733	0.0	0.0379618	0.0	1.03545e-05	0.00459451	0.30978	0.0207951	0.858094	0.102806	-0.0014856	0.00231549	0.00320869	0.00461133	1.25528	0.0777394	0.6	0.324708	1.0	0.323499	0.999999	29.6636	0.307965	0.156003	0.0710371	1193.55	0.272771	0.0462378	0.0709604	74827.1	-1600.02	4.0	1.79641e-05	-5963.46	3.0	4.78988e-08	1.0	394.829	23.2195	293.313	20.5421	0.426239	0.0242159	1184.57	45.6203	
0.0-2.4	13.0-30.0	10.0-60.0	0.000-0.393	0.008	0.064	663.0	659.0	535.354	24.5863	123.597	13.8834	-1.0	0.0	-0.214349	0.0422907	0.46665	0.0	3.09384	0.0	0.0213093	0.0	0.0471345	0.0	0.03	0.0	1.492	0.0	5.0	0.0	1.733	0.0	0.0373741	0.0	0.000100096	0.000341831	0.572543	0.0406803	0.0347602	0.0	-0.00537756	0.0	0.000841427	0.00135851	1.80759	0.0	0.95932	0.0462097	0.963112	0.074959	0.960427	0.115261	0.54065	0.0707396	0.0704517	1.18266e-08	0.295758	0.0535174	0.0707095	0.000278633	-1180.82	4.0	5.90849e-06	-4390.56	3.0	1.46425e-05	1.0	301.38	19.4006	233.975	17.3284	0.437047	0.0253934	1000.94	21.3744	
0.0-2.4	13.0-30.0	10.0-60.0	0.000-1.571	0.008	0.08	2388.0	2382.0	1840.5	47.0449	541.822	30.2386	-1.0	0.0	-0.210352	0.0211463	0.46665	0.0	3.09384	0.0	0.0213093	0.0	0.0471345	0.00195569	0.03	0.0	1.492	0.0	5.0	0.0	1.733	0.0	0.0373741	0.000657735	1.04426e-05	0.00602457	0.382834	0.0165303	0.0347602	0.0	-0.00537756	0.0	0.000200951	0.000742354	1.80759	0.0	0.985769	0.0272752	0.887381	0.137322	0.880705	0.244506	0.361994	0.0866248	0.0706027	1.67723e-06	0.329359	0.042621	0.0704901	9.84459e-09	-4447.6	4.0	8.724e-05	-18672.3	4.0	9.63101e-05	1.0	1136.71	39.1819	703.795	31.8534	0.382393	0.0142826	1025.45	12.6542	
0.0-2.4	13.0-30.0	10.0-60.0	0.393-0.785	0.008	0.064	581.0	579.0	423.763	22.3894	155.239	15.2573	-1.0	0.0	-0.155853	0.083959	0.46665	0.0	3.09384	0.0	0.0213093	0.0	0.0471345	0.0	0.03	0.0	1.492	0.0	5.0	0.0	1.733	0.0	0.0373741	0.0	1.12306e-05	0.00159264	0.21182	0.0216483	0.0347602	0.0	-0.00537756	0.0	-0.000870109	0.00146633	1.80759	0.0	0.979755	0.054633	0.665631	0.350394	0.999824	0.095741	0.376324	0.236612	0.070569	2.73676e-08	0.213316	0.037813	0.070452	2.57588e-08	-1200.07	4.0	1.49352e-06	-3655.76	3.0	9.07406e-07	1.0	283.76	20.2634	140.003	15.5096	0.330381	0.032169	1019.87	25.3299	
0.0-2.4	13.0-30.0	10.0-60.0	0.785-1.178	0.012	0.044	544.0	528.0	392.532	21.1729	135.452	13.8276	-1.0	0.0	-0.245441	0.018914	0.46665	0.0	3.09384	0.0	0.0213093	0.0	0.0471345	0.0	0.03	0.0	1.492	0.0	5.0	0.0	1.733	0.0	0.0373741	0.0	1.72143e-05	0.000568696	0.231551	0.0226923	0.0347602	0.0	-0.00537756	0.0	-0.00034011	0.00152005	1.80759	0.0	0.962522	0.0586707	0.996107	0.999375	0.722358	0.151109	0.181529	0.0445572	0.070585	1.14834	0.513312	0.0386835	0.0704969	0.0214226	-1038.97	4.0	7.06952e-05	-3333.86	3.0	5.44322e-05	1.0	253.225	18.5991	139.307	14.691	0.354894	0.0321602	1003.9	27.1485	
0.0-2.4	13.0-30.0	10.0-60.0	1.178-1.571	0.008	0.08	599.0	597.0	476.729	23.3731	120.274	13.7787	-1.0	0.0	-0.207883	0.0499008	0.46665	0.0	3.09384	0.0	0.0213093	0.0	0.0471345	0.0	0.03	0.0	1.492	0.0	5.0	0.0	1.733	0.0	0.0373741	0.0	1.03545e-05	0.00459451	0.36604	0.0284139	0.0347602	0.0	-0.00537756	0.0	-0.00135432	0.00161407	1.80759	0.0	0.976985	0.0562947	1.0	0.0199806	1.0	0.0354813	0.280658	0.0767903	0.0704519	2.92108e-08	0.191767	0.0297672	0.0794226	2.82167	-1092.98	4.0	4.17277e-06	-3872.45	3.0	4.80648e-07	1.0	266.224	19.2013	210.505	17.4597	0.441561	0.0295404	1017.3	26.0923	
0.0-2.4	6.5-10.0	0.0-100.0	0.000-0.393	0.016	0.152	11201.0	11191.0	5607.99	86.4673	5582.84	86.3219	-1.0	0.0	-0.0493599	0.0377932	0.407596	0.0	3.09225	0.0	0.0501432	0.0	0.025313	0.0	0.03	0.0	1.492	0.0	5.0	0.0	1.733	0.0	0.0374755	0.0	8.57987e-05	0.0003048	0.336472	0.0108507	0.246489	0.0909252	0.00867425	0.0106227	0.00220826	0.000558393	1.87622	0.176527	0.914092	0.0127198	0.999996	0.139014	0.507039	0.0605121	0.682349	0.0276423	0.070441	2.35281e-08	0.238968	0.0160075	0.103861	0.013137	-16209.2	4.0	2.43286	-99053.7	3.0	2.57934e-06	1.0	4201.99	79.4475	1406.0	50.8358	0.250714	0.00819931	1223.64	60.1066	
0.0-2.4	6.5-10.0	0.0-100.0	0.000-1.571	0.008	0.136	40317.0	40219.0	20736.4	188.876	19482.4	185.382	-1.0	0.0	-0.100083	0.013802	0.407596	0.0300491	3.09225	0.000307675	0.0501432	0.00158421	0.025313	0.000589225	0.03	0.0	1.492	0.0	5.0	0.0	1.733	0.0	0.0374755	0.000584442	7.98293e-05	0.000176368	0.321529	0.00564822	0.239762	0.0893802	0.00620961	0.00335008	0.00266838	0.000306943	1.68264	0.117026	0.940021	0.00752008	0.600978	0.0202042	0.90542	0.0220361	0.617582	0.0121114	0.0706331	1.25935e-09	0.29157	0.00941212	0.298052	0.0462172	-56891.1	4.0	3.66662e-06	-408390.0	7.0	0.000169621	1.0	15490.0	166.885	5246.35	101.132	0.253002	0.00429827	1162.16	42.6644	
0.0-2.4	6.5-10.0	0.0-100.0	0.393-0.785	0.016	0.145	10562.0	10548.0	5261.29	83.6028	5286.54	83.754	-1.0	0.0	-0.161167	0.0138497	0.407596	0.0	3.09225	0.0	0.0501432	0.0	0.025313	0.0	0.03	0.0	1.492	0.0	5.0	0.0	1.733	0.0	0.0374755	0.0	2.35595e-05	0.00458844	0.321299	0.0108397	0.518497	0.764936	0.0035218	0.00428896	0.00363794	0.000907271	1.41682	0.222188	0.858571	0.0224517	0.628938	0.0597837	0.852202	0.0347088	0.561071	0.0378388	0.0706839	0.0140519	0.230533	0.0143649	0.336197	0.0493683	-14251.8	4.0	5.40844e-05	-92733.9	3.0	3.13792e-06	1.0	3910.98	76.8833	1350.31	50.0928	0.25665	0.00860335	1181.42	216.938	
0.0-2.4	6.5-10.0	0.0-100.0	0.785-1.178	0.016	0.152	9732.0	9729.0	5209.26	82.4984	4519.29	78.205	-1.0	0.0	0.0660046	0.0849349	0.407596	0.0	3.09225	0.0	0.0501432	0.0	0.025313	0.0	0.03	0.0	1.492	0.0	5.0	0.0	1.733	0.0	0.0374755	0.0	6.88744e-05	0.000959106	0.409736	0.0132043	0.111526	0.0960542	0.00999997	0.016016	0.00129466	0.000553061	1.868	0.326587	0.963179	0.0136764	0.784227	0.310596	0.427	0.213039	0.52792	0.0460022	0.0708911	0.0713071	0.279521	0.026192	0.0814673	0.0160921	-13812.8	4.0	3.25315e-05	-85291.7	3.0	2.83489e-05	1.0	3827.97	74.1885	1381.3	48.0346	0.265162	0.00820929	1101.55	64.0363	
0.0-2.4	6.5-10.0	0.0-100.0	1.178-1.571	0.016	0.152	8821.0	8816.0	4646.81	77.8186	4169.12	74.6863	-1.0	0.0	-0.146457	0.0183612	0.407596	0.0	3.09225	0.0	0.0501432	0.0	0.025313	0.0	0.03	0.0	1.492	0.0	5.0	0.0	1.733	0.0	0.0374755	0.0	0.000188434	0.000544939	0.233803	0.00903797	0.374742	0.211643	0.00265475	0.00433016	0.00192663	0.000696013	1.50231	0.158008	0.809027	0.0174307	0.615367	0.0309818	0.871847	0.0290898	0.587722	0.0202646	0.0705961	1.93009e-09	0.473055	0.0255886	0.4346	0.0701527	-12682.6	4.0	2.80374e-05	-76313.4	3.0	1.0828e-05	1.0	3478.85	73.4234	1167.97	48.7796	0.251348	0.00961657	1120.28	85.5546	
0.0-2.4	6.5-10.0	10.0-60.0	0.000-0.393	0.016	0.152	6656.0	6654.0	3605.83	68.1712	3048.46	63.9505	-1.0	0.0	-0.084962	0.0388265	0.407596	0.0	3.09225	0.0	0.0501432	0.0	0.0252435	0.0	0.03	0.0	1.492	0.0	5.0	0.0	1.733	0.0	0.0374478	0.0	8.57987e-05	0.0003048	0.28663	0.0112603	0.239762	0.0	0.00620961	0.0	0.00158193	0.000692508	1.68264	0.0	0.842546	0.0156493	0.56857	4.67168	0.646801	12.0468	0.50593	1.9824	0.0972403	3.3073	0.154488	0.167074	0.0704578	1.0091e-10	-10638.4	4.0	1.37595e-06	-55888.9	3.0	9.18188e-05	1.0	2668.19	62.7756	937.637	41.3567	0.260034	0.0103624	1103.86	4.54039	
0.0-2.4	6.5-10.0	10.0-60.0	0.000-1.571	0.008	0.16	23251.0	23248.0	13291.0	131.342	9956.95	117.972	-1.0	0.0	-0.111427	0.0171659	0.407596	0.0	3.09225	0.0	0.0501432	0.0	0.0252435	0.000425984	0.03	0.0	1.492	0.0	5.0	0.0	1.733	0.0	0.0374478	8.50561e-05	8.22954e-05	0.000174121	0.307511	0.00681095	0.239762	0.0	0.00620961	0.0	0.00122108	0.000382667	1.68264	0.0	0.901263	0.00914423	0.64539	0.0263778	0.889489	0.0190307	0.613385	0.0156318	0.0705187	1.96832e-09	0.263971	0.0117112	0.425298	0.0505171	-35730.4	4.0	1.6378e-06	-225417.0	4.0	5.48319e-05	1.0	9882.96	121.128	3408.03	79.1702	0.256416	0.00539085	1138.58	2.75142	
0.0-2.4	6.5-10.0	10.0-60.0	0.393-0.785	0.016	0.145	6131.0	6129.0	3459.9	66.2582	2669.1	59.9954	-1.0	0.0	-0.141025	0.0244541	0.407596	0.0	3.09225	0.0	0.0501432	0.0	0.0252435	0.0	0.03	0.0	1.492	0.0	5.0	0.0	1.733	0.0	0.0374478	0.0	2.35595e-05	0.00458844	0.286642	0.0129262	0.239762	0.0	0.00620961	0.0	0.00215895	0.00083413	1.68264	0.0	0.999646	0.0202627	0.628622	0.711892	0.83913	0.159408	0.61452	0.224324	0.0705457	3.66347e-08	0.309297	0.0670131	0.411993	0.103782	-9292.73	4.0	2.0542e-05	-51213.2	3.0	9.18739e-06	1.0	2625.89	62.5886	834.008	40.5423	0.24105	0.0107702	1199.39	6.41954	
0.0-2.4	6.5-10.0	10.0-60.0	0.785-1.178	0.016	0.152	5419.0	5416.0	3242.47	63.9984	2173.65	55.0187	-1.0	0.0	-0.0742037	0.0517191	0.407596	0.0	3.09225	0.0	0.0501432	0.0	0.0252435	0.0	0.03	0.0	1.492	0.0	5.0	0.0	1.733	0.0	0.0374478	0.0	6.88744e-05	0.000959106	0.423652	0.0169032	0.239762	0.0	0.00620961	0.0	0.00103989	0.000746129	1.68264	0.0	0.867901	0.0177088	0.999786	3.23868	0.406279	0.0754685	0.60937	0.0452403	0.0717938	1.3358e-06	0.303343	0.0307056	0.100711	0.0134899	-8254.56	4.0	2.93005e-06	-44833.3	3.0	2.70959e-05	1.0	2356.58	57.1607	885.886	37.5447	0.273213	0.0102467	1118.7	5.22235	
0.0-2.4	6.5-10.0	10.0-60.0	1.178-1.571	0.016	0.136	5044.0	5041.0	2986.48	61.2915	2054.71	53.1492	-1.0	0.0	-0.13165	0.0309572	0.407596	0.0	3.09225	0.0	0.0501432	0.0	0.0252435	0.0	0.03	0.0	1.492	0.0	5.0	0.0	1.733	0.0	0.0374478	0.0	0.000177731	0.000547176	0.254091	0.0112341	0.239762	0.0	0.00620961	0.0	0.000363618	0.000801261	1.68264	0.0	0.833882	0.0198227	0.573857	0.0384038	0.834179	0.0375539	0.523214	0.029652	0.0705169	1.75721e-09	0.348988	0.0329838	0.515894	0.0909932	-7667.67	4.0	1.12468e-07	-41332.2	3.0	1.09717e-05	1.0	2161.87	57.2199	824.613	39.9	0.276115	0.0120989	1098.85	5.71805	
0.0-2.4	6.5-30.0	0.0-10.0	0.000-0.393	0.008	0.136	5204.0	5189.0	2409.83	57.3091	2779.26	60.4472	-1.0	0.0	0.0149731	0.0817075	0.437799	0.0	3.09244	0.0	0.0476009	0.0	0.0242707	0.0	0.03	0.0	1.492	0.0	5.0	0.0	1.733	0.0	0.0363753	0.0	1.25622e-05	0.000104313	0.373529	0.0163552	0.16485	0.0	0.00394979	0.0	0.00344918	0.000837028	1.76859	0.0	1.03929	0.0211803	1.0	0.00418173	0.439296	0.0671406	0.674387	0.0346862	1.31893	0.411063	0.29122	0.0281268	0.121789	0.0180569	-6653.9	4.0	2.41152e-05	-41703.5	3.0	8.58806e-06	1.0	1673.35	50.6859	736.483	35.9474	0.305616	0.0130266	1190.67	7.71987	
0.0-2.4	6.5-30.0	0.0-10.0	0.000-1.571	0.008	0.136	19586.0	19537.0	8995.64	112.502	10541.3	119.175	-1.0	0.0	-0.112248	0.0164516	0.437799	0.0	3.09244	0.0	0.0476009	0.0	0.0242707	0.000579524	0.03	0.0	1.492	0.0	5.0	0.0	1.733	0.0	0.0363752	0.000108695	3.37928e-05	7.02542e-05	0.3123	0.00776424	0.16485	0.0	0.00394979	0.0	0.00201191	0.000427017	1.76859	0.0	0.997494	0.0113632	0.999994	0.0952039	0.357839	0.0263929	0.546825	0.0245871	0.0706539	6.98521e-07	0.37465	0.0163177	0.0929536	0.00541192	-25289.6	4.0	9.1573e-08	-182868.0	4.0	4.98876e-05	1.0	6430.06	101.546	2565.58	69.8167	0.285202	0.006893	1160.43	4.07872	
0.0-2.4	6.5-30.0	0.0-10.0	0.393-0.785	0.008	0.145	5123.0	5112.0	2218.54	55.5464	2893.7	61.3242	-1.0	0.0	-0.183863	0.0139643	0.437799	0.0	3.09244	0.0	0.0476009	0.0	0.0242707	0.0	0.03	0.0	1.492	0.0	5.0	0.0	1.733	0.0	0.0363753	0.0	1.89238e-05	0.00459057	0.340836	0.0152417	0.16485	0.0	0.00394979	0.0	0.00155369	0.000868446	1.76859	0.0	1.00554	0.0234251	0.767959	0.0887527	0.778508	0.17184	0.516019	0.038794	0.0792598	0.0307781	0.17188	0.0142652	0.171822	0.047716	-6138.9	4.0	5.9302e-05	-40789.4	3.0	1.99714e-05	1.0	1495.43	48.9985	723.117	36.425	0.325942	0.0142466	1166.22	8.43405	
0.0-2.4	6.5-30.0	0.0-10.0	0.785-1.178	0.008	0.128	4854.0	4852.0	2316.26	55.6457	2535.74	57.5828	-1.0	0.0	0.0940685	0.128143	0.437799	0.0	3.09244	0.0	0.0476009	0.0	0.0242707	0.0	0.03	0.0	1.492	0.0	5.0	0.0	1.733	0.0	0.0363753	0.0	1.34329e-05	0.0045931	0.320538	0.0157402	0.16485	0.0	0.00394979	0.0	0.00200292	0.000863401	1.76859	0.0	1.01291	0.0233044	0.569388	0.106809	0.88377	1.01065	0.519875	0.0656851	0.0705114	1.62213e-09	0.234991	0.0348336	0.0708406	1.46546e-06	-6527.17	4.0	8.18617e-05	-38806.3	3.0	1.1498e-05	1.0	1681.77	50.9246	634.49	34.5439	0.273928	0.0133832	1171.53	8.41371	
0.0-2.4	6.5-30.0	0.0-10.0	1.178-1.571	0.008	0.152	4403.0	4400.0	2049.78	52.4626	2350.25	55.2512	-1.0	0.0	-0.174834	0.0172886	0.437799	0.0	3.09244	0.0	0.0476009	0.0	0.0242707	0.0	0.03	0.0	1.492	0.0	5.0	0.0	1.733	0.0	0.0363753	0.0	1.96612e-05	0.00459023	0.206901	0.0130064	0.16485	0.0	0.00394979	0.0	0.00198086	0.000858108	1.76859	0.0	0.96343	0.0231016	0.850579	0.0962947	0.570052	0.15391	0.536565	0.125584	0.114271	0.0387089	0.583289	0.0412081	0.0706574	0.0339383	-6079.38	4.0	3.13033e-05	-34683.3	3.0	4.57095e-06	1.0	1549.29	50.2823	500.49	33.4671	0.244167	0.0150838	1136.14	8.18018	
0.0-2.4	6.5-30.0	0.0-100.0	0.000-0.393	0.008	0.152	13924.0	13914.0	7600.61	98.5827	6313.98	91.8258	-1.0	0.0	-0.0513656	0.0351821	0.437799	0.0	3.09244	0.0	0.0476009	0.0	0.024126	0.0	0.03	0.0	1.492	0.0	5.0	0.0	1.733	0.0	0.0363211	0.0	1.26244e-05	0.000102978	0.360466	0.00902138	0.206229	0.0969039	0.00181619	0.00447859	0.00153014	0.000452962	1.83948	0.188543	0.910354	0.0112849	0.905072	0.0584404	0.618125	0.135469	0.613971	0.0400323	0.163345	0.048801	0.227744	0.0149644	0.0704662	8.80778e-12	-20763.4	4.0	6.39111e-05	-127371.0	3.0	0.000101315	1.0	5378.6	88.1189	2222.0	61.0634	0.292345	0.0070829	1164.32	61.4957	
0.0-2.4	6.5-30.0	0.0-100.0	0.000-1.571	0.004	0.164	50728.0	50710.0	28261.4	215.252	22448.1	201.132	-1.0	0.0	-0.133372	0.009379	0.437799	0.0276197	3.09244	0.000252422	0.0476009	0.00121836	0.024126	0.000527179	0.03	0.0	1.492	0.0	5.0	0.0	1.733	0.0	0.0363211	0.000484065	1.00384e-05	0.000248775	0.338916	0.00462871	0.16485	0.0672939	0.00394979	0.00276213	0.00216724	0.000240576	1.76859	0.130357	0.962197	0.00634524	0.65424	0.0170201	0.921829	0.0136739	0.58076	0.0108752	0.070625	2.03139e-07	0.285753	0.00719775	0.3402	0.0409668	-74264.5	4.0	1.48646e-06	-530703.0	7.0	0.000109605	1.0	20244.1	186.207	8017.28	120.944	0.283683	0.00369398	1135.27	36.7436	
0.0-2.4	6.5-30.0	0.0-100.0	0.393-0.785	0.008	0.145	13226.0	13212.0	7186.16	95.716	6025.76	89.4507	-1.0	0.0	-0.17298	0.0111529	0.437799	0.0	3.09244	0.0	0.0476009	0.0	0.024126	0.0	0.03	0.0	1.492	0.0	5.0	0.0	1.733	0.0	0.0363211	0.0	1.89238e-05	0.00459057	0.339428	0.00901962	0.0431777	0.107987	0.00997815	0.0195849	0.00151461	0.000466593	1.89503	0.83285	1.06818	0.0124031	0.675609	0.0330052	0.888224	0.0258569	0.521283	0.0237497	0.0704986	1.52255e-08	0.216429	0.0107467	0.341096	0.048852	-18940.1	4.0	1.47882e-05	-120234.0	3.0	5.82209e-06	1.0	5133.31	86.9533	2052.85	60.2796	0.285667	0.0074757	1116.6	66.8771	
0.0-2.4	6.5-30.0	0.0-100.0	0.785-1.178	0.008	0.152	12246.0	12243.0	7011.42	94.0408	5230.81	84.0427	-1.0	0.0	-0.0902572	0.0285541	0.437799	0.0	3.09244	0.0	0.0476009	0.0	0.024126	0.0	0.03	0.0	1.492	0.0	5.0	0.0	1.733	0.0	0.0363211	0.0	2.75139e-05	0.00458662	0.391013	0.0106738	0.0918396	0.0685565	0.00342668	0.00702651	0.00153192	0.000458003	2.01375	0.316371	0.961775	0.0121287	0.772463	0.295345	0.550602	0.178253	0.475269	0.0404264	0.0706176	0.119289	0.330404	0.0227797	0.0781454	0.0488943	-17905.4	4.0	1.65087e-07	-111040.0	3.0	7.48054e-05	1.0	5014.48	84.2392	1996.95	57.3599	0.284813	0.00723426	1101.13	55.7028	
0.0-2.4	6.5-30.0	0.0-100.0	1.178-1.571	0.008	0.152	11331.0	11327.0	6462.82	90.1973	4863.55	80.8479	-1.0	0.0	-0.173009	0.0124349	0.437799	0.0	3.09244	0.0	0.0476009	0.0	0.024126	0.0	0.03	0.0	1.492	0.0	5.0	0.0	1.733	0.0	0.0363211	0.0	1.96612e-05	0.00459023	0.261943	0.00786268	0.449361	0.193671	0.00205439	0.00260759	0.00172253	0.000626757	1.48015	0.117135	0.776261	0.0163079	0.684567	0.0276868	0.895552	0.0242587	0.565576	0.0185154	0.0705781	3.23143e-07	0.41666	0.0189687	0.42612	0.070112	-16907.2	4.0	5.82009e-05	-101805.0	3.0	3.78458e-05	1.0	4657.92	83.0628	1804.91	57.5152	0.279275	0.00800046	1147.3	75.1982	
0.0-2.4	6.5-30.0	10.0-20.0	0.000-0.393	0.008	0.128	3423.0	3419.0	1810.01	48.4722	1609.06	46.3553	-1.0	0.0	0.320111	0.3834	0.437799	0.0	3.09244	0.0	0.0476009	0.0	0.0235153	0.0	0.03	0.0	1.492	0.0	5.0	0.0	1.733	0.0	0.0360952	0.0	1.2601e-05	0.000103615	0.324121	0.015528	0.16485	0.0	0.00394979	0.0	-0.000546149	0.000951734	1.76859	0.0	0.952806	0.0228335	0.88313	0.0663836	0.72711	0.181598	0.634472	0.0498177	0.117416	0.0355857	0.197107	0.0214035	0.0704502	1.65114e-07	-4965.54	4.0	1.01978e-06	-26410.2	3.0	4.36336e-05	1.0	1191.86	42.5955	618.149	32.7055	0.341517	0.0155837	1128.64	8.04928	
0.0-2.4	6.5-30.0	10.0-20.0	0.000-1.571	0.008	0.16	12217.0	12215.0	6599.61	93.3202	5615.4	87.889	-1.0	0.0	-0.113537	0.0226192	0.437799	0.0	3.09244	0.0	0.0476009	0.0	0.0235153	0.000638753	0.03	0.0	1.492	0.0	5.0	0.0	1.733	0.0	0.0360952	0.000116976	1.00282e-05	0.000232918	0.379114	0.0099268	0.16485	0.0	0.00394979	0.0	0.000930961	0.00051573	1.76859	0.0	0.982896	0.0132195	0.699049	0.0410415	0.810195	0.0340102	0.582744	0.0239677	0.0705925	6.02028e-07	0.209721	0.0160051	0.379977	0.043929	-16932.0	4.0	5.59108e-05	-110114.0	4.0	2.77819e-05	1.0	4562.78	82.3851	2036.83	58.7717	0.308628	0.00776272	1149.98	4.71809	
0.0-2.4	6.5-30.0	10.0-20.0	0.393-0.785	0.008	0.128	3091.0	3077.0	1642.83	46.0197	1434.04	43.6926	-1.0	0.0	-0.105074	0.0486244	0.437799	0.0	3.09244	0.0	0.0476009	0.0	0.0235153	0.0	0.03	0.0	1.492	0.0	5.0	0.0	1.733	0.0	0.0360952	0.0	1.64982e-05	0.00459169	0.438654	0.0258688	0.16485	0.0	0.00394979	0.0	0.000532093	0.00104145	1.76859	0.0	0.976706	0.0271352	0.642637	0.0561304	0.906436	0.0491748	0.379548	0.0584379	0.0705381	5.49762e-07	0.141988	0.0126617	0.266307	0.0753129	-4441.07	4.0	1.39393e-05	-23474.1	3.0	1.18741e-05	1.0	1243.64	42.1339	399.194	26.2045	0.242992	0.0144255	1145.57	9.66072	
0.0-2.4	6.5-30.0	10.0-20.0	0.785-1.178	0.008	0.152	3027.0	3024.0	1663.68	46.0708	1360.43	42.6529	-1.0	0.0	-0.147672	0.0326513	0.437799	0.0	3.09244	0.0	0.0476009	0.0	0.0235153	0.0	0.03	0.0	1.492	0.0	5.0	0.0	1.733	0.0	0.0360952	0.0	2.75139e-05	0.00458662	0.476282	0.0241585	0.16485	0.0	0.00394979	0.0	0.000702035	0.000985435	1.76859	0.0	0.964761	0.0256546	1.0	0.171298	0.462152	0.0795168	0.589438	0.0580122	0.0707052	4.71035e-05	0.503844	0.0528585	0.114148	0.0199964	-3981.82	4.0	2.09703e-05	-23097.2	3.0	1.66362e-05	1.0	1140.68	40.0265	523.001	28.5322	0.314363	0.0147763	1137.09	9.08921	
0.0-2.4	6.5-30.0	10.0-20.0	1.178-1.571	0.008	0.12	2675.0	2667.0	1481.3	43.4831	1185.69	39.9395	-1.0	0.0	-0.203066	0.0164664	0.437799	0.0	3.09244	0.0	0.0476009	0.0	0.0235153	0.0	0.03	0.0	1.492	0.0	5.0	0.0	1.733	0.0	0.0360952	0.0	2.02273e-05	0.00458997	0.280413	0.0148869	0.16485	0.0	0.00394979	0.0	0.00112425	0.00115883	1.76859	0.0	0.953866	0.0309274	0.623597	0.0648982	0.703017	0.0790123	0.512203	0.0481252	0.0704993	6.73507e-09	0.166462	0.0240801	0.394523	0.0631307	-3712.52	4.0	1.2488e-05	-20035.9	3.0	1.33033e-06	1.0	959.985	38.7466	521.311	30.6816	0.351929	0.0179525	1129.38	10.9075	
0.0-2.4	6.5-30.0	10.0-30.0	0.000-0.393	0.008	0.128	5820.0	5815.0	3223.36	64.0758	2591.53	58.9411	-1.0	0.0	0.0338552	0.0943967	0.437799	0.0	3.09244	0.0	0.0476009	0.0	0.0234371	0.0	0.03	0.0	1.492	0.0	5.0	0.0	1.733	0.0	0.0360666	0.0	1.2601e-05	0.000103615	0.375631	0.0139719	0.16485	0.0	0.00394979	0.0	4.90299e-05	0.000689307	1.76859	0.0	0.922985	0.0168134	0.997381	0.163881	0.462039	0.0823715	0.560311	0.056596	0.0708624	0.916157	0.189406	0.0163835	0.0728772	0.0129768	-8876.24	4.0	1.0885e-05	-48251.2	3.0	1.79237e-05	1.0	2241.05	56.6611	982.311	40.0897	0.304748	0.0108622	1107.75	5.84984	
0.0-2.4	6.5-30.0	10.0-30.0	0.000-1.571	0.004	0.164	20604.0	20601.0	11726.5	122.918	8874.47	110.712	-1.0	0.0	-0.114352	0.0177058	0.437799	0.0	3.09244	0.0	0.0476009	0.0	0.0234371	0.000461086	0.03	0.0	1.492	0.0	5.0	0.0	1.733	0.0	0.0360666	8.4225e-05	1.00384e-05	0.000248775	0.391648	0.00779259	0.16485	0.0	0.00394979	0.0	0.00108401	0.000371891	1.76859	0.0	0.950189	0.00962243	0.687404	0.0287588	0.875828	0.021004	0.583599	0.0178675	0.0704683	8.62571e-10	0.205943	0.00961962	0.390812	0.0413042	-30389.5	4.0	2.38092e-07	-197494.0	4.0	5.40448e-05	1.0	8235.48	108.73	3491.03	75.5593	0.297704	0.0056374	1126.79	3.38833	
0.0-2.4	6.5-30.0	10.0-30.0	0.393-0.785	0.008	0.145	5289.0	5287.0	2963.92	61.0519	2323.28	55.5553	-1.0	0.0	-0.108431	0.0362142	0.437799	0.0	3.09244	0.0	0.0476009	0.0	0.0234371	0.0	0.03	0.0	1.492	0.0	5.0	0.0	1.733	0.0	0.0360666	0.0	1.89238e-05	0.00459057	0.354017	0.0147204	0.16485	0.0	0.00394979	0.0	0.00099042	0.000761128	1.76859	0.0	0.980739	0.0200929	0.720178	0.375163	0.856461	0.0586166	0.533069	0.255708	0.0707231	0.128198	0.154033	0.0135844	0.342959	0.0561928	-8065.54	4.0	3.09157e-05	-43465.1	3.0	6.82854e-05	1.0	2152.19	55.6561	811.733	37.575	0.273871	0.0113531	1148.44	7.16507	
0.0-2.4	6.5-30.0	10.0-30.0	0.785-1.178	0.008	0.152	4921.0	4918.0	2882.98	60.2058	2034.93	52.695	-1.0	0.0	-0.153476	0.0249581	0.437799	0.0	3.09244	0.0	0.0476009	0.0	0.0234371	0.0	0.03	0.0	1.492	0.0	5.0	0.0	1.733	0.0	0.0360666	0.0	2.75139e-05	0.00458662	0.502229	0.0193558	0.16485	0.0	0.00394979	0.0	0.000811657	0.000740346	1.76859	0.0	0.93738	0.0193605	0.999998	0.087452	0.464104	0.0718099	0.591464	0.0494026	0.07054	0.000362425	0.404558	0.0361788	0.102185	0.0151184	-6800.27	4.0	6.71422e-05	-40215.4	3.0	2.02392e-06	1.0	1972.53	52.0043	910.449	37.0015	0.315801	0.0110104	1117.8	6.7796	
0.0-2.4	6.5-30.0	10.0-30.0	1.178-1.571	0.008	0.145	4571.0	4570.0	2653.77	57.7189	1916.27	50.9317	-1.0	0.0	-0.166936	0.021434	0.437799	0.0	3.09244	0.0	0.0476009	0.0	0.0234371	0.0	0.03	0.0	1.492	0.0	5.0	0.0	1.733	0.0	0.0360666	0.0	1.49137e-05	0.00459242	0.2988	0.012678	0.16485	0.0	0.00394979	0.0	0.00311504	8.33912e-09	1.76859	0.0	0.925954	0.0213288	0.61839	0.0425743	0.819167	0.0450183	0.523735	0.0341769	0.0704397	9.18187e-08	0.232215	0.0201299	0.422296	0.0654481	-6817.66	4.0	12.0622	-36996.7	3.0	1.15996e-06	1.0	1848.74	51.4481	805.038	36.5606	0.303356	0.0120942	1109.81	7.43089	
0.0-2.4	6.5-30.0	10.0-60.0	0.000-0.393	0.008	0.152	8426.0	8424.0	4928.25	78.3073	3496.0	68.5525	-1.0	0.0	-0.088193	0.035403	0.437799	0.0	3.09244	0.0	0.0476009	0.0	0.02407	0.0	0.03	0.0	1.492	0.0	5.0	0.0	1.733	0.0	0.0363002	0.0	1.26244e-05	0.000102978	0.337492	0.0105751	0.16485	0.0	0.00394979	0.0	0.000425997	0.000536729	1.76859	0.0	0.891816	0.0133333	0.828959	0.102958	0.716366	0.176247	0.580319	0.0312473	0.0706598	5.82405e-07	0.201381	0.0153533	0.07045	1.11867e-07	-13739.6	4.0	3.01422e-06	-73478.5	3.0	0.000120544	1.0	3509.15	70.4416	1419.1	48.5947	0.287952	0.00873464	1086.21	4.57123	
0.0-2.4	6.5-30.0	10.0-60.0	0.000-1.571	0.004	0.164	30000.0	29996.0	18300.6	151.334	11695.4	127.659	-1.0	0.0	-0.145906	0.0111604	0.437799	0.0	3.09244	0.0	0.0476009	0.0	0.02407	0.000361064	0.03	0.0	1.492	0.0	5.0	0.0	1.733	0.0	0.0363002	6.72997e-05	1.00384e-05	0.000248775	0.348024	0.00583301	0.16485	0.0	0.00394979	0.0	0.00124362	0.000296744	1.76859	0.0	0.929252	0.00772976	0.687871	0.0511986	0.919387	0.013659	0.566763	0.0320635	0.0710011	0.01242	0.270868	0.00955285	0.441647	0.0551468	-47187.3	4.0	1.71743e-05	-300931.0	4.0	0.000130094	1.0	13080.6	136.214	5220.0	93.3661	0.285236	0.0045238	1112.11	2.69703	
0.0-2.4	6.5-30.0	10.0-60.0	0.393-0.785	0.008	0.145	7828.0	7826.0	4727.84	76.2002	3098.26	64.6297	-1.0	0.0	-0.162804	0.0176341	0.437799	0.0	3.09244	0.0	0.0476009	0.0	0.02407	0.0	0.03	0.0	1.492	0.0	5.0	0.0	1.733	0.0	0.0363002	0.0	1.89238e-05	0.00459057	0.341078	0.0116649	0.16485	0.0	0.00394979	0.0	0.00107087	0.000617118	1.76859	0.0	0.993511	0.0165321	0.703691	0.0614984	0.884902	0.0326021	0.558002	0.035408	0.0706367	1.60544e-09	0.26042	0.0174365	0.42205	0.0759259	-12362.3	4.0	6.57096e-07	-67968.9	3.0	5.68409e-06	1.0	3482.68	70.1698	1245.16	46.6454	0.263367	0.00890631	1157.58	5.92496	
0.0-2.4	6.5-30.0	10.0-60.0	0.785-1.178	0.008	0.152	7068.0	7065.0	4459.83	73.8689	2604.67	60.0134	-1.0	0.0	-0.157694	0.0208787	0.437799	0.0	3.09244	0.0	0.0476009	0.0	0.02407	0.0	0.03	0.0	1.492	0.0	5.0	0.0	1.733	0.0	0.0363002	0.0	2.75139e-05	0.00458662	0.419684	0.0140467	0.16485	0.0	0.00394979	0.0	0.000968756	0.000592039	1.76859	0.0	0.901369	0.0153029	0.999997	0.111047	0.476993	0.0576027	0.520031	0.0477044	0.0710766	0.772534	0.399941	0.0276639	0.0932389	0.0118479	-10882.2	4.0	5.73883e-07	-60889.0	3.0	7.94706e-05	1.0	3148.98	65.4614	1310.85	45.1247	0.293924	0.00886983	1092.78	5.27082	
0.0-2.4	6.5-30.0	10.0-60.0	1.178-1.571	0.008	0.152	6676.0	6675.0	4185.96	71.5842	2488.81	58.5435	-1.0	0.0	-0.167432	0.0188239	0.437799	0.0	3.09244	0.0	0.0476009	0.0	0.02407	0.0	0.03	0.0	1.492	0.0	5.0	0.0	1.733	0.0	0.0363002	0.0	1.96612e-05	0.00459023	0.288685	0.00985741	0.16485	0.0	0.00394979	0.0	0.00102544	0.00064053	1.76859	0.0	0.902502	0.0169795	0.635382	0.0331259	0.874247	0.0279878	0.491597	0.0283525	0.0704832	3.21652e-09	0.310726	0.0236214	0.528812	0.0911159	-10389.4	4.0	5.21249e-05	-57092.8	3.0	1.75535e-05	1.0	2909.81	65.0602	1276.15	47.2542	0.304864	0.0100128	1093.56	5.85146	
0.0-2.4	6.5-30.0	20.0-30.0	0.000-0.393	0.008	0.105	2397.0	2390.0	1413.01	41.8797	977.07	36.3038	-1.0	0.0	-0.109449	0.0556414	0.437799	0.0	3.09244	0.0	0.0476009	0.0	0.0233389	0.0	0.03	0.0	1.492	0.0	5.0	0.0	1.733	0.0	0.0360308	0.0	1.25371e-05	0.000105445	0.453695	0.0266414	0.16485	0.0	0.00394979	0.0	0.0019702	0.000991772	1.76859	0.0	0.906372	0.0245304	0.612272	0.00175386	1.0	9.118	0.557553	0.00142549	0.0705731	2.92416e-09	0.139363	0.000506632	0.0896375	49.8499	-3927.71	4.0	1.46407e-06	-17865.9	3.0	3.4568e-06	1.0	1038.91	37.2471	374.103	23.7097	0.264756	0.0148317	1096.23	8.46923	
0.0-2.4	6.5-30.0	20.0-30.0	0.000-1.571	0.008	0.136	8386.0	8370.0	5124.77	79.9573	3245.3	67.1843	-1.0	0.0	-0.121584	0.0269142	0.437799	0.0	3.09244	0.0	0.0476009	0.0	0.0233389	0.000658825	0.03	0.0	1.492	0.0	5.0	0.0	1.733	0.0	0.0360308	0.000119961	3.37928e-05	7.02542e-05	0.413635	0.0124821	0.16485	0.0	0.00394979	0.0	0.00126152	0.00053384	1.76859	0.0	0.905609	0.0139725	0.696266	0.153417	0.922907	0.928517	0.57984	0.0982022	0.070592	0.0223703	0.202363	0.0334764	0.070824	0.320749	-13574.5	4.0	4.25215e-07	-73351.6	4.0	9.26722e-06	1.0	3665.81	70.8474	1458.96	47.6057	0.284688	0.00815861	1095.7	4.82233	
0.0-2.4	6.5-30.0	20.0-30.0	0.393-0.785	0.008	0.105	2198.0	2175.0	1324.28	40.0436	850.738	33.6137	-1.0	0.0	-0.108824	0.0578481	0.437799	0.0	3.09244	0.0	0.0476009	0.0	0.0233389	0.0	0.03	0.0	1.492	0.0	5.0	0.0	1.733	0.0	0.0360308	0.0	2.76412e-05	0.127705	0.26873	0.0157722	0.16485	0.0	0.00394979	0.0	0.00191583	0.00110922	1.76859	0.0	0.951809	0.0301305	0.752694	0.329269	0.999994	19.8455	0.658926	0.165699	0.0704451	0.0709489	0.184806	0.0261632	0.0736502	47.1571	-3755.66	4.0	1.19595e-07	-16159.0	3.0	3.17377e-05	1.0	907.539	36.5054	416.737	27.1727	0.31469	0.0181791	1127.93	10.6171	
0.0-2.4	6.5-30.0	20.0-30.0	0.785-1.178	0.008	0.12	1894.0	1890.0	1221.36	38.7003	668.642	30.7407	-1.0	0.0	-0.162019	0.0391125	0.437799	0.0	3.09244	0.0	0.0476009	0.0	0.0233389	0.0	0.03	0.0	1.492	0.0	5.0	0.0	1.733	0.0	0.0360308	0.0	1.26912e-05	0.00459344	0.577045	0.0315221	0.16485	0.0	0.00394979	0.0	0.000242183	0.00109768	1.76859	0.0	0.883407	0.028738	0.792076	0.114683	0.999506	0.153452	0.558871	0.0835759	0.0705231	0.0288284	0.153591	0.0181224	0.0710342	3.31118	-2844.03	4.0	1.39009e-06	-13823.0	3.0	5.7937e-06	1.0	820.3	32.6503	401.059	23.4935	0.328371	0.0161785	1080.46	9.81169	
0.0-2.4	6.5-30.0	20.0-30.0	1.178-1.571	0.008	0.128	1896.0	1892.0	1168.21	37.8736	723.728	31.4641	-1.0	0.0	-0.0562235	0.0982461	0.437799	0.0	3.09244	0.0	0.0476009	0.0	0.0233389	0.0	0.03	0.0	1.492	0.0	5.0	0.0	1.733	0.0	0.0360308	0.0	3.66622e-05	0.000202958	0.308424	0.0213493	0.16485	0.0	0.00394979	0.0	-0.000460354	0.00108725	1.76859	0.0	0.860587	0.0296087	0.63105	0.0823554	1.0	0.00967038	0.509511	0.0784092	0.0706228	0.0230848	0.306091	0.0324652	0.307064	2.50802	-3123.6	4.0	3.08958e-06	-13779.1	3.0	3.69334e-06	1.0	858.647	34.7492	309.567	23.0935	0.264992	0.0178038	1064.97	9.99109	
0.0-2.4	6.5-30.0	30.0-60.0	0.000-0.393	0.008	0.12	2605.0	2602.0	1697.02	44.8878	904.962	34.9694	-1.0	0.0	-0.200004	0.0194737	0.437799	0.0	3.09244	0.0	0.0476009	0.0	0.0249191	0.0	0.03	0.0	1.492	0.0	5.0	0.0	1.733	0.0	0.0366209	0.0	1.2559e-05	0.000104568	0.251101	0.0143038	0.16485	0.0	0.00394979	0.0	0.000182165	0.00083955	1.76859	0.0	0.819982	0.0215483	0.876438	0.575874	0.919327	2.70743	0.601875	0.602684	0.0704989	3.31668e-08	0.245238	0.126001	0.0705869	9.51012	-4931.3	4.0	9.8082e-05	-19990.3	3.0	1.42398e-07	1.0	1245.27	41.7208	451.757	28.2572	0.266206	0.0150889	1037.87	7.10904	
0.0-2.4	6.5-30.0	30.0-60.0	0.000-1.571	0.008	0.145	9396.0	9392.0	6557.78	88.1155	2834.31	63.5691	-1.0	0.0	-0.203327	0.0104847	0.437799	0.0	3.09244	0.0	0.0476009	0.0	0.0249191	0.000571961	0.03	0.0	1.492	0.0	5.0	0.0	1.733	0.0	0.0366209	0.000109404	3.69686e-05	0.0287936	0.270443	0.00810117	0.16485	0.0	0.00394979	0.0	0.000301596	0.000485782	1.76859	0.0	0.855379	0.0126959	0.889337	1.63202	0.63829	0.530878	0.399672	0.120458	0.0705243	0.220415	0.417504	0.0460378	0.0705434	3.53217e-09	-17123.0	4.0	1.3088e-06	-84914.2	4.0	2.38688e-05	1.0	4772.02	81.7619	1785.77	56.1188	0.272313	0.00773589	1061.46	4.27223	
0.0-2.4	6.5-30.0	30.0-60.0	0.393-0.785	0.008	0.12	2538.0	2538.0	1764.06	45.494	773.894	32.8566	-1.0	0.0	-0.232993	0.0111853	0.437799	0.0	3.09244	0.0	0.0476009	0.0	0.0249191	0.0	0.03	0.0	1.492	0.0	5.0	0.0	1.733	0.0	0.0366209	0.0	1.53356e-05	0.00459222	0.305544	0.0198136	0.16485	0.0	0.00394979	0.0	-0.00122405	0.00102376	1.76859	0.0	0.941118	0.0282699	0.991593	0.726604	0.565155	0.170793	0.368106	0.0750031	0.0711223	1.43387	0.480424	0.0300955	0.0704618	3.49129e-07	-4440.19	4.0	2.00749e-06	-19613.8	3.0	4.26832e-06	1.0	1320.84	42.7279	443.22	28.2133	0.25125	0.014622	1120.42	9.91569	
0.0-2.4	6.5-30.0	30.0-60.0	0.785-1.178	0.008	0.12	2146.0	2143.0	1569.47	42.6301	573.531	28.6602	-1.0	0.0	-0.175813	0.0346932	0.437799	0.0	3.09244	0.0	0.0476009	0.0	0.0249191	0.0	0.03	0.0	1.492	0.0	5.0	0.0	1.733	0.0	0.0366209	0.0	1.26912e-05	0.00459344	0.235409	0.013908	0.16485	0.0	0.00394979	0.0	0.00152077	0.00101522	1.76859	0.0	0.851196	0.0253178	0.703563	0.156891	0.999449	1.40079	0.403651	0.10344	0.0705144	7.92944e-10	0.353347	0.0592049	0.0904586	4.32562	-4181.65	4.0	4.1099e-05	-16348.6	3.0	3.94104e-06	1.0	1131.05	39.9844	438.417	28.2265	0.27934	0.0163058	1058.65	8.50039	
0.0-2.4	6.5-30.0	30.0-60.0	1.178-1.571	0.008	0.12	2104.0	2091.0	1518.89	42.0676	572.108	28.6868	-1.0	0.0	-0.167846	0.0399735	0.437799	0.0	3.09244	0.0	0.0476009	0.0	0.0249191	0.0	0.03	0.0	1.492	0.0	5.0	0.0	1.733	0.0	0.0366209	0.0	2.02273e-05	0.00458997	0.294639	0.0167072	0.16485	0.0	0.00394979	0.0	0.000746471	0.00106485	1.76859	0.0	0.860039	0.0271742	0.971257	1.28556	0.550212	0.325017	0.287678	0.0705143	0.0707	2.33361e-06	0.541701	0.0669066	0.0705087	5.28952e-10	-3706.33	4.0	2.45314e-05	-15860.6	3.0	9.22893e-06	1.0	1071.08	38.4928	447.808	27.4865	0.294827	0.0161495	1064.6	9.16693	
0.0-2.4	6.5-8.0	0.0-100.0	0.000-0.393	0.016	0.136	7393.0	7380.0	3207.85	67.1968	4172.37	74.026	-1.0	0.0	-0.0900037	0.0319463	0.420985	0.0	3.09154	0.0	0.0489074	0.0	0.0268725	0.0	0.03	0.0	1.492	0.0	5.0	0.0	1.733	0.0	0.0377504	0.0	0.000283738	0.00239569	0.410079	0.0181552	0.3824	0.121469	0.00999999	0.00341546	0.00222667	0.000806391	1.80181	0.174802	0.873227	0.016936	0.999997	0.0902187	0.587575	0.0724091	0.775133	0.0197178	0.077735	0.765143	0.21618	0.0206656	0.155402	0.0260827	-9805.95	4.0	7.69293e-07	-61521.9	3.0	6.5781e-06	1.0	2471.75	61.6788	736.095	36.8935	0.229467	0.0104484	1308.59	73.8427	
0.0-2.4	6.5-8.0	0.0-100.0	0.000-1.571	0.016	0.16	26297.0	26291.0	11759.8	155.649	14531.3	164.273	-1.0	0.0	-0.0849485	0.0184103	0.420985	0.0566421	3.09154	0.000440786	0.0489074	0.00240011	0.0268725	0.00101242	0.03	0.0	1.492	0.0	5.0	0.0	1.733	0.0	0.0377504	0.000929651	2.99332e-05	0.00458551	0.303062	0.00759384	0.247328	0.092515	0.00999999	0.0035556	0.0031155	0.000406475	1.76918	0.144226	0.946336	0.00929382	0.52946	0.022827	0.871284	0.0248004	0.63806	0.0146195	0.0706261	1.52182e-08	0.263985	0.0128686	0.338882	0.0442618	-35040.7	4.0	1.09833e-06	-253048.0	7.0	0.00013245	1.0	9131.56	138.483	2628.27	76.0264	0.223495	0.00574847	1203.41	50.3921	
0.0-2.4	6.5-8.0	0.0-100.0	0.393-0.785	0.016	0.145	6844.0	6838.0	2859.23	63.816	3978.9	72.056	-1.0	0.0	-0.129949	0.0225608	0.420985	0.0	3.09154	0.0	0.0489074	0.0	0.0268725	0.0	0.03	0.0	1.492	0.0	5.0	0.0	1.733	0.0	0.0377504	0.0	5.71468e-05	0.0356234	0.271365	0.0140977	0.840202	0.0613475	0.00435761	0.0029239	-0.00306643	0.00269326	1.29411	0.0495922	0.627798	0.0539145	0.761149	0.0849897	0.726865	0.121412	0.640288	0.0327165	0.0707358	0.0263613	0.155469	0.0123349	0.202329	0.0383616	-8918.26	4.0	1.06137e-05	-56339.4	3.0	6.97687e-06	1.0	2241.09	60.2985	618.135	36.3907	0.21619	0.0117773	1212.47	27.6013	
0.0-2.4	6.5-8.0	0.0-100.0	0.785-1.178	0.016	0.152	6347.0	6344.0	3027.65	64.0825	3316.27	66.2961	-1.0	0.0	0.169296	0.156793	0.420985	0.0	3.09154	0.0	0.0489074	0.0	0.0268725	0.0	0.03	0.0	1.492	0.0	5.0	0.0	1.733	0.0	0.0377504	0.0	0.000162346	0.00052087	0.264043	0.0125193	0.125882	0.127257	0.00999964	0.014763	0.00327686	0.000752221	1.93842	0.430428	0.98087	0.0175514	0.453597	0.0314219	1.0	0.364338	0.563553	0.0369405	0.0742	0.00629326	0.237033	0.0163522	0.212381	193.049	-9027.15	4.0	1.44683e-06	-52332.5	3.0	1.51384e-06	1.0	2291.94	60.1746	735.712	38.8611	0.242998	0.0117599	1146.29	90.3381	
0.0-2.4	6.5-8.0	0.0-100.0	1.178-1.571	0.016	0.152	5712.0	5708.0	2663.25	60.3405	3044.79	63.423	-1.0	0.0	-0.127481	0.026036	0.420985	0.0	3.09154	0.0	0.0489074	0.0	0.0268725	0.0	0.03	0.0	1.492	0.0	5.0	0.0	1.733	0.0	0.0377504	0.0	0.00037077	0.135166	0.265528	0.0147451	0.647334	0.789382	0.00754825	0.00409297	-0.000821913	0.00113935	1.39691	0.229244	0.614682	0.0237207	0.552724	0.0534693	0.801872	0.0439412	0.6144	0.0309296	0.0709205	0.0123404	0.486959	0.0362707	0.431239	0.0662156	-7478.09	4.0	1.70976e-06	-46367.6	3.0	3.75187e-06	1.0	2101.47	57.065	561.783	33.9336	0.210939	0.0118111	1181.7	277.038	
0.0-2.4	6.5-8.0	10.0-60.0	0.000-0.393	0.016	0.128	4276.0	4270.0	2036.54	52.4539	2233.4	54.2971	-1.0	0.0	-0.101567	0.0393724	0.420985	0.0	3.09154	0.0	0.0489074	0.0	0.0262032	0.0	0.03	0.0	1.492	0.0	5.0	0.0	1.733	0.0	0.037477	0.0	0.000280358	0.0026809	0.324816	0.0177883	0.247328	0.0	0.00999999	0.0	-0.000106528	0.000937735	1.76918	0.0	0.920838	0.0197907	0.999982	0.139905	0.587025	0.126857	0.75248	0.0436687	0.0770173	0.766953	0.224786	0.0252189	0.101815	0.0330756	-6247.35	4.0	3.2491e-07	-33529.1	3.0	4.36754e-06	1.0	1530.73	48.442	505.81	31.015	0.248367	0.0138206	1188.43	5.77097	
0.0-2.4	6.5-8.0	10.0-60.0	0.000-1.571	0.016	0.16	14740.0	14737.0	7540.42	101.204	7196.62	99.4899	-1.0	0.0	-0.0686881	0.0289784	0.420985	0.0	3.09154	0.0	0.0489074	0.0	0.0262032	0.000611246	0.03	0.0	1.492	0.0	5.0	0.0	1.733	0.0	0.037477	0.000123727	2.99332e-05	0.00458551	0.275113	0.00831215	0.247328	0.0	0.00999999	0.0	0.000684993	0.000515871	1.76918	0.0	0.913189	0.0113093	0.624839	0.0417164	0.795867	0.0408558	0.670368	0.0191369	0.0706109	3.00405e-08	0.220042	0.0139571	0.338736	0.0366281	-21759.6	4.0	7.29275e-07	-134721.0	4.0	2.20913e-05	1.0	5737.11	95.0334	1803.3	60.729	0.239152	0.00738653	1183.98	3.28269	
0.0-2.4	6.5-8.0	10.0-60.0	0.393-0.785	0.016	0.145	3847.0	3845.0	1944.28	50.798	1900.48	50.3652	-1.0	0.0	-0.0507343	0.0642695	0.420985	0.0	3.09154	0.0	0.0489074	0.0	0.0262032	0.0	0.03	0.0	1.492	0.0	5.0	0.0	1.733	0.0	0.037477	0.0	5.71468e-05	0.0356234	0.246408	0.0159121	0.247328	0.0	0.00999999	0.0	0.000547244	0.00112045	1.76918	0.0	0.999966	0.0239603	0.653827	0.0736663	0.77817	0.0860946	0.640826	0.0521204	0.0705105	3.88812e-09	0.154638	0.0234087	0.327526	0.066159	-5746.36	4.0	2.0883e-05	-29941.6	3.0	1.80764e-05	1.0	1531.95	49.3788	412.33	30.8595	0.212074	0.0148734	1235.62	7.29739	
0.0-2.4	6.5-8.0	10.0-60.0	0.785-1.178	0.016	0.152	3386.0	3383.0	1846.94	48.8298	1535.96	45.5339	-1.0	0.0	0.0710221	0.150914	0.420985	0.0	3.09154	0.0	0.0489074	0.0	0.0262032	0.0	0.03	0.0	1.492	0.0	5.0	0.0	1.733	0.0	0.037477	0.0	0.000162346	0.00052087	0.228951	0.0150519	0.247328	0.0	0.00999999	0.0	-0.000144672	0.00100558	1.76918	0.0	0.848565	0.0218418	0.941578	0.836033	0.341965	0.21003	0.603834	0.0563305	0.145059	0.115015	0.3642	0.0636502	0.103748	0.0251309	-5345.8	4.0	8.77582e-09	-26145.6	3.0	7.63065e-06	1.0	1397.94	46.7118	448.997	30.9343	0.243103	0.0154667	1147.22	6.08	
0.0-2.4	6.5-8.0	10.0-60.0	1.178-1.571	0.016	0.136	3230.0	3226.0	1711.57	47.3596	1514.42	45.2277	-1.0	0.0	-0.106882	0.0458196	0.420985	0.0	3.09154	0.0	0.0489074	0.0	0.0262032	0.0	0.03	0.0	1.492	0.0	5.0	0.0	1.733	0.0	0.037477	0.0	1.00919e-05	0.00212113	0.286066	0.0169031	0.247328	0.0	0.00999999	0.0	0.000503904	0.00104322	1.76918	0.0	0.826612	0.0247451	0.482802	0.0759724	0.719304	0.0749113	0.57991	0.0522926	0.0704492	0.0167533	0.276082	0.0344453	0.414836	0.0614015	-4518.84	4.0	5.36084e-07	-24672.2	3.0	9.89205e-05	1.0	1259.42	43.9401	452.158	29.5442	0.264177	0.0156372	1135.09	6.78168	
0.0-2.4	8.0-10.0	0.0-100.0	0.000-0.393	0.008	0.152	3807.0	3799.0	2390.41	54.1244	1408.5	44.1328	-1.0	0.0	0.250719	0.322892	0.408951	0.0	3.09317	0.0	0.0504172	0.0	0.0230403	0.0	0.03	0.0	1.492	0.0	5.0	0.0	1.733	0.0	0.0367868	0.0	3.80818e-05	0.00458177	0.25128	0.011737	0.478672	0.341365	0.000146721	0.00440494	0.0010201	0.00106869	1.46886	0.220449	0.755231	0.0259696	0.839893	0.275851	0.669229	0.379916	0.529882	0.059252	0.0704451	2.73254e-07	0.253054	0.0405207	0.0706546	1.41035e-08	-6569.88	4.0	0.000103923	-30386.4	3.0	1.01588e-05	1.0	1706.62	49.7429	683.789	34.9409	0.286055	0.0131038	1153.3	135.384	
0.0-2.4	8.0-10.0	0.0-100.0	0.000-1.571	0.008	0.152	14019.0	14003.0	8933.57	114.052	5069.46	95.6154	-1.0	0.0	-0.138634	0.0188701	0.408951	0.0386414	3.09317	0.000422452	0.0504172	0.00208546	0.0230403	0.000837375	0.03	0.0	1.492	0.0	5.0	0.0	1.733	0.0	0.0367869	0.00080279	8.77568e-05	0.000222665	0.337957	0.00838458	0.22052	0.162925	0.000482536	0.00445097	0.00175106	0.000458624	1.61158	0.193917	0.907637	0.0124213	0.859495	0.00525369	0.651807	0.00797061	0.505959	0.0060985	0.0705084	1.46303	0.368942	0.00215473	0.0704933	0.0307164	-22335.5	4.0	7.29457e-07	-130536.0	7.0	0.000141063	1.0	6323.18	99.5248	2610.39	67.0757	0.2922	0.006516	1102.21	72.7179	
0.0-2.4	8.0-10.0	0.0-100.0	0.393-0.785	0.016	0.105	3718.0	3687.0	2390.15	53.6262	1296.8	42.2196	-1.0	0.0	-0.210163	0.0138311	0.408951	0.0	3.09317	0.0	0.0504172	0.0	0.0230403	0.0	0.03	0.0	1.492	0.0	5.0	0.0	1.733	0.0	0.0367868	0.0	0.000172932	0.00146308	0.360229	0.0160452	0.0247845	0.0475261	0.00888237	0.0102477	0.00142505	0.000932239	2.45426	1.19584	1.2394	0.0258381	0.999999	0.0461097	1.0	0.0489953	0.667112	0.0247455	0.0704437	1.3536e-08	0.4032	0.0304274	0.0708477	1.12127	-5502.01	4.0	7.84318e-05	-29546.2	3.0	7.02909e-07	1.0	1644.19	48.1964	745.959	35.2444	0.312097	0.012977	1283.48	51.7354	
0.0-2.4	8.0-10.0	0.0-100.0	0.785-1.178	0.008	0.145	3384.0	3384.0	2183.15	51.7923	1200.92	41.2341	-1.0	0.0	-0.0828006	0.0649431	0.408951	0.0	3.09317	0.0	0.0504172	0.0	0.0230403	0.0	0.03	0.0	1.492	0.0	5.0	0.0	1.733	0.0	0.0367868	0.0	9.83527e-05	0.000854857	0.536626	0.022989	0.140897	0.302584	0.00619959	0.0180756	0.00294572	0.000847751	1.66473	0.645363	0.894359	0.0221356	0.527919	571298.0	0.442392	502908.0	0.350042	376579.0	0.0704418	1355610.0	0.355843	38194.4	0.0704548	1.06499e-05	-4975.08	4.0	2.65561e-05	-26751.2	3.0	2.68697e-06	1.0	1493.61	44.3286	689.534	31.2578	0.315844	0.0122006	1038.1	161.309	
0.0-2.4	8.0-10.0	0.0-100.0	1.178-1.571	0.008	0.128	3108.0	3106.0	1975.29	48.9355	1130.67	39.3703	-1.0	0.0	-0.184839	0.0223126	0.408951	0.0	3.09317	0.0	0.0504172	0.0	0.0230403	0.0	0.03	0.0	1.492	0.0	5.0	0.0	1.733	0.0	0.0367868	0.0	0.000173321	0.000555349	0.213046	0.0115998	0.273985	0.249386	-0.00287811	0.0073307	0.00190482	0.00100275	1.5396	0.259169	0.808492	0.0266881	0.796281	1.07269	0.604879	3.79725	0.295286	3.39876	0.0704519	1.21813e-09	0.429861	0.0954445	0.0704506	1.21596	-5335.48	4.0	1.92473e-05	-24296.8	3.0	2.52373e-06	1.0	1417.23	46.4203	558.064	33.3656	0.282523	0.0153731	1060.2	113.599	
0.0-2.4	8.0-10.0	10.0-60.0	0.000-0.393	0.008	0.145	2379.0	2378.0	1560.04	43.2983	818.02	33.6549	-1.0	0.0	-0.00348446	0.13348	0.408951	0.0	3.09317	0.0	0.0504172	0.0	0.0236656	0.0	0.03	0.0	1.492	0.0	5.0	0.0	1.733	0.0	0.0370207	0.0	8.51781e-05	0.000319537	0.223853	0.0135737	0.22052	0.0	0.000482536	0.0	0.000429937	0.00102976	1.61158	0.0	0.840982	0.0257004	0.724365	0.0520191	1.0	0.249662	0.464787	0.0488059	0.0705659	2.13722e-08	0.164929	0.0152758	0.07045	4.41932e-12	-4502.62	4.0	4.62948e-06	-18039.8	3.0	1.31622e-05	1.0	1144.4	40.7778	415.637	28.0543	0.266427	0.0163924	1060.2	7.94539	
0.0-2.4	8.0-10.0	10.0-60.0	0.000-1.571	0.008	0.145	8510.0	8509.0	5726.08	83.33	2782.8	63.2534	-1.0	0.0	-0.176472	0.0157883	0.408951	0.0	3.09317	0.0	0.0504172	0.0	0.0236656	0.000608418	0.03	0.0	1.492	0.0	5.0	0.0	1.733	0.0	0.0370207	0.000114939	8.96232e-05	0.000224682	0.332468	0.0108716	0.22052	0.0	0.000482536	0.0	0.000971075	0.000559125	1.61158	0.0	0.860642	0.0150099	0.984011	0.00887024	0.510626	0.127398	0.42293	0.149295	0.514824	0.239952	0.38723	0.0219381	0.0706453	0.0282579	-14341.9	4.0	2.02314e-05	-75605.3	4.0	1.64292e-05	1.0	4100.2	75.3977	1625.88	51.8098	0.283943	0.00804939	1072.43	4.69472	
0.0-2.4	8.0-10.0	10.0-60.0	0.393-0.785	0.008	0.12	2283.0	2277.0	1503.8	42.2816	773.189	32.5134	-1.0	0.0	-0.217555	0.0153462	0.408951	0.0	3.09317	0.0	0.0504172	0.0	0.0236656	0.0	0.03	0.0	1.492	0.0	5.0	0.0	1.733	0.0	0.0370207	0.0	0.000180866	0.000958622	0.321592	0.0200418	0.22052	0.0	0.000482536	0.0	0.00171043	0.00118592	1.61158	0.0	0.936526	0.035982	0.803786	0.226715	0.929462	0.673247	0.471014	0.232915	0.0704869	6.48901e-07	0.429314	0.0765235	0.0705436	3.86065e-07	-3723.91	4.0	6.92692e-06	-17229.0	3.0	6.04899e-08	1.0	1074.59	38.7129	429.214	27.0456	0.285419	0.0160951	1120.89	11.717	
0.0-2.4	8.0-10.0	10.0-60.0	0.785-1.178	0.008	0.112	2032.0	2028.0	1399.91	41.2176	627.925	30.4469	-1.0	0.0	-0.191884	0.0275715	0.408951	0.0	3.09317	0.0	0.0504172	0.0	0.0236656	0.0	0.03	0.0	1.492	0.0	5.0	0.0	1.733	0.0	0.0370207	0.0	0.000152887	0.000500196	0.578128	0.0282449	0.22052	0.0	0.000482536	0.0	0.00433041	0.0011104	1.61158	0.0	0.824746	0.0287968	0.432981	0.0488572	0.90775	0.161845	0.291811	0.110948	0.0755155	0.0435395	0.154184	0.0174485	0.0705735	2.50525	-3035.18	4.0	8.4971e-05	-15106.7	3.0	2.31041e-05	1.0	908.306	34.1089	491.604	25.6461	0.351168	0.0151232	1050.21	8.8138	
0.0-2.4	8.0-10.0	10.0-60.0	1.178-1.571	0.008	0.12	1814.0	1813.0	1266.51	38.6338	546.556	27.7963	-1.0	0.0	-0.18157	0.033438	0.408951	0.0	3.09317	0.0	0.0504172	0.0	0.0236656	0.0	0.03	0.0	1.492	0.0	5.0	0.0	1.733	0.0	0.0370207	0.0	0.000146321	0.00058429	0.226562	0.0145189	0.22052	0.0	0.000482536	0.0	-0.000661253	0.00124337	1.61158	0.0	0.821808	0.032058	0.893906	0.143035	0.53574	0.150655	0.259683	0.0712584	0.070553	2.1058e-06	0.541363	0.0634703	0.0704938	1.79463e-09	-3239.84	4.0	8.73152e-08	-13398.2	3.0	0.000117406	1.0	891.281	36.3134	375.233	26.6553	0.296272	0.019007	1048.41	9.79376	
1.2-1.6	6.5-30.0	0.0-100.0	0.000-0.393	0.008	0.136	3376.0	3372.0	1724.87	47.3968	1647.19	46.5701	-1.0	0.0	-0.00135388	0.0959341	0.595924	0.0	3.0913	0.0	0.0434119	0.0	0.0308192	0.0	0.03	0.0	1.492	0.0	5.0	0.0	1.733	0.0	0.0388185	0.0	2.98516e-05	0.00458555	0.307638	0.0178222	0.0855425	0.0676275	0.01	0.0144498	0.000441553	0.00090637	2.14949	0.498319	0.996088	0.0225386	0.999986	0.084892	0.521292	0.243544	0.555182	0.183445	0.0720931	0.771405	0.205345	0.0229987	0.0709135	0.0320786	-5054.5	4.0	3.13988e-07	-25837.8	3.0	3.9624e-06	1.0	1277.23	43.8741	447.646	29.0604	0.259524	0.0152641	1141.29	67.6822	
1.2-1.6	6.5-30.0	0.0-100.0	0.000-1.571	0.008	0.136	12406.0	12391.0	6375.87	109.109	6015.13	107.433	-1.0	0.0	-0.135335	0.0184489	0.595924	0.0929293	3.0913	0.000648438	0.0434119	0.00179782	0.0308192	0.00205019	0.03	0.0	1.492	0.0	5.0	0.0	1.733	0.0	0.0388185	0.000883181	2.31047e-05	0.000294422	0.284269	0.00875125	0.103775	0.0507441	0.00999984	0.0195355	0.00184182	0.000473693	2.09199	0.256609	0.953452	0.0121485	0.949015	0.0488722	0.42832	0.0578882	0.48354	0.0805009	0.182769	0.0693999	0.436248	0.0216966	0.0704647	0.0163129	-17308.7	4.0	0.00011336	-111081.0	7.0	2.54636e-05	1.0	4651.48	95.0806	1724.39	59.7913	0.270456	0.00815606	1126.45	46.4493	
1.2-1.6	6.5-30.0	0.0-100.0	0.393-0.785	0.008	0.128	3376.0	3371.0	1638.01	46.7241	1733.01	47.7303	-1.0	0.0	-0.172725	0.0211132	0.595924	0.0	3.0913	0.0	0.0434119	0.0	0.0308192	0.0	0.03	0.0	1.492	0.0	5.0	0.0	1.733	0.0	0.0388185	0.0	1.04212e-05	0.0017469	0.28875	0.0163873	0.139479	0.194104	-0.00369186	0.0130029	0.00221516	0.000989148	1.8695	0.551205	0.993783	0.0252076	0.857652	0.0798278	0.670635	0.217126	0.589721	0.0966034	0.198846	0.0774987	0.365	0.0361343	0.0705728	5.31276e-07	-4502.1	4.0	2.31386e-05	-25687.8	3.0	1.07097e-06	1.0	1156.31	42.7871	481.694	30.5222	0.294073	0.0166388	1156.43	122.552	
1.2-1.6	6.5-30.0	0.0-100.0	0.785-1.178	0.008	0.136	2893.0	2891.0	1544.15	44.6069	1347.17	42.3417	-1.0	0.0	-0.0260522	0.0911663	0.595924	0.0	3.0913	0.0	0.0434119	0.0	0.0308192	0.0	0.03	0.0	1.492	0.0	5.0	0.0	1.733	0.0	0.0388185	0.0	9.7391e-05	0.000579671	0.299624	0.0189855	0.0300435	0.0281106	0.0031415	0.0119123	0.00327351	0.000879629	3.12118	1.02466	0.956659	0.023224	0.583117	0.179067	0.894392	0.566172	0.50513	0.256092	0.0705778	4.58353e-07	0.227263	0.0874081	0.070646	0.266023	-4339.8	4.0	1.1361e-06	-21794.2	3.0	0.000138581	1.0	1161.08	41.4141	383.066	26.6942	0.248076	0.015732	1086.45	72.8933	
1.2-1.6	6.5-30.0	0.0-100.0	1.178-1.571	0.008	0.12	2760.0	2744.0	1460.72	43.1948	1283.1	41.0893	-1.0	0.0	-0.205968	0.0146766	0.595924	0.0	3.0913	0.0	0.0434119	0.0	0.0308192	0.0	0.03	0.0	1.492	0.0	5.0	0.0	1.733	0.0	0.0388185	0.0	0.000198875	0.00213097	0.26432	0.0170385	0.326583	0.164375	0.00999999	0.0148666	0.00343649	0.00117848	1.65735	0.215849	0.844525	0.0313685	0.682159	0.135663	0.867253	0.932989	0.437063	0.303021	0.071908	0.0154111	0.633489	0.0882522	0.0705379	0.179891	-3533.81	4.0	1.79208e-06	-20543.1	3.0	2.81502e-05	1.0	1051.41	39.9769	409.31	27.8925	0.280211	0.0172035	1173.61	87.2096	
1.2-1.6	6.5-30.0	10.0-60.0	0.000-0.393	0.008	0.12	2105.0	2102.0	1159.62	38.2746	942.409	35.3238	-1.0	0.0	0.00233571	0.127719	0.595924	0.0	3.0913	0.0	0.0434119	0.0	0.0305325	0.0	0.03	0.0	1.492	0.0	5.0	0.0	1.733	0.0	0.0387268	0.0	7.71029e-05	0.00456383	0.336493	0.023727	0.103775	0.0	0.00999984	0.0	0.000983195	0.00115788	2.09199	0.0	1.04056	0.0282559	0.999999	0.114551	0.653461	0.123527	0.644728	0.0670909	0.0706122	2.82327e-06	0.225632	0.0288309	0.0919986	0.0292742	-3265.48	4.0	5.81886e-06	-15255.6	3.0	1.81755e-06	1.0	866.748	35.2658	292.871	22.775	0.252558	0.0177833	1193.55	11.0388	
1.2-1.6	6.5-30.0	10.0-60.0	0.000-1.571	0.008	0.128	7108.0	7099.0	4084.78	72.743	3013.95	64.9678	-1.0	0.0	-0.167804	0.0171606	0.595924	0.0	3.0913	0.0	0.0434119	0.0	0.0305325	0.0014893	0.03	0.0	1.492	0.0	5.0	0.0	1.733	0.0	0.0387268	0.000237228	2.94195e-05	0.000284662	0.270159	0.0106236	0.103775	0.0	0.00999984	0.0	0.00215521	0.000620561	2.09199	0.0	0.997548	0.0156903	0.732042	0.182923	0.783577	0.779218	0.553392	0.175509	0.0782385	0.0737669	0.348685	0.0228272	0.0706227	0.163344	-11008.6	4.0	6.16963e-07	-60372.3	4.0	3.84215e-05	1.0	3030.75	67.8104	1054.04	45.1393	0.25804	0.0100499	1160.17	6.04546	
1.2-1.6	6.5-30.0	10.0-60.0	0.393-0.785	0.008	0.112	1896.0	1884.0	1000.91	35.8641	883.014	34.182	-1.0	0.0	-0.212851	0.016273	0.595924	0.0	3.0913	0.0	0.0434119	0.0	0.0305325	0.0	0.03	0.0	1.492	0.0	5.0	0.0	1.733	0.0	0.0387268	0.0	1.71581e-05	0.00459138	0.222842	0.0177529	0.103775	0.0	0.00999984	0.0	0.00198343	0.00133678	2.09199	0.0	1.09473	0.0325651	0.769748	0.174234	0.999999	6.57634	0.676372	0.0778	0.10612	0.0575662	0.497115	0.0608059	0.137043	51.6966	-2707.81	4.0	8.38307e-05	-13399.5	3.0	2.3607e-05	1.0	722.38	34.332	278.532	24.6641	0.278278	0.0225341	1236.22	12.9227	
1.2-1.6	6.5-30.0	10.0-60.0	0.785-1.178	0.008	0.128	1581.0	1579.0	952.421	34.2957	626.555	29.1602	-1.0	0.0	-0.208716	0.0201441	0.595924	0.0	3.0913	0.0	0.0434119	0.0	0.0305325	0.0	0.03	0.0	1.492	0.0	5.0	0.0	1.733	0.0	0.0387268	0.0	7.39757e-05	0.000766255	0.209068	0.0185744	0.103775	0.0	0.00999984	0.0	0.000313963	0.00118751	2.09199	0.0	0.917486	0.0303098	0.682772	2.26452	0.929598	14.2978	0.498589	0.280726	0.070551	0.175484	0.226938	0.31554	0.0708815	1.38772e-06	-2809.99	4.0	9.18956e-06	-11123.7	3.0	2.67449e-06	1.0	742.488	33.5315	209.933	21.6029	0.220421	0.021248	1099.36	11.3352	
1.2-1.6	6.5-30.0	10.0-60.0	1.178-1.571	0.008	0.105	1525.0	1505.0	959.878	34.1327	545.082	27.3909	-1.0	0.0	-0.159463	0.0469507	0.595924	0.0	3.0913	0.0	0.0434119	0.0	0.0305325	0.0	0.03	0.0	1.492	0.0	5.0	0.0	1.733	0.0	0.0387268	0.0	0.000187286	0.00108795	0.290839	0.0213278	0.103775	0.0	0.00999984	0.0	0.00394886	0.0013105	2.09199	0.0	0.959183	0.0340005	0.609407	59.6363	0.999999	41493.8	0.430751	171.061	0.0758994	12.5951	0.369799	29.0943	0.070551	248607.0	-2357.54	4.0	7.54432e-05	-10612.0	3.0	1.4796e-06	1.0	679.982	31.3009	279.896	22.2294	0.291595	0.0207075	1130.8	12.9237	
1.2-2.4	6.5-30.0	0.0-100.0	0.000-0.393	0.008	0.152	8233.0	8223.0	3920.5	73.595	4302.21	76.1444	-1.0	0.0	-0.131614	0.0213539	0.626675	0.0	3.09103	0.0	0.0512609	0.0	0.030664	0.0	0.03	0.0	1.492	0.0	5.0	0.0	1.733	0.0	0.044696	0.0	6.82157e-05	0.000215632	0.275427	0.0113463	0.0954857	0.0522203	0.01	0.0185529	0.00245917	0.00059096	2.25083	0.346158	0.966623	0.0136122	0.875911	0.857609	0.630287	1.50337	0.628658	0.329232	0.0931445	0.0347697	0.225083	0.111946	0.070522	5.49047e-09	-11633.9	4.0	1.01791e-06	-69622.2	3.0	3.47227e-05	1.0	2971.82	69.3122	948.679	44.8238	0.241979	0.0104921	1152.78	57.0744	
1.2-2.4	6.5-30.0	0.0-100.0	0.000-1.571	0.008	0.128	29386.0	29257.0	14919.6	177.119	14337.0	175.447	-1.0	0.0	-0.16832	0.00825315	0.626675	0.0621404	3.09103	0.000478892	0.0512609	0.00150254	0.030664	0.00182361	0.03	0.0	1.492	0.0	5.0	0.0	1.733	0.0	0.044696	0.0008307	2.08969e-05	0.00458966	0.271174	0.00568185	0.162424	0.0759366	0.00569552	0.00415524	0.0024981	0.000339275	1.80411	0.165191	0.94048	0.00812881	0.873606	0.0400809	0.485739	0.05582	0.535896	0.049751	0.152519	0.0292016	0.34096	0.0120842	0.070619	0.0121991	-40280.8	4.0	7.2389e-08	-286099.0	7.0	8.71039e-05	1.0	11147.7	154.916	3771.92	92.1428	0.252817	0.00539764	1126.72	45.4369	
1.2-2.4	6.5-30.0	0.0-100.0	0.393-0.785	0.008	0.145	7662.0	7648.0	3742.52	71.4659	3905.67	72.5987	-1.0	0.0	-0.198854	0.00957607	0.626675	0.0	3.09103	0.0	0.0512609	0.0	0.030664	0.0	0.03	0.0	1.492	0.0	5.0	0.0	1.733	0.0	0.044696	0.0	1.22644e-05	0.000827478	0.277182	0.0113675	0.0589102	0.110996	-0.000371923	0.0146637	0.00386202	0.000675384	1.9393	0.711753	1.08898	0.0159217	0.770488	0.0733934	0.753884	0.0601033	0.618661	0.0303832	0.0707265	9.77566e-07	0.264573	0.0195702	0.329589	0.0474135	-9848.38	4.0	1.48093e-08	-64335.7	3.0	5.73562e-06	1.0	2764.01	67.1032	978.503	45.4552	0.261456	0.011072	1156.54	71.4325	
1.2-2.4	6.5-30.0	0.0-100.0	0.785-1.178	0.008	0.152	6928.0	6926.0	3662.66	70.0141	3263.05	67.0986	-1.0	0.0	-0.134883	0.0240834	0.626675	0.0	3.09103	0.0	0.0512609	0.0	0.030664	0.0	0.03	0.0	1.492	0.0	5.0	0.0	1.733	0.0	0.044696	0.0	0.000102317	0.000489226	0.284637	0.0124777	0.0346594	0.0437383	-0.00861863	0.0148488	0.00302142	0.000654204	2.4362	0.722782	1.04466	0.0161612	0.665129	0.407283	0.795888	2.63344	0.54285	0.678925	0.0706008	3.02304e-08	0.252628	0.100571	0.0705536	0.234796	-9818.58	4.0	4.38251e-07	-57902.8	3.0	2.55205e-05	1.0	2810.55	66.0718	852.11	41.7657	0.232648	0.0105001	1122.14	54.9545	
1.2-2.4	6.5-30.0	0.0-100.0	1.178-1.571	0.008	0.152	6561.0	6556.0	3585.4	68.4257	2970.31	63.7733	-1.0	0.0	-0.192915	0.0120515	0.626675	0.0	3.09103	0.0	0.0512609	0.0	0.030664	0.0	0.03	0.0	1.492	0.0	5.0	0.0	1.733	0.0	0.044696	0.0	0.000157903	0.000565848	0.259314	0.0108971	0.464978	0.183587	0.0060662	0.00379409	0.00205119	0.000852385	1.49675	0.126405	0.713402	0.020838	0.743757	0.0666571	0.678917	0.110052	0.510379	0.0440284	0.0705891	0.0149519	0.501737	0.0317348	0.070642	3.94001e-09	-8955.54	4.0	4.70467e-06	-54652.9	3.0	1.7778e-05	1.0	2641.88	63.7293	943.513	42.9368	0.263154	0.0108715	1146.29	79.3096	
1.2-2.4	6.5-30.0	10.0-60.0	0.000-0.393	0.008	0.152	4993.0	4991.0	2623.9	58.8551	2367.48	56.635	-1.0	0.0	-0.146628	0.0244633	0.626675	0.0	3.09103	0.0	0.0512609	0.0	0.030103	0.0	0.03	0.0	1.492	0.0	5.0	0.0	1.733	0.0	0.0445534	0.0	6.82157e-05	0.000215632	0.28959	0.0143088	0.162424	0.0	0.00569552	0.0	0.0017524	0.000727638	1.80411	0.0	0.881508	0.0161762	0.804657	0.0711071	0.86805	0.130688	0.630076	0.0343304	0.100717	0.027439	0.176923	0.0126771	0.0704522	1.17673e-08	-7733.47	4.0	8.78717e-05	-40127.4	3.0	3.80891e-05	1.0	2002.92	55.1184	620.978	34.8378	0.236663	0.0121697	1086.05	5.49855	
1.2-2.4	6.5-30.0	10.0-60.0	0.000-1.571	0.008	0.16	17078.0	17074.0	9590.26	112.979	7483.99	103.239	-1.0	0.0	-0.184066	0.00872083	0.626675	0.0	3.09103	0.0	0.0512609	0.0	0.030103	0.00103539	0.03	0.0	1.492	0.0	5.0	0.0	1.733	0.0	0.0445534	0.000130584	2.84753e-05	0.00013348	0.253062	0.00654262	0.162424	0.0	0.00569552	0.0	0.00174853	0.000427702	1.80411	0.0	0.926385	0.0100293	0.926474	0.0387138	0.581586	0.209578	0.576805	0.184164	0.344932	0.0894181	0.287835	0.0123055	0.0708409	0.0614244	-25699.3	4.0	2.72022e-06	-159064.0	4.0	1.54969e-05	1.0	7107.0	106.415	2483.26	71.9043	0.258936	0.00684905	1116.9	3.48371	
1.2-2.4	6.5-30.0	10.0-60.0	0.393-0.785	0.008	0.145	4378.0	4376.0	2387.37	55.7789	1988.56	52.0816	-1.0	0.0	-0.203764	0.0123226	0.626675	0.0	3.09103	0.0	0.0512609	0.0	0.030103	0.0	0.03	0.0	1.492	0.0	5.0	0.0	1.733	0.0	0.0445534	0.0	1.22644e-05	0.000827478	0.209573	0.0117646	0.162424	0.0	0.00569552	0.0	0.00321576	0.000949826	1.80411	0.0	1.05341	0.0218274	0.859388	0.926888	0.728175	0.166193	0.680597	0.186673	0.0710372	1.05066	0.35171	0.0283058	0.421493	0.0652666	-6307.79	4.0	1.01564e-05	-34733.2	3.0	2.01939e-06	1.0	1771.63	54.5321	615.742	38.3063	0.257917	0.0148709	1207.52	7.97447	
1.2-2.4	6.5-30.0	10.0-60.0	0.785-1.178	0.008	0.152	3928.0	3926.0	2281.53	54.2135	1644.35	47.981	-1.0	0.0	-0.187697	0.0179109	0.626675	0.0	3.09103	0.0	0.0512609	0.0	0.030103	0.0	0.03	0.0	1.492	0.0	5.0	0.0	1.733	0.0	0.0445534	0.0	0.000102317	0.000489226	0.240765	0.0129496	0.162424	0.0	0.00569552	0.0	0.00135824	0.000898197	1.80411	0.0	0.939901	0.0212689	0.72549	0.418938	0.831616	1.45973	0.536144	0.211404	0.0706044	8.82486e-09	0.208931	0.0866616	0.109074	0.349733	-6124.5	4.0	7.14616e-07	-30891.1	3.0	2.61499e-05	1.0	1721.1	51.8495	560.427	34.5423	0.245637	0.0139696	1126.32	7.43295	
1.2-2.4	6.5-30.0	10.0-60.0	1.178-1.571	0.008	0.152	3778.0	3776.0	2301.3	53.9216	1474.42	45.6154	-1.0	0.0	-0.195562	0.0169925	0.626675	0.0	3.09103	0.0	0.0512609	0.0	0.030103	0.0	0.03	0.0	1.492	0.0	5.0	0.0	1.733	0.0	0.0445534	0.0	0.000157903	0.000565848	0.273414	0.0129758	0.162424	0.0	0.00569552	0.0	0.00297453	0.000884899	1.80411	0.0	0.885705	0.02206	0.692132	0.0478487	0.999997	0.028659	0.584152	0.0374646	0.0705142	2.98246e-08	0.304618	0.0241959	0.11826	3.35362	-5611.23	4.0	2.16082e-05	-29724.8	3.0	3.00683e-05	1.0	1616.06	49.6105	685.245	35.8494	0.297764	0.0139282	1088.91	7.51446	
1.6-2.4	3.0-6.5	0.0-100.0	0.000-0.393	0.016	0.232	75824.0	75815.0	11055.7	170.183	64753.7	287.479	-1.0	0.0	0.687334	0.145245	0.993057	0.0	3.09048	0.0	0.0499692	0.0	0.0370411	0.0	0.03	0.0	1.86	0.0	5.0	0.0	1.38	0.0	0.049891	0.0	0.000116838	0.000421882	0.314957	0.0135398	0.236067	0.124463	0.00729005	0.0127625	0.0105746	0.000360412	1.8607	0.245023	0.957781	0.00465727	1.0	0.00334513	0.697815	0.0151715	0.818439	0.00591574	0.0707841	0.003407	0.20391	0.00877211	0.45665	0.0160217	-61654.5	4.0	7.19302e-06	-787066.0	3.0	0.000961651	1.0	9529.22	169.337	1526.52	87.8104	0.138074	0.00765286	1232.11	77.7161	
1.6-2.4	3.0-6.5	0.0-100.0	0.000-1.571	0.016	0.264	286561.0	286551.0	40718.4	260.436	245842.0	438.808	-1.0	0.0	0.927758	0.423557	0.993057	12.5019	3.09048	0.00118875	0.0499692	0.00642732	0.0370411	0.726529	0.03	0.0	1.86	0.0	5.0	0.0	1.38	0.0	0.049891	0.0705663	1.3729e-05	0.00459296	0.275171	0.0063324	0.173641	0.119565	0.0248856	0.0127773	0.0108104	0.000188868	1.74699	0.202734	1.04374	0.00261049	0.871282	0.0241417	0.728256	0.0131472	0.801266	0.00615313	0.0706904	7.02224e-09	0.211186	0.00753712	0.430328	0.0108571	-230273.0	4.0	3.72942e-06	-3355290.0	7.0	23.8961	1.0	34920.7	284.36	5797.71	179.859	0.142385	0.00432223	1195.9	55.3924	
1.6-2.4	3.0-6.5	0.0-100.0	0.393-0.785	0.016	0.264	72956.0	72950.0	10294.5	167.664	62653.4	283.659	-1.0	0.0	0.175779	0.0365209	0.993057	0.0	3.09048	0.0	0.0499692	0.0	0.0370411	0.0	0.03	0.0	1.86	0.0	5.0	0.0	1.38	0.0	0.049891	0.0	0.000137229	0.000596044	0.3014	0.0126107	0.360587	0.290947	0.011093	0.0173419	0.00515074	0.000424211	1.52994	0.217467	0.825953	0.00587877	0.929924	0.0259027	0.817404	0.0162385	0.653462	0.0134957	0.0704552	1.34654e-09	0.135479	0.00482753	0.333425	0.0143921	-57134.9	4.0	2.98122e-06	-754170.0	3.0	6.87364e-05	1.0	8810.82	167.644	1483.67	89.9794	0.144123	0.00841945	1131.48	119.079	
1.6-2.4	3.0-6.5	0.0-100.0	0.785-1.178	0.016	0.24	70485.0	70480.0	9607.1	162.39	60869.9	278.614	-1.0	0.0	0.518991	0.104519	0.993057	0.0	3.09048	0.0	0.0499692	0.0	0.0370411	0.0	0.03	0.0	1.86	0.0	5.0	0.0	1.38	0.0	0.049891	0.0	4.38349e-05	0.00457912	0.223017	0.0118925	0.116472	0.085062	0.0499999	0.0704933	0.0137024	0.000384469	1.752	0.261836	1.17838	0.00528864	0.999999	0.084419	0.485791	0.0381799	0.869062	0.00612984	0.0708108	4.23625e-08	0.377702	0.0241273	0.302229	0.0247471	-56241.6	4.0	5.07066e-08	-726182.0	3.0	0.000160518	1.0	8186.52	166.681	1420.58	95.973	0.147868	0.00967207	1258.71	35.5208	
1.6-2.4	3.0-6.5	0.0-100.0	1.178-1.571	0.016	0.24	67294.0	67290.0	9831.1	160.716	57458.7	271.025	-1.0	0.0	5.0	0.244888	0.993057	0.0	3.09048	0.0	0.0499692	0.0	0.0370411	0.0	0.03	0.0	1.86	0.0	5.0	0.0	1.38	0.0	0.049891	0.0	1.0498e-05	0.00459445	0.240159	0.00970631	0.129942	6.79715	0.0137266	0.515216	0.0154766	0.000409153	1.2973	26.7608	1.19347	0.00559791	0.738879	0.0960312	0.720058	0.0593213	0.848566	0.0155548	0.0720991	0.0279188	0.433826	0.019155	0.316065	0.0430235	-55465.1	4.0	6.22237e-06	-690813.0	3.0	4.37603e-07	1.0	7981.69	159.366	1849.42	96.3634	0.188119	0.00930696	1207.47	1903.14	
1.6-2.4	3.0-6.5	10.0-60.0	0.000-0.393	0.016	0.209	35526.0	35418.0	6787.23	122.368	28630.8	191.81	-1.0	0.0	3.68167	3.1411	0.993057	0.0	3.09048	0.0	0.0499692	0.0	0.0899999	0.0	0.03	0.0	1.86	0.0	5.0	0.0	1.38	0.0	0.050357	0.0	9.26481e-05	0.000607494	0.298321	0.0183537	0.173641	0.0	0.0248856	0.0	0.00764583	0.000501984	1.74699	0.0	1.02146	0.00676408	0.999999	10869.3	0.623622	13.7288	0.821071	4.2897	0.0708486	13935.9	0.172045	2.97162	0.450935	3.41136	-32870.6	4.0	2.96024e-07	-341669.0	3.0	8.63815e-08	1.0	6077.74	123.923	709.49	59.2746	0.104533	0.00852747	1179.9	2.4195	
1.6-2.4	3.0-6.5	10.0-60.0	0.000-1.571	0.016	0.209	128083.0	127940.0	23845.3	232.538	104095.0	366.517	-1.0	0.0	4.22972	1.37827	0.993057	0.0	3.09048	0.0	0.0499692	0.0	0.0899999	0.0182644	0.03	0.0	1.86	0.0	5.0	0.0	1.38	0.0	0.050357	0.00011332	1.37782e-05	0.00459294	0.299921	0.00744952	0.173641	0.0	0.0248856	0.0	0.00561695	0.000269342	1.74699	0.0	0.983495	0.00375168	0.898647	0.023018	0.804817	0.0126315	0.696314	0.0134067	0.0704644	1.69413e-08	0.104367	0.00435743	0.390353	0.0123401	-116978.0	4.0	1.23519e-05	-1398030.0	4.0	9.14591e-06	1.0	20169.3	228.96	3676.05	122.561	0.154162	0.00491505	1152.93	1.32231	
1.6-2.4	3.0-6.5	10.0-60.0	0.393-0.785	0.016	0.209	32968.0	32938.0	5432.58	115.694	27506.0	188.298	-1.0	0.0	0.360688	0.103661	0.993057	0.0	3.09048	0.0	0.0499692	0.0	0.0899999	0.0	0.03	0.0	1.86	0.0	5.0	0.0	1.38	0.0	0.050357	0.0	0.000140653	0.00211075	0.29489	0.0129363	0.173641	0.0	0.0248856	0.0	0.0089858	0.000521795	1.74699	0.0	0.915969	0.00763389	0.741379	0.0294407	0.894663	0.0165409	0.622183	0.0213242	0.0704349	7.35738e-12	0.113533	0.00683691	0.342548	0.0268302	-29172.0	4.0	3.90019e-05	-314746.0	3.0	1.19577e-05	1.0	4346.12	110.669	1086.46	64.9338	0.199989	0.0111681	1106.01	2.61219	
1.6-2.4	3.0-6.5	10.0-60.0	0.785-1.178	0.016	0.2	30436.0	30436.0	5866.87	114.059	24568.7	178.072	-1.0	0.0	4.85741	9.92557	0.993057	0.0	3.09048	0.0	0.0499692	0.0	0.0899999	0.0	0.03	0.0	1.86	0.0	5.0	0.0	1.38	0.0	0.050357	0.0	2.37523e-05	0.00458835	0.277438	0.0145214	0.173641	0.0	0.0248856	0.0	0.000387126	0.000570637	1.74699	0.0	0.974711	0.00799355	0.9734	0.752724	0.82511	0.0531937	0.567529	0.0730037	0.0709554	0.214404	0.0796727	0.00510016	0.306405	0.0283673	-28058.0	4.0	1.47428e-06	-289002.0	3.0	1.0745e-05	1.0	4875.12	115.131	991.75	68.1462	0.169042	0.0111408	1146.75	2.80728	
1.6-2.4	3.0-6.5	10.0-60.0	1.178-1.571	0.016	0.2	29150.0	29125.0	5801.9	112.806	23322.8	173.909	-1.0	0.0	5.0	0.526101	0.993057	0.0	3.09048	0.0	0.0499692	0.0	0.0899999	0.0	0.03	0.0	1.86	0.0	5.0	0.0	1.38	0.0	0.050357	0.0	2.33736e-05	0.000329334	0.32122	0.0157685	0.173641	0.0	0.0248856	0.0	0.00382599	0.000566236	1.74699	0.0	1.0074	0.00775163	0.991179	0.959058	0.802645	0.0492692	0.71985	0.0310444	0.0706319	1.04938	0.0967157	0.0102529	0.366723	0.0256861	-27105.2	4.0	5.93264e-07	-275431.0	3.0	3.92003e-06	1.0	4935.09	110.056	866.805	56.474	0.1494	0.00929018	1169.86	2.75802	
1.6-2.4	6.5-30.0	0.0-100.0	0.000-0.393	0.008	0.152	4857.0	4849.0	2191.61	56.2228	2657.52	60.2237	-1.0	0.0	-0.172878	0.0168224	0.713151	0.0	3.09071	0.0	0.0553471	0.0	0.0299054	0.0	0.03	0.0	1.492	0.0	5.0	0.0	1.733	0.0	0.0494078	0.0	1.5549e-05	0.00459212	0.247799	0.0142401	0.0978875	0.076376	0.00321487	0.0124398	0.00422255	0.000775656	2.32819	0.499075	0.953524	0.0167975	0.783168	0.12882	0.85336	0.326997	0.702358	0.0512435	0.0975435	0.0264326	0.223357	0.0233616	0.0713528	1.47939e-08	-6647.19	4.0	5.13088e-07	-38240.2	3.0	3.5795e-06	1.0	1685.63	53.6521	505.978	34.3091	0.230871	0.0144912	1162.24	89.0268	
1.6-2.4	6.5-30.0	0.0-100.0	0.000-1.571	0.008	0.152	16979.0	16956.0	8519.18	142.127	8436.98	141.797	-1.0	0.0	-0.190226	0.00801405	0.713151	0.0883968	3.09071	0.000696182	0.0553471	0.0021724	0.0299054	0.00382836	0.03	0.0	1.492	0.0	5.0	0.0	1.733	0.0	0.0494078	0.00134335	2.77437e-05	0.00458652	0.259965	0.00746336	0.211707	0.175346	0.00199102	0.00574194	0.00366353	0.000486254	1.6767	0.235346	0.92278	0.0111169	0.724787	0.0629464	0.655644	0.117226	0.548143	0.0263125	0.07051	5.46886e-07	0.25308	0.0138593	0.0706812	5.44771e-07	-22835.8	4.0	2.08134e-05	-156000.0	7.0	0.000117594	1.0	6491.53	124.594	2027.66	70.2788	0.238011	0.00723096	1125.36	84.9619	
1.6-2.4	6.5-30.0	0.0-100.0	0.393-0.785	0.008	0.145	4286.0	4275.0	2090.84	53.7747	2184.14	54.6342	-1.0	0.0	-0.215001	0.009677	0.713151	0.0	3.09071	0.0	0.0553471	0.0	0.0299054	0.0	0.03	0.0	1.492	0.0	5.0	0.0	1.733	0.0	0.0494078	0.0	1.00009e-05	0.00028235	0.270828	0.0160198	0.0204708	0.0647976	-0.00361194	0.0113544	0.00441882	0.000930487	2.0185	1.22259	1.12523	0.0205818	0.902749	0.131334	0.637396	0.10065	0.60945	0.0461271	0.0705224	1.77015e-07	0.188332	0.0227001	0.319363	0.0450623	-5386.86	4.0	5.08826e-05	-33391.4	3.0	9.22037e-06	1.0	1596.02	51.5632	494.825	33.7012	0.236663	0.014925	1150.49	46.2896	
1.6-2.4	6.5-30.0	0.0-100.0	0.785-1.178	0.008	0.145	4035.0	4032.0	2120.69	53.8483	1911.31	51.8651	-1.0	0.0	-0.17964	0.0185497	0.713151	0.0	3.09071	0.0	0.0553471	0.0	0.0299054	0.0	0.03	0.0	1.492	0.0	5.0	0.0	1.733	0.0	0.0494078	0.0	0.000158457	0.000788527	0.27099	0.0164101	0.677087	0.780476	0.00193496	0.00410508	-0.000591248	0.0019856	1.36939	0.185198	0.747309	0.0435987	0.923992	0.920521	0.54468	0.278362	0.548684	0.275008	0.11	0.108633	0.275216	0.0582622	0.0752907	0.120833	-5502.12	4.0	8.18407e-06	-31402.1	3.0	4.43481e-05	1.0	1663.02	51.4541	457.668	31.6137	0.215811	0.0138635	1204.17	225.003	
1.6-2.4	6.5-30.0	0.0-100.0	1.178-1.571	0.008	0.152	3800.0	3798.0	2117.49	52.7921	1680.49	48.4771	-1.0	0.0	-0.185303	0.0181096	0.713151	0.0	3.09071	0.0	0.0553471	0.0	0.0299054	0.0	0.03	0.0	1.492	0.0	5.0	0.0	1.733	0.0	0.0494078	0.0	0.000179578	0.000851436	0.261587	0.0143464	0.636539	0.26317	0.00277147	0.00408429	0.00160556	0.00134289	1.39145	0.125821	0.6	0.0268332	0.755494	0.0792457	0.883749	0.935252	0.633055	0.28414	0.0916121	0.0859788	0.252757	0.0238382	0.0708551	3.11064	-5567.89	4.0	2.22178e-05	-29547.9	3.0	1.30262e-06	1.0	1593.11	49.4164	524.388	32.177	0.247645	0.0138849	1167.59	100.854	
1.6-2.4	6.5-30.0	10.0-60.0	0.000-0.393	0.008	0.152	2887.0	2887.0	1459.41	44.5762	1427.57	44.2178	-1.0	0.0	-0.191233	0.0178801	0.713151	0.0	3.09071	0.0	0.0553471	0.0	0.0291923	0.0	0.03	0.0	1.492	0.0	5.0	0.0	1.733	0.0	0.0492854	0.0	1.5549e-05	0.00459212	0.239439	0.0167453	0.211707	0.0	0.00199102	0.0	0.00236599	0.000931927	1.6767	0.0	0.793077	0.019518	0.809733	0.0589466	0.999999	0.686429	0.690091	0.034369	0.103295	0.0266386	0.173662	0.0159544	0.0704543	2.60181e-13	-4516.62	4.0	5.76294e-05	-21479.4	3.0	1.86914e-06	1.0	1126.6	42.5329	332.806	26.9864	0.228042	0.0171293	1044.5	5.84114	
1.6-2.4	6.5-30.0	10.0-60.0	0.000-1.571	0.008	0.16	9969.0	9967.0	5490.62	86.1409	4476.37	80.0391	-1.0	0.0	-0.196278	0.00937624	0.713151	0.0	3.09071	0.0	0.0553471	0.0	0.0291923	0.00172464	0.03	0.0	1.492	0.0	5.0	0.0	1.733	0.0	0.0492854	0.000146512	2.91966e-05	0.00458585	0.241346	0.00775437	0.211707	0.0	0.00199102	0.0	0.00449919	0.000595169	1.6767	0.0	0.893468	0.0132251	0.248752	0.739688	8.58233e-08	0.00144239	0.682224	0.0186159	1.34638	0.382547	0.0916221	0.000204118	0.213021	0.0108576	-14605.5	4.0	4.51494e-05	-87073.0	4.0	1.18715e-05	1.0	3979.22	80.1074	1511.39	55.5163	0.275269	0.00914245	1106.55	4.20884	
1.6-2.4	6.5-30.0	10.0-60.0	0.393-0.785	0.008	0.145	2482.0	2480.0	1374.71	42.401	1105.3	39.0952	-1.0	0.0	-0.200716	0.0170182	0.713151	0.0	3.09071	0.0	0.0553471	0.0	0.0291923	0.0	0.03	0.0	1.492	0.0	5.0	0.0	1.733	0.0	0.0492854	0.0	1.00009e-05	0.00028235	0.192868	0.0154165	0.211707	0.0	0.00199102	0.0	0.00354995	0.00134455	1.6767	0.0	0.994902	0.0292239	0.940214	0.729857	0.661276	0.206134	0.624099	0.154679	0.070491	1.19638	0.186398	0.0277717	0.413067	0.0683851	-3644.72	4.0	2.20939e-07	-18247.7	3.0	1.62022e-06	1.0	1044.91	42.7621	329.796	29.8893	0.239903	0.0204444	1172.8	9.77132	
1.6-2.4	6.5-30.0	10.0-60.0	0.785-1.178	0.008	0.145	2347.0	2344.0	1328.82	41.905	1015.18	37.9789	-1.0	0.0	-0.176113	0.0272997	0.713151	0.0	3.09071	0.0	0.0553471	0.0	0.0291923	0.0	0.03	0.0	1.492	0.0	5.0	0.0	1.733	0.0	0.0492854	0.0	0.000158457	0.000788527	0.260804	0.0172164	0.211707	0.0	0.00199102	0.0	0.00198305	0.00136171	1.6767	0.0	0.984866	0.030273	0.834966	0.0655507	1.0	0.662518	0.647872	0.0590849	0.139149	0.0467489	0.186921	0.0219358	0.0704546	5.95806e-06	-3339.12	4.0	7.76822e-09	-17116.0	3.0	2.07337e-06	1.0	967.406	39.4238	361.412	27.4484	0.27198	0.0187913	1166.1	10.0775	
1.6-2.4	6.5-30.0	10.0-60.0	1.178-1.571	0.008	0.152	2252.0	2250.0	1327.59	41.4383	922.447	36.2222	-1.0	0.0	-0.211656	0.0160999	0.713151	0.0	3.09071	0.0	0.0553471	0.0	0.0291923	0.0	0.03	0.0	1.492	0.0	5.0	0.0	1.733	0.0	0.0492854	0.0	0.000179578	0.000851436	0.262061	0.016161	0.211707	0.0	0.00199102	0.0	0.001683	0.00122438	1.6767	0.0	0.863012	0.0298605	0.99608	0.0592546	0.999573	0.0550917	0.751647	0.0452074	0.0710009	6.72944e-08	0.25951	0.0432228	0.169993	0.000109726	-3320.56	4.0	1.36037e-07	-16421.4	3.0	3.64874e-06	1.0	920.961	38.0948	406.629	28.0351	0.306291	0.0188292	1087.33	9.34135	
