rap0.0-1.2_pT6.5-30.0_cent0.0-100.0
13406.8
3678.94 3448.6 3359.42 2910.64
65.9502 63.8681 63.0122 58.9378
7930.66
2007.02 2113.04 1952.55 1856.27
51.7451 52.3779 50.6338 49.1865
9084.58
2397.84 2362.77 2220.15 2049.8
56.2373 56.1635 53.9635 53.7602
4322.22
1281.1 1085.83 1139.27 860.846
42.9229 40.5452 40.4297 38.3565
0.32239
0.348226 0.31486 0.339128 0.295758
0.00985674 0.010209 0.0102163 0.0117386
rap0.0-1.2_pT6.5-30.0_cent10.0-60.0
8729.46
2305.31 2338.54 2165.09 1906.88
51.8437 51.982 50.1049 47.144
4185.52
1122.48 1108.56 966.874 986.176
38.7953 38.3695 36.2251 36.0809
5912.03
1515.22 1658.46 1398.55 1309.72
44.6373 45.9429 42.1488 42.0461
2817.43
790.087 680.08 766.544 597.158
33.8682 31.309 32.3062 30.6162
0.32275
0.342725 0.290814 0.354047 0.31316
0.0125072 0.0117242 0.0124706 0.0140656
rap0.0-2.4_pT10.0-13.0_cent0.0-100.0
4994.3
1256.95 1318.16 1229.98 1178.95
38.1824 38.9113 37.932 37.3026
1743.66
427.447 419.826 440.012 440.06
25.0641 24.815 25.4728 25.5458
3282.11
817.982 871.842 812.619 820.735
32.7077 32.9813 32.9989 32.9722
1712.19
438.97 446.316 417.359 358.213
25.1036 24.4743 25.0309 23.265
0.342829
0.349234 0.338591 0.339322 0.303841
0.0169213 0.0156472 0.0174541 0.0172336
rap0.0-2.4_pT10.0-13.0_cent10.0-60.0
3316.04
831.135 881.857 845.21 733.1
31.049 31.6366 31.1141 29.2938
1042.05
269.793 232.142 257.779 270.867
20.0689 18.7409 19.5104 19.8971
2151.67
522.016 564.081 538.941 493.849
26.5249 26.563 26.1827 25.9198
1164.37
309.118 317.776 306.27 239.251
21.3688 20.6408 20.4705 19.3343
0.351132
0.371923 0.360349 0.362359 0.326355
0.0216329 0.0195122 0.0202149 0.0229236
rap0.0-2.4_pT10.0-30.0_cent0.0-100.0
7781.03
2057.18 1984.84 1860.01 1870.07
48.8615 48.0174 46.474 46.8158
2628.09
659.95 677.117 652.078 628.938
31.4681 31.5915 30.8547 30.8318
4950.92
1260.8 1324.2 1216.52 1218.96
40.4795 40.9815 40.4586 40.5862
2830.11
796.381 660.639 643.492 651.112
33.1604 30.1441 31.1689 31.3324
0.363719
0.387123 0.332843 0.345962 0.348174
0.0132397 0.0128768 0.0143558 0.0143089
rap0.0-2.4_pT10.0-30.0_cent10.0-60.0
5160.81
1367.02 1308.53 1249.97 1220.56
39.7056 38.7816 37.8438 37.6355
1585.31
397.914 386.46 397.028 391.441
24.6472 24.1243 24.0651 24.234
3291.57
837.617 860.033 807.396 765.072
32.8517 33.2344 32.2018 32.4128
1869.24
529.406 448.498 442.572 455.488
26.9033 25.1299 24.8788 26.293
0.3622
0.387269 0.342749 0.354066 0.373179
0.0161488 0.0162981 0.0167703 0.018211
rap0.0-2.4_pT13.0-30.0_cent0.0-100.0
2794.13
806.3 666.405 616.978 688.142
30.4865 28.1494 26.5901 28.1818
876.76
219.613 250.464 211.03 184.863
18.5148 19.4032 17.3522 17.0572
1669.43
440.446 448.402 380.85 394.829
23.6735 24.3976 23.3902 23.2195
1124.7
365.854 218.003 236.127 293.313
21.7819 17.9245 19.5257 20.5421
0.402521
0.453745 0.327133 0.382716 0.426239
0.0208676 0.0230764 0.0270093 0.0242159
rap0.0-2.4_pT13.0-30.0_cent10.0-60.0
1840.5
535.354 423.763 392.532 476.729
24.5863 22.3894 21.1729 23.3731
541.822
123.597 155.239 135.452 120.274
13.8834 15.2573 13.8276 13.7787
1136.71
301.38 283.76 253.225 266.224
19.4006 20.2634 18.5991 19.2013
703.795
233.975 140.003 139.307 210.505
17.3284 15.5096 14.691 17.4597
0.382393
0.437047 0.330381 0.354894 0.441561
0.0253934 0.032169 0.0321602 0.0295404
rap0.0-2.4_pT6.5-10.0_cent0.0-100.0
20736.4
5607.99 5261.29 5209.26 4646.81
86.4673 83.6028 82.4984 77.8186
19482.4
5582.84 5286.54 4519.29 4169.12
86.3219 83.754 78.205 74.6863
15490.0
4201.99 3910.98 3827.97 3478.85
79.4475 76.8833 74.1885 73.4234
5246.35
1406.0 1350.31 1381.3 1167.97
50.8358 50.0928 48.0346 48.7796
0.253002
0.250714 0.25665 0.265162 0.251348
0.00819931 0.00860335 0.00820929 0.00961657
rap0.0-2.4_pT6.5-10.0_cent10.0-60.0
13291.0
3605.83 3459.9 3242.47 2986.48
68.1712 66.2582 63.9984 61.2915
9956.95
3048.46 2669.1 2173.65 2054.71
63.9505 59.9954 55.0187 53.1492
9882.96
2668.19 2625.89 2356.58 2161.87
62.7756 62.5886 57.1607 57.2199
3408.03
937.637 834.008 885.886 824.613
41.3567 40.5423 37.5447 39.9
0.256416
0.260034 0.24105 0.273213 0.276115
0.0103624 0.0107702 0.0102467 0.0120989
rap0.0-2.4_pT6.5-30.0_cent0.0-10.0
8995.64
2409.83 2218.54 2316.26 2049.78
57.3091 55.5464 55.6457 52.4626
10541.3
2779.26 2893.7 2535.74 2350.25
60.4472 61.3242 57.5828 55.2512
6430.06
1673.35 1495.43 1681.77 1549.29
50.6859 48.9985 50.9246 50.2823
2565.58
736.483 723.117 634.49 500.49
35.9474 36.425 34.5439 33.4671
0.285202
0.305616 0.325942 0.273928 0.244167
0.0130266 0.0142466 0.0133832 0.0150838
rap0.0-2.4_pT6.5-30.0_cent0.0-100.0
28261.4
7600.61 7186.16 7011.42 6462.82
98.5827 95.716 94.0408 90.1973
22448.1
6313.98 6025.76 5230.81 4863.55
91.8258 89.4507 84.0427 80.8479
20244.1
5378.6 5133.31 5014.48 4657.92
88.1189 86.9533 84.2392 83.0628
8017.28
2222.0 2052.85 1996.95 1804.91
61.0634 60.2796 57.3599 57.5152
0.283683
0.292345 0.285667 0.284813 0.279275
0.0070829 0.0074757 0.00723426 0.00800046
rap0.0-2.4_pT6.5-30.0_cent10.0-20.0
6599.61
1810.01 1642.83 1663.68 1481.3
48.4722 46.0197 46.0708 43.4831
5615.4
1609.06 1434.04 1360.43 1185.69
46.3553 43.6926 42.6529 39.9395
4562.78
1191.86 1243.64 1140.68 959.985
42.5955 42.1339 40.0265 38.7466
2036.83
618.149 399.194 523.001 521.311
32.7055 26.2045 28.5322 30.6816
0.308628
0.341517 0.242992 0.314363 0.351929
0.0155837 0.0144255 0.0147763 0.0179525
rap0.0-2.4_pT6.5-30.0_cent10.0-30.0
11726.5
3223.36 2963.92 2882.98 2653.77
64.0758 61.0519 60.2058 57.7189
8874.47
2591.53 2323.28 2034.93 1916.27
58.9411 55.5553 52.695 50.9317
8235.48
2241.05 2152.19 1972.53 1848.74
56.6611 55.6561 52.0043 51.4481
3491.03
982.311 811.733 910.449 805.038
40.0897 37.575 37.0015 36.5606
0.297704
0.304748 0.273871 0.315801 0.303356
0.0108622 0.0113531 0.0110104 0.0120942
rap0.0-2.4_pT6.5-30.0_cent10.0-60.0
18300.6
4928.25 4727.84 4459.83 4185.96
78.3073 76.2002 73.8689 71.5842
11695.4
3496.0 3098.26 2604.67 2488.81
68.5525 64.6297 60.0134 58.5435
13080.6
3509.15 3482.68 3148.98 2909.81
70.4416 70.1698 65.4614 65.0602
5220.0
1419.1 1245.16 1310.85 1276.15
48.5947 46.6454 45.1247 47.2542
0.285236
0.287952 0.263367 0.293924 0.304864
0.00873464 0.00890631 0.00886983 0.0100128
rap0.0-2.4_pT6.5-30.0_cent20.0-30.0
5124.77
1413.01 1324.28 1221.36 1168.21
41.8797 40.0436 38.7003 37.8736
3245.3
977.07 850.738 668.642 723.728
36.3038 33.6137 30.7407 31.4641
3665.81
1038.91 907.539 820.3 858.647
37.2471 36.5054 32.6503 34.7492
1458.96
374.103 416.737 401.059 309.567
23.7097 27.1727 23.4935 23.0935
0.284688
0.264756 0.31469 0.328371 0.264992
0.0148317 0.0181791 0.0161785 0.0178038
rap0.0-2.4_pT6.5-30.0_cent30.0-60.0
6557.78
1697.02 1764.06 1569.47 1518.89
44.8878 45.494 42.6301 42.0676
2834.31
904.962 773.894 573.531 572.108
34.9694 32.8566 28.6602 28.6868
4772.02
1245.27 1320.84 1131.05 1071.08
41.7208 42.7279 39.9844 38.4928
1785.77
451.757 443.22 438.417 447.808
28.2572 28.2133 28.2265 27.4865
0.272313
0.266206 0.25125 0.27934 0.294827
0.0150889 0.014622 0.0163058 0.0161495
rap0.0-2.4_pT6.5-8.0_cent0.0-100.0
11759.8
3207.85 2859.23 3027.65 2663.25
67.1968 63.816 64.0825 60.3405
14531.3
4172.37 3978.9 3316.27 3044.79
74.026 72.056 66.2961 63.423
9131.56
2471.75 2241.09 2291.94 2101.47
61.6788 60.2985 60.1746 57.065
2628.27
736.095 618.135 735.712 561.783
36.8935 36.3907 38.8611 33.9336
0.223495
0.229467 0.21619 0.242998 0.210939
0.0104484 0.0117773 0.0117599 0.0118111
rap0.0-2.4_pT6.5-8.0_cent10.0-60.0
7540.42
2036.54 1944.28 1846.94 1711.57
52.4539 50.798 48.8298 47.3596
7196.62
2233.4 1900.48 1535.96 1514.42
54.2971 50.3652 45.5339 45.2277
5737.11
1530.73 1531.95 1397.94 1259.42
48.442 49.3788 46.7118 43.9401
1803.3
505.81 412.33 448.997 452.158
31.015 30.8595 30.9343 29.5442
0.239152
0.248367 0.212074 0.243103 0.264177
0.0138206 0.0148734 0.0154667 0.0156372
rap0.0-2.4_pT8.0-10.0_cent0.0-100.0
8933.57
2390.41 2390.15 2183.15 1975.29
54.1244 53.6262 51.7923 48.9355
5069.46
1408.5 1296.8 1200.92 1130.67
44.1328 42.2196 41.2341 39.3703
6323.18
1706.62 1644.19 1493.61 1417.23
49.7429 48.1964 44.3286 46.4203
2610.39
683.789 745.959 689.534 558.064
34.9409 35.2444 31.2578 33.3656
0.2922
0.286055 0.312097 0.315844 0.282523
0.0131038 0.012977 0.0122006 0.0153731
rap0.0-2.4_pT8.0-10.0_cent10.0-60.0
5726.08
1560.04 1503.8 1399.91 1266.51
43.2983 42.2816 41.2176 38.6338
2782.8
818.02 773.189 627.925 546.556
33.6549 32.5134 30.4469 27.7963
4100.2
1144.4 1074.59 908.306 891.281
40.7778 38.7129 34.1089 36.3134
1625.88
415.637 429.214 491.604 375.233
28.0543 27.0456 25.6461 26.6553
0.283943
0.266427 0.285419 0.351168 0.296272
0.0163924 0.0160951 0.0151232 0.019007
rap1.2-1.6_pT6.5-30.0_cent0.0-100.0
6375.87
1724.87 1638.01 1544.15 1460.72
47.3968 46.7241 44.6069 43.1948
6015.13
1647.19 1733.01 1347.17 1283.1
46.5701 47.7303 42.3417 41.0893
4651.48
1277.23 1156.31 1161.08 1051.41
43.8741 42.7871 41.4141 39.9769
1724.39
447.646 481.694 383.066 409.31
29.0604 30.5222 26.6942 27.8925
0.270456
0.259524 0.294073 0.248076 0.280211
0.0152641 0.0166388 0.015732 0.0172035
rap1.2-1.6_pT6.5-30.0_cent10.0-60.0
4084.78
1159.62 1000.91 952.421 959.878
38.2746 35.8641 34.2957 34.1327
3013.95
942.409 883.014 626.555 545.082
35.3238 34.182 29.1602 27.3909
3030.75
866.748 722.38 742.488 679.982
35.2658 34.332 33.5315 31.3009
1054.04
292.871 278.532 209.933 279.896
22.775 24.6641 21.6029 22.2294
0.25804
0.252558 0.278278 0.220421 0.291595
0.0177833 0.0225341 0.021248 0.0207075
rap1.2-2.4_pT6.5-30.0_cent0.0-100.0
14919.6
3920.5 3742.52 3662.66 3585.4
73.595 71.4659 70.0141 68.4257
14337.0
4302.21 3905.67 3263.05 2970.31
76.1444 72.5987 67.0986 63.7733
11147.7
2971.82 2764.01 2810.55 2641.88
69.3122 67.1032 66.0718 63.7293
3771.92
948.679 978.503 852.11 943.513
44.8238 45.4552 41.7657 42.9368
0.252817
0.241979 0.261456 0.232648 0.263154
0.0104921 0.011072 0.0105001 0.0108715
rap1.2-2.4_pT6.5-30.0_cent10.0-60.0
9590.26
2623.9 2387.37 2281.53 2301.3
58.8551 55.7789 54.2135 53.9216
7483.99
2367.48 1988.56 1644.35 1474.42
56.635 52.0816 47.981 45.6154
7107.0
2002.92 1771.63 1721.1 1616.06
55.1184 54.5321 51.8495 49.6105
2483.26
620.978 615.742 560.427 685.245
34.8378 38.3063 34.5423 35.8494
0.258936
0.236663 0.257917 0.245637 0.297764
0.0121697 0.0148709 0.0139696 0.0139282
rap1.6-2.4_pT3.0-6.5_cent0.0-100.0
40718.4
11055.7 10294.5 9607.1 9831.1
170.183 167.664 162.39 160.716
245842.0
64753.7 62653.4 60869.9 57458.7
287.479 283.659 278.614 271.025
34920.7
9529.22 8810.82 8186.52 7981.69
169.337 167.644 166.681 159.366
5797.71
1526.52 1483.67 1420.58 1849.42
87.8104 89.9794 95.973 96.3634
0.142385
0.138074 0.144123 0.147868 0.188119
0.00765286 0.00841945 0.00967207 0.00930696
rap1.6-2.4_pT3.0-6.5_cent10.0-60.0
23845.3
6787.23 5432.58 5866.87 5801.9
122.368 115.694 114.059 112.806
104095.0
28630.8 27506.0 24568.7 23322.8
191.81 188.298 178.072 173.909
20169.3
6077.74 4346.12 4875.12 4935.09
123.923 110.669 115.131 110.056
3676.05
709.49 1086.46 991.75 866.805
59.2746 64.9338 68.1462 56.474
0.154162
0.104533 0.199989 0.169042 0.1494
0.00852747 0.0111681 0.0111408 0.00929018
rap1.6-2.4_pT6.5-30.0_cent0.0-100.0
8519.18
2191.61 2090.84 2120.69 2117.49
56.2228 53.7747 53.8483 52.7921
8436.98
2657.52 2184.14 1911.31 1680.49
60.2237 54.6342 51.8651 48.4771
6491.53
1685.63 1596.02 1663.02 1593.11
53.6521 51.5632 51.4541 49.4164
2027.66
505.978 494.825 457.668 524.388
34.3091 33.7012 31.6137 32.177
0.238011
0.230871 0.236663 0.215811 0.247645
0.0144912 0.014925 0.0138635 0.0138849
rap1.6-2.4_pT6.5-30.0_cent10.0-60.0
5490.62
1459.41 1374.71 1328.82 1327.59
44.5762 42.401 41.905 41.4383
4476.37
1427.57 1105.3 1015.18 922.447
44.2178 39.0952 37.9789 36.2222
3979.22
1126.6 1044.91 967.406 920.961
42.5329 42.7621 39.4238 38.0948
1511.39
332.806 329.796 361.412 406.629
26.9864 29.8893 27.4484 28.0351
0.275269
0.228042 0.239903 0.27198 0.306291
0.0171293 0.0204444 0.0187913 0.0188292
