MLAR_Eff3
rap	pT	cent	dPhi	ctauErrMin	ctauErrMax	NoCutEntry	CutEntry	NSig	NSigErr	NBkg	NBkgErr	coefExp	coefExpErr	coefPol1	coefPol1Err	coeffGaus	coeffGausErr	meanSig1	meanSig1Err	sigmaSig1	sigmaSig1Err	sigmaSig2	sigmaSig2Err	sigmaSig3	sigmaSig3Err	alpha	alphaErr	enne	enneErr	enneW	enneWErr	sigWidth	sigWidthErr	cutx	cutxErr	Gmc	GmcErr	bTau1	bTau1Err	bTau2	bTau2Err	fracRes	fracResErr	meanResSigW	meanResSigWErr	meanResSigN	meanResSigNErr	sigmaResSigW	sigmaResSigWErr	sigmaResSigN	sigmaResSigNErr	fpm	fpmErr	fLiving	fLivingErr	fbkgCtTot	fbkgCtTotErr	lambdam	lambdamErr	lambdap	lambdapErr	lambdasym	lambdasymErr	NLL	nFitPar	EDM	NLLMass	nFitParMass	EDMMass	Prob	PROMPT	PROMPTErr	NON-PROMPT	NON-PROMPTErr	Bfraction	BfractionErr	Resolution	ResolutionErr	
0.0-0.4	6.5-30.0	0.0-100.0	0.000-1.571	0.008	0.105	9167.0	9153.0	7903.44	93.1497	1249.73	44.9796	-1.04585	0.116452	-0.05	0.0	0.419882	0.0674455	3.09367	0.000251943	0.0152942	0.000732398	0.0231486	0.000928448	0.03	0.0	1.696	0.0	5.0	0.0	1.718	0.0	0.0202256	0.000414588	0.0	0.0	0.0	0.0	0.0	0.0	0.0	0.0	0.44677	0.141299	-0.000774749	0.00115443	0.000461313	0.000688235	1.18582	0.0694746	0.871891	0.0185561	0.979588	2.74357	0.891965	3.71931	0.215072	0.26596	0.141151	2.611e-08	0.355221	0.485219	0.247617	4.39392	-23889.8	3.0	6.7877e-06	-90190.9	7.0	7.50175e-05	1.0	5704.48	82.7167	2198.95	54.7126	0.278228	0.0060967	1024.11	28.9572	
0.0-1.2	6.5-30.0	0.0-100.0	0.000-1.571	0.008	0.145	32524.0	32506.0	28056.1	176.987	4449.9	87.8596	-1.0589	0.0634173	-0.05	0.0	0.376517	0.041417	3.09367	0.000179837	0.018485	0.000688371	0.0312607	0.00074329	0.03	0.0	1.696	0.0	5.0	0.0	1.718	0.0	0.0271651	0.00037089	0.0	0.0	0.0	0.0	0.0	0.0	0.0	0.0	0.0390389	0.0103328	-0.00174128	0.00308162	0.000240123	0.000227727	2.01564	0.13992	0.98274	0.00634207	0.987606	0.0126169	0.909373	0.0372292	0.26321	0.0179138	0.290949	0.141557	0.418355	0.0116333	0.141076	1.05177e-09	-77070.1	3.0	2.33549e-08	-354190.0	7.0	9.44136e-06	1.0	20182.4	157.199	7873.68	104.732	0.280641	0.00328644	1042.44	9.7488	
0.0-2.4	10.0-13.0	0.0-100.0	0.000-1.571	0.008	0.145	12425.0	12415.0	10531.5	111.384	1883.64	61.3	-1.23287	0.0984617	-0.05	0.0	0.46717	0.0425196	3.09335	0.000363501	0.0463192	0.00140721	0.0231598	0.000965455	0.03	0.0	1.696	0.0	5.0	0.0	1.718	0.0	0.0358901	0.000659271	0.0	0.0	0.0	0.0	0.0	0.0	0.0	0.0	0.0307555	0.0102492	0.002156	0.00527054	0.000314176	0.000349706	2.23784	0.221634	0.9711	0.0106632	0.970213	0.00963345	0.999999	0.00365657	0.23697	0.0204757	0.141061	3.75044e-07	0.401357	0.0148524	0.358588	1.07623e-05	-25802.2	3.0	8.93132e-05	-120626.0	7.0	8.39499e-06	1.0	7156.54	95.44	3374.96	68.2203	0.320463	0.00552031	1033.47	13.402	
0.0-2.4	10.0-30.0	0.0-100.0	0.000-1.571	0.008	0.145	19640.0	19628.0	16364.2	139.714	3263.97	80.1111	-1.24786	0.074619	-0.05	0.0	0.469814	0.0356595	3.09345	0.000289042	0.0455057	0.00113477	0.0229532	0.000793831	0.03	0.0	1.696	0.0	5.0	0.0	1.718	0.0	0.0353865	0.000536124	0.0	0.0	0.0	0.0	0.0	0.0	0.0	0.0	0.0302029	0.00772777	-0.00137981	0.00391645	4.0464e-05	0.000269529	2.28455	0.177331	0.980869	0.00882817	0.972267	0.00748203	1.0	0.000458103	0.257162	0.0147992	0.141025	0.0335545	0.419111	0.0118308	4.37904	1.38441	-38832.5	3.0	2.12028e-06	-199113.0	7.0	0.000137564	1.0	10381.0	115.737	5983.25	90.2731	0.36563	0.00454829	1044.36	10.6066	
0.0-2.4	11.0-13.0	0.0-100.0	0.000-1.571	0.008	0.145	6641.0	6637.0	5646.13	81.7245	990.988	44.9841	-1.35369	0.13953	-0.05	0.0	0.356623	0.0476565	3.09363	0.000498796	0.0534182	0.00277488	0.0247594	0.00104979	0.03	0.0	1.696	0.0	5.0	0.0	1.718	0.0	0.0375771	0.00102414	0.0	0.0	0.0	0.0	0.0	0.0	0.0	0.0	0.035575	0.0156752	0.00158392	0.00595811	0.000290651	0.000481296	2.10523	0.269949	0.984993	0.0152273	0.981645	0.0159884	0.999999	0.059007	0.252118	0.0286465	0.140896	0.102438	0.393581	0.0195548	0.140988	2.19696e-06	-13267.1	3.0	7.39089e-06	-60149.6	7.0	3.71939e-05	1.0	3666.22	68.5633	1979.91	52.0208	0.350667	0.00768937	1045.64	17.5962	
0.0-2.4	13.0-16.0	0.0-100.0	0.000-1.571	0.008	0.081	4254.0	4249.0	3435.86	62.9517	812.756	36.5946	-1.10867	0.145726	-0.05	0.0	0.609913	0.0592533	3.09341	0.000603877	0.0412974	0.00160933	0.0184633	0.00163178	0.03	0.0	1.696	0.0	5.0	0.0	1.718	0.0	0.0342515	0.000853154	0.0	0.0	0.0	0.0	0.0	0.0	0.0	0.0	0.0661462	0.04102	-0.00168051	0.0047893	-0.000399859	0.000593077	1.77416	0.264604	0.985423	0.0206773	0.999994	5.63696	0.943276	0.0358581	0.271428	0.00642562	0.274272	6.86698	0.456183	0.00643145	0.216906	0.0459367	-8044.6	3.0	1.01369e-05	-36513.0	7.0	7.68887e-05	1.0	2061.07	51.2008	1374.79	42.7781	0.40013	0.0100632	1055.95	27.2798	
0.0-2.4	13.0-30.0	0.0-100.0	0.000-1.571	0.008	0.081	7214.0	7207.0	5824.89	84.3727	1381.74	51.721	-1.27707	0.114137	-0.05	0.0	0.486752	0.0667704	3.09367	0.000480327	0.0437933	0.00184989	0.0223001	0.00151001	0.03	0.0	1.696	0.0	5.0	0.0	1.718	0.0	0.0344783	0.000928898	0.0	0.0	0.0	0.0	0.0	0.0	0.0	0.0	0.0480882	0.0218371	-0.00242622	0.00419284	-0.00015729	0.000429073	1.94086	0.230379	0.98902	0.0158394	1.0	4.03335	0.962424	0.0163159	0.283891	0.0248513	0.146365	3.85443	0.446292	0.0246391	0.233756	0.0999234	-13135.9	3.0	4.53412e-07	-65539.1	7.0	2.97176e-05	1.0	3252.47	65.4036	2572.42	58.7072	0.441626	0.00778843	1054.64	19.034	
0.0-2.4	16.0-30.0	0.0-100.0	0.000-1.571	0.008	0.056	2959.0	2946.0	2410.8	52.4239	535.3	29.544	-1.39578	0.184932	-0.05	0.0	0.15199	0.0552312	3.09356	0.000761897	0.0150089	0.00264869	0.0369623	0.00162597	0.03	0.0	1.696	0.0	5.0	0.0	1.718	0.0	0.034537	0.000871851	0.0	0.0	0.0	0.0	0.0	0.0	0.0	0.0	0.0340288	0.0240391	-0.00317689	0.0069571	0.000378655	0.000622224	2.18001	0.438439	0.985044	0.0250272	1.0	916.564	0.986167	5.66016	0.292073	0.176487	0.140934	59126.8	0.431196	0.362246	0.235418	0.723448	-5120.88	3.0	5.59299e-07	-24053.5	7.0	4.67187e-05	1.0	1206.85	39.3096	1203.96	39.2677	0.499401	0.0121397	1048.34	28.9782	
0.0-2.4	6.5-30.0	0.0-100.0	0.000-1.571	0.004	0.224	71851.0	71827.0	61216.2	269.795	10610.8	148.934	-1.11555	0.041396	-0.05	0.0	0.457364	0.0206056	3.09235	0.000159486	0.0469	0.000599097	0.0254954	0.000453814	0.03	0.0	1.696	0.0	5.0	0.0	1.718	0.0	0.0368612	0.00029075	0.0	0.0	0.0	0.0	0.0	0.0	0.0	0.0	0.0430983	0.00586475	-0.000930869	0.00240021	0.000345562	0.000161192	2.16125	0.0881268	0.957318	0.00417499	1.0	0.0111459	0.853793	0.0140235	0.288127	0.0117409	0.141019	7.70396e-11	0.428253	0.00772438	0.140915	0.011495	-151615.0	3.0	5.97055e-09	-822697.0	7.0	4.56059e-06	1.0	44948.0	240.464	16268.2	154.016	0.265749	0.0022267	1038.4	6.86423	
0.0-2.4	6.5-7.5	0.0-100.0	0.000-1.571	0.008	0.168	21834.0	21820.0	18885.6	150.08	2934.59	81.0083	-0.732128	0.0781741	-0.05	0.0	0.444701	0.0370666	3.09114	0.000309689	0.0492957	0.00118984	0.0281993	0.000770492	0.03	0.0	1.696	0.0	5.0	0.0	1.718	0.0	0.0390157	0.000535179	0.0	0.0	0.0	0.0	0.0	0.0	0.0	0.0	0.0564692	0.0173463	0.0089199	0.0166626	0.000473325	0.000341031	1.98278	0.173627	0.962394	0.00734818	1.0	17.8191	0.790952	0.397146	0.403979	0.0888512	0.140929	79189.0	0.415735	0.0462193	0.141047	0.0658215	-47209.0	3.0	1.81311e-09	-223671.0	7.0	1.5993e-05	1.0	15119.2	139.367	3766.46	76.7039	0.199435	0.00373951	1046.85	15.854	
0.0-2.4	6.5-8.0	0.0-100.0	0.000-1.571	0.008	0.168	30455.0	30436.0	26224.3	176.241	4211.92	95.1179	-0.853027	0.0652088	-0.05	0.0	0.496388	0.0319101	3.09131	0.000258203	0.0479809	0.000848552	0.0265091	0.000767017	0.03	0.0	1.696	0.0	5.0	0.0	1.718	0.0	0.0386869	0.000441044	0.0	0.0	0.0	0.0	0.0	0.0	0.0	0.0	0.0575665	0.0136708	0.00223244	0.00490816	0.000578972	0.000281989	2.00934	0.138671	0.950362	0.00617844	1.0	56012.5	0.741453	9.3991	0.305171	1.37259	0.140985	91953.0	0.403915	0.340102	0.140972	4.26049e-08	-65995.9	3.0	1.68264e-06	-322262.0	7.0	2.59972e-05	1.0	20827.8	163.142	5396.49	91.3135	0.205782	0.0031956	1040.97	13.1269	
0.0-2.4	6.5-8.5	0.0-100.0	0.000-1.571	0.008	0.168	37660.0	37639.0	32389.3	196.131	5250.64	106.421	-0.939684	0.0586981	-0.05	0.0	0.480908	0.0294594	3.09142	0.000229609	0.0476917	0.000781824	0.0266199	0.000686573	0.03	0.0	1.696	0.0	5.0	0.0	1.718	0.0	0.0382317	0.000401721	0.0	0.0	0.0	0.0	0.0	0.0	0.0	0.0	0.0565076	0.0117314	-0.00114815	0.00417186	0.00119098	0.000249267	2.00908	0.120785	0.953453	0.00562402	0.999998	0.00736098	0.744783	0.0352238	0.346631	0.0262286	0.141983	0.79378	0.432763	0.0128904	0.140983	0.0174709	-81724.9	3.0	1.533e-07	-406642.0	7.0	0.000151735	1.0	25557.5	180.841	6831.77	102.293	0.210927	0.00288844	1042.01	11.2547	
0.0-2.4	7.5-8.5	0.0-100.0	0.000-1.571	0.008	0.136	15826.0	15804.0	13491.9	125.428	2312.58	67.4644	-1.21503	0.0886044	-0.05	0.0	0.539068	0.0409806	3.09182	0.000340579	0.0455037	0.0010012	0.0240874	0.00105048	0.03	0.0	1.696	0.0	5.0	0.0	1.718	0.0	0.0371971	0.000549603	0.0	0.0	0.0	0.0	0.0	0.0	0.0	0.0	0.0553572	0.0153282	-0.00751851	0.00509998	0.00194726	0.000363652	2.03235	0.165504	0.94222	0.00872884	1.0	0.0188171	0.708687	0.0337967	0.270241	0.0232312	0.141325	2.6348e-05	0.448333	0.0196327	0.140919	1.49193e-10	-34533.2	3.0	1.97146e-05	-157220.0	7.0	5.93127e-05	1.0	10443.9	114.725	3048.04	67.3641	0.225916	0.00452972	1033.09	15.4927	
0.0-2.4	8.0-10.0	0.0-100.0	0.000-1.571	0.008	0.136	21755.0	21741.0	18603.9	148.645	3137.42	81.4073	-1.33162	0.0775308	-0.05	0.0	0.401894	0.0396072	3.09269	0.000281376	0.0457136	0.00117548	0.026399	0.000749867	0.03	0.0	1.696	0.0	5.0	0.0	1.718	0.0	0.0354496	0.00052156	0.0	0.0	0.0	0.0	0.0	0.0	0.0	0.0	0.0458891	0.0102194	-0.0026995	0.0043131	0.000742	0.000289008	2.19478	0.149274	0.940205	0.00738376	0.993414	0.0435269	0.845061	0.102874	0.233795	0.0527541	0.141383	5.26537e-09	0.451012	0.0281862	0.15083	0.0432276	-47505.5	3.0	1.61498e-06	-223612.0	7.0	0.000146906	1.0	13960.0	133.71	4643.93	82.5464	0.249621	0.00396351	1031.73	12.5795	
0.0-2.4	8.5-9.5	0.0-100.0	0.000-1.571	0.008	0.136	10677.0	10673.0	9153.43	103.706	1519.64	55.8659	-1.25539	0.110478	-0.05	0.0	0.384762	0.0543062	3.09326	0.000392127	0.04479	0.00169091	0.0261853	0.00094733	0.03	0.0	1.696	0.0	5.0	0.0	1.718	0.0	0.0345505	0.000704164	0.0	0.0	0.0	0.0	0.0	0.0	0.0	0.0	0.0500628	0.0142661	0.00161968	0.00572458	0.00075575	0.000405519	2.25294	0.202615	0.932951	0.0102971	1.0	0.0350708	0.898645	0.0249249	0.237996	0.0265812	0.1418	5.13954e-06	0.452139	0.0198121	0.14942	0.0316924	-23643.7	3.0	7.68247e-06	-102403.0	7.0	1.15789e-05	1.0	6845.91	93.3066	2307.52	58.0838	0.252094	0.00566646	1039.68	18.659	
0.0-2.4	9.5-11.0	0.0-100.0	0.000-1.571	0.008	0.128	9657.0	9649.0	8178.42	98.0703	1470.53	53.9402	-1.31181	0.111362	-0.05	0.0	0.542746	0.0549149	3.0928	0.000417375	0.0430484	0.00124447	0.0229155	0.00135562	0.03	0.0	1.696	0.0	5.0	0.0	1.718	0.0	0.0352975	0.000690604	0.0	0.0	0.0	0.0	0.0	0.0	0.0	0.0	0.0230452	0.0104935	-0.00132346	0.00761159	-0.00058414	0.000400775	2.46487	0.337054	0.950142	0.0112669	0.93424	0.0217926	1.0	0.00165743	0.206343	0.0253085	0.141026	0.0418684	0.423849	0.0176706	1.52875	5.4087	-20682.0	3.0	9.24516e-08	-91431.0	7.0	3.61859e-06	1.0	5839.54	86.0022	2338.88	57.268	0.285982	0.00610512	1010.93	17.2227	
0.4-0.8	6.5-30.0	0.0-100.0	0.000-1.571	0.008	0.073	10219.0	10179.0	8740.61	98.7873	1438.4	49.561	-1.19265	0.110891	-0.05	0.0	0.378435	0.0739861	3.09419	0.000306948	0.0195526	0.000964803	0.0269442	0.00121828	0.03	0.0	1.696	0.0	5.0	0.0	1.718	0.0	0.0244116	0.000513648	0.0	0.0	0.0	0.0	0.0	0.0	0.0	0.0	0.076506	0.0434519	-0.00258405	0.00354869	-0.000395395	0.00041651	1.67312	0.203336	0.970626	0.0119719	0.935901	0.0146572	1.0	0.000942044	0.221438	0.0223636	0.140921	0.0331644	0.437338	0.0181881	4.97396	1.13268	-24267.9	3.0	3.28282e-07	-99674.7	7.0	1.68505e-05	1.0	6129.38	86.4495	2611.24	59.5441	0.298748	0.00591671	1041.25	23.6256	
0.8-1.2	6.5-30.0	0.0-100.0	0.000-1.571	0.008	0.145	13137.0	13133.0	11197.0	113.7	1935.99	60.5505	-1.09723	0.0961655	-0.05	0.0	0.54457	0.0567807	3.09339	0.000350493	0.0351522	0.000931961	0.0287308	0.00122353	0.03	0.0	1.696	0.0	5.0	0.0	1.718	0.0	0.032386	0.000411445	0.0	0.0	0.0	0.0	0.0	0.0	0.0	0.0	0.021701	0.00683238	-0.000835981	0.00729644	0.00101152	0.000354524	2.63751	0.286474	0.998898	0.0097689	0.976815	0.0307907	0.998829	0.912998	0.360916	0.0258821	0.23361	0.129742	0.4315	0.0186538	0.141018	2.51044e-05	-29560.0	3.0	6.18207e-05	-129261.0	7.0	4.56689e-06	1.0	8239.2	101.429	2957.81	64.7302	0.26416	0.00512103	1061.65	13.1056	
1.2-1.6	6.5-30.0	0.0-100.0	0.000-1.571	0.004	0.152	16181.0	16172.0	14007.1	129.774	2164.67	70.7036	-0.87941	0.095356	-0.05	0.0	0.529959	0.0586566	3.08935	0.000380216	0.033823	0.000918572	0.0474813	0.00197144	0.03	0.0	1.696	0.0	5.0	0.0	1.718	0.0	0.0408162	0.000700261	0.0	0.0	0.0	0.0	0.0	0.0	0.0	0.0	0.0606589	0.0149845	-0.000791808	0.00423917	0.00114454	0.000342079	1.99894	0.146766	0.949547	0.00877758	0.973447	0.740838	0.848249	0.207845	0.318709	0.0270446	0.140927	0.752118	0.465378	0.0296686	0.140896	1.14115e-08	-33385.0	3.0	0.000147722	-160506.0	7.0	1.73636e-05	1.0	10216.9	115.075	3790.21	74.2647	0.270591	0.00467176	1043.71	14.4942	
1.6-2.0	6.5-30.0	0.0-100.0	0.000-1.571	0.004	0.145	16135.0	16123.0	13750.0	131.65	2373.03	77.1697	-1.35043	0.0979922	-0.05	0.0	0.752552	0.0619232	3.08947	0.000438576	0.0419666	0.00086751	0.063552	0.00504792	0.03	0.0	1.696	0.0	5.0	0.0	1.718	0.0	0.0482162	0.00113717	0.0	0.0	0.0	0.0	0.0	0.0	0.0	0.0	0.0501204	0.0105066	0.00447381	0.00580861	0.00243568	5.36381e-11	2.34179	0.172123	0.93429	0.00844535	0.999436	355402.0	0.836357	29331.6	0.33384	5413.03	0.140885	835649.0	0.422133	351.035	0.140935	0.000655403	-31492.8	3.0	21.1201	-158065.0	7.0	1.7434e-05	1.0	10423.2	118.058	3326.78	70.6595	0.241948	0.00458711	1050.72	15.4277	
1.6-2.4	3.0-30.0	0.0-100.0	0.000-1.571	0.004	0.24	105021.0	104799.0	87553.0	340.693	17246.2	213.922	-0.228591	0.0332327	-0.05	0.0	0.317468	0.0320768	3.08928	0.000181728	0.0632929	0.00145791	0.0410309	0.00055732	0.03	0.0	2.059	0.0	5.0	0.0	1.41	0.0	0.0492021	0.000507011	0.0	0.0	0.0	0.0	0.0	0.0	0.0	0.0	0.048199	0.00677046	0.00323956	0.0047584	0.00049033	0.00840459	2.28286	0.107063	0.877053	0.489806	0.817944	0.0	0.9999	0.0	0.604322	0.0	0.0846182	0.0	0.4172	0.0	0.483258	0.0	-1e+30	3.0	0.0	-1215560.0	7.0	8.7065e-05	1.0	81161.0	31903.0	6391.98	31901.5	0.073007	0.364368	991.631	206.39	
1.6-2.4	3.0-4.5	0.0-100.0	0.000-1.571	0.024	0.24	48579.0	48406.0	40399.7	235.246	8005.56	151.489	0.599959	0.0516595	-0.05	0.0	0.246576	0.0346947	3.08943	0.000261982	0.0690249	0.00287067	0.0403052	0.000677376	0.03	0.0	2.04	0.0	5.0	0.0	1.31	0.0	0.0489769	0.000775955	0.0	0.0	0.0	0.0	0.0	0.0	0.0	0.0	0.0920982	0.0334626	-0.00295184	0.0134997	0.00160707	0.000361125	1.7428	0.171363	0.905086	0.00471348	1.0	0.00341626	0.551146	0.0387258	0.50489	0.0248075	0.140893	9.81578e-08	0.573316	0.021465	0.146905	0.0142507	-83392.8	3.0	1.78892e-08	-523927.0	7.0	0.000214644	1.0	34681.4	226.485	5718.3	107.802	0.141543	0.00253791	1011.67	22.9108	
1.6-2.4	3.0-5.5	0.0-100.0	0.000-1.571	0.024	0.24	68359.0	68151.0	56690.4	277.259	11461.1	177.847	0.213446	0.042102	-0.05	0.0	0.2866	0.0343444	3.08905	0.000223622	0.0648594	0.00197275	0.0404612	0.000619505	0.03	0.0	2.04	0.0	5.0	0.0	1.31	0.0	0.0487192	0.000616768	0.0	0.0	0.0	0.0	0.0	0.0	0.0	0.0	0.0947176	0.0252455	-0.00210053	0.00695986	0.000637391	0.000291862	1.7053	0.119034	0.902531	0.00398934	0.990455	0.00292438	0.654701	0.0182071	0.460407	0.0106277	1.00868	0.261659	0.43172	0.00876777	0.140892	4.80281e-09	-117686.0	3.0	6.87189e-05	-760584.0	7.0	0.000146337	1.0	48467.5	265.87	8222.95	126.945	0.14505	0.00212393	1006.41	16.3165	
1.6-2.4	3.0-6.5	0.0-100.0	0.000-1.571	0.016	0.24	81876.0	81659.0	68201.1	321.77	13458.0	220.56	0.0612661	0.039988	-0.05	0.0	0.314264	0.040851	3.08924	0.000206666	0.064302	0.00221817	0.0405872	0.000642512	0.03	0.0	2.04	0.0	5.0	0.0	1.31	0.0	0.0492852	0.000710903	0.0	0.0	0.0	0.0	0.0	0.0	0.0	0.0	0.0545752	0.0111807	0.00463949	0.00732318	0.000496763	0.00024854	2.11806	0.135123	0.92544	0.00355957	0.961725	0.0162397	0.700914	0.161965	0.45354	0.10376	0.140889	1.5135e-09	0.491883	0.0234015	0.140895	0.110388	-142771.0	3.0	1.93173e-07	-926200.0	7.0	0.000153446	1.0	58292.5	305.138	9908.56	140.206	0.145284	0.00193814	1026.9	12.5598	
1.6-2.4	4.5-5.5	0.0-100.0	0.000-1.571	0.024	0.192	19779.0	19738.0	16407.1	149.592	3330.86	96.4172	-0.694096	0.0777074	-0.05	0.0	0.366492	0.0845652	3.08789	0.00043133	0.0593683	0.00258682	0.0417643	0.00139288	0.03	0.0	2.04	0.0	5.0	0.0	1.31	0.0	0.0489564	0.00103111	0.0	0.0	0.0	0.0	0.0	0.0	0.0	0.0	0.103514	0.0420907	-0.000476917	0.00793976	-0.00058831	0.000496191	1.6297	0.164957	0.898765	0.00751819	0.948061	0.137424	0.879263	0.220571	0.315628	0.0233956	0.140895	0.267911	0.408535	0.0192143	0.141037	0.173741	-34548.1	3.0	3.56432e-07	-195704.0	7.0	3.2275e-05	1.0	13970.3	142.513	2436.8	67.6706	0.148521	0.00389584	999.543	24.1144	
1.6-2.4	5.5-6.5	0.0-100.0	0.000-1.571	0.024	0.16	13517.0	13496.0	11565.6	125.125	1930.44	77.5724	-0.846351	0.10306	-0.05	0.0	0.411162	0.0938854	3.09028	0.000529565	0.0642983	0.00320698	0.0419788	0.00194843	0.03	0.0	2.04	0.0	5.0	0.0	1.31	0.0	0.0523212	0.00141443	0.0	0.0	0.0	0.0	0.0	0.0	0.0	0.0	0.163974	0.0525224	0.00159916	0.00563014	0.00054516	0.000547109	1.56105	0.126401	0.875415	0.00961035	0.855372	877.64	0.999912	375653.0	0.439608	549.461	0.140962	2.16269e-05	0.484113	438.806	0.140908	1812140.0	-25183.8	3.0	1.94543e-05	-128947.0	7.0	2.81947e-05	1.0	9669.8	117.69	1895.76	57.6819	0.163914	0.00466147	1019.94	26.9441	
1.6-2.4	6.5-30.0	0.0-100.0	0.000-1.571	0.008	0.188	23145.0	23136.0	19572.9	157.908	3563.05	94.4665	-1.22646	0.0760095	-0.05	0.0	0.614701	0.0527469	3.08994	0.000391937	0.0527577	0.000974532	0.0397254	0.00158745	0.03	0.0	1.696	0.0	5.0	0.0	1.718	0.0	0.0481559	0.000529392	0.0	0.0	0.0	0.0	0.0	0.0	0.0	0.0	0.0446101	0.00857781	0.00265167	0.00592245	0.000227708	0.000309098	2.45063	0.167161	0.92308	0.00714758	0.99999	2.6739	0.848718	0.00538958	0.307718	0.00386897	0.141002	2.16834	0.410217	0.00337266	0.140943	0.00457741	-43636.6	3.0	3.34798e-07	-234148.0	7.0	2.10831e-06	1.0	14868.7	142.462	4704.21	85.7115	0.240343	0.0039264	1040.18	14.1147	
2.0-2.4	6.5-30.0	0.0-100.0	0.000-1.571	0.008	0.144	7009.0	6998.0	5910.73	89.2146	1087.39	55.9883	-1.08209	0.140219	-0.05	0.0	0.494176	0.102244	3.08939	0.000805453	0.0611788	0.00268814	0.0453088	0.00220934	0.03	0.0	1.696	0.0	5.0	0.0	1.718	0.0	0.0537403	0.00119992	0.0	0.0	0.0	0.0	0.0	0.0	0.0	0.0	0.0274908	0.012152	-0.01	0.0156797	-0.00134139	0.000611157	3.13309	0.601028	0.915992	0.0133683	1.0	0.00541328	0.894277	0.0415657	0.264746	0.0372923	0.294752	8.81911e-05	0.387975	0.0204488	0.14098	0.0456008	-12195.6	3.0	1.88615e-05	-61809.9	7.0	8.99045e-05	1.0	4530.41	80.8107	1380.32	47.8386	0.233528	0.00728565	1042.03	36.533	
