rap0.0-1.2_pT6.5-30.0_cent0.0-100.0
14684.3
4213.26 3796.66 3592.58 3080.24
235.282 183.141 174.408 136.308
9532.05
2523.84 2517.81 2322.34 2160.64
182.536 149.424 154.502 133.193
10116.5
2848.16 2650.28 2372.98 2234.01
209.955 1001.29 179.343 127.597
4567.83
1365.1 1146.38 1219.6 846.23
156.829 994.634 149.661 88.9371
0.311069
0.324001 0.301944 0.339478 0.274728
0.0325294 0.261571 0.0382598 0.0261891
rap0.0-1.2_pT6.5-30.0_cent10.0-60.0
9175.84
2439.75 2475.3 2271.15 1973.69
136.802 131.445 143.486 99.4823
4750.41
1320.04 1237.65 1110.87 1079.93
109.969 96.4603 113.444 82.653
6314.93
1614.51 1815.05 1475.05 1371.1
127.369 134.0 139.726 97.0198
2860.91
825.243 660.246 796.091 602.591
100.839 99.4752 115.622 74.5607
0.311788
0.338248 0.266734 0.350524 0.305313
0.0367232 0.0376082 0.0458402 0.0345008
rap0.0-2.4_pT10.0-13.0_cent0.0-100.0
4712.88
1184.8 1242.12 1167.52 1115.38
56.7987 74.5948 78.8186 55.5884
1783.45
443.272 428.582 445.102 446.943
36.7031 40.8854 50.7173 38.2396
3153.97
785.498 817.955 785.774 765.45
56.4235 79.6738 92.0549 56.674
1558.92
399.3 424.164 381.748 349.93
46.1739 67.704 79.5253 45.3957
0.330778
0.337019 0.341484 0.326973 0.313731
0.0354652 0.0505018 0.0644388 0.0375765
rap0.0-2.4_pT10.0-13.0_cent10.0-60.0
3138.42
786.866 831.484 805.816 697.763
43.4939 66.8561 73.0743 45.4185
1070.6
280.553 240.715 260.195 274.874
28.6833 33.1806 43.5488 30.4764
2072.85
504.564 546.077 523.293 473.389
41.6502 71.846 77.844 47.345
1065.57
282.302 285.407 282.523 224.374
34.6468 61.3236 66.8146 38.7991
0.339524
0.358768 0.34325 0.350605 0.321563
0.0393128 0.0683933 0.0765775 0.0515151
rap0.0-2.4_pT10.0-30.0_cent0.0-100.0
7434.18
1960.32 1894.43 1785.07 1792.5
80.2859 83.4955 86.4148 70.7557
2724.55
693.855 700.258 667.149 649.011
49.4705 49.031 56.5407 47.1059
4801.98
1221.43 1232.3 1175.02 1160.78
79.8435 91.1954 96.9724 70.6302
2632.2
738.89 662.124 610.055 631.718
69.1978 78.8565 83.9061 59.2536
0.354067
0.376924 0.349511 0.341754 0.352424
0.0317448 0.0386702 0.0439965 0.0299867
rap0.0-2.4_pT10.0-30.0_cent10.0-60.0
4937.01
1305.34 1246.57 1201.84 1173.81
65.6598 72.8454 78.4473 59.3694
1652.84
420.493 407.11 406.745 404.609
38.3255 39.4901 48.6256 37.6731
3202.63
816.754 838.711 786.614 746.26
65.2645 80.3754 82.3459 60.7222
1734.38
488.589 407.862 415.227 427.548
56.3526 68.0159 69.8511 52.2509
0.351302
0.3743 0.327187 0.345492 0.36424
0.0388488 0.0511026 0.0535666 0.0405229
rap0.0-2.4_pT13.0-30.0_cent0.0-100.0
2726.1
780.796 651.371 604.401 675.089
57.2112 37.2117 35.6678 43.6346
936.837
238.769 266.223 221.382 198.419
32.2428 26.158 25.7915 27.1217
1651.11
432.883 419.508 374.579 392.155
54.4017 35.5277 33.7013 40.9615
1074.99
347.913 231.864 229.822 282.934
51.0231 29.3822 28.8285 37.0109
0.394331
0.445587 0.355962 0.380247 0.419106
0.0566066 0.0402643 0.0420894 0.0476636
rap0.0-2.4_pT13.0-30.0_cent10.0-60.0
1796.11
520.294 413.147 385.106 467.961
49.5279 28.6995 28.7219 37.9832
579.038
133.724 166.351 141.24 128.875
24.2348 20.3056 21.2814 21.962
1128.25
301.387 281.836 251.726 267.316
48.1963 28.0485 26.6799 37.2178
667.869
218.907 131.311 133.38 200.645
43.9774 22.0597 21.4081 34.3456
0.371841
0.420737 0.317832 0.346347 0.428765
0.0744331 0.0486157 0.0492243 0.0646184
rap0.0-2.4_pT6.5-10.0_cent0.0-100.0
21680.7
6076.72 5551.62 5332.49 4720.39
251.078 203.8 191.73 172.708
21223.7
6100.67 5723.28 4929.66 4528.68
226.919 197.512 188.183 195.518
16232.9
4561.59 4181.64 3911.14 3551.03
252.511 1140.42 228.749 246.543
5447.79
1515.13 1369.98 1421.35 1169.36
179.326 1131.16 187.516 213.854
0.251273
0.249334 0.246771 0.266545 0.247725
0.0276537 0.203551 0.0338338 0.0443885
rap0.0-2.4_pT6.5-10.0_cent10.0-60.0
13590.5
3704.06 3561.75 3319.98 3006.85
152.751 141.145 149.622 117.515
10469.9
3216.17 2792.47 2303.51 2149.5
138.497 128.281 128.036 106.782
10147.3
2757.1 2762.83 2412.47 2183.52
171.0 145.815 185.741 116.735
3443.2
946.952 798.926 907.509 823.33
133.56 101.377 156.05 85.9074
0.253354
0.255653 0.224307 0.273348 0.273819
0.0344819 0.027039 0.0453604 0.0264907
rap0.0-2.4_pT6.5-30.0_cent0.0-10.0
9650.08
2779.17 2404.63 2372.62 2100.17
200.04 146.8 124.782 128.371
11708.5
3119.48 3192.98 2798.15 2604.34
182.074 152.489 135.958 166.45
6913.86
2002.58 1607.48 1705.46 1586.41
194.558 945.497 124.315 117.286
2736.22
776.592 797.147 667.156 513.761
142.128 941.649 92.9533 73.0703
0.283544
0.279433 0.331505 0.28119 0.244628
0.0470193 0.391075 0.0362792 0.0314156
rap0.0-2.4_pT6.5-30.0_cent0.0-100.0
29051.2
8026.62 7435.55 7093.16 6500.06
264.712 221.788 211.189 187.711
24083.4
6810.13 6434.9 5622.11 5200.67
229.268 201.816 195.092 199.704
20950.7
5769.95 5387.01 5081.8 4692.01
258.146 1097.61 242.936 176.116
8100.49
2256.67 2048.53 2011.36 1808.05
189.653 1087.51 199.277 124.031
0.278835
0.281148 0.275505 0.283563 0.278159
0.0217327 0.146027 0.0267957 0.0173084
rap0.0-2.4_pT6.5-30.0_cent10.0-20.0
6776.24
1845.93 1646.73 1732.67 1551.95
101.416 97.8809 116.68 88.2497
6065.29
1768.8 1546.13 1455.4 1271.17
107.671 93.5183 107.057 82.2079
4687.71
1176.53 1285.63 1163.65 1023.12
103.865 122.38 120.477 86.8788
2088.54
669.401 361.105 569.018 528.833
89.2317 97.9697 99.2093 71.1865
0.308214
0.362637 0.219286 0.328406 0.340754
0.0440431 0.058048 0.0528149 0.0415754
rap0.0-2.4_pT6.5-30.0_cent10.0-30.0
12011.4
3330.84 3020.98 2942.12 2717.19
146.444 131.129 146.326 110.953
9371.8
2760.39 2442.75 2161.38 1998.46
130.699 115.157 127.956 99.8738
8531.64
2328.16 2266.51 2012.66 1881.98
490.095 146.604 172.273 110.681
3479.78
1002.68 754.475 929.466 835.213
481.31 113.519 147.631 86.6477
0.289706
0.301031 0.249745 0.315917 0.307381
0.143894 0.0359792 0.0476551 0.0293147
rap0.0-2.4_pT6.5-30.0_cent10.0-60.0
18499.3
5004.37 4801.25 4511.4 4184.68
166.858 159.03 169.637 132.057
12152.2
3646.74 3207.94 2721.6 2569.22
142.432 133.705 136.021 112.918
13343.1
3587.63 3607.18 3202.81 2932.43
172.743 174.051 194.966 131.674
5156.25
1416.74 1194.07 1308.58 1252.25
133.276 132.599 161.025 101.667
0.278726
0.2831 0.248699 0.290062 0.299247
0.0249029 0.0263605 0.0339858 0.0223845
rap0.0-2.4_pT6.5-30.0_cent20.0-30.0
5231.44
1484.09 1375.44 1211.79 1161.87
105.433 87.1544 90.6033 67.0214
3295.32
988.247 865.403 699.875 721.357
74.4356 66.0739 66.6254 56.8507
3835.12
1125.48 977.943 831.673 854.69
104.982 83.2777 136.624 68.4764
1396.31
358.609 397.493 380.119 307.178
72.6445 61.0705 124.929 50.7177
0.266908
0.241635 0.288994 0.313684 0.264383
0.04584 0.0404488 0.100391 0.0409011
rap0.0-2.4_pT6.5-30.0_cent30.0-60.0
6476.99
1666.97 1784.2 1563.66 1457.75
78.345 89.8249 81.8085 70.7504
2788.9
885.843 761.247 563.499 569.319
59.1937 67.584 51.9233 53.3069
4749.29
1233.9 1321.76 1155.33 1036.35
78.3489 93.215 81.5119 70.4616
1727.7
433.074 462.437 408.329 421.407
56.4787 69.3036 58.7107 53.4159
0.266744
0.259797 0.259184 0.261137 0.28908
0.0316044 0.0365856 0.0349732 0.0338502
rap0.0-2.4_pT6.5-8.0_cent0.0-100.0
13252.8
3813.02 3293.62 3282.9 2865.93
233.292 177.602 161.053 153.752
16608.7
4797.89 4513.82 3805.67 3473.69
220.815 184.736 170.045 185.644
10228.8
2948.45 2603.62 2444.27 2231.57
239.27 480.099 163.255 144.951
3023.99
864.565 690.006 838.632 634.363
165.848 460.618 118.179 88.5221
0.228178
0.22674 0.209497 0.255454 0.221346
0.0412235 0.139394 0.0337464 0.0285139
rap0.0-2.4_pT6.5-8.0_cent10.0-60.0
8192.33
2226.94 2144.28 2009.0 1810.42
137.23 122.293 119.842 101.272
7897.67
2460.51 2075.48 1705.53 1648.76
132.498 114.747 112.714 97.0618
6244.08
1658.4 1732.4 1489.9 1343.81
143.759 125.12 126.676 100.349
1948.25
568.543 411.878 519.099 466.611
107.005 80.2794 95.4285 71.4188
0.237814
0.255302 0.192082 0.258386 0.257737
0.0454017 0.0358003 0.0449301 0.0367199
rap0.0-2.4_pT8.0-10.0_cent0.0-100.0
8397.93
2250.41 2251.64 2057.74 1848.3
79.8212 90.717 107.652 73.6076
4710.56
1307.4 1196.08 1115.88 1059.99
64.5879 73.1022 75.1417 65.8509
5978.36
1592.24 1555.63 1427.3 1320.31
81.7638 96.5813 152.497 72.1076
2419.58
658.165 696.016 630.441 527.993
63.5667 78.652 136.994 53.637
0.288116
0.292465 0.309115 0.306375 0.285664
0.0262729 0.0326354 0.0646167 0.0266968
rap0.0-2.4_pT8.0-10.0_cent10.0-60.0
5379.17
1464.8 1411.53 1321.75 1187.47
60.6654 68.1347 94.9954 57.3837
2588.53
762.595 717.591 582.856 508.543
46.5219 58.6892 54.0063 46.3644
3859.11
1074.9 1006.23 871.912 836.768
61.1992 74.5002 136.126 57.2169
1520.05
389.898 405.307 449.843 350.704
44.9919 59.7825 125.094 43.8851
0.282582
0.266178 0.287139 0.340338 0.295337
0.0286689 0.0400207 0.0914271 0.0340898
rap1.2-1.6_pT6.5-30.0_cent0.0-100.0
6525.78
1783.5 1684.67 1558.01 1495.56
86.6961 88.6961 78.8558 97.0025
6637.23
1815.09 1904.17 1491.92 1419.5
88.4184 97.9894 84.1354 125.251
4793.26
1341.87 1217.81 1173.93 1048.47
97.0968 91.5568 79.9344 84.6563
1732.53
441.625 466.861 384.076 447.093
75.0591 69.8276 56.8953 58.1641
0.26549
0.247617 0.277123 0.246517 0.298946
0.0403273 0.038796 0.0343203 0.0337129
rap1.2-1.6_pT6.5-30.0_cent10.0-60.0
4169.05
1183.96 1021.18 973.614 980.978
65.684 61.4778 53.8887 56.6563
3159.88
991.292 922.889 658.644 567.931
59.729 66.4478 47.9987 47.2929
3089.06
890.278 744.325 760.119 691.516
73.2152 62.2776 54.5641 56.5865
1079.99
293.677 276.853 213.495 289.461
56.4484 46.35 36.6991 43.4331
0.25905
0.248047 0.271112 0.219281 0.295074
0.0456487 0.0423526 0.0356863 0.0408641
rap1.2-2.4_pT6.5-30.0_cent0.0-100.0
14592.0
3858.04 3682.4 3553.76 3495.82
123.618 123.869 116.189 129.903
14223.4
4239.63 3872.26 3240.48 2960.64
128.399 130.936 116.913 148.789
10932.0
2922.6 2767.18 2749.25 2522.6
134.639 131.387 120.444 121.579
3659.92
935.438 915.218 804.508 973.222
101.275 97.7034 84.3751 85.4544
0.250818
0.242464 0.248539 0.226382 0.278396
0.0250744 0.0251809 0.0225593 0.0221478
rap1.2-2.4_pT6.5-30.0_cent10.0-60.0
9433.01
2579.45 2351.69 2245.16 2261.52
94.3424 89.7317 84.3357 86.3962
7287.22
2305.4 1942.63 1595.92 1433.32
88.8144 89.5906 74.7628 73.2001
7042.34
1974.31 1758.25 1699.24 1584.01
104.85 94.3571 87.3191 88.6388
2390.68
605.144 593.439 545.919 677.507
79.1787 70.108 63.0156 69.7486
0.253437
0.234602 0.252346 0.243153 0.299581
0.0294723 0.028214 0.0265395 0.0286394
rap1.6-2.4_pT3.0-6.5_cent0.0-100.0
39172.8
10476.9 9535.16 9233.71 9926.76
579.055 562.649 534.734 546.623
193745.0
52605.0 50594.6 46493.3 44034.4
917.983 902.746 851.101 843.203
32528.9
8748.45 7745.32 7628.9 8407.31
731.92 597.178 560.944 585.957
6643.91
1728.44 1789.84 1604.81 1519.45
557.707 398.617 357.925 368.809
0.169605
0.164976 0.18771 0.173799 0.153066
0.0524453 0.0403109 0.0374334 0.0361843
rap1.6-2.4_pT3.0-6.5_cent10.0-60.0
24256.1
6986.92 5902.84 5463.67 5921.63
398.384 385.641 361.909 377.066
91064.7
25021.4 24318.0 21592.2 20100.0
588.767 586.264 541.48 543.21
20142.8
5937.54 4523.76 4596.6 5069.2
422.515 404.655 1097.25 413.136
4113.31
1049.38 1379.08 867.071 852.424
259.775 290.718 1055.72 263.507
0.169578
0.150193 0.23363 0.158698 0.143951
0.0361805 0.0468257 0.19294 0.0435447
rap1.6-2.4_pT6.5-30.0_cent0.0-100.0
8107.99
2084.71 1999.16 2015.93 2011.29
88.09 85.5223 85.2741 83.1707
7625.02
2412.99 1965.2 1726.15 1517.49
92.6837 85.7755 80.5612 74.6734
6219.83
1599.0 1547.52 1589.31 1476.51
90.81 90.3693 89.0003 84.6528
1888.16
485.713 451.634 426.624 534.784
64.0508 64.4765 61.0502 62.6679
0.232876
0.232988 0.225912 0.211626 0.265891
0.029104 0.0307698 0.0289306 0.0291536
rap1.6-2.4_pT6.5-30.0_cent10.0-60.0
5284.81
1401.21 1325.73 1280.18 1278.07
67.6855 64.5848 65.1469 64.7657
4099.54
1307.2 1012.08 926.4 848.962
65.4648 59.1352 57.0608 55.1425
3962.1
1089.54 1017.97 938.189 897.901
69.1415 70.4664 68.05 65.9405
1322.71
311.67 307.76 341.991 380.166
47.2997 52.2585 51.5194 51.468
0.250286
0.222429 0.232144 0.267143 0.297454
0.0320006 0.0377617 0.0378782 0.0373428
