weighted_noTnPSF
rap	pT	cent	dPhi	ctauErrMin	ctauErrMax	NoCutEntry	CutEntry	NSig	NSigErr	NBkg	NBkgErr	coefExp	coefExpErr	coefPol1	coefPol1Err	coeffGaus	coeffGausErr	meanSig1	meanSig1Err	sigmaSig1	sigmaSig1Err	sigmaSig2	sigmaSig2Err	sigmaSig3	sigmaSig3Err	alpha	alphaErr	enne	enneErr	enneW	enneWErr	sigWidth	sigWidthErr	Gmc	GmcErr	bTau	bTauErr	fracRes	fracResErr	meanResSigW	meanResSigWErr	meanResSigN	meanResSigNErr	sigmaResSigW	sigmaResSigWErr	sigmaResSigN	sigmaResSigNErr	fpm	fpmErr	fLiving	fLivingErr	fbkgCtTot	fbkgCtTotErr	lambdam	lambdamErr	lambdap	lambdapErr	lambdasym	lambdasymErr	NLL	nFitPar	EDM	NLLMass	nFitParMass	EDMMass	Prob	PROMPT	PROMPTErr	NON-PROMPT	NON-PROMPTErr	Bfraction	BfractionErr	Resolution	ResolutionErr	
0.0-0.4	6.5-30.0	0.0-100.0	0.000-1.571	0.008	0.105	9533.0	9519.0	8233.08	174.354	1286.39	90.3838	-1.02133	0.190092	-0.05	0.0	0.423819	0.161106	3.09368	0.000450966	0.0152135	0.00206394	0.0232102	0.00115749	0.03	0.0	1.696	0.0	5.0	0.0	1.718	0.0	0.0202111	0.000505006	1.68647e-05	3.60603e-05	0.369851	0.0120199	0.0412563	0.0187466	-0.00568417	0.00506639	0.000301223	0.000682628	1.9561	0.23217	0.978339	0.0202675	1.0	0.000520203	0.858562	0.0571117	0.219471	0.0989097	1.06404	15.8237	0.357776	0.0321017	0.222061	0.0860977	-76915.8	4.0	508.301	-266584.0	7.0	867.09	1.0	6010.79	149.813	2222.29	91.9533	0.269922	0.00959512	1.03707	0.0182682	
0.0-1.2	6.5-30.0	0.0-100.0	0.000-1.571	0.008	0.145	34405.0	34385.0	29698.3	309.045	4686.97	153.067	-1.04592	0.10139	-0.05	0.0	0.367687	0.0608141	3.09368	0.000291362	0.0183946	0.00121485	0.0312161	0.000887731	0.03	0.0	1.696	0.0	5.0	0.0	1.718	0.0	0.0272133	0.000502716	3.35891e-05	7.03403e-08	0.370327	0.00737049	0.0363835	0.00953099	-0.00179413	0.00321886	0.000339557	0.000357391	2.02745	0.140729	0.985441	0.0106479	0.975554	0.0256185	0.900699	0.0203254	0.240162	0.0316503	0.281051	0.162179	0.417486	0.0168524	0.076189	0.0632972	-242697.0	4.0	689.767	-1072100.0	7.0	192.603	1.0	21573.7	273.903	8124.58	178.244	0.27357	0.00528369	1.04179	0.0099966	
0.0-2.4	10.0-13.0	0.0-100.0	0.000-1.571	0.008	0.145	13347.0	13336.0	11289.3	166.944	2047.22	100.57	-1.21763	0.133863	-0.05	0.0	0.477165	0.0780072	3.09329	0.000488697	0.046711	0.00284027	0.0231873	0.00146518	0.03	0.0	1.696	0.0	5.0	0.0	1.718	0.0	0.0363626	0.00126296	5.4086e-05	1.12806e-09	0.392763	0.0114762	0.0847722	0.0318272	0.00318917	0.00280993	0.000574645	0.000484592	1.61951	0.135984	0.943483	0.0149708	0.851301	0.854279	0.978762	0.0245518	0.138244	0.717313	0.0291246	0.063086	0.406316	0.0244496	0.159546	0.0975526	-51451.1	4.0	12.7494	-255607.0	7.0	126.413	1.0	7747.06	143.186	3542.2	100.606	0.313767	0.00760845	1.01835	0.0175381	
0.0-2.4	10.0-30.0	0.0-100.0	0.000-1.571	0.008	0.145	20701.0	20689.0	17223.2	203.236	3466.18	125.728	-1.23959	0.100792	-0.05	0.0	0.475576	0.056796	3.09342	0.000383712	0.0460738	0.00230933	0.0230346	0.000835624	0.03	0.0	1.696	0.0	5.0	0.0	1.718	0.0	0.035886	0.000955889	1.34171e-05	1.68501e-09	0.381065	0.00819211	0.061429	0.0187332	-0.00106161	0.00252365	0.000117649	0.000364775	1.76588	0.127349	0.970579	0.0119914	0.969749	0.0148943	1.0	99.192	0.257625	0.00937935	0.123069	0.0418133	0.421204	0.00991002	0.218186	304.207	-72906.0	4.0	19.6402	-397994.0	7.0	219.957	1.0	11039.3	168.857	6183.88	129.879	0.359044	0.00623821	1.03717	0.0129867	
0.0-2.4	11.0-13.0	0.0-100.0	0.000-1.571	0.008	0.145	7059.0	7056.0	5995.71	120.765	1060.07	72.014	-1.32934	0.185953	-0.05	0.0	0.374088	0.0883175	3.09358	0.000659432	0.0535651	0.00568754	0.0247278	0.00155958	0.03	0.0	1.696	0.0	5.0	0.0	1.718	0.0	0.0381584	0.00200917	1.95666e-05	9.68631e-08	0.40012	0.0151014	0.152755	0.0965681	0.00355134	0.00260494	0.000136069	0.000701112	1.43754	0.174684	0.944734	0.0224608	0.940537	0.138761	0.98753	0.0153905	0.220972	0.108303	0.0350549	0.0399426	0.396347	0.0278127	0.21633	0.17385	-25444.0	4.0	12.5546	-122893.0	7.0	93.0183	1.0	3938.7	101.324	2057.01	75.4281	0.34308	0.0105125	1.03531	0.0341768	
0.0-2.4	13.0-16.0	0.0-100.0	0.000-1.571	0.008	0.081	4391.0	4385.0	3538.54	88.5556	846.926	55.0032	-1.1058	0.200259	-0.05	0.0	0.589663	0.0994402	3.09332	0.000785872	0.0422166	0.00334123	0.0191042	0.00136009	0.03	0.0	1.696	0.0	5.0	0.0	1.718	0.0	0.0346509	0.00158051	2.62966e-05	2.93314e-11	0.37942	0.0167954	0.0297848	0.0145497	-0.01	0.0133005	-0.000474529	0.000767469	2.21078	0.332015	1.00841	0.0260942	0.995736	14.5651	0.944367	0.481202	0.2751	5.5568	0.00241419	31.1219	0.460499	0.343971	0.21813	0.376386	-13867.5	4.0	6.76901	-67690.0	7.0	51.1867	1.0	2129.29	72.1513	1409.25	60.0837	0.398257	0.0137469	1.06404	0.0206046	
0.0-2.4	13.0-30.0	0.0-100.0	0.000-1.571	0.008	0.081	7354.0	7347.0	6706.92	121.399	640.541	65.704	-3.0	0.709402	-0.05	0.0	0.121622	0.00947008	3.09352	0.000638172	0.261004	0.0392202	0.0317506	0.00066383	0.03	0.0	1.696	0.0	5.0	0.0	1.718	0.0	0.0957641	0.00670946	1.00764e-05	1.42678e-08	0.378289	0.0109222	0.0330329	0.0174075	-0.00922003	0.0132591	-0.000173123	0.000562232	2.0516	0.269494	1.00632	0.0203727	1.0	13.1458	0.962865	0.0102373	0.286136	0.0154829	0.00396484	9.8622	0.448205	0.0169532	0.234951	0.0635658	-21615.7	4.0	13.9019	-117260.0	7.0	84.5451	1.0	3600.15	93.6572	3106.77	87.6785	0.463218	0.0100299	1.05748	0.0183156	
0.0-2.4	16.0-30.0	0.0-100.0	0.000-1.571	0.008	0.056	2963.0	2948.0	2409.98	67.728	538.958	38.7308	-1.40942	0.249824	-0.05	0.0	0.154678	0.0898087	3.09372	0.000959457	0.0150777	0.00288868	0.0376224	0.00286446	0.03	0.0	1.696	0.0	5.0	0.0	1.718	0.0	0.0350952	0.00130142	3.3375e-05	9.01575e-05	0.360598	0.0163145	0.109582	0.115936	-0.0012168	0.00405477	3.23405e-05	0.000861559	1.51989	0.290444	0.96808	0.0346342	0.992992	0.0079992	0.999999	0.645564	0.291659	0.0402102	0.210383	0.202766	0.429545	0.0386564	0.243779	7.91957	-7917.12	4.0	8.68931	-40621.4	7.0	34.1063	1.0	1208.15	51.8855	1201.83	51.7694	0.498688	0.0162799	1.04289	0.0468888	
0.0-2.4	6.5-30.0	0.0-100.0	0.000-1.571	0.004	0.224	80232.0	80204.0	68302.0	489.171	11902.7	275.586	-1.10824	0.0663467	-0.05	0.0	0.461929	0.0371735	3.09225	0.00026144	0.0477137	0.00104238	0.0259301	0.000823843	0.03	0.0	1.696	0.0	5.0	0.0	1.718	0.0	0.0375953	0.000523438	1.258e-05	6.33362e-07	0.370475	0.00563164	0.0395513	0.00542533	-0.00065644	0.00248699	0.00041504	0.000252497	2.1898	0.0895116	0.960779	0.00677689	0.982937	0.0636598	0.852377	0.0632291	0.281332	0.0332181	0.0491627	0.0648463	0.428414	0.0154646	0.132744	0.0315384	-489340.0	4.0	348.219	-2675510.0	7.0	29.3559	1.0	50649.4	439.148	17652.6	277.938	0.258449	0.00362391	1.03742	0.00697664	
0.0-2.4	6.5-7.5	0.0-100.0	0.000-1.571	0.008	0.168	25844.0	25826.0	22325.1	374.345	3501.82	223.144	-0.760641	0.166017	-0.05	0.0	0.453782	0.126013	3.09108	0.000638795	0.0499318	0.00209072	0.0284738	0.0031101	0.03	0.0	1.696	0.0	5.0	0.0	1.718	0.0	0.0396763	0.00158508	1.46325e-05	1.04365	0.392594	0.0156412	0.0274931	0.00809829	0.00662081	0.0166341	0.000579391	0.000660547	2.51531	0.251785	0.977811	0.0138185	0.986578	0.0134448	0.669481	0.124422	0.277019	0.125913	0.472928	0.498125	0.412175	0.0314588	0.0666115	0.0197525	-239382.0	4.0	35.9535	-1123720.0	7.0	4491.7	1.0	18009.5	343.364	4315.62	178.726	0.193308	0.00732007	1.0506	0.0146591	
0.0-2.4	6.5-8.0	0.0-100.0	0.000-1.571	0.008	0.168	35530.0	35507.0	30556.2	375.368	4950.87	204.451	-0.871986	0.118872	-0.05	0.0	0.502508	0.0727475	3.09121	0.000482125	0.0486987	0.000964012	0.0269661	0.00209165	0.03	0.0	1.696	0.0	5.0	0.0	1.718	0.0	0.0394144	0.000889946	1.06819e-05	6.35669e-06	0.389815	0.0123521	0.0375559	0.00876698	-0.000429432	0.00619673	0.000761016	0.000522321	2.2911	0.169192	0.962939	0.0112617	0.989163	0.0143193	0.650555	0.0765027	0.264259	0.0778186	0.399949	0.463342	0.42755	0.0261642	0.0758102	0.0155329	-299067.0	4.0	43.6529	-1458000.0	7.0	3161.42	1.0	24411.1	351.563	6145.17	198.416	0.20111	0.00600515	1.04382	0.012489	
0.0-2.4	6.5-8.5	0.0-100.0	0.000-1.571	0.008	0.168	43527.0	43501.0	37393.2	407.077	6109.28	229.429	-0.946315	0.106099	-0.05	0.0	0.484522	0.0711089	3.09134	0.00041786	0.0484826	0.00116911	0.0271619	0.00188799	0.03	0.0	1.696	0.0	5.0	0.0	1.718	0.0	0.0389769	0.000883288	2.38435e-05	5.23465e-06	0.377802	0.0104101	0.0366796	0.00717041	-0.00262645	0.00533113	0.00112949	0.000444752	2.32876	0.146774	0.964736	0.009929	0.999972	7.16497	0.678384	0.129292	0.293695	0.127756	0.00433793	8.67781	0.437003	0.0319902	0.106418	0.0204339	-342516.0	4.0	55.1357	-1709460.0	7.0	341.769	1.0	29717.2	379.183	7675.98	214.712	0.205277	0.00528929	1.04666	0.0107005	
0.0-2.4	7.5-8.5	0.0-100.0	0.000-1.571	0.008	0.136	17682.0	17657.0	15051.4	222.83	2606.21	125.952	-1.2084	0.139206	-0.05	0.0	0.540408	0.0764185	3.09171	0.000546076	0.0463448	0.00194005	0.0248524	0.00180546	0.03	0.0	1.696	0.0	5.0	0.0	1.718	0.0	0.0380075	0.00103623	3.5227e-05	4.17602e-05	0.359317	0.0130927	0.0451238	0.0121541	-0.0072094	0.00561322	0.001755	0.000573031	2.1991	0.182947	0.942979	0.0136739	0.986611	0.0104037	0.605808	0.0910795	0.146153	0.0962847	0.408815	0.209938	0.459825	0.0355091	0.0812784	0.0168625	-103152.0	4.0	0.78685	-485390.0	7.0	17.4761	1.0	11699.6	206.153	3351.79	122.313	0.22269	0.00742756	1.0331	0.0157308	
0.0-2.4	8.0-10.0	0.0-100.0	0.000-1.571	0.008	0.136	24000.0	23982.0	20492.8	256.13	3489.83	160.989	-1.3109	0.112408	-0.05	0.0	0.401045	0.0865197	3.09264	0.00041918	0.046621	0.00306711	0.0269418	0.00114137	0.03	0.0	1.696	0.0	5.0	0.0	1.718	0.0	0.0361447	0.00120197	1.06093e-05	3.63822e-09	0.347812	0.00937161	0.0493876	0.0109542	0.000525422	0.00399226	0.000721679	0.000426249	2.11013	0.137345	0.936623	0.0108849	0.837215	0.0901122	0.865021	0.0401552	0.127984	0.0999399	0.0199967	0.0126075	0.452595	0.0230258	0.160241	0.0367196	-119286.0	4.0	0.625464	-586360.0	7.0	95.3632	1.0	15394.5	229.224	5098.37	139.941	0.248788	0.00607973	1.02657	0.0127222	
0.0-2.4	8.5-9.5	0.0-100.0	0.000-1.571	0.008	0.136	11748.0	11742.0	10059.6	169.604	1682.88	98.2818	-1.24865	0.15972	-0.05	0.0	0.38913	0.0925988	3.09309	0.000572268	0.0455676	0.00364745	0.0266133	0.00112103	0.03	0.0	1.696	0.0	5.0	0.0	1.718	0.0	0.0352229	0.00131086	1.61471e-05	3.66487e-06	0.361399	0.0136249	0.0510208	0.0152692	0.00361757	0.00549739	0.000589684	0.000591015	2.16101	0.191159	0.934784	0.0149627	0.983206	0.205262	0.912382	0.26839	0.241457	0.0486044	0.0540074	0.0742943	0.452128	0.0467231	0.162956	0.254141	-57914.4	4.0	1.41543	-261453.0	7.0	56.1595	1.0	7552.14	153.68	2507.5	95.8772	0.249263	0.00855431	1.0332	0.0184933	
0.0-2.4	9.5-11.0	0.0-100.0	0.000-1.571	0.008	0.128	10542.0	10533.0	8896.5	149.079	1636.5	86.0402	-1.29245	0.154744	-0.05	0.0	0.545487	0.0751035	3.09284	0.000570141	0.0435907	0.00240778	0.0230991	0.000868436	0.03	0.0	1.696	0.0	5.0	0.0	1.718	0.0	0.0357634	0.00108245	4.61932e-05	1.75574e-06	0.366349	0.013282	0.0946533	0.0370468	0.00139483	0.00321146	-0.000642712	0.000575617	1.57638	0.138864	0.914912	0.0163308	0.860446	0.0683564	0.923987	0.0426294	0.115094	0.0760898	0.0275385	0.0113226	0.437852	0.0299098	0.171348	0.0672352	-44011.9	4.0	9.93904	-207632.0	7.0	78.9349	1.0	6373.79	131.852	2522.72	88.1163	0.283563	0.00869038	0.996516	0.019716	
0.4-0.8	6.5-30.0	0.0-100.0	0.000-1.571	0.008	0.073	10805.0	10755.0	9211.66	182.716	1544.46	92.1513	-1.22265	0.190627	-0.05	0.0	0.340787	0.10246	3.0946	0.000494296	0.0290606	0.00153052	0.020715	0.00123158	0.03	0.0	1.696	0.0	5.0	0.0	1.718	0.0	0.0238888	0.000473872	3.62012e-05	2.19645e-10	0.359009	0.0126993	0.0440704	0.0189422	-0.00335026	0.0047604	-0.00066363	0.000683143	1.94023	0.224231	0.983897	0.0206659	0.99999	13.6636	0.858777	0.111146	0.198662	0.0554595	0.111958	32.7759	0.4532	0.0366514	0.111608	0.0364053	-87174.8	4.0	395.031	-342966.0	7.0	90.9146	1.0	6511.33	159.779	2700.33	108.248	0.293143	0.0102118	1.04465	0.0182061	
0.8-1.2	6.5-30.0	0.0-100.0	0.000-1.571	0.008	0.145	14066.0	14062.0	11981.4	187.842	2081.22	100.135	-1.089	0.146738	-0.05	0.0	0.54517	0.0874043	3.09338	0.000542458	0.0351085	0.00160393	0.0288506	0.00191663	0.03	0.0	1.696	0.0	5.0	0.0	1.718	0.0	0.0324123	0.000669034	2.63171e-05	3.12815e-11	0.383053	0.0131211	0.0252228	0.0123352	0.00474538	0.0064379	0.00110562	0.000530065	2.22391	0.299687	1.00338	0.0155375	0.980615	0.051887	0.967709	0.262745	0.347327	0.194068	0.266284	0.445969	0.436538	0.0372189	0.0666149	0.253782	-80255.0	4.0	36.0149	-354335.0	7.0	14.9638	1.0	8907.53	168.676	3073.9	106.17	0.256555	0.00789572	1.05173	0.0157942	
1.2-1.6	6.5-30.0	0.0-100.0	0.000-1.571	0.004	0.152	18022.0	18011.0	15582.0	222.46	2429.9	117.47	-0.855755	0.142813	-0.05	0.0	0.528972	0.072195	3.08924	0.000598334	0.0338531	0.0010946	0.0474284	0.00303845	0.03	0.0	1.696	0.0	5.0	0.0	1.718	0.0	0.0408139	0.000993615	3.02336e-05	2.07313e-10	0.386479	0.0133565	0.0605824	0.0181432	-0.00143211	0.00425656	0.00113772	0.000525633	1.97565	0.161837	0.951986	0.0138742	1.0	8.05216	0.737547	0.00676608	0.277804	0.00426741	0.113937	13.4064	0.493237	0.00552986	0.0957054	0.00257816	-99032.1	4.0	66.0144	-497646.0	7.0	11.4642	1.0	11461.7	202.067	4120.25	132.342	0.264424	0.00760813	1.043	0.0170725	
1.6-2.0	6.5-30.0	0.0-100.0	0.000-1.571	0.004	0.145	18806.0	18791.0	15878.2	236.089	2912.95	139.272	-1.30515	0.139138	-0.05	0.0	0.713866	0.09529	3.09009	0.000694802	0.0493523	0.00148212	0.0374144	0.00394274	0.03	0.0	1.696	0.0	5.0	0.0	1.718	0.0	0.0462522	0.000900809	1.47067e-05	3.70281e-07	0.354153	0.0119007	0.0692177	0.0151298	0.00589367	0.00445577	0.000722233	0.00056438	2.03396	0.13573	0.916136	0.0133811	0.870834	0.0463628	0.965637	0.0821816	0.310555	0.0500583	0.0718958	0.0327129	0.405915	0.0256736	0.233087	0.304373	-101953.0	4.0	1.62874	-523894.0	7.0	1.3285	1.0	12065.2	216.129	3812.92	133.204	0.240136	0.00759138	1.03323	0.0161782	
1.6-2.4	3.0-30.0	0.0-100.0	0.000-1.571	0.004	0.24	127027.0	126813.0	105731.0	2201.34	21083.9	2017.83	-0.409502	0.148768	-0.05	0.0	0.29374	0.38672	3.08904	0.000522739	0.0675274	0.0208006	0.0426458	0.00621102	0.03	0.0	2.059	0.0	5.0	0.0	1.41	0.0	0.051224	0.00442194	1.74679e-05	5.09545e-05	0.41695	0.013799	0.0595191	0.00808293	0.00568574	0.00364107	7.59138e-05	0.000457571	2.03068	0.0819978	0.920179	0.00838531	0.982172	0.0130179	0.604468	0.033394	0.311639	0.0455117	1.10343	1.94902	0.515852	0.0303981	0.0689951	0.0165522	-1715350.0	4.0	4557.23	-11906300.0	7.0	107860.0	1.0	88944.0	1916.21	16787.4	603.976	0.158774	0.00465869	1.02067	0.00884862	
1.6-2.4	3.0-4.5	0.0-100.0	0.000-1.571	0.024	0.24	53825.0	53678.0	44664.5	2691.8	9013.27	2584.79	0.301457	0.368657	-0.05	0.0	0.21414	0.638737	3.08919	0.0010475	0.0822403	0.092838	0.0432433	0.0137965	0.03	0.0	2.04	0.0	5.0	0.0	1.31	0.0	0.0540173	0.0157436	3.3213e-05	6.84293e-05	0.490735	0.0400091	0.152039	0.0491521	0.00785331	0.0161368	-0.000444132	0.00132929	1.5157	0.113301	0.884601	0.0173742	0.95041	0.02335	0.339171	0.679293	0.133631	1.74573	1.49999	1.62252	0.644209	0.0929697	0.0447935	0.0614309	-1173370.0	4.0	1650.38	-7515950.0	7.0	143085.0	1.0	39316.7	2400.72	5347.8	502.746	0.119733	0.00863878	1.0064	0.023501	
1.6-2.4	3.0-5.5	0.0-100.0	0.000-1.571	0.024	0.24	81201.0	81005.0	67105.2	2640.14	13900.8	2502.61	-0.046833	0.278765	-0.05	0.0	0.262619	0.591201	3.08864	0.000781312	0.0712379	0.0445423	0.042523	0.0102542	0.03	0.0	2.04	0.0	5.0	0.0	1.31	0.0	0.0516341	0.00864926	1.33231e-05	0.0273667	0.467973	0.0277414	0.111931	0.0259431	0.00756512	0.0053187	-0.000321912	0.000895404	1.63454	0.0936064	0.934335	0.0124351	0.998025	159.931	0.913023	1.6213	0.63522	6.76713	0.00126425	101.352	0.565456	0.081784	0.651932	0.78296	-1425420.0	4.0	2334.66	-9646340.0	7.0	123564.0	1.0	58619.1	2347.47	8486.12	550.644	0.12646	0.00652525	1.03649	0.0148227	
1.6-2.4	3.0-6.5	0.0-100.0	0.000-1.571	0.016	0.24	99223.0	99016.0	82456.7	1456.9	16560.4	1203.97	-0.177057	0.164348	-0.05	0.0	0.296294	0.264496	3.08892	0.000641288	0.0690561	0.0135459	0.0423942	0.00508934	0.03	0.0	2.04	0.0	5.0	0.0	1.31	0.0	0.0517465	0.00305357	1.16039e-05	1.83434e-07	0.459868	0.0222548	0.0726873	0.0143009	0.00892288	0.0115422	0.000325106	0.000686767	1.85882	0.0987596	0.938959	0.0102151	0.83114	0.142751	0.950908	0.0349928	0.534407	0.0912248	0.0635635	0.0509729	0.530021	0.059012	0.90268	1.73943	-1559940.0	4.0	2583.63	-10682700.0	7.0	101436.0	1.0	71586.6	1346.17	10870.1	499.239	0.131829	0.00558859	1.03378	0.0118057	
1.6-2.4	4.5-5.5	0.0-100.0	0.000-1.571	0.024	0.192	27375.0	27316.0	22683.2	469.441	4633.5	328.755	-0.747044	0.186823	-0.05	0.0	0.346041	0.275556	3.0875	0.000918934	0.0603158	0.00614281	0.0421811	0.00463798	0.03	0.0	2.04	0.0	5.0	0.0	1.31	0.0	0.0492184	0.00184001	3.14986e-05	0.0195276	0.429746	0.034369	0.086383	0.0293212	0.00796526	0.0109084	-0.000579192	0.00105086	1.73086	0.153055	0.928647	0.0156144	0.717518	56.5478	0.878236	6.34644	0.260825	43.4794	0.00295346	0.86363	0.510052	0.0693954	0.139029	0.129323	-262633.0	4.0	1095.36	-1671090.0	7.0	254.737	1.0	19470.3	454.444	3212.88	220.393	0.141641	0.00926341	1.02308	0.0200169	
1.6-2.4	5.5-6.5	0.0-100.0	0.000-1.571	0.024	0.16	18022.0	17993.0	15409.2	296.598	2584.73	187.967	-0.895694	0.183704	-0.05	0.0	0.420004	0.177209	3.09025	0.000943152	0.0645556	0.00588548	0.0422824	0.00362684	0.03	0.0	2.04	0.0	5.0	0.0	1.31	0.0	0.0527945	0.0017302	1.13031e-05	0.0014207	0.432277	0.0279255	0.121122	0.047319	0.00235778	0.00610226	0.000799971	0.000964079	1.59491	0.144361	0.903146	0.0167189	0.856303	0.257362	0.807276	0.494234	0.342533	0.163613	0.0973872	0.0560813	0.507963	0.0782987	0.0683313	0.0380224	-133640.0	4.0	135.464	-737573.0	7.0	8.31929	1.0	12979.4	284.557	2429.8	144.033	0.157685	0.0088407	1.01241	0.0253053	
1.6-2.4	6.5-30.0	0.0-100.0	0.000-1.571	0.008	0.188	27804.0	27793.0	23493.4	302.346	4300.36	182.82	-1.2195	0.118337	-0.05	0.0	0.607429	0.0807098	3.08997	0.000631168	0.0533255	0.0018411	0.040234	0.00202236	0.03	0.0	1.696	0.0	5.0	0.0	1.718	0.0	0.0486083	0.000861835	3.35396e-05	3.48851e-05	0.359919	0.010692	0.0507427	0.00938907	0.00405901	0.004801	-2.10093e-05	0.000496307	2.22561	0.1344	0.918994	0.0114735	0.994473	0.0147383	0.805417	0.055691	0.271073	0.0470387	0.353639	0.603168	0.408688	0.0211139	0.0940991	0.0287365	-156528.0	4.0	1.67649	-867735.0	7.0	10.8336	1.0	17942.3	277.799	5551.06	170.169	0.236282	0.0065741	1.02618	0.0129154	
2.0-2.4	6.5-30.0	0.0-100.0	0.000-1.571	0.008	0.144	8997.0	8982.0	7585.31	190.704	1397.31	120.518	-1.09918	0.232932	-0.05	0.0	0.488234	0.169723	3.08949	0.00134872	0.0617368	0.00454874	0.0456939	0.00381114	0.03	0.0	1.696	0.0	5.0	0.0	1.718	0.0	0.054124	0.00151068	1.00319e-05	1.2166e-09	0.373374	0.0222685	0.0492998	0.0201944	-0.00605931	0.0114916	-0.00145816	0.00104793	1.99796	0.247395	0.902825	0.0228598	1.0	18.0983	0.876426	0.0270794	0.253718	0.0203081	0.101928	21.7333	0.381136	0.0160745	0.115632	0.0199151	-54862.6	4.0	0.164658	-287124.0	7.0	0.68078	1.0	5844.97	176.377	1740.34	106.907	0.229435	0.0128595	0.985751	0.0227273	
