MLAR_TnPAtRD3_4DEff2_RapPtEffMap3_Ratio
rap	pT	cent	dPhi	ctauErrMin	ctauErrMax	NoCutEntry	CutEntry	NSig	NSigErr	NBkg	NBkgErr	coefExp	coefExpErr	coefPol1	coefPol1Err	coeffGaus	coeffGausErr	meanSig1	meanSig1Err	sigmaSig1	sigmaSig1Err	sigmaSig2	sigmaSig2Err	sigmaSig3	sigmaSig3Err	alpha	alphaErr	enne	enneErr	enneW	enneWErr	sigWidth	sigWidthErr	cutx	cutxErr	Gmc	GmcErr	bTau1	bTau1Err	bTau2	bTau2Err	fracRes	fracResErr	meanResSigW	meanResSigWErr	meanResSigN	meanResSigNErr	sigmaResSigW	sigmaResSigWErr	sigmaResSigN	sigmaResSigNErr	fpm	fpmErr	fLiving	fLivingErr	fbkgCtTot	fbkgCtTotErr	lambdam	lambdamErr	lambdap	lambdapErr	lambdasym	lambdasymErr	NLL	nFitPar	EDM	NLLMass	nFitParMass	EDMMass	Prob	PROMPT	PROMPTErr	NON-PROMPT	NON-PROMPTErr	Bfraction	BfractionErr	Resolution	ResolutionErr	
0.0-0.4	6.5-30.0	0.0-100.0	0.000-1.571	0.008	0.105	9088.0	9075.0	7832.91	92.8194	1242.06	44.9831	-1.05354	0.116946	-0.05	0.0	0.418645	0.0695364	3.09367	0.000253726	0.0152955	0.000744208	0.0231461	0.000951033	0.03	0.0	1.696	0.0	5.0	0.0	1.718	0.0	0.0202336	0.000425563	0.0	0.0	0.0	0.0	0.0	0.0	0.0	0.0	0.44677	0.141299	-0.000774749	0.00115443	0.000433245	0.000690657	1.18582	0.0694746	0.872202	0.0186655	1.0	0.130595	0.858498	0.0276274	0.213291	0.0273335	0.143007	72.9059	0.35969	0.0180055	0.216379	0.0409631	-23645.0	3.0	4.44782e-05	-89329.1	7.0	1.4954e-06	1.0	5642.94	82.3283	2189.96	54.5894	0.279585	0.0061314	1024.26	28.9428	
0.0-1.2	6.5-30.0	0.0-100.0	0.000-1.571	0.008	0.145	32325.0	32308.0	27878.2	176.464	4429.86	87.6936	-1.06201	0.0635823	-0.05	0.0	0.379051	0.0416836	3.09367	0.000180733	0.0185472	0.00068766	0.0313343	0.000753222	0.03	0.0	1.696	0.0	5.0	0.0	1.718	0.0	0.0272041	0.000374365	0.0	0.0	0.0	0.0	0.0	0.0	0.0	0.0	0.0390389	0.0103328	-0.00174128	0.00308162	0.000241955	0.000228341	2.01564	0.13992	0.983373	0.00636923	0.987457	0.0129208	0.910911	0.0377077	0.263253	0.0178489	0.289563	0.142659	0.418616	0.0116325	0.141061	8.76922e-11	-76506.7	3.0	2.33714e-08	-351793.0	7.0	2.46343e-05	1.0	20032.2	156.645	7845.99	104.527	0.281438	0.00329918	1043.01	9.74519	
0.0-2.4	10.0-13.0	0.0-100.0	0.000-1.571	0.008	0.145	12379.0	12369.0	10491.0	111.092	1877.92	61.0482	-1.23553	0.0985865	-0.05	0.0	0.465801	0.0423635	3.09335	0.000362973	0.0461474	0.00140085	0.0231365	0.000953082	0.03	0.0	1.696	0.0	5.0	0.0	1.718	0.0	0.035748	0.00065393	0.0	0.0	0.0	0.0	0.0	0.0	0.0	0.0	0.0307555	0.0102492	0.002156	0.00527054	0.000307861	0.000350281	2.23784	0.221634	0.972036	0.0106917	0.970337	0.11396	0.999999	0.00255489	0.234924	0.0879028	0.141117	0.791924	0.401258	0.0144357	0.463889	1.17168	-25735.6	3.0	0.000103378	-120159.0	7.0	0.000158537	1.0	7132.22	95.2302	3358.74	68.042	0.320156	0.00552916	1034.32	13.394	
0.0-2.4	10.0-30.0	0.0-100.0	0.000-1.571	0.008	0.145	19521.0	19509.0	16266.6	139.121	3242.2	79.5571	-1.24975	0.0748381	-0.05	0.0	0.469169	0.0354388	3.09347	0.000288476	0.0452745	0.00112504	0.0228713	0.000781619	0.03	0.0	1.696	0.0	5.0	0.0	1.718	0.0	0.0352047	0.000530072	0.0	0.0	0.0	0.0	0.0	0.0	0.0	0.0	0.0302029	0.00772777	-0.00137981	0.00391645	1.22726e-05	0.000270533	2.28455	0.177331	0.981957	0.00886729	1.0	0.000535056	0.948918	0.0128768	0.251372	0.0154771	1.47276	0.332023	0.423745	0.0121986	0.141108	0.0318204	-38678.4	3.0	3.53784e-05	-197858.0	7.0	8.71375e-05	1.0	10324.3	115.329	5942.34	89.9279	0.365309	0.00456088	1045.35	10.6021	
0.0-2.4	11.0-13.0	0.0-100.0	0.000-1.571	0.008	0.145	6603.0	6600.0	5613.07	81.4902	986.871	44.8769	-1.35651	0.139811	-0.05	0.0	0.35281	0.0478664	3.09364	0.000497914	0.0532329	0.0028079	0.0247422	0.0010413	0.03	0.0	1.696	0.0	5.0	0.0	1.718	0.0	0.0373626	0.0010267	0.0	0.0	0.0	0.0	0.0	0.0	0.0	0.0	0.035575	0.0156752	0.00158392	0.00595811	0.000288591	0.000482619	2.10523	0.269949	0.986521	0.0152851	0.996245	0.060373	0.970583	0.0662384	0.258054	0.0307955	0.140888	5.40227e-09	0.398111	0.0207965	0.140933	0.118351	-13212.1	3.0	2.00896e-06	-59794.8	7.0	1.36733e-05	1.0	3644.22	68.3571	1968.85	51.8711	0.350762	0.00771146	1047.03	17.5791	
0.0-2.4	13.0-16.0	0.0-100.0	0.000-1.571	0.008	0.081	4213.0	4208.0	3406.5	62.8713	801.498	36.7109	-1.10806	0.146783	-0.05	0.0	0.607166	0.0649946	3.09348	0.000602021	0.0410515	0.00166858	0.0184269	0.00178078	0.03	0.0	1.696	0.0	5.0	0.0	1.718	0.0	0.0340088	0.00090728	0.0	0.0	0.0	0.0	0.0	0.0	0.0	0.0	0.0661462	0.04102	-0.00168051	0.0047893	-0.000430721	0.000596963	1.77416	0.264604	0.987348	0.0208418	0.999986	2.33664	0.943385	0.0280074	0.268249	0.00961257	0.143099	2.05271	0.454295	0.00953546	0.214289	0.0303496	-7995.25	3.0	1.28885e-05	-36146.6	7.0	4.93602e-06	1.0	2042.16	51.0518	1364.35	42.6589	0.400513	0.0101084	1057.63	27.2377	
0.0-2.4	13.0-30.0	0.0-100.0	0.000-1.571	0.008	0.081	7141.0	7135.0	5769.25	83.2314	1365.28	50.208	-1.27721	0.114575	-0.05	0.0	0.486811	0.0594699	3.09373	0.000479057	0.0434647	0.00176213	0.0221389	0.00130015	0.03	0.0	1.696	0.0	5.0	0.0	1.718	0.0	0.0342228	0.000844231	0.0	0.0	0.0	0.0	0.0	0.0	0.0	0.0	0.0480882	0.0218371	-0.00242622	0.00419284	-0.000162063	0.000431989	1.94086	0.230379	0.991002	0.0159677	1.0	5.32221	0.96236	0.0194992	0.281264	0.0271314	0.146892	12.3573	0.445189	0.0279808	0.231223	0.112631	-13049.6	3.0	7.36914e-07	-64853.6	7.0	3.59375e-05	1.0	3220.81	64.7907	2548.44	58.2279	0.441728	0.00782646	1056.41	19.0134	
0.0-2.4	16.0-30.0	0.0-100.0	0.000-1.571	0.008	0.056	2928.0	2916.0	2386.07	52.1339	529.927	29.3582	-1.3997	0.185906	-0.05	0.0	0.156973	0.0575298	3.09356	0.000760026	0.0151696	0.00268564	0.0368187	0.00165331	0.03	0.0	1.696	0.0	5.0	0.0	1.718	0.0	0.0343358	0.000888467	0.0	0.0	0.0	0.0	0.0	0.0	0.0	0.0	0.0340288	0.0240391	-0.00317689	0.0069571	0.00040204	0.000626631	2.18001	0.438439	0.987203	0.0252321	1.0	0.0733439	0.985901	0.011744	0.289854	0.0309327	0.140914	0.000324964	0.431028	0.0292104	0.234843	0.192484	-5083.28	3.0	2.65521e-07	-23791.8	7.0	2.2031e-05	1.0	1194.71	39.109	1191.37	39.0604	0.499301	0.0122052	1050.3	28.9523	
0.0-2.4	6.5-30.0	0.0-100.0	0.000-1.571	0.004	0.224	71362.0	71338.0	60795.6	267.816	10542.3	146.431	-1.12066	0.0414024	-0.05	0.0	0.461578	0.0190964	3.09236	0.000160045	0.0468194	0.000592317	0.0254359	0.000409821	0.03	0.0	1.696	0.0	5.0	0.0	1.718	0.0	0.0368803	0.000275516	0.0	0.0	0.0	0.0	0.0	0.0	0.0	0.0	0.0430983	0.00586475	-0.000930869	0.00240021	0.000350124	0.000161778	2.16125	0.0881268	0.957771	0.00419286	0.995919	0.0794338	0.858284	0.00514618	0.288748	0.00789863	0.141628	1.41289	0.427607	0.0036585	0.140965	0.0516929	-150566.0	3.0	6.39541e-09	-816611.0	7.0	2.80122e-06	1.0	44624.6	238.956	16171.0	153.397	0.265989	0.00223459	1038.8	6.86299	
0.0-2.4	6.5-7.5	0.0-100.0	0.000-1.571	0.008	0.168	21514.0	21501.0	18604.7	148.882	2896.47	80.2954	-0.739297	0.078665	-0.05	0.0	0.452663	0.0372237	3.09113	0.000313192	0.0492628	0.00117399	0.0281956	0.000783665	0.03	0.0	1.696	0.0	5.0	0.0	1.718	0.0	0.039162	0.000534719	0.0	0.0	0.0	0.0	0.0	0.0	0.0	0.0	0.0564692	0.0173463	0.0089199	0.0166626	0.000460539	0.000344301	1.98278	0.173627	0.963626	0.00741369	0.999999	0.0134591	0.794527	0.031337	0.406989	0.0223569	0.140912	1.84458e-11	0.417746	0.017034	0.140902	2.95252e-08	-46435.1	3.0	6.74994e-10	-220035.0	7.0	1.04095e-05	1.0	14892.0	138.265	3712.7	76.1448	0.199557	0.00376837	1047.92	15.8367	
0.0-2.4	6.5-8.0	0.0-100.0	0.000-1.571	0.008	0.168	30099.0	30080.0	25911.2	175.19	4168.69	94.5938	-0.859296	0.0655467	-0.05	0.0	0.504516	0.0321767	3.0913	0.000260699	0.0479521	0.000840838	0.0264677	0.000785759	0.03	0.0	1.696	0.0	5.0	0.0	1.718	0.0	0.0388226	0.000442724	0.0	0.0	0.0	0.0	0.0	0.0	0.0	0.0	0.0575665	0.0136708	0.00223244	0.00490816	0.00057569	0.000284019	2.00934	0.138671	0.950901	0.00622083	1.0	0.00456835	0.742549	0.030089	0.306324	0.020478	0.140959	5.37324e-11	0.404907	0.0134923	0.140976	0.01921	-65129.1	3.0	1.6919e-06	-318079.0	7.0	4.01262e-06	1.0	20574.1	162.153	5337.08	90.8038	0.205976	0.00321582	1041.43	13.1224	
0.0-2.4	6.5-8.5	0.0-100.0	0.000-1.571	0.008	0.168	37296.0	37275.0	32068.8	195.168	5206.2	105.957	-0.9465	0.0589427	-0.05	0.0	0.488861	0.0296664	3.09141	0.000231505	0.0476486	0.000773075	0.0265768	0.000701562	0.03	0.0	1.696	0.0	5.0	0.0	1.718	0.0	0.0383528	0.00040253	0.0	0.0	0.0	0.0	0.0	0.0	0.0	0.0	0.0565076	0.0117314	-0.00114815	0.00417186	0.00119462	0.000250742	2.00908	0.120785	0.954316	0.00565803	1.0	2.1768	0.750352	0.044775	0.350919	0.027898	0.141821	11641.0	0.433399	0.0133803	0.143489	0.0199673	-80833.1	3.0	2.36135e-08	-402282.0	7.0	1.23237e-06	1.0	25299.1	179.931	6769.73	101.816	0.2111	0.00290339	1042.76	11.2466	
0.0-2.4	7.5-8.5	0.0-100.0	0.000-1.571	0.008	0.136	15781.0	15759.0	13452.6	125.216	2306.56	67.3277	-1.21798	0.0887105	-0.05	0.0	0.546118	0.0409162	3.09181	0.000341961	0.045475	0.000989345	0.0240247	0.00106326	0.03	0.0	1.696	0.0	5.0	0.0	1.718	0.0	0.0373006	0.000547507	0.0	0.0	0.0	0.0	0.0	0.0	0.0	0.0	0.0553572	0.0153282	-0.00751851	0.00509998	0.00196113	0.000364213	2.03235	0.165504	0.942047	0.008743	0.999999	0.0172087	0.708505	0.0335877	0.270554	0.0230878	0.141687	0.793726	0.44842	0.0195876	0.140949	1.5046e-10	-34416.0	3.0	2.0806e-05	-156709.0	7.0	5.74673e-05	1.0	10411.9	114.53	3040.68	67.2744	0.22603	0.00453677	1032.95	15.4972	
0.0-2.4	8.0-10.0	0.0-100.0	0.000-1.571	0.008	0.136	21741.0	21728.0	18594.7	148.586	3133.54	81.3331	-1.33562	0.0775959	-0.05	0.0	0.405042	0.0396033	3.09269	0.00028179	0.045687	0.00116534	0.0263889	0.000752714	0.03	0.0	1.696	0.0	5.0	0.0	1.718	0.0	0.0354931	0.000520141	0.0	0.0	0.0	0.0	0.0	0.0	0.0	0.0	0.0458891	0.0102194	-0.0026995	0.0043131	0.000730473	0.000289077	2.19478	0.149274	0.940433	0.00738848	0.999999	0.0165769	0.840595	0.0229942	0.233694	0.0197242	0.141226	5.63263e-06	0.452206	0.0143005	0.152625	0.0185212	-47477.8	3.0	2.29864e-06	-223459.0	7.0	0.00016407	1.0	13954.4	133.668	4640.38	82.5133	0.249553	0.00396415	1031.93	12.577	
0.0-2.4	8.5-9.5	0.0-100.0	0.000-1.571	0.008	0.136	10673.0	10668.0	9149.93	103.701	1518.15	55.8767	-1.26092	0.110578	-0.05	0.0	0.386467	0.0544889	3.09326	0.000392448	0.0447604	0.00168417	0.02618	0.000953349	0.03	0.0	1.696	0.0	5.0	0.0	1.718	0.0	0.0345659	0.000704624	0.0	0.0	0.0	0.0	0.0	0.0	0.0	0.0	0.0500628	0.0142661	0.00161968	0.00572458	0.000762858	0.000405696	2.25294	0.202615	0.933231	0.010304	0.999996	0.0263843	0.899852	0.0247885	0.238407	0.0256968	0.143073	0.794616	0.452132	0.0196352	0.148048	0.0315879	-23637.1	3.0	5.79105e-06	-102351.0	7.0	1.25706e-05	1.0	6842.15	93.2912	2307.77	58.0859	0.252218	0.00566824	1039.92	18.6544	
0.0-2.4	9.5-11.0	0.0-100.0	0.000-1.571	0.008	0.128	9647.0	9639.0	8171.46	97.3743	1467.49	52.6687	-1.31319	0.111304	-0.05	0.0	0.542152	0.0489193	3.0928	0.00041568	0.0430479	0.00120799	0.0229009	0.00118222	0.03	0.0	1.696	0.0	5.0	0.0	1.718	0.0	0.0352816	0.000634514	0.0	0.0	0.0	0.0	0.0	0.0	0.0	0.0	0.0230452	0.0104935	-0.00132346	0.00761159	-0.000593995	0.000400581	2.46487	0.337054	0.949882	0.0112721	0.933882	0.0148584	1.0	0.00138438	0.205694	0.0226074	0.140897	1.26283e-10	0.424504	0.0177011	2.08321	5.67953	-20672.0	3.0	8.91237e-08	-91333.4	7.0	2.37089e-06	1.0	5834.51	85.5808	2336.96	57.1462	0.28599	0.00610682	1010.69	17.228	
0.4-0.8	6.5-30.0	0.0-100.0	0.000-1.571	0.008	0.073	10107.0	10069.0	8642.98	98.2223	1425.99	49.3018	-1.1949	0.111296	-0.05	0.0	0.389218	0.0731723	3.09418	0.000306715	0.0196069	0.000935018	0.0271102	0.00122008	0.03	0.0	1.696	0.0	5.0	0.0	1.718	0.0	0.0244648	0.000510336	0.0	0.0	0.0	0.0	0.0	0.0	0.0	0.0	0.076506	0.0434519	-0.00258405	0.00354869	-0.000389445	0.000418717	1.67312	0.203336	0.971566	0.0120585	0.967251	27.0825	0.931757	29.1715	0.217089	0.0708813	0.141532	10.0575	0.446444	1.34425	0.141215	5.50553e-07	-23982.9	3.0	3.38464e-05	-98482.4	7.0	3.49704e-06	1.0	6052.53	85.9023	2590.45	59.2849	0.299717	0.00595388	1042.06	23.6009	
0.8-1.2	6.5-30.0	0.0-100.0	0.000-1.571	0.008	0.145	13129.0	13125.0	11189.2	113.663	1935.85	60.5431	-1.09771	0.0961682	-0.05	0.0	0.544289	0.0568064	3.0934	0.000350625	0.035159	0.000931709	0.0287287	0.00122134	0.03	0.0	1.696	0.0	5.0	0.0	1.718	0.0	0.0323874	0.000411283	0.0	0.0	0.0	0.0	0.0	0.0	0.0	0.0	0.021701	0.00683238	-0.000835981	0.00729644	0.0010077	0.000354543	2.63751	0.286474	0.999105	0.00977722	0.976455	0.0102313	0.999931	0.228552	0.360448	0.0223199	0.231107	0.0773467	0.431358	0.0175503	0.141296	2.73501	-29526.9	3.0	9.8422e-05	-129170.0	7.0	4.39705e-06	1.0	8228.37	101.367	2960.79	64.7545	0.264612	0.00512513	1061.84	13.1044	
1.2-1.6	6.5-30.0	0.0-100.0	0.000-1.571	0.004	0.152	16005.0	15996.0	13854.4	129.061	2141.36	70.316	-0.895865	0.0959064	-0.05	0.0	0.535523	0.0590279	3.08936	0.000382563	0.0339034	0.000916037	0.0475744	0.00201337	0.03	0.0	1.696	0.0	5.0	0.0	1.718	0.0	0.0408266	0.000707435	0.0	0.0	0.0	0.0	0.0	0.0	0.0	0.0	0.0606589	0.0149845	-0.000791808	0.00423917	0.00772252	0.0217689	1.99894	0.146766	0.963156	0.0806205	0.999922	0.15629	0.808322	0.0858081	0.323891	0.0631144	0.14144	2.42172e-07	0.47989	0.0475327	0.140945	2.5511e-09	-32840.7	3.0	7584700.0	-158595.0	7.0	1.57732e-05	1.0	10390.8	162.9	3463.6	134.938	0.25	0.00945717	1055.36	37.2005	
1.6-2.0	6.5-30.0	0.0-100.0	0.000-1.571	0.004	0.145	16129.0	16117.0	13752.8	131.796	2364.16	77.338	-1.34712	0.0985187	-0.05	0.0	0.753855	0.0633957	3.08951	0.000438508	0.0420152	0.000875164	0.0635655	0.00515167	0.03	0.0	1.696	0.0	5.0	0.0	1.718	0.0	0.0482216	0.00115774	0.0	0.0	0.0	0.0	0.0	0.0	0.0	0.0	0.0501204	0.0105066	0.00447381	0.00580861	0.000829523	0.00036022	2.34179	0.172123	0.929254	0.00848901	0.998876	413923.0	0.835647	18547.5	0.333462	4117.5	0.140888	622752.0	0.421918	384.867	0.14094	1778.12	-31535.6	3.0	3.93888e-06	-158019.0	7.0	2.55004e-05	1.0	10405.7	118.489	3347.15	71.5865	0.243379	0.00465344	1046.47	15.5078	
1.6-2.4	3.0-30.0	0.0-100.0	0.000-1.571	0.004	0.24	90352.0	90220.0	75351.8	319.761	14868.0	204.351	-0.35611	0.0356219	-0.05	0.0	0.347443	0.0363887	3.08911	0.000201492	0.0638874	0.00156922	0.0414595	0.000640019	0.03	0.0	2.059	0.0	5.0	0.0	1.41	0.0	0.0503964	0.000575189	0.0	0.0	0.0	0.0	0.0	0.0	0.0	0.0	0.048199	0.00677046	0.00323956	0.0047584	0.00049033	0.00840459	2.28286	0.107063	0.877053	0.489806	0.817944	0.0	0.9999	0.0	0.604322	0.0	0.0846182	0.0	0.4172	0.0	0.483258	0.0	-1e+30	3.0	0.0	-1031620.0	7.0	0.000273775	1.0	69850.6	27457.4	5501.21	27455.8	0.073007	0.364368	991.631	206.39	
1.6-2.4	3.0-4.5	0.0-100.0	0.000-1.571	0.024	0.24	35434.0	35351.0	29362.5	208.019	5988.55	141.027	0.504917	0.0583018	-0.05	0.0	0.303222	0.0438037	3.08909	0.000327309	0.071464	0.00339551	0.0406968	0.000907437	0.03	0.0	2.04	0.0	5.0	0.0	1.31	0.0	0.0519866	0.00104425	0.0	0.0	0.0	0.0	0.0	0.0	0.0	0.0	0.0920982	0.0334626	-0.00295184	0.0134997	0.00137858	0.000415055	1.7428	0.171363	0.891957	0.00529139	1.0	0.00617769	0.547369	0.0364639	0.468088	0.0255685	0.140966	8.14436e-08	0.589335	0.023863	0.145869	0.0129642	-60240.4	3.0	3.16276e-06	-370065.0	7.0	0.000278483	1.0	25575.8	199.937	3786.72	88.6786	0.128964	0.00287861	1001.02	23.3305	
1.6-2.4	3.0-5.5	0.0-100.0	0.000-1.571	0.024	0.24	53895.0	53778.0	44566.0	250.788	9212.71	165.957	0.0972913	0.0462752	-0.05	0.0	0.335378	0.0414663	3.08869	0.00026437	0.0657854	0.00217399	0.0408817	0.0007708	0.03	0.0	2.04	0.0	5.0	0.0	1.31	0.0	0.0506184	0.000750493	0.0	0.0	0.0	0.0	0.0	0.0	0.0	0.0	0.0947176	0.0252455	-0.00210053	0.00695986	0.000555195	0.000322152	1.7053	0.119034	0.892237	0.00437234	1.0	0.00367466	0.616066	0.0282626	0.400428	0.0203778	0.141041	1.69776e-09	0.539952	0.0152198	0.140892	0.0108611	-92241.3	3.0	4.11729e-05	-585931.0	7.0	6.48022e-05	1.0	38533.8	240.734	6032.22	109.93	0.135355	0.00234613	998.062	16.5611	
1.6-2.4	3.0-6.5	0.0-100.0	0.000-1.571	0.016	0.24	67321.0	67195.0	56018.3	294.377	11176.9	204.196	-0.0629353	0.0425129	-0.05	0.0	0.355838	0.0448875	3.08899	0.000237827	0.0651708	0.00228845	0.0410046	0.000731668	0.03	0.0	2.04	0.0	5.0	0.0	1.31	0.0	0.0509353	0.000791799	0.0	0.0	0.0	0.0	0.0	0.0	0.0	0.0	0.0545752	0.0111807	0.00463949	0.00732318	0.000329606	0.00026737	2.11806	0.135123	0.916649	0.00383126	1.0	0.233623	0.64424	0.0180694	0.409013	0.0114521	0.141028	11649.4	0.53499	0.0128562	0.140917	1.90761e-09	-117176.0	3.0	6.492e-05	-747572.0	7.0	0.000151248	1.0	48182.8	279.334	7835.49	124.949	0.139874	0.00210591	1019.42	12.6995	
1.6-2.4	4.5-5.5	0.0-100.0	0.000-1.571	0.024	0.192	18461.0	18420.0	15334.5	143.863	3085.36	91.9106	-0.69021	0.0804119	-0.05	0.0	0.368059	0.0849442	3.0879	0.000447898	0.0593333	0.00259502	0.042225	0.00135814	0.03	0.0	2.04	0.0	5.0	0.0	1.31	0.0	0.0492184	0.00101439	0.0	0.0	0.0	0.0	0.0	0.0	0.0	0.0	0.103514	0.0420907	-0.000476917	0.00793976	-0.000328294	0.000514185	1.6297	0.164957	0.899907	0.00779247	0.935249	3.00698	0.861117	20.0747	0.335284	2.96624	0.140896	1.15814e-09	0.474233	1.25088	0.140984	5.41512	-32195.1	3.0	1.37638e-05	-181344.0	7.0	8.83673e-05	1.0	13043.6	137.162	2290.9	65.5801	0.149395	0.00404044	1000.46	24.0894	
1.6-2.4	5.5-6.5	0.0-100.0	0.000-1.571	0.024	0.16	13426.0	13405.0	11490.2	124.584	1914.96	77.0871	-0.844386	0.103374	-0.05	0.0	0.408497	0.093314	3.09027	0.000531408	0.0643818	0.00322347	0.0420786	0.00192235	0.03	0.0	2.04	0.0	5.0	0.0	1.31	0.0	0.0523502	0.00140855	0.0	0.0	0.0	0.0	0.0	0.0	0.0	0.0	0.163974	0.0525224	0.00159916	0.00563014	0.000525213	0.000548572	1.56105	0.126401	0.875264	0.00963353	0.855033	0.00769815	0.999945	8.37749	0.439077	0.0054722	0.140904	3.79057e-11	0.485549	0.00451227	0.140991	48.2195	-25016.5	3.0	1.91489e-05	-127984.0	7.0	5.18669e-05	1.0	9608.89	117.215	1881.27	57.4509	0.163728	0.00467424	1019.83	26.9507	
1.6-2.4	6.5-30.0	0.0-100.0	0.000-1.571	0.008	0.188	23030.0	23021.0	19484.1	157.578	3536.85	94.2476	-1.22609	0.0764206	-0.05	0.0	0.616649	0.0531578	3.08996	0.000392752	0.052667	0.000977819	0.0398102	0.00163556	0.03	0.0	1.696	0.0	5.0	0.0	1.718	0.0	0.0481458	0.000532602	0.0	0.0	0.0	0.0	0.0	0.0	0.0	0.0	0.0446101	0.00857781	0.00265167	0.00592245	0.000236961	0.000310843	2.45063	0.167161	0.923818	0.00716614	0.999982	0.971843	0.847707	0.00533001	0.307195	0.0040302	0.141048	1.43632	0.409621	0.00353732	0.140925	0.00480668	-43488.8	3.0	4.16076e-06	-232897.0	7.0	8.07046e-06	1.0	14827.3	142.28	4656.81	85.3363	0.239006	0.00393017	1040.81	14.1064	
2.0-2.4	6.5-30.0	0.0-100.0	0.000-1.571	0.008	0.144	6900.0	6889.0	5817.63	86.5983	1071.37	52.4219	-1.08697	0.142225	-0.05	0.0	0.497034	0.0937649	3.08938	0.000808155	0.0611014	0.00240021	0.045325	0.00237315	0.03	0.0	1.696	0.0	5.0	0.0	1.718	0.0	0.0537484	0.00111773	0.0	0.0	0.0	0.0	0.0	0.0	0.0	0.0	0.0274908	0.012152	-0.01	0.0156797	-0.00134205	0.00061774	3.13309	0.601028	0.916966	0.0134928	1.0	5719.34	0.896207	20.4598	0.264634	3.58663	0.141283	15121.7	0.386637	0.129995	0.140964	1.74246	-12014.8	3.0	1.83232e-05	-60737.3	7.0	3.87519e-06	1.0	4466.18	79.0016	1351.45	47.1825	0.232303	0.00733614	1042.87	36.5094	
