rap0.0-1.2_pT6.5-30.0_cent0.0-100.0
13406.6
3680.27 3448.83 3359.5 2911.52
65.972 63.8658 63.0154 58.9365
7930.23
2005.74 2113.14 1952.5 1855.41
51.7477 52.3759 50.6354 49.167
9282.47
2439.99 2359.04 2236.89 2127.47
56.0993 55.557 53.78 53.0602
4124.12
1240.28 1089.79 1122.61 784.054
41.5734 39.8178 39.6889 34.8233
0.307619
0.337007 0.315987 0.334161 0.269294
0.00954518 0.0099526 0.0100141 0.0106461
rap0.0-1.2_pT6.5-30.0_cent10.0-60.0
8730.16
2305.51 2338.62 2165.15 1907.07
51.8517 51.9853 50.101 47.1341
4185.89
1122.26 1108.33 966.835 985.849
38.8018 38.3683 36.2194 36.0612
6015.07
1549.12 1645.34 1402.0 1332.04
44.539 45.7075 42.1251 41.4155
2715.09
756.392 693.287 763.143 575.037
32.5465 31.4485 32.154 28.8685
0.311001
0.32808 0.296451 0.352467 0.301529
0.012035 0.0117221 0.0124106 0.0131761
rap0.0-2.4_pT10.0-13.0_cent0.0-100.0
5004.59
1257.91 1320.49 1237.97 1184.65
38.2514 38.8819 37.943 37.3256
1733.3
426.062 417.505 432.033 434.353
25.1266 24.6732 25.1755 25.3559
3409.13
862.826 872.62 867.328 809.673
33.2947 32.9604 32.8 33.0757
1595.46
395.085 447.869 370.641 374.98
23.7586 24.497 22.321 24.1409
0.318799
0.31408 0.339169 0.299394 0.316532
0.0162946 0.0156339 0.0155206 0.0177708
rap0.0-2.4_pT10.0-13.0_cent10.0-60.0
3324.93
832.34 884.403 851.84 737.099
31.1234 31.6092 31.1168 29.3145
1033.15
268.666 229.596 251.167 266.912
20.1247 18.5565 19.1728 19.7273
2145.18
561.773 538.952 565.01 462.128
27.0391 25.8035 26.6352 25.4549
1179.75
270.567 345.451 286.829 274.971
19.8044 21.1474 19.8302 20.7305
0.354819
0.325068 0.390603 0.336718 0.373045
0.0204546 0.0194131 0.0197645 0.0238931
rap0.0-2.4_pT10.0-30.0_cent0.0-100.0
7799.1
2058.7 1988.75 1871.94 1878.1
48.8868 47.9981 46.4794 46.8405
2609.88
658.24 673.15 640.068 620.892
31.4549 31.4341 30.4724 30.608
5087.79
1314.06 1324.75 1280.75 1190.16
40.769 40.9629 39.8272 40.6859
2711.32
744.643 664.006 591.18 687.948
31.6399 30.2084 28.1139 32.6902
0.347645
0.361705 0.333881 0.315812 0.366299
0.0127447 0.012876 0.012809 0.0148158
rap0.0-2.4_pT10.0-30.0_cent10.0-60.0
5173.15
1368.08 1311.21 1257.89 1225.2
39.7248 38.7575 37.8391 37.6486
1572.94
396.935 383.815 389.109 386.789
24.6353 23.9728 23.7286 24.0623
3322.29
865.908 831.248 871.019 786.533
32.8617 32.1195 32.7427 32.2253
1850.86
502.173 479.965 386.875 438.664
25.6969 25.0844 22.8256 25.2195
0.357783
0.367064 0.366047 0.307558 0.358035
0.0154663 0.015777 0.0156102 0.0173971
rap0.0-2.4_pT13.0-30.0_cent0.0-100.0
2802.11
807.513 667.762 620.574 690.472
30.501 28.1541 26.5817 28.1803
869.022
218.499 249.187 207.427 182.537
18.4744 19.34 17.1308 16.9172
1688.66
441.382 449.618 393.01 389.169
23.6862 24.3884 22.3634 23.1713
1113.45
366.131 218.144 227.565 301.303
21.7793 17.8893 17.6564 20.8771
0.397361
0.453405 0.326679 0.3667 0.436373
0.0208359 0.022978 0.023723 0.0244342
rap0.0-2.4_pT13.0-30.0_cent10.0-60.0
1843.38
536.208 424.126 394.2 477.466
24.5772 22.3839 21.1577 23.3698
538.657
122.761 154.814 133.801 119.545
13.8043 15.2226 13.6838 13.7204
1151.06
298.363 280.058 256.597 257.937
18.98 19.1286 17.6986 18.532
692.316
237.845 144.068 137.603 219.529
17.0899 14.3267 13.3458 17.3061
0.375569
0.443568 0.339683 0.349069 0.459779
0.0245451 0.0286296 0.0281989 0.0284134
rap0.0-2.4_pT6.5-10.0_cent0.0-100.0
20744.2
5609.42 5267.35 5210.69 4650.32
86.4898 83.6596 82.5125 77.8516
19474.7
5581.49 5280.46 4518.3 4165.41
86.3275 83.7377 78.2043 74.6747
15883.5
4257.45 3984.38 3885.02 3588.95
79.0181 76.5705 73.9001 72.5351
4860.65
1351.96 1282.97 1325.67 1061.37
48.6746 47.682 46.0126 44.3518
0.234314
0.241016 0.24357 0.254413 0.228236
0.00784128 0.00818411 0.00785785 0.00873852
rap0.0-2.4_pT6.5-10.0_cent10.0-60.0
13297.1
3606.52 3462.39 3243.23 2988.0
68.1844 66.2857 64.0113 61.3082
9950.95
3047.41 2666.48 2172.68 2052.94
63.9531 59.9814 55.0179 53.1376
10122.5
2707.15 2731.15 2395.36 2237.75
61.9616 61.9969 57.0127 56.1328
3174.58
899.371 731.238 847.869 750.244
38.8441 36.1347 35.9912 35.7731
0.238743
0.249373 0.211195 0.261428 0.251086
0.00968381 0.00962132 0.00982485 0.0108071
rap0.0-2.4_pT6.5-30.0_cent0.0-10.0
9002.94
2411.06 2224.04 2317.19 2053.38
57.3299 55.6218 55.6611 52.516
10535.3
2778.14 2888.24 2534.79 2346.71
60.4464 61.3006 57.5826 55.2393
6583.17
1734.49 1497.26 1711.42 1609.68
50.5708 48.5415 50.4076 49.5417
2419.78
676.571 726.776 605.775 443.699
33.3957 35.8396 32.5982 29.8048
0.268776
0.280612 0.326782 0.261426 0.216082
0.012138 0.0138885 0.0125886 0.0134217
rap0.0-2.4_pT6.5-30.0_cent0.0-100.0
28283.4
7603.38 7196.2 7015.31 6471.33
98.6151 95.7895 94.0819 90.2614
22426.5
6310.62 6015.66 5227.76 4855.36
91.827 89.4173 84.047 80.8192
20869.9
5490.62 5239.9 5130.26 4796.36
87.6184 86.0513 83.7091 82.3164
7413.51
2112.76 1956.3 1885.05 1674.97
57.9362 56.7275 53.9689 53.3507
0.262116
0.277871 0.271852 0.268705 0.258829
0.00671363 0.00700334 0.00679682 0.0074117
rap0.0-2.4_pT6.5-30.0_cent10.0-20.0
6603.73
1811.29 1643.82 1665.11 1485.01
48.4864 46.0433 46.0997 43.5413
5611.27
1607.71 1433.07 1358.77 1181.98
46.3397 43.695 42.6474 39.9104
4668.8
1207.39 1234.95 1169.65 1007.06
42.201 41.7074 40.0087 37.9431
1934.93
603.899 408.868 495.459 477.943
31.5853 25.9641 27.2071 27.6437
0.293006
0.333409 0.24873 0.297554 0.321846
0.0149809 0.0141754 0.0141108 0.016046
rap0.0-2.4_pT6.5-30.0_cent10.0-30.0
11733.7
3224.72 2965.23 2885.77 2656.96
64.0944 61.0724 60.2441 57.7563
8867.28
2590.23 2321.73 2032.22 1912.96
58.9376 55.5544 52.686 50.9099
8401.21
2231.66 2171.39 2027.97 1898.94
56.0931 55.2777 52.0616 51.2644
3332.53
993.065 793.847 857.801 758.018
39.6049 36.3714 35.1955 34.5776
0.284012
0.307954 0.267718 0.297252 0.285295
0.0106477 0.0109567 0.0104995 0.0114413
rap0.0-2.4_pT6.5-30.0_cent10.0-60.0
18315.1
4930.0 4732.48 4463.9 4190.75
78.3306 76.2397 73.9111 71.6241
11681.0
3493.98 3093.31 2601.01 2483.93
68.5548 64.6036 60.0026 58.5086
13428.0
3541.37 3560.44 3228.8 3026.84
69.8201 69.6839 65.2644 64.0095
4887.15
1388.62 1172.04 1235.1 1163.91
46.8574 43.845 42.6567 42.6234
0.266837
0.281668 0.247659 0.276687 0.277733
0.00838499 0.00836159 0.00838617 0.00899526
rap0.0-2.4_pT6.5-30.0_cent20.0-30.0
5127.65
1413.68 1324.78 1222.49 1168.75
41.8959 40.0511 38.7177 37.8856
3242.27
976.306 850.227 667.502 723.24
36.3028 33.6091 30.7267 31.4615
3720.33
1028.75 926.679 837.529 883.622
36.9987 36.3311 32.7062 34.2776
1407.32
384.934 398.098 384.961 285.13
23.8647 26.0753 22.6879 20.9751
0.274458
0.272292 0.300502 0.314899 0.243961
0.0148276 0.0174607 0.0156513 0.0161103
rap0.0-2.4_pT6.5-30.0_cent30.0-60.0
6568.91
1700.02 1770.6 1570.98 1520.23
44.9173 45.5492 42.6464 42.0806
2822.71
901.927 767.39 572.003 570.769
34.9227 32.7344 28.6328 28.6586
4890.57
1290.63 1342.02 1175.91 1064.62
41.4006 42.0877 39.0335 37.8541
1678.34
409.392 428.579 395.065 455.606
25.849 26.477 24.8923 26.8988
0.255498
0.240816 0.242053 0.251477 0.299696
0.0138098 0.0135956 0.0142991 0.0156287
rap0.0-2.4_pT6.5-8.0_cent0.0-100.0
11763.8
3209.11 2861.74 3028.76 2665.16
67.2212 63.8562 64.0917 60.3684
14527.4
4170.95 3976.55 3315.23 3042.84
74.0297 72.0568 66.2884 63.4191
9363.23
2502.84 2292.57 2380.02 2127.29
61.5092 60.8421 59.6902 56.734
2400.57
706.27 569.174 648.735 537.87
35.4072 35.3007 34.8548 32.3322
0.204064
0.220083 0.198891 0.214192 0.201815
0.010024 0.0115094 0.0105778 0.0112372
rap0.0-2.4_pT6.5-8.0_cent10.0-60.0
7542.25
2037.44 1944.81 1847.36 1712.09
52.4727 50.8106 48.8368 47.3692
7194.13
2232.7 1900.08 1535.64 1513.89
54.3011 50.3686 45.5334 45.229
5868.58
1545.35 1547.11 1453.61 1296.28
48.1184 48.9401 45.9799 43.3513
1673.67
492.099 397.704 393.752 415.802
29.8669 29.4841 27.3098 26.933
0.221906
0.241527 0.204495 0.213143 0.242862
0.0132738 0.0141878 0.0136672 0.0142238
rap0.0-2.4_pT8.0-10.0_cent0.0-100.0
8939.77
2391.49 2395.26 2183.96 1977.59
54.1384 53.6695 51.8083 48.9662
5063.7
1407.47 1291.61 1200.04 1128.3
44.1253 42.1534 41.2332 39.3519
6411.43
1708.93 1711.08 1504.79 1463.67
49.2572 49.0171 44.1682 45.7001
2528.35
682.568 684.18 679.164 513.918
34.1817 34.1728 30.5961 30.6102
0.28282
0.285415 0.28564 0.310979 0.25987
0.0127493 0.0127507 0.0119098 0.0140777
rap0.0-2.4_pT8.0-10.0_cent10.0-60.0
5732.79
1560.39 1507.79 1402.07 1267.8
43.3066 42.3161 41.2525 38.6504
2776.17
817.607 769.168 625.901 545.175
33.6554 32.4348 30.4248 27.7727
4143.32
1134.08 1125.67 918.417 914.044
40.0496 38.3987 34.1156 34.9704
1589.47
426.311 382.126 483.65 353.757
27.446 24.3194 25.2225 23.7222
0.27726
0.273207 0.253434 0.344955 0.279032
0.0158709 0.0144762 0.014853 0.0166658
rap1.2-1.6_pT6.5-30.0_cent0.0-100.0
6382.68
1725.95 1641.07 1544.99 1465.71
47.4214 46.7827 44.63 43.2655
6008.43
1646.01 1729.94 1346.01 1278.16
46.571 47.7231 42.3419 41.0418
4733.74
1308.6 1161.87 1189.38 1072.01
43.5644 42.5313 40.7699 39.4329
1648.94
417.346 479.194 355.61 393.704
27.1407 29.9742 24.2337 26.2425
0.258346
0.241807 0.292002 0.23017 0.268609
0.0142527 0.0162579 0.0142065 0.0160528
rap1.2-1.6_pT6.5-30.0_cent10.0-60.0
4091.08
1160.38 1004.32 955.137 960.846
38.2938 35.932 34.3458 34.1633
3008.01
941.602 879.596 623.763 544.112
35.3221 34.1524 29.1261 27.3938
3122.94
879.905 747.517 772.656 682.836
35.1144 33.8197 32.723 30.5503
968.138
280.478 256.8 182.482 278.009
21.8061 22.6479 18.4907 21.0138
0.236646
0.241712 0.255696 0.191053 0.289338
0.0170152 0.0206117 0.0180993 0.0192994
rap1.2-2.4_pT6.5-30.0_cent0.0-100.0
14965.4
3930.72 3759.7 3671.45 3599.08
73.7592 71.6847 70.1673 68.6043
14291.6
4292.89 3888.37 3254.56 2956.7
76.1734 72.5769 67.1313 63.7496
11459.2
3050.61 2831.09 2928.51 2707.24
68.6444 66.4211 65.4939 63.1767
3506.19
880.116 928.611 742.938 891.843
41.3272 42.5615 36.8589 40.2155
0.234286
0.223907 0.246991 0.202356 0.247797
0.00963787 0.0102945 0.00926456 0.0101264
rap1.2-2.4_pT6.5-30.0_cent10.0-60.0
9622.06
2630.24 2397.69 2289.31 2309.17
58.9738 55.9335 54.3577 54.0551
7452.37
2360.58 1978.0 1636.4 1466.7
56.64 52.0491 47.9766 45.6022
7313.86
2006.86 1843.45 1806.89 1682.64
54.6437 53.6159 51.0055 48.9809
2308.2
623.388 554.242 482.42 626.535
34.0089 34.5324 29.8679 32.6002
0.239886
0.237008 0.231156 0.210727 0.271324
0.0117875 0.0133548 0.0120491 0.0126083
rap1.6-2.4_pT3.0-6.5_cent0.0-100.0
43875.5
11905.6 11084.3 10322.5 10580.4
181.827 179.256 173.388 172.04
242673.0
63909.2 61866.3 60157.6 56709.6
291.518 287.812 282.524 275.053
38165.0
10409.0 9348.27 8908.67 9057.55
179.63 177.287 175.678 168.516
5710.48
1496.59 1735.99 1413.83 1522.82
86.7043 96.7631 95.0522 85.5561
0.130152
0.125704 0.156618 0.136966 0.143929
0.00702505 0.00835426 0.00891622 0.00774023
rap1.6-2.4_pT3.0-6.5_cent10.0-60.0
26079.7
7394.16 5927.38 6404.4 6368.25
132.104 124.937 123.251 122.286
101860.0
28023.9 27010.6 24031.6 22756.7
195.067 191.466 181.086 176.968
22258.8
6765.73 4758.66 5101.19 5498.57
132.149 117.798 125.445 118.293
3820.92
628.431 1168.72 1303.21 869.674
54.5739 66.502 82.0237 55.89
0.146509
0.0849901 0.197173 0.203486 0.136564
0.00722278 0.0104213 0.012194 0.00837542
rap1.6-2.4_pT6.5-30.0_cent0.0-100.0
8584.32
2206.7 2111.73 2135.37 2132.09
56.566 54.1619 54.1816 53.0933
8371.38
2642.45 2163.31 1896.21 1665.64
60.2957 54.6369 51.9273 48.5006
6748.47
1738.73 1644.35 1717.38 1627.82
53.2123 50.9427 51.4006 49.3241
1835.86
467.972 467.375 417.988 504.269
31.4476 30.9864 29.2515 30.7796
0.213862
0.212069 0.221323 0.195745 0.236514
0.0131734 0.013531 0.0127664 0.0131803
rap1.6-2.4_pT6.5-30.0_cent10.0-60.0
5530.94
1469.54 1384.99 1337.16 1338.68
44.8437 42.6407 42.1478 41.6914
4436.26
1417.32 1094.73 1006.59 911.271
44.2579 39.0914 38.0244 36.2049
4150.36
1129.96 1082.29 1012.27 978.887
42.2781 41.7936 39.2341 38.1068
1380.58
339.585 302.7 324.895 359.794
26.5682 26.8933 25.0225 25.4614
0.24961
0.231082 0.218557 0.242973 0.268768
0.0166473 0.0182145 0.0170742 0.0170789
