0		0.340851	0.358994	0.811467	1.184977
0.2		0.341356	0.359477	0.810965	1.179863
0.4		0.342965	0.361043	0.810319	1.165561
0.6		0.345475	0.363348	0.809429	1.142081
0.8		0.349136	0.366796	0.807329	1.108634
1		0.353936	0.371145	0.804103	1.066107
1.2		0.35955		0.376106	0.799047	1.015036
1.4		0.366035	0.381678	0.791615	0.956684
1.6		0.373572	0.387969	0.78139		0.892946
1.8		0.381399	0.394159	0.767907	0.82588
2		0.389686	0.400375	0.746724	0.774221
2.2		0.397238	0.405465	0.68182		0.737693
2.4		0.404513	0.410292	0.620169	0.710651
2.6		0.41001		0.41313		0.562618	0.680207
2.8		0.412803	0.41498		0.509052	0.648076
3		0.411143	0.41772		0.458881	0.615959
3.2		0.406517	0.417588	0.414856	0.583091
3.4		0.399498	0.415434	0.376164	0.549551
3.6		0.389223	0.409688	0.34302		0.516606
3.8		0.375804	0.400535	0.314411	0.484308
4		0.361251	0.39063		0.289799	0.453184
4.2		0.343511	0.376293	0.268748	0.423655
4.4		0.324586	0.361042	0.251138	0.396588
4.6		0.30485		0.344339	0.236137	0.371644
4.8		0.28348		0.324985	0.222587	0.347988
5		0.262271	0.305798	0.211447	0.327271
5.2		0.242039	0.28708		0.202533	0.309591
5.4		0.221239	0.266836	0.194118	0.292948
5.6		0.201065	0.247397	0.187612	0.279335
5.8		0.183132	0.229688	0.181736	0.267028
6		0.166575	0.213454	0.177304	0.257265
6.2		0.15068		0.196541	0.173788	0.249196
6.4		0.137216	0.183393	0.169356	0.240448
6.6		0.123803	0.169358	0.166999	0.234882
6.8		0.11274		0.157733	0.164693	0.229755
7		0.102998	0.147374	0.162865	0.225549
7.2		0.095142	0.139438	0.162783	0.224061
7.4		0.087755	0.130985	0.161879	0.221579
7.6		0.082176	0.12576		0.161999	0.220741
7.8		0.078274	0.122345	0.161306	0.218843
8		0.074896	0.119472	0.161842	0.218762
8.2		0.071209	0.115426	0.162433	0.218741
8.4		0.068787	0.113016	0.16247		0.217977
8.6		0.066332	0.110169	0.163516	0.218636
8.8		0.065145	0.109254	0.164119	0.218715
9		0.064374	0.108546	0.165265	0.21947
9.2		0.064389	0.108968	0.166249	0.220015
9.4		0.064468	0.10944		0.168171	0.221837
9.6		0.064178	0.109297	0.16955		0.222892
9.8		0.065074	0.110966	0.171151	0.224276
10		0.065151	0.111238	0.172873	0.225744
10.2		0.066453	0.113359	0.174962	0.227698
10.4		0.067093	0.114671	0.17656		0.229004
10.6		0.068404	0.116784	0.177429	0.22926
10.8		0.069125	0.118023	0.179462	0.231075
11		0.07068		0.120329	0.181542	0.232928
11.2		0.071009	0.120904	0.182965	0.233876
11.4		0.072036	0.122143	0.18423		0.234619
11.6	 	0.073452	0.124129	0.186338	0.236457
11.8		0.075031	0.126341	0.188481	0.238325
12		0.076473	0.12833		0.190066	0.23945
12.2		0.077896	0.130142	0.190263	0.238788
12.4		0.078319	0.130467	0.191848	0.239899
12.6		0.078859	0.131368	0.193795	0.241491
12.8		0.080184	0.133124	0.195917	0.243285
13		0.081793	0.135302	0.197452	0.24433
13.2		0.083259	0.137281	0.199656	0.246228
13.4		0.08388		0.137756	0.201133	0.247167
13.6		0.084297	0.138189	0.20281		0.248403
13.8		0.085633	0.139781	0.204557	0.249712
14		0.086743	0.14136		0.206461	0.251238
14.2		0.08759		0.142278	0.208194	0.252519
14.4		0.08906		0.144221	0.210236	0.254214
14.6		0.090539	0.146152	0.211961	0.255509
14.8		0.091843	0.147902	0.214078	0.257303
15		0.093211	0.149713	0.216247	0.25916
15.2		0.094519	0.151378	0.218349	0.260932
15.4		0.09603		0.153306	0.22055		0.262823
15.6		0.097029	0.154482	0.222549	0.264459
15.8		0.098451	0.156298	0.224652	0.266241
16		0.099909	0.158169	0.22679		0.268065
16.2		0.101366	0.160012	0.228932	0.269892
16.4		0.10276		0.161812	0.230512	0.271077
16.6		0.104213	0.163607	0.231976	0.272106
16.8		0.105728	0.165511	0.23416		0.273998
17		0.106804	0.166974	0.236271	0.275814
17.2		0.108229	0.168758	0.238503	0.27777
17.4		0.1097		0.17059		0.24075		0.279745
17.6		0.111176	0.172429	0.242978	0.281701
17.8		0.112637	0.174233	0.245173	0.283619
18		0.112657	0.174224	0.246913	0.285005
18.2		0.114135	0.176055	0.24912		0.286948
18.4		0.115616	0.177886	0.251318	0.288882
18.6		0.117097	0.179709	0.253486	0.290785
18.8		0.118556	0.181505	0.255686	0.292729
19		0.12005		0.183338	0.257868	0.294655
19.2		0.121525	0.185147	0.260058	0.296595
19.4		0.122986	0.186945	0.262243	0.298532
19.6		0.124422	0.188702	0.264451	0.300498
19.8		0.125907	0.190508	0.266662	0.302472
20		0.127372	0.192285	0.268865	0.30444
20.2		0.128853	0.19408		0.270875	0.306196
20.4		0.13032		0.195856	0.273066	0.308157
20.6		0.131769	0.197608	0.275253	0.310116
20.8		0.133208	0.199348	0.277427	0.312065
21		0.134686	0.201122	0.279612	0.314027
21.2		0.136159	0.20289		0.28168		0.315865
21.4		0.137624	0.204644	0.283805	0.317768
21.6		0.138707	0.206042	0.285844	0.319585
21.8		0.14017		0.207784	0.287992	0.321519
22		0.141631	0.20952		0.29011		0.323424
22.2		0.143078	0.211232	0.292242	0.325346
22.4		0.14449		0.212914	0.294362	0.32726
22.6		0.14595		0.214642	0.296322	0.328997
22.8		0.147403	0.216359	0.29844		0.330915
23		0.148866	0.218083	0.300557	0.332834
23.2		0.150329	0.219805	0.302664	0.334745
23.4		0.151755	0.221488	0.304712	0.336593
23.6		0.153208	0.223192	0.306617	0.338292
23.8		0.154511	0.224697	0.308661	0.340141
24		0.155913	0.226325	0.310708	0.341997
24.2		0.157353	0.227997	0.312764	0.343866
24.4		0.158793	0.229674	0.3148		0.345716
24.6		0.160239	0.231356	0.316232	0.346908
24.8		0.161682	0.23303		0.318212	0.348704
25		0.163061	0.234627	0.320065	0.350362
25.2		0.164322	0.23598		0.322061	0.352171
25.4		0.16576		0.237641	0.323609	0.3535
25.6		0.166994	0.23912		0.325544	0.355264
25.8		0.168423	0.240766	0.327508	0.357055
26		0.169826	0.242384	0.329454	0.358831
26.2		0.170568	0.243384	0.331257	0.360463
26.4		0.171522	0.244492	0.333073	0.362101
26.6		0.172927	0.246107	0.335008	0.363872
26.8		0.17429		0.247668	0.336936	0.365638
27		0.175698	0.249279	0.338824	0.367363
27.2		0.177115	0.250894	0.340734	0.369115
27.4		0.178519	0.252492	0.34259		0.37081
27.6		0.179263	0.253303	0.344258	0.372298
27.8		0.180669	0.254902	0.346134	0.37402
28		0.182072	0.256493	0.347999	0.375733
28.2		0.183431	0.258031	0.349844	0.377425
28.4		0.184829	0.259613	0.351691	0.379124
28.6		0.186171	0.261129	0.35351		0.380792
28.8		0.187555	0.26269		0.355332	0.382467
29		0.188946	0.264256	0.357147	0.384137
29.2		0.1903		0.265781	0.35894		0.385785
29.4		0.191684	0.267334	0.36019		0.386856
29.6		0.193065	0.268881	0.361974	0.388499
29.8		0.194397	0.270377	0.363723	0.390106
30		0.19577		0.271912	0.365485	0.39173
