resOpt2
rap	pT	cent	dPhi	ctauErrMin	ctauErrMax	NoCutEntry	CutEntry	NSig	NSigErr	NBkg	NBkgErr	coefExp	coefExpErr	coefPol1	coefPol1Err	coeffGaus	coeffGausErr	meanSig1	meanSig1Err	sigmaSig1	sigmaSig1Err	sigmaSig2	sigmaSig2Err	sigmaSig3	sigmaSig3Err	alpha	alphaErr	enne	enneErr	enneW	enneWErr	sigWidth	sigWidthErr	Gmc	GmcErr	bTau	bTauErr	fracRes	fracResErr	meanResSigW	meanResSigWErr	meanResSigN	meanResSigNErr	sigmaResSigW	sigmaResSigWErr	sigmaResSigN	sigmaResSigNErr	fpm	fpmErr	fLiving	fLivingErr	fbkgCtTot	fbkgCtTotErr	lambdam	lambdamErr	lambdap	lambdapErr	lambdasym	lambdasymErr	NLL	nFitPar	EDM	NLLMass	nFitParMass	EDMMass	Prob	PROMPT	PROMPTErr	NON-PROMPT	NON-PROMPTErr	Bfraction	BfractionErr	Resolution	ResolutionErr	
0.0-0.4	6.5-30.0	0.0-100.0	0.000-1.571	0.008	0.064	5365.0	5362.0	3537.36	196.689	1825.15	160.422	-0.189974	0.254752	-0.05	0.0	0.569086	0.209605	3.09294	0.00122012	0.0190552	0.00666003	0.0187728	0.0102849	0.03	0.0	1.492	0.0	5.0	0.0	1.733	0.0	0.018934	0.0029094	1.86511e-05	9.62505e-05	0.450418	0.109283	0.650386	0.167133	-0.000266231	0.00113589	0.000530233	0.00159699	1.30969	0.063225	0.854587	0.117046	0.78881	0.715667	0.545873	0.755396	0.322454	0.270901	0.0417345	0.139128	0.366981	0.215728	0.0718174	0.0266264	-14230.0	2.0	13515.5	-231992.0	7.0	137985.0	1.0	2240.47	166.248	1296.89	131.601	0.366626	0.0311208	1.17087	0.0445805	
0.0-1.2	6.5-30.0	0.0-10.0	0.000-1.571	0.008	0.088	7347.0	7345.0	3914.16	142.726	3430.4	137.952	0.012616	0.135636	-0.05	0.0	0.524498	0.0	3.0924	0.0	0.0195471	0.0	0.0370318	0.00264295	0.03	0.0	1.492	0.0	5.0	0.0	1.733	0.0	0.0291974	0.00079697	1.48841e-05	2.84191e-05	0.331407	0.063537	0.236177	0.0	5.83622e-05	0.0	4.30872e-05	0.000382211	1.60413	0.0	1.03242	0.0093047	0.826476	0.213634	0.486369	0.286231	0.384394	0.223146	0.151052	0.118162	0.239319	0.0621649	0.0473819	0.0382516	-20330.1	2.0	7930.86	-242311.0	4.0	50.5956	1.0	2638.2	147.028	1275.96	120.53	0.325985	0.0284067	1.19243	0.00307672	
0.0-1.2	6.5-30.0	0.0-100.0	0.000-1.571	0.008	0.105	20225.0	20221.0	12661.7	293.023	7559.32	254.822	0.0180445	0.146685	-0.05	0.0	0.524498	0.361143	3.0924	0.000698492	0.0195471	0.00374353	0.0362307	0.0133077	0.03	0.0	1.492	0.0	5.0	0.0	1.733	0.0	0.0287154	0.00404752	1.87255e-05	2.6751e-05	0.417957	0.0557421	0.236177	0.079527	5.83622e-05	0.00144617	2.73043e-05	0.000464964	1.60413	0.0920545	1.03705	0.0347877	0.670651	0.0793087	0.931812	0.105434	0.489575	0.0759663	0.0657348	0.0317895	0.220103	0.0244379	1.50265	9.6935	-9995.25	2.0	50610.1	-908703.0	7.0	1138400.0	1.0	8539.64	288.524	4122.07	230.845	0.325554	0.0166022	1.19549	0.031081	
0.0-1.2	6.5-30.0	10.0-20.0	0.000-1.571	0.008	0.088	4976.0	4974.0	3068.53	140.23	1905.84	112.161	0.111901	0.236112	-0.05	0.0	0.524498	0.0	3.0924	0.0	0.0195471	0.0	0.03666	0.00341672	0.03	0.0	1.492	0.0	5.0	0.0	1.733	0.0	0.0289734	0.00102784	1.48841e-05	2.84191e-05	0.506767	0.145139	0.236177	0.0	5.83622e-05	0.0	4.30872e-05	0.000382211	1.60413	0.0	1.03242	0.0093047	0.603593	0.302834	0.826386	0.236091	0.43423	0.296419	0.0457677	0.0531059	0.278689	0.233019	0.641634	2.16706	-2005.07	2.0	13449.5	-224901.0	4.0	1032.87	1.0	1911.4	137.944	1157.13	119.142	0.377095	0.0347931	1.19243	0.00307672	
0.0-1.2	6.5-30.0	20.0-30.0	0.000-1.571	0.008	0.105	3483.0	3481.0	2287.31	118.134	1194.08	91.4176	0.292417	0.422308	-0.05	0.0	0.524498	0.0	3.0924	0.0	0.0195471	0.0	0.0362303	0.00415387	0.03	0.0	1.492	0.0	5.0	0.0	1.733	0.0	0.0287153	0.00124605	1.87255e-05	2.6751e-05	0.57384	0.330055	0.236177	0.0	5.83622e-05	0.0	2.50319e-05	0.0003831	1.60413	0.0	1.03706	0.00930854	0.657125	0.0910737	1.0	358.394	0.519211	0.168247	0.0531339	0.013445	0.219867	0.0356764	0.0234968	1887.26	22829.8	2.0	19657.2	-175161.0	4.0	881559.0	1.0	1537.61	141.959	749.696	123.875	0.327764	0.051444	1.1955	0.00308388	
0.0-1.2	6.5-30.0	30.0-40.0	0.000-1.571	0.008	0.064	2018.0	2016.0	1456.97	80.7851	559.281	51.9997	-0.44146	0.296622	-0.05	0.0	0.524498	0.0	3.0924	0.0	0.0195471	0.0	0.0381271	0.00235107	0.03	0.0	1.492	0.0	5.0	0.0	1.733	0.0	0.0298602	0.000713723	2.67574e-05	4.09709e-05	0.318811	0.0815552	0.236177	0.0	5.83622e-05	0.0	6.37935e-05	0.000380619	1.60413	0.0	1.01944	0.0093671	0.675853	0.96768	0.890252	8.44896	0.452055	0.545433	0.0754533	0.039146	0.194812	0.266161	0.0690256	0.0562399	-11057.6	2.0	2063.35	-57973.2	4.0	241.793	1.0	1044.09	81.5834	412.886	61.875	0.283386	0.0394544	1.18387	0.00308053	
0.0-1.2	6.5-30.0	40.0-50.0	0.000-1.571	0.016	0.048	1246.0	1229.0	944.791	60.3305	284.985	42.4531	-0.236007	0.569574	-0.05	0.0	0.524498	0.0	3.0924	0.0	0.0195471	0.0	0.0361302	0.00472668	0.03	0.0	1.492	0.0	5.0	0.0	1.733	0.0	0.0286552	0.00141692	1.07336e-05	8.63113e-05	0.320515	0.0738666	0.236177	0.0	5.83622e-05	0.0	0.000155651	0.000384002	1.60413	0.0	0.985336	0.00979656	0.585839	1.25121	1.0	0.0290624	0.0782937	1.98249	0.0190876	0.0696397	0.833295	1.09937	3.66488	36.8225	-3658.5	2.0	728.193	-31205.2	4.0	232.702	1.0	638.434	56.0904	306.357	43.2067	0.324259	0.0407755	1.1616	0.00317367	
0.0-1.2	6.5-30.0	50.0-100.0	0.000-1.571	0.008	0.056	1152.0	1150.0	987.424	59.7503	163.492	37.1447	-0.961408	0.782095	-0.05	0.0	0.524498	0.0	3.0924	0.0	0.0195471	0.0	0.0323483	0.00264873	0.03	0.0	1.492	0.0	5.0	0.0	1.733	0.0	0.0264192	0.000771067	1.7457e-05	3.13754e-05	0.390952	0.126604	0.236177	0.0	5.83622e-05	0.0	6.14107e-05	0.000380443	1.60413	0.0	1.00784	0.00949107	0.492976	0.458276	0.999999	111.902	5.01882e-08	0.271589	0.0196289	0.0188198	0.222437	0.0870991	0.0200266	717.473	-5802.98	2.0	927.899	-29374.3	4.0	1512.34	1.0	718.139	58.9469	269.284	43.0334	0.272714	0.0403364	1.17626	0.00310575	
0.0-2.4	10.0-13.0	0.0-100.0	0.000-1.571	0.008	0.136	6551.0	6549.0	4750.65	284.3	1799.21	217.932	-0.761475	0.270206	-0.05	0.0	0.504376	0.371833	3.09185	0.00203397	0.0419218	0.00618409	0.0218697	0.00799669	0.03	0.0	1.492	0.0	5.0	0.0	1.733	0.0	0.033518	0.00234021	1.21637e-05	1.85867	0.429212	0.0864528	0.294117	0.0867943	0.000270012	0.00176522	0.0010107	0.00069304	1.60695	0.0922641	0.982536	0.0443336	0.933018	0.374035	0.656745	0.559565	0.240976	0.612656	0.102506	0.180085	0.300941	0.0919513	0.0397154	0.105241	-6782.96	2.0	14497.6	-192176.0	7.0	117105.0	1.0	3219.3	222.294	1531.35	143.861	0.322345	0.0233432	1.20039	0.0367178	
0.0-2.4	10.0-30.0	0.0-100.0	0.000-1.571	0.004	0.144	10182.0	10181.0	7447.26	262.673	2733.94	201.806	-0.781549	0.166684	-0.05	0.0	0.501711	0.21269	3.09293	0.00117207	0.0430551	0.00446499	0.0213608	0.00459772	0.03	0.0	1.492	0.0	5.0	0.0	1.733	0.0	0.0340206	0.00158954	1.70873e-05	5.44529e-05	0.396308	0.0529351	0.236071	0.0672041	0.00122446	0.0014114	0.000743386	0.00044963	1.62051	0.0854295	1.00935	0.0317627	0.934664	0.428395	0.771874	0.723667	0.329594	0.21236	0.0844694	0.146415	0.307479	0.0863724	0.0455466	0.0724636	-11627.2	2.0	18862.1	-286223.0	7.0	287738.0	1.0	4876.3	213.95	2570.95	156.256	0.345221	0.0170871	1.18246	0.0286311	
0.0-2.4	11.0-13.0	0.0-100.0	0.000-1.571	0.008	0.105	3503.0	3502.0	2632.28	268.201	870.574	191.142	-0.942467	0.47028	-0.05	0.0	0.502872	0.568089	3.09162	0.00375338	0.0439634	0.0119184	0.0212707	0.0123084	0.03	0.0	1.492	0.0	5.0	0.0	1.733	0.0	0.0345957	0.0042474	1.31317e-05	0.000141526	0.510126	0.15984	0.127384	0.054916	-0.0011181	0.00400296	0.000762302	0.000698153	1.9166	0.182182	1.06335	0.0341991	0.894948	0.216139	0.651031	1.40515	0.136434	1.45664	0.0920453	0.100138	0.306711	0.103524	0.02	0.136852	-2699.33	2.0	11564.9	-122441.0	7.0	66159.3	1.0	1655.7	192.053	976.579	135.374	0.371002	0.0348707	1.20607	0.0367536	
0.0-2.4	13.0-16.0	0.0-100.0	0.000-1.571	0.008	0.08	2199.0	2194.0	1674.63	130.8	520.156	102.538	-0.634545	0.368148	-0.05	0.0	0.624683	0.464872	3.09462	0.0023607	0.0448295	0.0138354	0.0166094	0.0131544	0.03	0.0	1.492	0.0	5.0	0.0	1.733	0.0	0.036864	0.00537154	3.22941e-05	7.28178e-05	0.459722	0.122741	0.190435	0.151414	0.000860929	0.00325109	0.000501733	0.000850709	1.61744	0.225591	1.03375	0.0671412	0.828676	0.507667	0.906116	1.78898	0.238676	0.947904	0.0450693	0.0349066	0.239689	0.0996287	0.0271049	0.143248	-3548.81	2.0	3281.94	-49337.1	7.0	495163.0	1.0	1087.53	102.274	587.098	73.1252	0.350584	0.0340137	1.16762	0.0630966	
0.0-2.4	13.0-30.0	0.0-100.0	0.000-1.571	0.008	0.105	3631.0	3631.0	2700.71	154.482	930.62	125.521	-0.831351	0.273832	-0.05	0.0	0.498454	0.340822	3.09484	0.00164753	0.0452718	0.011829	0.0204072	0.00625281	0.03	0.0	1.492	0.0	5.0	0.0	1.733	0.0	0.0350781	0.00391264	1.00009e-05	0.0022258	0.35021	0.0532558	0.132772	0.0920488	0.00351245	0.00313808	0.000513949	0.000561608	1.67468	0.204192	1.05181	0.0417895	0.883933	0.612431	0.999995	748.646	0.401196	1.05324	0.0471228	0.0615446	0.313802	0.236616	0.0228762	2705.83	-5444.47	2.0	4124.0	-75466.4	7.0	317031.0	1.0	1659.18	114.211	1041.53	87.0987	0.38565	0.0235258	1.15403	0.0425026	
0.0-2.4	16.0-30.0	0.0-100.0	0.000-1.571	0.008	0.064	1431.0	1429.0	1030.31	50.2597	399.212	39.5932	-1.01689	0.333522	-0.05	0.0	0.296146	0.371917	3.09379	0.00180371	0.0206131	0.00674873	0.0358816	0.00901709	0.03	0.0	1.492	0.0	5.0	0.0	1.733	0.0	0.0321253	0.00360193	1.03669e-05	0.000212641	0.232044	0.0278169	0.0950778	0.106211	0.00728087	0.00535444	0.000606115	0.000843065	1.70142	0.346312	1.05521	0.0513818	0.977376	41.1987	0.96603	1.15511	0.482947	15.6014	0.00100059	21.4655	0.411658	0.140725	0.0609369	0.0834407	-2811.91	2.0	331.951	-20376.1	7.0	92.0124	1.0	573.904	40.9005	456.402	37.2124	0.442977	0.0289405	1.13262	0.0531487	
0.0-2.4	6.5-30.0	0.0-10.0	0.000-1.571	0.008	0.184	18347.0	18347.0	8531.77	207.203	9817.12	227.3	-0.178395	0.0684863	-0.05	0.0	0.433893	0.0	3.09249	0.0	0.048424	0.0	0.0244083	0.00118035	0.03	0.0	1.492	0.0	5.0	0.0	1.733	0.0	0.0368062	0.000221564	1.10484e-05	0.188378	0.314469	0.03767	0.197932	0.0	0.00209112	0.0	0.000562994	0.000290159	1.70729	0.0	1.03457	0.00645939	0.921459	0.202042	0.391464	0.211766	0.456511	0.174258	0.257164	0.405437	0.3546	0.137049	0.0642242	0.038045	-19645.3	2.0	11519.6	-612599.0	4.0	2893.29	1.0	6120.52	214.39	2411.26	165.22	0.282621	0.018108	1.19809	0.00223688	
0.0-2.4	6.5-30.0	0.0-100.0	0.000-1.571	0.004	0.184	47950.0	47950.0	26943.3	553.448	21007.2	539.181	-0.216477	0.0549351	-0.05	0.0	0.433893	0.130743	3.09249	0.000507022	0.048424	0.00589708	0.0241001	0.00208143	0.03	0.0	1.492	0.0	5.0	0.0	1.733	0.0	0.036691	0.00173224	1.10484e-05	0.188378	0.350283	0.0280535	0.197932	0.0374389	0.00209112	0.00129423	0.000563631	0.000338012	1.70729	0.0620358	1.03454	0.0189101	0.719696	0.162473	0.936434	0.220573	0.573469	0.132007	0.0744649	0.0761945	0.25772	0.156944	0.645391	5.15697	-40609.2	2.0	66875.9	-1802630.0	7.0	6776.6	1.0	19350.3	493.07	7593.01	330.84	0.281814	0.010829	1.19807	0.0180853	
0.0-2.4	6.5-30.0	0.0-5.0	0.000-1.571	0.008	0.184	9955.0	9955.0	4611.81	152.228	5344.02	156.71	-0.03321	0.0970459	-0.05	0.0	0.433893	0.0	3.09249	0.0	0.048424	0.0	0.0237166	0.00182184	0.03	0.0	1.492	0.0	5.0	0.0	1.733	0.0	0.0365493	0.00033462	1.10484e-05	0.188378	0.338577	0.0666993	0.197932	0.0	0.00209112	0.0	0.000562994	0.000290159	1.70729	0.0	1.03457	0.00645939	0.729639	0.227848	0.916216	1.28419	0.569228	0.121926	0.0805717	0.22275	0.184561	0.0656092	0.236614	1.6114	-20839.7	2.0	7487.72	-291510.0	4.0	89.532	1.0	3322.87	169.822	1288.95	136.453	0.279488	0.0281126	1.19809	0.00223688	
0.0-2.4	6.5-30.0	10.0-15.0	0.000-1.571	0.008	0.152	6338.0	6337.0	3285.32	114.608	3051.63	112.482	-0.13171	0.129659	-0.05	0.0	0.433893	0.0	3.09249	0.0	0.048424	0.0	0.0235861	0.00124433	0.03	0.0	1.492	0.0	5.0	0.0	1.733	0.0	0.0365014	0.000227589	2.54256e-05	2.68579e-05	0.34106	0.0534862	0.197932	0.0	0.00209112	0.0	0.000559294	0.000290345	1.70729	0.0	1.03549	0.00647536	0.588702	0.115317	0.811884	0.173843	0.468711	0.106447	0.0340129	0.0120559	0.161042	0.0327568	0.192216	0.118298	-16995.6	2.0	2549.9	-157891.0	4.0	138.149	1.0	2299.54	117.792	985.781	92.8574	0.300056	0.0262547	1.19873	0.00224322	
0.0-2.4	6.5-30.0	10.0-20.0	0.000-1.571	0.008	0.16	11670.0	11668.0	6348.12	178.699	5319.28	159.363	-0.147298	0.104301	-0.05	0.0	0.433893	0.0	3.09249	0.0	0.048424	0.0	0.0234385	0.0005552	0.03	0.0	1.492	0.0	5.0	0.0	1.733	0.0	0.0364476	0.00010106	1.13588e-05	0.0219528	0.391797	0.0686378	0.197932	0.0	0.00209112	0.0	0.000561758	0.000290255	1.70729	0.0	1.03504	0.00646934	0.681858	4.21978	0.817794	2.38743	0.527015	3.0112	0.0475157	0.726655	0.186628	0.829973	0.477092	7.10836	-13241.4	2.0	16746.0	-389356.0	4.0	5957.12	1.0	4382.92	195.996	1965.2	162.026	0.309573	0.0239897	1.19841	0.00224073	
0.0-2.4	6.5-30.0	15.0-20.0	0.000-1.571	0.008	0.16	5331.0	5331.0	3059.34	770.148	2271.36	642.152	-0.167724	2.42974	-0.05	0.0	0.433893	0.0	3.09249	0.0	0.048424	0.0	0.0232033	0.00256951	0.03	0.0	1.492	0.0	5.0	0.0	1.733	0.0	0.0363623	0.000464107	1.13588e-05	0.0219528	0.447331	0.138744	0.197932	0.0	0.00209112	0.0	0.000561758	0.000290255	1.70729	0.0	1.03504	0.00646934	0.806325	0.471272	0.751217	0.462481	0.566701	0.260295	0.0639464	0.0942164	0.248728	0.288103	0.609973	2.29234	574.52	2.0	13518.7	-201465.0	4.0	2127300000.0	1.0	2070.01	534.41	989.326	275.821	0.323379	0.0387464	1.19841	0.00224073	
0.0-2.4	6.5-30.0	20.0-25.0	0.000-1.571	0.008	0.145	4294.0	4294.0	2591.68	102.52	1703.02	82.7805	-0.257692	0.159405	-0.05	0.0	0.433893	0.0	3.09249	0.0	0.048424	0.0	0.0230361	0.00174557	0.03	0.0	1.492	0.0	5.0	0.0	1.733	0.0	0.0363021	0.000313533	1.27502e-05	0.000164255	0.367039	0.0759015	0.197932	0.0	0.00209112	0.0	0.000558708	0.000290392	1.70729	0.0	1.03568	0.00648295	0.622322	0.110749	0.948035	0.102663	0.512035	0.108997	0.0484166	0.0164117	0.196797	0.040987	0.695094	2.21787	-12423.2	2.0	3210.1	-110184.0	4.0	154.581	1.0	1902.73	106.078	688.95	79.562	0.265831	0.0288418	1.19886	0.00224601	
0.0-2.4	6.5-30.0	20.0-30.0	0.000-1.571	0.008	0.152	7933.0	7933.0	4881.77	148.659	3051.19	119.341	-0.114821	0.159324	-0.05	0.0	0.433893	0.0	3.09249	0.0	0.048424	0.0	0.0232455	0.000968209	0.03	0.0	1.492	0.0	5.0	0.0	1.733	0.0	0.0363776	0.000175123	2.54256e-05	2.68579e-05	0.447888	0.135324	0.197932	0.0	0.00209112	0.0	0.000559294	0.000290345	1.70729	0.0	1.03549	0.00647536	0.687454	0.0575788	0.963921	0.096692	0.581438	0.0619393	0.0512988	0.0129005	0.19291	0.0298974	0.602723	2.13019	10815.8	2.0	24842.7	-292407.0	4.0	1369.29	1.0	3511.26	186.802	1370.51	158.758	0.28074	0.0313767	1.19873	0.00224322	
0.0-2.4	6.5-30.0	25.0-30.0	0.000-1.571	0.008	0.136	3638.0	3634.0	2288.56	118.755	1345.98	93.7787	0.0671041	0.324299	-0.05	0.0	0.433893	0.0	3.09249	0.0	0.048424	0.0	0.0235058	0.000545058	0.03	0.0	1.492	0.0	5.0	0.0	1.733	0.0	0.0364721	9.94317e-05	1.61666e-05	1.68756e-05	0.54236	0.338914	0.197932	0.0	0.00209112	0.0	0.000554987	0.00029041	1.70729	0.0	1.03568	0.00648994	0.983922	786.454	0.702481	660.671	0.659037	23.734	0.00104068	14750.0	0.195186	28.8741	0.0746858	42.5744	19312.4	2.0	18651.3	-157748.0	4.0	1606080.0	1.0	1602.09	156.915	686.477	137.768	0.29996	0.0581515	1.19886	0.00224843	
0.0-2.4	6.5-30.0	30.0-35.0	0.000-1.571	0.008	0.128	2762.0	2760.0	1693.14	77.1334	1067.33	66.0038	-0.415385	0.204703	-0.05	0.0	0.433893	0.0	3.09249	0.0	0.048424	0.0	0.0245679	0.00190268	0.03	0.0	1.492	0.0	5.0	0.0	1.733	0.0	0.0368662	0.0003589	1.79639e-05	0.125254	0.332863	0.0860319	0.197932	0.0	0.00209112	0.0	0.000561085	0.000290331	1.70729	0.0	1.03513	0.00649489	0.82691	0.794244	0.706635	1.62766	0.486455	0.495911	0.0680454	0.053286	0.310298	0.167041	0.0513917	0.0474803	-7781.58	2.0	1141.46	-59726.6	4.0	17.9104	1.0	1296.76	79.0265	396.383	55.5098	0.234111	0.0310018	1.19848	0.00224966	
0.0-2.4	6.5-30.0	30.0-40.0	0.000-1.571	0.008	0.128	4766.0	4764.0	3096.85	109.996	1666.93	90.1398	-0.428366	0.170783	-0.05	0.0	0.433893	0.0	3.09249	0.0	0.048424	0.0	0.0238623	0.000966334	0.03	0.0	1.492	0.0	5.0	0.0	1.733	0.0	0.0366029	0.000178317	1.79639e-05	0.125254	0.265875	0.0433281	0.197932	0.0	0.00209112	0.0	0.000561085	0.000290331	1.70729	0.0	1.03513	0.00649489	0.999954	2587.82	0.54781	27.1863	0.473783	3.45387	0.0550402	3213.54	0.426726	4.46006	0.0690623	0.72525	-12527.9	2.0	3171.07	-126537.0	4.0	1210.79	1.0	2270.68	115.376	826.17	87.5677	0.266777	0.0266414	1.19848	0.00224966	
0.0-2.4	6.5-30.0	35.0-40.0	0.000-1.571	0.008	0.12	2003.0	2003.0	1400.19	345.03	603.145	267.33	-0.446282	3.07152	-0.05	0.0	0.433893	0.0	3.09249	0.0	0.048424	0.0	0.0230366	0.00151627	0.03	0.0	1.492	0.0	5.0	0.0	1.733	0.0	0.0363022	0.000272351	2.47093e-05	3.60563e-05	0.218894	0.0481722	0.197932	0.0	0.00209112	0.0	0.000564442	0.000290325	1.70729	0.0	1.03491	0.00650673	1.0	144.965	0.583812	0.168609	0.454799	0.0475976	0.104665	261.364	0.577268	0.175236	0.0823628	0.0135722	-5587.93	2.0	1638.04	-56054.3	4.0	622949000.0	1.0	965.792	246.769	434.403	125.363	0.310245	0.0465999	1.19833	0.00225357	
0.0-2.4	6.5-30.0	40.0-45.0	0.000-1.571	0.008	0.12	1512.0	1511.0	1080.65	58.4215	430.774	45.0041	-0.379446	0.381519	-0.05	0.0	0.433893	0.0	3.09249	0.0	0.048424	0.0	0.0232766	0.0024732	0.03	0.0	1.492	0.0	5.0	0.0	1.733	0.0	0.0363888	0.000447796	2.47093e-05	3.60563e-05	0.285899	0.0632854	0.197932	0.0	0.00209112	0.0	0.000564442	0.000290325	1.70729	0.0	1.03491	0.00650673	0.650849	4.07	0.613348	2.1159	5.52109e-06	681.602	0.00803753	0.0994638	0.824667	1.295	0.0408986	0.156952	-3635.63	2.0	402.784	-29467.5	4.0	197.955	1.0	814.412	56.6465	266.239	38.4384	0.246369	0.0329818	1.19833	0.00225357	
0.0-2.4	6.5-30.0	40.0-50.0	0.000-1.571	0.008	0.136	2720.0	2717.0	1982.09	80.7055	735.455	57.744	-0.924139	0.271587	-0.05	0.0	0.433893	0.0	3.09249	0.0	0.048424	0.0	0.0249846	0.00203288	0.03	0.0	1.492	0.0	5.0	0.0	1.733	0.0	0.0370245	0.000388298	1.61666e-05	1.68756e-05	0.301399	0.047393	0.197932	0.0	0.00209112	0.0	0.000554987	0.00029041	1.70729	0.0	1.03568	0.00648994	0.638601	0.97408	1.0	0.491836	0.245803	1.24039	0.0240325	0.0668275	0.472655	0.215484	4.83614	253.571	-7499.79	2.0	884.076	-60346.5	4.0	149.719	1.0	1426.74	78.0558	555.355	56.8265	0.280187	0.0263024	1.19886	0.00224843	
0.0-2.4	6.5-30.0	45.0-50.0	0.000-1.571	0.008	0.136	1207.0	1206.0	906.838	55.7437	299.274	35.4369	-1.77617	0.439836	-0.05	0.0	0.433893	0.0	3.09249	0.0	0.048424	0.0	0.0275929	0.00347002	0.03	0.0	1.492	0.0	5.0	0.0	1.733	0.0	0.0380584	0.000712108	1.61666e-05	1.68756e-05	0.322973	0.0696279	0.197932	0.0	0.00209112	0.0	0.000554987	0.00029041	1.70729	0.0	1.03568	0.00648994	0.641365	2.19979	0.832091	42.0601	0.0378432	45.7175	0.0249093	0.192316	0.302447	0.45803	0.0207116	9.73495	-4278.8	2.0	448.132	-25610.4	4.0	28.0816	1.0	610.009	53.096	296.829	41.7858	0.327323	0.0414535	1.19886	0.00224843	
0.0-2.4	6.5-30.0	5.0-10.0	0.000-1.571	0.008	0.112	8392.0	8362.0	3920.28	141.341	4441.94	164.559	-0.342263	0.105369	-0.05	0.0	0.433893	0.0	3.09249	0.0	0.048424	0.0	0.0251008	0.00153474	0.03	0.0	1.492	0.0	5.0	0.0	1.733	0.0	0.0370689	0.000294158	1.67157e-05	3.06522e-05	0.299461	0.0409556	0.197932	0.0	0.00209112	0.0	0.00056928	0.00029033	1.70729	0.0	1.03466	0.00651655	0.94922	0.318406	0.379466	0.325122	0.473576	0.219343	0.270474	0.70524	0.513668	0.439207	0.0771552	0.0608319	-2691.4	2.0	2773.88	-274628.0	4.0	6597.9	1.0	2799.09	135.179	1121.19	98.6053	0.285998	0.0229419	1.19815	0.00225675	
0.0-2.4	6.5-30.0	50.0-100.0	0.000-1.571	0.008	0.088	2513.0	2493.0	2068.55	81.0994	425.02	48.9948	-0.759697	0.360006	-0.05	0.0	0.433893	0.0	3.09249	0.0	0.048424	0.0	0.0249212	0.00165075	0.03	0.0	1.492	0.0	5.0	0.0	1.733	0.0	0.0370002	0.000314712	2.59256e-05	2.3357e-05	0.343878	0.0732571	0.197932	0.0	0.00209112	0.0	0.000563046	0.000289842	1.70729	0.0	1.02957	0.00656553	0.535545	0.0124676	1.0	1.6486	9.65442e-07	0.0806777	0.0232519	0.00205967	0.243838	0.0054243	0.0204976	8.56809	-9926.68	2.0	1478.77	-57539.4	4.0	860.148	1.0	1553.5	84.1105	515.047	61.4225	0.24899	0.0280431	1.19463	0.00226921	
0.0-2.4	6.5-30.0	50.0-55.0	0.000-1.571	0.008	0.08	884.0	875.0	721.418	45.2587	154.444	24.0755	-0.389919	0.471561	-0.05	0.0	0.433893	0.0	3.09249	0.0	0.048424	0.0	0.0256273	0.00263972	0.03	0.0	1.492	0.0	5.0	0.0	1.733	0.0	0.0372723	0.000513739	1.06333e-05	0.0003574	0.280524	0.0869341	0.197932	0.0	0.00209112	0.0	0.000564129	0.000289381	1.70729	0.0	1.02488	0.00659337	0.614342	1.24696	0.975846	10.066	0.125451	6.63617	0.0265338	0.0557828	0.215752	0.327741	0.0235747	2.19423	-4027.19	2.0	276.836	-15284.7	4.0	35.6739	1.0	553.064	48.0918	168.354	34.9357	0.233366	0.0461604	1.19139	0.00227461	
0.0-2.4	6.5-30.0	50.0-60.0	0.000-1.571	0.008	0.08	1414.0	1403.0	1169.81	55.6341	233.377	29.4947	-0.454046	0.38579	-0.05	0.0	0.433893	0.0	3.09249	0.0	0.048424	0.0	0.0262521	0.00196118	0.03	0.0	1.492	0.0	5.0	0.0	1.733	0.0	0.0375177	0.000388432	1.06333e-05	0.0003574	0.251644	0.0532305	0.197932	0.0	0.00209112	0.0	0.000564129	0.000289381	1.70729	0.0	1.02488	0.00659337	0.637387	1.19332	0.791474	9.29924	0.00403448	73.7487	0.0253338	0.197779	0.286697	0.21584	0.0214672	1.17378	-6287.53	2.0	285.326	-24560.1	4.0	26.9225	1.0	889.341	57.7562	280.471	41.5307	0.239758	0.0336211	1.19139	0.00227461	
0.0-2.4	6.5-30.0	55.0-60.0	0.000-1.571	0.008	0.073	530.0	525.0	447.56	32.2813	77.9271	16.9717	-0.599143	0.679881	-0.05	0.0	0.433893	0.0	3.09249	0.0	0.048424	0.0	0.0271801	0.00311683	0.03	0.0	1.492	0.0	5.0	0.0	1.733	0.0	0.0378899	0.000632864	1.72071e-05	2.22879e-05	0.206826	0.0458853	0.197932	0.0	0.00209112	0.0	0.000595847	0.000289424	1.70729	0.0	1.02199	0.00663789	0.582229	0.220027	1.0	58.8694	0.0464448	0.446304	0.0228622	0.0206044	0.406226	0.166721	0.132999	340.139	-2307.11	2.0	11.9347	-7144.09	4.0	10.4567	1.0	334.81	31.5927	112.75	21.9331	0.251922	0.0455129	1.1894	0.00228734	
0.0-2.4	6.5-30.0	60.0-100.0	0.000-1.571	0.008	0.088	1098.0	1086.0	895.027	58.8831	191.648	38.9107	-1.14816	0.774761	-0.05	0.0	0.433893	0.0	3.09249	0.0	0.048424	0.0	0.0227058	0.00243214	0.03	0.0	1.492	0.0	5.0	0.0	1.733	0.0	0.0361841	0.000431992	2.59256e-05	2.3357e-05	0.447667	0.170729	0.197932	0.0	0.00209112	0.0	0.000563046	0.000289842	1.70729	0.0	1.02957	0.00656553	0.537132	0.201516	0.999998	23.2853	6.20736e-09	0.751937	0.0261761	0.0326657	0.211504	0.0492909	0.0425882	523.689	-4076.22	2.0	1079.62	-27806.6	4.0	894.688	1.0	649.888	58.8097	245.139	43.4815	0.27389	0.0451159	1.19463	0.00226921	
0.0-2.4	6.5-30.0	60.0-70.0	0.000-1.571	0.008	0.088	733.0	723.0	594.162	50.1524	128.996	35.6628	-1.46998	1.25778	-0.05	0.0	0.433893	0.0	3.09249	0.0	0.048424	0.0	0.0194942	0.0020373	0.03	0.0	1.492	0.0	5.0	0.0	1.733	0.0	0.0351079	0.000320202	2.59256e-05	2.3357e-05	0.505887	0.255199	0.197932	0.0	0.00209112	0.0	0.000563046	0.000289842	1.70729	0.0	1.02957	0.00656553	0.410439	0.204859	1.0	22.6826	1.71287e-07	3.67891	0.016515	0.0231718	0.241344	0.0656006	0.0200027	111.224	-2904.49	2.0	816.171	-19391.7	4.0	1166.99	1.0	421.507	48.6058	172.655	36.1809	0.290585	0.0557356	1.19463	0.00226921	
0.0-2.4	6.5-30.0	70.0-100.0	0.000-1.571	0.016	0.073	364.0	361.0	299.896	31.2673	61.4041	15.6977	-0.52266	0.747949	-0.05	0.0	0.433893	0.0	3.09249	0.0	0.048424	0.0	0.0287583	0.00731895	0.03	0.0	1.492	0.0	5.0	0.0	1.733	0.0	0.0385438	0.0015457	1.00217e-05	0.000162887	0.317926	0.171825	0.197932	0.0	0.00209112	0.0	0.000576387	0.000290682	1.70729	0.0	1.0218	0.00664359	0.739254	0.0956665	0.999998	5.08543	1.99208e-06	0.220011	0.0609933	0.0255159	0.191739	0.0456821	0.101497	19.0549	-1484.32	2.0	252.504	-6224.08	4.0	59.9971	1.0	224.768	32.7859	75.1288	24.2302	0.250516	0.076457	1.18927	0.00228913	
0.0-2.4	6.5-7.5	0.0-100.0	0.000-1.571	0.016	0.16	18387.0	18384.0	7732.21	304.913	10652.1	335.236	-0.0357333	0.0799842	-0.05	0.0	0.380012	0.225996	3.0912	0.00118849	0.0531715	0.0112942	0.0270486	0.00358121	0.03	0.0	1.492	0.0	5.0	0.0	1.733	0.0	0.0390893	0.00301846	3.66049e-05	0.000137318	0.252215	0.0275563	0.380238	0.138046	0.00427683	0.00352717	-0.000492983	0.00175495	1.5828	0.116516	0.946892	0.0808286	0.67191	1.44381	0.824091	1.99196	0.554033	1.64472	0.0665643	0.429142	0.107389	0.626185	0.683998	11.7224	-46813.3	2.0	4873.74	-716591.0	7.0	1438.2	1.0	5955.16	281.826	1777.04	170.845	0.229823	0.020151	1.22812	0.0568461	
0.0-2.4	6.5-8.0	0.0-100.0	0.000-1.571	0.016	0.16	24630.0	24625.0	11124.2	364.456	13500.9	385.081	-0.091071	0.0759517	-0.05	0.0	0.402191	0.190526	3.09166	0.00103465	0.0508833	0.00623522	0.0267292	0.00349041	0.03	0.0	1.492	0.0	5.0	0.0	1.733	0.0	0.03832	0.00181705	2.57968e-05	9.0559e-05	0.304255	0.0359853	0.307488	0.0880482	0.00439684	0.00310131	-0.000597646	0.00116618	1.63221	0.0944826	0.978378	0.048014	0.672251	3.1848	0.86013	4.74725	0.59172	3.07731	0.0737843	1.12433	0.151507	2.18608	0.697551	26.612	-54089.9	2.0	13875.1	-942833.0	7.0	1580.37	1.0	8472.93	340.871	2651.26	216.055	0.238333	0.0177833	1.2174	0.0388627	
0.0-2.4	6.5-8.5	0.0-100.0	0.000-1.571	0.016	0.16	29402.0	29385.0	13997.9	651.281	15386.5	660.416	-0.124133	0.0745179	-0.05	0.0	0.406458	0.290139	3.09145	0.000909555	0.0514479	0.0160438	0.025846	0.00417846	0.03	0.0	1.492	0.0	5.0	0.0	1.733	0.0	0.0383711	0.00445083	2.24999e-05	6.2246e-05	0.32065	0.0449015	0.244453	0.0703637	0.00606182	0.00301279	-0.000286621	0.0008871	1.69089	0.0957886	1.01908	0.0368967	0.668763	0.234986	0.903754	0.42377	0.63727	0.185802	0.0807055	0.0986533	0.250485	0.266121	0.508256	3.70498	-19197.6	2.0	60012.5	-1188090.0	7.0	482872.0	1.0	10714.2	562.13	3283.66	301.377	0.234583	0.0185586	1.21802	0.033038	
0.0-2.4	7.5-8.5	0.0-100.0	0.000-1.571	0.008	0.184	11014.0	11014.0	6271.36	456.829	4743.28	439.916	-0.331043	0.158037	-0.05	0.0	0.44513	0.502804	3.09165	0.00144383	0.0493263	0.0226791	0.0242726	0.00822719	0.03	0.0	1.492	0.0	5.0	0.0	1.733	0.0	0.0375492	0.0067929	3.64523e-05	0.000133371	0.425802	0.124807	0.180395	0.0713788	0.00786448	0.00437943	-0.000225354	0.00100928	1.76532	0.139846	1.04897	0.03826	0.688341	0.227306	0.891029	0.357702	0.573575	0.147945	0.0605567	0.0599509	0.280391	0.128859	0.329362	0.975388	16696.9	2.0	36357.8	-393715.0	7.0	1052270.0	1.0	4681.81	389.402	1589.55	220.754	0.253461	0.0299697	1.20997	0.0375158	
0.0-2.4	8.0-10.0	0.0-100.0	0.000-1.571	0.008	0.184	13137.0	13137.0	8405.83	496.069	4731.83	473.335	-0.249948	0.149556	-0.05	0.0	0.413736	0.358797	3.09313	0.000993716	0.0509343	0.0219322	0.0232096	0.00570915	0.03	0.0	1.492	0.0	5.0	0.0	1.733	0.0	0.0372715	0.0062872	2.86287e-05	7.39866e-05	0.354731	0.0519709	0.101319	0.038551	0.00371713	0.00401088	0.000532399	0.000589599	1.94164	0.153292	1.09382	0.0238264	0.637738	19.659	0.632294	7.5609	0.354552	13.4286	0.00249881	0.343718	0.399697	0.15924	0.0737079	0.0712392	14495.7	2.0	53589.7	-407690.0	7.0	642226.0	1.0	6025.73	389.452	2380.1	212.003	0.283149	0.018891	1.20714	0.0259289	
0.0-2.4	8.5-9.5	0.0-100.0	0.000-1.571	0.008	0.12	6123.0	6114.0	3929.67	119.251	2184.52	97.1584	-0.178616	0.144186	-0.05	0.0	0.507513	0.0612323	3.09466	0.000959678	0.0431558	0.0015629	0.0227759	0.00236167	0.03	0.0	1.492	0.0	5.0	0.0	1.733	0.0	0.0346508	0.000861666	3.2051e-05	0.000103207	0.31139	0.0366468	0.0787498	0.0409311	0.00669735	0.00605873	0.000325059	0.000789143	2.08685	0.243496	1.09426	0.0301491	0.707791	0.639965	0.887516	2.21554	0.480463	0.592662	0.0533392	0.0380635	0.265068	0.154559	0.0455746	0.117773	-14262.2	2.0	2325.02	-128471.0	7.0	749.792	1.0	2713.95	113.852	1215.72	86.8361	0.309369	0.020004	1.20252	0.0340363	
0.0-2.4	9.5-11.0	0.0-100.0	0.000-1.571	0.008	0.136	5289.0	5286.0	3699.75	138.862	1587.35	120.544	-0.361111	0.177979	-0.05	0.0	0.386867	0.2095	3.09265	0.00099455	0.0488092	0.0105299	0.023581	0.00366892	0.03	0.0	1.492	0.0	5.0	0.0	1.733	0.0	0.0355329	0.00289571	5.20639e-05	9.66049e-05	0.345596	0.0536957	0.492672	0.116015	-0.000315795	0.00154696	0.00183122	0.00119194	1.43747	0.0670787	0.906283	0.0657678	0.963922	0.0646557	0.560628	0.377673	0.291229	0.438913	0.332095	0.594373	0.378535	0.115477	0.0439647	0.0419685	-7190.44	2.0	4182.05	-111985.0	7.0	251.279	1.0	2655.18	124.316	1044.57	84.0247	0.282335	0.0200871	1.19779	0.0382278	
0.4-0.8	6.5-30.0	0.0-100.0	0.000-1.571	0.008	0.073	6186.0	6186.0	4090.72	211.433	2095.31	173.623	0.178748	0.406654	-0.05	0.0	0.544392	0.578506	3.09298	0.0013058	0.0181405	0.00642767	0.0391946	0.0283507	0.03	0.0	1.492	0.0	5.0	0.0	1.733	0.0	0.029649	0.00860458	1.74651e-05	0.000239484	0.496097	0.146784	0.117942	0.0622417	-0.00405725	0.00414574	0.000464811	0.000652414	1.86917	0.210931	1.06297	0.0355948	0.757426	0.1238	0.864495	0.35926	0.4909	0.128546	0.0724563	0.11526	0.218733	0.0286601	1.67542	17.9299	18391.7	2.0	29381.5	-350327.0	7.0	3347340.0	1.0	2632.91	189.844	1457.81	152.312	0.356369	0.0323583	1.18689	0.0392664	
0.8-1.2	6.5-30.0	0.0-100.0	0.000-1.571	0.008	0.105	8673.0	8669.0	4992.11	179.303	3677.16	170.887	0.0075876	0.112648	-0.05	0.0	0.458569	0.325226	3.09207	0.00210016	0.0291978	0.0180478	0.0348133	0.0280176	0.03	0.0	1.492	0.0	5.0	0.0	1.733	0.0	0.0323594	0.00897365	1.45333e-05	7.48505e-05	0.309883	0.0378933	0.403107	0.16806	0.0021768	0.00196872	-0.0011721	0.00107089	1.46305	0.101114	0.98287	0.0769754	0.999953	892.856	0.36436	3.55493	0.545189	2.49499	0.00105316	1302.87	0.302426	1.38177	0.1009	0.413547	-26746.3	2.0	3021.93	-222283.0	7.0	251.853	1.0	3597.0	159.542	1395.11	106.176	0.279462	0.0187512	1.19978	0.0516084	
1.2-1.6	6.5-30.0	0.0-10.0	0.000-1.571	0.008	0.136	4638.0	4633.0	1938.86	105.067	2694.69	134.227	-0.137458	0.0941553	-0.05	0.0	0.582763	0.0	3.09131	0.0	0.0436412	0.0	0.0312224	0.0033073	0.03	0.0	1.492	0.0	5.0	0.0	1.733	0.0	0.0389441	0.00055316	1.03021e-05	0.137313	0.305725	0.0591703	0.0999774	0.0	0.00921681	0.0	0.000529968	0.000616259	2.02628	0.0	1.07895	0.0130663	0.943758	0.262641	0.390965	0.510205	0.460638	0.563439	0.264921	0.754413	0.565707	0.66691	0.0594026	0.0756066	9737.77	2.0	1663.78	-144043.0	4.0	19155.8	1.0	1364.12	98.7253	574.736	72.4722	0.296431	0.0337511	1.20757	0.00525368	
1.2-1.6	6.5-30.0	0.0-100.0	0.000-1.571	0.008	0.136	11514.0	11502.0	6006.39	201.141	5496.37	222.487	-0.235952	0.0759724	-0.05	0.0	0.582763	0.148	3.09131	0.0012219	0.0436412	0.00523973	0.0308478	0.00273473	0.03	0.0	1.492	0.0	5.0	0.0	1.733	0.0	0.0388194	0.00199414	1.03021e-05	0.137313	0.289268	0.0304446	0.0999774	0.0369937	0.00921681	0.0152857	0.000527875	0.000674914	2.02628	0.173102	1.07893	0.0262085	1.0	10.1688	0.452131	0.252225	0.527459	0.161374	0.0773785	3.54198	0.468203	0.248284	0.0818493	0.028761	-892.539	2.0	3784.6	-314911.0	7.0	181476.0	1.0	4398.7	179.704	1607.69	116.164	0.267664	0.0171375	1.20756	0.0288006	
1.2-1.6	6.5-30.0	10.0-20.0	0.000-1.571	0.008	0.128	2599.0	2593.0	1342.41	64.0998	1250.93	63.113	-0.218683	0.161557	-0.05	0.0	0.582763	0.0	3.09131	0.0	0.0436412	0.0	0.0367542	0.00491737	0.03	0.0	1.492	0.0	5.0	0.0	1.733	0.0	0.0409089	0.000921669	1.05393e-05	0.000462059	0.221961	0.0316781	0.0999774	0.0	0.00921681	0.0	0.000516638	0.000615935	2.02628	0.0	1.07811	0.0130705	0.684452	1.22233	0.53442	16.1714	0.343341	21.6008	0.113248	0.320494	0.209086	0.268225	0.0203167	13.5153	-6784.21	2.0	164.889	-41643.6	4.0	14.7292	1.0	935.994	62.7888	406.414	48.1821	0.30275	0.0328523	1.20689	0.00525422	
1.2-1.6	6.5-30.0	20.0-30.0	0.000-1.571	0.008	0.105	1893.0	1888.0	1121.54	59.0099	767.239	48.2034	-0.0855186	0.207921	-0.05	0.0	0.582763	0.0	3.09131	0.0	0.0436412	0.0	0.0264481	0.00385243	0.03	0.0	1.492	0.0	5.0	0.0	1.733	0.0	0.0374401	0.000567734	2.15115e-05	5.46744e-05	0.33978	0.101088	0.0999774	0.0	0.00921681	0.0	0.000511134	0.000616313	2.02628	0.0	1.07818	0.0131609	0.644678	0.743121	0.819115	5.52052	0.507649	1.00732	0.0288339	0.020614	0.155107	0.0922683	0.0267614	0.0458537	-5414.23	2.0	863.678	-33342.7	4.0	98.0453	1.0	841.404	62.7595	280.132	46.8626	0.249775	0.0396637	1.20695	0.00529065	
1.2-1.6	6.5-30.0	30.0-40.0	0.000-1.571	0.008	0.12	1173.0	1164.0	658.403	50.6443	506.333	57.4684	-0.334211	0.325674	-0.05	0.0	0.582763	0.0	3.09131	0.0	0.0436412	0.0	0.0283807	0.00474255	0.03	0.0	1.492	0.0	5.0	0.0	1.733	0.0	0.038026	0.000738429	1.02701e-05	1.42054	0.244486	0.0835703	0.0999774	0.0	0.00921681	0.0	0.000517313	0.000615945	2.02628	0.0	1.07792	0.0130961	0.999882	953.442	0.654091	14.8304	0.349954	2.44367	0.0912059	47.1453	0.677338	4.14498	0.0721992	0.698132	622.044	2.0	224.965	-25335.2	4.0	1463.48	1.0	530.896	50.7176	127.507	31.6363	0.193662	0.0456826	1.20674	0.00526426	
1.2-1.6	6.5-30.0	40.0-50.0	0.000-1.571	0.016	0.064	613.0	601.0	444.94	34.371	157.043	24.4847	-2.05093	0.691008	-0.05	0.0	0.582763	0.0	3.09131	0.0	0.0436412	0.0	0.0310295	0.00906168	0.03	0.0	1.492	0.0	5.0	0.0	1.733	0.0	0.0388797	0.00150874	1.70248e-05	0.000290648	0.304826	0.090539	0.0999774	0.0	0.00921681	0.0	0.000390459	0.000610438	2.02628	0.0	1.04715	0.0134426	0.550027	0.558464	0.955154	0.155571	2.64606e-06	265.814	0.0109996	0.0206021	0.326088	0.241355	0.10357	0.0936419	-1721.87	2.0	95.5244	-8605.54	4.0	26.1313	1.0	333.113	33.3505	111.827	22.9067	0.251331	0.0476815	1.18211	0.00535867	
1.2-1.6	6.5-30.0	50.0-100.0	0.000-1.571	0.016	0.073	596.0	591.0	485.778	37.8498	105.882	19.5856	-1.27051	0.613666	-0.05	0.0	0.582763	0.0	3.09131	0.0	0.0436412	0.0	0.0292031	0.00607972	0.03	0.0	1.492	0.0	5.0	0.0	1.733	0.0	0.0382849	0.000967471	1.14193e-05	0.000494472	0.365055	0.156904	0.0999774	0.0	0.00921681	0.0	0.000475899	0.000613568	2.02628	0.0	1.06261	0.0133814	0.839137	0.833468	0.619954	0.851745	1.22138e-08	2.01917	0.0388145	0.0528357	0.31714	0.178259	0.0305074	0.024418	-1883.93	2.0	428.087	-10313.1	4.0	17.196	1.0	360.341	40.1523	125.438	30.3225	0.25822	0.0590892	1.19446	0.00535704	
1.6-2.0	6.5-30.0	0.0-100.0	0.000-1.571	0.008	0.16	11939.0	11925.0	6034.95	184.352	5890.85	187.139	-0.419108	0.0937364	-0.05	0.0	0.558817	0.196722	3.09099	0.00127841	0.0537766	0.00408128	0.0341051	0.00668659	0.03	0.0	1.492	0.0	5.0	0.0	1.733	0.0	0.0461435	0.00171893	1.05212e-05	1.333	0.276213	0.0274821	0.352951	0.0860114	0.000933856	0.00217292	0.00383937	0.00104651	1.59661	0.0857668	0.915306	0.0511409	1.0	502.878	0.573588	107.108	0.65401	83.5501	0.00173839	1068.13	0.251986	4.16136	0.167257	7.10087	-30827.1	2.0	1263.54	-274961.0	7.0	52.3529	1.0	4678.33	173.956	1356.61	107.492	0.224793	0.0164347	1.20076	0.0387729	
1.6-2.4	3.0-30.0	0.0-100.0	0.000-1.571	0.008	0.264	178794.0	178786.0	35174.2	40678.9	143608.0	40546.0	0.0373592	0.069432	-0.05	0.0	0.942663	7.44236	3.08996	0.0191069	0.0523393	0.297645	0.0169821	1.06394	0.03	0.0	1.89	0.0	5.0	0.0	1.44	0.0	0.0509791	0.144391	2.36546e-05	4.62758e-05	0.301934	0.0248434	0.355594	0.0730674	0.00274748	0.0018247	0.00338583	0.000886108	1.59365	0.0691909	0.930941	0.0425009	1.0	641685.0	0.767168	2163.55	0.719256	7329.64	0.00101043	3596050.0	0.122729	4126.89	0.655176	2215.43	-530104.0	2.0	12138.0	-12150900.0	7.0	63062.8	1.0	28695.6	33189.9	6478.62	7507.98	0.184187	0.0136934	1.20896	0.0318311	
1.6-2.4	3.0-4.5	0.0-100.0	0.000-1.571	0.016	0.264	110493.0	110488.0	15105.2	669.146	95383.6	1034.8	0.267411	0.0362322	-0.05	0.0	0.929502	0.0730093	3.08874	0.0022655	0.056117	0.00396414	0.0141098	0.00721704	0.03	0.0	1.86	0.0	5.0	0.0	1.38	0.0	0.0542323	0.00215043	4.04496e-05	0.00458068	0.301999	0.0497922	0.108394	0.133316	-0.0499874	0.0991692	-0.0051076	0.010068	1.95905	0.562453	1.16334	0.0992718	1.0	90.9603	0.884888	1.12164	0.504579	5.97983	0.001	877.125	0.0757666	0.98723	0.99745	33.402	-370762.0	2.0	6203.89	-8874790.0	7.0	2562.18	1.0	12318.3	713.795	2786.83	476.408	0.184495	0.030462	1.27384	0.0897609	
1.6-2.4	3.0-5.5	0.0-100.0	0.000-1.571	0.016	0.264	145300.0	145292.0	23569.4	219655.0	121720.0	211939.0	0.14943	4.92354	-0.05	0.0	0.0363531	238.127	3.08919	0.102411	0.116158	132.849	0.0502331	2.24701	0.03	0.0	1.86	0.0	5.0	0.0	1.38	0.0	0.0540568	5.28547	7.85643e-05	0.00045627	0.323362	0.0454706	0.03134	0.030385	-0.0499983	0.0727918	0.00897843	0.00389901	2.42154	0.631738	1.18458	0.0393257	1.0	1240.88	0.761654	0.32944	0.793222	1.08979	0.00136303	430949.0	0.15911	1.00896	0.85068	0.260436	-464147.0	2.0	13265.0	-10742500.0	7.0	7667370.0	1.0	19989.8	186295.0	3579.63	33363.6	0.151876	0.0198096	1.24218	0.0380315	
1.6-2.4	3.0-6.5	0.0-10.0	0.000-1.571	0.016	0.264	77149.0	77140.0	9290.51	466.708	67852.1	799.461	0.0784305	0.041108	-0.05	0.0	0.95026	0.0	3.08995	0.0	0.0529652	0.0	0.0142367	0.0157572	0.03	0.0	1.86	0.0	5.0	0.0	1.38	0.0	0.0517287	0.000107853	1.10324e-05	0.0465138	0.296903	0.0814425	0.306676	0.0	-0.00606766	0.0	0.00468315	0.00254681	1.65447	0.0	1.03148	0.0271212	1.0	43873700.0	0.763989	69.4269	0.777672	187.472	0.00216329	70308100.0	0.19918	230.325	1.08009	36.9992	-124655.0	2.0	13469.4	-5634460.0	4.0	2365.41	1.0	7630.94	577.636	1659.57	440.074	0.178631	0.0465104	1.25583	0.00772224	
1.6-2.4	3.0-6.5	0.0-100.0	0.000-1.571	0.016	0.264	162584.0	162575.0	27157.7	780.948	135420.0	1157.33	0.0684839	0.0279988	-0.05	0.0	0.95026	0.0517754	3.08995	0.00135329	0.0529652	0.00270998	0.0152077	0.00699147	0.03	0.0	1.86	0.0	5.0	0.0	1.38	0.0	0.0517425	0.00146779	1.10324e-05	0.0465138	0.318653	0.0368507	0.306676	0.207312	-0.00606766	0.0158233	0.00469141	0.00315242	1.65447	0.204252	1.03152	0.113104	1.0	123.82	0.792524	0.00742283	0.732843	0.0626227	0.00146886	380931.0	0.124196	0.0385419	0.812895	0.0178782	-485230.0	2.0	12276.4	-11556300.0	7.0	4453.58	1.0	22540.1	812.97	4617.57	508.363	0.170028	0.0180691	1.25586	0.0866484	
1.6-2.4	3.0-6.5	0.0-20.0	0.000-1.571	0.016	0.264	126973.0	126965.0	17305.9	588.061	109662.0	1000.17	0.0804202	0.0321379	-0.05	0.0	0.95026	0.0	3.08995	0.0	0.0529652	0.0	0.0122614	0.00437398	0.03	0.0	1.86	0.0	5.0	0.0	1.38	0.0	0.0517035	2.57971e-05	1.10324e-05	0.0465138	0.310768	0.0518503	0.306676	0.0	-0.00606766	0.0	0.00468315	0.00254681	1.65447	0.0	1.03148	0.0271212	0.999999	3317.51	0.784117	0.447271	0.730584	3.74816	0.00101302	596717.0	0.123797	2.48011	0.897195	1.63546	-374044.0	2.0	10351.5	-9591010.0	4.0	2955.1	1.0	14442.6	669.639	2863.33	465.869	0.165454	0.026326	1.25583	0.00772224	
1.6-2.4	3.0-6.5	10.0-20.0	0.000-1.571	0.016	0.209	49824.0	49772.0	8034.81	372.102	41736.9	609.109	0.0895643	0.0516542	-0.05	0.0	0.95026	0.0	3.08995	0.0	0.0529652	0.0	0.011456	0.00330183	0.03	0.0	1.86	0.0	5.0	0.0	1.38	0.0	0.0516943	1.81979e-05	2.44459e-05	0.000226863	0.269944	0.0522118	0.306676	0.0	-0.00606766	0.0	0.00464083	0.00254849	1.65447	0.0	1.0309	0.0273153	0.999996	19.1111	0.845624	0.00164315	0.713782	0.0251115	0.00101316	945.767	0.101715	0.00933835	0.629116	0.0116565	-260860.0	2.0	1119.72	-3361520.0	4.0	1106.16	1.0	6867.81	400.121	1167.01	248.713	0.145244	0.0302148	1.25551	0.00777521	
1.6-2.4	3.0-6.5	20.0-30.0	0.000-1.571	0.016	0.192	19540.0	19536.0	4112.83	216.838	15422.6	314.416	-0.00149784	0.0686444	-0.05	0.0	0.95026	0.0	3.08995	0.0	0.0529652	0.0	0.0570302	0.0488482	0.03	0.0	1.86	0.0	5.0	0.0	1.38	0.0	0.0531747	0.00130294	3.37661e-05	0.00022371	0.300378	0.0610062	0.306676	0.0	-0.00606766	0.0	0.00457736	0.00255245	1.65447	0.0	1.03204	0.0274937	0.999989	22.0376	0.80045	0.00590987	0.721292	0.0289187	0.00278625	178.608	0.106598	0.0114968	0.525569	0.0223091	-64928.0	2.0	952.713	-804204.0	4.0	147.325	1.0	3325.71	229.957	787.117	154.462	0.191381	0.0361753	1.25615	0.00783056	
1.6-2.4	3.0-6.5	20.0-40.0	0.000-1.571	0.016	0.192	29150.0	29139.0	6830.89	251.708	22309.2	366.481	0.0229875	0.0573131	-0.05	0.0	0.95026	0.0	3.08995	0.0	0.0529652	0.0	0.0262312	0.0154908	0.03	0.0	1.86	0.0	5.0	0.0	1.38	0.0	0.0519615	0.000194484	3.37661e-05	0.00022371	0.327236	0.058231	0.306676	0.0	-0.00606766	0.0	0.00457736	0.00255245	1.65447	0.0	1.03204	0.0274937	0.999972	11.8529	0.819743	0.00451823	0.730614	0.0224516	0.00143205	101.711	0.111894	0.00896008	0.474652	0.0151357	-97079.3	2.0	1792.11	-1259690.0	4.0	241.456	1.0	5607.95	280.339	1222.94	194.728	0.179031	0.0277332	1.25615	0.00783056	
1.6-2.4	3.0-6.5	30.0-40.0	0.000-1.571	0.016	0.152	9609.0	9521.0	2745.76	148.258	6775.27	199.852	0.101463	0.104899	-0.05	0.0	0.95026	0.0	3.08995	0.0	0.0529652	0.0	0.01469	0.00907729	0.03	0.0	1.86	0.0	5.0	0.0	1.38	0.0	0.051735	6.41015e-05	2.09228e-05	0.00043611	0.37949	0.12573	0.306676	0.0	-0.00606766	0.0	0.00460862	0.00256922	1.65447	0.0	1.03406	0.0284504	1.0	4.30419	0.867569	0.00158455	0.774798	0.00172051	0.00132572	89.5097	0.146064	0.00074495	0.224829	0.00205545	-38919.3	2.0	793.502	-359751.0	4.0	137.31	1.0	2298.97	171.789	446.788	121.178	0.16272	0.0432495	1.2573	0.00811149	
1.6-2.4	3.0-6.5	40.0-100.0	0.000-1.571	0.016	0.168	6460.0	6457.0	3027.15	123.594	3430.18	129.443	-0.00207779	0.131723	-0.05	0.0	0.95026	0.0	3.08995	0.0	0.0529652	0.0	0.0148943	0.00586863	0.03	0.0	1.86	0.0	5.0	0.0	1.38	0.0	0.0517379	4.20169e-05	3.29575e-05	0.000302831	0.336266	0.0782656	0.306676	0.0	-0.00606766	0.0	0.00455373	0.00255478	1.65447	0.0	1.03001	0.027792	0.999933	9.1439	0.818338	0.0076439	0.751839	0.0129867	0.00130767	11.3446	0.206301	0.00748764	0.320031	0.0123578	-21717.1	2.0	925.967	-189552.0	4.0	63.3624	1.0	2504.66	139.641	522.491	97.4544	0.172602	0.0314127	1.255	0.00790722	
1.6-2.4	3.0-6.5	40.0-50.0	0.000-1.571	0.016	0.145	3742.0	3718.0	1528.27	89.9024	2189.83	102.952	0.0333003	0.165856	-0.05	0.0	0.95026	0.0	3.08995	0.0	0.0529652	0.0	0.0270628	0.0269314	0.03	0.0	1.86	0.0	5.0	0.0	1.38	0.0	0.0519827	0.000348697	2.68027e-05	0.46819	0.316385	0.0863295	0.306676	0.0	-0.00606766	0.0	0.00465929	0.00257724	1.65447	0.0	1.03623	0.028742	0.717012	108.835	0.874182	187.345	0.247179	169.736	0.00202105	44.1751	0.05	0.017356	0.316491	2.04066	-12087.4	2.0	341.853	-99558.3	4.0	54.8333	1.0	1229.08	95.9335	299.194	65.4632	0.195772	0.0412576	1.25854	0.00820374	
1.6-2.4	3.0-6.5	50.0-100.0	0.000-1.571	0.016	0.168	2717.0	2717.0	1507.76	84.98	1209.96	77.3624	0.0117837	0.221307	-0.05	0.0	0.95026	0.0	3.08995	0.0	0.0529652	0.0	0.0122	0.0078081	0.03	0.0	1.86	0.0	5.0	0.0	1.38	0.0	0.0517028	4.58213e-05	3.29575e-05	0.000302831	0.369889	0.128443	0.306676	0.0	-0.00606766	0.0	0.00455373	0.00255478	1.65447	0.0	1.03001	0.027792	0.693249	20.8048	0.811357	10.0569	0.639805	26.2609	0.00100386	1.56155	0.2099	0.0757041	0.286483	0.200635	-10235.4	2.0	586.715	-73427.8	4.0	30.7779	1.0	1251.78	96.6406	255.979	67.601	0.169774	0.0438025	1.255	0.00790722	
1.6-2.4	4.5-5.5	0.0-100.0	0.000-1.571	0.016	0.192	34806.0	34760.0	7635.61	440.779	27124.3	551.424	-0.339578	0.0575358	-0.05	0.0	0.0906497	0.357173	3.08946	0.00229495	0.0311112	0.0496377	0.0514029	0.00745984	0.03	0.0	1.86	0.0	5.0	0.0	1.38	0.0	0.0499047	0.00376466	6.47859e-05	0.000417763	0.326712	0.0580433	0.00904143	0.0167101	-0.00999986	0.0162899	0.01	0.0123841	3.71443	3.4468	1.20383	0.0412538	0.999998	12.0986	0.508029	0.026986	0.812144	0.00866637	0.00199071	179.022	0.29963	0.0119819	0.219028	0.00820657	-86715.5	2.0	4367.04	-1430360.0	7.0	249.022	1.0	6182.15	410.992	1453.46	220.441	0.190353	0.0266972	1.24934	0.0651066	
1.6-2.4	5.5-6.5	0.0-100.0	0.000-1.571	0.016	0.168	17283.0	17249.0	5144.33	284.659	12104.7	327.503	-0.474195	0.0705483	-0.05	0.0	0.894796	0.489714	3.09305	0.00218903	0.0528807	0.00888451	0.0309838	0.0364752	0.03	0.0	1.86	0.0	5.0	0.0	1.38	0.0	0.0510213	0.00428137	1.17885e-05	0.00076077	0.268648	0.0525847	0.629091	0.0991769	-0.00318596	0.00445285	0.00284783	0.00454414	1.49269	0.0754044	0.737226	0.0958185	0.880474	0.0902068	0.337555	0.786232	0.409052	1.39344	0.21847	0.1074	0.286968	0.0683294	0.0341857	0.0746154	-31594.6	2.0	4110.31	-563092.0	7.0	974.726	1.0	4133.41	278.727	1010.92	168.834	0.196512	0.0309658	1.26621	0.0444636	
1.6-2.4	6.5-30.0	0.0-10.0	0.000-1.571	0.008	0.184	6362.0	6362.0	2706.92	112.825	3655.66	125.009	-0.413212	0.111274	-0.05	0.0	0.692622	0.0	3.09081	0.0	0.0557986	0.0	0.0309562	0.00489845	0.03	0.0	1.492	0.0	5.0	0.0	1.733	0.0	0.0495078	0.000470734	3.57761e-05	7.18959e-05	0.306373	0.0533024	0.337019	0.0	0.00343684	0.0	0.00327891	0.000754307	1.60396	0.0	0.921482	0.0145025	0.999944	1009.77	0.36175	4.66415	0.538773	3.50889	0.0010032	1555.17	0.320629	2.07757	0.0941958	0.587058	-14834.2	2.0	557.917	-155374.0	4.0	34.9234	1.0	2179.56	114.21	527.354	72.625	0.194817	0.0255711	1.19583	0.00370453	
1.6-2.4	6.5-30.0	0.0-100.0	0.000-1.571	0.008	0.152	16210.0	16191.0	8303.94	275.064	7887.71	274.044	-0.450065	0.078077	-0.05	0.0	0.692622	0.164678	3.09081	0.00119779	0.0557986	0.0052156	0.0306683	0.00395755	0.03	0.0	1.492	0.0	5.0	0.0	1.733	0.0	0.0494527	0.00275102	1.37144e-05	0.000327844	0.267145	0.0217009	0.337019	0.0765519	0.00343684	0.00197833	0.00326396	0.000895934	1.60396	0.0792233	0.922691	0.0445784	0.999999	20.3845	0.616932	3.03965	0.653293	3.0742	0.0011855	45.9379	0.234998	0.0528818	0.168892	0.0577725	-46889.4	2.0	1287.49	-399009.0	7.0	68.7198	1.0	6441.14	242.714	1862.8	131.131	0.224327	0.0139338	1.19644	0.0347603	
1.6-2.4	6.5-30.0	10.0-20.0	0.000-1.571	0.008	0.16	4094.0	4094.0	2005.36	87.5615	2088.71	87.8692	-0.368026	0.136584	-0.05	0.0	0.692622	0.0	3.09081	0.0	0.0557986	0.0	0.032879	0.00542395	0.03	0.0	1.492	0.0	5.0	0.0	1.733	0.0	0.0498874	0.000549396	3.34301e-05	6.81326e-05	0.228921	0.0330348	0.337019	0.0	0.00343684	0.0	0.00327095	0.000754812	1.60396	0.0	0.922452	0.0145393	0.818082	54.3851	0.773923	25.5916	0.586537	2.68374	0.00137156	56.0004	0.138219	4.71408	0.255469	17.8413	-13322.3	2.0	153.494	-82130.6	4.0	7.23552	1.0	1538.37	88.8585	466.991	61.6415	0.232872	0.0290079	1.19632	0.0037163	
1.6-2.4	6.5-30.0	20.0-30.0	0.000-1.571	0.008	0.152	2556.0	2556.0	1446.18	68.8757	1109.92	61.9409	-0.630061	0.189165	-0.05	0.0	0.692622	0.0	3.09081	0.0	0.0557986	0.0	0.0253288	0.00343772	0.03	0.0	1.492	0.0	5.0	0.0	1.733	0.0	0.0485146	0.000275839	1.37144e-05	0.000327844	0.296549	0.0549756	0.337019	0.0	0.00343684	0.0	0.00326442	0.000755007	1.60396	0.0	0.92279	0.0145543	0.99993	95.434	0.69523	7.90934	0.715135	8.59324	0.00136544	77.7747	0.187173	2.21461	0.350865	0.275063	-7607.92	2.0	288.815	-47583.7	4.0	5.35084	1.0	1098.77	69.1732	347.404	48.1688	0.240222	0.0312812	1.1965	0.00372095	
1.6-2.4	6.5-30.0	30.0-40.0	0.000-1.571	0.008	0.12	1574.0	1572.0	980.312	55.6839	591.938	45.6096	-0.538775	0.253228	-0.05	0.0	0.692622	0.0	3.09081	0.0	0.0557986	0.0	0.0271755	0.00454256	0.03	0.0	1.492	0.0	5.0	0.0	1.733	0.0	0.0488208	0.000388612	2.16233e-05	4.66746e-05	0.226457	0.0426903	0.337019	0.0	0.00343684	0.0	0.0032601	0.00075556	1.60396	0.0	0.922889	0.014672	0.998112	287.215	0.999999	11.6173	0.727996	18.4602	0.00105621	258.02	0.272431	0.333932	0.0200767	59.3668	-5281.95	2.0	167.483	-27333.3	4.0	5.14259	1.0	690.282	56.6077	290.03	44.0278	0.295855	0.0416494	1.19655	0.00375129	
1.6-2.4	6.5-30.0	40.0-50.0	0.000-1.571	0.008	0.136	859.0	858.0	567.212	39.2238	291.488	30.6272	-0.954309	0.355934	-0.05	0.0	0.692622	0.0	3.09081	0.0	0.0557986	0.0	0.0304329	0.00624678	0.03	0.0	1.492	0.0	5.0	0.0	1.733	0.0	0.049408	0.000591351	2.39456e-05	0.218028	0.251018	0.0607548	0.337019	0.0	0.00343684	0.0	0.00325848	0.000755403	1.60396	0.0	0.923224	0.0146088	0.716239	0.073795	1.0	4.08237	0.416552	0.0694849	0.0412932	0.0103007	0.263124	0.0404293	0.0381924	14.7791	-2806.01	2.0	41.7627	-12257.5	4.0	1.44002	1.0	439.454	38.5283	127.758	25.2782	0.225239	0.0417552	1.19672	0.00373596	
1.6-2.4	6.5-30.0	50.0-100.0	0.000-1.571	0.008	0.088	763.0	747.0	590.055	39.2688	157.157	24.0367	-0.265353	0.468681	-0.05	0.0	0.692622	0.0	3.09081	0.0	0.0557986	0.0	0.0452839	0.00907715	0.03	0.0	1.492	0.0	5.0	0.0	1.733	0.0	0.05279	0.0011967	2.43092e-05	6.66999e-05	0.224705	0.0578156	0.337019	0.0	0.00343684	0.0	0.00316705	0.000756315	1.60396	0.0	0.915793	0.0150475	0.660987	0.132052	0.999997	13.7924	0.213	0.195722	0.0415352	0.0115893	0.237263	0.0495066	0.0444075	134.794	-2995.94	2.0	36.4796	-10819.6	4.0	1.0723	1.0	469.418	40.215	120.637	26.5659	0.20445	0.0429175	1.19293	0.00382929	
2.0-2.4	6.5-30.0	0.0-100.0	0.000-1.571	0.008	0.152	4271.0	4269.0	2331.87	109.925	1937.54	104.181	-0.532256	0.158679	-0.05	0.0	0.851183	0.0958834	3.09096	0.00255802	0.0622723	0.00472552	0.0235336	0.00791994	0.03	0.0	1.492	0.0	5.0	0.0	1.733	0.0	0.058165	0.00256311	1.78875e-05	0.00273266	0.241686	0.0324258	0.349037	0.147135	0.00999999	0.0029756	0.00181642	0.00209663	1.55328	0.141848	0.910034	0.0857038	0.858198	0.0291371	1.0	1202.97	0.63777	0.0182776	0.144157	0.0195126	0.192942	0.0104519	0.116447	3826.49	-16231.4	2.0	109.25	-98024.3	7.0	3.94566	1.0	1808.53	104.439	523.335	65.1749	0.224428	0.02587	1.17525	0.0632178	
