const
rap	pT	cent	dPhi	ctauErrMin	ctauErrMax	NoCutEntry	CutEntry	NSig	NSigErr	NBkg	NBkgErr	coefExp	coefExpErr	coefPol1	coefPol1Err	coeffGaus	coeffGausErr	meanSig1	meanSig1Err	sigmaSig1	sigmaSig1Err	sigmaSig2	sigmaSig2Err	sigmaSig3	sigmaSig3Err	alpha	alphaErr	enne	enneErr	enneW	enneWErr	sigWidth	sigWidthErr	Gmc	GmcErr	bTau	bTauErr	fracRes	fracResErr	meanResSigW	meanResSigWErr	meanResSigN	meanResSigNErr	sigmaResSigW	sigmaResSigWErr	sigmaResSigN	sigmaResSigNErr	fpm	fpmErr	fLiving	fLivingErr	fbkgCtTot	fbkgCtTotErr	lambdam	lambdamErr	lambdap	lambdapErr	lambdasym	lambdasymErr	NLL	nFitPar	EDM	NLLMass	nFitParMass	EDMMass	Prob	PROMPT	PROMPTErr	NON-PROMPT	NON-PROMPTErr	Bfraction	BfractionErr	Resolution	ResolutionErr	
0.0-0.4	6.5-30.0	0.0-100.0	0.000-1.571	0.008	0.064	5368.0	5365.0	3535.67	208.338	1829.4	169.358	-0.193664	0.265535	-0.05	0.0	0.572735	0.221765	3.09292	0.00129246	0.0190578	0.00698198	0.0187904	0.0109394	0.03	0.0	1.492	0.04	5.0	0.0	1.733	0.07	0.018944	0.00306908	1.86511e-05	9.62505e-05	0.448947	0.113181	0.650386	0.167133	-0.000266231	0.00113589	0.00208033	0.00184292	1.30969	0.063225	0.70888	0.0388837	0.679468	0.904969	0.562627	0.587552	0.253057	0.526829	0.0331355	0.120624	0.379984	0.209728	0.071737	0.0312935	-13457.3	4.0	14737.9	-237743.0	7.0	140772.0	1.0	2237.19	174.539	1298.48	137.623	0.367252	0.0323542	1.13635	0.0506767	
0.0-1.2	6.5-30.0	0.0-10.0	0.000-1.571	0.008	0.088	7334.0	7331.0	3923.8	143.276	3408.17	140.21	0.0316424	0.138722	-0.05	0.0	0.446683	0.141552	3.09224	0.000700352	0.0174992	0.00306844	0.0354462	0.00352046	0.03	0.0	1.492	0.04	5.0	0.0	1.733	0.07	0.0288442	0.00126705	1.48841e-05	2.84191e-05	0.316768	0.0551034	0.236177	0.0	5.83622e-05	0.0	0.00225493	0.00130275	1.60413	0.0	0.948349	0.0347807	0.744687	2.00621	0.528004	1.57752	0.516351	0.28205	0.0440311	0.0848095	0.262077	0.147841	0.106494	0.139471	-22135.5	4.0	6449.08	-234272.0	7.0	553.153	1.0	2629.48	147.274	1294.31	121.262	0.329862	0.0284603	1.13785	0.011071	
0.0-1.2	6.5-30.0	0.0-100.0	0.000-1.571	0.008	0.105	20204.0	20200.0	12646.8	352.316	7553.94	309.705	0.0208013	0.16694	-0.05	0.0	0.523027	0.424735	3.09236	0.000802309	0.0194545	0.00447991	0.0360854	0.0152797	0.03	0.0	1.492	0.04	5.0	0.0	1.733	0.07	0.028619	0.00466319	1.87255e-05	2.6751e-05	0.40665	0.0551927	0.236177	0.079527	5.83622e-05	0.00144617	0.000978378	0.000661788	1.60413	0.0920545	0.894826	0.0190374	0.607088	0.207873	0.933634	0.0857356	0.465937	0.175289	0.0588011	0.0360479	0.224948	0.0380606	1.23013	5.83627	-10984.6	4.0	55023.6	-922403.0	7.0	1232330.0	1.0	8462.74	325.432	4184.03	252.806	0.330838	0.0177383	1.10424	0.0360917	
0.0-1.2	6.5-30.0	10.0-20.0	0.000-1.571	0.008	0.088	4975.0	4974.0	3062.84	217.974	1911.1	180.097	0.107111	0.325117	-0.05	0.0	0.631001	0.47658	3.0908	0.00122586	0.0187231	0.00672376	0.0430054	0.0289095	0.03	0.0	1.492	0.04	5.0	0.0	1.733	0.07	0.0300608	0.00774414	1.48841e-05	2.84191e-05	0.516024	0.171285	0.236177	0.0	5.83622e-05	0.0	0.0011819	0.00145316	1.60413	0.0	0.913602	0.0409078	0.463076	3.53385	0.844527	0.75559	0.333945	3.89219	0.0363785	0.203919	0.281163	0.249901	0.574749	1.66868	-2760.86	4.0	17618.9	-247730.0	7.0	2135620.0	1.0	1889.84	182.395	1173.0	148.821	0.382976	0.0402251	1.11592	0.0127907	
0.0-1.2	6.5-30.0	20.0-30.0	0.000-1.571	0.008	0.105	3478.0	3475.0	2333.77	1050.21	1141.75	919.013	0.444403	3.04055	-0.05	0.0	3.63743e-07	204.474	3.09196	0.0102368	0.019475	0.0854229	0.0250002	0.0579944	0.03	0.0	1.492	0.04	5.0	0.0	1.733	0.07	0.0250002	0.0289972	1.87255e-05	2.6751e-05	0.555303	0.305682	0.236177	0.0	5.83622e-05	0.0	0.00137619	0.00157193	1.60413	0.0	0.865601	0.0439766	0.551628	0.147142	0.999988	35.4794	0.409463	0.221521	0.0457225	0.00980773	0.21327	0.0581867	0.0368002	251.519	19061.7	4.0	19587.5	-174890.0	7.0	66114300.0	1.0	1558.66	712.271	775.104	370.166	0.332126	0.053107	1.0863	0.013383	
0.0-1.2	6.5-30.0	30.0-40.0	0.000-1.571	0.008	0.064	2015.0	2013.0	1442.84	102.83	570.898	75.1449	-0.509285	0.348681	-0.05	0.0	0.697108	0.290818	3.09322	0.00107156	0.0215346	0.00434161	0.0463578	0.0141053	0.03	0.0	1.492	0.04	5.0	0.0	1.733	0.07	0.0312122	0.00334014	2.67574e-05	4.09709e-05	0.301308	0.0733622	0.236177	0.0	5.83622e-05	0.0	-0.000909234	0.00173679	1.60413	0.0	0.843645	0.0474902	0.565111	0.0268461	0.999999	29.2242	0.4194	0.0266327	0.0675211	0.00598475	0.193183	0.0128229	0.0693398	239.633	-11365.5	4.0	1899.94	-57164.6	7.0	51727.2	1.0	1017.68	94.318	425.159	67.4799	0.294668	0.0417887	1.07302	0.0142599	
0.0-1.2	6.5-30.0	40.0-50.0	0.000-1.571	0.016	0.048	1242.0	1226.0	939.428	329.117	287.13	273.7	-0.532608	3.13326	-0.05	0.0	0.884084	1.18278	3.09253	0.00395317	0.0253035	0.0226106	0.074941	0.699529	0.03	0.0	1.492	0.04	5.0	0.0	1.733	0.07	0.0348863	0.0873945	1.07336e-05	8.63113e-05	0.314999	0.0740531	0.236177	0.0	5.83622e-05	0.0	-0.00279884	0.00216259	1.60413	0.0	0.90013	0.0704181	0.707231	19.2208	1.0	0.0030688	0.25286	20.7899	0.00832508	0.37536	0.86204	6.14975	1.86656	23.1217	-4020.62	4.0	719.704	-30866.7	7.0	344150.0	1.0	631.558	225.032	307.871	115.402	0.327721	0.0436853	1.10753	0.0218574	
0.0-1.2	6.5-30.0	50.0-100.0	0.000-1.571	0.008	0.056	1157.0	1155.0	1000.15	300.154	155.297	245.019	-1.50097	4.93617	-0.05	0.0	0.884851	0.262884	3.09475	0.00323029	0.0231442	0.00610643	0.089948	0.106407	0.03	0.0	1.492	0.04	5.0	0.0	1.733	0.07	0.0374914	0.0198546	1.7457e-05	3.13754e-05	0.399316	0.1442	0.236177	0.0	5.83622e-05	0.0	0.00183436	0.0015707	1.60413	0.0	0.780144	0.0632469	0.514884	0.241284	0.999999	120.154	3.49099e-07	0.228689	0.0152734	0.00809141	0.2212	0.0509182	0.021812	690.257	-5597.15	4.0	1533.32	-31319.8	7.0	24771.3	1.0	721.522	220.955	278.631	94.4773	0.278588	0.0439682	1.03567	0.0181951	
0.0-2.4	10.0-13.0	0.0-100.0	0.000-1.571	0.008	0.136	6530.0	6528.0	4751.25	396.418	1777.54	300.792	-0.714611	0.355574	-0.05	0.0	0.487138	0.540152	3.0919	0.00286094	0.0421767	0.00910277	0.0218233	0.0113378	0.03	0.0	1.492	0.04	5.0	0.0	1.733	0.07	0.0333288	0.00339061	1.21637e-05	1.85867	0.439917	0.104286	0.294117	0.0867943	0.000270012	0.00176522	0.000315177	0.000938014	1.60695	0.0922641	0.795737	0.0261932	0.8704	0.300648	0.528695	0.23277	1.95432e-06	8.24477	0.0838929	0.0911393	0.28412	0.0603073	0.0264162	0.0172482	-5499.34	4.0	19687.1	-214137.0	7.0	15355.8	1.0	3190.47	296.91	1560.78	185.077	0.328498	0.0276795	1.09839	0.0438343	
0.0-2.4	10.0-30.0	0.0-100.0	0.000-1.571	0.004	0.144	10143.0	10141.0	7437.93	350.426	2703.63	267.105	-0.74222	0.211843	-0.05	0.0	0.481697	0.289066	3.09296	0.00157721	0.0435219	0.00621581	0.0214885	0.00607688	0.03	0.0	1.492	0.04	5.0	0.0	1.733	0.07	0.0339372	0.00216339	1.70873e-05	5.44529e-05	0.396294	0.059985	0.236071	0.0672041	0.00122446	0.0014114	0.000213781	0.000673873	1.62051	0.0854295	0.860883	0.0206789	0.910478	0.469024	0.727076	0.813985	0.283254	0.483606	0.0788182	0.137056	0.301287	0.0723163	0.0381221	0.0729893	-10005.6	4.0	24201.7	-306560.0	7.0	278580.0	1.0	4826.31	271.289	2611.62	192.441	0.351121	0.0198936	1.08908	0.0333114	
0.0-2.4	11.0-13.0	0.0-100.0	0.000-1.571	0.008	0.105	3501.0	3500.0	2640.39	252.324	860.202	192.154	-0.905702	0.372968	-0.05	0.0	0.48152	0.589485	3.09168	0.00335207	0.0445112	0.0190637	0.02096	0.0121877	0.03	0.0	1.492	0.04	5.0	0.0	1.733	0.07	0.0343772	0.00624722	1.31317e-05	0.000141526	0.536621	0.206064	0.127384	0.054916	-0.0011181	0.00400296	0.00187577	0.00140655	1.9166	0.182182	0.918018	0.0403898	0.813986	0.726233	0.588062	0.392378	1.84314e-05	10.7976	0.0724625	0.148905	0.29456	0.090672	0.0200019	0.194959	-2374.65	4.0	15850.6	-145497.0	7.0	2532270.0	1.0	1647.94	193.072	992.454	146.531	0.375874	0.0423033	1.09696	0.0433997	
0.0-2.4	13.0-16.0	0.0-100.0	0.000-1.571	0.008	0.08	2178.0	2173.0	1664.81	112.762	508.571	84.9639	-0.597642	0.336674	-0.05	0.0	0.600607	0.379708	3.09473	0.00226261	0.0454096	0.0113429	0.0172956	0.0103302	0.03	0.0	1.492	0.04	5.0	0.0	1.733	0.07	0.0368503	0.00430774	3.22941e-05	7.28178e-05	0.439792	0.113562	0.190435	0.151414	0.000860929	0.00325109	0.00242088	0.00141896	1.61744	0.225591	0.938596	0.0450278	0.957122	2.67784	0.687587	3.23514	0.135138	0.603396	0.0479337	0.143471	0.23598	0.262856	0.0388544	0.108024	-4188.48	4.0	2910.32	-46684.1	7.0	235709.0	1.0	1093.41	94.4861	571.395	70.2898	0.34322	0.0352446	1.10063	0.0692766	
0.0-2.4	13.0-30.0	0.0-100.0	0.000-1.571	0.008	0.105	3612.0	3612.0	2692.66	107.648	920.089	82.842	-0.811038	0.213995	-0.05	0.0	0.473241	0.22421	3.09491	0.00128401	0.0463583	0.00786237	0.0207826	0.00428043	0.03	0.0	1.492	0.04	5.0	0.0	1.733	0.07	0.0352782	0.00253331	1.00009e-05	0.0022258	0.334357	0.0497321	0.132772	0.0920488	0.00351245	0.00313808	0.000100726	0.000913482	1.67468	0.204192	0.933001	0.0327847	0.910377	0.928683	0.851517	1.54034	0.34548	0.365607	0.042695	0.0343165	0.329477	0.131763	0.0402956	0.0326114	-5815.04	4.0	3775.67	-73245.5	7.0	246026.0	1.0	1637.2	94.7234	1055.47	80.43	0.391979	0.0254293	1.06173	0.0486868	
0.0-2.4	16.0-30.0	0.0-100.0	0.000-1.571	0.008	0.064	1434.0	1432.0	1028.93	50.5413	403.36	40.4118	-0.999164	0.344619	-0.05	0.0	0.280417	0.42829	3.09387	0.00185201	0.019867	0.00804557	0.0359662	0.0106169	0.03	0.0	1.492	0.04	5.0	0.0	1.733	0.07	0.0322724	0.00431335	1.03669e-05	0.000212641	0.228865	0.0286037	0.0950778	0.106211	0.00728087	0.00535444	-0.00140734	0.00108071	1.70142	0.346312	0.882419	0.0437541	0.562435	7.99405	0.973445	0.444146	0.111767	13.6386	0.0074105	0.0286747	0.432855	0.15449	0.0549895	0.0784828	-2399.41	4.0	446.425	-20864.1	7.0	115.802	1.0	554.791	42.1722	474.136	39.7273	0.460806	0.0312797	0.98988	0.065836	
0.0-2.4	6.5-30.0	0.0-10.0	0.000-1.571	0.008	0.184	18323.0	18323.0	8515.48	213.506	9808.2	230.339	-0.14597	0.07532	-0.05	0.0	0.410135	0.134978	3.09239	0.000529771	0.0484837	0.00294634	0.024954	0.00325422	0.03	0.0	1.492	0.04	5.0	0.0	1.733	0.07	0.0364884	0.001037	1.10484e-05	0.188378	0.316798	0.0375348	0.197932	0.0	0.00209112	0.0	0.00410614	0.000842468	1.70729	0.0	0.989705	0.0200837	0.214391	246.609	0.728443	177.151	0.000218697	2632.36	0.00408637	5.03239	0.354048	10.0736	0.100898	23.1231	-30142.7	4.0	9625.52	-581372.0	7.0	534.173	1.0	6136.43	219.561	2379.05	167.611	0.27938	0.0183944	1.1673	0.00682888	
0.0-2.4	6.5-30.0	0.0-100.0	0.000-1.571	0.004	0.184	47830.0	47830.0	26912.2	551.284	20918.5	530.828	-0.191309	0.0568223	-0.05	0.0	0.415856	0.131677	3.0925	0.000515874	0.0491038	0.00615506	0.0243005	0.00214782	0.03	0.0	1.492	0.04	5.0	0.0	1.733	0.07	0.0367103	0.00176152	1.10484e-05	0.188378	0.345501	0.0288425	0.197932	0.0374389	0.00209112	0.00129423	0.00251774	0.000451332	1.70729	0.0620358	0.934284	0.011427	0.604006	0.238548	0.924133	0.0944708	0.534688	0.171146	0.0579142	0.0385106	0.24491	0.0489502	0.625065	1.46201	-54010.1	4.0	69469.1	-1772420.0	7.0	7224.39	1.0	19271.2	503.721	7641.01	349.854	0.283924	0.0116262	1.13007	0.0196574	
0.0-2.4	6.5-30.0	0.0-5.0	0.000-1.571	0.008	0.184	9982.0	9982.0	4574.02	163.959	5408.68	172.402	-0.0538519	0.10149	-0.05	0.0	0.504535	0.170197	3.09222	0.000583783	0.0470478	0.00297403	0.0219192	0.00549705	0.03	0.0	1.492	0.04	5.0	0.0	1.733	0.07	0.0368081	0.00125589	1.10484e-05	0.188378	0.327007	0.0599671	0.197932	0.0	0.00209112	0.0	0.00488695	0.0012162	1.70729	0.0	1.0503	0.0288009	0.661611	0.939946	0.836924	0.72626	0.640418	0.421676	0.0612052	0.200107	0.231463	0.107232	0.278273	0.806538	-18245.9	4.0	6058.06	-291721.0	7.0	609.493	1.0	3313.2	172.25	1260.82	132.694	0.275648	0.0272758	1.20902	0.0100338	
0.0-2.4	6.5-30.0	10.0-15.0	0.000-1.571	0.008	0.152	6331.0	6330.0	3474.04	128.274	2855.9	120.437	-0.163761	0.13322	-0.05	0.0	0.36593	0.0819135	3.09236	0.000559366	0.0677294	0.00938986	0.024072	0.00201323	0.03	0.0	1.492	0.04	5.0	0.0	1.733	0.07	0.0452332	0.00316625	2.54256e-05	2.68579e-05	0.328274	0.0506855	0.197932	0.0	0.00209112	0.0	0.00455232	0.00131896	1.70729	0.0	0.940291	0.0304742	0.403132	0.0877692	0.844101	0.140718	0.347452	0.145207	0.0293786	0.00966703	0.17413	0.0403239	0.176131	0.102728	-17557.4	4.0	2680.08	-158232.0	7.0	596.362	1.0	2441.12	129.603	1032.92	100.634	0.297326	0.0268065	1.13406	0.0101331	
0.0-2.4	6.5-30.0	10.0-20.0	0.000-1.571	0.008	0.16	11656.0	11654.0	6436.78	419.623	5217.16	387.543	-0.147632	0.169286	-0.05	0.0	0.439237	0.303219	3.09156	0.00102302	0.0530487	0.0150613	0.0225539	0.00653117	0.03	0.0	1.492	0.04	5.0	0.0	1.733	0.07	0.0390042	0.00462172	1.13588e-05	0.0219528	0.393269	0.0782927	0.197932	0.0	0.00209112	0.0	0.00294205	0.00104854	1.70729	0.0	0.955357	0.024987	0.476782	2.07054	0.854307	0.453346	0.419592	1.93779	0.0350464	0.117934	0.201093	0.170244	0.419229	0.974888	-10990.3	4.0	21906.4	-410234.0	7.0	1873510.0	1.0	4439.98	339.22	1996.8	219.624	0.310217	0.0274808	1.14411	0.00836744	
0.0-2.4	6.5-30.0	15.0-20.0	0.000-1.571	0.008	0.16	5324.0	5324.0	3011.28	301.763	2312.84	258.412	-0.179344	0.303062	-0.05	0.0	0.624237	0.479793	3.09129	0.00142869	0.043341	0.0106457	0.0183426	0.014406	0.03	0.0	1.492	0.04	5.0	0.0	1.733	0.07	0.0360419	0.00422638	1.13588e-05	0.0219528	0.463672	0.172749	0.197932	0.0	0.00209112	0.0	-0.000229059	0.00157692	1.70729	0.0	0.97315	0.0384451	0.717557	0.933801	0.771815	0.472205	0.547305	0.519938	0.0542343	0.132081	0.244686	0.30325	0.586708	2.01254	1714.53	4.0	17829.1	-220999.0	7.0	1236060.0	1.0	2020.42	246.755	990.858	172.494	0.329049	0.0468402	1.15608	0.0129782	
0.0-2.4	6.5-30.0	20.0-25.0	0.000-1.571	0.008	0.145	4285.0	4285.0	2547.46	132.767	1738.3	115.523	-0.20107	0.209744	-0.05	0.0	0.458409	0.22958	3.09209	0.000679843	0.0454655	0.00406694	0.022765	0.00567438	0.03	0.0	1.492	0.04	5.0	0.0	1.733	0.07	0.0350465	0.00156799	1.27502e-05	0.000164255	0.337672	0.0623789	0.197932	0.0	0.00209112	0.0	0.002486	0.00115475	1.70729	0.0	0.848908	0.0280491	0.457047	0.117752	0.913931	0.158679	0.379478	0.25783	0.0395881	0.0150489	0.177712	0.0473354	0.788635	2.69875	-11657.0	4.0	2462.86	-107855.0	7.0	3874.42	1.0	1859.85	121.423	687.603	81.4372	0.269917	0.0287065	1.07468	0.00888546	
0.0-2.4	6.5-30.0	20.0-30.0	0.000-1.571	0.008	0.152	7916.0	7916.0	4862.36	380.22	3054.23	354.412	-0.0772107	0.269217	-0.05	0.0	0.405821	0.449055	3.09196	0.000857043	0.0491101	0.0253066	0.0238304	0.0061662	0.03	0.0	1.492	0.04	5.0	0.0	1.733	0.07	0.0362793	0.00705444	2.54256e-05	2.68579e-05	0.424632	0.125014	0.197932	0.0	0.00209112	0.0	0.00262634	0.00101951	1.70729	0.0	0.866885	0.0257925	0.48693	1.12291	0.947369	0.279072	0.410955	1.32126	0.038492	0.0733945	0.177778	0.0774365	0.708132	5.77537	12237.1	4.0	25836.6	-288473.0	7.0	823243.0	1.0	3493.02	315.427	1369.34	190.666	0.281621	0.0324449	1.08613	0.00825568	
0.0-2.4	6.5-30.0	25.0-30.0	0.000-1.571	0.008	0.136	3630.0	3627.0	2301.81	375.761	1325.35	335.096	0.0805621	0.723516	-0.05	0.0	0.380452	0.699185	3.0922	0.00127462	0.0518078	0.0506871	0.0245311	0.00911058	0.03	0.0	1.492	0.04	5.0	0.0	1.733	0.07	0.037336	0.0135072	1.61666e-05	1.68756e-05	0.534706	0.339055	0.197932	0.0	0.00209112	0.0	0.00190899	0.0018308	1.70729	0.0	0.900622	0.0483196	0.657789	3.14386	0.986344	2.06334	0.56506	2.26716	0.0462212	0.55407	0.17665	0.123003	0.137416	2.17642	18738.2	4.0	18983.7	-156634.0	7.0	356697.0	1.0	1613.09	300.371	688.721	183.086	0.299209	0.0627758	1.10793	0.0157519	
0.0-2.4	6.5-30.0	30.0-35.0	0.000-1.571	0.008	0.128	2742.0	2739.0	1691.49	77.7346	1048.36	67.8993	-0.426046	0.208682	-0.05	0.0	0.4252	0.0943845	3.09293	0.000530688	0.0517324	0.0040019	0.0241754	0.00269234	0.03	0.0	1.492	0.04	5.0	0.0	1.733	0.07	0.0383911	0.00179018	1.79639e-05	0.125254	0.3029	0.0717791	0.197932	0.0	0.00209112	0.0	0.00196274	0.00160058	1.70729	0.0	0.897459	0.041605	0.630367	0.503662	0.852155	3.33945	0.456896	1.64546	0.0566139	0.0407071	0.313813	0.226497	0.0424747	0.196095	-8540.18	4.0	895.842	-56967.9	7.0	50.9245	1.0	1290.35	79.868	401.14	56.5887	0.237152	0.03163	1.10587	0.0135405	
0.0-2.4	6.5-30.0	30.0-40.0	0.000-1.571	0.008	0.128	4721.0	4718.0	3070.94	154.024	1648.16	128.255	-0.4009	0.219026	-0.05	0.0	0.451919	0.226202	3.09276	0.000731376	0.0473348	0.0054074	0.0236074	0.00474574	0.03	0.0	1.492	0.04	5.0	0.0	1.733	0.07	0.0363044	0.00180364	1.79639e-05	0.125254	0.250363	0.0396963	0.197932	0.0	0.00209112	0.0	0.00121005	0.00119187	1.70729	0.0	0.839302	0.0302112	0.751754	0.494434	0.612548	0.946341	0.39928	0.426789	0.065141	0.0325813	0.371917	0.18813	0.0568247	0.0409132	-16497.1	4.0	2514.84	-117133.0	7.0	42070.2	1.0	2223.13	141.915	847.807	97.5467	0.276074	0.0285876	1.06862	0.00951582	
0.0-2.4	6.5-30.0	35.0-40.0	0.000-1.571	0.008	0.12	1979.0	1979.0	1380.56	1409.29	598.526	1269.74	-0.364213	11.7862	-0.05	0.0	0.50613	11.5938	3.09232	0.00939476	0.0426269	0.225265	0.0226467	0.184222	0.03	0.0	1.492	0.04	5.0	0.0	1.733	0.07	0.0342485	0.0770657	2.47093e-05	3.60563e-05	0.212006	0.0467566	0.197932	0.0	0.00209112	0.0	0.000962125	0.00177336	1.70729	0.0	0.786706	0.0431418	0.999976	575.694	0.4283	2.63795	0.400694	0.7442	0.0862374	670.759	0.48408	0.60529	0.0773607	0.0746439	-8537.77	4.0	1522.9	-50567.1	7.0	85480900.0	1.0	932.835	954.809	447.723	462.354	0.324306	0.0506272	1.03602	0.0131378	
0.0-2.4	6.5-30.0	40.0-45.0	0.000-1.571	0.008	0.12	1510.0	1509.0	1073.62	79.7545	435.81	65.5566	-0.346503	0.456037	-0.05	0.0	0.369109	0.136855	3.09332	0.000639514	0.0449008	0.00773571	0.0243387	0.00495193	0.03	0.0	1.492	0.04	5.0	0.0	1.733	0.07	0.0334346	0.0022291	2.47093e-05	3.60563e-05	0.273557	0.0586208	0.197932	0.0	0.00209112	0.0	-0.00181612	0.0018061	1.70729	0.0	0.911277	0.0488263	0.940663	2.36898	0.999998	0.108469	0.619285	1.13411	0.00100011	0.860077	0.941645	1.52646	0.727877	3.82556	-4038.75	4.0	396.343	-29074.8	7.0	2518.7	1.0	785.761	70.0991	287.857	44.3168	0.268119	0.0361549	1.1149	0.0160048	
0.0-2.4	6.5-30.0	40.0-50.0	0.000-1.571	0.008	0.136	2713.0	2710.0	1974.59	84.1965	736.178	62.7798	-0.91511	0.269312	-0.05	0.0	0.42456	0.0679636	3.09334	0.000541131	0.0469976	0.00534297	0.0249419	0.00233972	0.03	0.0	1.492	0.04	5.0	0.0	1.733	0.07	0.0359963	0.00172377	1.61666e-05	1.68756e-05	0.290583	0.045316	0.197932	0.0	0.00209112	0.0	-0.000613712	0.00133279	1.70729	0.0	0.814801	0.0379581	0.503924	7.11541	1.0	0.0249112	0.0926873	11.1628	0.0212637	0.134677	0.477789	0.278111	4.71517	327.804	-8034.92	4.0	902.425	-59689.5	7.0	151.602	1.0	1390.74	81.4826	583.848	61.1764	0.295681	0.0283005	1.0533	0.0117757	
0.0-2.4	6.5-30.0	45.0-50.0	0.000-1.571	0.008	0.136	1202.0	1201.0	905.703	57.2126	295.69	37.1056	-1.81595	0.439545	-0.05	0.0	0.499506	0.13111	3.09264	0.000557915	0.0491358	0.00652464	0.0259825	0.00421096	0.03	0.0	1.492	0.04	5.0	0.0	1.733	0.07	0.0392919	0.00259678	1.61666e-05	1.68756e-05	0.307498	0.0667314	0.197932	0.0	0.00209112	0.0	-0.00334878	0.0020444	1.70729	0.0	0.746958	0.0527815	0.835372	1.45098	0.625373	1.14382	1.26924e-05	70.9737	0.0280863	0.0644414	0.295132	0.104594	0.0256736	0.027253	-4394.12	4.0	494.474	-25453.3	7.0	72.1673	1.0	590.76	55.9303	314.943	46.1668	0.347733	0.0459976	1.01215	0.0156212	
0.0-2.4	6.5-30.0	5.0-10.0	0.000-1.571	0.008	0.112	8341.0	8311.0	3939.47	131.51	4371.64	149.871	-0.260219	0.110634	-0.05	0.0	0.346638	0.0864086	3.09261	0.000516326	0.050866	0.00354486	0.0265597	0.00215532	0.03	0.0	1.492	0.04	5.0	0.0	1.733	0.07	0.0368479	0.00148126	1.67157e-05	3.06522e-05	0.307025	0.0453855	0.197932	0.0	0.00209112	0.0	0.00301489	0.0011787	1.70729	0.0	0.925255	0.0296521	0.246341	28.2357	0.61224	22.9124	1.76573e-07	127.065	0.00582846	0.658216	0.457742	1.83723	0.0868878	0.515436	-14329.2	4.0	3281.63	-245751.0	7.0	16220.6	1.0	2818.37	135.054	1121.1	103.867	0.284582	0.0245948	1.12409	0.00978804	
0.0-2.4	6.5-30.0	50.0-100.0	0.000-1.571	0.008	0.088	2499.0	2482.0	2042.6	103.172	440.456	70.0474	-0.751704	0.432502	-0.05	0.0	0.478298	0.170792	3.09374	0.000676856	0.0448251	0.0029445	0.0240337	0.0041804	0.03	0.0	1.492	0.04	5.0	0.0	1.733	0.07	0.03553	0.0011547	2.59256e-05	2.3357e-05	0.340113	0.0778713	0.197932	0.0	0.00209112	0.0	0.00318056	0.00121096	1.70729	0.0	0.84315	0.041967	0.545042	0.704093	0.999998	570.932	0.000492774	4.08677	0.0127364	0.00782613	0.242419	0.177943	0.0211064	4006.78	-9711.11	4.0	1783.58	-57179.9	7.0	2093.56	1.0	1539.58	98.4131	503.013	65.4468	0.246262	0.029528	1.07104	0.0132491	
0.0-2.4	6.5-30.0	50.0-55.0	0.000-1.571	0.008	0.08	876.0	868.0	710.486	54.4344	157.625	31.8669	-0.327575	0.576323	-0.05	0.0	0.430446	0.161563	3.09301	0.000620833	0.0444624	0.00357133	0.026647	0.00551434	0.03	0.0	1.492	0.04	5.0	0.0	1.733	0.07	0.0354312	0.00152486	1.06333e-05	0.0003574	0.257713	0.0737886	0.197932	0.0	0.00209112	0.0	0.00246956	0.00259546	1.70729	0.0	0.895739	0.0728343	0.638425	1.00612	0.944354	9.4557	0.102619	0.871594	0.0358958	0.0176119	0.205221	0.272074	0.0347703	0.0535521	-4121.11	4.0	160.831	-14341.4	7.0	25.677	1.0	547.553	53.6476	162.934	35.6931	0.229327	0.0470649	1.10475	0.0236828	
0.0-2.4	6.5-30.0	50.0-60.0	0.000-1.571	0.008	0.08	1406.0	1395.0	1167.06	61.5643	227.974	34.8744	-0.427682	0.440129	-0.05	0.0	0.392485	0.131773	3.09317	0.00056369	0.0500218	0.00208334	0.0266378	0.00337802	0.03	0.0	1.492	0.04	5.0	0.0	1.733	0.07	0.0375918	0.000908097	1.06333e-05	0.0003574	0.234551	0.0451061	0.197932	0.0	0.00209112	0.0	0.00317127	0.00186603	1.70729	0.0	0.860544	0.0507616	0.752048	11.961	0.662339	15.0242	0.000909165	81.4659	0.0217753	0.139439	0.286855	0.227009	0.020002	1.99357	-6425.29	4.0	169.487	-23544.7	7.0	80.3575	1.0	887.033	61.1261	280.029	42.013	0.239943	0.0337004	1.08208	0.0161894	
0.0-2.4	6.5-30.0	55.0-60.0	0.000-1.571	0.008	0.073	530.0	525.0	455.59	33.03	69.5932	17.5442	-0.802718	0.780279	-0.05	0.0	0.426623	0.106545	3.09273	0.000516255	0.0557018	0.00599475	0.0262798	0.00317627	0.03	0.0	1.492	0.04	5.0	0.0	1.733	0.07	0.0414689	0.00238405	1.72071e-05	2.22879e-05	0.205549	0.0441487	0.197932	0.0	0.00209112	0.0	0.00454794	0.00252801	1.70729	0.0	0.796834	0.0685194	0.557216	38.5662	0.996632	40.2537	0.00272777	22.8347	0.00563442	2.61104	0.410562	4.85847	0.0200212	172.636	-2349.08	4.0	11.9169	-7156.35	7.0	12.2561	1.0	339.841	32.1247	115.749	22.257	0.254065	0.0452475	1.04221	0.021009	
0.0-2.4	6.5-30.0	60.0-100.0	0.000-1.571	0.008	0.088	1092.0	1084.0	881.2	76.3875	202.886	53.9023	-1.14058	0.930165	-0.05	0.0	0.533102	0.226931	3.09326	0.000739364	0.0423148	0.00367342	0.0205106	0.00629785	0.03	0.0	1.492	0.04	5.0	0.0	1.733	0.07	0.0339258	0.00151049	2.59256e-05	2.3357e-05	0.458601	0.196528	0.197932	0.0	0.00209112	0.0	0.00288948	0.00158896	1.70729	0.0	0.788478	0.0566585	0.562583	0.35056	0.999998	17.4787	8.67651e-07	0.0825838	0.0184383	0.074815	0.209646	0.0666822	0.020262	2882.17	-4005.17	4.0	1579.88	-28545.1	7.0	1286.82	1.0	640.957	69.8108	240.243	47.1183	0.272631	0.0479644	1.0371	0.0172748	
0.0-2.4	6.5-30.0	60.0-70.0	0.000-1.571	0.008	0.088	733.0	726.0	594.113	77.4487	132.495	55.5038	-1.44565	1.78133	-0.05	0.0	0.477862	0.270358	3.09278	0.000888084	0.0441873	0.00591979	0.0188194	0.00634282	0.03	0.0	1.492	0.04	5.0	0.0	1.733	0.07	0.0334359	0.00208871	2.59256e-05	2.3357e-05	0.533143	0.338964	0.197932	0.0	0.00209112	0.0	0.00210197	0.00277803	1.70729	0.0	0.82064	0.0928479	0.424783	185.745	0.99999	25533.4	2.36547e-05	18377.4	0.0079961	0.680167	0.240472	45.3923	0.0202708	195226.0	-2610.4	4.0	104379.0	-21105.0	7.0	6959.86	1.0	417.816	67.2478	176.297	45.649	0.296739	0.0663876	1.05693	0.0289109	
0.0-2.4	6.5-30.0	70.0-100.0	0.000-1.571	0.016	0.073	358.0	355.0	292.106	29.6031	63.3126	15.5221	-0.461623	0.750881	-0.05	0.0	0.39058	0.191229	3.09296	0.000527004	0.0447798	0.00848318	0.0288315	0.00698712	0.03	0.0	1.492	0.04	5.0	0.0	1.733	0.07	0.0359136	0.00268112	1.00217e-05	0.000162887	0.28072	0.117502	0.197932	0.0	0.00209112	0.0	0.00284227	0.00356554	1.70729	0.0	0.822009	0.0908605	0.802209	0.909724	1.0	4.03845	4.64492e-08	15.8103	0.0443319	0.235807	0.16103	0.283231	0.349319	53.0885	-1665.22	4.0	87.0793	-5301.85	7.0	67.9047	1.0	222.499	29.6908	69.6071	20.5634	0.238294	0.0661252	1.05778	0.0283164	
0.0-2.4	6.5-7.5	0.0-100.0	0.000-1.571	0.016	0.16	18361.0	18358.0	7739.05	321.414	10619.5	343.933	-0.00943574	0.0852859	-0.05	0.0	0.358945	0.238761	3.09119	0.00117096	0.0546954	0.0140444	0.027312	0.00378439	0.03	0.0	1.492	0.04	5.0	0.0	1.733	0.07	0.0393955	0.00359911	3.66049e-05	0.000137318	0.234328	0.025583	0.380238	0.138046	0.00427683	0.00352717	0.00281438	0.00113714	1.5828	0.116516	0.869944	0.0221941	0.532732	276.173	0.84211	57.3632	0.597353	11.8896	0.0622132	14.3233	0.148838	87.1495	0.64937	16.9768	-62999.4	4.0	4224.96	-686943.0	7.0	997.81	1.0	5958.56	295.342	1780.49	177.356	0.230065	0.02083	1.19232	0.0587464	
0.0-2.4	6.5-8.0	0.0-100.0	0.000-1.571	0.016	0.16	24568.0	24563.0	11101.7	324.274	13461.4	341.328	-0.0684992	0.0752258	-0.05	0.0	0.37873	0.17315	3.09168	0.00096741	0.0520948	0.0062463	0.0269427	0.00314094	0.03	0.0	1.492	0.04	5.0	0.0	1.733	0.07	0.0384553	0.00174208	2.57968e-05	9.0559e-05	0.282064	0.0310134	0.307488	0.0880482	0.00439684	0.00310131	0.00309559	0.000865136	1.63221	0.0944826	0.900098	0.0180761	0.535026	24.8131	0.874377	3.3532	0.591509	10.6639	0.0626914	2.72402	0.186375	3.40901	0.538219	17.8571	-74479.0	4.0	10223.7	-897988.0	7.0	11479.2	1.0	8470.81	315.061	2630.91	209.641	0.236983	0.0175692	1.17484	0.0404582	
0.0-2.4	6.5-8.5	0.0-100.0	0.000-1.571	0.016	0.16	29320.0	29285.0	13978.4	681.364	15306.8	686.992	-0.0951225	0.0801374	-0.05	0.0	0.385601	0.299987	3.09149	0.000916866	0.0525008	0.0180978	0.0260926	0.00438302	0.03	0.0	1.492	0.04	5.0	0.0	1.733	0.07	0.0384856	0.0048467	2.24999e-05	6.2246e-05	0.312571	0.0427271	0.244453	0.0703637	0.00606182	0.00301279	0.00353785	0.000763456	1.69089	0.0957886	0.939395	0.0163932	0.514643	0.369812	0.888343	0.207272	0.589778	0.276548	0.0596878	0.0586587	0.231012	0.0993761	0.45872	1.09304	-40977.1	4.0	53790.1	-1130260.0	7.0	508056.0	1.0	10711.8	584.121	3266.58	306.469	0.233688	0.0187332	1.16861	0.0345984	
0.0-2.4	7.5-8.5	0.0-100.0	0.000-1.571	0.008	0.184	10958.0	10958.0	6250.16	460.863	4708.86	443.438	-0.310578	0.159586	-0.05	0.0	0.430517	0.505847	3.0917	0.00142774	0.0498085	0.0241388	0.0244381	0.00816323	0.03	0.0	1.492	0.04	5.0	0.0	1.733	0.07	0.0375256	0.00706104	3.64523e-05	0.000133371	0.419246	0.123494	0.180395	0.0713788	0.00786448	0.00437943	0.00371401	0.00111475	1.76532	0.139846	0.929116	0.0271121	0.493737	0.373007	0.906939	0.131751	0.437535	0.379122	0.0455787	0.0319124	0.23203	0.0524787	0.408887	0.631148	12679.4	4.0	32121.6	-372779.0	7.0	1077920.0	1.0	4687.94	397.593	1562.22	227.731	0.249949	0.031431	1.12681	0.0418039	
0.0-2.4	8.0-10.0	0.0-100.0	0.000-1.571	0.008	0.184	13118.0	13118.0	8409.09	511.107	4709.87	488.073	-0.227214	0.152264	-0.05	0.0	0.4017	0.370268	3.09312	0.000990102	0.0513252	0.0235835	0.0235121	0.00582724	0.03	0.0	1.492	0.04	5.0	0.0	1.733	0.07	0.0372685	0.00661539	2.86287e-05	7.39866e-05	0.35797	0.0576223	0.101319	0.038551	0.00371713	0.00401088	0.00287024	0.000791691	1.94164	0.153292	0.97623	0.0198242	0.586806	0.72091	0.95273	0.0921034	0.47296	0.616733	0.0436026	0.0505067	0.304479	0.0826835	1.05669	6.96137	15452.2	4.0	44944.7	-403671.0	7.0	772074.0	1.0	6009.09	405.543	2400.0	228.796	0.285406	0.0209611	1.11285	0.0289792	
0.0-2.4	8.5-9.5	0.0-100.0	0.000-1.571	0.008	0.12	6136.0	6127.0	3916.22	132.759	2211.14	112.94	-0.17244	0.164137	-0.05	0.0	0.504909	0.106113	3.09455	0.00100146	0.0427739	0.00150815	0.0229956	0.00344425	0.03	0.0	1.492	0.04	5.0	0.0	1.733	0.07	0.0344324	0.00124593	3.2051e-05	0.000103207	0.307776	0.0386603	0.0787498	0.0409311	0.00669735	0.00605873	0.00122377	0.00097449	2.08685	0.243496	0.967775	0.0252626	0.686864	1.45815	0.831319	3.27626	0.434598	1.06486	0.0499391	0.0846804	0.284703	0.164311	0.0446331	0.133141	-11026.0	4.0	2830.75	-133943.0	7.0	1823.83	1.0	2690.82	125.167	1225.4	95.2446	0.312904	0.0218854	1.09808	0.038104	
0.0-2.4	9.5-11.0	0.0-100.0	0.000-1.571	0.008	0.136	5258.0	5256.0	3694.03	142.565	1562.13	123.87	-0.318011	0.177318	-0.05	0.0	0.371132	0.219808	3.09272	0.00098889	0.0489566	0.0116134	0.0239891	0.00368685	0.03	0.0	1.492	0.04	5.0	0.0	1.733	0.07	0.0353753	0.00308429	5.20639e-05	9.66049e-05	0.33664	0.050645	0.492672	0.116015	-0.000315795	0.00154696	0.00101986	0.00110372	1.43747	0.0670787	0.673398	0.0309467	0.966332	0.0683657	0.472534	0.594424	0.197818	0.968134	0.292272	0.471654	0.364829	0.109837	0.0401734	0.0538511	-8831.21	4.0	3809.11	-107493.0	7.0	230.968	1.0	2628.85	127.21	1065.18	87.0572	0.288353	0.020774	1.11717	0.047199	
0.4-0.8	6.5-30.0	0.0-100.0	0.000-1.571	0.008	0.073	6193.0	6193.0	4101.18	226.883	2092.68	183.523	0.174582	0.427454	-0.05	0.0	0.543748	0.677195	3.0929	0.00149086	0.018069	0.00746963	0.0388925	0.0333334	0.03	0.0	1.492	0.04	5.0	0.0	1.733	0.07	0.0294562	0.0101172	1.74651e-05	0.000239484	0.486528	0.147846	0.117942	0.0622417	-0.00405725	0.00414574	-0.000610752	0.00121474	1.86917	0.210931	0.961611	0.0351554	0.740644	0.216689	0.865318	0.294203	0.477654	0.179464	0.0671815	0.105469	0.216324	0.0307495	1.32691	9.41939	16962.2	4.0	32602.4	-364056.0	7.0	3871090.0	1.0	2606.63	205.209	1494.55	167.787	0.364419	0.0355997	1.10802	0.0438529	
0.8-1.2	6.5-30.0	0.0-100.0	0.000-1.571	0.008	0.105	8642.0	8638.0	4947.35	149.61	3690.86	140.798	0.00900604	0.114652	-0.05	0.0	0.443002	0.163442	3.09228	0.000978302	0.0334125	0.00493541	0.0301884	0.00449903	0.03	0.0	1.492	0.04	5.0	0.0	1.733	0.07	0.0316572	0.001661	1.45333e-05	7.48505e-05	0.295339	0.0331284	0.403107	0.16806	0.0021768	0.00196872	0.0019303	0.00101352	1.46305	0.101114	0.790153	0.0289368	0.518438	0.184664	0.92867	0.201151	0.507527	0.259216	0.0524345	0.0326677	0.212388	0.127714	0.40062	1.52427	-28501.3	4.0	2239.6	-214978.0	7.0	77.8279	1.0	3549.6	140.58	1397.75	100.136	0.282525	0.0183488	1.11154	0.0635744	
1.2-1.6	6.5-30.0	0.0-10.0	0.000-1.571	0.008	0.136	4604.0	4600.0	1950.31	101.379	2650.0	119.189	-0.0208385	0.119825	-0.05	0.0	0.509666	0.0982654	3.09153	0.0010174	0.0422854	0.00405051	0.033927	0.00692578	0.03	0.0	1.492	0.04	5.0	0.0	1.733	0.07	0.0384149	0.00192502	1.03021e-05	0.137313	0.321956	0.0711492	0.0999774	0.0	0.00921681	0.0	0.00507672	0.00141395	2.02628	0.0	0.883267	0.0364363	0.420706	1.3837	0.481547	0.650556	0.264432	1.41183	0.019904	0.116436	0.476783	0.477401	0.0829304	0.041385	-395.918	4.0	2287.31	-120270.0	7.0	2205.95	1.0	1370.32	101.307	579.986	78.0914	0.297382	0.0369363	1.05482	0.01373	
1.2-1.6	6.5-30.0	0.0-100.0	0.000-1.571	0.008	0.136	11433.0	11421.0	6023.2	162.114	5397.82	168.461	-0.161762	0.0839821	-0.05	0.0	0.528358	0.106562	3.09144	0.00102756	0.0444753	0.00389173	0.03143	0.00310652	0.03	0.0	1.492	0.04	5.0	0.0	1.733	0.07	0.038872	0.00148159	1.03021e-05	0.137313	0.285008	0.0300844	0.0999774	0.0369937	0.00921681	0.0152857	0.00369555	0.000793156	2.02628	0.173102	0.950777	0.0199163	0.509217	52.5409	0.587642	26.8033	0.368945	34.5759	0.0257463	1.06931	0.385594	1.12522	0.0866449	0.903947	-16606.2	4.0	3450.59	-274473.0	7.0	1482.74	1.0	4403.64	160.102	1619.56	116.124	0.268886	0.0178696	1.10639	0.0320439	
1.2-1.6	6.5-30.0	10.0-20.0	0.000-1.571	0.008	0.128	2601.0	2595.0	1371.17	73.6226	1224.38	71.2494	-0.193526	0.178386	-0.05	0.0	0.460336	0.061457	3.09025	0.00105341	0.048603	0.00512047	0.0347583	0.00338091	0.03	0.0	1.492	0.04	5.0	0.0	1.733	0.07	0.0417063	0.00162641	1.05393e-05	0.000462059	0.222346	0.031953	0.0999774	0.0	0.00921681	0.0	0.00271454	0.00168056	2.02628	0.0	1.03835	0.0414729	0.601316	0.000265093	1.0	62.5979	0.628408	0.000169432	0.0992344	6.85502e-05	0.205695	0.000149952	0.139832	401.988	-6964.78	4.0	178.728	-41531.4	7.0	11.1529	1.0	951.43	70.2569	419.736	53.2374	0.306116	0.0351757	1.1751	0.0164913	
1.2-1.6	6.5-30.0	20.0-30.0	0.000-1.571	0.008	0.105	1882.0	1878.0	1114.77	58.4494	763.912	49.254	-0.105221	0.207006	-0.05	0.0	0.587864	0.07843	3.09192	0.000990194	0.0452482	0.00314266	0.0250025	0.00365063	0.03	0.0	1.492	0.04	5.0	0.0	1.733	0.07	0.038226	0.00140353	2.15115e-05	5.46744e-05	0.296948	0.0693837	0.0999774	0.0	0.00921681	0.0	0.000350868	0.00166358	2.02628	0.0	0.95516	0.0397418	0.480909	1.63815	0.811615	5.78529	0.337109	1.06094	0.0277495	0.0238744	0.153839	0.0912311	0.0273274	0.0188814	-6122.63	4.0	390.194	-30833.9	7.0	25.493	1.0	832.0	60.3701	282.772	44.2875	0.253659	0.0374355	1.10978	0.0153926	
1.2-1.6	6.5-30.0	30.0-40.0	0.000-1.571	0.008	0.12	1146.0	1139.0	663.949	46.4962	475.214	46.9274	-0.186534	0.297949	-0.05	0.0	0.550208	0.0915847	3.09101	0.00101631	0.0444746	0.00412849	0.0293028	0.00579137	0.03	0.0	1.492	0.04	5.0	0.0	1.733	0.07	0.0383995	0.00177868	1.02701e-05	1.42054	0.238843	0.0775601	0.0999774	0.0	0.00921681	0.0	0.00518599	0.0022325	2.02628	0.0	0.898762	0.0566348	0.945275	1.77998	0.526537	1.54499	0.273423	0.245519	0.0985066	0.119161	0.56376	0.739181	0.0636505	0.140426	-1772.69	4.0	150.043	-19683.7	7.0	255.853	1.0	535.159	48.7016	128.79	32.383	0.193976	0.0468435	1.06654	0.0214771	
1.2-1.6	6.5-30.0	40.0-50.0	0.000-1.571	0.016	0.064	611.0	599.0	447.36	34.1673	151.819	23.7082	-2.14129	0.707279	-0.05	0.0	0.63299	0.0713085	3.09283	0.00101431	0.046248	0.00382614	0.0268144	0.00593916	0.03	0.0	1.492	0.04	5.0	0.0	1.733	0.07	0.0402216	0.00169196	1.70248e-05	0.000290648	0.291633	0.0869291	0.0999774	0.0	0.00921681	0.0	-0.00355251	0.00288384	2.02628	0.0	0.996841	0.0841938	0.582502	2.5233	0.948216	0.264501	0.0001717	115.58	0.00604086	0.0228842	0.299256	0.171486	0.105354	0.168749	-1807.23	4.0	89.0667	-8419.42	7.0	25.7626	1.0	329.011	34.9628	118.349	25.9358	0.264549	0.0543404	1.14229	0.0330637	
1.2-1.6	6.5-30.0	50.0-100.0	0.000-1.571	0.016	0.073	586.0	581.0	473.929	34.921	107.41	19.5131	-1.21295	0.601603	-0.05	0.0	0.544848	0.0952705	3.09156	0.00102432	0.0396707	0.00369233	0.0314539	0.00652294	0.03	0.0	1.492	0.04	5.0	0.0	1.733	0.07	0.036163	0.0017415	1.14193e-05	0.000494472	0.327093	0.115573	0.0999774	0.0	0.00921681	0.0	0.00536061	0.00279877	2.02628	0.0	0.960143	0.0747454	0.863741	13.6744	0.616141	11.5925	9.60904e-06	46.291	0.0211456	0.144086	0.313394	0.169955	0.020012	12.7346	-2045.88	4.0	156.961	-8682.02	7.0	11.7193	1.0	363.533	36.0228	110.396	25.4223	0.232938	0.0508215	1.11364	0.0290001	
1.6-2.0	6.5-30.0	0.0-100.0	0.000-1.571	0.008	0.16	11954.0	11923.0	6010.06	196.413	5913.31	201.977	-0.393459	0.0944352	-0.05	0.0	0.541727	0.206115	3.09095	0.00125086	0.0543033	0.0047199	0.0338887	0.00603262	0.03	0.0	1.492	0.04	5.0	0.0	1.733	0.07	0.0460844	0.00181732	1.05212e-05	1.333	0.270016	0.0273943	0.352951	0.0860114	0.000933856	0.00217292	0.00458055	0.00106698	1.59661	0.0857668	0.927681	0.0235812	0.710547	0.209142	0.855559	0.299465	0.649811	0.118801	0.0648494	0.0519611	0.234387	0.0496756	0.436083	0.820792	-27949.2	4.0	1095.21	-276919.0	7.0	59.766	1.0	4680.24	183.798	1329.83	110.795	0.221267	0.0169576	1.20689	0.0366118	
1.6-2.4	3.0-30.0	0.0-100.0	0.000-1.571	0.008	0.264	179065.0	179056.0	36225.2	8678370.0	142832.0	8677010.0	0.0223111	58.5251	-0.05	0.0	0.864226	314.839	3.09019	0.732419	0.0473635	8.45067	0.11	683.21	0.03	0.0	1.89	0.19	5.0	0.0	1.44	0.32	0.0598463	85.2993	2.36546e-05	4.62758e-05	0.284087	0.0250142	0.355594	0.0730674	0.00274748	0.0018247	0.00828934	0.000722994	1.59365	0.0691909	0.904233	0.00883726	0.303422	624.651	0.901461	80.8532	0.34504	969.538	0.00100512	11.2592	0.137668	21.0746	0.795133	489.782	-281196.0	4.0	35338.6	-12803500.0	7.0	161391000.0	1.0	29879.5	7158150.0	6345.71	1520220.0	0.175174	0.015101	1.19583	0.0310711	
1.6-2.4	3.0-4.5	0.0-100.0	0.000-1.571	0.016	0.264	110866.0	110861.0	15066.9	755.03	95794.3	1119.98	0.241882	0.0334959	-0.05	0.0	0.929499	0.071568	3.08935	0.00205524	0.0561731	0.00527768	0.0147437	0.00518256	0.03	0.0	1.86	0.19	5.0	0.0	1.38	0.32	0.0542981	0.00271636	4.04496e-05	0.00458068	0.293893	0.0604566	0.30075	0.291762	-0.00999977	0.00417148	0.00782802	0.000969591	1.6808	0.353874	0.886045	0.0117276	0.999999	0.503367	0.824456	0.00101052	0.671891	0.00107603	0.0010342	152.439	0.102013	0.000305932	1.53223	0.0837817	-204755.0	4.0	31213.0	-9365900.0	7.0	7694.05	1.0	12884.3	812.235	2182.57	504.791	0.144859	0.0327075	1.18263	0.146834	
1.6-2.4	3.0-5.5	0.0-100.0	0.000-1.571	0.016	0.264	145709.0	145700.0	22059.8	1551.06	123641.0	2010.29	0.105728	0.0381392	-0.05	0.0	0.941307	0.193355	3.08996	0.00190779	0.0539486	0.0101363	0.0154658	0.0207922	0.03	0.0	1.86	0.19	5.0	0.0	1.38	0.32	0.0524754	0.00549021	7.85643e-05	0.00045627	0.301509	0.0461672	0.0303489	0.0401161	-0.00999982	0.0183667	0.00930428	0.000860402	2.51883	0.855689	1.10039	0.00834562	0.309959	1971.57	0.899368	1910.46	0.33564	13799.2	0.00353542	5204.16	0.123842	79.2015	0.80995	2362.81	-222027.0	4.0	42962.8	-11407300.0	7.0	22404.0	1.0	18626.9	1411.59	3432.9	579.291	0.155618	0.0238719	1.16905	0.0523142	
1.6-2.4	3.0-6.5	0.0-10.0	0.000-1.571	0.016	0.264	77237.0	77229.0	9169.17	470.862	68061.3	838.647	0.0592163	0.0392347	-0.05	0.0	0.971679	0.095448	3.08968	0.00138652	0.0524389	0.00469238	0.01286	0.0197891	0.03	0.0	1.86	0.19	5.0	0.0	1.38	0.32	0.0517363	0.00260098	1.10324e-05	0.0465138	0.293401	0.0834928	0.306676	0.0	-0.00606766	0.0	0.01	0.000639078	1.65447	0.0	0.942157	0.0146554	0.999999	1870.96	0.72687	0.482207	0.751741	1.5947	0.00157662	264199.0	0.15313	1.49986	1.08701	1.25308	11744.9	4.0	6701420.0	-6027560.0	7.0	11644.4	1.0	7644.17	582.02	1525.0	436.79	0.166318	0.0468649	1.20619	0.00396836	
1.6-2.4	3.0-6.5	0.0-100.0	0.000-1.571	0.016	0.264	162872.0	162864.0	27024.2	796.739	135840.0	1201.82	0.0523399	0.0269073	-0.05	0.0	0.949558	0.0554405	3.09062	0.00122269	0.0532254	0.00310378	0.0158947	0.00591089	0.03	0.0	1.86	0.19	5.0	0.0	1.38	0.32	0.0519884	0.00165873	1.10324e-05	0.0465138	0.297197	0.0370051	0.306676	0.207312	-0.00606766	0.0158233	0.00964991	0.0011179	1.65447	0.204252	0.919306	0.00913426	0.999983	10375.9	0.768749	7.41816	0.741871	35.2709	0.0013315	581102.0	0.12692	21.2074	0.938351	28.0625	-250670.0	4.0	34359.4	-12201300.0	7.0	7777.64	1.0	22660.7	859.506	4363.56	555.838	0.161468	0.0200096	1.1939	0.092933	
1.6-2.4	3.0-6.5	0.0-20.0	0.000-1.571	0.016	0.264	127148.0	127139.0	17300.3	665.381	109840.0	1079.97	0.0666374	0.031093	-0.05	0.0	0.942583	0.0518245	3.0901	0.00128712	0.0537724	0.00327522	0.0135255	0.00491086	0.03	0.0	1.86	0.19	5.0	0.0	1.38	0.32	0.0523064	0.00172323	1.10324e-05	0.0465138	0.292078	0.0536391	0.306676	0.0	-0.00606766	0.0	0.01	0.00132674	1.65447	0.0	0.926659	0.0106817	1.0	11793.0	0.76447	1.34652	0.741743	6.04899	0.00101398	2247830.0	0.127912	3.86752	0.984518	4.5157	-202192.0	4.0	48269.0	-10082500.0	7.0	4156.85	1.0	14628.3	746.542	2671.98	501.348	0.154447	0.0283638	1.19784	0.00286464	
1.6-2.4	3.0-6.5	10.0-20.0	0.000-1.571	0.016	0.209	49910.0	49867.0	8182.8	442.148	41686.1	662.21	0.0818723	0.0511296	-0.05	0.0	0.905608	0.0414153	3.0911	0.00157585	0.0559379	0.00328926	0.0141027	0.00430641	0.03	0.0	1.86	0.19	5.0	0.0	1.38	0.32	0.0534084	0.001661	2.44459e-05	0.000226863	0.272282	0.0582645	0.306676	0.0	-0.00606766	0.0	0.00999999	6.53302	1.65447	0.0	0.911512	0.0168863	1.0	44.5515	0.839598	3.29468	0.741357	5.59029	0.00179808	361.991	0.110917	0.123962	0.848559	5.07208	-228643.0	4.0	2304.84	-3438070.0	7.0	554.96	1.0	7037.06	465.271	1145.74	275.187	0.140018	0.0327679	1.18975	0.00448484	
1.6-2.4	3.0-6.5	20.0-30.0	0.000-1.571	0.016	0.192	19620.0	19616.0	4070.14	392.99	15546.4	552.564	-0.0314385	0.092559	-0.05	0.0	0.949465	0.358715	3.09108	0.00204228	0.053261	0.00641445	0.0533438	0.16797	0.03	0.0	1.86	0.19	5.0	0.0	1.38	0.32	0.0532652	0.00522855	3.37661e-05	0.00022371	0.266021	0.0426904	0.306676	0.0	-0.00606766	0.0	0.0071897	0.00142721	1.65447	0.0	0.879613	0.0217022	0.287479	63.3396	0.935147	13.6178	0.0313684	437.271	0.00540832	1.18564	0.0957467	0.245422	0.899055	4.72887	-18851.2	4.0	257.657	-891657.0	7.0	8610.08	1.0	3275.25	344.302	794.89	156.291	0.195298	0.0334505	1.17298	0.0056417	
1.6-2.4	3.0-6.5	20.0-40.0	0.000-1.571	0.016	0.192	29208.0	29198.0	6714.18	332.729	22484.0	459.947	0.00236217	0.0588281	-0.05	0.0	0.953227	0.0915157	3.09192	0.00144645	0.0523103	0.00369384	0.0248554	0.00327982	0.03	0.0	1.86	0.19	5.0	0.0	1.38	0.32	0.0513544	0.00202686	3.37661e-05	0.00022371	0.270393	0.036611	0.306676	0.0	-0.00606766	0.0	0.00535159	0.00120593	1.65447	0.0	0.880233	0.0175626	0.271489	914.031	0.945652	187.087	5.91804e-05	11240.1	0.00215056	34.0148	0.101823	44.3855	0.709498	363.98	-52667.6	4.0	522.104	-1339180.0	7.0	1524.25	1.0	5442.97	324.06	1271.21	190.335	0.189332	0.0267506	1.17331	0.00456753	
1.6-2.4	3.0-6.5	30.0-40.0	0.000-1.571	0.016	0.152	9587.0	9511.0	2653.95	153.109	6857.15	206.431	0.109085	0.105075	-0.05	0.0	0.889123	0.067327	3.09254	0.00144324	0.0507547	0.00307662	0.0200788	0.00936529	0.03	0.0	1.86	0.19	5.0	0.0	1.38	0.32	0.0483231	0.00163802	2.09228e-05	0.00043611	0.304068	0.0800803	0.306676	0.0	-0.00606766	0.0	0.00607932	0.00204034	1.65447	0.0	0.874517	0.0301202	0.996879	48.8854	0.801791	0.294622	0.730915	6.91547	0.00107893	104.292	0.135352	1.15294	0.163706	2.2752	-40937.1	4.0	363.243	-354914.0	7.0	188.744	1.0	2189.76	172.297	464.19	120.184	0.174906	0.0441463	1.17034	0.00780227	
1.6-2.4	3.0-6.5	40.0-100.0	0.000-1.571	0.016	0.168	6516.0	6513.0	3026.18	140.689	3487.04	152.314	-0.0469372	0.129679	-0.05	0.0	0.95263	0.078653	3.08961	0.00117794	0.0529013	0.00391714	0.0150193	0.00775551	0.03	0.0	1.86	0.19	5.0	0.0	1.38	0.32	0.0517365	0.00214449	3.29575e-05	0.000302831	0.342004	0.122227	0.306676	0.0	-0.00606766	0.0	0.00999999	0.446219	1.65447	0.0	0.835407	0.0298085	0.999927	245761.0	0.761666	43178.2	0.781687	33493.6	0.00100418	498676.0	0.373375	11529.6	0.264207	11118.2	-4808.31	4.0	8641.23	-222799.0	7.0	1320.88	1.0	2507.82	169.718	518.36	125.666	0.171292	0.0407553	1.15036	0.0075043	
1.6-2.4	3.0-6.5	40.0-50.0	0.000-1.571	0.016	0.145	3819.0	3756.0	1553.69	202.933	2203.06	220.466	0.0448602	0.314194	-0.05	0.0	0.932346	0.114047	3.09108	0.00221148	0.051425	0.01058	0.0493344	0.124534	0.03	0.0	1.86	0.19	5.0	0.0	1.38	0.32	0.0512862	0.00639472	2.68027e-05	0.46819	0.418218	0.268164	0.306676	0.0	-0.00606766	0.0	0.00222334	0.00316247	1.65447	0.0	0.661171	0.0465377	0.686904	0.818333	0.903806	0.0668269	9.37299e-06	10.2185	0.0184965	0.0116699	0.052386	0.0220194	0.318952	0.186076	-4373.83	4.0	4991.37	-119181.0	7.0	647.197	1.0	1212.62	200.489	341.072	130.747	0.219524	0.0791175	1.0689	0.00997906	
1.6-2.4	3.0-6.5	50.0-100.0	0.000-1.571	0.016	0.168	2696.0	2696.0	1500.7	85.4051	1195.52	79.2059	0.0253588	0.221827	-0.05	0.0	0.922188	0.0455505	3.08863	0.00134783	0.0549156	0.00266155	0.0133012	0.00878408	0.03	0.0	1.86	0.19	5.0	0.0	1.38	0.32	0.0528662	0.00141648	3.29575e-05	0.000302831	0.325797	0.0919189	0.306676	0.0	-0.00606766	0.0	0.00356642	0.00340994	1.65447	0.0	0.832761	0.0438422	0.998679	18.8924	0.758663	0.834052	0.671621	1.05561	0.00100045	20.5609	0.184727	0.0901292	0.26287	0.283376	-11110.1	4.0	153.159	-69206.8	7.0	36.5483	1.0	1251.58	95.4922	249.12	65.1643	0.166002	0.0423825	1.14903	0.0110151	
1.6-2.4	4.5-5.5	0.0-100.0	0.000-1.571	0.016	0.192	34842.0	34811.0	7088.33	821.304	27724.1	1131.28	-0.36	0.111857	-0.05	0.0	0.996619	0.0235273	3.09036	0.00369497	0.0492098	0.00560669	0.0141057	0.976751	0.03	0.0	1.86	0.19	5.0	0.0	1.38	0.32	0.0491334	0.00285053	6.47859e-05	0.000417763	0.304913	0.0617727	0.00904143	0.0167101	-0.00999986	0.0162899	0.00940902	0.00185183	3.71443	3.4468	1.16258	0.0142867	0.999991	1151.89	0.535589	3.73142	0.804929	1.33177	0.00138571	8269.52	0.279481	1.50864	0.221829	1.11493	-37506.3	4.0	9409.14	-1570190.0	7.0	667.284	1.0	5723.67	703.794	1364.66	283.749	0.192522	0.033239	1.21001	0.0646565	
1.6-2.4	5.5-6.5	0.0-100.0	0.000-1.571	0.016	0.168	17163.0	17137.0	5288.44	467.359	11848.8	504.274	-0.453651	0.111643	-0.05	0.0	0.283703	1.38577	3.0933	0.00210458	0.0414222	0.0208944	0.0552494	0.0240247	0.03	0.0	1.86	0.19	5.0	0.0	1.38	0.32	0.0517037	0.00949613	1.17885e-05	0.00076077	0.241397	0.036608	0.629208	0.099315	-0.00318522	0.00429654	0.01	0.00103454	1.49264	0.0754895	0.71908	0.0256375	0.999991	35935.9	0.532149	132.775	0.730201	56.8154	0.0010141	221778.0	0.312781	45.5128	0.121859	16.4332	-34623.8	4.0	1265.95	-543572.0	7.0	217.707	1.0	4318.32	404.88	970.124	160.126	0.183442	0.0255729	1.26238	0.0439119	
1.6-2.4	6.5-30.0	0.0-10.0	0.000-1.571	0.008	0.184	6384.0	6384.0	2725.63	125.621	3658.7	138.703	-0.407779	0.11471	-0.05	0.0	0.615469	0.118404	3.09044	0.00114548	0.058088	0.004703	0.0326345	0.00537469	0.03	0.0	1.492	0.04	5.0	0.0	1.733	0.07	0.0498623	0.00227583	3.57761e-05	7.18959e-05	0.310904	0.0594412	0.337019	0.0	0.00343684	0.0	0.0038274	0.00171699	1.60396	0.0	1.05025	0.0367246	0.340278	14.5587	0.740515	8.4422	0.414015	17.7096	0.0010291	3.17382	0.324193	0.47741	0.194187	0.227171	-11741.3	4.0	592.073	-160406.0	7.0	107.699	1.0	2222.82	125.028	502.809	75.3236	0.184475	0.026295	1.26425	0.0101132	
1.6-2.4	6.5-30.0	0.0-100.0	0.000-1.571	0.008	0.152	16192.0	16155.0	8267.0	237.871	7888.79	239.479	-0.423961	0.079884	-0.05	0.0	0.661544	0.16325	3.09079	0.00113358	0.0564239	0.00422323	0.0313758	0.00639121	0.03	0.0	1.492	0.04	5.0	0.0	1.733	0.07	0.0493894	0.00251426	1.37144e-05	0.000327844	0.257996	0.0211345	0.337019	0.0765519	0.00343684	0.00197833	0.00345899	0.000877262	1.60396	0.0792233	0.889086	0.0193055	0.737486	2.11464	0.858523	0.349376	0.648601	0.579502	0.0667953	0.408851	0.226856	0.132003	0.364141	0.755117	-43889.1	4.0	1079.4	-398386.0	7.0	45.3477	1.0	6424.15	220.007	1842.85	130.564	0.222917	0.0144323	1.17945	0.0344837	
1.6-2.4	6.5-30.0	10.0-20.0	0.000-1.571	0.008	0.16	4078.0	4078.0	2012.66	92.7763	2066.0	92.9013	-0.381719	0.139324	-0.05	0.0	0.756403	0.119731	3.0904	0.0011315	0.058403	0.00405035	0.0268521	0.00690594	0.03	0.0	1.492	0.04	5.0	0.0	1.733	0.07	0.0524944	0.00233284	3.34301e-05	6.81326e-05	0.220137	0.0292951	0.337019	0.0	0.00343684	0.0	0.00322308	0.00183438	1.60396	0.0	0.890097	0.0390621	0.562577	1.20487	0.86776	0.300869	0.440842	1.05479	0.0188027	0.0335389	0.136973	0.0289259	0.257157	0.126165	-13766.4	4.0	64.003	-80340.6	7.0	6.60796	1.0	1549.89	92.4014	462.775	62.3604	0.229932	0.0291148	1.17996	0.0097678	
1.6-2.4	6.5-30.0	20.0-30.0	0.000-1.571	0.008	0.152	2554.0	2554.0	1394.2	72.8764	1160.78	70.5645	-0.536859	0.203164	-0.05	0.0	0.812015	0.1311	3.09052	0.00113883	0.0488014	0.00360002	0.0229885	0.00935381	0.03	0.0	1.492	0.04	5.0	0.0	1.733	0.07	0.0450913	0.00212547	1.37144e-05	0.000327844	0.288732	0.0558132	0.337019	0.0	0.00343684	0.0	0.00457026	0.00175763	1.60396	0.0	0.745027	0.0411586	0.589038	0.490476	0.801803	0.470323	0.570644	0.540922	0.0415329	0.0430952	0.151017	0.0884859	0.697461	2.04998	-6105.16	4.0	265.823	-48786.5	7.0	168.78	1.0	1056.41	71.8298	337.79	49.2144	0.242282	0.0329494	1.11132	0.00914668	
1.6-2.4	6.5-30.0	30.0-40.0	0.000-1.571	0.008	0.12	1559.0	1557.0	974.537	57.0914	582.54	48.5863	-0.55502	0.258019	-0.05	0.0	0.623396	0.0882566	3.09097	0.00113132	0.0588262	0.00418786	0.0286348	0.00435311	0.03	0.0	1.492	0.04	5.0	0.0	1.733	0.07	0.0496596	0.00199773	2.16233e-05	4.66746e-05	0.199116	0.0325956	0.337019	0.0	0.00343684	0.0	0.00104216	0.00234357	1.60396	0.0	0.783741	0.0504102	0.364	14.5392	0.98124	84.402	0.260167	29.3756	0.00100302	0.299768	0.302159	2.83674	0.0200007	483.126	-5387.95	4.0	51.6616	-26115.9	7.0	10.8994	1.0	679.745	57.6542	294.792	45.1275	0.302494	0.0427817	1.12884	0.0116019	
1.6-2.4	6.5-30.0	40.0-50.0	0.000-1.571	0.008	0.136	859.0	857.0	568.977	40.4994	288.662	31.563	-0.872859	0.357886	-0.05	0.0	0.573415	0.159252	3.09117	0.00110899	0.0552698	0.00365776	0.0330772	0.00924984	0.03	0.0	1.492	0.04	5.0	0.0	1.733	0.07	0.0470995	0.00248614	2.39456e-05	0.218028	0.243398	0.0634207	0.337019	0.0	0.00343684	0.0	0.000539124	0.00248628	1.60396	0.0	0.607807	0.0982077	0.647802	2.19492	0.903947	12.8032	0.28761	9.15332	0.0414146	0.0941637	0.254979	0.161572	0.021519	10.4525	-2905.06	4.0	68.3893	-12363.1	7.0	5.05345	1.0	429.197	41.2454	139.78	29.4427	0.245669	0.0487026	1.0545	0.0187644	
1.6-2.4	6.5-30.0	50.0-100.0	0.000-1.571	0.008	0.088	756.0	742.0	585.003	48.9708	157.409	33.1698	-0.246389	0.59657	-0.05	0.0	0.724483	0.272679	3.0919	0.00130769	0.0537973	0.0054788	0.0480034	0.0212794	0.03	0.0	1.492	0.04	5.0	0.0	1.733	0.07	0.0522651	0.00337966	2.43092e-05	6.66999e-05	0.21373	0.050621	0.337019	0.0	0.00343684	0.0	0.00437491	0.00313121	1.60396	0.0	0.753612	0.0662115	0.734178	1.31651	0.918551	8.79112	0.204549	1.39204	0.0490695	0.0491517	0.226139	0.249778	0.0388811	0.0911425	-3079.51	4.0	14.3481	-10488.9	7.0	10.4838	1.0	466.535	46.5602	118.468	27.2213	0.202509	0.0433342	1.11516	0.0148326	
2.0-2.4	6.5-30.0	0.0-100.0	0.000-1.571	0.008	0.152	4237.0	4236.0	2305.78	109.663	1930.31	104.622	-0.518575	0.158501	-0.05	0.0	0.844016	0.107911	3.09109	0.002554	0.0625162	0.00507463	0.0240336	0.00909236	0.03	0.0	1.492	0.04	5.0	0.0	1.733	0.07	0.0582129	0.00278523	1.78875e-05	0.00273266	0.230415	0.030145	0.349037	0.147135	0.00999999	0.0029756	0.00114422	0.00163785	1.55328	0.141848	0.768643	0.0357929	0.265618	24.1001	0.89986	8.69224	0.000295332	60.4895	0.00211502	0.0413896	0.205636	1.03874	0.150178	0.953948	-16411.0	4.0	79.7713	-95716.2	7.0	1.06997	1.0	1788.3	105.028	517.475	66.354	0.224426	0.0267246	1.10757	0.0702258	
