rap0.0-1.2_pT6.5-30.0_cent0.0-100.0
12661.7
3499.81 3235.09 3192.48 2730.07
136.426 121.59 145.12 103.193
7559.32
1896.5 1992.54 1896.85 1770.14
102.809 97.2115 122.964 97.8
8119.03
2106.58 2099.59 1986.9 1930.95
125.191 115.152 124.689 92.0365
4542.68
1393.23 1135.5 1205.58 799.122
108.991 94.0961 101.947 63.6863
0.358773
0.398088 0.350994 0.377632 0.292711
0.0270004 0.0259224 0.0269274 0.020537
rap0.0-1.2_pT6.5-30.0_cent10.0-60.0
8304.9
2217.27 2201.22 2082.27 1792.22
100.524 103.423 129.002 86.5913
4012.66
1039.74 1057.08 946.105 968.281
68.8794 73.2263 95.364 80.1068
5307.93
1354.89 1469.71 1278.23 1198.56
92.4188 99.1071 106.973 76.0646
2996.96
862.387 731.515 804.036 593.666
79.3517 78.963 87.4837 57.054
0.360867
0.38894 0.332322 0.386135 0.331246
0.0311423 0.0322959 0.0345382 0.0275188
rap0.0-2.4_pT10.0-13.0_cent0.0-100.0
4750.65
1194.23 1251.16 1178.77 1123.35
57.5028 76.0871 80.2879 56.0242
1799.21
446.92 432.421 447.691 452.175
37.0814 41.5902 51.2601 38.6053
3062.34
771.731 770.385 770.487 758.008
52.2285 72.0188 67.8795 50.9717
1688.3
422.5 480.775 408.286 365.347
41.9627 62.0214 51.2535 38.7427
0.355384
0.353784 0.384263 0.346365 0.325228
0.0307324 0.0437175 0.0365238 0.0304363
rap0.0-2.4_pT10.0-13.0_cent10.0-60.0
3152.99
789.733 834.723 811.046 700.883
43.5366 68.2337 74.4618 45.6328
1075.47
281.578 241.819 261.251 276.311
28.7491 33.7262 44.0403 30.7103
1995.34
505.337 502.631 516.076 463.129
38.486 64.8894 60.4131 41.7856
1157.65
284.396 332.092 294.97 237.754
30.8366 57.0913 46.2406 32.8092
0.367159
0.360117 0.397847 0.36369 0.33922
0.0336234 0.0601688 0.0462129 0.0412735
rap0.0-2.4_pT10.0-30.0_cent0.0-100.0
7447.26
1963.99 1897.37 1790.76 1793.1
80.5337 84.7035 87.6111 70.8637
2733.94
694.996 702.767 668.572 653.082
49.5776 49.5907 56.973 47.2994
4643.37
1159.78 1178.5 1150.65 1140.87
71.2916 79.5956 74.2856 62.8795
2803.88
804.212 718.877 640.107 652.229
62.5164 67.8046 57.7063 50.8466
0.376499
0.409478 0.37888 0.357451 0.363744
0.0270426 0.0314798 0.0270664 0.0244431
rap0.0-2.4_pT10.0-30.0_cent10.0-60.0
4936.53
1303.84 1246.75 1203.64 1172.81
65.5187 74.0473 79.6595 59.3607
1654.84
420.779 407.283 406.99 405.678
38.2932 39.936 49.0513 37.8045
3066.36
775.922 788.271 769.48 717.568
57.9221 71.3027 64.9967 53.2358
1870.17
527.919 458.474 434.163 455.245
50.3832 60.28 49.5657 45.2317
0.378844
0.404895 0.367737 0.360707 0.388165
0.0328519 0.0431357 0.0335542 0.0331876
rap0.0-2.4_pT13.0-30.0_cent0.0-100.0
2700.71
774.916 645.392 598.896 667.69
56.8447 36.9009 35.3251 43.2284
930.62
236.442 264.797 220.25 197.145
31.9896 26.0329 25.6653 26.925
1587.78
390.142 421.629 380.0 380.784
47.1458 32.7752 30.5844 36.3234
1112.93
384.774 223.762 218.895 286.906
46.9078 25.627 24.4893 32.5061
0.412088
0.496536 0.346708 0.365498 0.429699
0.0483478 0.0344054 0.0347461 0.0399527
rap0.0-2.4_pT13.0-30.0_cent10.0-60.0
1780.98
515.893 410.125 381.658 463.625
49.3081 28.5113 28.5016 37.7156
576.351
133.15 165.461 140.6 128.55
24.1396 20.1982 21.2117 21.8862
1072.93
269.619 286.302 252.461 248.022
41.7073 25.8718 24.8595 32.2312
708.045
246.274 123.823 129.197 215.603
40.3669 18.6361 18.8582 30.6494
0.39756
0.477375 0.301915 0.338515 0.465037
0.0635669 0.0403024 0.0424548 0.0542139
rap0.0-2.4_pT6.5-10.0_cent0.0-100.0
19560.0
5311.95 4955.95 4931.35 4356.2
160.355 145.952 163.902 141.181
18123.9
5171.29 4884.06 4246.06 3885.16
150.563 147.128 153.977 157.809
14289.5
3775.3 3604.06 3511.11 3327.75
157.428 137.619 151.327 126.661
5270.47
1536.65 1351.89 1420.23 1028.45
118.097 96.2209 107.283 74.3131
0.269452
0.289281 0.272782 0.288001 0.236088
0.0204454 0.0176753 0.0195363 0.015247
rap0.0-2.4_pT6.5-10.0_cent10.0-60.0
12600.4
3440.41 3261.89 3100.6 2800.19
119.132 112.937 135.144 105.185
9308.56
2810.48 2488.93 2047.84 1952.5
103.026 106.119 109.587 102.486
9171.28
2489.36 2461.42 2173.91 2033.87
116.976 105.479 122.135 95.1238
3429.11
951.055 800.471 926.691 766.322
85.6602 68.0523 87.007 63.5636
0.272143
0.276436 0.245401 0.298875 0.273668
0.0229847 0.0190543 0.0248544 0.0202386
rap0.0-2.4_pT6.5-30.0_cent0.0-10.0
8532.71
2279.81 2116.87 2191.74 1948.21
111.275 96.8727 98.303 98.5358
9774.5
2601.2 2660.47 2360.33 2162.44
113.14 104.456 103.047 122.551
6001.92
1514.21 1361.46 1565.52 1508.88
102.449 89.1796 91.234 87.1704
2530.79
765.602 755.407 626.222 439.33
80.1872 72.5693 64.6703 47.6272
0.296598
0.335819 0.356852 0.285719 0.225504
0.0311202 0.030142 0.0265783 0.021623
rap0.0-2.4_pT6.5-30.0_cent0.0-100.0
26944.1
7267.1 6843.32 6697.07 6139.55
179.33 168.787 186.329 158.196
20991.3
5880.44 5598.51 4940.77 4558.36
157.707 154.824 163.61 163.807
18787.1
4892.44 4750.92 4657.83 4441.69
171.092 159.296 169.878 139.464
8156.91
2374.66 2092.4 2039.24 1697.86
134.65 119.615 123.626 90.9156
0.302735
0.326768 0.305758 0.304497 0.276544
0.016682 0.0157685 0.0164008 0.0129811
rap0.0-2.4_pT6.5-30.0_cent10.0-20.0
6348.76
1750.11 1566.1 1610.97 1423.27
83.6216 89.9792 104.154 72.7432
5318.65
1505.94 1358.55 1310.46 1120.93
75.1565 77.1268 92.4677 68.1683
4174.93
1100.43 1110.25 1064.12 918.119
78.3114 93.1586 89.947 64.8737
2173.83
649.672 455.847 546.847 505.15
65.8153 72.7699 67.8765 51.7031
0.342402
0.371219 0.291072 0.339452 0.354922
0.0331608 0.043352 0.035967 0.0314736
rap0.0-2.4_pT6.5-30.0_cent10.0-30.0
11234.2
3120.1 2819.24 2767.37 2525.7
116.769 110.387 134.042 99.2188
8367.4
2407.14 2173.84 1938.62 1840.55
96.587 93.1077 111.159 96.5927
7531.88
2028.92 1968.06 1844.5 1716.54
112.751 108.314 113.818 88.0799
3702.32
1091.18 851.184 922.874 809.158
92.8162 83.0941 83.4916 64.9721
0.329558
0.349725 0.30192 0.333484 0.320369
0.0267138 0.0269993 0.0254816 0.0224356
rap0.0-2.4_pT6.5-30.0_cent10.0-60.0
17505.0
4736.75 4501.53 4291.32 3977.33
135.855 135.104 157.35 121.057
10996.7
3244.04 2904.73 2468.94 2372.71
109.737 113.538 119.897 108.971
12136.9
3230.12 3229.94 2935.95 2739.38
130.203 127.252 139.012 108.47
5368.09
1506.64 1271.58 1355.37 1237.95
101.18 90.8423 101.02 78.9528
0.306661
0.318074 0.282478 0.31584 0.311252
0.0193145 0.0183131 0.0204949 0.0174443
rap0.0-2.4_pT6.5-30.0_cent20.0-30.0
4882.16
1369.93 1255.89 1158.34 1101.44
81.1905 63.7993 87.5522 67.5475
3035.67
897.306 782.268 622.254 711.867
60.6319 51.03 57.9048 68.0896
3320.95
925.435 856.532 709.768 793.574
80.6356 58.87 103.171 59.8629
1561.21
444.495 399.357 448.576 307.868
64.7139 44.5417 94.4236 39.6428
0.319779
0.324465 0.317987 0.387256 0.279514
0.0431477 0.031574 0.0760796 0.0316476
rap0.0-2.4_pT6.5-30.0_cent30.0-60.0
6260.34
1610.96 1687.33 1517.42 1439.99
68.7488 77.929 78.1343 68.4019
2637.18
835.887 725.835 534.261 532.22
53.1804 64.0809 49.5408 50.7694
4531.15
1183.13 1254.43 1087.89 1007.91
64.0957 70.6115 76.626 62.4876
1729.19
427.834 432.902 429.528 432.081
43.5005 45.0467 56.7694 45.0966
0.276213
0.265577 0.256561 0.283064 0.300057
0.0245092 0.0239234 0.0344558 0.0278858
rap0.0-2.4_pT6.5-8.0_cent0.0-100.0
11124.2
3056.0 2696.14 2884.05 2488.86
137.689 114.003 127.485 119.719
13500.9
3856.82 3667.89 3120.16 2839.87
137.642 127.491 131.975 145.35
8420.22
2184.67 2121.37 2115.85 1953.28
140.29 109.626 123.241 107.993
2703.97
871.338 574.765 768.198 535.579
107.396 67.5465 87.1433 59.1469
0.243071
0.285123 0.213181 0.266361 0.21519
0.0327105 0.0233752 0.0278272 0.0213919
rap0.0-2.4_pT6.5-8.0_cent10.0-60.0
7201.97
1968.27 1840.79 1791.78 1600.61
101.333 89.445 100.509 87.3068
6744.4
2054.14 1776.29 1455.39 1449.26
93.1285 88.5997 92.4081 92.2391
5357.71
1402.81 1463.04 1317.1 1172.67
101.738 85.7816 99.2612 79.2307
1844.26
565.455 377.745 474.677 427.941
77.3442 51.3962 71.4366 52.2583
0.256077
0.287286 0.205208 0.264919 0.267361
0.0364059 0.0260796 0.0369961 0.0292109
rap0.0-2.4_pT8.0-10.0_cent0.0-100.0
8405.97
2248.86 2251.86 2052.61 1862.54
79.7603 89.9991 107.384 73.5629
4718.02
1312.46 1204.8 1120.59 1048.91
64.5865 73.463 75.0687 64.5234
5881.02
1593.39 1500.33 1353.41 1375.43
73.8965 81.9597 105.462 66.8585
2524.95
655.471 751.531 699.2 487.11
52.9854 63.435 86.2955 43.4637
0.300376
0.291468 0.333738 0.34064 0.261529
0.0211721 0.0248121 0.038078 0.020925
rap0.0-2.4_pT8.0-10.0_cent10.0-60.0
5382.71
1464.21 1413.14 1316.87 1194.48
60.579 68.3049 94.8794 57.6
2578.14
758.937 715.65 580.429 507.031
46.3985 58.7736 53.8663 46.2149
3816.86
1090.29 990.293 800.956 862.762
56.5942 60.692 98.6219 52.4568
1565.85
373.917 422.849 515.91 331.716
37.5156 42.545 88.1912 35.7308
0.290904
0.255371 0.299226 0.391771 0.277708
0.0233419 0.0264051 0.0607313 0.0267483
rap1.2-1.6_pT6.5-30.0_cent0.0-100.0
6006.39
1624.12 1550.66 1450.7 1376.99
74.2486 76.7842 69.4399 83.2562
5496.37
1503.81 1580.22 1236.03 1169.44
70.3228 81.0402 68.4232 103.603
4378.23
1189.0 1088.65 1089.33 986.277
70.8953 70.1859 64.6606 69.4215
1628.16
435.125 462.013 361.369 390.708
49.6712 50.4332 41.9685 42.6768
0.271072
0.267914 0.297945 0.249099 0.283741
0.0280237 0.0289849 0.0263584 0.0258116
rap1.2-1.6_pT6.5-30.0_cent10.0-60.0
3850.47
1092.64 947.249 898.533 903.61
59.495 56.5005 48.6438 51.1417
2775.64
867.552 811.056 578.439 501.485
52.3118 61.1352 42.5941 42.3239
2857.54
797.389 694.629 720.653 639.566
57.1723 50.748 45.9514 46.6
992.932
295.255 252.619 177.88 264.045
40.5215 32.9507 26.1185 32.9337
0.257873
0.270221 0.266688 0.197967 0.292211
0.034042 0.0309355 0.0270201 0.0324785
rap1.2-2.4_pT6.5-30.0_cent0.0-100.0
14316.8
3760.31 3609.1 3506.44 3439.43
116.546 116.909 111.418 120.409
13298.2
3988.11 3603.26 3037.81 2755.64
117.767 120.145 107.945 131.36
10758.7
2832.5 2668.95 2717.79 2535.51
110.496 109.405 104.719 106.266
3558.16
927.806 940.154 788.651 903.926
73.0014 73.6379 64.3136 66.4437
0.24853
0.246737 0.260495 0.224915 0.262813
0.017844 0.0185767 0.0168919 0.0169865
rap1.2-2.4_pT6.5-30.0_cent10.0-60.0
9214.79
2516.22 2300.18 2194.25 2208.53
91.0003 86.9929 81.9342 83.6235
6965.55
2201.82 1845.71 1531.61 1376.64
84.6847 86.3317 72.138 70.5347
6922.37
1914.4 1759.12 1681.96 1559.26
87.2547 80.6532 77.1566 76.925
2292.41
601.826 541.056 512.299 649.266
57.3902 49.974 48.7303 55.101
0.248775
0.239179 0.235223 0.233473 0.293981
0.0211042 0.0198213 0.0204254 0.0223284
rap1.6-2.4_pT3.0-6.5_cent0.0-100.0
27157.7
7515.33 6559.52 6455.09 6623.54
340.892 329.28 322.805 322.599
135420.0
36281.3 35060.7 32768.0 31300.8
549.49 544.081 528.952 520.118
22594.5
6295.21 5326.1 5510.47 5549.86
343.855 307.712 309.032 303.852
4563.23
1220.12 1233.42 944.613 1073.69
199.404 164.428 147.631 148.309
0.168027
0.162351 0.188035 0.146336 0.162102
0.0254905 0.023222 0.0216681 0.020953
rap1.6-2.4_pT3.0-6.5_cent10.0-60.0
17189.3
5023.25 4131.11 3960.6 4082.0
249.371 232.68 224.151 227.505
67122.5
18585.3 17740.7 15939.6 14830.7
380.437 367.377 346.356 344.041
14241.1
4361.19 3115.6 3325.25 3455.42
240.755 212.812 213.327 218.392
2948.16
662.058 1015.51 635.352 626.579
110.314 133.291 106.699 108.749
0.171512
0.131799 0.24582 0.160418 0.153498
0.0209634 0.0291435 0.0253642 0.0252301
rap1.6-2.4_pT6.5-30.0_cent0.0-100.0
8303.94
2136.41 2049.92 2060.95 2059.23
89.9065 87.6832 87.3629 85.0011
7887.71
2482.51 2030.37 1794.23 1577.34
94.5445 88.1269 83.6268 76.9252
6401.44
1648.3 1577.6 1634.87 1545.98
84.8899 82.9966 83.2519 78.8356
1902.5
488.11 472.322 426.076 513.25
53.0723 52.3739 49.5415 50.907
0.229108
0.228472 0.23041 0.206738 0.249243
0.0229057 0.0235718 0.0223838 0.0224788
rap1.6-2.4_pT6.5-30.0_cent10.0-60.0
5358.66
1422.52 1343.85 1297.05 1295.66
68.7615 65.474 66.0399 65.5753
4189.38
1334.12 1033.48 949.901 866.782
66.5299 60.0345 58.1344 55.9206
4065.29
1118.68 1071.53 955.578 920.835
65.1434 62.3649 62.0755 60.4636
1293.37
303.843 272.317 341.467 374.828
39.1833 36.6047 42.29 42.9387
0.241362
0.213595 0.20264 0.263266 0.289294
0.0255368 0.0253865 0.0297221 0.0297305
