polFunct_TnPAtRD3_4DEff2_RapPtEffMap3_Ratio
rap	pT	cent	dPhi	ctauErrMin	ctauErrMax	NoCutEntry	CutEntry	NSig	NSigErr	NBkg	NBkgErr	coefExp	coefExpErr	coefPol1	coefPol1Err	coeffGaus	coeffGausErr	meanSig1	meanSig1Err	sigmaSig1	sigmaSig1Err	sigmaSig2	sigmaSig2Err	sigmaSig3	sigmaSig3Err	alpha	alphaErr	enne	enneErr	enneW	enneWErr	sigWidth	sigWidthErr	Gmc	GmcErr	bTau	bTauErr	fracRes	fracResErr	meanResSigW	meanResSigWErr	meanResSigN	meanResSigNErr	sigmaResSigW	sigmaResSigWErr	sigmaResSigN	sigmaResSigNErr	fpm	fpmErr	fLiving	fLivingErr	fbkgCtTot	fbkgCtTotErr	lambdam	lambdamErr	lambdap	lambdapErr	lambdasym	lambdasymErr	NLL	nFitPar	EDM	NLLMass	nFitParMass	EDMMass	Prob	PROMPT	PROMPTErr	NON-PROMPT	NON-PROMPTErr	Bfraction	BfractionErr	Resolution	ResolutionErr	
0.0-0.4	6.5-30.0	0.0-100.0	0.000-1.571	0.008	0.105	9088.0	9075.0	7814.03	92.971	1261.03	45.7186	-1.0	0.0	-0.248	0.00615459	0.437515	0.0693136	3.09366	0.000253495	0.0155087	0.000717306	0.0232109	0.00097676	0.03	0.0	1.696	0.0	5.0	0.0	1.718	0.0	0.0202056	0.000423674	1.23578e-05	0.0128429	0.368761	0.00946007	0.44677	0.141299	-0.000774749	0.00115443	0.000437507	0.000700173	1.18582	0.0694746	0.877539	0.0188832	1.0	0.130595	0.858498	0.0276274	0.213291	0.0273335	0.143007	72.9059	0.35969	0.0180055	0.216379	0.0409631	-23646.9	4.0	3.74923e-07	-89329.2	7.0	1.99841e-05	1.0	5659.03	83.5062	2154.99	55.6529	0.275785	0.00632128	1026.77	28.6375	
0.0-1.2	6.5-30.0	0.0-100.0	0.000-1.571	0.008	0.145	32325.0	32308.0	27804.3	177.481	4503.59	90.5202	-1.0	0.0	-0.247593	0.0033735	0.394543	0.0425044	3.09366	0.000180105	0.0188289	0.000679665	0.0314183	0.000760551	0.03	0.0	1.696	0.0	5.0	0.0	1.718	0.0	0.0271575	0.000375306	1.01594e-05	0.0045946	0.368739	0.00502512	0.0390389	0.0103328	-0.00174128	0.00308162	0.000296138	0.000231655	2.01564	0.13992	0.987874	0.00641215	0.987457	0.0129208	0.910911	0.0377077	0.263253	0.0178489	0.289563	0.142659	0.418616	0.0116325	0.141061	8.76922e-11	-76520.0	4.0	1.09241e-06	-351791.0	7.0	0.000216121	1.0	20096.8	159.58	7707.54	106.911	0.277206	0.00341378	1047.09	9.69974	
0.0-2.4	10.0-13.0	0.0-100.0	0.000-1.571	0.008	0.145	12379.0	12369.0	10428.6	110.358	1940.13	60.715	-1.0	0.0	-0.256494	0.00385651	0.494809	0.0393687	3.09333	0.000361944	0.044955	0.00125971	0.0225797	0.000878106	0.03	0.0	1.696	0.0	5.0	0.0	1.718	0.0	0.035462	0.000593237	1.22072e-05	0.0133174	0.391086	0.0080793	0.0307555	0.0102492	0.002156	0.00527054	0.000314761	0.000356746	2.23784	0.221634	0.983129	0.0107969	0.970337	0.11396	0.999999	0.00255489	0.234924	0.0879028	0.141117	0.791924	0.401258	0.0144357	0.463889	1.17168	-25738.9	4.0	7.55052e-08	-120160.0	7.0	0.000113972	1.0	7169.45	96.2088	3259.13	68.4804	0.312519	0.00567302	1044.43	13.2623	
0.0-2.4	10.0-30.0	0.0-100.0	0.000-1.571	0.008	0.145	19521.0	19509.0	16158.6	137.967	3350.32	78.8664	-1.0	0.0	-0.257776	0.00283984	0.503381	0.0325721	3.09345	0.000288152	0.0439667	0.000992091	0.0222186	0.000718894	0.03	0.0	1.696	0.0	5.0	0.0	1.718	0.0	0.0349032	0.000473942	1.00498e-05	0.00459465	0.378844	0.00585232	0.0302029	0.00772777	-0.00137981	0.00391645	-1.33628e-06	0.000275412	2.28455	0.177331	0.990559	0.00892414	1.0	0.000535056	0.948918	0.0128768	0.251372	0.0154771	1.47276	0.332023	0.423745	0.0121986	0.141108	0.0318204	-38685.4	4.0	4.9874e-05	-197862.0	7.0	8.20157e-05	1.0	10351.1	116.574	5807.58	90.759	0.35941	0.00470432	1053.19	10.5235	
0.0-2.4	11.0-13.0	0.0-100.0	0.000-1.571	0.008	0.145	6603.0	6600.0	5572.81	81.3412	1026.81	45.4949	-1.0	0.0	-0.258155	0.00489718	0.374402	0.0508447	3.09362	0.000498416	0.0512995	0.00259012	0.0243313	0.00109551	0.03	0.0	1.696	0.0	5.0	0.0	1.718	0.0	0.0368192	0.00100175	3.00105e-05	0.000309596	0.398761	0.0106625	0.035575	0.0156752	0.00158392	0.00595811	0.000273408	0.000492601	2.10523	0.269949	1.00095	0.0154375	0.996245	0.060373	0.970583	0.0662384	0.258054	0.0307955	0.140888	5.40227e-09	0.398111	0.0207965	0.140933	0.118351	-13213.0	4.0	2.2495e-07	-59793.2	7.0	0.000117455	1.0	3667.16	69.3721	1905.65	52.1644	0.341955	0.00791878	1060.15	17.3516	
0.0-2.4	13.0-16.0	0.0-100.0	0.000-1.571	0.008	0.081	4213.0	4208.0	3389.5	62.4799	818.39	36.491	-1.0	0.0	-0.250927	0.0070639	0.628172	0.0594633	3.09349	0.000604495	0.0403565	0.00153313	0.0179085	0.00169612	0.03	0.0	1.696	0.0	5.0	0.0	1.718	0.0	0.0337982	0.000830336	2.11265e-05	10.8791	0.377624	0.0121073	0.0661462	0.04102	-0.00168051	0.0047893	-0.000621461	0.000610966	1.77416	0.264604	0.99622	0.0210103	0.999986	2.33664	0.943385	0.0280074	0.268249	0.00961257	0.143099	2.05271	0.454295	0.00953546	0.214289	0.0303496	-8002.58	4.0	9.39718e-06	-36146.8	7.0	5.61986e-05	1.0	2043.94	51.7272	1345.56	43.2593	0.396979	0.0104565	1065.37	26.9612	
0.0-2.4	13.0-30.0	0.0-100.0	0.000-1.571	0.008	0.081	7141.0	7135.0	5722.63	82.5109	1412.21	49.9463	-1.0	0.0	-0.259969	0.00411495	0.534686	0.0565849	3.09373	0.000477294	0.0419903	0.00151053	0.0211618	0.00129915	0.03	0.0	1.696	0.0	5.0	0.0	1.718	0.0	0.0339283	0.000765578	1.02238e-05	0.00459457	0.367752	0.00857058	0.0480882	0.0218371	-0.00242622	0.00419284	-0.000358664	0.000442065	1.94086	0.230379	1.00025	0.0160651	1.0	5.32221	0.96236	0.0194992	0.281264	0.0271314	0.146892	12.3573	0.445189	0.0279808	0.231223	0.112631	-13059.6	4.0	1.15299e-05	-64856.4	7.0	0.000188181	1.0	3215.62	65.5878	2507.01	58.8112	0.438088	0.00810664	1064.67	18.836	
0.0-2.4	16.0-30.0	0.0-100.0	0.000-1.571	0.008	0.056	2928.0	2916.0	2369.97	52.118	545.644	29.8695	-1.0	0.0	-0.265304	0.00554596	0.158599	0.0600517	3.09362	0.000760063	0.0152909	0.0027891	0.0365553	0.00165923	0.03	0.0	1.696	0.0	5.0	0.0	1.718	0.0	0.0340799	0.000897958	1.01425e-05	0.00459461	0.358321	0.0120477	0.0340288	0.0240391	-0.00317689	0.0069571	-6.62217e-05	0.000644896	2.18001	0.438439	0.999838	0.0253201	1.0	0.0733439	0.985901	0.011744	0.289854	0.0309327	0.140914	0.000324964	0.431028	0.0292104	0.234843	0.192484	-5086.5	4.0	5.46402e-05	-23793.8	7.0	8.8677e-05	1.0	1192.99	39.8151	1176.99	39.5842	0.496625	0.0126371	1061.78	28.6073	
0.0-2.4	6.5-30.0	0.0-100.0	0.000-1.571	0.004	0.224	71362.0	71338.0	60484.0	268.871	10854.6	150.54	-1.0	0.0	-0.252182	0.00191889	0.492351	0.0210469	3.09234	0.000160127	0.0457888	0.000550017	0.0248452	0.000481038	0.03	0.0	1.696	0.0	5.0	0.0	1.718	0.0	0.0366829	0.000283601	1.01537e-05	0.0045946	0.36891	0.00358025	0.0430983	0.00586475	-0.000930869	0.00240021	0.000358891	0.000163977	2.16125	0.0881268	0.96048	0.00421644	0.995919	0.0794338	0.858284	0.00514618	0.288748	0.00789863	0.141628	1.41289	0.427607	0.0036585	0.140965	0.0516929	-150603.0	4.0	8.52881e-05	-816619.0	7.0	0.000112308	1.0	44645.7	243.323	15838.4	157.401	0.26186	0.0023275	1041.19	6.84582	
0.0-2.4	6.5-7.5	0.0-100.0	0.000-1.571	0.008	0.168	21514.0	21501.0	18562.9	149.072	2938.12	81.1619	-1.0	0.0	-0.226586	0.00703906	0.466814	0.0374936	3.09111	0.000313094	0.0487743	0.00113004	0.0279402	0.000799317	0.03	0.0	1.696	0.0	5.0	0.0	1.718	0.0	0.0390737	0.000527846	2.82935e-05	5.56844e-05	0.392811	0.00809825	0.0564692	0.0173463	0.0089199	0.0166626	0.000455452	0.000349786	1.98278	0.173627	0.971451	0.00748938	0.999999	0.0134591	0.794527	0.031337	0.406989	0.0223569	0.140912	1.84458e-11	0.417746	0.017034	0.140902	2.95252e-08	-46451.7	4.0	7.40121e-05	-220036.0	7.0	7.72451e-05	1.0	14974.6	140.34	3588.3	77.8727	0.193305	0.00389728	1054.72	15.698	
0.0-2.4	6.5-8.0	0.0-100.0	0.000-1.571	0.008	0.168	30099.0	30080.0	25834.4	173.406	4245.4	92.023	-1.0	0.0	-0.2369	0.00460167	0.522907	0.0270928	3.09128	0.000260049	0.0473927	0.00074657	0.0260847	0.000678043	0.03	0.0	1.696	0.0	5.0	0.0	1.718	0.0	0.0387183	0.00037944	1.01726e-05	0.00459459	0.391199	0.00671317	0.0575665	0.0136708	0.00223244	0.00490816	0.000588308	0.000288056	2.00934	0.138671	0.956949	0.00627734	1.0	0.00456835	0.742549	0.030089	0.306324	0.020478	0.140959	5.37324e-11	0.404907	0.0134923	0.140976	0.01921	-65145.7	4.0	1.01686e-06	-318080.0	7.0	4.21082e-05	1.0	20676.7	163.237	5157.66	92.6446	0.199643	0.00332631	1046.64	13.0361	
0.0-2.4	6.5-8.5	0.0-100.0	0.000-1.571	0.008	0.168	37296.0	37275.0	31951.0	195.6	5324.0	107.85	-1.0	0.0	-0.243183	0.00358118	0.51285	0.0303179	3.0914	0.00023156	0.0469424	0.000738557	0.0260873	0.000737109	0.03	0.0	1.696	0.0	5.0	0.0	1.718	0.0	0.0382314	0.000400317	1.02618e-05	0.00459455	0.376223	0.00575421	0.0565076	0.0117314	-0.00114815	0.00417186	0.0011355	0.000254312	2.00908	0.120785	0.958185	0.00570005	1.0	2.1768	0.750352	0.044775	0.350919	0.027898	0.141821	11641.0	0.433399	0.0133803	0.143489	0.0199673	-80857.7	4.0	9.28282e-08	-402285.0	7.0	0.000254402	1.0	25351.9	182.786	6599.14	104.669	0.206539	0.00302207	1046.1	11.2006	
0.0-2.4	7.5-8.5	0.0-100.0	0.000-1.571	0.008	0.136	15781.0	15759.0	13375.4	125.05	2383.47	68.1528	-1.0	0.0	-0.257884	0.00344145	0.581636	0.0409114	3.0918	0.000341872	0.044524	0.000925868	0.0231937	0.00111742	0.03	0.0	1.696	0.0	5.0	0.0	1.718	0.0	0.0371226	0.000532914	3.14286e-05	0.000250139	0.35822	0.00819143	0.0553572	0.0153282	-0.00751851	0.00509998	0.00176271	0.000369603	2.03235	0.165504	0.943331	0.00877894	0.999999	0.0172087	0.708505	0.0335877	0.270554	0.0230878	0.141687	0.793726	0.44842	0.0195876	0.140949	1.5046e-10	-34424.9	4.0	9.15272e-05	-156714.0	7.0	8.24294e-05	1.0	10389.9	116.091	2985.49	69.4295	0.223208	0.00475288	1034.05	15.4787	
0.0-2.4	8.0-10.0	0.0-100.0	0.000-1.571	0.008	0.136	21741.0	21728.0	18464.6	148.288	3263.56	82.3195	-1.0	0.0	-0.260881	0.00260748	0.449883	0.0382379	3.09266	0.000281735	0.0441989	0.00104425	0.0256823	0.000719441	0.03	0.0	1.696	0.0	5.0	0.0	1.718	0.0	0.0352379	0.000480449	2.68589e-05	0.000536565	0.346501	0.00633292	0.0458891	0.0102194	-0.0026995	0.0043131	0.000473394	0.00029415	2.19478	0.149274	0.939968	0.00743164	0.999999	0.0165769	0.840595	0.0229942	0.233694	0.0197242	0.141226	5.63263e-06	0.452206	0.0143005	0.152625	0.0185212	-47506.9	4.0	8.61753e-06	-223463.0	7.0	5.6046e-05	1.0	13875.0	135.613	4589.57	85.6319	0.24856	0.00418603	1031.53	12.588	
0.0-2.4	8.5-9.5	0.0-100.0	0.000-1.571	0.008	0.136	10673.0	10668.0	9097.83	103.814	1570.28	57.0065	-1.0	0.0	-0.257015	0.00427522	0.41952	0.055721	3.09324	0.00039261	0.0435197	0.00152671	0.0257344	0.000971306	0.03	0.0	1.696	0.0	5.0	0.0	1.718	0.0	0.0343364	0.000677565	1.33225e-05	0.00459315	0.360337	0.00924421	0.0500628	0.0142661	0.00161968	0.00572458	0.000569764	0.000412958	2.25294	0.202615	0.935358	0.0103802	0.999996	0.0263843	0.899852	0.0247885	0.238407	0.0256968	0.143073	0.794616	0.452132	0.0196352	0.148048	0.0315879	-23646.0	4.0	2.14812e-06	-102351.0	7.0	4.47074e-05	1.0	6829.6	94.8235	2268.22	59.9007	0.249315	0.00593772	1041.73	18.6214	
0.0-2.4	9.5-11.0	0.0-100.0	0.000-1.571	0.008	0.128	9647.0	9639.0	8116.22	97.325	1522.87	53.6542	-1.0	0.0	-0.261233	0.00376974	0.586311	0.0515897	3.09276	0.000416701	0.0419501	0.00111361	0.0219326	0.00132464	0.03	0.0	1.696	0.0	5.0	0.0	1.718	0.0	0.0350827	0.000634612	2.86811e-05	0.000348843	0.363238	0.00915931	0.0230452	0.0104935	-0.00132346	0.00761159	-0.00079675	0.000408826	2.46487	0.337054	0.954457	0.0113563	0.933882	0.0148584	1.0	0.00138438	0.205694	0.0226074	0.140897	1.26283e-10	0.424504	0.0177011	2.08321	5.67953	-20684.1	4.0	5.76389e-05	-91336.9	7.0	2.79984e-05	1.0	5819.38	86.7794	2296.84	58.4776	0.282994	0.00635583	1014.89	17.1583	
0.4-0.8	6.5-30.0	0.0-100.0	0.000-1.571	0.008	0.073	10107.0	10069.0	8574.48	98.1108	1494.3	50.4483	-1.0	0.0	-0.257895	0.00431248	0.394653	0.0573503	3.0945	0.000291607	0.0284116	0.000890599	0.0204029	0.000614636	0.03	0.0	1.696	0.0	5.0	0.0	1.718	0.0	0.0238865	0.000352148	2.82435e-05	0.000449249	0.357251	0.00833535	0.076506	0.0434519	-0.00258405	0.00354869	-0.00055576	0.000426336	1.67312	0.203336	0.974472	0.0121388	0.967251	27.0825	0.931757	29.1715	0.217089	0.0708813	0.141532	10.0575	0.446444	1.34425	0.141215	5.50553e-07	-24009.0	4.0	6.71066e-07	-98493.7	7.0	8.24928e-05	1.0	6018.36	87.145	2556.12	60.8895	0.298108	0.00622839	1044.56	23.5073	
0.8-1.2	6.5-30.0	0.0-100.0	0.000-1.571	0.008	0.145	13129.0	13125.0	11146.8	114.19	1978.4	62.2061	-1.0	0.0	-0.249693	0.00480162	0.572611	0.0586215	3.09337	0.000350859	0.0348762	0.000875887	0.0285813	0.00129389	0.03	0.0	1.696	0.0	5.0	0.0	1.718	0.0	0.0323361	0.00040701	1.00235e-05	0.00459466	0.380582	0.0085002	0.021701	0.00683238	-0.000835981	0.00729644	0.00109685	0.000359593	2.63751	0.286474	1.00679	0.00983164	0.976455	0.0102313	0.999931	0.228552	0.360448	0.0223199	0.231107	0.0773467	0.431358	0.0175503	0.141296	2.73501	-29541.8	4.0	1.44167e-05	-129169.0	7.0	0.000164489	1.0	8272.07	102.98	2874.76	65.5079	0.257899	0.00524947	1068.92	13.0201	
1.2-1.6	6.5-30.0	0.0-100.0	0.000-1.571	0.004	0.152	16005.0	15996.0	13814.5	130.259	2182.24	73.0291	-1.0	0.0	-0.237735	0.00661041	0.548551	0.0599733	3.08936	0.000381991	0.0341757	0.000923216	0.0473943	0.00202699	0.03	0.0	1.696	0.0	5.0	0.0	1.718	0.0	0.0406786	0.00069812	1.10187e-05	0.00459421	0.383472	0.00764868	0.0606589	0.0149845	-0.000791808	0.00423917	0.00108496	0.000348916	1.99894	0.146766	0.956493	0.00891416	0.999922	0.15629	0.808322	0.0858081	0.323891	0.0631144	0.14144	2.42172e-07	0.47989	0.0475327	0.140945	2.5511e-09	-33054.6	4.0	3.36556e-07	-158594.0	7.0	7.54109e-05	1.0	10128.7	116.67	3685.85	75.4893	0.26681	0.00485093	1049.65	14.3985	
1.6-2.0	6.5-30.0	0.0-100.0	0.000-1.571	0.004	0.145	16129.0	16117.0	13632.6	134.009	2484.73	82.4962	-1.0	0.0	-0.259736	0.0033366	0.792036	0.0622823	3.08954	0.000437835	0.0426223	0.000860782	0.0631706	0.00540309	0.03	0.0	1.696	0.0	5.0	0.0	1.718	0.0	0.0476313	0.00107389	1.76494e-05	0.00459116	0.352982	0.00768186	0.0501204	0.0105066	0.00447381	0.00580861	0.000497921	0.000366189	2.34179	0.172123	0.928975	0.00852701	0.998876	413923.0	0.835647	18547.5	0.333462	4117.5	0.140888	622752.0	0.421918	384.867	0.14094	1778.12	-31541.3	4.0	2.58139e-05	-158018.0	7.0	4.0546e-05	1.0	10328.7	121.968	3303.91	74.9827	0.242354	0.00495754	1046.23	15.5157	
1.6-2.4	3.0-30.0	0.0-100.0	0.000-1.571	0.004	0.24	90352.0	90220.0	75281.1	326.134	14938.8	214.391	-1.0	0.0	-0.172505	0.0079806	0.357193	0.0391849	3.08911	0.00020176	0.0634198	0.00169095	0.0413128	0.000644486	0.03	0.0	2.059	0.0	5.0	0.0	1.41	0.0	0.0503365	0.00061377	1.03367e-05	0.00459452	0.373708	0.40161	0.048199	0.00677046	0.00323956	0.0047584	0.00049033	0.00840459	2.28286	0.107063	0.877053	0.489806	0.817944	0.0	0.9999	0.0	0.604322	0.0	0.0846182	0.0	0.4172	0.0	0.483258	0.0	-1e+30	4.0	0.0	-1031620.0	7.0	4.13901e-05	1.0	69785.1	27431.7	5496.05	27430.0	0.073007	0.364368	991.631	206.39	
1.6-2.4	3.0-4.5	0.0-100.0	0.000-1.571	0.024	0.24	35434.0	35351.0	29227.3	204.09	6123.41	136.153	-1.0	0.0	5.0	1.75713	0.363422	0.0447367	3.08914	0.000328203	0.0678779	0.00266617	0.0395106	0.000929136	0.03	0.0	2.04	0.0	5.0	0.0	1.31	0.0	0.0516545	0.000944206	2.69452e-05	0.00010696	0.48436	0.011261	0.0920982	0.0334626	-0.00295184	0.0134997	0.00165116	0.000417435	1.7428	0.171363	0.902072	0.00532069	1.0	0.00617769	0.547369	0.0364639	0.468088	0.0255685	0.140966	8.14436e-08	0.589335	0.023863	0.145869	0.0129642	-60309.8	4.0	0.000202245	-370060.0	7.0	5.35583e-05	1.0	25949.0	198.241	3278.25	83.6111	0.112164	0.00275142	1009.22	23.0238	
1.6-2.4	3.0-5.5	0.0-100.0	0.000-1.571	0.024	0.24	53895.0	53778.0	44563.0	261.119	9214.97	181.095	-1.0	0.0	0.144066	0.0966803	0.335038	0.0476683	3.08869	0.000265322	0.0657765	0.00264325	0.0408912	0.000797341	0.03	0.0	2.04	0.0	5.0	0.0	1.31	0.0	0.0506106	0.000876197	1.07449e-05	0.00459433	0.458406	0.00830053	0.0947176	0.0252455	-0.00210053	0.00695986	0.000747275	0.000325127	1.7053	0.119034	0.901022	0.00440657	1.0	0.00367466	0.616066	0.0282626	0.400428	0.0203778	0.141041	1.69776e-09	0.539952	0.0152198	0.140892	0.0108611	-92327.4	4.0	1.42276e-05	-585931.0	7.0	7.96687e-05	1.0	39087.8	251.323	5475.19	108.327	0.122864	0.00232183	1005.18	16.3675	
1.6-2.4	3.0-6.5	0.0-100.0	0.000-1.571	0.016	0.24	67321.0	67195.0	56017.6	293.481	11178.9	202.875	-1.0	0.0	-0.0537113	0.0292059	0.356569	0.0440838	3.08899	0.000237779	0.0651391	0.00225503	0.040992	0.000718233	0.03	0.0	2.04	0.0	5.0	0.0	1.31	0.0	0.0509327	0.000778759	1.26007e-05	0.00459348	0.453084	0.00713041	0.0545752	0.0111807	0.00463949	0.00732318	0.000556172	0.000270052	2.11806	0.135123	0.925296	0.00385652	1.0	0.233623	0.64424	0.0180694	0.409013	0.0114521	0.141028	11649.4	0.53499	0.0128562	0.140917	1.90761e-09	-117322.0	4.0	8.55269e-05	-747572.0	7.0	0.00051621	1.0	48825.4	281.651	7192.17	123.746	0.128391	0.00210415	1026.78	12.5778	
1.6-2.4	4.5-5.5	0.0-100.0	0.000-1.571	0.024	0.192	18461.0	18420.0	15285.3	145.865	3134.74	95.5075	-1.0	0.0	-0.223208	0.00796594	0.399361	0.0922079	3.0879	0.000449955	0.0582867	0.00240906	0.0418474	0.00153213	0.03	0.0	2.04	0.0	5.0	0.0	1.31	0.0	0.0490775	0.00103835	2.75213e-05	0.000465277	0.42283	0.0121488	0.103514	0.0420907	-0.000476917	0.00793976	-0.000423748	0.000521934	1.6297	0.164957	0.906299	0.00786797	0.935249	3.00698	0.861117	20.0747	0.335284	2.96624	0.140896	1.15814e-09	0.474233	1.25088	0.140984	5.41512	-32221.7	4.0	1.1556e-05	-181345.0	7.0	6.74583e-05	1.0	13121.1	140.468	2164.17	66.9284	0.141585	0.00416494	1005.62	23.8755	
1.6-2.4	5.5-6.5	0.0-100.0	0.000-1.571	0.024	0.16	13426.0	13405.0	11439.7	124.746	1965.38	78.0165	-1.0	0.0	-0.236407	0.00744123	0.450058	0.0938316	3.09028	0.000531381	0.0628068	0.0028381	0.0413464	0.00198871	0.03	0.0	2.04	0.0	5.0	0.0	1.31	0.0	0.0521103	0.00133909	1.00139e-05	0.00459467	0.430335	0.013188	0.163974	0.0525224	0.00159916	0.00563014	0.000589013	0.000555191	1.56105	0.126401	0.883038	0.00971593	0.855033	0.00769815	0.999945	8.37749	0.439077	0.0054722	0.140904	3.79057e-11	0.485549	0.00451227	0.140991	48.2195	-25062.0	4.0	8.62497e-05	-127985.0	7.0	1.89677e-05	1.0	9669.65	118.676	1770.01	57.7741	0.154726	0.00476015	1025.42	26.6722	
1.6-2.4	6.5-30.0	0.0-100.0	0.000-1.571	0.008	0.188	23030.0	23021.0	19328.1	159.256	3692.64	98.6245	-1.0	0.0	-0.257211	0.00299912	0.677256	0.0560879	3.0899	0.000393564	0.0516838	0.000878927	0.0389771	0.00197933	0.03	0.0	1.696	0.0	5.0	0.0	1.718	0.0	0.0479522	0.000532718	1.30059e-05	0.00459329	0.35898	0.00674049	0.0446101	0.00857781	0.00265167	0.00592245	-4.75937e-05	0.000316494	2.45063	0.167161	0.924479	0.00720859	0.999982	0.971843	0.847707	0.00533001	0.307195	0.0040302	0.141048	1.43632	0.409621	0.00353732	0.140925	0.00480668	-43494.2	4.0	2.94891e-06	-232900.0	7.0	3.11127e-05	1.0	14739.8	146.007	4588.29	89.4262	0.237389	0.00419295	1041.37	14.1012	
2.0-2.4	6.5-30.0	0.0-100.0	0.000-1.571	0.008	0.144	6900.0	6889.0	5773.14	89.3907	1115.83	57.7191	-1.0	0.0	-0.252131	0.00664181	0.555229	0.108825	3.08933	0.000814904	0.0596914	0.00234952	0.0446505	0.00255358	0.03	0.0	1.696	0.0	5.0	0.0	1.718	0.0	0.0535261	0.0011789	1.21911e-05	0.00459367	0.374393	0.0135485	0.0274908	0.012152	-0.01	0.0156797	-0.00167113	0.000636471	3.13309	0.601028	0.922817	0.0136329	1.0	5719.34	0.896207	20.4598	0.264634	3.58663	0.141283	15121.7	0.386637	0.129995	0.140964	1.74246	-12018.1	4.0	5.52558e-05	-60738.6	7.0	4.00697e-05	1.0	4448.22	82.6452	1324.91	50.072	0.229496	0.00791191	1047.87	36.328	
