v2W_resOpt2
rap	pT	cent	dPhi	ctauErrMin	ctauErrMax	NoCutEntry	CutEntry	NSig	NSigErr	NBkg	NBkgErr	coefExp	coefExpErr	coefPol1	coefPol1Err	coeffGaus	coeffGausErr	meanSig1	meanSig1Err	sigmaSig1	sigmaSig1Err	sigmaSig2	sigmaSig2Err	sigmaSig3	sigmaSig3Err	alpha	alphaErr	enne	enneErr	enneW	enneWErr	sigWidth	sigWidthErr	Gmc	GmcErr	bTau	bTauErr	fracRes	fracResErr	meanResSigW	meanResSigWErr	meanResSigN	meanResSigNErr	sigmaResSigW	sigmaResSigWErr	sigmaResSigN	sigmaResSigNErr	fpm	fpmErr	fLiving	fLivingErr	fbkgCtTot	fbkgCtTotErr	lambdam	lambdamErr	lambdap	lambdapErr	lambdasym	lambdasymErr	NLL	nFitPar	EDM	NLLMass	nFitParMass	EDMMass	Prob	PROMPT	PROMPTErr	NON-PROMPT	NON-PROMPTErr	Bfraction	BfractionErr	Resolution	ResolutionErr	
0.0-1.2	6.5-30.0	0.0-100.0	0.000-0.393	0.008	0.088	5399.0	5396.0	3499.81	136.426	1896.5	102.809	0.280366	0.197989	-0.05	0.0	0.524498	0.0	3.0924	0.0	0.0195471	0.0	0.0362307	0.0	0.03	0.0	1.492	0.04	5.0	0.0	1.733	0.07	0.0287155	0.0	2.21795e-05	1.43176	0.433945	0.0924344	0.245908	0.0821935	-0.000109909	0.00257936	0.00036914	0.000827448	1.688	0.125228	0.967913	0.0457628	0.989814	98.4347	0.534364	16.2124	0.561081	1.50313	0.0358434	1.12486	0.237224	1.69526	0.110364	1.8244	-15682.2	2.0	9249.85	-209831.0	3.0	90.3205	1.0	2265.63	135.887	1234.17	113.929	0.35264	0.0295083	1.18623	0.0421403	
0.0-1.2	6.5-30.0	0.0-100.0	0.000-1.571	0.008	0.105	20225.0	20221.0	12661.7	293.023	7559.32	254.822	0.0180445	0.146685	-0.05	0.0	0.524498	0.361143	3.0924	0.000698492	0.0195471	0.00374353	0.0362307	0.0133077	0.03	0.0	1.492	0.04	5.0	0.0	1.733	0.07	0.0287154	0.00404752	1.87255e-05	2.6751e-05	0.417957	0.0557421	0.236177	0.079527	5.83622e-05	0.00144617	2.73043e-05	0.000464964	1.60413	0.0920545	1.03705	0.0347877	0.670651	0.0793087	0.931812	0.105434	0.489575	0.0759663	0.0657348	0.0317895	0.220103	0.0244379	1.50265	9.6935	-9995.25	2.0	50610.1	-908703.0	7.0	1138400.0	1.0	8539.64	288.524	4122.07	230.845	0.325554	0.0166022	1.19549	0.031081	
0.0-1.2	6.5-30.0	0.0-100.0	0.393-0.785	0.008	0.096	5229.0	5227.0	3235.09	121.59	1992.54	97.2115	-0.102003	0.17003	-0.05	0.0	0.524498	0.0	3.0924	0.0	0.0195471	0.0	0.0362307	0.0	0.03	0.0	1.492	0.04	5.0	0.0	1.733	0.07	0.0287155	0.0	1.00937e-05	0.00103092	0.417369	0.0982526	0.0755589	0.0712515	0.0054884	0.00636296	-0.000195653	0.000728266	1.88269	0.329588	1.11294	0.0399878	0.640267	0.000498601	1.0	2.35037	0.370257	0.000586336	0.0582668	7.57829e-05	0.163441	0.000173752	0.0471079	229.467	-16486.5	2.0	6665.24	-166584.0	3.0	89.906	1.0	2255.54	126.721	979.55	101.128	0.302789	0.0291147	1.18864	0.0433888	
0.0-1.2	6.5-30.0	0.0-100.0	0.785-1.178	0.008	0.08	5093.0	5089.0	3192.48	145.12	1896.85	122.964	0.05376	0.245985	-0.05	0.0	0.524498	0.0	3.0924	0.0	0.0195471	0.0	0.0362307	0.0	0.03	0.0	1.492	0.04	5.0	0.0	1.733	0.07	0.0287155	0.0	4.10143e-05	0.000107112	0.463433	0.158806	0.187448	0.146811	0.00147636	0.00343833	5.21963e-05	0.000901732	1.59152	0.210616	1.06372	0.0558903	0.7408	0.945113	0.529036	0.746614	0.442987	0.341298	0.0393444	0.154742	0.489045	0.400543	0.0990097	0.0350977	24230.0	2.0	34500.2	-277174.0	3.0	833.139	1.0	2057.71	152.101	1134.77	130.562	0.35545	0.0375695	1.18076	0.0549913	
0.0-1.2	6.5-30.0	0.0-100.0	1.178-1.571	0.008	0.088	4502.0	4500.0	2730.07	103.193	1770.14	97.8	-0.167899	0.227817	-0.05	0.0	0.524498	0.0	3.0924	0.0	0.0195471	0.0	0.0362307	0.0	0.03	0.0	1.492	0.04	5.0	0.0	1.733	0.07	0.0287155	0.0	1.37041e-05	2.80645	0.292793	0.0456345	0.822701	0.0724277	-0.00109986	0.000962734	0.000952587	0.00236319	1.28762	0.0347594	0.675052	0.113348	0.682759	0.162696	0.830708	0.269839	0.488217	0.163478	0.053298	0.0420621	0.233691	0.0349636	1.66622	12.1359	-12034.6	2.0	1652.57	-125287.0	3.0	1562.72	1.0	1938.46	100.53	791.617	75.053	0.289962	0.0252119	1.202	0.0243815	
0.0-1.2	6.5-30.0	10.0-60.0	0.000-0.393	0.008	0.073	3262.0	3257.0	2217.27	100.524	1039.74	68.8794	0.170289	0.24049	-0.05	0.0	0.524498	0.0	3.0924	0.0	0.0195471	0.0	0.036385	0.0	0.03	0.0	1.492	0.04	5.0	0.0	1.733	0.07	0.0288081	0.0	1.05857e-05	4.67892e-05	0.387061	0.0750079	0.236177	0.0	5.83622e-05	0.0	0.000370725	0.000723993	1.60413	0.0	0.984897	0.0184669	0.811099	0.308127	0.576206	0.514533	0.409042	0.222604	0.0558856	0.0407922	0.218671	0.0701271	0.0391069	0.0293272	-11500.3	2.0	4040.19	-105744.0	3.0	124.905	1.0	1432.77	97.0891	784.503	80.4478	0.353814	0.0325438	1.16132	0.0059813	
0.0-1.2	6.5-30.0	10.0-60.0	0.000-1.571	0.008	0.105	12321.0	12317.0	8304.9	195.54	4012.66	140.862	0.0627609	0.165081	-0.05	0.0	0.524498	0.0	3.0924	0.0	0.0195471	0.0	0.036385	0.000882991	0.03	0.0	1.492	0.04	5.0	0.0	1.733	0.07	0.0288081	0.000265147	1.87255e-05	2.6751e-05	0.457125	0.0840422	0.236177	0.0	5.83622e-05	0.0	2.50319e-05	0.0003831	1.60413	0.0	1.03706	0.00930854	0.651362	0.126194	0.909584	0.0506091	0.456284	0.130448	0.0567475	0.0229497	0.235412	0.0395556	4.9995	1470.13	10438.3	2.0	40855.9	-580084.0	4.0	1822360.0	1.0	5570.28	218.193	2734.62	185.884	0.329278	0.0209968	1.1955	0.00308388	
0.0-1.2	6.5-30.0	10.0-60.0	0.393-0.785	0.008	0.073	3260.0	3258.0	2201.22	103.423	1057.08	73.2263	0.0983734	0.24237	-0.05	0.0	0.524498	0.0	3.0924	0.0	0.0195471	0.0	0.036385	0.0	0.03	0.0	1.492	0.04	5.0	0.0	1.733	0.07	0.0288081	0.0	2.45136e-05	0.0594659	0.477851	0.170353	0.236177	0.0	5.83622e-05	0.0	4.46831e-05	0.000750885	1.60413	0.0	1.02946	0.0181386	0.586857	0.0331255	1.0	920.715	0.319323	0.0377043	0.0494759	0.00489212	0.170917	0.0128258	0.0763644	4120.31	-11766.6	2.0	5395.64	-107173.0	3.0	173.458	1.0	1581.82	109.534	619.408	85.5641	0.281393	0.0365537	1.19047	0.0059904	
0.0-1.2	6.5-30.0	10.0-60.0	0.785-1.178	0.008	0.064	3034.0	3028.0	2082.27	129.002	946.105	95.364	0.029168	0.427054	-0.05	0.0	0.524498	0.0	3.0924	0.0	0.0195471	0.0	0.036385	0.0	0.03	0.0	1.492	0.04	5.0	0.0	1.733	0.07	0.0288081	0.0	3.78823e-05	8.58329e-05	0.535585	0.273891	0.236177	0.0	5.83622e-05	0.0	0.000152883	0.000756523	1.60413	0.0	1.0235	0.018304	0.863138	0.777298	0.598221	1.15589	0.399274	1.79516	0.155101	0.356899	0.662089	0.951365	0.0486112	0.433366	25772.5	2.0	29617.4	-199360.0	3.0	912.745	1.0	1304.24	126.588	778.025	108.715	0.373643	0.0467981	1.18654	0.00602995	
0.0-1.2	6.5-30.0	10.0-60.0	1.178-1.571	0.008	0.064	2764.0	2760.0	1792.22	86.5913	968.281	80.1068	-0.0610295	0.3792	-0.05	0.0	0.524498	0.0	3.0924	0.0	0.0195471	0.0	0.036385	0.0	0.03	0.0	1.492	0.04	5.0	0.0	1.733	0.07	0.0288081	0.0	2.4668e-05	4.15522	0.337167	0.0668536	0.236177	0.0	5.83622e-05	0.0	-0.00051668	0.000817942	1.60413	0.0	1.05398	0.0198214	0.634987	1.2004	0.802077	0.719903	0.385517	1.33042	0.0548439	0.197476	0.174584	0.153403	4.99995	37185.8	-4993.51	2.0	1474.46	-80038.1	3.0	1986.76	1.0	1237.44	82.211	554.785	62.4713	0.309551	0.0314852	1.20675	0.00661168	
0.0-2.4	10.0-13.0	0.0-100.0	0.000-0.393	0.016	0.08	1648.0	1641.0	1194.23	57.5028	446.92	37.0814	0.131607	0.256123	-0.05	0.0	0.504376	0.0	3.09185	0.0	0.0419218	0.0	0.0218697	0.0	0.03	0.0	1.492	0.04	5.0	0.0	1.733	0.07	0.033518	0.0	1.71938e-05	0.0002901	0.369954	0.0886017	0.274398	0.109498	-0.00249292	0.00355003	0.00206825	0.00120057	1.69599	0.15967	0.928485	0.0670713	0.858888	0.109838	0.470804	0.151582	1.05872e-08	1.2414	0.13433	0.0780212	0.197701	0.055333	0.024669	0.0126212	-3941.05	2.0	1260.41	-29404.5	3.0	26.9813	1.0	807.63	56.2013	386.601	44.6413	0.323724	0.0339758	1.18945	0.059038	
0.0-2.4	10.0-13.0	0.0-100.0	0.000-1.571	0.008	0.136	6551.0	6549.0	4750.65	284.3	1799.21	217.932	-0.761475	0.270206	-0.05	0.0	0.504376	0.371833	3.09185	0.00203397	0.0419218	0.00618409	0.0218697	0.00799669	0.03	0.0	1.492	0.04	5.0	0.0	1.733	0.07	0.033518	0.00234021	1.21637e-05	1.85867	0.429212	0.0864528	0.294117	0.0867943	0.000270012	0.00176522	0.0010107	0.00069304	1.60695	0.0922641	0.982536	0.0443336	0.933018	0.374035	0.656745	0.559565	0.240976	0.612656	0.102506	0.180085	0.300941	0.0919513	0.0397154	0.105241	-6782.96	2.0	14497.6	-192176.0	7.0	117105.0	1.0	3219.3	222.294	1531.35	143.861	0.322345	0.0233432	1.20039	0.0367178	
0.0-2.4	10.0-13.0	0.0-100.0	0.393-0.785	0.008	0.088	1684.0	1683.0	1251.16	76.0871	432.421	41.5902	-0.807114	0.278451	-0.05	0.0	0.504376	0.0	3.09185	0.0	0.0419218	0.0	0.0218697	0.0	0.03	0.0	1.492	0.04	5.0	0.0	1.733	0.07	0.033518	0.0	1.60627e-05	0.00013147	0.482596	0.218958	0.680848	0.179328	0.0030049	0.00163927	-0.000387606	0.00292037	1.30469	0.0810495	0.756893	0.159535	0.828102	0.0302966	1.0	3.7732	0.419512	0.0285169	0.0487666	0.00653751	0.20914	0.0155525	0.0200001	31.0597	-2889.84	2.0	5155.01	-49926.7	3.0	692.703	1.0	824.502	80.2621	426.658	67.8317	0.34101	0.050092	1.15835	0.0561508	
0.0-2.4	10.0-13.0	0.0-100.0	0.785-1.178	0.008	0.105	1627.0	1626.0	1178.77	80.2879	447.691	51.2601	-1.32138	0.401099	-0.05	0.0	0.504376	0.0	3.09185	0.0	0.0419218	0.0	0.0218697	0.0	0.03	0.0	1.492	0.04	5.0	0.0	1.733	0.07	0.033518	0.0	8.5376e-05	0.000184274	0.541524	0.338961	0.118034	0.0934839	0.00630016	0.00594207	0.000935582	0.00117908	1.90173	0.316188	1.10269	0.0541059	0.930116	0.931409	0.640902	25.7878	0.0141669	128.914	0.0947275	0.329518	0.430788	0.312745	0.0218441	3.75523	421.287	2.0	6144.7	-55312.5	3.0	486.697	1.0	807.744	86.9534	371.029	71.9216	0.314759	0.0571234	1.22445	0.0583196	
0.0-2.4	10.0-13.0	0.0-100.0	1.178-1.571	0.008	0.088	1590.0	1575.0	1123.35	56.0242	452.175	38.6053	-1.0448	0.293063	-0.05	0.0	0.504376	0.0	3.09185	0.0	0.0419218	0.0	0.0218697	0.0	0.03	0.0	1.492	0.04	5.0	0.0	1.733	0.07	0.033518	0.0	1.34644e-05	0.00253279	0.330496	0.075415	0.547296	0.182925	-0.00213568	0.00229779	1.30764e-05	0.00191525	1.46442	0.108951	0.848138	0.137652	1.0	2689.46	0.498159	0.0399499	0.100707	0.0435944	0.0635985	3418.8	0.28835	0.0232929	0.0421496	0.00255473	-3342.97	2.0	981.714	-27669.5	3.0	10.9172	1.0	765.71	56.402	357.644	45.1778	0.318372	0.0369498	1.22448	0.0676043	
0.0-2.4	10.0-13.0	10.0-60.0	0.000-0.393	0.016	0.08	1076.0	1071.0	789.733	43.5366	281.578	28.7491	0.140175	0.320527	-0.05	0.0	0.504376	0.0	3.09185	0.0	0.0419218	0.0	0.0220955	0.0	0.03	0.0	1.492	0.04	5.0	0.0	1.733	0.07	0.0335913	0.0	1.71938e-05	0.0002901	0.305005	0.0627108	0.294117	0.0	0.000270012	0.0	0.00164134	0.00106535	1.60695	0.0	0.928098	0.0267146	0.869309	0.435805	0.518675	0.928269	8.28502e-05	42.0214	0.143218	0.365582	0.208737	0.167117	0.0202956	1.38473	-2614.7	2.0	417.198	-15974.1	3.0	5.20409	1.0	520.227	40.7368	269.506	32.5229	0.341263	0.0366337	1.16941	0.00748305	
0.0-2.4	10.0-13.0	10.0-60.0	0.000-1.571	0.008	0.136	4230.0	4228.0	3152.99	120.434	1075.47	71.7516	-0.896374	0.202069	-0.05	0.0	0.504376	0.0	3.09185	0.0	0.0419218	0.0	0.0220955	0.00145851	0.03	0.0	1.492	0.04	5.0	0.0	1.733	0.07	0.0335913	0.000237743	1.21637e-05	1.85867	0.476965	0.135118	0.294117	0.0	0.000270012	0.0	0.00101025	0.000571897	1.60695	0.0	0.982495	0.0137508	0.919335	0.514108	0.63068	0.805134	0.197008	0.770671	0.104229	0.290734	0.332263	0.144023	0.0380813	0.101134	-2368.55	2.0	12540.4	-137475.0	4.0	2982.01	1.0	2096.49	125.11	1056.5	104.252	0.335078	0.0304869	1.20037	0.00397234	
0.0-2.4	10.0-13.0	10.0-60.0	0.393-0.785	0.016	0.088	1077.0	1076.0	834.723	68.2337	241.819	33.7262	-1.0665	0.37123	-0.05	0.0	0.504376	0.0	3.09185	0.0	0.0419218	0.0	0.0220955	0.0	0.03	0.0	1.492	0.04	5.0	0.0	1.733	0.07	0.0335913	0.0	1.60627e-05	0.00013147	0.599279	0.451918	0.294117	0.0	0.000270012	0.0	0.00202183	0.00110668	1.60695	0.0	0.957269	0.0269673	0.721348	0.698435	1.0	1.97183	0.313514	0.765741	0.0477343	0.114162	0.186989	0.137521	0.0200001	154.055	-2027.97	2.0	4451.02	-37415.0	3.0	721.839	1.0	551.881	71.8654	282.842	60.5311	0.338845	0.0670179	1.18589	0.00768298	
0.0-2.4	10.0-13.0	10.0-60.0	0.785-1.178	0.016	0.105	1073.0	1072.0	811.046	74.4618	261.251	44.0403	-1.60575	0.655595	-0.05	0.0	0.504376	0.0	3.09185	0.0	0.0419218	0.0	0.0220955	0.0	0.03	0.0	1.492	0.04	5.0	0.0	1.733	0.07	0.0335913	0.0	8.5376e-05	0.000184274	0.6952	0.685035	0.294117	0.0	0.000270012	0.0	0.00129361	0.00118451	1.60695	0.0	1.02864	0.0275757	0.971771	0.166322	0.593669	0.220582	1.73546e-06	18.1416	0.170536	0.549336	0.565386	0.436635	0.0302733	0.0169328	232.076	2.0	5194.18	-44701.9	3.0	451.252	1.0	531.114	76.0768	279.932	63.8006	0.345149	0.0719999	1.22735	0.00815688	
0.0-2.4	10.0-13.0	10.0-60.0	1.178-1.571	0.016	0.056	1002.0	977.0	700.883	45.6328	276.311	30.7103	-1.13413	0.377059	-0.05	0.0	0.504376	0.0	3.09185	0.0	0.0419218	0.0	0.0220955	0.0	0.03	0.0	1.492	0.04	5.0	0.0	1.733	0.07	0.0335913	0.0	1.27211e-05	0.00181467	0.333748	0.103569	0.294117	0.0	0.000270012	0.0	-0.000980983	0.00122147	1.60695	0.0	0.99575	0.030654	0.8731	1.66833	0.600678	1.82053	0.136481	1.1206	0.0325272	0.243015	0.280751	0.227984	0.0429297	0.0531753	-1741.77	2.0	876.498	-17027.7	3.0	33.5048	1.0	467.429	46.7339	233.453	38.5864	0.333085	0.0506028	1.20805	0.00891773	
0.0-2.4	10.0-30.0	0.0-100.0	0.000-0.393	0.008	0.088	2664.0	2659.0	1963.99	80.5337	694.996	49.5776	-0.0728634	0.227735	-0.05	0.0	0.501711	0.0	3.09293	0.0	0.0430551	0.0	0.0213608	0.0	0.03	0.0	1.492	0.04	5.0	0.0	1.733	0.07	0.0340206	0.0	1.1122e-05	0.00169269	0.454555	0.104871	0.286858	0.0918796	0.000915639	0.00224089	0.00160361	0.000841081	1.62833	0.118442	0.925384	0.0518192	0.880137	0.126127	0.579509	0.821139	0.170893	0.944708	0.117694	0.0843861	0.238009	0.0632139	0.0200015	2.26826	-4120.33	2.0	3718.56	-60945.6	3.0	89.3452	1.0	1240.14	78.3212	723.85	66.5526	0.36856	0.0303297	1.17102	0.0448453	
0.0-2.4	10.0-30.0	0.0-100.0	0.000-1.571	0.008	0.136	10182.0	10181.0	7447.26	262.673	2733.94	201.806	-0.781549	0.166684	-0.05	0.0	0.501711	0.21269	3.09293	0.00117207	0.0430551	0.00446499	0.0213608	0.00459772	0.03	0.0	1.492	0.04	5.0	0.0	1.733	0.07	0.0340206	0.00158954	1.52572e-05	0.000100154	0.396309	0.0529372	0.236663	0.0682407	0.00122367	0.00140879	0.000741891	0.000449966	1.62012	0.0865195	1.00907	0.032205	0.934166	0.425827	0.772875	0.724136	0.329898	0.213112	0.0842354	0.143962	0.30743	0.0861273	0.0455242	0.0717967	-11627.0	2.0	18862.2	-286223.0	7.0	287738.0	1.0	4876.33	213.956	2570.93	156.262	0.345218	0.0170882	1.18256	0.0290502	
0.0-2.4	10.0-30.0	0.0-100.0	0.393-0.785	0.008	0.105	2601.0	2600.0	1897.37	84.7035	702.767	49.5907	-0.735354	0.21651	-0.05	0.0	0.501711	0.0	3.09293	0.0	0.0430551	0.0	0.0213608	0.0	0.03	0.0	1.492	0.04	5.0	0.0	1.733	0.07	0.0340206	0.0	1.01316e-05	0.00876397	0.400965	0.118144	0.100919	0.169121	0.00498796	0.00652429	0.00106828	0.000759138	1.74041	0.515379	1.06188	0.0837154	0.760347	0.0356649	1.0	421.725	0.387691	0.0353591	0.0370931	0.00490378	0.210511	0.0164834	0.0204886	1286.19	-4225.0	2.0	5922.97	-65810.1	3.0	528.689	1.0	1262.98	88.2342	634.389	73.5413	0.334351	0.0357702	1.14869	0.0875269	
0.0-2.4	10.0-30.0	0.0-100.0	0.785-1.178	0.008	0.105	2460.0	2459.0	1790.76	87.6111	668.572	56.973	-1.35314	0.310728	-0.05	0.0	0.501711	0.0	3.09293	0.0	0.0430551	0.0	0.0213608	0.0	0.03	0.0	1.492	0.04	5.0	0.0	1.733	0.07	0.0340206	0.0	2.91026e-05	5.76628e-05	0.407654	0.144115	0.122074	0.0686439	0.00470031	0.00433712	0.000419563	0.000792409	1.84586	0.2159	1.09148	0.0377068	0.952389	0.619384	0.785074	1.03032	0.229889	0.535007	0.0943147	0.319816	0.443546	0.232651	0.0444307	0.175268	-18.2569	2.0	7545.56	-70687.3	3.0	424.469	1.0	1200.8	92.1822	589.961	76.6768	0.329448	0.0396686	1.20906	0.0402145	
0.0-2.4	10.0-30.0	0.0-100.0	1.178-1.571	0.008	0.105	2456.0	2446.0	1793.1	70.8637	653.082	47.2994	-1.00268	0.247669	-0.05	0.0	0.501711	0.0	3.09293	0.0	0.0430551	0.0	0.0213608	0.0	0.03	0.0	1.492	0.04	5.0	0.0	1.733	0.07	0.0340206	0.0	3.2121e-05	7.73774e-05	0.323146	0.055939	0.662879	0.127118	-0.000594368	0.00123554	-0.000349251	0.00167339	1.36549	0.0619482	0.787486	0.11362	0.909043	48.9276	0.634602	8.94831	0.111286	25.2795	0.00223106	2.1811	0.286749	0.126168	0.041163	0.0494055	-4945.88	2.0	1766.09	-46261.4	3.0	5.40384	1.0	1154.42	69.9146	638.682	58.6832	0.356189	0.0295453	1.2021	0.0422335	
0.0-2.4	10.0-30.0	10.0-60.0	0.000-0.393	0.008	0.088	1729.0	1724.0	1303.84	65.5187	420.779	38.2932	-0.123725	0.292863	-0.05	0.0	0.501711	0.0	3.09293	0.0	0.0430551	0.0	0.0211799	0.0	0.03	0.0	1.492	0.04	5.0	0.0	1.733	0.07	0.0339642	0.0	1.1122e-05	0.00169269	0.475922	0.141126	0.236663	0.0	0.00122367	0.0	0.00152155	0.000698965	1.62012	0.0	0.962045	0.0195784	0.616757	19.4974	0.861877	3.1264	0.218762	13.5337	0.00101192	3.48637	0.242984	0.347931	0.134566	0.398623	-2645.62	2.0	2605.82	-37939.2	3.0	70.3295	1.0	828.462	63.4259	475.379	53.4825	0.364599	0.0367002	1.15225	0.00623895	
0.0-2.4	10.0-30.0	10.0-60.0	0.000-1.571	0.008	0.136	6592.0	6591.0	4936.53	141.412	1654.84	84.5819	-0.838432	0.157933	-0.05	0.0	0.501711	0.0	3.09293	0.0	0.0430551	0.0	0.0211799	0.00102624	0.03	0.0	1.492	0.04	5.0	0.0	1.733	0.07	0.0339642	0.000159442	1.52572e-05	0.000100154	0.452593	0.0878003	0.236663	0.0	0.00122367	0.0	0.000741991	0.000373351	1.62012	0.0	1.00904	0.0100024	0.926407	0.515512	0.738252	0.897818	0.294711	0.3596	0.0891403	0.247778	0.331433	0.116256	0.0398567	0.0695732	-5530.87	2.0	16002.7	-201068.0	4.0	2953.49	1.0	3232.95	143.582	1703.57	120.085	0.345096	0.0222265	1.18253	0.00325749	
0.0-2.4	10.0-30.0	10.0-60.0	0.393-0.785	0.008	0.105	1655.0	1654.0	1246.75	74.0473	407.283	39.936	-0.806601	0.28224	-0.05	0.0	0.501711	0.0	3.09293	0.0	0.0430551	0.0	0.0211799	0.0	0.03	0.0	1.492	0.04	5.0	0.0	1.733	0.07	0.0339642	0.0	1.01316e-05	0.00876397	0.470791	0.223206	0.236663	0.0	0.00122367	0.0	0.0013115	0.000726652	1.62012	0.0	0.988623	0.0194937	0.706257	0.0658822	1.0	53.3991	0.345251	0.0679033	0.0426059	0.00992414	0.197621	0.0293993	0.0524845	272.205	-2430.13	2.0	5214.64	-46813.8	3.0	599.76	1.0	847.825	79.5936	398.921	66.0374	0.31997	0.0494413	1.1693	0.0062905	
0.0-2.4	10.0-30.0	10.0-60.0	0.785-1.178	0.008	0.105	1611.0	1610.0	1203.64	79.6595	406.99	49.0513	-1.45312	0.455628	-0.05	0.0	0.501711	0.0	3.09293	0.0	0.0430551	0.0	0.0211799	0.0	0.03	0.0	1.492	0.04	5.0	0.0	1.733	0.07	0.0339642	0.0	2.91026e-05	5.76628e-05	0.510386	0.272851	0.236663	0.0	0.00122367	0.0	0.000544928	0.000764364	1.62012	0.0	1.04743	0.0200907	0.97876	0.358957	0.614353	8.03929	0.0165178	52.601	0.159742	0.892221	0.565824	0.317937	0.0308125	0.757968	560.395	2.0	6411.42	-54870.8	3.0	457.717	1.0	798.317	80.6191	405.326	66.5401	0.33675	0.0505907	1.20775	0.00665015	
0.0-2.4	10.0-30.0	10.0-60.0	1.178-1.571	0.008	0.08	1595.0	1578.0	1172.81	59.3607	405.678	37.8045	-0.983244	0.312337	-0.05	0.0	0.501711	0.0	3.09293	0.0	0.0430551	0.0	0.0211799	0.0	0.03	0.0	1.492	0.04	5.0	0.0	1.733	0.07	0.0339642	0.0	1.97786e-05	7.38276e-05	0.35864	0.0834621	0.236663	0.0	0.00122367	0.0	-0.00057888	0.000799625	1.62012	0.0	1.03682	0.0213272	0.752638	53.2544	0.677159	10.8399	0.0204063	62.8254	0.00344846	0.939767	0.255112	0.114433	0.0397217	0.0981536	-2987.12	2.0	1531.02	-30223.9	3.0	36.3385	1.0	742.638	58.6163	430.174	49.9708	0.366789	0.0383506	1.20074	0.0070287	
0.0-2.4	13.0-30.0	0.0-100.0	0.000-0.393	0.008	0.064	1015.0	1011.0	774.916	56.8447	236.442	31.9896	-0.493275	0.432894	-0.05	0.0	0.498454	0.0	3.09484	0.0	0.0452718	0.0	0.0204072	0.0	0.03	0.0	1.492	0.04	5.0	0.0	1.733	0.07	0.0350781	0.0	5.42312e-05	0.000155716	0.559777	0.243056	0.320965	0.160542	0.00391952	0.00307986	0.00103614	0.00125804	1.50857	0.163159	0.912537	0.0798991	0.536645	34.3601	0.91466	4.79309	0.0816292	41.7344	0.00100154	0.409182	0.311185	0.189279	0.0396474	0.0757306	-873.351	2.0	2218.33	-26147.5	3.0	77.7398	1.0	429.75	52.1828	345.166	48.6861	0.445424	0.0536627	1.13837	0.06531	
0.0-2.4	13.0-30.0	0.0-100.0	0.000-1.571	0.008	0.105	3631.0	3631.0	2700.71	154.482	930.62	125.521	-0.831351	0.273832	-0.05	0.0	0.498454	0.340822	3.09484	0.00164753	0.0452718	0.011829	0.0204072	0.00625281	0.03	0.0	1.492	0.04	5.0	0.0	1.733	0.07	0.0350781	0.00391264	1.00009e-05	0.0022258	0.35021	0.0532558	0.132772	0.0920488	0.00351245	0.00313808	0.000513949	0.000561608	1.67468	0.204192	1.05181	0.0417895	0.883933	0.612431	0.999995	748.646	0.401196	1.05324	0.0471228	0.0615446	0.313802	0.236616	0.0228762	2705.83	-5444.47	2.0	4124.0	-75466.4	7.0	317031.0	1.0	1659.18	114.211	1041.53	87.0987	0.38565	0.0235258	1.15403	0.0425026	
0.0-2.4	13.0-30.0	0.0-100.0	0.393-0.785	0.008	0.064	916.0	910.0	645.392	36.9009	264.797	26.0329	-0.565462	0.34134	-0.05	0.0	0.498454	0.0	3.09484	0.0	0.0452718	0.0	0.0204072	0.0	0.03	0.0	1.492	0.04	5.0	0.0	1.733	0.07	0.0350781	0.0	1.55008e-05	0.000878565	0.251972	0.0446191	0.00883941	0.0082002	0.00999995	0.0180256	0.000916713	0.000822047	3.31245	1.28622	1.09129	0.0243074	0.642674	0.0418993	1.0	724.741	0.316448	0.0465953	0.026094	0.00404411	0.199948	0.0193929	0.0200017	3087.0	-2497.25	2.0	149.432	-11393.3	3.0	1.829	1.0	433.611	33.8774	211.781	26.07	0.328143	0.0357726	1.13021	0.0269751	
0.0-2.4	13.0-30.0	0.0-100.0	0.785-1.178	0.008	0.056	832.0	819.0	598.896	35.3251	220.25	25.6653	-1.4088	0.467558	-0.05	0.0	0.498454	0.0	3.09484	0.0	0.0452718	0.0	0.0204072	0.0	0.03	0.0	1.492	0.04	5.0	0.0	1.733	0.07	0.0350781	0.0	3.39658e-05	0.000104935	0.228126	0.0366815	0.131789	0.1171	0.00298802	0.00557481	-0.000170673	0.00108687	1.76077	0.331988	1.07487	0.0569837	1.0	61.3094	0.770135	0.144637	0.282216	0.0692341	0.096321	90.2282	0.470247	0.143502	0.062569	0.0215407	-1957.66	2.0	103.409	-10460.5	3.0	88.46	1.0	377.652	31.996	221.244	26.4169	0.36942	0.0383516	1.18814	0.0620364	
0.0-2.4	13.0-30.0	0.0-100.0	1.178-1.571	0.008	0.08	866.0	864.0	667.69	43.2284	197.145	26.925	-0.964291	0.461861	-0.05	0.0	0.498454	0.0	3.09484	0.0	0.0452718	0.0	0.0204072	0.0	0.03	0.0	1.492	0.04	5.0	0.0	1.733	0.07	0.0350781	0.0	1.65646e-05	0.000171567	0.313792	0.0821404	0.867045	0.0572375	0.000445439	0.00122049	-0.00222423	0.00415979	1.22585	0.0404956	0.6	0.974136	0.922861	0.0286165	1.0	151.774	0.259703	0.0219008	0.00513764	0.00218129	0.276064	0.00960724	0.0200768	679.107	-1636.23	2.0	796.381	-14644.7	3.0	0.66962	1.0	387.104	40.3427	280.587	36.4612	0.420235	0.0473475	1.16223	0.0407241	
0.0-2.4	13.0-30.0	10.0-60.0	0.000-0.393	0.008	0.064	653.0	649.0	515.893	49.3081	133.15	24.1396	-0.771973	0.551125	-0.05	0.0	0.498454	0.0	3.09484	0.0	0.0452718	0.0	0.0195897	0.0	0.03	0.0	1.492	0.04	5.0	0.0	1.733	0.07	0.0348435	0.0	5.42312e-05	0.000155716	0.759843	0.655293	0.132772	0.0	0.00351245	0.0	0.00150817	0.00088554	1.67468	0.0	1.01355	0.0282303	0.983576	17.3579	0.962012	0.670613	0.555237	6.86771	0.00104164	19.444	0.306154	0.13582	0.0709585	0.104481	-1025.97	2.0	1723.7	-18353.0	3.0	153.638	1.0	300.539	46.1302	215.354	41.5517	0.417439	0.0699669	1.12394	0.0110387	
0.0-2.4	13.0-30.0	10.0-60.0	0.000-1.571	0.008	0.08	2362.0	2357.0	1780.98	74.1987	576.351	44.845	-0.740965	0.252255	-0.05	0.0	0.498454	0.0	3.09484	0.0	0.0452718	0.0	0.0195897	0.000704531	0.03	0.0	1.492	0.04	5.0	0.0	1.733	0.07	0.0348435	9.93316e-05	1.60278e-05	0.000108096	0.414863	0.0944403	0.132772	0.0	0.00351245	0.0	0.000508008	0.000469097	1.67468	0.0	1.05167	0.0141061	0.933679	0.80081	0.855405	1.51608	0.368872	0.390815	0.044339	0.034331	0.334119	0.148739	0.0380378	0.0381214	-3575.36	2.0	3324.21	-50206.0	4.0	1776.98	1.0	1133.05	71.4138	647.93	60.0026	0.363806	0.0300889	1.15392	0.00557462	
0.0-2.4	13.0-30.0	10.0-60.0	0.393-0.785	0.008	0.064	577.0	575.0	410.125	28.5113	165.461	20.1982	-0.432802	0.423739	-0.05	0.0	0.498454	0.0	3.09484	0.0	0.0452718	0.0	0.0195897	0.0	0.03	0.0	1.492	0.04	5.0	0.0	1.733	0.07	0.0348435	0.0	1.55008e-05	0.000878565	0.219883	0.0484629	0.132772	0.0	0.00351245	0.0	0.000714738	0.000911256	1.67468	0.0	1.02909	0.0269096	0.668434	0.370517	0.999999	16.6818	0.378069	0.379822	0.034025	0.0401664	0.215418	0.123093	0.0245426	70.3335	-1662.07	2.0	60.1184	-6323.56	3.0	2.73365	1.0	286.367	26.87	123.758	19.9925	0.301758	0.0440025	1.13613	0.0105691	
0.0-2.4	13.0-30.0	10.0-60.0	0.785-1.178	0.012	0.044	538.0	522.0	381.658	28.5016	140.6	21.2117	-1.26605	0.595278	-0.05	0.0	0.498454	0.0	3.09484	0.0	0.0452718	0.0	0.0195897	0.0	0.03	0.0	1.492	0.04	5.0	0.0	1.733	0.07	0.0348435	0.0	3.14561e-05	0.000114974	0.237413	0.0498674	0.132772	0.0	0.00351245	0.0	-0.000132627	0.00095189	1.67468	0.0	1.07413	0.029608	0.916545	0.124064	1.0	0.150038	0.256241	0.159224	0.0644394	0.0608107	0.503709	0.288752	4.42893	55.1852	-1114.32	2.0	74.0305	-6371.02	3.0	104.654	1.0	253.245	25.8075	128.413	20.0082	0.33646	0.0460107	1.17172	0.0117691	
0.0-2.4	13.0-30.0	10.0-60.0	1.178-1.571	0.008	0.08	593.0	591.0	463.625	37.7156	128.55	21.8862	-0.687821	0.541703	-0.05	0.0	0.498454	0.0	3.09484	0.0	0.0452718	0.0	0.0195897	0.0	0.03	0.0	1.492	0.04	5.0	0.0	1.733	0.07	0.0348435	0.0	1.65646e-05	0.000171567	0.393793	0.139375	0.132772	0.0	0.00351245	0.0	-0.000207338	0.00100957	1.67468	0.0	1.08194	0.0294215	0.817843	0.258054	1.0	14.5437	0.170024	0.28856	0.00559545	0.0164809	0.194734	0.0773329	0.0200132	99.3556	-1282.76	2.0	659.431	-10372.7	3.0	11.3982	1.0	269.877	34.8708	193.748	31.3432	0.417898	0.0584352	1.17794	0.0117179	
0.0-2.4	6.5-10.0	0.0-100.0	0.000-0.393	0.016	0.152	10491.0	10483.0	5311.95	160.355	5171.29	150.563	-0.0445662	0.10011	-0.05	0.0	0.400981	0.0	3.09231	0.0	0.0514002	0.0	0.0253224	0.0	0.03	0.0	1.492	0.04	5.0	0.0	1.733	0.07	0.0379933	0.0	1.90055e-05	0.000117681	0.329556	0.0607489	0.138357	0.0473332	0.00466897	0.00498227	0.000952537	0.000944369	1.9815	0.167728	1.02706	0.0327984	0.878493	0.10091	0.500936	0.374813	0.497183	0.324984	0.168356	0.105738	0.21084	0.0406822	0.0373252	0.0296511	-29764.9	2.0	9357.22	-330522.0	3.0	434.09	1.0	3918.56	181.305	1393.39	143.693	0.262312	0.0258659	1.20505	0.0361131	
0.0-2.4	6.5-10.0	0.0-100.0	0.000-1.571	0.008	0.136	37767.0	37683.0	19560.0	665.945	18123.9	666.967	-0.127296	0.0628567	-0.05	0.0	0.400981	0.205407	3.09231	0.00064899	0.0514002	0.0122124	0.0253224	0.00291555	0.03	0.0	1.492	0.04	5.0	0.0	1.733	0.07	0.0379933	0.00336323	2.70702e-05	5.76409e-05	0.325586	0.0318828	0.173814	0.044334	0.00399264	0.00245512	0.000211559	0.000546653	1.78243	0.0904393	1.05472	0.0238601	0.689123	0.899594	0.935772	1.69845	0.62172	0.703507	0.0800858	0.466288	0.262071	1.20093	0.51119	24.6207	-34619.6	2.0	55440.2	-1435310.0	7.0	349416.0	1.0	14542.9	562.531	5017.1	316.96	0.256498	0.0136501	1.21297	0.0237225	
0.0-2.4	6.5-10.0	0.0-100.0	0.393-0.785	0.016	0.145	9851.0	9840.0	4955.95	145.952	4884.06	147.128	-0.31149	0.0999103	-0.05	0.0	0.400981	0.0	3.09231	0.0	0.0514002	0.0	0.0253224	0.0	0.03	0.0	1.492	0.04	5.0	0.0	1.733	0.07	0.0379933	0.0	1.01928e-05	2.11886	0.325095	0.0476006	0.175237	0.0863871	0.00684653	0.00488837	-0.0018004	0.00110286	1.78736	0.174703	1.05163	0.0480188	0.675998	0.209877	0.878547	0.294515	0.517564	0.197663	0.0653752	0.0582946	0.200401	0.0879595	0.436032	1.29688	-23905.7	2.0	3397.06	-278024.0	3.0	84.1126	1.0	3672.27	156.841	1283.68	119.717	0.259018	0.0229203	1.21324	0.0467504	
0.0-2.4	6.5-10.0	0.0-100.0	0.785-1.178	0.016	0.152	9179.0	9177.0	4931.35	163.902	4246.06	153.977	0.0658893	0.132525	-0.05	0.0	0.400981	0.0	3.09231	0.0	0.0514002	0.0	0.0253224	0.0	0.03	0.0	1.492	0.04	5.0	0.0	1.733	0.07	0.0379933	0.0	6.29812e-05	0.000142295	0.42533	0.130447	0.099274	0.0560735	0.00969724	0.0193283	0.000202357	0.000994163	1.94297	0.233692	1.08403	0.03499	0.884341	2.61302	0.342642	1.35457	0.505366	0.13978	0.0464193	0.169844	0.313431	0.247543	0.0796008	0.0329696	12999.0	2.0	30047.4	-371461.0	3.0	6.67863	1.0	3599.54	202.862	1331.81	169.704	0.27007	0.0332221	1.19717	0.0385344	
0.0-2.4	6.5-10.0	0.0-100.0	1.178-1.571	0.016	0.152	8245.0	8241.0	4356.2	141.181	3885.16	157.809	-0.229401	0.118175	-0.05	0.0	0.400981	0.0	3.09231	0.0	0.0514002	0.0	0.0253224	0.0	0.03	0.0	1.492	0.04	5.0	0.0	1.733	0.07	0.0379933	0.0	5.59521e-05	0.000206186	0.24187	0.0245124	0.652049	0.158969	-0.000734564	0.0019028	0.0048943	0.00299655	1.37047	0.0645511	0.907919	0.10998	0.999984	64345.0	0.534125	11899.9	0.670534	7543.4	0.00230982	111271.0	0.674498	5375.7	0.216326	1723.23	-6518.39	2.0	676.348	-259107.0	3.0	5530.85	1.0	3292.99	134.253	1063.2	88.4379	0.244066	0.0186973	1.22942	0.04371	
0.0-2.4	6.5-10.0	10.0-60.0	0.000-0.393	0.016	0.152	6252.0	6250.0	3440.41	119.132	2810.48	103.026	-0.11621	0.125466	-0.05	0.0	0.400981	0.0	3.09231	0.0	0.0514002	0.0	0.025167	0.0	0.03	0.0	1.492	0.04	5.0	0.0	1.733	0.07	0.0379314	0.0	1.90055e-05	0.000117681	0.279755	0.0429117	0.173814	0.0	0.00399264	0.0	0.000892631	0.000903346	1.78243	0.0	1.01485	0.0166778	0.980922	37.0133	0.564634	0.603223	0.636091	2.15027	0.00102688	47.7463	0.204389	0.143736	0.075784	0.218741	-22563.1	2.0	3159.07	-166189.0	3.0	343.052	1.0	2535.79	127.457	904.625	97.5514	0.262941	0.026853	1.18453	0.00590257	
0.0-2.4	6.5-10.0	10.0-60.0	0.000-1.571	0.008	0.16	21911.0	21908.0	12600.4	235.928	9308.56	210.786	-0.132751	0.0835689	-0.05	0.0	0.400981	0.0	3.09231	0.0	0.0514002	0.0	0.025167	0.000577654	0.03	0.0	1.492	0.04	5.0	0.0	1.733	0.07	0.0379314	0.000114792	1.92169e-05	7.62105e-05	0.309601	0.0363544	0.173814	0.0	0.00399264	0.0	0.000222177	0.000478438	1.78243	0.0	1.05401	0.00854644	0.698148	0.136037	0.893915	0.166647	0.609864	0.094167	0.0635445	0.040551	0.243254	0.0726408	0.655155	1.94141	-20389.4	2.0	53280.9	-778872.0	4.0	579.07	1.0	9314.12	277.653	3286.27	224.64	0.260807	0.0171461	1.21246	0.0030691	
0.0-2.4	6.5-10.0	10.0-60.0	0.393-0.785	0.016	0.145	5752.0	5750.0	3261.89	112.937	2488.93	106.119	-0.234184	0.138146	-0.05	0.0	0.400981	0.0	3.09231	0.0	0.0514002	0.0	0.025167	0.0	0.03	0.0	1.492	0.04	5.0	0.0	1.733	0.07	0.0379314	0.0	1.01928e-05	2.11886	0.282205	0.0480068	0.173814	0.0	0.00399264	0.0	-0.00148346	0.000937435	1.78243	0.0	1.05364	0.0170903	0.641569	0.374358	0.871643	0.240365	0.523959	0.319226	0.0488323	0.0564645	0.25958	0.18348	0.582082	2.06651	-15471.1	2.0	1764.27	-148268.0	3.0	195.453	1.0	2470.26	120.668	791.626	89.4258	0.242689	0.0260959	1.2122	0.00613645	
0.0-2.4	6.5-10.0	10.0-60.0	0.785-1.178	0.016	0.152	5151.0	5148.0	3100.6	135.144	2047.84	109.587	-0.0209678	0.217357	-0.05	0.0	0.400981	0.0	3.09231	0.0	0.0514002	0.0	0.025167	0.0	0.03	0.0	1.492	0.04	5.0	0.0	1.733	0.07	0.0379314	0.0	6.29812e-05	0.000142295	0.432949	0.190573	0.173814	0.0	0.00399264	0.0	0.00029742	0.000948968	1.78243	0.0	1.04342	0.0167366	1.0	30.5257	0.403937	0.0259296	0.574609	0.00970321	0.144138	84.3838	0.331895	0.0252551	0.0943957	0.00261553	21548.9	2.0	28497.2	-227361.0	3.0	189.559	1.0	2211.33	173.465	889.271	149.34	0.286806	0.0465144	1.20487	0.00598735	
0.0-2.4	6.5-10.0	10.0-60.0	1.178-1.571	0.016	0.136	4755.0	4752.0	2800.19	105.185	1952.5	102.486	-0.146231	0.207837	-0.05	0.0	0.400981	0.0	3.09231	0.0	0.0514002	0.0	0.025167	0.0	0.03	0.0	1.492	0.04	5.0	0.0	1.733	0.07	0.0379314	0.0	5.49261e-05	0.000220802	0.266841	0.0340699	0.173814	0.0	0.00399264	0.0	0.00123962	0.00104135	1.78243	0.0	1.10589	0.0179604	0.654554	0.220738	0.831149	0.364508	0.576112	0.182565	0.0619682	0.0383088	0.286757	0.142594	1.64104	16.6989	-13019.5	2.0	565.744	-123513.0	3.0	1414.46	1.0	2066.19	101.936	734.003	71.605	0.262126	0.0235998	1.25005	0.00656366	
0.0-2.4	6.5-30.0	0.0-10.0	0.000-0.393	0.008	0.136	4894.0	4880.0	2279.81	111.275	2601.2	113.14	0.0374634	0.148699	-0.05	0.0	0.432473	0.0	3.09249	0.0	0.0484579	0.0	0.0244331	0.0	0.03	0.0	1.492	0.04	5.0	0.0	1.733	0.07	0.0368011	0.0	2.92627e-05	6.86787e-05	0.384447	0.126755	0.19835	0.0	0.00208889	0.0	0.00127308	0.000546221	1.70743	0.0	0.992018	0.0126306	0.999959	217.066	0.447537	2.11869	0.567431	1.65086	0.00101645	238.386	0.248683	0.552919	0.0975385	0.218968	-9543.95	2.0	5904.36	-152105.0	3.0	88.0946	1.0	1600.54	127.567	679.265	106.159	0.297948	0.044236	1.16926	0.00429524	
0.0-2.4	6.5-30.0	0.0-10.0	0.000-1.571	0.008	0.136	18347.0	18306.0	8532.71	207.116	9774.5	226.752	-0.167553	0.0684583	-0.05	0.0	0.432473	0.0	3.09249	0.0	0.0484579	0.0	0.0244331	0.00118374	0.03	0.0	1.492	0.04	5.0	0.0	1.733	0.07	0.0368011	0.000223013	1.61666e-05	1.68756e-05	0.31516	0.0377748	0.19835	0.0	0.00208889	0.0	0.000554879	0.000290485	1.70743	0.0	1.03538	0.0064919	0.919432	0.261228	0.398391	0.243611	0.463586	0.18402	0.208928	0.284465	0.346485	0.142605	0.0653104	0.0470874	-20045.5	2.0	11476.5	-610480.0	4.0	2847.74	1.0	6120.02	214.544	2412.69	165.502	0.282758	0.0181413	1.19901	0.002247	
0.0-2.4	6.5-30.0	0.0-10.0	0.393-0.785	0.008	0.145	4786.0	4777.0	2116.87	96.8727	2660.47	104.456	-0.424142	0.13429	-0.05	0.0	0.432473	0.0	3.09249	0.0	0.0484579	0.0	0.0244331	0.0	0.03	0.0	1.492	0.04	5.0	0.0	1.733	0.07	0.0368011	0.0	2.84864e-05	5.39292e-05	0.348979	0.0644998	0.19835	0.0	0.00208889	0.0	0.000285079	0.000568298	1.70743	0.0	1.026	0.012789	0.764484	0.692871	0.791168	1.79236	0.497084	0.117169	0.0763267	0.144745	0.168678	0.0952665	0.172887	0.552355	-10383.5	2.0	1725.33	-120975.0	3.0	9.80176	1.0	1420.26	98.5542	696.601	80.6526	0.329072	0.0349976	1.19253	0.00441031	
0.0-2.4	6.5-30.0	0.0-10.0	0.785-1.178	0.008	0.128	4554.0	4552.0	2191.74	98.303	2360.33	103.047	0.0711105	0.150035	-0.05	0.0	0.432473	0.0	3.09249	0.0	0.0484579	0.0	0.0244331	0.0	0.03	0.0	1.492	0.04	5.0	0.0	1.733	0.07	0.0368011	0.0	2.19419e-05	6.75748	0.325453	0.0670381	0.19835	0.0	0.00208889	0.0	0.000451065	0.000583892	1.70743	0.0	1.04462	0.0128321	0.650237	0.413027	0.668524	1.10156	0.479078	0.164256	0.0642994	0.0285097	0.246867	0.140111	0.0666024	0.0324649	-11463.7	2.0	1631.68	-119843.0	3.0	25.231	1.0	1594.94	100.962	596.794	76.1085	0.272293	0.0325067	1.20542	0.00445729	
0.0-2.4	6.5-30.0	0.0-10.0	1.178-1.571	0.008	0.152	4112.0	4110.0	1948.21	98.5358	2162.44	122.551	-0.383529	0.140358	-0.05	0.0	0.432473	0.0	3.09249	0.0	0.0484579	0.0	0.0244331	0.0	0.03	0.0	1.492	0.04	5.0	0.0	1.733	0.07	0.0368011	0.0	1.0825e-05	4.3417e-05	0.212174	0.0298036	0.19835	0.0	0.00208889	0.0	0.000128265	0.0006278	1.70743	0.0	1.07832	0.0135749	1.0	3052.27	0.440612	1.38811	0.519269	0.362642	0.173033	2436.96	0.782207	1.29685	0.0781566	0.277138	4000.08	2.0	219.008	-127143.0	3.0	14345.9	1.0	1476.59	92.0923	471.619	58.928	0.242078	0.0276584	1.22898	0.00477412	
0.0-2.4	6.5-30.0	0.0-100.0	0.000-0.393	0.008	0.152	13155.0	13147.0	7267.1	179.33	5880.44	157.707	-0.0510622	0.0918728	-0.05	0.0	0.432473	0.0	3.09249	0.0	0.0484579	0.0	0.0241238	0.0	0.03	0.0	1.492	0.04	5.0	0.0	1.733	0.07	0.0366851	0.0	1.87871e-05	0.000150437	0.371159	0.0526335	0.188773	0.046412	0.00195616	0.00245764	0.00130301	0.000597125	1.81358	0.104055	0.988161	0.0284652	0.875628	0.0835468	0.49805	0.357444	0.427701	0.390169	0.157213	0.0787227	0.214201	0.0327387	0.0322875	0.0290737	-33132.5	2.0	12290.8	-411523.0	3.0	378.247	1.0	5148.16	192.139	2118.94	153.336	0.29158	0.0198354	1.18871	0.0287439	
0.0-2.4	6.5-30.0	0.0-100.0	0.000-1.571	0.004	0.164	47950.0	47935.0	26944.1	570.047	20991.3	556.575	-0.21427	0.0547681	-0.05	0.0	0.432473	0.134682	3.09249	0.000507645	0.0484579	0.00615167	0.0241238	0.0020796	0.03	0.0	1.492	0.04	5.0	0.0	1.733	0.07	0.0366851	0.00179944	1.00456e-05	6.70688e-06	0.350113	0.0280661	0.19835	0.0380118	0.00208889	0.00129289	0.000563687	0.000338164	1.70743	0.0628596	1.03469	0.0191692	0.720986	0.167249	0.940132	0.256698	0.575576	0.134628	0.075202	0.0845261	0.261171	0.176342	0.590607	5.29496	-41079.2	2.0	66899.5	-1801770.0	7.0	14748.7	1.0	19351.7	502.837	7592.39	333.204	0.281784	0.0108346	1.19853	0.0183523	
0.0-2.4	6.5-30.0	0.0-100.0	0.393-0.785	0.008	0.145	12453.0	12441.0	6843.32	168.787	5598.51	154.824	-0.365914	0.0917443	-0.05	0.0	0.432473	0.0	3.09249	0.0	0.0484579	0.0	0.0241238	0.0	0.03	0.0	1.492	0.04	5.0	0.0	1.733	0.07	0.0366851	0.0	2.84864e-05	5.39292e-05	0.351707	0.0506106	0.147166	0.0720109	0.00527986	0.00343352	7.33186e-05	0.00063419	1.76284	0.161967	1.05431	0.0376201	0.681862	0.159166	0.898878	0.216223	0.488599	0.144134	0.0600206	0.0426729	0.205128	0.0546684	0.397467	0.894761	-25599.4	2.0	9389.71	-362474.0	3.0	62.2076	1.0	4937.05	183.182	1906.27	144.701	0.278559	0.0199974	1.18546	0.037901	
0.0-2.4	6.5-30.0	0.0-100.0	0.785-1.178	0.008	0.152	11640.0	11637.0	6697.07	186.329	4940.77	163.61	-0.121523	0.117713	-0.05	0.0	0.432473	0.0	3.09249	0.0	0.0484579	0.0	0.0241238	0.0	0.03	0.0	1.492	0.04	5.0	0.0	1.733	0.07	0.0366851	0.0	1.02728e-05	0.00383331	0.414991	0.098891	0.110192	0.0438595	0.00642572	0.00380672	0.000338455	0.00061371	1.89395	0.158315	1.08654	0.0256943	0.670775	0.00651199	1.0	132.348	0.55054	0.00463054	0.0798644	0.00181137	0.290479	0.00670188	0.227527	866.869	14602.4	2.0	38438.8	-464566.0	3.0	1.69314	1.0	4796.65	223.027	1900.42	186.351	0.283769	0.0266822	1.20239	0.0278759	
0.0-2.4	6.5-30.0	0.0-100.0	1.178-1.571	0.008	0.152	10701.0	10698.0	6139.55	158.196	4558.36	163.807	-0.338334	0.110771	-0.05	0.0	0.432473	0.0	3.09249	0.0	0.0484579	0.0	0.0241238	0.0	0.03	0.0	1.492	0.04	5.0	0.0	1.733	0.07	0.0366851	0.0	1.0825e-05	4.3417e-05	0.266114	0.0244698	0.588479	0.127844	-0.000847859	0.00122532	0.00145955	0.00131915	1.39348	0.0566297	0.907596	0.080844	0.999937	193.427	0.586938	23.6803	0.616133	24.3292	0.00101696	861.855	0.519614	1.40928	0.187503	0.118616	-9024.0	2.0	2396.54	-321959.0	3.0	4881.85	1.0	4425.39	151.749	1714.16	109.437	0.279199	0.0163086	1.21725	0.0371418	
0.0-2.4	6.5-30.0	10.0-20.0	0.000-0.393	0.008	0.128	3258.0	3256.0	1750.11	83.6216	1505.94	75.1565	0.150378	0.181166	-0.05	0.0	0.432473	0.0	3.09249	0.0	0.0484579	0.0	0.0234677	0.0	0.03	0.0	1.492	0.04	5.0	0.0	1.733	0.07	0.0364428	0.0	1.21272e-05	9.04109	0.330149	0.0665205	0.19835	0.0	0.00208889	0.0	0.00128699	0.000545846	1.70743	0.0	0.990886	0.0126368	0.656102	1.76148	0.798859	0.520204	0.539211	1.10221	0.0145779	0.089115	0.187429	0.0575746	0.139555	0.107398	-7849.82	2.0	2278.86	-81523.0	3.0	88.1733	1.0	1151.15	85.6816	598.961	71.6594	0.342242	0.0375386	1.16848	0.00429529	
0.0-2.4	6.5-30.0	10.0-20.0	0.000-1.571	0.008	0.16	11670.0	11668.0	6348.76	178.71	5318.65	159.363	-0.146972	0.104318	-0.05	0.0	0.432473	0.0	3.09249	0.0	0.0484579	0.0	0.0234677	0.000548669	0.03	0.0	1.492	0.04	5.0	0.0	1.733	0.07	0.0364428	0.00010026	1.13588e-05	0.0219528	0.391805	0.0686451	0.19835	0.0	0.00208889	0.0	0.000561654	0.00029033	1.70743	0.0	1.03474	0.00647129	0.682035	4.21503	0.817922	2.3789	0.527066	3.00804	0.0475701	0.727655	0.186675	0.8287	0.477017	7.0883	-13238.6	2.0	16746.6	-389354.0	4.0	6061.84	1.0	4383.56	196.023	1965.2	162.049	0.309541	0.0239912	1.19857	0.0022393	
0.0-2.4	6.5-30.0	10.0-20.0	0.393-0.785	0.008	0.128	2935.0	2924.0	1566.1	89.9792	1358.55	77.1268	-0.129259	0.187627	-0.05	0.0	0.432473	0.0	3.09249	0.0	0.0484579	0.0	0.0234677	0.0	0.03	0.0	1.492	0.04	5.0	0.0	1.733	0.07	0.0364428	0.0	2.00232e-05	3.80084e-05	0.480403	0.28039	0.19835	0.0	0.00208889	0.0	0.00027561	0.000568299	1.70743	0.0	1.02585	0.0127967	0.564506	0.121082	0.877899	0.122554	0.305562	0.163692	0.0357244	0.0155244	0.140848	0.0246528	0.234395	0.155927	-5568.9	2.0	4923.1	-81652.7	3.0	469.025	1.0	1193.73	113.522	372.363	92.9572	0.237765	0.0577626	1.19243	0.00441271	
0.0-2.4	6.5-30.0	10.0-20.0	0.785-1.178	0.008	0.152	2923.0	2921.0	1610.97	104.154	1310.46	92.4677	-0.159434	0.255578	-0.05	0.0	0.432473	0.0	3.09249	0.0	0.0484579	0.0	0.0234677	0.0	0.03	0.0	1.492	0.04	5.0	0.0	1.733	0.07	0.0364428	0.0	1.02728e-05	0.00383331	0.498812	0.233744	0.19835	0.0	0.00208889	0.0	0.000454812	0.000583933	1.70743	0.0	1.04501	0.0127944	0.999999	11.6897	0.417475	0.376607	0.522905	0.226703	0.0403406	0.866712	0.624867	0.722292	0.10004	0.0464048	1090.22	2.0	7704.34	-110736.0	3.0	369.17	1.0	1088.04	109.68	522.926	90.6882	0.324604	0.052236	1.20569	0.00444488	
0.0-2.4	6.5-30.0	10.0-20.0	1.178-1.571	0.008	0.12	2551.0	2544.0	1423.27	72.7432	1120.93	68.1683	-0.540236	0.212945	-0.05	0.0	0.432473	0.0	3.09249	0.0	0.0484579	0.0	0.0234677	0.0	0.03	0.0	1.492	0.04	5.0	0.0	1.733	0.07	0.0364428	0.0	1.01172e-05	3.47073	0.288359	0.0538439	0.19835	0.0	0.00208889	0.0	0.000140279	0.000627741	1.70743	0.0	1.07748	0.0136703	0.73007	0.264369	0.710647	0.510504	0.513068	0.19998	0.0541947	0.0450457	0.150323	0.0277864	0.448124	0.715924	-5166.85	2.0	780.448	-55829.2	3.0	46.6451	1.0	937.912	72.1533	485.357	59.3594	0.341015	0.0378899	1.22839	0.00480625	
0.0-2.4	6.5-30.0	10.0-30.0	0.000-0.393	0.008	0.128	5532.0	5527.0	3120.1	116.769	2407.14	96.587	0.0316114	0.137879	-0.05	0.0	0.432473	0.0	3.09249	0.0	0.0484579	0.0	0.0233877	0.0	0.03	0.0	1.492	0.04	5.0	0.0	1.733	0.07	0.0364136	0.0	1.21272e-05	9.04109	0.385683	0.0698518	0.19835	0.0	0.00208889	0.0	0.00128699	0.000545846	1.70743	0.0	0.990886	0.0126368	0.437968	55.2254	0.747401	81.2703	0.369271	69.2845	0.00154311	3.17007	0.190489	0.240347	0.0916039	0.0904117	-15093.2	2.0	5036.39	-156416.0	3.0	541.881	1.0	2146.93	121.014	973.166	97.545	0.311902	0.0290025	1.16848	0.00429529	
0.0-2.4	6.5-30.0	10.0-30.0	0.000-1.571	0.004	0.164	19603.0	19601.0	11234.2	231.088	8367.4	199.01	-0.135748	0.088436	-0.05	0.0	0.432473	0.0	3.09249	0.0	0.0484579	0.0	0.0233877	0.000539085	0.03	0.0	1.492	0.04	5.0	0.0	1.733	0.07	0.0364136	9.82513e-05	1.00456e-05	6.70688e-06	0.412178	0.0653483	0.19835	0.0	0.00208889	0.0	0.000563044	0.000290322	1.70743	0.0	1.03472	0.00646981	0.689031	0.167973	0.870759	0.16847	0.556558	0.128086	0.0502641	0.0363153	0.197642	0.0372362	0.454025	0.7389	-1252.61	2.0	43164.1	-735034.0	4.0	721.618	1.0	7902.52	271.204	3331.68	227.649	0.296566	0.0193239	1.19856	0.00223878	
0.0-2.4	6.5-30.0	10.0-30.0	0.393-0.785	0.008	0.145	4994.0	4993.0	2819.24	110.387	2173.84	93.1077	-0.141562	0.143958	-0.05	0.0	0.432473	0.0	3.09249	0.0	0.0484579	0.0	0.0233877	0.0	0.03	0.0	1.492	0.04	5.0	0.0	1.733	0.07	0.0364136	0.0	2.84864e-05	5.39292e-05	0.367178	0.10264	0.19835	0.0	0.00208889	0.0	0.000285079	0.000568298	1.70743	0.0	1.026	0.012789	0.58597	0.096538	0.883209	0.114884	0.39948	0.114694	0.0378482	0.0140705	0.146086	0.0192794	0.360172	0.315687	-11986.2	2.0	5780.05	-132559.0	3.0	357.775	1.0	2063.47	128.722	755.768	104.485	0.268075	0.0355439	1.19253	0.00441031	
0.0-2.4	6.5-30.0	10.0-30.0	0.785-1.178	0.008	0.152	4708.0	4706.0	2767.37	134.042	1938.62	111.159	-0.208314	0.226064	-0.05	0.0	0.432473	0.0	3.09249	0.0	0.0484579	0.0	0.0233877	0.0	0.03	0.0	1.492	0.04	5.0	0.0	1.733	0.07	0.0364136	0.0	1.02728e-05	0.00383331	0.572357	0.320953	0.19835	0.0	0.00208889	0.0	0.000454812	0.000583933	1.70743	0.0	1.04501	0.0127944	0.862572	0.233275	0.424731	0.825581	0.34326	1.41165	0.172763	0.171345	0.397733	0.238351	0.0387089	0.116938	26381.6	2.0	27584.0	-227533.0	3.0	131.21	1.0	1896.47	161.221	870.897	139.046	0.314702	0.0478767	1.20569	0.00444488	
0.0-2.4	6.5-30.0	10.0-30.0	1.178-1.571	0.008	0.145	4367.0	4366.0	2525.7	99.2188	1840.55	96.5927	-0.260317	0.203979	-0.05	0.0	0.432473	0.0	3.09249	0.0	0.0484579	0.0	0.0233877	0.0	0.03	0.0	1.492	0.04	5.0	0.0	1.733	0.07	0.0364136	0.0	1.38171e-05	4.85666e-05	0.301781	0.046611	0.19835	0.0	0.00208889	0.0	0.000127109	0.000627973	1.70743	0.0	1.07871	0.0135901	0.707265	0.155519	0.806744	0.337192	0.564061	0.131183	0.051249	0.0182744	0.223091	0.065957	0.486419	0.860668	-11347.4	2.0	1345.69	-111181.0	3.0	1124.33	1.0	1763.37	97.0342	762.334	74.2559	0.301831	0.0269031	1.22925	0.00478013	
0.0-2.4	6.5-30.0	10.0-60.0	0.000-0.393	0.008	0.152	7982.0	7980.0	4736.75	135.855	3244.04	109.737	-0.122642	0.115117	-0.05	0.0	0.432473	0.0	3.09249	0.0	0.0484579	0.0	0.0239957	0.0	0.03	0.0	1.492	0.04	5.0	0.0	1.733	0.07	0.0366374	0.0	1.87871e-05	0.000150437	0.346648	0.0484497	0.19835	0.0	0.00208889	0.0	0.00127566	0.00054617	1.70743	0.0	0.992024	0.0126064	0.792896	38.0423	0.661022	2.63563	0.557899	11.0232	0.00100007	51.4634	0.212569	1.22353	0.0830765	0.660417	-23782.4	2.0	5660.47	-216335.0	3.0	368.421	1.0	3369.79	141.024	1366.97	109.926	0.288587	0.0216808	1.16926	0.00428703	
0.0-2.4	6.5-30.0	10.0-60.0	0.000-1.571	0.004	0.164	28504.0	28501.0	17505.0	275.857	10996.7	227.024	-0.237282	0.0738015	-0.05	0.0	0.432473	0.0	3.09249	0.0	0.0484579	0.0	0.0239957	0.000475148	0.03	0.0	1.492	0.04	5.0	0.0	1.733	0.07	0.0366374	8.83069e-05	1.00456e-05	6.70688e-06	0.361384	0.0383758	0.19835	0.0	0.00208889	0.0	0.000563044	0.000290322	1.70743	0.0	1.03472	0.00646981	0.724391	0.098658	0.922299	0.106246	0.557215	0.0754744	0.061954	0.0348195	0.251218	0.0595334	0.819071	2.97929	-22222.7	2.0	54034.5	-1030930.0	4.0	495.016	1.0	12545.5	310.98	4959.49	252.45	0.283319	0.0137131	1.19856	0.00223878	
0.0-2.4	6.5-30.0	10.0-60.0	0.393-0.785	0.008	0.145	7407.0	7406.0	4501.53	135.104	2904.73	113.538	-0.316319	0.126415	-0.05	0.0	0.432473	0.0	3.09249	0.0	0.0484579	0.0	0.0239957	0.0	0.03	0.0	1.492	0.04	5.0	0.0	1.733	0.07	0.0366374	0.0	2.84864e-05	5.39292e-05	0.350608	0.0720438	0.19835	0.0	0.00208889	0.0	0.000285079	0.000568298	1.70743	0.0	1.026	0.012789	0.633933	0.277812	0.904459	0.17137	0.465751	0.268127	0.0459316	0.0409786	0.24009	0.110661	0.57055	1.90953	-14774.2	2.0	7519.88	-207448.0	3.0	64.1796	1.0	3341.06	151.926	1160.47	119.33	0.257795	0.0253544	1.19253	0.00441031	
0.0-2.4	6.5-30.0	10.0-60.0	0.785-1.178	0.008	0.152	6762.0	6760.0	4291.32	157.35	2468.94	119.897	-0.249501	0.18389	-0.05	0.0	0.432473	0.0	3.09249	0.0	0.0484579	0.0	0.0239957	0.0	0.03	0.0	1.492	0.04	5.0	0.0	1.733	0.07	0.0366374	0.0	1.02728e-05	0.00383331	0.441248	0.146058	0.19835	0.0	0.00208889	0.0	0.000454812	0.000583933	1.70743	0.0	1.04501	0.0127944	0.895812	0.832996	0.518027	0.671873	0.409724	1.66324	0.159045	0.324284	0.400897	0.336333	0.0508742	0.383357	22026.2	2.0	38111.8	-298845.0	3.0	131.871	1.0	3013.16	183.247	1278.16	153.523	0.297848	0.0340675	1.20569	0.00444488	
0.0-2.4	6.5-30.0	10.0-60.0	1.178-1.571	0.008	0.152	6351.0	6350.0	3977.33	121.057	2372.71	108.971	-0.282439	0.176653	-0.05	0.0	0.432473	0.0	3.09249	0.0	0.0484579	0.0	0.0239957	0.0	0.03	0.0	1.492	0.04	5.0	0.0	1.733	0.07	0.0366374	0.0	1.0825e-05	4.3417e-05	0.302873	0.0362285	0.19835	0.0	0.00208889	0.0	0.000128265	0.0006278	1.70743	0.0	1.07832	0.0135749	0.718843	0.123339	0.874934	0.219793	0.525506	0.118055	0.0606212	0.0239087	0.261419	0.061743	1.67927	14.3211	-14266.9	2.0	1972.93	-164224.0	3.0	1399.26	1.0	2804.06	118.712	1173.27	89.9098	0.294989	0.020746	1.22898	0.00477412	
0.0-2.4	6.5-30.0	20.0-30.0	0.000-0.393	0.008	0.105	2273.0	2267.0	1369.93	81.1905	897.306	60.6319	-0.148651	0.214086	-0.05	0.0	0.432473	0.0	3.09249	0.0	0.0484579	0.0	0.0232866	0.0	0.03	0.0	1.492	0.04	5.0	0.0	1.733	0.07	0.0363768	0.0	1.01047e-05	0.00333619	0.479949	0.166696	0.19835	0.0	0.00208889	0.0	0.00129201	0.000546126	1.70743	0.0	0.991041	0.0127012	0.996323	1.35506	0.461822	0.800714	0.604968	0.505291	0.00109885	13.0823	0.169239	0.160534	0.0723399	0.121715	-7464.23	2.0	2720.87	-62225.9	3.0	537.254	1.0	989.912	84.5857	380.017	64.9616	0.277399	0.0444786	1.16859	0.00431745	
0.0-2.4	6.5-30.0	20.0-30.0	0.000-1.571	0.008	0.136	7933.0	7917.0	4882.16	148.58	3035.67	118.737	-0.129995	0.159057	-0.05	0.0	0.432473	0.0	3.09249	0.0	0.0484579	0.0	0.0232866	0.000970562	0.03	0.0	1.492	0.04	5.0	0.0	1.733	0.07	0.0363768	0.000176304	1.61666e-05	1.68756e-05	0.449028	0.135541	0.19835	0.0	0.00208889	0.0	0.000554879	0.000290485	1.70743	0.0	1.03538	0.0064919	1.0	35.4739	0.48609	6.56416	0.535909	4.89752	0.00174375	73.8561	0.225887	0.732786	0.0558396	0.268873	10275.6	2.0	24694.2	-291620.0	4.0	1390.44	1.0	3511.53	185.776	1370.63	157.582	0.280743	0.0311257	1.19901	0.002247	
0.0-2.4	6.5-30.0	20.0-30.0	0.393-0.785	0.008	0.105	2059.0	2038.0	1255.89	63.7993	782.268	51.03	-0.153926	0.22164	-0.05	0.0	0.432473	0.0	3.09249	0.0	0.0484579	0.0	0.0232866	0.0	0.03	0.0	1.492	0.04	5.0	0.0	1.733	0.07	0.0363768	0.0	1.22898e-05	0.163554	0.270191	0.0488635	0.19835	0.0	0.00208889	0.0	0.000269689	0.000568709	1.70743	0.0	1.0264	0.0128496	0.406299	6.03295	0.689647	2.57288	0.17471	5.60632	0.00201366	0.110383	0.195065	0.0418254	0.0524312	0.0225746	-8115.32	2.0	349.191	-39578.7	3.0	30.0846	1.0	868.164	63.6574	387.724	49.9516	0.308725	0.0365513	1.19281	0.0044319	
0.0-2.4	6.5-30.0	20.0-30.0	0.785-1.178	0.008	0.12	1784.0	1780.0	1158.34	87.5522	622.254	57.9048	-0.306538	0.442839	-0.05	0.0	0.432473	0.0	3.09249	0.0	0.0484579	0.0	0.0232866	0.0	0.03	0.0	1.492	0.04	5.0	0.0	1.733	0.07	0.0363768	0.0	1.50151e-05	1.29092	0.791247	1.33697	0.19835	0.0	0.00208889	0.0	0.000442796	0.000584186	1.70743	0.0	1.04522	0.0128621	0.745792	0.170758	0.956192	0.247764	0.478723	0.156755	0.045809	0.0490651	0.149438	0.0339906	0.125982	0.189826	22842.1	2.0	14817.1	-96182.4	3.0	13.0679	1.0	795.576	132.645	362.769	121.369	0.313179	0.102069	1.20583	0.00446872	
0.0-2.4	6.5-30.0	20.0-30.0	1.178-1.571	0.008	0.128	1816.0	1813.0	1101.44	67.5475	711.867	68.0896	0.157487	0.459193	-0.05	0.0	0.432473	0.0	3.09249	0.0	0.0484579	0.0	0.0232866	0.0	0.03	0.0	1.492	0.04	5.0	0.0	1.733	0.07	0.0363768	0.0	2.47983e-05	5.01035e-05	0.327008	0.0883073	0.19835	0.0	0.00208889	0.0	0.000131598	0.000628054	1.70743	0.0	1.07856	0.0136425	0.67835	3.14703	0.970957	36.2596	0.568594	3.89003	0.0396171	0.210563	0.317177	0.745734	0.0336547	1.49035	-6432.52	2.0	551.223	-45455.5	3.0	1293.3	1.0	823.885	64.9266	277.557	44.1852	0.251994	0.0370196	1.22915	0.0047983	
0.0-2.4	6.5-30.0	30.0-60.0	0.000-0.393	0.008	0.12	2450.0	2446.0	1610.96	68.7488	835.887	53.1804	-0.539223	0.21553	-0.05	0.0	0.432473	0.0	3.09249	0.0	0.0484579	0.0	0.0248391	0.0	0.03	0.0	1.492	0.04	5.0	0.0	1.733	0.07	0.036955	0.0	1.00028e-05	2.85792e-05	0.259853	0.0457067	0.19835	0.0	0.00208889	0.0	0.00130353	0.000545668	1.70743	0.0	0.990267	0.0126533	0.999988	87.8053	0.567958	23.9694	0.455973	20.8516	0.00133533	137.749	0.250576	1.69122	0.0339305	0.736369	-9130.4	2.0	444.22	-45848.5	3.0	0.00561611	1.0	1206.59	68.6617	404.373	48.5882	0.251013	0.0281946	1.16806	0.00429977	
0.0-2.4	6.5-30.0	30.0-60.0	0.000-1.571	0.008	0.145	8901.0	8897.0	6260.34	147.632	2637.18	110.606	-0.565271	0.138254	-0.05	0.0	0.432473	0.0	3.09249	0.0	0.0484579	0.0	0.0248391	0.000923896	0.03	0.0	1.492	0.04	5.0	0.0	1.733	0.07	0.036955	0.000176215	1.27502e-05	0.000164255	0.276471	0.0278801	0.19835	0.0	0.00208889	0.0	0.000558602	0.000290467	1.70743	0.0	1.03538	0.00648491	1.0	3921.28	0.557373	0.194948	0.38387	0.123592	0.0432969	5847.75	0.451145	0.0502729	0.0554221	0.00137581	-26092.7	2.0	4017.97	-236309.0	4.0	340.44	1.0	4599.87	150.163	1660.47	110.975	0.265236	0.0165865	1.19901	0.00224458	
0.0-2.4	6.5-30.0	30.0-60.0	0.393-0.785	0.008	0.12	2413.0	2413.0	1687.33	77.929	725.835	64.0809	-0.860878	0.310877	-0.05	0.0	0.432473	0.0	3.09249	0.0	0.0484579	0.0	0.0248391	0.0	0.03	0.0	1.492	0.04	5.0	0.0	1.733	0.07	0.036955	0.0	1.0132e-05	0.0868918	0.306445	0.0756361	0.19835	0.0	0.00208889	0.0	0.000272454	0.00056845	1.70743	0.0	1.02612	0.0128185	1.0	1722.91	0.483531	0.101769	0.262702	0.0976779	0.0341514	2879.11	0.549176	0.0767559	0.0475007	0.00256391	-4474.12	2.0	1764.05	-59488.6	3.0	778.674	1.0	1276.76	79.115	410.564	56.05	0.243322	0.0312596	1.19261	0.00442067	
0.0-2.4	6.5-30.0	30.0-60.0	0.785-1.178	0.008	0.12	2054.0	2051.0	1517.42	78.1343	534.261	49.5408	-0.423539	0.274826	-0.05	0.0	0.432473	0.0	3.09249	0.0	0.0484579	0.0	0.0248391	0.0	0.03	0.0	1.492	0.04	5.0	0.0	1.733	0.07	0.036955	0.0	1.50151e-05	1.29092	0.23977	0.0503287	0.19835	0.0	0.00208889	0.0	0.000442796	0.000584186	1.70743	0.0	1.04522	0.0128621	0.895962	1.14769	0.702177	1.73551	0.364969	0.445533	0.0698168	0.0849944	0.400254	0.292773	0.0630065	0.0668124	-9459.28	2.0	1748.56	-53082.0	3.0	130.483	1.0	1079.46	84.1832	437.958	67.1258	0.28862	0.0416657	1.20583	0.00446872	
0.0-2.4	6.5-30.0	30.0-60.0	1.178-1.571	0.008	0.12	1983.0	1972.0	1439.99	68.4019	532.22	50.7694	-0.355948	0.351039	-0.05	0.0	0.432473	0.0	3.09249	0.0	0.0484579	0.0	0.0248391	0.0	0.03	0.0	1.492	0.04	5.0	0.0	1.733	0.07	0.036955	0.0	1.01172e-05	3.47073	0.303335	0.0564432	0.19835	0.0	0.00208889	0.0	0.000140279	0.000627741	1.70743	0.0	1.07748	0.0136703	0.999986	1031.81	0.578968	7.21555	0.35075	0.361378	0.0730809	1124.6	0.639193	2.41241	0.0731899	0.166178	-4648.55	2.0	655.617	-40808.2	3.0	250.821	1.0	1027.33	67.3248	412.666	50.3534	0.286575	0.0322093	1.22839	0.00480625	
0.0-2.4	6.5-8.0	0.0-100.0	0.000-0.393	0.016	0.136	6923.0	6912.0	3056.0	137.689	3856.82	137.642	-0.106165	0.122802	-0.05	0.0	0.402191	0.0	3.09166	0.0	0.0508833	0.0	0.0267292	0.0	0.03	0.0	1.492	0.04	5.0	0.0	1.733	0.07	0.03832	0.0	5.8071e-05	0.000360109	0.400323	0.132806	0.313059	0.129726	0.00413537	0.00521731	0.00104362	0.0020422	1.71404	0.172071	0.915172	0.0865325	1.0	4.13688	0.610393	0.00297972	0.694499	0.00169442	0.00106352	64.1726	0.183634	0.000729473	0.130796	0.000519029	-19984.2	2.0	8151.4	-244022.0	3.0	951.253	1.0	2303.51	165.69	752.495	133.533	0.246235	0.0422635	1.22274	0.0708803	
0.0-2.4	6.5-8.0	0.0-100.0	0.000-1.571	0.016	0.16	24630.0	24625.0	11124.2	364.456	13500.9	385.081	-0.091071	0.0759517	-0.05	0.0	0.402191	0.190526	3.09166	0.00103465	0.0508833	0.00623522	0.0267292	0.00349041	0.03	0.0	1.492	0.04	5.0	0.0	1.733	0.07	0.03832	0.00181705	2.57968e-05	9.0559e-05	0.304266	0.0359875	0.307488	0.0880482	0.00439684	0.00310131	-0.000597646	0.00116618	1.63221	0.0944826	0.978378	0.048014	0.67232	3.18345	0.860157	4.74696	0.591666	3.0787	0.0737799	1.12481	0.15148	2.18715	0.697582	26.6115	-54089.1	2.0	13874.9	-942833.0	7.0	1580.37	1.0	8473.02	340.872	2651.17	216.051	0.238325	0.0177831	1.2174	0.0388627	
0.0-2.4	6.5-8.0	0.0-100.0	0.393-0.785	0.016	0.145	6367.0	6363.0	2696.14	114.003	3667.89	127.491	-0.208387	0.119405	-0.05	0.0	0.402191	0.0	3.09166	0.0	0.0508833	0.0	0.0267292	0.0	0.03	0.0	1.492	0.04	5.0	0.0	1.733	0.07	0.03832	0.0	3.35609e-05	0.000234572	0.273921	0.0507532	0.488577	0.194943	0.00546084	0.00439552	-0.00410979	0.00318634	1.47132	0.124323	0.882889	0.126851	0.683712	0.109325	0.836394	0.326252	0.50278	0.0779357	0.069777	0.030031	0.128645	0.0200809	0.255403	0.269907	-23167.0	2.0	659.425	-175317.0	3.0	4.39375	1.0	2118.35	121.29	577.784	85.3515	0.214301	0.0303324	1.20678	0.0711623	
0.0-2.4	6.5-8.0	0.0-100.0	0.785-1.178	0.016	0.152	6006.0	6004.0	2884.05	127.485	3120.16	131.975	0.133014	0.149996	-0.05	0.0	0.402191	0.0	3.09166	0.0	0.0508833	0.0	0.0267292	0.0	0.03	0.0	1.492	0.04	5.0	0.0	1.733	0.07	0.03832	0.0	4.17642e-05	0.79061	0.261465	0.0421944	0.230575	0.110068	0.00708186	0.0153869	-0.00402738	0.0020001	1.73111	0.184706	0.976599	0.0658447	0.606651	1.7565	0.8916	1.86428	0.449351	2.94963	0.0615593	0.42755	0.105966	0.62067	0.627247	14.65	-21097.4	2.0	2628.47	-199301.0	3.0	70.0826	1.0	2072.7	135.715	811.352	106.351	0.281323	0.0347156	1.19365	0.0600112	
0.0-2.4	6.5-8.0	0.0-100.0	1.178-1.571	0.016	0.152	5332.0	5328.0	2488.86	119.719	2839.87	145.35	-0.160047	0.137721	-0.05	0.0	0.402191	0.0	3.09166	0.0	0.0508833	0.0	0.0267292	0.0	0.03	0.0	1.492	0.04	5.0	0.0	1.733	0.07	0.03832	0.0	6.96199e-05	0.00138898	0.260098	0.041516	0.599664	0.33064	-4.6222e-05	0.00372	0.00683145	0.00557087	1.40906	0.147928	0.943366	0.216841	0.662268	0.696181	0.774985	1.21656	0.673318	0.255396	0.0780275	0.151515	0.524507	1.31553	0.54657	4.22116	-618.154	2.0	492.41	-186994.0	3.0	5835.78	1.0	1948.73	113.841	540.13	69.6282	0.217019	0.0259553	1.24373	0.0943922	
0.0-2.4	6.5-8.0	10.0-60.0	0.000-0.393	0.016	0.128	4028.0	4022.0	1968.27	101.333	2054.14	93.1285	-0.148281	0.157107	-0.05	0.0	0.402191	0.0	3.09166	0.0	0.0508833	0.0	0.0259487	0.0	0.03	0.0	1.492	0.04	5.0	0.0	1.733	0.07	0.0379979	0.0	5.95546e-05	0.000344739	0.31237	0.0727672	0.307488	0.0	0.00439684	0.0	0.0010154	0.00182268	1.63221	0.0	0.927167	0.0314641	0.9999	225.299	0.590241	1.55653	0.734499	0.703974	0.00183199	263.555	0.220944	0.333264	0.100075	0.214267	-14498.9	2.0	3115.22	-119741.0	3.0	639.96	1.0	1431.01	110.739	537.252	87.1795	0.272957	0.0420041	1.18932	0.00849317	
0.0-2.4	6.5-8.0	10.0-60.0	0.000-1.571	0.016	0.16	13949.0	13946.0	7201.97	191.651	6744.4	185.15	-0.0356998	0.101729	-0.05	0.0	0.402191	0.0	3.09166	0.0	0.0508833	0.0	0.0259487	0.000872005	0.03	0.0	1.492	0.04	5.0	0.0	1.733	0.07	0.0379979	0.000177995	2.57968e-05	9.0559e-05	0.265922	0.0296384	0.307488	0.0	0.00439684	0.0	-0.000596071	0.000983827	1.63221	0.0	0.978415	0.0158766	0.698766	0.216513	0.794857	0.358922	0.661717	0.113823	0.0638797	0.0538945	0.207381	0.0621746	0.379194	0.557899	-51322.5	2.0	5826.74	-473486.0	4.0	1007.84	1.0	5354.09	205.303	1847.88	155.78	0.25658	0.0205243	1.21742	0.00441811	
0.0-2.4	6.5-8.0	10.0-60.0	0.393-0.785	0.016	0.145	3618.0	3617.0	1840.79	89.445	1776.29	88.5997	-0.038166	0.174158	-0.05	0.0	0.402191	0.0	3.09166	0.0	0.0508833	0.0	0.0259487	0.0	0.03	0.0	1.492	0.04	5.0	0.0	1.733	0.07	0.0379979	0.0	3.35609e-05	0.000234572	0.241959	0.0467364	0.307488	0.0	0.00439684	0.0	-0.00197408	0.00194354	1.63221	0.0	0.976965	0.032089	0.547261	0.166646	0.840013	0.16223	0.4512	0.239541	0.0409323	0.025661	0.119329	0.0446731	0.361183	0.31515	-15858.6	2.0	244.714	-91505.4	3.0	17.8591	1.0	1440.28	94.1943	400.507	65.9812	0.217573	0.0342494	1.21662	0.00892234	
0.0-2.4	6.5-8.0	10.0-60.0	0.785-1.178	0.016	0.152	3249.0	3247.0	1791.78	100.509	1455.39	92.4081	0.161702	0.258049	-0.05	0.0	0.402191	0.0	3.09166	0.0	0.0508833	0.0	0.0259487	0.0	0.03	0.0	1.492	0.04	5.0	0.0	1.733	0.07	0.0379979	0.0	4.17642e-05	0.79061	0.227219	0.0515134	0.307488	0.0	0.00439684	0.0	-0.00409546	0.00187869	1.63221	0.0	0.937297	0.0304043	0.815386	2.09617	0.729648	2.7721	0.461088	2.44242	0.0622259	0.72221	0.0805564	0.60831	0.45165	4.83134	-11248.0	2.0	2447.25	-105117.0	3.0	371.373	1.0	1265.1	112.734	526.677	92.4429	0.293941	0.0488871	1.19481	0.00825868	
0.0-2.4	6.5-8.0	10.0-60.0	1.178-1.571	0.016	0.136	3052.0	3049.0	1600.61	87.3068	1449.26	92.2391	-0.0554593	0.257829	-0.05	0.0	0.402191	0.0	3.09166	0.0	0.0508833	0.0	0.0259487	0.0	0.03	0.0	1.492	0.04	5.0	0.0	1.733	0.07	0.0379979	0.0	1.20568e-05	0.0173859	0.293614	0.0573041	0.307488	0.0	0.00439684	0.0	0.00290294	0.00217593	1.63221	0.0	1.05864	0.0334105	0.580741	0.282332	0.668906	0.632236	0.648168	0.161851	0.0560706	0.0208546	0.277218	0.130872	0.47009	0.745758	-10483.6	2.0	428.13	-85054.9	3.0	983.323	1.0	1198.4	84.6736	402.212	58.1204	0.251286	0.0336251	1.26305	0.00969633	
0.0-2.4	8.0-10.0	0.0-100.0	0.000-0.393	0.008	0.152	3567.0	3561.0	2248.86	79.7603	1312.46	64.5865	0.152641	0.17411	-0.05	0.0	0.409882	0.0	3.09316	0.0	0.0510535	0.0	0.0232727	0.0	0.03	0.0	1.492	0.04	5.0	0.0	1.733	0.07	0.0372553	0.0	1.01039e-05	0.487899	0.25631	0.0328272	0.0783534	0.0380246	0.00336464	0.00777792	0.00105106	0.00105106	2.21072	0.285123	1.06376	0.0327185	0.537671	17.1499	0.653815	21.7448	0.308975	20.4905	0.00100229	0.376273	0.269131	0.190955	0.0628847	0.0275707	-10779.9	2.0	543.608	-65176.5	3.0	12.8052	1.0	1618.36	78.8592	630.499	58.5172	0.280364	0.0240459	1.19409	0.0387562	
0.0-2.4	8.0-10.0	0.0-100.0	0.000-1.571	0.008	0.152	13137.0	13124.0	8405.97	502.724	4718.02	480.05	-0.238374	0.150688	-0.05	0.0	0.409882	0.363018	3.09316	0.00099439	0.0510535	0.0224855	0.0232727	0.0057668	0.03	0.0	1.492	0.04	5.0	0.0	1.733	0.07	0.0372553	0.00640377	1.04463e-05	0.772766	0.35476	0.0519791	0.0999374	0.0382996	0.00376099	0.00404766	0.000527201	0.000588605	1.94825	0.155484	1.09563	0.0237749	0.677538	58.285	0.614628	13.8876	0.371066	20.4505	0.00266011	0.0468585	0.399192	0.328874	0.0706128	0.0734391	13942.6	2.0	53623.4	-406979.0	7.0	642909.0	1.0	6025.51	393.788	2380.46	213.255	0.283187	0.0188886	1.20821	0.0259636	
0.0-2.4	8.0-10.0	0.0-100.0	0.393-0.785	0.016	0.105	3483.0	3456.0	2251.86	89.9991	1204.8	73.463	-0.578286	0.193171	-0.05	0.0	0.409882	0.0	3.09316	0.0	0.0510535	0.0	0.0232727	0.0	0.03	0.0	1.492	0.04	5.0	0.0	1.733	0.07	0.0372553	0.0	4.92988e-05	0.000250796	0.361445	0.0743831	0.0871788	0.0543777	0.00869349	0.0183421	-0.00154055	0.0011202	2.08798	0.303036	1.10033	0.0396723	0.999967	127.035	0.39579	1.07101	0.155583	1.69896	0.00212966	169.067	0.439623	0.220443	0.0379882	0.0792165	-3784.18	2.0	2868.08	-82483.3	3.0	455.736	1.0	1538.19	92.9279	713.677	75.2987	0.316928	0.0309465	1.2187	0.0448692	
0.0-2.4	8.0-10.0	0.0-100.0	0.785-1.178	0.008	0.145	3173.0	3173.0	2052.61	107.384	1120.59	75.0687	-0.1215	0.277299	-0.05	0.0	0.409882	0.0	3.09316	0.0	0.0510535	0.0	0.0232727	0.0	0.03	0.0	1.492	0.04	5.0	0.0	1.733	0.07	0.0372553	0.0	6.83076e-05	0.000188408	0.734218	0.69544	0.0494462	0.0365968	0.00997806	0.0194271	0.00177304	0.00105105	2.17557	0.39497	1.12464	0.0297772	0.625658	0.623569	0.914444	0.534079	0.522241	0.5183	0.0399653	0.1054	0.229892	0.0983218	0.154382	0.39293	23966.5	2.0	18263.6	-141926.0	3.0	51.7341	1.0	1436.3	145.41	616.304	128.598	0.300254	0.06065	1.19846	0.0345203	
0.0-2.4	8.0-10.0	0.0-100.0	1.178-1.571	0.008	0.128	2912.0	2911.0	1862.54	73.5629	1048.91	64.5234	-0.417946	0.209646	-0.05	0.0	0.409882	0.0	3.09316	0.0	0.0510535	0.0	0.0232727	0.0	0.03	0.0	1.492	0.04	5.0	0.0	1.733	0.07	0.0372553	0.0	1.54046e-05	0.000145821	0.222056	0.0273254	0.681636	0.163444	-0.00101435	0.00214303	0.00414246	0.00350649	1.35029	0.0690844	0.8763	0.122383	0.999987	140.832	0.519641	0.307599	0.436779	0.184316	0.0500819	152.063	0.589164	0.103388	0.0549317	0.00200838	-6711.07	2.0	201.158	-54815.9	3.0	204.267	1.0	1349.94	71.4515	512.603	51.6961	0.275217	0.0255386	1.21954	0.046108	
0.0-2.4	8.0-10.0	10.0-60.0	0.000-0.393	0.008	0.145	2224.0	2223.0	1464.21	60.579	758.937	46.3985	0.00498835	0.203493	-0.05	0.0	0.409882	0.0	3.09316	0.0	0.0510535	0.0	0.0238844	0.0	0.03	0.0	1.492	0.04	5.0	0.0	1.733	0.07	0.0374831	0.0	1.40048e-05	1.03758	0.229544	0.031032	0.0999374	0.0	0.00376099	0.0	0.000959443	0.00102022	1.94825	0.0	1.05529	0.019727	0.686215	0.0205826	1.0	1184.3	0.468174	0.0199161	0.0468152	0.0030961	0.170694	0.00765801	0.0200035	4024.23	-7992.54	2.0	104.78	-34817.0	3.0	1.62625	1.0	1093.29	59.5701	370.914	41.6901	0.25332	0.0264736	1.17544	0.00797027	
0.0-2.4	8.0-10.0	10.0-60.0	0.000-1.571	0.008	0.145	7962.0	7961.0	5382.71	141.103	2578.14	101.947	-0.387718	0.15119	-0.05	0.0	0.409882	0.0	3.09316	0.0	0.0510535	0.0	0.0238844	0.000722314	0.03	0.0	1.492	0.04	5.0	0.0	1.733	0.07	0.0374831	0.000135804	1.82514e-05	0.000157912	0.353579	0.0778071	0.0999374	0.0	0.00376099	0.0	0.000521419	0.000538817	1.94825	0.0	1.09584	0.0100976	0.91869	1.59482	0.54718	1.47241	0.391407	0.354449	0.0469448	0.0415067	0.392203	0.231629	0.0496161	0.0314044	22303.6	2.0	79434.2	-252127.0	4.0	2658.85	1.0	3916.79	171.459	1465.92	142.593	0.272339	0.0255108	1.20838	0.00412103	
0.0-2.4	8.0-10.0	10.0-60.0	0.393-0.785	0.008	0.12	2133.0	2128.0	1413.14	68.3049	715.65	58.7736	-0.670535	0.264458	-0.05	0.0	0.409882	0.0	3.09316	0.0	0.0510535	0.0	0.0238844	0.0	0.03	0.0	1.492	0.04	5.0	0.0	1.733	0.07	0.0374831	0.0	1.00002e-05	8.80711e-05	0.324733	0.086496	0.0999374	0.0	0.00376099	0.0	-0.00136764	0.00105538	1.94825	0.0	1.09637	0.0201398	1.0	1817.63	0.449301	0.097026	0.131112	0.163228	0.0223578	2844.99	0.485285	0.149245	0.0329427	0.00462723	-1662.99	2.0	1708.89	-45075.6	3.0	792.135	1.0	1014.37	70.8841	398.772	54.7004	0.282189	0.0362256	1.20882	0.00822045	
0.0-2.4	8.0-10.0	10.0-60.0	0.785-1.178	0.008	0.112	1901.0	1897.0	1316.87	94.8794	580.429	53.8663	-0.457464	0.451979	-0.05	0.0	0.409882	0.0	3.09316	0.0	0.0510535	0.0	0.0238844	0.0	0.03	0.0	1.492	0.04	5.0	0.0	1.733	0.07	0.0374831	0.0	1.4617e-05	0.013384	0.782343	1.07608	0.0999374	0.0	0.00376099	0.0	0.00189608	0.00106931	1.94825	0.0	1.09161	0.0197828	0.288029	0.0844211	0.819463	0.148236	1.14169e-05	16.6826	0.00737093	0.00593964	0.219311	0.0584165	0.0605439	0.0250905	22204.3	2.0	15564.4	-101428.0	3.0	114.118	1.0	874.781	130.021	442.085	118.1	0.33571	0.0863594	1.20493	0.00806558	
0.0-2.4	8.0-10.0	10.0-60.0	1.178-1.571	0.008	0.12	1702.0	1701.0	1194.48	57.6	507.031	46.2149	-0.429996	0.332626	-0.05	0.0	0.409882	0.0	3.09316	0.0	0.0510535	0.0	0.0238844	0.0	0.03	0.0	1.492	0.04	5.0	0.0	1.733	0.07	0.0374831	0.0	4.81487e-05	1.07517	0.233079	0.034941	0.0999374	0.0	0.00376099	0.0	0.000743148	0.00116263	1.94825	0.0	1.13595	0.0211994	0.75765	0.311402	1.0	0.187599	0.43412	0.265228	0.0594614	0.0539919	0.511754	0.352093	4.96367	954.98	-3793.26	2.0	128.418	-29363.1	3.0	231.897	1.0	867.037	55.58	327.442	39.8795	0.274129	0.0306581	1.24127	0.0087309	
1.2-1.6	6.5-30.0	0.0-100.0	0.000-0.393	0.008	0.136	3130.0	3127.0	1624.12	74.2486	1503.81	70.3228	0.00630704	0.157573	-0.05	0.0	0.582763	0.0	3.09131	0.0	0.0436412	0.0	0.0308478	0.0	0.03	0.0	1.492	0.04	5.0	0.0	1.733	0.07	0.0388193	0.0	8.70362e-05	0.000270698	0.325437	0.0838618	0.130197	0.0694199	0.00814269	0.0161506	0.00282609	0.00123957	1.98675	0.266132	1.01473	0.0503459	0.770623	16.0518	0.515163	3.77722	0.401006	3.75517	0.00946949	0.227608	0.20701	0.130164	0.0592438	0.0427534	-7664.37	2.0	1307.66	-61654.1	3.0	20.6003	1.0	1227.68	80.7628	396.443	60.8368	0.244096	0.0357574	1.18724	0.0548599	
1.2-1.6	6.5-30.0	0.0-100.0	0.000-1.571	0.008	0.136	11514.0	11502.0	6006.39	201.141	5496.37	222.487	-0.235952	0.0759724	-0.05	0.0	0.582763	0.148	3.09131	0.0012219	0.0436412	0.00523973	0.0308478	0.00273473	0.03	0.0	1.492	0.04	5.0	0.0	1.733	0.07	0.0388194	0.00199414	1.03021e-05	0.137313	0.289268	0.0304446	0.0999774	0.0369937	0.00921681	0.0152857	0.000527875	0.000674914	2.02628	0.173102	1.07893	0.0262085	1.0	10.1688	0.452131	0.252225	0.527459	0.161374	0.0773785	3.54198	0.468203	0.248284	0.0818493	0.028761	-892.539	2.0	3784.6	-314911.0	7.0	181476.0	1.0	4398.7	179.704	1607.69	116.164	0.267664	0.0171375	1.20756	0.0288006	
1.2-1.6	6.5-30.0	0.0-100.0	0.393-0.785	0.008	0.128	3134.0	3130.0	1550.66	76.7842	1580.22	81.0402	-0.366929	0.158646	-0.05	0.0	0.582763	0.0	3.09131	0.0	0.0436412	0.0	0.0308478	0.0	0.03	0.0	1.492	0.04	5.0	0.0	1.733	0.07	0.0388193	0.0	1.40773e-05	0.000247178	0.290417	0.058607	0.0978918	0.063768	0.00830884	0.017385	-0.00100554	0.00135825	2.07462	0.34261	1.06424	0.0476904	0.718489	10.4099	0.66745	13.3104	0.543288	2.3777	0.0416938	0.677523	0.398671	3.36228	0.140908	2.43474	-3635.93	2.0	1041.06	-68174.4	3.0	461.657	1.0	1086.71	79.1377	463.953	62.4098	0.299197	0.0374211	1.20128	0.0545276	
1.2-1.6	6.5-30.0	0.0-100.0	0.785-1.178	0.008	0.136	2688.0	2686.0	1450.7	69.4399	1236.03	68.4232	-0.0547225	0.189079	-0.05	0.0	0.582763	0.0	3.09131	0.0	0.0436412	0.0	0.0308478	0.0	0.03	0.0	1.492	0.04	5.0	0.0	1.733	0.07	0.0388193	0.0	1.0973e-05	0.00459423	0.319395	0.0769593	0.0383419	0.0282596	0.00999981	0.0173776	0.000993601	0.00123097	2.63905	0.579204	1.13953	0.034283	0.789274	1.13347	0.670976	2.06226	0.522358	0.429278	0.0584591	0.0298695	0.241115	0.167826	0.051339	0.0323739	-4313.67	2.0	835.861	-53179.6	3.0	64.067	1.0	1111.04	71.2039	339.665	50.0608	0.234138	0.0326373	1.23117	0.0430865	
1.2-1.6	6.5-30.0	0.0-100.0	1.178-1.571	0.008	0.12	2560.0	2546.0	1376.99	83.2562	1169.44	103.603	-0.57451	0.237536	-0.05	0.0	0.582763	0.0	3.09131	0.0	0.0436412	0.0	0.0308478	0.0	0.03	0.0	1.492	0.04	5.0	0.0	1.733	0.07	0.0388193	0.0	3.21269e-05	0.000513866	0.25833	0.0404436	0.429426	0.219667	0.00289074	0.00368548	-0.00148565	0.00233789	1.45696	0.14329	0.976043	0.100445	0.922682	2.5543	0.603308	2.80447	0.435864	0.827033	0.0944891	0.160817	0.975122	2.89528	0.0669085	0.192536	9450.52	2.0	363.027	-81247.2	3.0	17249.0	1.0	958.828	73.2333	418.157	51.395	0.303676	0.0324957	1.20628	0.0689636	
1.2-1.6	6.5-30.0	10.0-60.0	0.000-0.393	0.008	0.12	1963.0	1960.0	1092.64	59.495	867.552	52.3118	0.0131475	0.20595	-0.05	0.0	0.582763	0.0	3.09131	0.0	0.0436412	0.0	0.0305554	0.0	0.03	0.0	1.492	0.04	5.0	0.0	1.733	0.07	0.0387227	0.0	9.39567e-05	0.000265483	0.352951	0.118156	0.0999774	0.0	0.00921681	0.0	0.00283633	0.00114406	2.02628	0.0	1.03711	0.0254615	0.535788	3.38175	0.723592	1.3201	0.33692	3.20885	0.00965293	0.116979	0.217506	0.11033	0.0828044	0.0859675	-4409.22	2.0	1058.7	-35658.5	3.0	31.7811	1.0	825.824	65.1683	266.82	49.3558	0.244196	0.0431697	1.17412	0.010121	
1.2-1.6	6.5-30.0	10.0-60.0	0.000-1.571	0.008	0.128	6633.0	6625.0	3850.47	110.565	2775.64	102.96	-0.339185	0.115721	-0.05	0.0	0.582763	0.0	3.09131	0.0	0.0436412	0.0	0.0305554	0.00250362	0.03	0.0	1.492	0.04	5.0	0.0	1.733	0.07	0.0387227	0.000412139	1.05393e-05	0.000462059	0.273611	0.0335123	0.0999774	0.0	0.00921681	0.0	0.000516638	0.000615935	2.02628	0.0	1.07811	0.0130705	0.999939	91.4201	0.500374	11.9461	0.514014	11.9564	0.00138731	323.169	0.384148	0.277381	0.0759764	0.0766673	-11821.7	2.0	1726.29	-138931.0	4.0	384.804	1.0	2866.02	112.286	984.449	81.4527	0.25567	0.0198392	1.20689	0.00525422	
1.2-1.6	6.5-30.0	10.0-60.0	0.393-0.785	0.008	0.112	1768.0	1758.0	947.249	56.5005	811.056	61.1352	-0.585437	0.240288	-0.05	0.0	0.582763	0.0	3.09131	0.0	0.0436412	0.0	0.0305554	0.0	0.03	0.0	1.492	0.04	5.0	0.0	1.733	0.07	0.0387227	0.0	2.07034e-05	0.000129572	0.217285	0.0399368	0.0999774	0.0	0.00921681	0.0	-0.00109515	0.00120466	2.02628	0.0	1.06393	0.0261183	0.879684	0.691087	0.431807	2.38097	0.342609	4.02097	0.151453	0.421528	0.589825	0.776805	0.0346778	0.307827	-1060.52	2.0	197.719	-34054.5	3.0	890.068	1.0	666.602	55.3875	280.646	42.0366	0.296275	0.0407071	1.19552	0.0104598	
1.2-1.6	6.5-30.0	10.0-60.0	0.785-1.178	0.008	0.128	1478.0	1477.0	898.533	48.6438	578.439	42.5941	-0.601471	0.24491	-0.05	0.0	0.582763	0.0	3.09131	0.0	0.0436412	0.0	0.0305554	0.0	0.03	0.0	1.492	0.04	5.0	0.0	1.733	0.07	0.0387227	0.0	2.57361e-05	0.000145696	0.220012	0.0394276	0.0999774	0.0	0.00921681	0.0	0.000582707	0.00126537	2.02628	0.0	1.10059	0.026002	0.749119	0.455158	0.999989	212.641	0.528731	0.945794	0.0677668	0.0851834	0.225206	0.195538	0.0201571	1143.37	-4663.74	2.0	26.0483	-22182.4	3.0	39.158	1.0	717.055	48.2305	181.478	30.2619	0.201971	0.0318549	1.22502	0.0105126	
1.2-1.6	6.5-30.0	10.0-60.0	1.178-1.571	0.008	0.105	1422.0	1405.0	903.61	51.1417	501.485	42.3239	-0.281507	0.285569	-0.05	0.0	0.582763	0.0	3.09131	0.0	0.0436412	0.0	0.0305554	0.0	0.03	0.0	1.492	0.04	5.0	0.0	1.733	0.07	0.0387227	0.0	3.08551e-05	0.00051849	0.288726	0.0592512	0.0999774	0.0	0.00921681	0.0	-0.000419643	0.00131176	2.02628	0.0	1.10582	0.0273537	0.7206	0.667236	0.99999	153.918	0.500228	2.21474	0.0858581	0.236433	0.382009	0.489644	0.0242872	677.745	-3248.16	2.0	249.743	-23474.1	3.0	17.3896	1.0	637.884	50.372	265.726	38.2117	0.294071	0.0388748	1.22926	0.0110734	
1.2-2.4	6.5-30.0	0.0-100.0	0.000-0.393	0.008	0.152	7756.0	7747.0	3760.31	116.546	3988.11	117.767	-0.211987	0.0987251	-0.05	0.0	0.618507	0.0	3.09108	0.0	0.0515833	0.0	0.0308003	0.0	0.03	0.0	1.492	0.04	5.0	0.0	1.733	0.07	0.0448068	0.0	3.42723e-05	0.000135506	0.285942	0.0418019	0.147506	0.0525668	0.00656579	0.00470592	0.00286818	0.000907483	1.94036	0.171727	0.997778	0.0361878	0.999704	561.427	0.534927	3.30313	0.615567	2.46184	0.00110702	486.401	0.219887	0.795812	0.0799022	0.524989	-21381.0	2.0	1548.05	-170421.0	3.0	12.6403	1.0	2886.34	123.3	873.964	89.0711	0.232418	0.0225653	1.18493	0.0392714	
1.2-2.4	6.5-30.0	0.0-100.0	0.000-1.571	0.008	0.128	27725.0	27615.0	14316.8	321.622	13298.2	335.815	-0.34954	0.0566528	-0.05	0.0	0.618507	0.086638	3.09108	0.000843559	0.0515833	0.00346848	0.0308003	0.000869795	0.03	0.0	1.492	0.04	5.0	0.0	1.733	0.07	0.0448069	0.00149095	1.38621e-05	0.000134836	0.276716	0.0182379	0.186805	0.0404235	0.00562667	0.0022307	0.00159602	0.000529899	1.79346	0.0844886	1.01876	0.0233293	0.913862	0.202047	0.48601	0.271143	0.496688	0.242435	0.194331	0.218712	0.327905	0.0916324	0.0549221	0.0518471	-44341.7	2.0	4948.91	-766145.0	7.0	20123.2	1.0	10829.3	289.596	3487.53	175.558	0.243597	0.0109736	1.20202	0.0232112	
1.2-2.4	6.5-30.0	0.0-100.0	0.393-0.785	0.008	0.145	7223.0	7212.0	3609.1	116.909	3603.26	120.145	-0.515421	0.109528	-0.05	0.0	0.618507	0.0	3.09108	0.0	0.0515833	0.0	0.0308003	0.0	0.03	0.0	1.492	0.04	5.0	0.0	1.733	0.07	0.0448068	0.0	2.65486e-05	7.2402e-05	0.27814	0.0379327	0.215726	0.105061	0.00712779	0.00410469	0.000530508	0.00110983	1.7141	0.172696	0.984751	0.0594659	0.999991	3852.99	0.554222	669.466	0.626269	498.492	0.00103118	5609.08	0.288472	85.8942	0.226738	88.045	-12711.8	2.0	1514.47	-169317.0	3.0	233.193	1.0	2661.94	122.555	947.163	92.3352	0.262438	0.0241303	1.18084	0.0550116	
1.2-2.4	6.5-30.0	0.0-100.0	0.785-1.178	0.008	0.152	6546.0	6544.0	3506.44	111.418	3037.81	107.945	-0.244386	0.117853	-0.05	0.0	0.618507	0.0	3.09108	0.0	0.0515833	0.0	0.0308003	0.0	0.03	0.0	1.492	0.04	5.0	0.0	1.733	0.07	0.0448068	0.0	1.03152e-05	0.00396442	0.298779	0.0438971	0.127095	0.057169	0.00999999	0.014517	0.000976476	0.00101838	1.93778	0.197975	1.06448	0.0376896	0.999898	18.5806	0.40738	1.97084	0.441585	1.85865	0.0011009	5.49665	0.271457	0.0668661	0.0631431	0.0199885	-15741.9	2.0	1231.1	-146538.0	3.0	39.5987	1.0	2752.75	114.596	753.691	77.8135	0.214945	0.0211144	1.21093	0.0396488	
1.2-2.4	6.5-30.0	0.0-100.0	1.178-1.571	0.008	0.152	6198.0	6195.0	3439.43	120.409	2755.64	131.36	-0.47265	0.12883	-0.05	0.0	0.618507	0.0	3.09108	0.0	0.0515833	0.0	0.0308003	0.0	0.03	0.0	1.492	0.04	5.0	0.0	1.733	0.07	0.0448068	0.0	3.88875e-05	0.000353399	0.25926	0.0275383	0.376887	0.131541	0.000173054	0.00284995	0.00264205	0.00153247	1.54336	0.106566	0.985803	0.0645286	1.0	4275.76	0.515724	0.513364	0.544215	0.19884	0.0793792	6371.3	0.59272	0.207903	0.0782079	0.0260506	1371.76	2.0	590.269	-172143.0	3.0	10826.3	1.0	2524.86	113.206	914.567	77.6377	0.265907	0.0205639	1.22608	0.0482786	
1.2-2.4	6.5-30.0	10.0-60.0	0.000-0.393	0.008	0.152	4719.0	4718.0	2516.22	91.0003	2201.82	84.6847	-0.264953	0.128924	-0.05	0.0	0.618507	0.0	3.09108	0.0	0.0515833	0.0	0.0303247	0.0	0.03	0.0	1.492	0.04	5.0	0.0	1.733	0.07	0.0446829	0.0	3.42723e-05	0.000135506	0.297391	0.0557494	0.186805	0.0	0.00562667	0.0	0.00287377	0.000865166	1.79346	0.0	0.978749	0.0178545	0.245713	6.41562	0.899107	2.37788	0.00742914	93.6115	0.00120464	0.0860612	0.202167	0.0467087	0.11618	0.0369425	-13656.0	2.0	1178.1	-93206.1	3.0	22.9403	1.0	1949.68	96.8583	566.538	69.4946	0.225154	0.026391	1.17467	0.00604876	
1.2-2.4	6.5-30.0	10.0-60.0	0.000-1.571	0.008	0.16	16182.0	16179.0	9214.79	173.81	6965.55	159.885	-0.420846	0.0743354	-0.05	0.0	0.618507	0.0	3.09108	0.0	0.0515833	0.0	0.0303247	0.00157926	0.03	0.0	1.492	0.04	5.0	0.0	1.733	0.07	0.0446829	0.00020444	1.04253e-05	6.6059e-05	0.257397	0.019207	0.186805	0.0	0.00562667	0.0	0.00160788	0.000466921	1.79346	0.0	1.01852	0.00933473	0.999993	103463.0	0.681452	12696.8	0.656921	9893.68	0.00118318	171121.0	0.275135	1558.76	0.173642	2567.11	-41063.1	2.0	2336.74	-374073.0	4.0	163.283	1.0	6928.93	177.637	2285.86	127.801	0.248064	0.013056	1.20185	0.00321651	
1.2-2.4	6.5-30.0	10.0-60.0	0.393-0.785	0.008	0.145	4147.0	4146.0	2300.18	86.9929	1845.71	86.3317	-0.550857	0.152263	-0.05	0.0	0.618507	0.0	3.09108	0.0	0.0515833	0.0	0.0303247	0.0	0.03	0.0	1.492	0.04	5.0	0.0	1.733	0.07	0.0446829	0.0	2.65486e-05	7.2402e-05	0.203093	0.0256196	0.186805	0.0	0.00562667	0.0	0.000867216	0.000906512	1.79346	0.0	0.997493	0.0186262	0.693336	0.577528	0.829049	0.30847	0.562783	0.366449	0.0429759	0.061226	0.305861	0.239902	0.608982	1.89284	-7475.53	2.0	316.3	-84752.1	3.0	458.727	1.0	1688.37	89.126	611.804	66.3434	0.265981	0.0270317	1.18743	0.00636197	
1.2-2.4	6.5-30.0	10.0-60.0	0.785-1.178	0.008	0.152	3728.0	3726.0	2194.25	81.9342	1531.61	72.138	-0.437052	0.155805	-0.05	0.0	0.618507	0.0	3.09108	0.0	0.0515833	0.0	0.0303247	0.0	0.03	0.0	1.492	0.04	5.0	0.0	1.733	0.07	0.0446829	0.0	1.03152e-05	0.00396442	0.247014	0.0336076	0.186805	0.0	0.00562667	0.0	0.00100456	0.00095637	1.79346	0.0	1.03349	0.0187128	0.85559	0.225971	0.584658	0.856909	0.355441	0.760761	0.118626	0.116668	0.205149	0.0598834	0.0346555	0.0567905	-11492.6	2.0	265.775	-69863.1	3.0	8.27302	1.0	1688.04	82.683	506.214	56.7515	0.2307	0.0243869	1.2122	0.00648686	
1.2-2.4	6.5-30.0	10.0-60.0	1.178-1.571	0.008	0.152	3586.0	3585.0	2208.53	83.6235	1376.64	70.5347	-0.476978	0.16982	-0.05	0.0	0.618507	0.0	3.09108	0.0	0.0515833	0.0	0.0303247	0.0	0.03	0.0	1.492	0.04	5.0	0.0	1.733	0.07	0.0446829	0.0	3.88875e-05	0.000353399	0.281767	0.0373321	0.186805	0.0	0.00562667	0.0	0.00154494	0.00101569	1.79346	0.0	1.06594	0.0196514	0.999994	25.7699	0.634054	3.04354	0.565694	3.56639	0.00101042	54.1764	0.322588	0.0956975	0.0590078	0.0845522	-9429.19	2.0	448.193	-70373.1	3.0	2.93961	1.0	1585.13	83.0251	623.396	62.0324	0.282268	0.0259747	1.23484	0.00689732	
1.6-2.4	3.0-6.5	0.0-100.0	0.000-0.393	0.016	0.232	43804.0	43796.0	7515.33	340.892	36281.3	549.49	0.0313162	0.0524583	-0.05	0.0	0.95026	0.0	3.08995	0.0	0.0529652	0.0	0.0152077	0.0	0.03	0.0	1.86	0.19	5.0	0.0	1.38	0.32	0.0517424	0.0	0.000149401	0.0117133	0.354356	0.0963939	0.473976	0.263955	-0.00707842	0.0107562	0.00552836	0.00627188	1.54049	0.193925	0.907366	0.181873	1.0	1170.46	0.78733	0.124458	0.687774	1.30901	0.00106564	74189.3	0.115161	0.627516	0.750786	0.339664	-128040.0	2.0	4923.68	-2723090.0	3.0	402.514	1.0	6347.99	393.885	1167.34	273.931	0.155328	0.0357622	1.24815	0.105548	
1.6-2.4	3.0-6.5	0.0-100.0	0.000-1.571	0.016	0.264	162584.0	162575.0	27157.7	780.948	135420.0	1157.33	0.0684839	0.0279988	-0.05	0.0	0.95026	0.0517754	3.08995	0.00135329	0.0529652	0.00270998	0.0152077	0.00699147	0.03	0.0	1.86	0.19	5.0	0.0	1.38	0.32	0.0517425	0.00146779	1.10324e-05	0.0465138	0.318653	0.0368507	0.306676	0.207312	-0.00606766	0.0158233	0.00469141	0.00315242	1.65447	0.204252	1.03152	0.113104	1.0	123.82	0.792524	0.00742283	0.732843	0.0626227	0.00146886	380931.0	0.124196	0.0385419	0.812895	0.0178782	-485230.0	2.0	12276.4	-11556300.0	7.0	4453.58	1.0	22540.1	812.97	4617.57	508.363	0.170028	0.0180691	1.25586	0.0866484	
1.6-2.4	3.0-6.5	0.0-100.0	0.393-0.785	0.016	0.264	41625.0	41619.0	6559.52	329.28	35060.7	544.081	-0.0242895	0.0544618	-0.05	0.0	0.95026	0.0	3.08995	0.0	0.0529652	0.0	0.0152077	0.0	0.03	0.0	1.86	0.19	5.0	0.0	1.38	0.32	0.0517424	0.0	0.000104776	0.00436801	0.303835	0.0598813	0.434071	0.259887	-0.00999985	0.0153683	0.00232687	0.00671451	1.61272	0.231443	0.917167	0.181247	1.0	0.11121	0.833218	0.000165223	0.695195	0.000112508	0.00102675	107.006	0.124273	2.72221e-05	0.472325	0.000720484	-117153.0	2.0	2648.43	-2570240.0	3.0	1502.97	1.0	5271.73	365.726	1287.79	260.582	0.196324	0.0384839	1.26689	0.116667	
1.6-2.4	3.0-6.5	0.0-100.0	0.785-1.178	0.016	0.24	39226.0	39223.0	6455.09	322.805	32768.0	528.952	0.0490016	0.0556825	-0.05	0.0	0.95026	0.0	3.08995	0.0	0.0529652	0.0	0.0152077	0.0	0.03	0.0	1.86	0.19	5.0	0.0	1.38	0.32	0.0517424	0.0	2.10511e-05	0.000549047	0.265919	0.0651184	0.0818643	0.0702753	-0.01	0.0192987	0.0088391	0.00360962	2.29979	0.540786	1.1164	0.0646897	1.0	2848370.0	0.769798	37840.2	0.793023	46797.0	0.00253889	3676080.0	0.146488	36162.7	1.11141	95407.3	-117271.0	2.0	2630.36	-2443360.0	3.0	688.955	1.0	5419.61	364.54	1035.48	249.234	0.160413	0.037768	1.25591	0.0744185	
1.6-2.4	3.0-6.5	0.0-100.0	1.178-1.571	0.016	0.24	37928.0	37925.0	6623.54	322.599	31300.8	520.118	0.236148	0.0610767	-0.05	0.0	0.95026	0.0	3.08995	0.0	0.0529652	0.0	0.0152077	0.0	0.03	0.0	1.86	0.19	5.0	0.0	1.38	0.32	0.0517424	0.0	3.20725e-05	0.0130815	0.344255	0.0745933	0.862746	0.0705318	0.0058369	0.00486993	-0.00988874	0.0102879	1.3149	0.0586406	0.600004	0.118923	0.999999	16898.2	0.760009	2324.37	0.743105	2602.0	0.00100582	369602.0	0.110239	16.9946	1.0033	700.671	-122814.0	2.0	2534.56	-2382500.0	3.0	2120.88	1.0	5488.63	342.595	1134.91	221.28	0.171345	0.0323489	1.24139	0.0333401	
1.6-2.4	3.0-6.5	10.0-60.0	0.000-0.393	0.016	0.209	23638.0	23608.0	5023.25	249.371	18585.3	380.437	-0.0059278	0.0705575	-0.05	0.0	0.95026	0.0	3.08995	0.0	0.0529652	0.0	0.015311	0.0	0.03	0.0	1.86	0.19	5.0	0.0	1.38	0.32	0.051744	0.0	0.000129268	0.000932346	0.307631	0.0699634	0.306676	0.0	-0.00606766	0.0	0.00372375	0.00473642	1.65447	0.0	1.00237	0.0555945	1.0	7758.81	0.810422	0.0410962	0.662108	0.260184	0.00293146	8343.61	0.0920435	0.0864713	0.761958	0.384585	-96640.0	2.0	453.043	-1262350.0	3.0	425.873	1.0	4371.5	260.784	651.746	148.186	0.129746	0.0287883	1.23938	0.0155869	
1.6-2.4	3.0-6.5	10.0-60.0	0.000-1.571	0.016	0.209	84368.0	84310.0	17189.3	467.874	67122.5	720.587	0.0618277	0.0377381	-0.05	0.0	0.95026	0.0	3.08995	0.0	0.0529652	0.0	0.015311	0.00350411	0.03	0.0	1.86	0.19	5.0	0.0	1.38	0.32	0.051744	2.57869e-05	2.44459e-05	0.000226863	0.30437	0.0352854	0.306676	0.0	-0.00606766	0.0	0.00464083	0.00254849	1.65447	0.0	1.0309	0.0273153	0.999999	0.614087	0.83424	0.00125718	0.724468	0.00111014	0.00101428	88.028	0.109134	0.00040159	0.562935	0.00808788	-372719.0	2.0	2843.11	-5141850.0	4.0	1870.12	1.0	14386.1	500.188	2803.18	320.436	0.163077	0.0181054	1.25551	0.00777521	
1.6-2.4	3.0-6.5	10.0-60.0	0.393-0.785	0.016	0.209	21897.0	21871.0	4131.11	232.68	17740.7	367.377	-0.0241942	0.0725922	-0.05	0.0	0.95026	0.0	3.08995	0.0	0.0529652	0.0	0.015311	0.0	0.03	0.0	1.86	0.19	5.0	0.0	1.38	0.32	0.051744	0.0	0.000185134	0.00079819	0.297672	0.0543111	0.306676	0.0	-0.00606766	0.0	-0.000882023	0.00485875	1.65447	0.0	1.00461	0.0549367	0.999998	646.43	0.857119	4.33518	0.639624	18.429	0.00100678	485.72	0.0910405	3.97217	0.327783	1.19633	-90878.2	2.0	974.964	-1142190.0	3.0	574.546	1.0	3104.38	247.496	1026.73	184.461	0.248536	0.0424007	1.24064	0.0154212	
1.6-2.4	3.0-6.5	10.0-60.0	0.785-1.178	0.016	0.2	19900.0	19900.0	3960.6	224.151	15939.6	346.356	0.0820201	0.0774076	-0.05	0.0	0.95026	0.0	3.08995	0.0	0.0529652	0.0	0.015311	0.0	0.03	0.0	1.86	0.19	5.0	0.0	1.38	0.32	0.051744	0.0	3.10689e-05	0.000375227	0.241463	0.0571661	0.306676	0.0	-0.00606766	0.0	0.01	0.0131599	1.65447	0.0	1.01526	0.0510842	0.999998	9.12165	0.791421	0.00151376	0.783985	0.00394892	0.00344485	41.6392	0.129712	0.00238836	0.396704	0.00288093	-100315.0	2.0	557.423	-1041710.0	3.0	399.78	1.0	3316.94	247.577	643.655	165.474	0.162515	0.040755	1.24664	0.0144221	
1.6-2.4	3.0-6.5	10.0-60.0	1.178-1.571	0.016	0.2	18932.0	18913.0	4082.0	227.505	14830.7	344.041	0.233964	0.083871	-0.05	0.0	0.95026	0.0	3.08995	0.0	0.0529652	0.0	0.015311	0.0	0.03	0.0	1.86	0.19	5.0	0.0	1.38	0.32	0.051744	0.0	1.12763e-05	0.178932	0.369539	0.111466	0.306676	0.0	-0.00606766	0.0	0.00406522	0.0053584	1.65447	0.0	1.10095	0.0552513	0.999983	14.2703	0.879347	0.00665503	0.775881	0.0183366	0.00124638	57.3087	0.136222	0.00859445	0.605122	0.0617857	-87174.8	2.0	963.74	-1016190.0	3.0	645.957	1.0	3534.28	243.361	547.715	146.136	0.134178	0.0350103	1.29608	0.0162699	
1.6-2.4	6.5-30.0	0.0-100.0	0.000-0.393	0.008	0.152	4625.0	4618.0	2136.41	89.9065	2482.51	94.5445	-0.354095	0.127101	-0.05	0.0	0.692622	0.0	3.09081	0.0	0.0557986	0.0	0.0306683	0.0	0.03	0.0	1.492	0.04	5.0	0.0	1.733	0.07	0.0494527	0.0	3.15307e-05	0.000173778	0.253993	0.0385553	0.171695	0.085994	0.00507026	0.00583142	0.00294455	0.00134004	1.8838	0.229153	0.976866	0.0571747	0.999945	2.70859	0.59257	0.291085	0.688162	0.155009	0.00149759	4.95078	0.230005	0.0646028	0.100326	0.0453413	-14127.9	2.0	250.21	-95275.9	3.0	2.25147	1.0	1657.96	91.1583	478.452	62.0252	0.223951	0.0274601	1.1831	0.0598835	
1.6-2.4	6.5-30.0	0.0-100.0	0.000-1.571	0.008	0.152	16210.0	16191.0	8303.94	275.064	7887.71	274.044	-0.450065	0.078077	-0.05	0.0	0.692622	0.164678	3.09081	0.00119779	0.0557986	0.0052156	0.0306683	0.00395755	0.03	0.0	1.492	0.04	5.0	0.0	1.733	0.07	0.0494527	0.00275102	1.37144e-05	0.000327844	0.267145	0.0217009	0.337019	0.0765519	0.00343684	0.00197833	0.00326396	0.000895934	1.60396	0.0792233	0.922691	0.0445784	0.999999	20.3845	0.616932	3.03965	0.653293	3.0742	0.0011855	45.9379	0.234998	0.0528818	0.168892	0.0577725	-46889.4	2.0	1287.49	-399009.0	7.0	68.7198	1.0	6441.14	242.714	1862.8	131.131	0.224327	0.0139338	1.19644	0.0347603	
1.6-2.4	6.5-30.0	0.0-100.0	0.393-0.785	0.008	0.145	4089.0	4080.0	2049.92	87.6832	2030.37	88.1269	-0.639442	0.147305	-0.05	0.0	0.692622	0.0	3.09081	0.0	0.0557986	0.0	0.0306683	0.0	0.03	0.0	1.492	0.04	5.0	0.0	1.733	0.07	0.0494527	0.0	1.91191e-05	0.000301555	0.27455	0.0500882	0.653479	0.0874734	0.00512757	0.00198312	0.00191009	0.00218415	1.36098	0.0597214	0.632673	0.0863994	0.795091	0.459758	0.721416	0.283099	0.532236	0.255979	0.0415455	0.0861978	0.169718	0.0438852	0.359404	0.279925	-9882.25	2.0	477.218	-87165.9	3.0	4.70767	1.0	1573.45	92.3494	476.474	66.4391	0.232435	0.0308479	1.16152	0.0365594	
1.6-2.4	6.5-30.0	0.0-100.0	0.785-1.178	0.008	0.145	3858.0	3855.0	2060.95	87.3629	1794.23	83.6268	-0.395077	0.152501	-0.05	0.0	0.692622	0.0	3.09081	0.0	0.0557986	0.0	0.0306683	0.0	0.03	0.0	1.492	0.04	5.0	0.0	1.733	0.07	0.0494527	0.0	1.00081e-05	0.000130579	0.275259	0.0478048	0.283905	0.121121	0.00876046	0.0144238	0.000521761	0.00179518	1.63893	0.152102	0.964182	0.0664195	0.847551	1.42976	0.317248	3.48937	0.0220555	39.7304	0.121722	0.423567	0.26278	0.238687	0.0304484	0.491499	-11364.5	2.0	326.306	-81366.4	3.0	13.9197	1.0	1646.91	88.9897	414.039	57.9094	0.200897	0.0267768	1.19512	0.0567917	
1.6-2.4	6.5-30.0	0.0-100.0	1.178-1.571	0.008	0.152	3638.0	3636.0	2059.23	85.0011	1577.34	76.9252	-0.419749	0.16039	-0.05	0.0	0.692622	0.0	3.09081	0.0	0.0557986	0.0	0.0306683	0.0	0.03	0.0	1.492	0.04	5.0	0.0	1.733	0.07	0.0494527	0.0	2.89134e-05	0.000256279	0.266574	0.0375968	0.350351	0.133684	-0.00427118	0.00495361	0.00705952	0.00217461	1.6055	0.129976	0.977728	0.0731532	0.999929	7.93458	0.617394	1.03075	0.650281	0.989508	0.00166983	12.6611	0.26496	0.0749189	0.0978246	0.0569467	-12110.3	2.0	237.614	-75035.4	3.0	5.7637	1.0	1561.49	83.9217	497.738	57.5367	0.24171	0.0260987	1.23455	0.056198	
1.6-2.4	6.5-30.0	10.0-60.0	0.000-0.393	0.008	0.152	2756.0	2756.0	1422.52	68.7615	1334.12	66.5299	-0.455286	0.166933	-0.05	0.0	0.692622	0.0	3.09081	0.0	0.0557986	0.0	0.0300985	0.0	0.03	0.0	1.492	0.04	5.0	0.0	1.733	0.07	0.049345	0.0	3.15307e-05	0.000173778	0.247797	0.0435024	0.337019	0.0	0.00343684	0.0	0.00316588	0.00139351	1.60396	0.0	0.884795	0.0276719	0.475576	15.6349	0.855115	3.11383	0.528732	15.6788	0.00100751	0.888436	0.192531	0.171537	0.142523	0.22989	-9634.21	2.0	121.675	-49705.4	3.0	3.30023	1.0	1119.68	69.0217	302.836	45.2656	0.212887	0.0301108	1.17731	0.00689382	
1.6-2.4	6.5-30.0	10.0-60.0	0.000-1.571	0.008	0.16	9549.0	9548.0	5358.66	134.014	4189.38	121.836	-0.490707	0.0961651	-0.05	0.0	0.692622	0.0	3.09081	0.0	0.0557986	0.0	0.0300985	0.00233341	0.03	0.0	1.492	0.04	5.0	0.0	1.733	0.07	0.049345	0.000218744	3.34301e-05	6.81326e-05	0.247798	0.0221159	0.337019	0.0	0.00343684	0.0	0.00327095	0.000754812	1.60396	0.0	0.922452	0.0145393	0.999892	123.921	0.768365	14.059	0.681904	18.8342	0.00282212	179.285	0.196051	2.50399	0.283631	1.40478	-30448.1	2.0	672.604	-207697.0	4.0	9.63201	1.0	4060.2	135.719	1298.46	95.726	0.242311	0.0168045	1.19632	0.0037163	
1.6-2.4	6.5-30.0	10.0-60.0	0.393-0.785	0.008	0.145	2379.0	2377.0	1343.85	65.474	1033.48	60.0345	-0.546406	0.196554	-0.05	0.0	0.692622	0.0	3.09081	0.0	0.0557986	0.0	0.0300985	0.0	0.03	0.0	1.492	0.04	5.0	0.0	1.733	0.07	0.049345	0.0	1.91191e-05	0.000301555	0.195263	0.0343446	0.337019	0.0	0.00343684	0.0	0.00358505	0.00140461	1.60396	0.0	0.87318	0.0295025	0.657272	0.27051	0.815465	0.187849	0.445347	0.255176	0.0319564	0.0209817	0.166241	0.0368449	0.577367	0.661751	-7239.86	2.0	109.165	-42912.2	3.0	3.19212	1.0	1027.44	69.122	316.41	50.0967	0.23545	0.0354696	1.17155	0.00728908	
1.6-2.4	6.5-30.0	10.0-60.0	0.785-1.178	0.008	0.145	2249.0	2247.0	1297.05	66.0399	949.901	58.1344	-0.363903	0.203132	-0.05	0.0	0.692622	0.0	3.09081	0.0	0.0557986	0.0	0.0300985	0.0	0.03	0.0	1.492	0.04	5.0	0.0	1.733	0.07	0.049345	0.0	1.00081e-05	0.000130579	0.266237	0.049142	0.337019	0.0	0.00343684	0.0	0.001522	0.00155074	1.60396	0.0	0.935094	0.0287918	0.999906	23.8961	0.565865	1.6508	0.48489	1.85225	0.00118681	58.6864	0.183264	0.274415	0.0955409	0.214668	-6945.52	2.0	236.831	-41828.5	3.0	3.65956	1.0	965.924	67.2563	331.121	48.8765	0.255289	0.0353702	1.20281	0.00741988	
1.6-2.4	6.5-30.0	10.0-60.0	1.178-1.571	0.008	0.152	2163.0	2162.0	1295.66	65.5753	866.782	55.9206	-0.606725	0.212346	-0.05	0.0	0.692622	0.0	3.09081	0.0	0.0557986	0.0	0.0300985	0.0	0.03	0.0	1.492	0.04	5.0	0.0	1.733	0.07	0.049345	0.0	2.89134e-05	0.000256279	0.274496	0.0465889	0.337019	0.0	0.00343684	0.0	0.0048111	0.00168804	1.60396	0.0	0.991523	0.0310013	0.999966	6.88323	0.454475	0.0204346	0.424331	0.0246894	0.00148795	9.76295	0.255001	0.00509871	0.02	1.22886e-05	-6854.58	2.0	216.58	-40212.7	3.0	7.18374	1.0	936.549	65.0332	359.113	48.0926	0.277166	0.0343654	1.23241	0.00826796	
