rap0.0-1.2_pT6.5-30.0_cent0.0-100.0
12646.8
3491.95 3243.27 3191.45 2715.43
134.773 126.84 148.773 100.931
7553.94
1895.54 1992.72 1894.9 1767.63
102.24 99.0371 123.737 96.6447
8539.65
2262.85 2257.88 2058.57 1933.12
133.067 135.233 157.42 96.4441
4107.12
1229.09 985.395 1132.88 782.313
111.038 109.434 135.504 70.5988
0.324757
0.351979 0.303828 0.354975 0.288099
0.0287506 0.0315805 0.0391011 0.0236914
rap0.0-1.2_pT6.5-30.0_cent10.0-60.0
8298.15
2216.66 2209.56 2082.19 1777.82
101.177 109.625 133.213 83.8219
4007.25
1038.82 1057.08 943.719 966.188
69.0146 75.3988 96.1709 78.8157
5572.44
1432.19 1583.43 1304.68 1235.04
97.6272 118.951 131.838 78.0124
2725.71
784.473 626.133 777.505 542.783
80.8694 94.5658 113.527 57.8798
0.328472
0.353898 0.283374 0.373408 0.305307
0.0327116 0.0404233 0.0490107 0.0292013
rap0.0-2.4_pT10.0-13.0_cent0.0-100.0
4751.25
1196.0 1252.35 1188.12 1112.64
58.8545 84.2694 88.316 52.851
1777.54
445.009 437.403 430.836 445.298
37.4588 45.5113 51.0148 36.506
3232.13
809.144 829.424 812.588 766.334
58.2109 91.0192 99.1803 52.1052
1519.12
386.858 422.922 375.529 346.303
46.5348 77.3269 83.4718 40.749
0.319731
0.323459 0.337704 0.316071 0.311245
0.0355039 0.0574121 0.0662107 0.0335071
rap0.0-2.4_pT10.0-13.0_cent10.0-60.0
3158.28
786.167 845.139 820.017 689.14
42.7071 77.9583 83.1144 41.5878
1056.3
281.422 241.471 250.164 269.882
28.54 37.4152 44.1163 28.1651
2105.02
519.883 554.578 534.257 466.669
39.7047 83.0399 88.7252 41.5623
1053.25
266.284 290.561 285.76 222.471
31.4343 70.6898 76.0182 33.385
0.33349
0.338712 0.343803 0.34848 0.322824
0.0354991 0.0773975 0.0857107 0.0443546
rap0.0-2.4_pT10.0-30.0_cent0.0-100.0
7437.93
1963.59 1896.08 1801.97 1776.14
81.6706 92.0292 95.0461 66.8872
2703.63
686.218 707.152 651.066 644.927
49.719 53.0771 56.9926 45.0522
4891.6
1240.69 1270.51 1208.44 1154.71
79.5072 98.5221 102.914 64.8242
2546.33
722.899 625.578 593.539 621.427
67.5464 82.6188 86.6525 53.4686
0.342344
0.368152 0.329931 0.329383 0.349875
0.0308034 0.040524 0.0448394 0.0270672
rap0.0-2.4_pT10.0-30.0_cent10.0-60.0
4935.34
1299.59 1257.01 1213.4 1155.26
65.6084 83.1205 87.7752 54.5396
1627.3
415.356 406.406 393.964 398.199
38.0711 43.4368 49.3362 35.1165
3243.38
828.693 852.218 803.118 742.066
63.4576 90.8431 90.8453 52.9585
1691.96
470.898 404.794 410.277 413.19
53.3085 76.1134 75.8848 44.2472
0.342825
0.362343 0.322029 0.338123 0.357661
0.0367149 0.0566832 0.0575578 0.0343779
rap0.0-2.4_pT13.0-30.0_cent0.0-100.0
2692.66
773.01 643.195 600.349 661.981
56.9626 36.4354 35.6509 40.8753
920.089
229.345 263.519 219.58 195.357
31.6609 25.9293 26.1725 25.9361
1661.24
429.496 435.017 378.757 386.938
52.1382 33.3463 32.2423 37.6516
1031.43
343.514 208.179 221.593 275.043
48.5539 25.373 26.5864 33.6931
0.383051
0.444385 0.323663 0.369106 0.415485
0.0535999 0.0349287 0.03848 0.0439588
rap0.0-2.4_pT13.0-30.0_cent10.0-60.0
1774.97
514.739 409.922 381.649 458.044
50.0144 28.3644 28.5717 35.0563
567.757
128.364 164.985 139.007 127.101
23.9856 20.2233 21.4051 20.7282
1134.51
301.2 286.957 253.59 269.816
46.5242 26.6349 25.8083 32.1424
640.457
213.538 122.966 128.059 188.228
41.6952 19.6866 19.9389 28.5348
0.360827
0.414848 0.299973 0.335541 0.410939
0.0702614 0.0433079 0.0458087 0.0537749
rap0.0-2.4_pT6.5-10.0_cent0.0-100.0
19549.6
5298.59 4959.1 4922.91 4355.86
157.161 144.675 164.384 134.45
18009.3
5166.53 4873.39 4232.08 3835.3
149.427 145.34 154.648 142.072
14606.0
3930.92 3686.54 3614.43 3307.92
174.557 153.919 206.491 129.773
4943.58
1367.67 1272.56 1308.48 1047.94
136.094 116.199 173.15 86.3833
0.252873
0.258119 0.256611 0.265795 0.240582
0.0245173 0.0222035 0.0340341 0.0183887
rap0.0-2.4_pT6.5-10.0_cent10.0-60.0
12579.0
3434.09 3269.02 3082.88 2795.37
118.145 112.127 133.287 104.354
9267.79
2806.6 2476.68 2040.3 1936.03
102.767 103.752 108.802 101.218
9333.38
2537.66 2477.36 2218.79 2074.43
125.42 118.751 173.669 101.165
3245.65
896.433 791.661 864.09 720.937
95.1802 87.2844 149.514 70.4383
0.258021
0.261039 0.24217 0.280287 0.257904
0.026221 0.0253755 0.0469599 0.0232864
rap0.0-2.4_pT6.5-30.0_cent0.0-10.0
8533.04
2277.23 2100.69 2204.86 1950.07
108.11 95.2461 101.285 89.9414
9716.44
2598.01 2668.34 2350.06 2130.23
111.985 104.628 104.707 102.851
6153.92
1603.96 1431.82 1603.7 1484.46
120.403 96.2279 108.28 86.5685
2379.12
673.27 668.877 601.157 465.61
98.5913 77.2338 84.0241 57.1631
0.278812
0.295653 0.318407 0.272651 0.238766
0.0409561 0.0338129 0.0359916 0.0271662
rap0.0-2.4_pT6.5-30.0_cent0.0-100.0
26910.5
7252.7 6843.63 6698.99 6117.73
177.074 171.569 190.456 150.366
20886.9
5867.54 5593.69 4909.97 4502.85
156.747 154.861 164.587 148.309
19427.4
5164.29 4960.71 4817.49 4435.98
188.271 191.005 232.83 144.873
7483.1
2088.4 1882.91 1881.49 1681.74
148.823 152.462 195.735 103.967
0.278074
0.287948 0.275134 0.280862 0.274897
0.0192778 0.0211833 0.0281064 0.0155935
rap0.0-2.4_pT6.5-30.0_cent10.0-20.0
6357.6
1752.18 1583.21 1615.74 1407.56
84.921 97.951 109.445 70.1659
5295.85
1502.33 1353.69 1301.98 1117.69
75.525 80.1073 93.4786 67.0612
4408.56
1155.15 1201.21 1094.03 939.012
87.4733 128.626 118.89 67.1266
1949.04
597.028 381.997 521.71 468.543
73.1743 107.611 99.4581 53.4828
0.306569
0.340735 0.24128 0.322892 0.332877
0.0383582 0.0663105 0.0575389 0.0341821
rap0.0-2.4_pT6.5-30.0_cent10.0-30.0
11222.8
3115.14 2837.94 2763.66 2504.18
116.375 117.993 137.934 96.2227
8347.87
2402.03 2182.51 1927.57 1828.58
96.3929 98.13 111.689 95.1488
7932.51
2149.53 2074.76 1906.4 1765.06
120.059 142.078 169.214 91.5449
3290.26
965.608 763.179 857.264 739.121
96.266 117.268 146.325 67.729
0.293177
0.309972 0.26892 0.310191 0.295155
0.0286509 0.0397802 0.0506321 0.0245536
rap0.0-2.4_pT6.5-30.0_cent10.0-60.0
17479.2
4725.71 4517.82 4283.77 3953.58
135.068 139.688 160.419 118.038
10931.6
3235.2 2892.57 2447.81 2350.04
109.384 113.339 119.869 106.757
12585.7
3373.93 3355.15 3027.89 2809.16
139.727 162.419 193.727 114.207
4893.51
1351.78 1162.66 1255.88 1144.43
108.246 130.04 163.967 84.7137
0.279962
0.286048 0.257351 0.293172 0.289465
0.021397 0.0276621 0.036668 0.0196069
rap0.0-2.4_pT6.5-30.0_cent20.0-30.0
4865.99
1363.02 1261.4 1149.33 1095.67
79.3359 64.4295 86.8402 65.9704
3022.3
895.683 781.426 620.292 702.997
60.0098 51.2703 57.5803 67.1715
3521.55
990.075 873.409 801.197 824.454
81.8851 64.7759 135.914 62.2689
1344.44
372.942 387.987 348.136 271.218
62.0915 50.9748 124.499 40.9868
0.276293
0.273615 0.307586 0.302903 0.247536
0.0426798 0.0372324 0.105877 0.0343107
rap0.0-2.4_pT6.5-30.0_cent30.0-60.0
6245.7
1605.01 1684.68 1513.31 1439.44
67.9138 74.4155 77.4824 67.6391
2591.96
832.008 705.308 524.398 521.795
52.7609 56.3461 48.5665 48.7094
4605.31
1207.53 1279.1 1078.95 1031.84
67.4067 75.8981 83.9227 67.06
1640.4
397.472 405.578 434.362 407.605
47.0722 53.7512 66.9764 50.1299
0.262644
0.247645 0.240745 0.287027 0.283168
0.0273925 0.0300816 0.041747 0.0321837
rap0.0-2.4_pT6.5-8.0_cent0.0-100.0
11101.7
3038.54 2691.76 2881.26 2490.73
134.131 114.117 127.103 112.746
13461.4
3856.74 3673.58 3105.79 2809.26
136.445 128.869 131.315 129.396
8497.61
2311.31 2121.47 2081.05 1960.01
158.163 119.668 136.122 109.183
2604.12
727.231 570.284 800.207 530.724
125.045 82.5579 106.525 68.0183
0.234569
0.239336 0.211863 0.277728 0.213079
0.0397737 0.029326 0.0348825 0.0255485
rap0.0-2.4_pT6.5-8.0_cent10.0-60.0
7187.84
1955.05 1842.54 1792.43 1597.08
99.8916 90.532 100.412 86.8601
6737.34
2054.12 1783.66 1448.47 1441.83
92.8026 91.2363 92.2104 91.8919
5361.49
1431.77 1441.26 1267.56 1203.12
108.717 94.0926 113.811 84.1558
1826.35
523.284 401.28 524.873 393.962
84.7506 65.0181 93.6766 57.094
0.254089
0.267658 0.217787 0.292827 0.246677
0.0411359 0.0336256 0.049621 0.0331362
rap0.0-2.4_pT8.0-10.0_cent0.0-100.0
8407.95
2251.64 2258.99 2046.46 1859.68
79.6995 87.7316 108.694 72.0896
4679.83
1309.04 1190.74 1121.45 1030.25
64.6049 67.9661 77.6018 61.1333
6046.58
1622.67 1545.76 1434.66 1354.68
78.7686 90.9863 148.074 70.2789
2361.37
628.973 713.229 611.796 504.994
58.3199 73.7692 131.055 50.6423
0.28085
0.279339 0.315729 0.298953 0.271549
0.0239395 0.0302664 0.0620404 0.025115
rap0.0-2.4_pT8.0-10.0_cent10.0-60.0
5375.99
1471.02 1418.22 1298.31 1193.03
61.2055 65.4821 92.145 56.7609
2544.0
755.178 698.162 579.769 498.153
46.4521 50.8662 52.9558 44.1972
3925.22
1096.73 1018.3 877.361 871.187
60.9512 68.7484 128.677 54.8878
1450.77
374.291 399.929 420.945 321.843
43.3045 53.4486 116.503 39.1044
0.269862
0.254444 0.281993 0.324227 0.269769
0.0274689 0.0353664 0.0867338 0.03016
rap1.2-1.6_pT6.5-30.0_cent0.0-100.0
6023.2
1612.43 1543.5 1473.24 1390.41
71.407 71.8366 74.8161 71.1348
5397.82
1495.46 1557.29 1230.51 1109.44
69.2787 73.6348 72.2196 75.9182
4425.26
1229.23 1091.4 1120.16 968.983
73.9398 72.6691 81.3617 66.8335
1597.94
383.198 452.098 353.074 421.426
52.8365 56.0658 60.8706 49.7391
0.265297
0.237653 0.292905 0.239659 0.303095
0.0310321 0.0336687 0.0394845 0.0322375
rap1.2-1.6_pT6.5-30.0_cent10.0-60.0
3856.77
1082.58 954.556 904.728 907.93
56.7017 53.1333 48.5396 50.6288
2727.16
862.53 788.0 569.612 490.397
51.2962 52.1399 41.5469 40.6193
2871.98
826.241 672.125 720.384 641.082
59.3775 53.6987 48.1599 50.0795
984.795
256.341 282.431 184.344 266.849
42.8157 41.6054 30.3879 38.0975
0.255341
0.236787 0.295877 0.203756 0.293909
0.0375547 0.0403549 0.0317591 0.0386277
rap1.2-2.4_pT6.5-30.0_cent0.0-100.0
14329.0
3759.45 3606.14 3514.91 3437.05
115.012 115.151 113.271 111.46
13142.8
3970.47 3593.38 3003.58 2697.72
116.977 118.143 108.479 111.12
10929.5
2903.4 2689.2 2777.71 2546.53
118.093 119.823 121.895 107.376
3399.45
856.059 916.934 737.205 890.514
82.111 88.5488 86.081 74.4567
0.237243
0.227708 0.25427 0.209736 0.259093
0.0207005 0.0231738 0.0235391 0.0199672
rap1.2-2.4_pT6.5-30.0_cent10.0-60.0
9206.73
2509.13 2310.01 2189.52 2202.78
89.1143 86.3254 80.6045 82.2172
6894.62
2190.71 1831.75 1510.13 1352.53
83.9297 83.4148 70.7265 68.551
6966.57
1955.01 1706.05 1697.27 1597.02
91.7374 89.3784 79.739 81.5374
2240.16
554.119 603.957 492.257 605.764
63.1027 66.5819 52.7506 60.0541
0.243318
0.220842 0.261452 0.224824 0.275
0.0238949 0.0271167 0.022626 0.0252569
rap1.6-2.4_pT3.0-6.5_cent0.0-100.0
27024.2
7387.21 6590.86 6419.96 6623.26
362.813 323.278 343.284 327.908
135840.0
36605.8 34931.0 32960.3 31333.7
593.549 533.265 568.973 533.899
22482.4
6281.12 5352.41 5335.55 5517.02
394.636 385.706 398.068 385.41
4541.87
1106.09 1238.46 1084.41 1106.24
252.038 289.026 283.593 277.372
0.168067
0.14973 0.187905 0.168912 0.167023
0.0333162 0.042873 0.0432404 0.0410539
rap1.6-2.4_pT3.0-6.5_cent10.0-60.0
17172.7
5004.64 4139.98 3951.52 4080.91
262.741 231.988 233.814 228.198
67367.6
18741.8 17745.1 16026.1 14850.1
406.386 367.03 365.176 344.73
14385.2
4319.58 3154.94 3287.02 3565.07
269.847 285.592 242.888 253.076
2787.5
685.057 985.04 664.499 515.844
150.611 230.987 150.705 158.551
0.162321
0.136884 0.237933 0.168163 0.126404
0.0292236 0.0541777 0.0368177 0.0382034
rap1.6-2.4_pT6.5-30.0_cent0.0-100.0
8267.0
2142.65 2048.17 2040.1 2038.24
90.0914 89.6489 84.9811 84.9986
7888.79
2477.89 2049.39 1772.3 1586.68
94.2901 92.3388 81.1594 79.903
6493.44
1672.13 1591.47 1652.74 1571.46
91.5505 95.4863 84.6235 82.9091
1773.56
470.517 456.701 387.356 466.775
61.8848 68.2997 51.7857 54.3896
0.214535
0.219596 0.22298 0.189871 0.229009
0.0273668 0.0318865 0.0241203 0.0249171
rap1.6-2.4_pT6.5-30.0_cent10.0-60.0
5330.5
1422.74 1342.27 1282.18 1283.77
68.6204 67.5195 64.2915 64.2423
4181.05
1330.56 1046.53 941.151 857.402
66.4022 64.8048 57.2137 54.8177
4083.23
1124.89 1033.98 971.748 944.603
68.8833 71.3652 63.6083 63.2913
1247.28
297.853 308.284 310.435 339.163
44.8077 51.2662 43.7508 45.3807
0.233988
0.209351 0.229674 0.242114 0.264194
0.0298313 0.0364045 0.0318894 0.0327843
