MLAR_TnPAtRD3_4DEff2_RapPtEffMap3_Ratio
rap	pT	cent	dPhi	ctauErrMin	ctauErrMax	NoCutEntry	CutEntry	NSig	NSigErr	NBkg	NBkgErr	coefExp	coefExpErr	coefPol1	coefPol1Err	coeffGaus	coeffGausErr	meanSig1	meanSig1Err	sigmaSig1	sigmaSig1Err	sigmaSig2	sigmaSig2Err	sigmaSig3	sigmaSig3Err	alpha	alphaErr	enne	enneErr	enneW	enneWErr	sigWidth	sigWidthErr	cutx	cutxErr	Gmc	GmcErr	bTau1	bTau1Err	bTau2	bTau2Err	fracRes	fracResErr	meanResSigW	meanResSigWErr	meanResSigN	meanResSigNErr	sigmaResSigW	sigmaResSigWErr	sigmaResSigN	sigmaResSigNErr	fpm	fpmErr	fLiving	fLivingErr	fbkgCtTot	fbkgCtTotErr	lambdam	lambdamErr	lambdap	lambdapErr	lambdasym	lambdasymErr	NLL	nFitPar	EDM	NLLMass	nFitParMass	EDMMass	Prob	PROMPT	PROMPTErr	NON-PROMPT	NON-PROMPTErr	Bfraction	BfractionErr	Resolution	ResolutionErr	
0.0-0.4	6.5-30.0	0.0-100.0	0.000-1.571	0.008	0.064	5604.0	5600.0	3726.74	67.9323	1873.24	52.5437	-0.197187	0.09169	-0.05	0.0	0.549788	0.0765506	3.09284	0.000374815	0.0190428	0.00102057	0.018862	0.00148951	0.03	0.0	1.492	0.0	5.0	0.0	1.733	0.0	0.0189616	0.000436667	0.0	0.0	0.0	0.0	0.0	0.0	0.0	0.0	0.709974	0.264125	-0.00206547	0.00229629	0.00147076	0.00131023	1.32298	0.0992276	0.647542	0.0323901	0.845379	0.16486	0.554812	0.221585	0.350021	0.0401374	0.070743	5.58097e-09	0.331979	0.0343059	0.070512	2.46288e-09	-9902.21	3.0	8.18614e-07	-49164.0	7.0	9.08113e-06	1.0	2217.82	55.7419	1508.91	47.2157	0.404889	0.0102978	1168.01	85.2062	
0.0-1.2	6.5-30.0	0.0-10.0	0.000-1.571	0.008	0.088	7880.0	7877.0	4200.64	76.6768	3676.12	73.1732	0.00671785	0.064492	-0.05	0.0	0.494304	0.0	3.09238	0.0	0.0194509	0.0	0.0357881	0.00136399	0.03	0.0	1.492	0.0	5.0	0.0	1.733	0.0	0.0288912	0.000427212	0.0	0.0	0.0	0.0	0.0	0.0	0.0	0.0	0.282557	0.0	0.00228371	0.0	0.00200942	0.000676345	1.58042	0.0	0.933346	0.0201841	0.646982	0.14377	0.792286	0.308742	0.558805	0.0267561	0.0706215	4.97508e-10	0.23432	0.0373521	0.144326	0.110398	-11990.4	3.0	4.24143e-08	-68161.2	4.0	6.78238e-05	1.0	2734.37	64.7439	1466.28	49.1622	0.34906	0.00981706	1153.58	5.85818	
0.0-1.2	6.5-30.0	0.0-100.0	0.000-1.571	0.008	0.105	21279.0	21274.0	13365.2	134.178	7908.69	112.005	-0.00993859	0.0456951	-0.05	0.0	0.494304	0.0451521	3.09238	0.000270006	0.0194509	0.000573245	0.0347614	0.0015693	0.03	0.0	1.492	0.0	5.0	0.0	1.733	0.0	0.0282502	0.000598244	0.0	0.0	0.0	0.0	0.0	0.0	0.0	0.0	0.282557	0.19576	0.00228371	0.00264771	7.96796e-06	0.000364245	1.58042	0.170805	0.860492	0.0105571	0.650704	0.0215363	0.928404	0.0137122	0.515112	0.0166078	0.0704624	2.3138e-09	0.255793	0.0119258	0.470123	0.0749288	-34760.7	3.0	0.000105946	-209317.0	7.0	1.71625e-05	1.0	8679.41	112.929	4685.81	85.8684	0.350597	0.00537484	1112.2	84.6385	
0.0-1.2	6.5-30.0	10.0-20.0	0.000-1.571	0.008	0.088	5099.0	5097.0	3168.71	63.6535	1927.85	53.018	0.0381976	0.0894736	-0.05	0.0	0.494304	0.0	3.09238	0.0	0.0194509	0.0	0.0343512	0.00134605	0.03	0.0	1.492	0.0	5.0	0.0	1.733	0.0	0.0279953	0.000417617	0.0	0.0	0.0	0.0	0.0	0.0	0.0	0.0	0.282557	0.0	0.00228371	0.0	-0.00250885	0.000785522	1.58042	0.0	0.865615	0.0229574	0.692138	0.739226	0.801036	0.103058	0.522187	0.262309	0.0705659	0.105688	0.290813	0.0353931	0.452634	0.0710093	-7207.87	3.0	7.85327e-07	-42854.3	4.0	8.36233e-05	1.0	1872.3	52.3099	1296.42	44.7209	0.40913	0.0114734	1115.04	6.39313	
0.0-1.2	6.5-30.0	20.0-30.0	0.000-1.571	0.008	0.105	3659.0	3656.0	2412.67	55.7039	1243.37	43.9735	0.152851	0.111927	-0.05	0.0	0.494304	0.0	3.09238	0.0	0.0194509	0.0	0.0349264	0.00175425	0.03	0.0	1.492	0.0	5.0	0.0	1.733	0.0	0.0283529	0.000546395	0.0	0.0	0.0	0.0	0.0	0.0	0.0	0.0	0.282557	0.0	0.00228371	0.0	0.00016622	0.00082551	1.58042	0.0	0.825746	0.0233502	0.667052	0.0456867	1.0	0.00408347	0.511475	0.0366248	0.0704492	4.73835e-11	0.221213	0.0172118	0.487275	0.0428073	-5925.3	3.0	4.61598e-07	-29724.4	4.0	6.5164e-06	1.0	1551.89	47.0141	860.786	36.3524	0.356777	0.0126163	1093.13	6.32733	
0.0-1.2	6.5-30.0	30.0-40.0	0.000-1.571	0.008	0.064	2136.0	2134.0	1532.35	43.1066	601.412	30.4507	-0.416659	0.16258	-0.05	0.0	0.494304	0.0	3.09238	0.0	0.0194509	0.0	0.0366211	0.00199815	0.03	0.0	1.492	0.0	5.0	0.0	1.733	0.0	0.0294144	0.000629011	0.0	0.0	0.0	0.0	0.0	0.0	0.0	0.0	0.282557	0.0	0.00228371	0.0	0.00844688	0.0100845	1.58042	0.0	0.895376	0.333246	0.575971	0.0422161	0.999918	1.98229	0.426973	0.0397157	0.0706224	0.00781744	0.190792	0.0172177	0.0994644	9.611	-4400.48	3.0	282999.0	-16500.1	4.0	0.000108521	1.0	1149.26	50.7371	383.088	40.5606	0.25	0.0255181	1131.78	94.5727	
0.0-1.2	6.5-30.0	40.0-50.0	0.000-1.571	0.016	0.048	1305.0	1287.0	989.815	33.6847	297.165	21.0238	-0.206134	0.23046	-0.05	0.0	0.494304	0.0	3.09238	0.0	0.0194509	0.0	0.0334414	0.00209084	0.03	0.0	1.492	0.0	5.0	0.0	1.733	0.0	0.0274326	0.000644463	0.0	0.0	0.0	0.0	0.0	0.0	0.0	0.0	0.282557	0.0	0.00228371	0.0	-0.00342621	0.00141088	1.58042	0.0	0.874935	0.0411234	1.0	1.58204	0.999999	0.00110936	0.462039	0.0689338	0.0706713	5071.03	0.645817	0.109489	1.5844	70.7475	-2526.87	3.0	3.28839e-06	-9486.97	4.0	1.3809e-06	1.0	656.705	29.1692	333.11	21.9065	0.336538	0.0189381	1120.25	11.5214	
0.0-1.2	6.5-30.0	50.0-100.0	0.000-1.571	0.008	0.056	1198.0	1196.0	1051.32	33.8987	144.827	15.5768	-0.345602	0.338358	-0.05	0.0	0.494304	0.0	3.09238	0.0	0.0194509	0.0	0.032199	0.00172346	0.03	0.0	1.492	0.0	5.0	0.0	1.733	0.0	0.0266703	0.000526107	0.0	0.0	0.0	0.0	0.0	0.0	0.0	0.0	0.282557	0.0	0.00228371	0.0	0.000679948	0.00111296	1.58042	0.0	0.748584	0.0335742	1.0	0.0137997	1.0	0.00973964	0.364576	0.0679042	0.185528	0.414425	0.218033	0.0318333	2.43429	2.09429	-3062.78	3.0	1.21851e-08	-9136.53	4.0	6.86414e-05	1.0	734.122	29.9888	317.201	21.0623	0.301716	0.0175135	1052.52	8.56595	
0.0-2.4	10.0-13.0	0.0-100.0	0.000-1.571	0.008	0.136	6742.0	6740.0	5005.98	79.7419	1733.92	55.553	-0.642028	0.100582	-0.05	0.0	0.401547	0.0697145	3.09097	0.000546715	0.0215027	0.00165509	0.0423962	0.0023951	0.03	0.0	1.492	0.0	5.0	0.0	1.733	0.0	0.0355154	0.0010962	0.0	0.0	0.0	0.0	0.0	0.0	0.0	0.0	0.0553454	0.0788853	0.000212513	0.0144851	-0.000280848	0.00050735	2.09412	0.553674	0.910876	0.0151437	0.895263	0.16017	0.750589	0.754923	0.336473	0.228688	0.0705653	2.28419e-07	0.301081	0.0277643	0.0704709	0.0582106	-11552.4	3.0	4.02561e-05	-59395.1	7.0	1.57595e-05	1.0	3169.26	66.7464	1836.72	52.5589	0.366906	0.0087221	1013.15	76.3837	
0.0-2.4	10.0-30.0	0.0-100.0	0.000-1.571	0.004	0.144	10419.0	10417.0	7805.72	99.1383	2611.57	68.0725	-0.66904	0.0822089	-0.05	0.0	0.434138	0.0512224	3.09196	0.000430273	0.0215818	0.00122108	0.0446609	0.00205769	0.03	0.0	1.492	0.0	5.0	0.0	1.733	0.0	0.0364812	0.00090584	0.0	0.0	0.0	0.0	0.0	0.0	0.0	0.0	0.0477214	0.0592155	-0.000892962	0.00748279	-0.000279753	0.000387695	2.03646	0.461587	0.930035	0.0125445	0.915438	0.144977	0.817655	0.740418	0.364019	0.148964	0.0705986	1.00732e-06	0.302711	0.0242457	0.0704811	0.0579133	-18165.8	3.0	4.01204e-05	-96442.9	7.0	0.00010793	1.0	4776.67	82.1858	3029.05	67.4836	0.388056	0.00710296	1010.74	53.2322	
0.0-2.4	11.0-13.0	0.0-100.0	0.000-1.571	0.008	0.105	3583.0	3581.0	2747.46	58.4502	833.518	38.7621	-0.849944	0.146201	-0.05	0.0	0.500607	0.0722217	3.09051	0.000721121	0.0229108	0.0017047	0.0484465	0.00361114	0.03	0.0	1.492	0.0	5.0	0.0	1.733	0.0	0.0378797	0.00146658	0.0	0.0	0.0	0.0	0.0	0.0	0.0	0.0	0.0328637	0.0389686	-0.000371389	0.0145275	0.00117923	0.000702321	2.53131	0.734887	0.945763	0.0214902	0.786561	0.894002	0.968022	11.0709	0.370442	0.634702	0.0707771	0.0266221	0.303699	0.233105	0.0706767	5.54334e-06	-5694.93	3.0	7.15335e-06	-29464.9	7.0	6.64928e-05	1.0	1597.35	47.3746	1150.1	41.0878	0.418607	0.0120141	1037.13	60.3344	
0.0-2.4	13.0-16.0	0.0-100.0	0.000-1.571	0.008	0.08	2229.0	2223.0	1766.42	46.4523	456.58	29.1208	-0.41483	0.196809	-0.05	0.0	0.423348	0.0672654	3.09383	0.000881082	0.0195425	0.00202593	0.0500777	0.00377291	0.03	0.0	1.492	0.0	5.0	0.0	1.733	0.0	0.0400973	0.0016384	0.0	0.0	0.0	0.0	0.0	0.0	0.0	0.0	0.0326157	0.0670782	-0.00999634	0.0183094	0.0018265	0.000847754	1.86063	0.773549	0.979512	0.0279216	0.85115	0.0506104	0.995305	1.1503	0.283079	0.0433077	0.0705965	1.09437e-09	0.228962	0.0149689	0.0704689	6.0588	-3917.98	3.0	0.000158046	-17289.3	7.0	1.01024e-06	1.0	1063.82	38.6228	702.596	32.4108	0.397752	0.0150748	1020.33	48.8769	
0.0-2.4	13.0-30.0	0.0-100.0	0.000-1.571	0.008	0.105	3677.0	3677.0	2807.11	59.1147	870.022	39.4649	-0.723546	0.142726	-0.05	0.0	0.464607	0.0671062	3.09384	0.000700895	0.0212649	0.00169978	0.048196	0.00343261	0.03	0.0	1.492	0.0	5.0	0.0	1.733	0.0	0.0381278	0.00144055	0.0	0.0	0.0	0.0	0.0	0.0	0.0	0.0	0.0347602	0.122355	-0.00537756	0.015369	-3.84736e-06	0.000598951	1.80759	0.989032	0.956716	0.0219093	0.910655	0.121868	0.981801	0.746566	0.404694	0.0789596	0.0710733	0.0325988	0.307843	0.0306216	0.0705848	3.41925	-6623.83	3.0	5.76759e-05	-30293.4	7.0	5.97141e-05	1.0	1615.64	48.062	1191.47	42.2126	0.424447	0.0120929	998.531	79.1361	
0.0-2.4	16.0-30.0	0.0-100.0	0.000-1.571	0.008	0.064	1448.0	1446.0	1041.51	36.3595	404.499	26.171	-1.00468	0.209928	-0.05	0.0	0.291338	0.184475	3.0938	0.00121847	0.020593	0.00386119	0.0355291	0.0047595	0.03	0.0	1.492	0.0	5.0	0.0	1.733	0.0	0.0319077	0.00226407	0.0	0.0	0.0	0.0	0.0	0.0	0.0	0.0	0.461092	0.573416	0.00155876	0.00498774	4.23454e-05	0.00119147	1.33655	0.440517	0.768035	0.0422717	0.997967	0.558564	0.970761	0.993951	0.490316	0.090302	0.070444	2.66819e-08	0.391189	0.0615744	0.0708883	0.381135	-2702.78	3.0	6.04026	-10487.3	7.0	1.41782e-05	1.0	573.699	28.3106	467.81	25.8279	0.449165	0.0192116	1068.44	204.887	
0.0-2.4	6.5-30.0	0.0-10.0	0.000-1.571	0.008	0.184	19191.0	19191.0	8886.0	111.71	10306.2	117.893	-0.189159	0.038496	-0.05	0.0	0.432343	0.0	3.09244	0.0	0.0479499	0.0	0.0242125	0.000572981	0.03	0.0	1.492	0.0	5.0	0.0	1.733	0.0	0.0364256	0.000108101	0.0	0.0	0.0	0.0	0.0	0.0	0.0	0.0	0.19482	0.0	0.00388614	0.0	0.00193981	0.00043639	1.71004	0.0	0.979031	0.011697	0.999991	0.103525	0.368967	0.0271377	0.55759	0.0242316	0.0706172	0.000604838	0.385997	0.0168738	0.0972643	0.00609645	-24539.6	3.0	5.32918e-09	-179351.0	4.0	8.2062e-05	1.0	6244.81	99.1975	2641.2	69.1334	0.297231	0.00682397	1158.22	3.98056	
0.0-2.4	6.5-30.0	0.0-100.0	0.000-1.571	0.004	0.128	50088.0	49962.0	28069.0	210.168	21893.2	194.784	-0.22386	0.0271259	-0.05	0.0	0.432343	0.0245957	3.09244	0.000252033	0.0479499	0.00112829	0.0241729	0.00049518	0.03	0.0	1.492	0.0	5.0	0.0	1.733	0.0	0.0364107	0.000442432	0.0	0.0	0.0	0.0	0.0	0.0	0.0	0.0	0.19482	0.0809237	0.00388614	0.00250476	0.00188038	0.000244854	1.71004	0.123875	0.933444	0.00646863	0.656866	0.0173638	0.927225	0.0159952	0.580002	0.0109333	0.0706278	2.03884e-07	0.287507	0.0072666	0.30393	0.0446876	-72943.3	3.0	1.38566e-07	-522446.0	7.0	1.32257e-05	1.0	19655.3	180.638	8413.67	122.228	0.29975	0.00373159	1127.51	41.1882	
0.0-2.4	6.5-30.0	0.0-5.0	0.000-1.571	0.008	0.184	10434.0	10434.0	4822.05	82.5975	5612.62	87.251	-0.0538529	0.0520635	-0.05	0.0	0.432343	0.0	3.09244	0.0	0.0479499	0.0	0.0234527	0.000795353	0.03	0.0	1.492	0.0	5.0	0.0	1.733	0.0	0.0361423	0.000146485	0.0	0.0	0.0	0.0	0.0	0.0	0.0	0.0	0.19482	0.0	0.00388614	0.0	0.00371463	0.000611715	1.71004	0.0	1.03355	0.0165538	0.70148	0.0942422	0.826958	0.11539	0.643724	0.0486072	0.0705416	0.0375798	0.217178	0.0140284	0.201078	0.049983	-13408.9	3.0	1.3353e-07	-91163.3	4.0	4.43286e-05	1.0	3347.11	72.9179	1474.94	51.6548	0.305874	0.00934348	1195.75	5.7604	
0.0-2.4	6.5-30.0	10.0-15.0	0.000-1.571	0.008	0.152	6548.0	6546.0	3395.89	67.691	3149.67	65.8463	-0.16095	0.0697574	-0.05	0.0	0.432343	0.0	3.09244	0.0	0.0479499	0.0	0.0237857	0.000856184	0.03	0.0	1.492	0.0	5.0	0.0	1.733	0.0	0.0362656	0.000159383	0.0	0.0	0.0	0.0	0.0	0.0	0.0	0.0	0.19482	0.0	0.00388614	0.0	0.00150235	0.000701935	1.71004	0.0	0.936085	0.0179691	0.671447	0.0698506	0.848155	0.0752761	0.577872	0.0399597	0.0707111	8.29286e-07	0.170792	0.0136456	0.211578	0.0484329	-9330.75	3.0	0.000155107	-54673.3	4.0	3.35612e-05	1.0	2294.85	58.9219	1101.04	43.1391	0.324227	0.0109364	1129.27	5.99665	
0.0-2.4	6.5-30.0	10.0-20.0	0.000-1.571	0.008	0.16	12054.0	12052.0	6539.51	92.8793	5512.48	87.1765	-0.169349	0.0527837	-0.05	0.0	0.432343	0.0	3.09244	0.0	0.0479499	0.0	0.0235756	0.000637637	0.03	0.0	1.492	0.0	5.0	0.0	1.733	0.0	0.0361877	0.000117905	0.0	0.0	0.0	0.0	0.0	0.0	0.0	0.0	0.19482	0.0	0.00388614	0.0	0.000273947	0.000526669	1.71004	0.0	0.949718	0.0134565	0.701958	0.0450213	0.810872	0.0346824	0.584042	0.0248022	0.0706057	1.22342e-09	0.210623	0.0163085	0.38201	0.0451954	-16394.1	3.0	6.98009e-05	-108516.0	4.0	3.25884e-07	1.0	4333.52	80.732	2205.99	60.9191	0.337333	0.00798905	1138.4	4.51956	
0.0-2.4	6.5-30.0	15.0-20.0	0.000-1.571	0.008	0.16	5505.0	5505.0	3138.86	63.4987	2365.78	57.0866	-0.179777	0.0806303	-0.05	0.0	0.432343	0.0	3.09244	0.0	0.0479499	0.0	0.0232609	0.000944109	0.03	0.0	1.492	0.0	5.0	0.0	1.733	0.0	0.0360719	0.000172796	0.0	0.0	0.0	0.0	0.0	0.0	0.0	0.0	0.19482	0.0	0.00388614	0.0	-0.00152209	0.000791844	1.71004	0.0	0.957624	0.0201603	0.786602	0.0976942	0.723071	0.0583738	0.584459	0.0421163	0.0706538	0.0288418	0.267441	0.0281708	0.417602	0.0586526	-7117.83	3.0	0.000117499	-45535.9	4.0	3.81415e-05	1.0	2029.18	55.0391	1109.68	42.9901	0.35353	0.0116805	1143.72	6.79576	
0.0-2.4	6.5-30.0	20.0-25.0	0.000-1.571	0.008	0.145	4534.0	4534.0	2702.08	58.2031	1831.7	50.1746	-0.267734	0.0919487	-0.05	0.0	0.432343	0.0	3.09244	0.0	0.0479499	0.0	0.0231867	0.000898552	0.03	0.0	1.492	0.0	5.0	0.0	1.733	0.0	0.0360448	0.000164057	0.0	0.0	0.0	0.0	0.0	0.0	0.0	0.0	0.19482	0.0	0.00388614	0.0	0.000784218	0.000728448	1.71004	0.0	0.87568	0.0188968	0.657373	0.738204	0.93721	0.0526406	0.585472	0.291224	0.0707394	0.0953429	0.212748	0.0235861	0.491934	0.142833	-7370.85	3.0	2.14188e-07	-36846.0	4.0	2.91424e-05	1.0	1931.54	51.7482	770.539	34.9618	0.285165	0.0113879	1089.55	6.11433	
0.0-2.4	6.5-30.0	20.0-30.0	0.000-1.571	0.008	0.152	8357.0	8357.0	5115.1	79.9245	3241.84	67.1924	-0.17798	0.0690645	-0.05	0.0	0.432343	0.0	3.09244	0.0	0.0479499	0.0	0.0233648	0.000655024	0.03	0.0	1.492	0.0	5.0	0.0	1.733	0.0	0.03611	0.000120295	0.0	0.0	0.0	0.0	0.0	0.0	0.0	0.0	0.19482	0.0	0.00388614	0.0	0.000804315	0.00054598	1.71004	0.0	0.875134	0.0141729	0.685356	0.156676	0.964689	0.0163578	0.58951	0.100435	0.0704501	0.0344603	0.196198	0.0122308	0.480853	0.138931	-13149.3	3.0	3.53995e-05	-73212.8	4.0	4.40161e-06	1.0	3521.76	70.4111	1593.34	50.492	0.311497	0.0085878	1089.2	4.58448	
0.0-2.4	6.5-30.0	25.0-30.0	0.000-1.571	0.008	0.136	3823.0	3819.0	2411.08	54.7587	1407.92	44.6694	-0.0598754	0.104767	-0.05	0.0	0.432343	0.0	3.09244	0.0	0.0479499	0.0	0.0235864	0.000971893	0.03	0.0	1.492	0.0	5.0	0.0	1.733	0.0	0.0361917	0.000179774	0.0	0.0	0.0	0.0	0.0	0.0	0.0	0.0	0.19482	0.0	0.00388614	0.0	0.000680991	0.000823587	1.71004	0.0	0.875381	0.0214142	0.729725	0.0554011	0.996576	0.186824	0.617163	0.0355541	0.0705162	4.95954e-09	0.180946	0.0153441	0.0704498	1.75777e-08	-5763.52	3.0	3.98441e-05	-30570.8	4.0	2.4164e-06	1.0	1558.99	47.1113	852.093	36.6108	0.353407	0.0128897	1089.36	6.92773	
0.0-2.4	6.5-30.0	30.0-35.0	0.000-1.571	0.008	0.128	2920.0	2918.0	1780.45	47.4406	1137.31	40.0935	-0.392932	0.117233	-0.05	0.0	0.432343	0.0	3.09244	0.0	0.0479499	0.0	0.0245863	0.00120349	0.03	0.0	1.492	0.0	5.0	0.0	1.733	0.0	0.0365675	0.000229666	0.0	0.0	0.0	0.0	0.0	0.0	0.0	0.0	0.19482	0.0	0.00388614	0.0	0.00151625	0.000940594	1.71004	0.0	0.897895	0.0240426	0.651983	0.063928	0.999983	0.697985	0.532841	0.0558543	0.0704426	0.014931	0.292189	0.0251311	0.0704862	1.79899e-06	-4776.39	3.0	1.64845e-07	-22450.5	4.0	2.29908e-05	1.0	1334.13	43.2499	446.322	27.3553	0.250679	0.0138364	1104.01	7.87219	
0.0-2.4	6.5-30.0	30.0-40.0	0.000-1.571	0.008	0.128	5018.0	5015.0	3234.44	62.9058	1780.25	50.0299	-0.409541	0.0938977	-0.05	0.0	0.432343	0.0	3.09244	0.0	0.0479499	0.0	0.0241608	0.000834906	0.03	0.0	1.492	0.0	5.0	0.0	1.733	0.0	0.0364061	0.000157265	0.0	0.0	0.0	0.0	0.0	0.0	0.0	0.0	0.19482	0.0	0.00388614	0.0	0.00146638	0.000682673	1.71004	0.0	0.848901	0.0174567	0.769182	0.0771299	0.673728	0.150905	0.444885	0.0667774	0.0706123	2.8442e-08	0.390536	0.0313001	0.0705195	0.0163467	-8643.27	3.0	4.23214e-07	-41666.2	4.0	2.41993e-05	1.0	2380.43	57.2185	854.013	37.503	0.264037	0.0103957	1072.35	5.56345	
0.0-2.4	6.5-30.0	35.0-40.0	0.000-1.571	0.008	0.12	2097.0	2097.0	1450.4	41.2992	646.522	30.0299	-0.435113	0.156186	-0.05	0.0	0.432343	0.0	3.09244	0.0	0.0479499	0.0	0.0236232	0.00114783	0.03	0.0	1.492	0.0	5.0	0.0	1.733	0.0	0.0362053	0.000212569	0.0	0.0	0.0	0.0	0.0	0.0	0.0	0.0	0.19482	0.0	0.00388614	0.0	0.00179208	0.000988747	1.71004	0.0	0.803453	0.0253405	0.939449	0.148396	0.528685	0.14136	0.387062	0.0530942	0.087602	0.0531163	0.505323	0.0598219	0.074553	0.0140046	-3881.01	3.0	4.7082e-07	-15819.1	4.0	4.03435e-06	1.0	1036.48	37.2812	413.911	25.6468	0.285378	0.0157049	1043.78	7.85291	
0.0-2.4	6.5-30.0	40.0-45.0	0.000-1.571	0.008	0.12	1588.0	1587.0	1130.81	36.2853	456.131	25.3373	-0.371632	0.186119	-0.05	0.0	0.432343	0.0	3.09244	0.0	0.0479499	0.0	0.0233453	0.00118104	0.03	0.0	1.492	0.0	5.0	0.0	1.733	0.0	0.0361028	0.000216759	0.0	0.0	0.0	0.0	0.0	0.0	0.0	0.0	0.19482	0.0	0.00388614	0.0	-0.00180523	0.00118546	1.71004	0.0	0.870437	0.0314877	1.0	0.0299226	0.769733	0.882394	0.435305	0.708753	0.0726038	0.00013224	0.58858	0.107491	0.0725522	0.195501	-2931.03	3.0	8.27606e-07	-11614.2	4.0	4.36419e-06	1.0	844.343	33.1308	286.465	21.1684	0.253328	0.0168627	1086.16	10.1589	
0.0-2.4	6.5-30.0	40.0-50.0	0.000-1.571	0.008	0.136	2849.0	2846.0	2072.78	48.9659	773.164	33.1377	-0.917046	0.146673	-0.05	0.0	0.432343	0.0	3.09244	0.0	0.0479499	0.0	0.0250878	0.000947277	0.03	0.0	1.492	0.0	5.0	0.0	1.733	0.0	0.0367603	0.000183491	0.0	0.0	0.0	0.0	0.0	0.0	0.0	0.0	0.19482	0.0	0.00388614	0.0	-0.00274828	0.000893976	1.71004	0.0	0.864962	0.0243725	0.971504	0.034695	1.0	0.00338587	0.499851	0.0368619	0.0706231	1.25449e-06	0.447224	0.0327131	2.41945	6.04506	-5104.47	3.0	5.30143e-07	-22523.1	4.0	1.45349e-06	1.0	1457.55	43.77	615.229	30.6834	0.296814	0.0130371	1082.64	7.83929	
0.0-2.4	6.5-30.0	45.0-50.0	0.000-1.571	0.008	0.136	1260.0	1259.0	946.889	32.9162	312.093	21.1819	-1.77747	0.248763	-0.05	0.0	0.432343	0.0	3.09244	0.0	0.0479499	0.0	0.0276467	0.00166859	0.03	0.0	1.492	0.0	5.0	0.0	1.733	0.0	0.0377879	0.000346495	0.0	0.0	0.0	0.0	0.0	0.0	0.0	0.0	0.19482	0.0	0.00388614	0.0	-0.00359155	0.00128731	1.71004	0.0	0.789402	0.0365284	0.939812	0.110928	0.999871	6.51424	0.427762	0.0965998	0.0707047	3.36543e-09	0.299526	0.0287818	0.0706329	26.7573	-2214.91	3.0	1.28178e-07	-8968.65	4.0	1.24927e-06	1.0	609.898	28.4637	336.991	22.3139	0.355893	0.0200567	1035.11	11.2152	
0.0-2.4	6.5-30.0	5.0-10.0	0.000-1.571	0.008	0.112	8756.0	8722.0	4063.4	75.1548	4658.8	79.0171	-0.340679	0.057457	-0.05	0.0	0.432343	0.0	3.09244	0.0	0.0479499	0.0	0.0249957	0.000814502	0.03	0.0	1.492	0.0	5.0	0.0	1.733	0.0	0.0367247	0.000157346	0.0	0.0	0.0	0.0	0.0	0.0	0.0	0.0	0.19482	0.0	0.00388614	0.0	0.000598663	0.000627166	1.71004	0.0	0.929933	0.016735	1.0	0.112174	0.33327	0.0298193	0.466454	0.0346816	0.0704455	3.07827e-07	0.498483	0.0289481	0.0880235	0.00629114	-11200.8	3.0	1.25851e-06	-74654.5	4.0	1.08793e-05	1.0	2867.33	66.6559	1196.06	46.0422	0.29435	0.0099374	1125.17	5.56832	
0.0-2.4	6.5-30.0	50.0-100.0	0.000-1.571	0.008	0.088	2617.0	2596.0	2173.6	49.1116	422.328	25.7053	-0.530008	0.198475	-0.05	0.0	0.432343	0.0	3.09244	0.0	0.0479499	0.0	0.0250603	0.000990825	0.03	0.0	1.492	0.0	5.0	0.0	1.733	0.0	0.0367497	0.000191772	0.0	0.0	0.0	0.0	0.0	0.0	0.0	0.0	0.19482	0.0	0.00388614	0.0	0.00225135	0.000853856	1.71004	0.0	0.846006	0.0233419	0.999999	6.82491	0.999997	147217.0	0.426647	873.583	0.0705822	6.1523e-06	0.247093	95.4691	0.0704702	920016.0	-5687.96	3.0	5.21013e-06	-20962.9	4.0	3.52575e-06	1.0	1585.33	44.6652	588.264	29.8089	0.270641	0.0122753	1070.51	7.42648	
0.0-2.4	6.5-30.0	50.0-55.0	0.000-1.571	0.008	0.08	926.0	916.0	753.411	29.0423	162.549	15.8939	-0.367435	0.316174	-0.05	0.0	0.432343	0.0	3.09244	0.0	0.0479499	0.0	0.0257893	0.0016443	0.03	0.0	1.492	0.0	5.0	0.0	1.733	0.0	0.0370349	0.000324987	0.0	0.0	0.0	0.0	0.0	0.0	0.0	0.0	0.19482	0.0	0.00388614	0.0	0.00133311	0.00165769	1.71004	0.0	0.979491	0.0491199	1.0	0.0141747	1.0	0.0784251	0.500364	0.0749656	0.356014	0.310231	0.22325	0.0377036	0.0717073	4.16717e-05	-2039.35	3.0	3.5105e-08	-6403.73	4.0	3.33346e-06	1.0	574.152	26.9306	179.259	16.8276	0.23793	0.0203652	1158.53	16.7191	
0.0-2.4	6.5-30.0	50.0-60.0	0.000-1.571	0.008	0.08	1484.0	1471.0	1223.2	36.9826	247.761	19.8072	-0.437213	0.258138	-0.05	0.0	0.432343	0.0	3.09244	0.0	0.0479499	0.0	0.0263744	0.0013233	0.03	0.0	1.492	0.0	5.0	0.0	1.733	0.0	0.037268	0.000265804	0.0	0.0	0.0	0.0	0.0	0.0	0.0	0.0	0.19482	0.0	0.00388614	0.0	0.00297063	0.00120769	1.71004	0.0	0.910687	0.03411	1.0	4.78951	1.0	0.0164286	0.498222	0.0244416	0.0759868	9.65596	0.288734	0.0163133	0.070607	1.23726e-06	-3318.68	3.0	3.0698e-06	-10991.8	4.0	3.07018e-06	1.0	932.236	34.2946	290.96	21.4262	0.237869	0.0159721	1112.42	11.242	
0.0-2.4	6.5-30.0	55.0-60.0	0.000-1.571	0.008	0.073	558.0	552.0	467.992	22.8232	84.0113	11.7017	-0.587577	0.447821	-0.05	0.0	0.432343	0.0	3.09244	0.0	0.0479499	0.0	0.0272539	0.00230748	0.03	0.0	1.492	0.0	5.0	0.0	1.733	0.0	0.0376256	0.000474395	0.0	0.0	0.0	0.0	0.0	0.0	0.0	0.0	0.19482	0.0	0.00388614	0.0	0.00493811	0.00172763	1.71004	0.0	0.819034	0.0468185	0.999999	3.80922	1.0	0.0754285	0.449637	0.0555187	0.0710975	4.92407	0.400967	0.0515737	0.0705356	2.21186e-06	-1284.85	3.0	4.05056e-08	-3595.83	4.0	4.57726e-06	1.0	356.671	21.1319	111.32	13.1708	0.237868	0.0256412	1053.48	14.6539	
0.0-2.4	6.5-30.0	60.0-100.0	0.000-1.571	0.008	0.088	1133.0	1120.0	944.609	32.2026	175.397	16.3649	-0.66593	0.30816	-0.05	0.0	0.432343	0.0	3.09244	0.0	0.0479499	0.0	0.0228153	0.00136894	0.03	0.0	1.492	0.0	5.0	0.0	1.733	0.0	0.03591	0.000246861	0.0	0.0	0.0	0.0	0.0	0.0	0.0	0.0	0.19482	0.0	0.00388614	0.0	0.00143442	0.00119894	1.71004	0.0	0.778076	0.0314483	0.994913	0.0498064	0.998922	0.898875	0.321833	0.126746	0.070636	2.59285e-06	0.202774	0.0234618	0.0706858	2.57079	-2369.71	3.0	8.0009e-08	-8158.15	4.0	2.30828e-07	1.0	650.491	28.4931	294.119	20.5091	0.311365	0.0189401	1028.18	9.58104	
0.0-2.4	6.5-30.0	60.0-70.0	0.000-1.571	0.008	0.088	749.0	738.0	628.38	26.1279	109.706	12.8058	-0.783967	0.390498	-0.05	0.0	0.432343	0.0	3.09244	0.0	0.0479499	0.0	0.0197723	0.00135393	0.03	0.0	1.492	0.0	5.0	0.0	1.733	0.0	0.0348707	0.000217896	0.0	0.0	0.0	0.0	0.0	0.0	0.0	0.0	0.19482	0.0	0.00388614	0.0	0.00126506	7.45297e-09	1.71004	0.0	0.744421	0.0385752	0.939631	0.0503144	0.917341	0.895022	0.356859	0.345996	0.0704423	1.01275e-08	0.191189	0.0466349	0.07045	4.09024	-1547.95	3.0	0.0161137	-5109.18	4.0	2.86443e-05	1.0	415.975	22.6893	212.405	17.1361	0.33802	0.0233694	1007.92	11.47	
0.0-2.4	6.5-30.0	70.0-100.0	0.000-1.571	0.016	0.073	384.0	380.0	314.619	18.7517	65.3514	10.1182	-0.482096	0.498327	-0.05	0.0	0.432343	0.0	3.09244	0.0	0.0479499	0.0	0.0283771	0.0026589	0.03	0.0	1.492	0.0	5.0	0.0	1.733	0.0	0.038094	0.000562172	0.0	0.0	0.0	0.0	0.0	0.0	0.0	0.0	0.19482	0.0	0.00388614	0.0	0.0022658	0.00216922	1.71004	0.0	0.82292	0.0574759	0.839619	35.9892	0.999968	118.237	0.00438347	45.2126	0.0707677	7.72435	0.160824	2.98211	0.0724437	1559.76	-823.272	3.0	3.03554e-06	-2321.87	4.0	1.05347e-05	1.0	230.566	16.9376	84.0527	11.0967	0.267157	0.0314714	1055.92	18.0333	
0.0-2.4	6.5-7.5	0.0-100.0	0.000-1.571	0.016	0.16	19055.0	19051.0	7940.87	134.811	11109.9	146.054	-0.0651405	0.0383429	-0.05	0.0	0.407288	0.0729544	3.09101	0.000559335	0.0504469	0.00345101	0.0272736	0.00130458	0.03	0.0	1.492	0.0	5.0	0.0	1.733	0.0	0.0384368	0.001287	0.0	0.0	0.0	0.0	0.0	0.0	0.0	0.0	0.206936	0.0943215	0.00999971	0.0031414	0.00420184	0.000471788	1.88995	0.200823	0.993116	0.0105411	0.514382	0.0308444	0.844284	0.0369176	0.68025	0.0191852	0.0706028	0.00766196	0.302676	0.0187804	0.346723	0.0560044	-25030.3	3.0	2.66674e-05	-176380.0	7.0	7.13416e-05	1.0	6345.43	119.659	1595.44	58.7113	0.200915	0.00655976	1233.43	58.8943	
0.0-2.4	6.5-8.0	0.0-100.0	0.000-1.571	0.016	0.16	25735.0	25729.0	11575.2	153.937	14154.4	162.063	-0.117629	0.0339258	-0.05	0.0	0.418662	0.056008	3.09156	0.000443075	0.0492209	0.00244266	0.0267916	0.00100786	0.03	0.0	1.492	0.0	5.0	0.0	1.733	0.0	0.037836	0.000939987	0.0	0.0	0.0	0.0	0.0	0.0	0.0	0.0	0.247328	0.092515	0.00999999	0.0035556	0.0033544	0.000407138	1.76918	0.144226	0.940518	0.00934274	0.528865	0.0233006	0.868898	0.0254718	0.638506	0.0147925	0.070606	1.63311e-08	0.267462	0.0132008	0.338569	0.0446406	-34218.9	3.0	7.58113e-08	-247165.0	7.0	8.44483e-05	1.0	8895.73	135.032	2679.52	74.2156	0.231487	0.00562417	1199.97	50.7167	
0.0-2.4	6.5-8.5	0.0-100.0	0.000-1.571	0.016	0.16	30834.0	30813.0	14644.9	164.736	16168.2	169.295	-0.145426	0.0316327	-0.05	0.0	0.413379	0.0430176	3.09138	0.000381902	0.0501541	0.00199664	0.0258758	0.000831964	0.03	0.0	1.492	0.0	5.0	0.0	1.733	0.0	0.0378497	0.000775849	0.0	0.0	0.0	0.0	0.0	0.0	0.0	0.0	0.226798	0.0773955	0.00999999	0.00269626	0.00323911	0.000359162	1.75627	0.126619	0.952072	0.00848611	0.549681	0.021821	0.878676	0.0223354	0.632296	0.0134532	0.070587	1.52919e-09	0.293057	0.0112719	0.331412	0.0393798	-41753.1	3.0	6.77488e-08	-302709.0	7.0	3.51632e-05	1.0	11214.5	145.718	3430.35	82.5161	0.234235	0.00498044	1183.39	41.5842	
0.0-2.4	7.5-8.5	0.0-100.0	0.000-1.571	0.008	0.184	11778.0	11778.0	6695.53	101.039	5082.48	92.6602	-0.331046	0.0565002	-0.05	0.0	0.437934	0.0519968	3.09167	0.00051958	0.0488629	0.00218405	0.0240646	0.00110873	0.03	0.0	1.492	0.0	5.0	0.0	1.733	0.0	0.0370284	0.000917797	0.0	0.0	0.0	0.0	0.0	0.0	0.0	0.0	0.237333	0.116679	0.00999999	0.0164169	0.00174154	0.000543502	1.6166	0.148917	0.901665	0.0140496	0.628286	0.0323304	0.907952	0.025853	0.55559	0.0227116	0.0706148	4.21246e-07	0.281468	0.0139075	0.342135	0.0616555	-16918.5	3.0	5.79058e-07	-106221.0	7.0	8.01052e-06	1.0	4850.48	89.0393	1845.05	57.8409	0.275565	0.00757201	1113.69	53.8566	
0.0-2.4	8.0-10.0	0.0-100.0	0.000-1.571	0.008	0.184	13933.0	13933.0	8888.36	113.689	5045.27	95.2926	-0.253085	0.0568102	-0.05	0.0	0.410126	0.0386905	3.09313	0.000424073	0.0504901	0.00208559	0.0230241	0.000840828	0.03	0.0	1.492	0.0	5.0	0.0	1.733	0.0	0.0368539	0.000805072	0.0	0.0	0.0	0.0	0.0	0.0	0.0	0.0	0.223708	0.161679	0.000490489	0.00440365	0.00219727	0.000459978	1.60773	0.189825	0.921186	0.0125187	0.768289	0.0347223	0.938231	0.0187121	0.586582	0.0208924	0.070636	5.39923e-07	0.337753	0.0144638	0.428981	0.0925044	-21937.3	3.0	5.12152e-08	-129800.0	7.0	9.6283e-05	1.0	6235.69	98.5653	2652.67	67.1175	0.298443	0.00651522	1112.2	70.2819	
0.0-2.4	8.5-9.5	0.0-100.0	0.000-1.571	0.008	0.12	6480.0	6470.0	4153.46	77.4408	2316.5	64.4919	-0.184474	0.0836661	-0.05	0.0	0.497654	0.0675725	3.09463	0.00061032	0.0431401	0.00228696	0.0226837	0.00127305	0.03	0.0	1.492	0.0	5.0	0.0	1.733	0.0	0.0344187	0.000994938	0.0	0.0	0.0	0.0	0.0	0.0	0.0	0.0	0.195257	0.140777	-0.00999932	0.0168172	0.00249323	0.000656444	1.55521	0.187671	0.910946	0.0176866	0.760758	0.0819009	0.999821	1.7433	0.548197	0.0457707	0.0714954	0.0181398	0.256621	0.0155538	0.0754503	3.44241e-05	-10699.5	3.0	0.000160705	-55550.9	7.0	7.28986e-06	1.0	2774.15	65.1646	1379.31	47.2488	0.332087	0.00954309	1067.74	59.0914	
0.0-2.4	9.5-11.0	0.0-100.0	0.000-1.571	0.008	0.136	5512.0	5509.0	3844.41	72.9877	1664.56	56.1029	-0.365015	0.100215	-0.05	0.0	0.385168	0.0630474	3.09265	0.000620797	0.0485431	0.00301662	0.0234953	0.00137937	0.03	0.0	1.492	0.0	5.0	0.0	1.733	0.0	0.0353133	0.00116876	0.0	0.0	0.0	0.0	0.0	0.0	0.0	0.0	0.411816	0.288493	0.0022233	0.00388478	9.07323e-05	0.000721176	1.51553	0.180886	0.750801	0.0204774	0.999992	3.1123	0.670955	0.0808298	0.45955	0.053312	0.0710508	4.13035e-08	0.378158	0.0252333	0.104937	0.0246951	-9536.71	3.0	5.27518e-08	-46922.7	7.0	4.91677e-05	1.0	2699.39	63.3221	1145.02	43.079	0.297841	0.00967425	1130.23	121.415	
0.4-0.8	6.5-30.0	0.0-100.0	0.000-1.571	0.008	0.073	6331.0	6331.0	4232.56	73.8634	2098.41	57.6329	0.0552502	0.0881082	-0.05	0.0	0.509645	0.059851	3.09299	0.000450724	0.017986	0.000803914	0.0362329	0.00256284	0.03	0.0	1.492	0.0	5.0	0.0	1.733	0.0	0.0284362	0.000963742	0.0	0.0	0.0	0.0	0.0	0.0	0.0	0.0	0.164736	0.163076	-0.00113548	0.00593586	-0.000932892	0.000583093	1.82366	0.359661	0.914998	0.0174566	0.761079	0.0425071	0.839346	0.0358904	0.499677	0.0283715	0.070609	7.57472e-09	0.272539	0.0293291	0.507568	0.0995342	-10070.3	3.0	6.34067e-06	-55220.4	7.0	6.78532e-06	1.0	2683.04	61.8109	1549.52	48.5744	0.366095	0.00953361	1116.77	103.098	
0.8-1.2	6.5-30.0	0.0-100.0	0.000-1.571	0.008	0.105	9343.0	9339.0	5328.12	94.4657	4010.81	87.2113	0.00748893	0.067839	-0.05	0.0	0.453908	0.0948883	3.09228	0.000578779	0.0328052	0.00473393	0.0308126	0.00448559	0.03	0.0	1.492	0.0	5.0	0.0	1.733	0.0	0.0317325	0.00163003	0.0	0.0	0.0	0.0	0.0	0.0	0.0	0.0	0.510138	0.279061	0.00698866	0.00378923	-0.000168782	0.00066785	1.44442	0.131788	0.735496	0.018126	0.579257	0.0604395	0.930254	0.0280021	0.574404	0.0453011	0.0706117	0.0145203	0.229742	0.0161682	0.339813	0.0961685	-15317.8	3.0	6.52262e-07	-82462.7	7.0	3.11675e-05	1.0	3810.48	80.2749	1517.64	51.0286	0.284836	0.00813758	1152.96	102.596	
1.2-1.6	6.5-30.0	0.0-10.0	0.000-1.571	0.008	0.136	4739.0	4733.0	1979.84	53.9207	2753.55	60.6702	-0.16643	0.0742552	-0.05	0.0	0.604458	0.0	3.09132	0.0	0.0436198	0.0	0.0307751	0.00210237	0.03	0.0	1.492	0.0	5.0	0.0	1.733	0.0	0.0390476	0.000327701	0.0	0.0	0.0	0.0	0.0	0.0	0.0	0.0	0.103775	0.0	0.00999984	0.0	0.00252637	0.000773217	2.09199	0.0	0.888208	0.0204723	0.999959	0.139001	0.334894	0.0407052	0.436919	0.0548595	0.0724139	0.771023	0.541852	0.0389636	0.0777638	0.00751417	-5483.02	3.0	2.03636e-05	-37235.9	4.0	0.000101899	1.0	1375.21	47.5171	604.631	33.5598	0.305394	0.0147699	1077.59	7.56159	
1.2-1.6	6.5-30.0	0.0-100.0	0.000-1.571	0.008	0.136	12060.0	12045.0	6277.52	107.16	5767.16	104.73	-0.25249	0.0543187	-0.05	0.0	0.604458	0.0909525	3.09132	0.000652615	0.0436198	0.00178393	0.0304269	0.00204556	0.03	0.0	1.492	0.0	5.0	0.0	1.733	0.0	0.0389395	0.000888875	0.0	0.0	0.0	0.0	0.0	0.0	0.0	0.0	0.103775	0.0507441	0.00999984	0.0195355	0.00247592	0.000470053	2.09199	0.256609	0.942316	0.012194	0.843712	0.100562	0.483351	0.0844305	0.468007	0.0297481	0.0705956	3.74922e-07	0.437214	0.0223105	0.0704748	1.07288e-10	-16844.7	3.0	1.38317e-06	-107757.0	7.0	3.15231e-05	1.0	4570.87	92.1178	1706.65	56.9762	0.271867	0.00780001	1118.02	46.9974	
1.2-1.6	6.5-30.0	10.0-20.0	0.000-1.571	0.008	0.128	2763.0	2756.0	1415.95	45.4913	1339.98	44.6475	-0.22641	0.106937	-0.05	0.0	0.604458	0.0	3.09132	0.0	0.0436198	0.0	0.0367233	0.00374938	0.03	0.0	1.492	0.0	5.0	0.0	1.733	0.0	0.0410308	0.000663673	0.0	0.0	0.0	0.0	0.0	0.0	0.0	0.0	0.103775	0.0	0.00999984	0.0	0.00357238	0.00105557	2.09199	0.0	1.03735	0.0268542	0.59631	0.0739966	0.999993	0.645325	0.636764	0.047748	0.098805	0.0178337	0.217705	0.0233294	0.145996	3.52955	-4072.86	3.0	5.27301e-08	-20500.1	4.0	5.2311e-06	1.0	1012.54	40.1441	403.406	26.8566	0.284902	0.0166124	1191.04	10.4808	
1.2-1.6	6.5-30.0	20.0-30.0	0.000-1.571	0.008	0.105	2024.0	2018.0	1183.99	38.5853	833.866	33.7441	-0.0975657	0.135542	-0.05	0.0	0.604458	0.0	3.09132	0.0	0.0436198	0.0	0.0258649	0.00219018	0.03	0.0	1.492	0.0	5.0	0.0	1.733	0.0	0.0376126	0.000297864	0.0	0.0	0.0	0.0	0.0	0.0	0.0	0.0	0.103775	0.0	0.00999984	0.0	-0.00203053	0.00106551	2.09199	0.0	0.993262	0.0252337	0.898027	0.265087	0.998395	4.45553	0.711546	0.112062	0.0706993	2.32483e-06	0.153791	0.0362672	0.0705137	19.6184	-3448.86	3.0	2.28956e-06	-14700.8	4.0	1.86673e-05	1.0	863.247	34.5206	320.748	22.5721	0.270903	0.016897	1156.87	9.7084	
1.2-1.6	6.5-30.0	30.0-40.0	0.000-1.571	0.008	0.12	1248.0	1238.0	695.657	29.8985	542.352	27.2128	-0.304719	0.168205	-0.05	0.0	0.604458	0.0	3.09132	0.0	0.0436198	0.0	0.0280088	0.00319395	0.03	0.0	1.492	0.0	5.0	0.0	1.733	0.0	0.0382151	0.000462968	0.0	0.0	0.0	0.0	0.0	0.0	0.0	0.0	0.103775	0.0	0.00999984	0.0	0.00574972	0.00134211	2.09199	0.0	0.902745	0.0352018	0.902366	0.103591	0.686625	0.170386	0.308624	0.0812984	0.0921184	0.037356	0.535811	0.0561064	0.070467	3.27457e-09	-1819.57	3.0	5.36862e-08	-8348.22	4.0	2.08955e-05	1.0	569.829	28.7324	125.828	15.9689	0.180876	0.0215988	1088.37	13.084	
1.2-1.6	6.5-30.0	40.0-50.0	0.000-1.571	0.016	0.064	653.0	639.0	471.223	23.2765	167.837	15.4396	-2.05718	0.353207	-0.05	0.0	0.604458	0.0	3.09132	0.0	0.0436198	0.0	0.0306066	0.00430563	0.03	0.0	1.492	0.0	5.0	0.0	1.733	0.0	0.0389952	0.000668348	0.0	0.0	0.0	0.0	0.0	0.0	0.0	0.0	0.103775	0.0	0.00999984	0.0	-0.00400041	0.00192856	2.09199	0.0	0.986746	0.0532445	0.999998	3.28685	0.948451	0.113016	0.43269	0.0407399	0.170234	7.93692	0.324236	0.0272285	0.111203	0.0919524	-1167.33	3.0	4.70531e-05	-4097.47	4.0	1.3801e-05	1.0	345.883	21.3457	125.34	14.215	0.265988	0.0271546	1151.86	20.4393	
1.2-1.6	6.5-30.0	50.0-100.0	0.000-1.571	0.016	0.073	631.0	626.0	513.056	23.6697	112.942	12.6551	-1.26065	0.389392	-0.05	0.0	0.604458	0.0	3.09132	0.0	0.0436198	0.0	0.0287721	0.00281587	0.03	0.0	1.492	0.0	5.0	0.0	1.733	0.0	0.0384387	0.000416848	0.0	0.0	0.0	0.0	0.0	0.0	0.0	0.0	0.103775	0.0	0.00999984	0.0	0.00506467	0.00186298	2.09199	0.0	0.973778	0.0519726	0.999925	4.56993	0.999954	0.0519993	0.45129	0.0961431	0.0705456	6.48611	0.301548	0.034427	0.0707447	1.68213e-05	-1243.78	3.0	2.81487e-08	-4138.61	4.0	7.0216e-07	1.0	373.385	21.6372	139.671	14.593	0.272234	0.0255202	1141.93	19.8601	
1.6-2.0	6.5-30.0	0.0-100.0	0.000-1.571	0.008	0.16	12495.0	12478.0	6233.28	120.846	6244.73	120.88	-0.422407	0.0551305	-0.05	0.0	0.552455	0.1167	3.09089	0.000792492	0.0541229	0.00275293	0.0342991	0.00329115	0.03	0.0	1.492	0.0	5.0	0.0	1.733	0.0	0.0463121	0.00151875	0.0	0.0	0.0	0.0	0.0	0.0	0.0	0.0	0.462154	0.274076	0.00485629	0.00340939	0.00429896	6.20267e-08	1.4787	0.146906	0.875967	0.0165983	0.711908	0.051347	0.838068	0.0453658	0.652559	0.0273593	0.0704381	0.015537	0.239759	0.0134185	0.307844	0.0481335	-16751.8	3.0	1.78229	-110997.0	7.0	1.57094e-05	1.0	4837.16	104.755	1396.12	53.9604	0.223979	0.00748898	1192.99	91.7914	
1.6-2.4	3.0-30.0	0.0-100.0	0.000-1.571	0.008	0.264	245070.0	245060.0	46976.6	402.359	198083.0	559.438	0.152457	0.00879104	-0.05	0.0	0.0358616	0.00697437	3.09002	0.000420481	0.012334	0.00142206	0.0526334	0.00063083	0.03	0.0	1.89	0.0	5.0	0.0	1.44	0.0	0.0517338	0.000321786	0.0	0.0	0.0	0.0	0.0	0.0	0.0	0.0	0.19593	0.106578	0.00823221	0.0041731	0.00932249	0.000192389	1.71895	0.159922	0.999877	0.00279927	0.920465	0.0190808	0.741501	0.0109815	0.768802	0.00709406	0.0707782	2.15086e-08	0.170248	0.00651698	0.468673	0.00985262	-208577.0	3.0	4.94047e-05	-2835460.0	7.0	0.100101	1.0	39266.1	374.695	7710.44	177.899	0.164134	0.00351636	1175.93	49.8769	
1.6-2.4	3.0-4.5	0.0-100.0	0.000-1.571	0.016	0.264	171992.0	171986.0	25718.5	405.374	146270.0	532.449	0.346104	0.0103155	-0.05	0.0	0.146866	0.039053	3.08938	0.000706668	0.1	0.00189598	0.0499013	0.00104729	0.03	0.0	1.86	0.0	5.0	0.0	1.38	0.0	0.0599424	0.0012994	0.0	0.0	0.0	0.0	0.0	0.0	0.0	0.0	0.101357	0.069759	0.0499991	0.0925249	0.0074062	0.000234023	1.84755	0.275177	1.03243	0.00310609	0.949003	0.0220269	0.737166	0.0128361	0.704687	0.0127945	0.0711245	3.22121e-07	0.100644	0.00403863	0.470821	0.00979085	-137729.0	3.0	5.96579e-08	-1925490.0	7.0	0.00549751	1.0	22530.1	374.979	3188.41	130.484	0.123973	0.00468213	1141.86	42.3822	
1.6-2.4	3.0-5.5	0.0-100.0	0.000-1.571	0.016	0.264	209971.0	209961.0	32912.9	971.848	177049.0	993.385	0.226349	0.0148668	-0.05	0.0	3.11197e-10	0.973192	3.08951	0.000541005	0.0477205	0.0586611	0.0516398	0.00162926	0.03	0.0	1.86	0.0	5.0	0.0	1.38	0.0	0.0516398	0.00200747	0.0	0.0	0.0	0.0	0.0	0.0	0.0	0.0	0.125652	0.0884483	0.0251244	0.0167426	0.0087771	0.000209188	1.92178	0.271466	1.03079	0.00283708	0.971985	0.033773	0.716232	0.025563	0.754546	0.0284344	0.0707411	1.51487e-08	0.1236	0.0154858	0.475078	0.0122854	-171101.0	3.0	5.6766e-06	-2393260.0	7.0	0.000410492	1.0	28215.8	844.539	4697.16	195.813	0.142715	0.00419967	1180.29	56.5806	
1.6-2.4	3.0-6.5	0.0-10.0	0.000-1.571	0.016	0.264	96501.0	96491.0	10747.5	213.736	85742.6	346.951	0.0681954	0.0132126	-0.05	0.0	0.770728	0.0	3.08978	0.0	0.0464884	0.0	0.0568155	0.00483681	0.03	0.0	1.86	0.0	5.0	0.0	1.38	0.0	0.0490486	0.000642274	0.0	0.0	0.0	0.0	0.0	0.0	0.0	0.0	0.173641	0.0	0.0248856	0.0	0.0126739	0.000325499	1.74699	0.0	1.07221	0.00465337	0.879153	0.0746742	0.618159	0.0384268	0.818076	0.00866412	0.0709884	3.0542e-08	0.399479	0.0113499	0.357248	0.0165812	-68394.0	3.0	0.000101754	-1023310.0	4.0	0.0011641	1.0	9322.65	206.006	1424.82	94.171	0.132573	0.00835609	1216.54	1.69458	
1.6-2.4	3.0-6.5	0.0-100.0	0.000-1.571	0.016	0.264	228321.0	228311.0	37827.0	500.896	190481.0	633.157	0.154209	0.00899163	-0.05	0.0	0.770728	0.0351825	3.08978	0.000518478	0.0464884	0.000842386	0.09	0.00275686	0.03	0.0	1.86	0.0	5.0	0.0	1.38	0.0	0.059353	0.00103385	0.0	0.0	0.0	0.0	0.0	0.0	0.0	0.0	0.173641	0.119565	0.0248856	0.0127773	0.0120488	0.000205355	1.74699	0.202734	1.04016	0.00286844	0.806374	0.0265201	0.714471	0.0156716	0.810111	0.00608139	0.0705939	1.50858e-08	0.236488	0.00836727	0.437949	0.0124495	-188667.0	3.0	4.82169e-08	-2622640.0	7.0	0.00276057	1.0	32741.7	457.94	5085.29	162.085	0.134435	0.00389761	1193.32	55.6798	
1.6-2.4	3.0-6.5	0.0-20.0	0.000-1.571	0.016	0.264	182243.0	182233.0	25194.9	275.944	157038.0	456.046	0.159228	0.0097748	-0.05	0.0	0.770728	0.0	3.08978	0.0	0.0464884	0.0	0.09	0.0016317	0.03	0.0	1.86	0.0	5.0	0.0	1.38	0.0	0.059353	0.000283636	0.0	0.0	0.0	0.0	0.0	0.0	0.0	0.0	0.173641	0.0	0.0248856	0.0	0.0141858	0.000235457	1.74699	0.0	1.0657	0.00325704	0.79958	0.0346343	0.692163	0.0207177	0.830565	0.005688	0.0705579	7.19646e-09	0.30609	0.0080093	0.407462	0.0138621	-144825.0	3.0	5.9067e-08	-2050040.0	4.0	1.8631e-06	1.0	22132.5	273.583	3062.49	131.201	0.121552	0.00503439	1211.8	1.18349	
1.6-2.4	3.0-6.5	10.0-20.0	0.000-1.571	0.016	0.209	85742.0	85583.0	13856.1	195.007	71726.9	309.522	0.282486	0.0144801	-0.05	0.0	0.770728	0.0	3.08978	0.0	0.0464884	0.0	0.09	0.000654625	0.03	0.0	1.86	0.0	5.0	0.0	1.38	0.0	0.059353	0.000113792	0.0	0.0	0.0	0.0	0.0	0.0	0.0	0.0	0.173641	0.0	0.0248856	0.0	0.0124778	0.000337823	1.74699	0.0	1.01746	0.00451098	0.804188	0.0317005	0.828609	0.0156661	0.772031	0.0131179	0.0707417	2.77461e-08	0.132221	0.00761121	0.44182	0.0200038	-77416.3	3.0	7.77064e-05	-899129.0	4.0	1.27295e-06	1.0	12118.5	189.78	1737.55	86.7526	0.1254	0.0060071	1177.04	1.61115	
1.6-2.4	3.0-6.5	20.0-30.0	0.000-1.571	0.016	0.192	25288.0	25282.0	5146.05	136.015	20136.8	182.951	0.0777552	0.0274234	-0.05	0.0	0.770728	0.0	3.08978	0.0	0.0464884	0.0	0.078921	0.00914321	0.03	0.0	1.86	0.0	5.0	0.0	1.38	0.0	0.055621	0.00148721	0.0	0.0	0.0	0.0	0.0	0.0	0.0	0.0	0.173641	0.0	0.0248856	0.0	-0.000735252	0.0005871	1.74699	0.0	0.949381	0.00847108	0.931929	0.0491158	0.784307	0.0278909	0.613709	0.0346756	0.0708784	1.15102e-07	0.0841031	0.00597057	0.378429	0.0228079	-23044.8	3.0	1.86141e-05	-235292.0	4.0	0.000168787	1.0	4170.42	120.941	975.635	56.05	0.189589	0.00967068	1129.05	2.94309	
1.6-2.4	3.0-6.5	20.0-40.0	0.000-1.571	0.016	0.192	37399.0	37385.0	8495.4	173.694	28891.5	224.794	0.0903923	0.0229151	-0.05	0.0	0.770728	0.0	3.08978	0.0	0.0464884	0.0	0.0753323	0.00737996	0.03	0.0	1.86	0.0	5.0	0.0	1.38	0.0	0.0544682	0.00117007	0.0	0.0	0.0	0.0	0.0	0.0	0.0	0.0	0.173641	0.0	0.0248856	0.0	0.00103085	0.000475466	1.74699	0.0	0.94385	0.00689641	0.898637	0.0408985	0.795075	0.0244361	0.643867	0.0242599	0.0707835	1.42728e-07	0.0932335	0.00526326	0.355708	0.020027	-35064.1	3.0	4.73084e-05	-363162.0	4.0	0.000413718	1.0	6920.72	154.763	1574.67	70.4707	0.185356	0.00737887	1125.22	2.39017	
1.6-2.4	3.0-6.5	30.0-40.0	0.000-1.571	0.016	0.152	12111.0	11990.0	3133.18	79.8255	8856.68	109.976	0.158796	0.0411641	-0.05	0.0	0.770728	0.0	3.08978	0.0	0.0464884	0.0	0.0370808	0.00526788	0.03	0.0	1.86	0.0	5.0	0.0	1.38	0.0	0.0445075	0.00050312	0.0	0.0	0.0	0.0	0.0	0.0	0.0	0.0	0.173641	0.0	0.0248856	0.0	0.00487259	0.000810435	1.74699	0.0	0.928574	0.0117181	0.999993	0.0790369	0.471201	0.0915023	0.702563	0.0381768	0.0709248	6.02009e-05	0.165645	0.0138045	0.104235	0.0176175	-12392.0	3.0	2.51626e-06	-103335.0	4.0	2.25713e-06	1.0	2549.47	74.6525	583.709	39.6877	0.186299	0.011744	1114.66	4.03336	
1.6-2.4	3.0-6.5	40.0-100.0	0.000-1.571	0.016	0.168	8678.0	8673.0	3720.74	76.779	4952.22	84.4171	0.414617	0.0554182	-0.05	0.0	0.770728	0.0	3.08978	0.0	0.0464884	0.0	0.0532223	0.0039008	0.03	0.0	1.86	0.0	5.0	0.0	1.38	0.0	0.0481156	0.000494632	0.0	0.0	0.0	0.0	0.0	0.0	0.0	0.0	0.173641	0.0	0.0248856	0.0	0.00472387	0.000821767	1.74699	0.0	0.832714	0.0120959	0.934816	0.337872	0.791605	0.202461	0.66468	0.108033	0.0707423	0.0480357	0.177833	0.0341684	0.248997	0.138718	-10313.0	3.0	8.61536e-07	-73307.0	4.0	5.48715e-05	1.0	3123.22	74.0093	597.528	38.4157	0.160594	0.00977847	1050.22	3.96271	
1.6-2.4	3.0-6.5	40.0-50.0	0.000-1.571	0.016	0.145	5193.0	5159.0	1867.21	55.2581	3291.52	66.9137	0.563405	0.0680024	-0.05	0.0	0.770728	0.0	3.08978	0.0	0.0464884	0.0	0.0462158	0.00438544	0.03	0.0	1.86	0.0	5.0	0.0	1.38	0.0	0.046426	0.000500452	0.0	0.0	0.0	0.0	0.0	0.0	0.0	0.0	0.173641	0.0	0.0248856	0.0	0.00482165	0.00099047	1.74699	0.0	0.730077	0.0156918	0.796203	0.167561	0.894911	0.0932953	0.568544	0.0964714	0.0708415	3.71576e-07	0.128248	0.0248067	0.2589	0.0890289	-6029.88	3.0	8.4993e-06	-40604.5	4.0	3.7463e-05	1.0	1565.04	52.7721	302.166	26.8274	0.161828	0.013546	985.093	4.80511	
1.6-2.4	3.0-6.5	50.0-100.0	0.000-1.571	0.016	0.168	3485.0	3485.0	1905.09	56.2257	1579.78	53.2495	0.204973	0.0985876	-0.05	0.0	0.770728	0.0	3.08978	0.0	0.0464884	0.0	0.0723313	0.00875083	0.03	0.0	1.86	0.0	5.0	0.0	1.38	0.0	0.0535274	0.00135557	0.0	0.0	0.0	0.0	0.0	0.0	0.0	0.0	0.173641	0.0	0.0248856	0.0	0.00458705	0.00136813	1.74699	0.0	0.900184	0.0187748	0.960995	0.0933861	0.711264	0.0874952	0.6723	0.0370706	0.0704411	2.15874e-08	0.195281	0.0199131	0.229167	0.041668	-4466.14	3.0	4.3012e-07	-26695.8	4.0	8.42139e-06	1.0	1561.09	53.2851	343.996	28.6293	0.180567	0.0140511	1095.25	6.37578	
1.6-2.4	4.5-5.5	0.0-100.0	0.000-1.571	0.016	0.192	37979.0	37919.0	7623.26	288.704	30296.1	386.436	-0.406914	0.0359646	-0.05	0.0	0.999331	0.156612	3.08891	0.00153777	0.0486658	0.00254011	0.0100041	1.19026	0.03	0.0	1.86	0.0	5.0	0.0	1.38	0.0	0.0486502	0.00222508	0.0	0.0	0.0	0.0	0.0	0.0	0.0	0.0	0.168306	0.155053	0.0139897	0.0158776	0.00935916	0.000455733	1.94031	0.379299	1.06152	0.00705141	0.996446	0.0782411	0.55286	0.0427277	0.845964	0.00633611	0.107881	9.28635e-08	0.315519	0.0162799	0.258018	0.0208036	-34061.7	3.0	1.31163e-08	-368573.0	7.0	0.371236	1.0	6117.31	240.238	1505.95	85.4127	0.197546	0.00834048	1253.32	95.4188	
1.6-2.4	5.5-6.5	0.0-100.0	0.000-1.571	0.016	0.168	18350.0	18310.0	5337.17	120.362	12972.8	148.701	-0.499208	0.0351151	-0.05	0.0	0.909014	0.106051	3.09313	0.00107457	0.05267	0.00253751	0.0310134	0.00876447	0.03	0.0	1.86	0.0	5.0	0.0	1.38	0.0	0.0510807	0.00153546	0.0	0.0	0.0	0.0	0.0	0.0	0.0	0.0	0.433557	0.413492	0.016385	0.017632	0.0086869	0.00075777	1.45242	0.194727	0.866622	0.0136843	0.503038	0.0724744	0.840716	0.0876429	0.67211	0.0453566	0.0705793	0.0202798	0.303052	0.0181781	0.200674	0.0465001	-18399.7	3.0	8.06864e-06	-165761.0	7.0	0.0003991	1.0	4349.43	108.465	987.734	51.3803	0.185067	0.00867517	1157.59	132.402	
1.6-2.4	6.5-30.0	0.0-10.0	0.000-1.571	0.008	0.184	6570.0	6570.0	2753.22	65.8472	3816.6	73.4779	-0.416609	0.0637723	-0.05	0.0	0.680153	0.0	3.09074	0.0	0.0561424	0.0	0.0316358	0.00251952	0.03	0.0	1.492	0.0	5.0	0.0	1.733	0.0	0.049638	0.0002568	0.0	0.0	0.0	0.0	0.0	0.0	0.0	0.0	0.211707	0.0	0.00199102	0.0	0.00445534	0.000878871	1.6767	0.0	1.08326	0.0199596	0.698837	0.227883	0.755723	0.860816	0.660774	0.0299244	0.0706055	0.0851672	0.28552	0.103207	0.213812	0.321625	-7572.18	3.0	3.99241e-07	-53533.2	4.0	1.72972e-05	1.0	2189.85	61.4294	563.371	34.8158	0.204623	0.0116601	1232.97	6.91181	
1.6-2.4	6.5-30.0	0.0-100.0	0.000-1.571	0.008	0.152	16748.0	16725.0	8479.66	158.803	8245.44	158.001	-0.445629	0.0493894	-0.05	0.0	0.680153	0.12413	3.09074	0.000704091	0.0561424	0.00264243	0.0311876	0.00521833	0.03	0.0	1.492	0.0	5.0	0.0	1.733	0.0	0.0495472	0.00178209	0.0	0.0	0.0	0.0	0.0	0.0	0.0	0.0	0.211707	0.175346	0.00199102	0.00574194	0.00390506	0.000480073	1.6767	0.235346	0.920544	0.0110625	0.729275	0.000968557	0.649979	0.00149495	0.550308	0.000858008	0.0705071	0.854052	0.254953	0.000517915	0.0716491	0.038172	-22563.0	3.0	9.65546e-09	-153674.0	7.0	9.5212e-05	1.0	6477.68	133.628	2001.98	67.4225	0.236092	0.0066084	1123.91	85.2144	
1.6-2.4	6.5-30.0	10.0-20.0	0.000-1.571	0.008	0.16	4191.0	4191.0	2022.44	54.9369	2168.58	56.249	-0.346795	0.0846332	-0.05	0.0	0.680153	0.0	3.09074	0.0	0.0561424	0.0	0.0329664	0.00332232	0.03	0.0	1.492	0.0	5.0	0.0	1.733	0.0	0.0499142	0.000350914	0.0	0.0	0.0	0.0	0.0	0.0	0.0	0.0	0.211707	0.0	0.00199102	0.0	0.00190539	0.000996494	1.6767	0.0	0.970153	0.0214722	0.999957	0.174107	0.709933	0.0595889	0.641537	0.0358206	0.0708764	0.791542	0.137183	0.0154437	0.248881	0.0373998	-5725.26	3.0	5.3992e-08	-32556.7	4.0	4.16361e-05	1.0	1559.78	50.4267	462.659	30.0938	0.228763	0.0135203	1156.34	7.10053	
1.6-2.4	6.5-30.0	20.0-30.0	0.000-1.571	0.008	0.152	2674.0	2674.0	1496.63	44.4827	1177.42	40.7367	-0.635357	0.116308	-0.05	0.0	0.680153	0.0	3.09074	0.0	0.0561424	0.0	0.0259334	0.00257394	0.03	0.0	1.492	0.0	5.0	0.0	1.733	0.0	0.0485688	0.000219793	0.0	0.0	0.0	0.0	0.0	0.0	0.0	0.0	0.211707	0.0	0.00199102	0.0	0.00457664	0.00104408	1.6767	0.0	0.839597	0.0251319	0.718381	0.08696	0.837632	0.0717522	0.678696	0.0490194	0.0706288	4.86539e-08	0.201893	0.0263861	0.433503	0.113221	-4000.72	3.0	1.49319e-07	-19906.2	4.0	4.41804e-06	1.0	1106.73	40.3637	389.902	26.1056	0.260519	0.01563	1072.78	7.75251	
1.6-2.4	6.5-30.0	30.0-40.0	0.000-1.571	0.008	0.12	1633.0	1630.0	1003.97	36.0163	625.881	30.3173	-0.531868	0.159408	-0.05	0.0	0.680153	0.0	3.09074	0.0	0.0561424	0.0	0.0274713	0.00323891	0.03	0.0	1.492	0.0	5.0	0.0	1.733	0.0	0.0488385	0.000291359	0.0	0.0	0.0	0.0	0.0	0.0	0.0	0.0	0.211707	0.0	0.00199102	0.0	0.00205709	0.00132175	1.6767	0.0	0.852883	0.029842	1.0	0.0691229	1.0	0.142462	0.733374	0.0356049	0.0704555	2.37934e-09	0.26798	0.0347475	0.0722655	3.77922e-06	-2624.16	3.0	9.62779e-06	-11446.8	4.0	1.61664e-05	1.0	710.701	32.3368	293.274	22.5019	0.292113	0.0198122	1081.01	9.27993	
1.6-2.4	6.5-30.0	40.0-50.0	0.000-1.571	0.008	0.136	890.0	889.0	584.858	26.8457	304.078	20.9746	-0.95805	0.233319	-0.05	0.0	0.680153	0.0	3.09074	0.0	0.0561424	0.0	0.0308025	0.00371158	0.03	0.0	1.492	0.0	5.0	0.0	1.733	0.0	0.0494701	0.000369586	0.0	0.0	0.0	0.0	0.0	0.0	0.0	0.0	0.211707	0.0	0.00199102	0.0	0.00108736	0.00148237	1.6767	0.0	0.68323	0.034548	0.745638	0.0745767	0.999879	0.0381313	0.421341	0.0803984	0.0705726	3.1576e-09	0.253608	0.0355162	0.132601	2.76204	-1506.82	3.0	9.02932e-07	-5764.87	4.0	1.08553e-05	1.0	444.676	24.6624	140.181	15.265	0.239684	0.0236683	981.404	9.47982	
1.6-2.4	6.5-30.0	50.0-100.0	0.000-1.571	0.008	0.088	787.0	770.0	606.319	26.7826	163.565	16.5717	-0.239547	0.315355	-0.05	0.0	0.680153	0.0	3.09074	0.0	0.0561424	0.0	0.0451259	0.00597275	0.03	0.0	1.492	0.0	5.0	0.0	1.733	0.0	0.0528691	0.000815287	0.0	0.0	0.0	0.0	0.0	0.0	0.0	0.0	0.211707	0.0	0.00199102	0.0	0.0048794	0.00188082	1.6767	0.0	0.830094	0.0417159	0.771321	0.109989	0.999904	0.875446	0.255971	0.103106	0.0706423	0.0334047	0.224514	0.0345544	0.07051	2.86955e-05	-1525.62	3.0	1.32085e-08	-5028.46	4.0	9.0115e-05	1.0	488.241	25.2954	118.078	14.2103	0.194745	0.0218012	1066.94	12.7923	
2.0-2.4	6.5-30.0	0.0-100.0	0.000-1.571	0.008	0.152	4253.0	4251.0	2303.17	64.3659	1947.84	61.5353	-0.511618	0.0927618	-0.05	0.0	0.853718	0.0550668	3.09094	0.00150637	0.0623676	0.00295889	0.0234203	0.00422533	0.03	0.0	1.492	0.0	5.0	0.0	1.733	0.0	0.0583177	0.00156908	0.0	0.0	0.0	0.0	0.0	0.0	0.0	0.0	0.0616687	0.0610904	-0.00999983	0.0176875	0.00881075	0.0328494	2.1655	0.541626	1.01638	0.453597	0.81179	0.0480365	0.999997	0.218951	0.632335	0.0340808	0.121369	0.0246324	0.198011	0.0146492	0.147445	0.00101634	-5974.29	3.0	299336.0	-33260.8	7.0	2.69017e-05	1.0	1727.38	291.159	575.793	287.579	0.25	0.124667	1121.83	201.722	
