weightedEff_TnPAtRD3_4DEff2_RapPtEffMap5_Ratio
rap	pT	cent	dPhi	ctauErrMin	ctauErrMax	NoCutEntry	CutEntry	NSig	NSigErr	NBkg	NBkgErr	coefExp	coefExpErr	coefPol1	coefPol1Err	coeffGaus	coeffGausErr	meanSig1	meanSig1Err	sigmaSig1	sigmaSig1Err	sigmaSig2	sigmaSig2Err	sigmaSig3	sigmaSig3Err	alpha	alphaErr	enne	enneErr	enneW	enneWErr	sigWidth	sigWidthErr	Gmc	GmcErr	bTau	bTauErr	fracRes	fracResErr	meanResSigW	meanResSigWErr	meanResSigN	meanResSigNErr	sigmaResSigW	sigmaResSigWErr	sigmaResSigN	sigmaResSigNErr	fpm	fpmErr	fLiving	fLivingErr	fbkgCtTot	fbkgCtTotErr	lambdam	lambdamErr	lambdap	lambdapErr	lambdasym	lambdasymErr	NLL	nFitPar	EDM	NLLMass	nFitParMass	EDMMass	Prob	PROMPT	PROMPTErr	NON-PROMPT	NON-PROMPTErr	Bfraction	BfractionErr	Resolution	ResolutionErr	
0.0-0.4	6.5-30.0	0.0-100.0	0.000-1.571	0.008	0.105	9000.0	8988.0	7761.28	92.3283	1226.69	44.6043	-1.07309	0.117612	-0.05	0.0	0.41393	0.0675825	3.09367	0.000253699	0.015217	0.000759925	0.0231563	0.000906667	0.03	0.0	1.696	0.0	5.0	0.0	1.718	0.0	0.0202511	0.000413361	1.23578e-05	0.0128429	0.36952	0.00944187	0.44677	0.141299	-0.000774749	0.00115443	0.000581033	0.000706247	1.18582	0.0694746	0.880624	0.0192637	0.995055	0.953439	0.873923	0.122721	0.222736	0.0555843	0.141334	1.07698	0.356451	0.0281432	0.248207	0.323589	-23352.2	4.0	6.09818e-07	-88386.4	7.0	3.80243e-05	1.0	5595.52	82.8617	2165.75	55.6687	0.279046	0.00635824	1028.24	28.4715	
0.0-1.2	6.5-30.0	0.0-100.0	0.000-1.571	0.008	0.145	31769.0	31754.0	27401.7	174.941	4352.91	86.9131	-1.07304	0.064183	-0.05	0.0	0.381524	0.0421299	3.09366	0.000181707	0.018487	0.000692339	0.0313123	0.000764418	0.03	0.0	1.696	0.0	5.0	0.0	1.718	0.0	0.0271438	0.000379302	1.01594e-05	0.0045946	0.368758	0.00503698	0.0390389	0.0103328	-0.00174128	0.00308162	0.000297544	0.000233037	2.01564	0.13992	0.987311	0.00647107	1.0	0.0299058	0.898093	0.0159473	0.268203	0.0159941	0.144325	37.0347	0.420591	0.0109834	0.18755	0.0249799	-75249.9	4.0	2.25243e-06	-345286.0	7.0	0.000179366	1.0	19756.2	157.442	7645.53	106.121	0.279016	0.00343882	1046.58	9.71416	
0.0-2.4	10.0-13.0	0.0-100.0	0.000-1.571	0.008	0.145	12596.0	12585.0	10678.5	111.698	1906.39	60.8364	-1.22267	0.0976101	-0.05	0.0	0.461539	0.039318	3.09341	0.000357514	0.0460436	0.00137425	0.0231266	0.000857161	0.03	0.0	1.696	0.0	5.0	0.0	1.718	0.0	0.0355873	0.000618507	1.22072e-05	0.0133174	0.39094	0.0079331	0.0307555	0.0102492	0.002156	0.00527054	0.000298681	0.000353548	2.23784	0.221634	0.984225	0.0107219	0.973331	0.017434	0.993261	0.0342779	0.237117	0.0202553	0.140888	2.84855e-08	0.399969	0.0149551	0.141321	6.25672e-06	-26250.5	4.0	6.43961e-08	-122519.0	7.0	1.74456e-05	1.0	7322.21	97.2144	3356.32	69.4047	0.314305	0.00560664	1045.43	13.235	
0.0-2.4	10.0-30.0	0.0-100.0	0.000-1.571	0.008	0.145	19613.0	19602.0	16343.5	138.974	3258.17	78.8828	-1.24656	0.0745404	-0.05	0.0	0.467104	0.0329371	3.09352	0.000287215	0.0452907	0.00111095	0.0228647	0.000709449	0.03	0.0	1.696	0.0	5.0	0.0	1.718	0.0	0.0351674	0.00050482	1.00498e-05	0.00459465	0.379962	0.00580991	0.0302029	0.00772777	-0.00137981	0.00391645	2.469e-06	0.000274854	2.28455	0.177331	0.990371	0.00890058	0.975424	0.0129511	0.989773	0.0192739	0.256406	0.014938	0.141057	0.0425809	0.418264	0.0119683	0.141145	5.24385e-08	-38905.0	4.0	5.47774e-05	-198903.0	7.0	5.3872e-05	1.0	10461.6	117.234	5881.9	91.2784	0.359892	0.00467191	1053.02	10.5213	
0.0-2.4	11.0-13.0	0.0-100.0	0.000-1.571	0.008	0.145	6687.0	6684.0	5684.4	81.9543	999.982	45.0723	-1.35714	0.138799	-0.05	0.0	0.351531	0.0475288	3.09369	0.000492645	0.05292	0.00277199	0.0246875	0.00102629	0.03	0.0	1.696	0.0	5.0	0.0	1.718	0.0	0.0371442	0.00101095	3.00105e-05	0.000309596	0.398963	0.0104885	0.035575	0.0156752	0.00158392	0.00595811	0.000244847	0.000489915	2.10523	0.269949	1.00285	0.0153738	0.999979	0.655131	0.967807	0.0226218	0.251385	0.0259919	0.140889	5.68261e-09	0.395375	0.0195119	0.140915	0.0756477	-13404.6	4.0	3.83657e-07	-60662.4	7.0	0.000102235	1.0	3728.49	69.8243	1955.91	52.7353	0.344084	0.00783945	1061.89	17.3067	
0.0-2.4	13.0-16.0	0.0-100.0	0.000-1.571	0.008	0.081	4177.0	4171.0	3371.85	62.5235	799.122	36.5589	-1.11257	0.147001	-0.05	0.0	0.605276	0.0649995	3.09346	0.000604655	0.0409633	0.00166369	0.0185381	0.00176415	0.03	0.0	1.696	0.0	5.0	0.0	1.718	0.0	0.0339308	0.000902233	2.11265e-05	10.8791	0.377613	0.0120849	0.0661462	0.04102	-0.00168051	0.0047893	-0.000581675	0.000612713	1.77416	0.264604	0.996798	0.0210463	0.969626	0.0114903	0.999997	0.667215	0.26821	0.0293233	0.206679	0.0741514	0.448193	0.0261093	0.24869	2.05149	-7930.19	4.0	4.28073e-06	-35784.2	7.0	2.02442e-06	1.0	2032.17	51.6334	1339.68	43.1644	0.397313	0.0104689	1065.87	26.947	
0.0-2.4	13.0-30.0	0.0-100.0	0.000-1.571	0.008	0.081	7017.0	7011.0	5656.87	83.2307	1354.17	51.2282	-1.28878	0.11531	-0.05	0.0	0.49121	0.068313	3.09378	0.000485385	0.0436056	0.00186681	0.0220457	0.00156792	0.03	0.0	1.696	0.0	5.0	0.0	1.718	0.0	0.0343699	0.000947892	1.02238e-05	0.00459457	0.369804	0.0086358	0.0480882	0.0218371	-0.00242622	0.00419284	-0.000435076	0.000445846	1.94086	0.230379	0.998098	0.0161828	1.0	10.1743	0.961839	0.0102447	0.275427	0.0118105	0.142948	22.5508	0.443994	0.0120779	0.234015	0.0489769	-12765.9	4.0	1.05632e-05	-63558.9	7.0	5.44197e-06	1.0	3175.25	65.61	2481.62	58.7815	0.438692	0.0081434	1062.75	18.9009	
0.0-2.4	16.0-30.0	0.0-100.0	0.000-1.571	0.008	0.056	2840.0	2828.0	2306.28	51.2901	521.744	29.0896	-1.41957	0.187431	-0.05	0.0	0.150737	0.0524454	3.09377	0.000777805	0.0146202	0.00253353	0.0370524	0.00160096	0.03	0.0	1.696	0.0	5.0	0.0	1.718	0.0	0.0346144	0.000853714	1.01425e-05	0.00459461	0.362717	0.0123045	0.0340288	0.0240391	-0.00317689	0.0069571	-0.000246149	0.000653949	2.18001	0.438439	0.992838	0.0257016	1.0	0.0838508	0.986629	0.0114727	0.279218	0.0310746	0.140918	0.0367746	0.429225	0.0291994	0.23936	0.202665	-4867.74	4.0	3.07171e-05	-22951.4	7.0	6.73523e-06	1.0	1157.29	39.1192	1148.99	38.998	0.498201	0.0127739	1055.42	28.876	
0.0-2.4	6.5-30.0	0.0-100.0	0.000-1.571	0.004	0.224	70968.0	70945.0	60473.9	267.24	10470.8	146.234	-1.12719	0.0415839	-0.05	0.0	0.457305	0.0191503	3.09236	0.000160622	0.0470589	0.000604087	0.0255085	0.00041008	0.03	0.0	1.696	0.0	5.0	0.0	1.718	0.0	0.0369573	0.00027906	1.01537e-05	0.0045946	0.368705	0.00356175	0.0430983	0.00586475	-0.000930869	0.00240021	0.000345588	0.000164205	2.16125	0.0881268	0.959382	0.00422747	1.0	1.02546	0.856708	0.0248796	0.285512	0.0119217	0.14236	3390.31	0.427494	0.00805541	0.14098	0.0113745	-149664.0	4.0	9.56979e-05	-811630.0	7.0	8.41463e-06	1.0	44552.3	242.076	15921.6	157.446	0.263281	0.0023291	1040.22	6.85523	
0.0-2.4	6.5-7.5	0.0-100.0	0.000-1.571	0.008	0.168	21525.0	21512.0	18620.7	148.821	2891.27	80.0544	-0.754068	0.0786843	-0.05	0.0	0.453732	0.0365375	3.09115	0.00031204	0.0494315	0.00117183	0.0279799	0.000778075	0.03	0.0	1.696	0.0	5.0	0.0	1.718	0.0	0.0391962	0.000534024	2.82935e-05	5.56844e-05	0.389417	0.0079888	0.0564692	0.0173463	0.0089199	0.0166626	0.00046317	0.000348722	1.98278	0.173627	0.970164	0.00749233	0.924537	0.035402	0.961357	0.808679	0.414878	0.0824306	0.140995	1.91008e-07	0.407392	0.0209771	0.141159	4.7381	-46458.2	4.0	4.27767e-05	-220184.0	7.0	6.88318e-06	1.0	14987.7	140.136	3633.05	78.3112	0.195108	0.00390582	1053.6	15.7221	
0.0-2.4	6.5-8.0	0.0-100.0	0.000-1.571	0.008	0.168	29451.0	29434.0	25370.2	173.394	4064.5	93.595	-0.868207	0.0664243	-0.05	0.0	0.502011	0.0323068	3.09128	0.000264479	0.0482626	0.000863011	0.0266029	0.000784706	0.03	0.0	1.696	0.0	5.0	0.0	1.718	0.0	0.0390097	0.000449775	1.01726e-05	0.00459459	0.389398	0.00672172	0.0575665	0.0136708	0.00223244	0.00490816	0.000567356	0.0002909	2.00934	0.138671	0.954483	0.00633857	1.0	21643.6	0.743954	2.35417	0.302646	0.585947	0.140975	38631.6	0.404855	0.156329	0.14091	1.5832e-07	-63652.1	4.0	9.72635e-07	-310538.0	7.0	3.52028e-05	1.0	20273.0	162.729	5097.29	92.1768	0.200916	0.00336378	1044.52	13.0787	
0.0-2.4	6.5-8.5	0.0-100.0	0.000-1.571	0.008	0.168	36956.0	36937.0	31798.3	192.28	5138.12	101.479	-0.960391	0.0590578	-0.05	0.0	0.484561	0.024834	3.09141	0.000232028	0.0478918	0.000728317	0.0266386	0.000588106	0.03	0.0	1.696	0.0	5.0	0.0	1.718	0.0	0.0384339	0.000353349	1.02618e-05	0.00459455	0.374136	0.00571365	0.0565076	0.0117314	-0.00114815	0.00417186	0.00113451	0.000254829	2.00908	0.120785	0.955657	0.00572155	1.0	82745.3	0.750125	33.802	0.346081	5.16637	0.14099	126223.0	0.434754	1.62285	0.141025	4.03789	-80101.4	4.0	1.26599e-07	-398284.0	7.0	4.01512e-05	1.0	25178.3	180.287	6619.94	104.527	0.208186	0.00303657	1043.92	11.2353	
0.0-2.4	7.5-8.5	0.0-100.0	0.000-1.571	0.008	0.136	15431.0	15410.0	13162.6	124.307	2247.85	67.3613	-1.24039	0.0901827	-0.05	0.0	0.541527	0.0434435	3.09179	0.000347565	0.0456947	0.00102918	0.0242925	0.00114172	0.03	0.0	1.696	0.0	5.0	0.0	1.718	0.0	0.0374335	0.000577433	3.14286e-05	0.000250139	0.356629	0.00819528	0.0553572	0.0153282	-0.00751851	0.00509998	0.00180821	0.000372855	2.03235	0.165504	0.942193	0.00888067	0.999067	0.00892386	0.714903	0.122174	0.269268	0.0918273	0.14133	3.88224e-08	0.448858	0.0317477	0.140999	0.0525283	-33649.1	4.0	7.64611e-05	-152858.0	7.0	0.000125304	1.0	10212.7	115.264	2949.88	68.9892	0.224112	0.00479498	1033.07	15.5092	
0.0-2.4	8.0-10.0	0.0-100.0	0.000-1.571	0.008	0.136	21903.0	21888.0	18735.6	149.267	3152.09	81.8373	-1.33855	0.077413	-0.05	0.0	0.399524	0.0394016	3.09263	0.000281	0.0459919	0.00119002	0.0264584	0.000749141	0.03	0.0	1.696	0.0	5.0	0.0	1.718	0.0	0.0355733	0.000525371	2.68589e-05	0.000536565	0.347018	0.00626042	0.0458891	0.0102194	-0.0026995	0.0043131	0.000533223	0.000293166	2.19478	0.149274	0.939893	0.00739833	0.999998	0.0145007	0.839156	0.0228962	0.234322	0.0192907	0.141362	0.793221	0.451212	0.0141886	0.154601	0.0184962	-47834.4	4.0	7.27143e-06	-225231.0	7.0	0.000168542	1.0	14056.1	136.398	4679.55	86.3354	0.249767	0.00415629	1031.46	12.5853	
0.0-2.4	8.5-9.5	0.0-100.0	0.000-1.571	0.008	0.136	10645.0	10639.0	9117.77	103.613	1521.4	56.0311	-1.26404	0.110539	-0.05	0.0	0.382406	0.0536288	3.09317	0.000395841	0.0454138	0.00174541	0.0263374	0.000942523	0.03	0.0	1.696	0.0	5.0	0.0	1.718	0.0	0.0348867	0.000716736	1.33225e-05	0.00459315	0.361065	0.00920767	0.0500628	0.0142661	0.00161968	0.00572458	0.000580978	0.000413582	2.25294	0.202615	0.934321	0.0103722	1.0	0.195036	0.899102	0.0248186	0.236975	0.0248996	0.141149	2782.31	0.448037	0.0193021	0.14889	0.0313012	-23490.1	4.0	1.70907e-06	-101955.0	7.0	7.55274e-05	1.0	6835.1	94.6535	2282.67	59.9916	0.250354	0.00593276	1040.85	18.6404	
0.0-2.4	9.5-11.0	0.0-100.0	0.000-1.571	0.008	0.128	9660.0	9652.0	8190.06	97.5368	1461.9	52.7391	-1.28657	0.111313	-0.05	0.0	0.533355	0.0494864	3.09282	0.000414626	0.043068	0.00122425	0.0230366	0.00117944	0.03	0.0	1.696	0.0	5.0	0.0	1.718	0.0	0.0351701	0.000639758	2.86811e-05	0.000348843	0.364117	0.00907905	0.0230452	0.0104935	-0.00132346	0.00761159	-0.000755458	0.000408201	2.46487	0.337054	0.956248	0.0113727	0.934619	0.0236292	1.0	0.0725777	0.208087	0.0257672	0.141121	0.0450559	0.423027	0.0177534	0.153608	0.00187054	-20746.0	4.0	2.68005e-06	-91496.8	7.0	1.8396e-06	1.0	5858.73	86.9005	2331.34	58.7737	0.284654	0.00632504	1016.54	17.129	
0.4-0.8	6.5-30.0	0.0-100.0	0.000-1.571	0.008	0.073	9870.0	9839.0	8441.98	96.9441	1397.07	48.5111	-1.20014	0.11193	-0.05	0.0	0.415673	0.0665219	3.09411	0.000299146	0.0195366	0.000833863	0.0275904	0.0010973	0.03	0.0	1.696	0.0	5.0	0.0	1.718	0.0	0.0245654	0.000463325	2.82435e-05	0.000449249	0.356836	0.00831288	0.076506	0.0434519	-0.00258405	0.00354869	-0.000473544	0.000428686	1.67312	0.203336	0.970585	0.0122306	0.938851	0.0146961	1.0	0.00251311	0.217718	0.0228911	0.140939	0.0343709	0.444183	0.0187126	0.804166	3.64536	-23418.7	4.0	1.99559e-05	-96017.7	7.0	2.49951e-05	1.0	5887.62	86.0107	2554.36	60.721	0.302579	0.00629779	1041.22	23.6516	
0.8-1.2	6.5-30.0	0.0-100.0	0.000-1.571	0.008	0.145	12898.0	12894.0	10988.4	112.643	1905.42	60.0455	-1.11165	0.096924	-0.05	0.0	0.550651	0.057159	3.09339	0.000352198	0.0349613	0.000932879	0.0285941	0.00125804	0.03	0.0	1.696	0.0	5.0	0.0	1.718	0.0	0.0322561	0.000415233	1.00235e-05	0.00459466	0.380546	0.00855291	0.021701	0.00683238	-0.000835981	0.00729644	0.00101761	0.000360792	2.63751	0.286474	1.00413	0.00990758	0.975232	0.00980992	1.0	0.000976012	0.355642	0.0226974	0.236577	0.0763975	0.428295	0.0175455	4.54267	1.21019	-29135.8	4.0	1.77563e-05	-126708.0	7.0	3.19785e-05	1.0	8156.94	101.751	2831.51	64.8381	0.25768	0.0052763	1066.47	13.0644	
1.2-1.6	6.5-30.0	0.0-100.0	0.000-1.571	0.004	0.152	16078.0	16068.0	13918.3	129.29	2149.67	70.3347	-0.902322	0.0958259	-0.05	0.0	0.538643	0.0588042	3.08934	0.000380674	0.0337316	0.000905147	0.0479106	0.00202357	0.03	0.0	1.696	0.0	5.0	0.0	1.718	0.0	0.0408887	0.000716122	1.10187e-05	0.00459421	0.383107	0.00761831	0.0606589	0.0149845	-0.000791808	0.00423917	0.00107547	0.000347763	1.99894	0.146766	0.95466	0.00886777	1.0	62420.9	0.82502	32.9433	0.307798	0.531769	0.141093	58066.0	0.468199	1.49923	0.140892	13.7452	-33252.9	4.0	1.15871e-07	-159385.0	7.0	7.4356e-06	1.0	10216.2	116.292	3702.08	75.4997	0.265987	0.0048291	1048.08	14.4224	
1.6-2.0	6.5-30.0	0.0-100.0	0.000-1.571	0.004	0.145	16117.0	16104.0	13738.4	131.552	2365.92	77.0272	-1.34552	0.0970056	-0.05	0.0	0.754679	0.0586799	3.08954	0.000437992	0.0420754	0.000857985	0.0637316	0.00473143	0.03	0.0	1.696	0.0	5.0	0.0	1.718	0.0	0.0482955	0.00107262	1.76494e-05	0.00459116	0.354115	0.00760806	0.0501204	0.0105066	0.00447381	0.00580861	0.00050054	0.000365641	2.34179	0.172123	0.929791	0.00854534	0.998852	1.35577	0.836886	0.481639	0.332303	0.165485	0.140888	2.07142e-09	0.421242	0.0568406	0.140942	0.139657	-31473.4	4.0	5.75615e-05	-157855.0	7.0	3.94714e-05	1.0	10381.3	120.336	3357.07	75.0487	0.244357	0.00493621	1046.92	15.5052	
1.6-2.4	3.0-30.0	0.0-100.0	0.000-1.571	0.004	0.24	88930.0	88807.0	74378.6	348.909	14427.8	248.099	-0.52568	0.0371701	-0.05	0.0	0.331817	0.053432	3.08916	0.000204814	0.0639451	0.00249515	0.0423943	0.000737831	0.03	0.0	2.059	0.0	5.0	0.0	1.41	0.0	0.0505737	0.000826472	1.03367e-05	0.00459452	0.373708	0.40161	0.048199	0.00677046	0.00323956	0.0047584	0.00049033	0.00840459	2.28286	0.107063	0.877053	0.489806	0.817944	0.0	0.9999	0.0	0.604322	0.0	0.0846182	0.0	0.4172	0.0	0.483258	0.0	-1e+30	4.0	0.0	-1014090.0	7.0	5.53976e-05	1.0	68948.4	27103.1	5430.16	27101.2	0.073007	0.364368	991.631	206.39	
1.6-2.4	3.0-4.5	0.0-100.0	0.000-1.571	0.024	0.24	34202.0	34127.0	28382.2	203.853	5745.02	137.508	0.13182	0.0599963	-0.05	0.0	0.301488	0.0547923	3.08916	0.00033845	0.069424	0.00338641	0.0422716	0.00108293	0.03	0.0	2.04	0.0	5.0	0.0	1.31	0.0	0.0519735	0.00109476	2.69452e-05	0.00010696	0.504641	0.0115239	0.0920982	0.0334626	-0.00295184	0.0134997	0.000535092	0.000431157	1.7428	0.171363	0.927321	0.00566394	0.974405	0.0339486	0.587308	0.185749	0.436976	0.18063	0.71916	0.257401	0.581823	0.0353479	0.140933	0.146401	-56838.9	4.0	2.49621e-06	-355907.0	7.0	0.000138955	1.0	25008.2	196.771	3373.99	83.9211	0.118877	0.00283086	1029.79	22.2845	
1.6-2.4	3.0-5.5	0.0-100.0	0.000-1.571	0.024	0.24	52505.0	52397.0	43559.3	274.914	8838.26	201.757	-0.155181	0.0503044	-0.05	0.0	0.321987	0.0653169	3.08871	0.000271216	0.0652083	0.00336241	0.0422322	0.000976175	0.03	0.0	2.04	0.0	5.0	0.0	1.31	0.0	0.050778	0.0010905	1.07449e-05	0.00459433	0.471404	0.00842423	0.0947176	0.0252455	-0.00210053	0.00695986	0.000108986	0.000332382	1.7053	0.119034	0.917897	0.0046082	1.0	0.0219837	0.610692	0.0195951	0.373889	0.0127293	0.141209	1127.97	0.543699	0.0147482	0.140891	3.22436e-08	-88643.7	4.0	2.75171e-05	-569502.0	7.0	2.96397e-05	1.0	37984.7	260.964	5574.57	108.944	0.127977	0.00236705	1018.91	16.0076	
1.6-2.4	3.0-6.5	0.0-100.0	0.000-1.571	0.016	0.24	65809.0	65692.0	54926.5	277.914	10765.8	181.864	-0.274241	0.0434157	-0.05	0.0	0.341754	0.0430225	3.08902	0.000241257	0.064936	0.00186645	0.0421873	0.000793082	0.03	0.0	2.04	0.0	5.0	0.0	1.31	0.0	0.0511135	0.000688142	1.26007e-05	0.00459348	0.463398	0.00721973	0.0545752	0.0111807	0.00463949	0.00732318	0.000123069	0.000274773	2.11806	0.135123	0.938991	0.00399371	1.0	0.0610292	0.639097	0.0171803	0.388291	0.0110402	0.141056	932.632	0.538886	0.0128003	0.140928	2.71922e-09	-113415.0	4.0	3.11327e-07	-729345.0	7.0	3.34956e-05	1.0	47648.6	268.107	7277.96	122.936	0.132503	0.00213542	1038.47	12.3934	
1.6-2.4	4.5-5.5	0.0-100.0	0.000-1.571	0.024	0.192	18302.0	18263.0	15239.8	154.689	3023.2	108.038	-0.706502	0.0829891	-0.05	0.0	0.350547	0.111895	3.08785	0.000451995	0.0594298	0.00395134	0.0425893	0.00132709	0.03	0.0	2.04	0.0	5.0	0.0	1.31	0.0	0.0491539	0.00134037	2.75213e-05	0.000465277	0.423177	0.0119925	0.103514	0.0420907	-0.000476917	0.00793976	-0.00055417	0.000524202	1.6297	0.164957	0.906171	0.00795233	1.0	0.0109378	0.734618	0.052925	0.300112	0.0400932	0.140915	4.38574e-06	0.485764	0.01913	0.140959	0.0309959	-31975.9	4.0	2.02031e-05	-179709.0	7.0	1.46476e-05	1.0	13039.0	146.991	2200.79	67.7409	0.14441	0.00419635	1005.52	23.8844	
1.6-2.4	5.5-6.5	0.0-100.0	0.000-1.571	0.024	0.16	13304.0	13283.0	11382.4	123.963	1900.98	76.6961	-0.838667	0.103536	-0.05	0.0	0.400458	0.0924263	3.0903	0.000534641	0.0646974	0.00331774	0.0423278	0.00186321	0.03	0.0	2.04	0.0	5.0	0.0	1.31	0.0	0.0524441	0.00140979	1.00139e-05	0.00459467	0.429059	0.0130703	0.163974	0.0525224	0.00159916	0.00563014	0.000556655	0.000556227	1.56105	0.126401	0.882791	0.0097608	0.855653	0.017906	0.99734	0.502138	0.439583	0.0126804	0.140935	0.00842704	0.487448	0.0114046	0.140912	4.8954	-24803.2	4.0	8.9258e-05	-126667.0	7.0	5.27922e-05	1.0	9603.03	117.902	1779.4	57.7806	0.156329	0.00478228	1025.24	26.6832	
1.6-2.4	6.5-30.0	0.0-100.0	0.000-1.571	0.008	0.188	23120.0	23111.0	19560.6	156.592	3550.57	92.1511	-1.23097	0.0750434	-0.05	0.0	0.612712	0.0477325	3.09	0.000392513	0.0528687	0.00102833	0.0396295	0.00138499	0.03	0.0	1.696	0.0	5.0	0.0	1.718	0.0	0.0481749	0.000510114	1.30059e-05	0.00459329	0.359133	0.00664069	0.0446101	0.00857781	0.00265167	0.00592245	-0.000106511	0.000315527	2.45063	0.167161	0.925109	0.00720921	0.988584	0.0405615	0.870095	0.0744274	0.305549	0.0190344	0.140976	2.29646e-07	0.405663	0.0147604	0.1409	1.952e-06	-43636.7	4.0	9.68095e-05	-233879.0	7.0	2.56068e-05	1.0	14881.3	144.398	4679.29	89.786	0.23922	0.00417156	1041.9	14.0927	
2.0-2.4	6.5-30.0	0.0-100.0	0.000-1.571	0.008	0.144	7003.0	6991.0	5906.91	89.1445	1084.4	55.8853	-1.10956	0.140846	-0.05	0.0	0.490381	0.102293	3.08943	0.000804462	0.0614814	0.00269512	0.0448748	0.00224904	0.03	0.0	1.696	0.0	5.0	0.0	1.718	0.0	0.0536644	0.00122932	1.21911e-05	0.00459367	0.371774	0.0131432	0.0274908	0.012152	-0.01	0.0156797	-0.00192159	0.000631416	3.13309	0.601028	0.922057	0.0135618	0.999996	1.37165	0.899955	0.0204358	0.253823	0.0138706	0.141176	1.97538	0.379352	0.0106812	0.140964	3.55954e-09	-12227.3	4.0	1.03363e-06	-61751.1	7.0	0.000120514	1.0	4537.16	82.7284	1369.75	50.8211	0.23189	0.00785978	1047.22	36.3478	
