v2W_signalCB3WN
rap	pT	cent	dPhi	ctauErrMin	ctauErrMax	NoCutEntry	CutEntry	NSig	NSigErr	NBkg	NBkgErr	coefExp	coefExpErr	coefPol1	coefPol1Err	coeffGaus	coeffGausErr	meanSig1	meanSig1Err	sigmaSig1	sigmaSig1Err	sigmaSig2	sigmaSig2Err	sigmaSig3	sigmaSig3Err	alpha	alphaErr	enne	enneErr	enneW	enneWErr	sigWidth	sigWidthErr	Gmc	GmcErr	bTau	bTauErr	fracRes	fracResErr	meanResSigW	meanResSigWErr	meanResSigN	meanResSigNErr	sigmaResSigW	sigmaResSigWErr	sigmaResSigN	sigmaResSigNErr	fpm	fpmErr	fLiving	fLivingErr	fbkgCtTot	fbkgCtTotErr	lambdam	lambdamErr	lambdap	lambdapErr	lambdasym	lambdasymErr	NLL	nFitPar	EDM	NLLMass	nFitParMass	EDMMass	Prob	PROMPT	PROMPTErr	NON-PROMPT	NON-PROMPTErr	Bfraction	BfractionErr	Resolution	ResolutionErr	
0.0-1.2	6.5-30.0	0.0-100.0	0.000-0.393	0.008	0.088	5399.0	5396.0	3521.97	137.25	1874.28	105.586	0.416196	0.214382	-0.05	0.0	0.1	0.0	3.09346	0.0	0.1	0.0	0.03	0.0	0.0246896	0.0	1.492	0.04	5.0	0.0	1.733	0.07	0.0246896	0.0	2.21795e-05	1.43176	0.426081	0.0899782	0.245908	0.0821935	-0.000109909	0.00257936	0.0013861	0.00126445	1.688	0.125228	0.888977	0.0341158	0.657723	2.92968	0.777016	1.00599	0.551031	1.33295	0.0377098	0.193945	0.230694	0.124357	0.173391	0.334557	-14580.8	4.0	9072.13	-209067.0	3.0	35.0322	1.0	2268.29	138.551	1253.67	117.344	0.355959	0.0302927	1.13869	0.0447491	
0.0-1.2	6.5-30.0	0.0-100.0	0.000-1.571	0.008	0.105	20225.0	20221.0	12789.0	256.0	7431.87	209.731	0.132834	0.110303	-0.05	0.0	0.1	0.0	3.09346	0.000564021	0.1	0.0	0.03	0.0	0.0246896	0.00037764	1.492	0.04	5.0	0.0	1.733	0.07	0.0246896	0.00037764	1.87255e-05	2.6751e-05	0.4065	0.0535624	0.236177	0.079527	5.83622e-05	0.00144617	0.000961335	0.000658682	1.60413	0.0920545	0.897095	0.019013	0.607054	0.239684	0.933105	0.0920198	0.467643	0.199951	0.0588601	0.0409862	0.229346	0.0462292	1.25616	6.84293	-12318.7	4.0	50956.4	-909258.0	5.0	2241.42	1.0	8548.35	280.508	4240.66	237.929	0.331586	0.0173799	1.10564	0.0359823	
0.0-1.2	6.5-30.0	0.0-100.0	0.393-0.785	0.008	0.096	5229.0	5227.0	3271.06	122.747	1956.64	97.2338	0.000708462	0.174074	-0.05	0.0	0.1	0.0	3.09346	0.0	0.1	0.0	0.03	0.0	0.0246896	0.0	1.492	0.04	5.0	0.0	1.733	0.07	0.0246896	0.0	1.00937e-05	0.00103092	0.404909	0.0931138	0.0755589	0.0712515	0.0054884	0.00636296	-0.000721544	0.00117494	1.88269	0.329588	0.989815	0.0383079	0.620959	1.01346	0.96243	12.7799	0.329359	1.61055	0.0570137	0.0653049	0.163362	0.107369	0.0410983	0.148867	-16385.9	4.0	6730.66	-166466.0	3.0	92.4284	1.0	2241.43	133.261	1029.63	110.349	0.314769	0.0315994	1.08329	0.0500863	
0.0-1.2	6.5-30.0	0.0-100.0	0.785-1.178	0.008	0.08	5093.0	5089.0	3224.79	148.305	1864.51	120.657	0.168248	0.243205	-0.05	0.0	0.1	0.0	3.09346	0.0	0.1	0.0	0.03	0.0	0.0246896	0.0	1.492	0.04	5.0	0.0	1.733	0.07	0.0246896	0.0	4.10143e-05	0.000107112	0.462791	0.164772	0.187448	0.146811	0.00147636	0.00343833	0.000929631	0.00136643	1.59152	0.210616	0.894798	0.0385143	0.694369	5.22388	0.538404	1.99793	0.418865	2.29627	0.0357832	0.389087	0.490407	0.42006	0.0985128	0.081627	22320.3	4.0	33479.2	-278519.0	3.0	329.354	1.0	2061.01	161.813	1163.78	141.647	0.360885	0.0406682	1.06084	0.0681407	
0.0-1.2	6.5-30.0	0.0-100.0	1.178-1.571	0.008	0.088	4502.0	4500.0	2765.45	104.316	1734.82	97.6667	-0.0646638	0.238024	-0.05	0.0	0.1	0.0	3.09346	0.0	0.1	0.0	0.03	0.0	0.0246896	0.0	1.492	0.04	5.0	0.0	1.733	0.07	0.0246896	0.0	1.37041e-05	2.80645	0.290877	0.0452399	0.822701	0.0724277	-0.00109986	0.000962734	-1.42175e-05	0.00352632	1.28762	0.0347594	0.6	0.239887	0.695159	0.169935	0.829457	0.270723	0.491476	0.156802	0.0547887	0.0416138	0.231691	0.0361446	1.68071	12.2074	-12571.9	4.0	1789.19	-125335.0	3.0	1464.7	1.0	1960.53	102.266	804.92	76.8839	0.291063	0.0255418	1.19492	0.0271709	
0.0-1.2	6.5-30.0	10.0-60.0	0.000-0.393	0.008	0.073	3262.0	3257.0	2224.62	100.669	1032.69	73.4272	0.323378	0.273043	-0.05	0.0	0.1	0.0	3.09346	0.0	0.1	0.0	0.03	0.0	0.0247618	0.0	1.492	0.04	5.0	0.0	1.733	0.07	0.0247618	0.0	1.05857e-05	4.67892e-05	0.378098	0.0732765	0.236177	0.0	5.83622e-05	0.0	-0.00148193	0.00137733	1.60413	0.0	0.873553	0.0421948	0.962705	26.9731	0.465383	5.01783	0.436739	5.17448	0.00100626	0.442413	0.231129	0.0607423	0.0473852	0.0237962	-10349.5	4.0	3774.68	-104913.0	3.0	19.5664	1.0	1426.03	99.0785	798.588	83.4162	0.358978	0.0337955	1.09115	0.0129011	
0.0-1.2	6.5-30.0	10.0-60.0	0.000-1.571	0.008	0.105	12321.0	12317.0	8378.63	209.927	3939.04	155.739	0.20074	0.174456	-0.05	0.0	0.1	0.0	3.09346	0.0	0.1	0.0	0.03	0.0	0.0247618	0.000252371	1.492	0.04	5.0	0.0	1.733	0.07	0.0247618	0.000252371	1.87255e-05	2.6751e-05	0.434673	0.076691	0.236177	0.0	5.83622e-05	0.0	0.000220127	0.00077603	1.60413	0.0	0.861931	0.0218109	0.566416	0.414403	0.918375	0.0760113	0.385934	0.424524	0.0498438	0.0396625	0.232635	0.0510489	4.99988	1172.61	6764.07	4.0	42434.0	-580744.0	4.0	1727.55	1.0	5571.73	229.178	2806.9	194.885	0.335007	0.0216926	1.08407	0.00662298	
0.0-1.2	6.5-30.0	10.0-60.0	0.393-0.785	0.008	0.073	3260.0	3258.0	2220.62	104.345	1037.48	73.644	0.234101	0.253841	-0.05	0.0	0.1	0.0	3.09346	0.0	0.1	0.0	0.03	0.0	0.0247618	0.0	1.492	0.04	5.0	0.0	1.733	0.07	0.0247618	0.0	2.45136e-05	0.0594659	0.462837	0.159247	0.236177	0.0	5.83622e-05	0.0	-0.000146349	0.00147477	1.60413	0.0	0.859305	0.0504043	0.539642	0.021133	0.999998	61.3116	0.217194	0.0348113	0.0476969	0.00261347	0.163981	0.00939275	0.0371774	264.97	-11539.1	4.0	5446.78	-107008.0	3.0	163.438	1.0	1573.33	112.849	647.283	90.5228	0.291488	0.0383948	1.08247	0.0152813	
0.0-1.2	6.5-30.0	10.0-60.0	0.785-1.178	0.008	0.064	3034.0	3028.0	2100.42	132.877	928.02	93.6624	0.172616	0.427349	-0.05	0.0	0.1	0.0	3.09346	0.0	0.1	0.0	0.03	0.0	0.0247618	0.0	1.492	0.04	5.0	0.0	1.733	0.07	0.0247618	0.0	3.78823e-05	8.58329e-05	0.539066	0.287422	0.236177	0.0	5.83622e-05	0.0	0.00141997	0.00169326	1.60413	0.0	0.766187	0.0399717	0.819424	5.1633	0.400469	27.2045	0.0202836	179.743	0.136542	2.29808	0.633649	4.15776	0.02477	1.98422	23538.4	4.0	29199.9	-200942.0	3.0	276.884	1.0	1303.12	133.567	797.303	116.569	0.379592	0.0500336	1.02768	0.0113813	
0.0-1.2	6.5-30.0	10.0-60.0	1.178-1.571	0.008	0.064	2764.0	2760.0	1820.25	87.8871	940.27	80.2719	0.0542754	0.409156	-0.05	0.0	0.1	0.0	3.09346	0.0	0.1	0.0	0.03	0.0	0.0247618	0.0	1.492	0.04	5.0	0.0	1.733	0.07	0.0247618	0.0	2.4668e-05	4.15522	0.323586	0.0641915	0.236177	0.0	5.83622e-05	0.0	-0.00177938	0.00178829	1.60413	0.0	0.87526	0.0375188	0.579154	3.39299	0.824548	2.18849	0.300188	2.98154	0.0511263	0.340192	0.163773	0.669215	4.99931	10299.1	-6277.5	4.0	1969.06	-80100.6	3.0	1862.12	1.0	1237.83	86.4724	582.419	68.5295	0.319967	0.0343327	1.09219	0.0114828	
0.0-2.4	10.0-13.0	0.0-100.0	0.000-0.393	0.016	0.08	1648.0	1641.0	1230.06	58.9163	411.1	36.6279	0.46075	0.258589	-0.05	0.0	0.1	0.0	3.09245	0.0	0.1	0.0	0.03	0.0	0.0312022	0.0	1.492	0.04	5.0	0.0	1.733	0.07	0.0312022	0.0	1.71938e-05	0.0002901	0.361966	0.0830882	0.274398	0.109498	-0.00249292	0.00355003	0.000967816	0.0015268	1.69599	0.15967	0.830467	0.0425466	0.816584	0.0444206	0.999996	16.4176	0.54439	0.0305006	0.120438	0.0181534	0.205224	0.0183485	0.132618	99.7778	-3973.29	4.0	1284.58	-29377.7	3.0	31.8255	1.0	812.114	58.5806	417.949	48.1601	0.339779	0.0356099	1.13565	0.0630558	
0.0-2.4	10.0-13.0	0.0-100.0	0.000-1.571	0.008	0.136	6551.0	6549.0	4883.26	145.159	1666.89	92.4118	-0.513791	0.150635	-0.05	0.0	0.1	0.0	3.09245	0.00124002	0.1	0.0	0.03	0.0	0.0312022	0.000980067	1.492	0.04	5.0	0.0	1.733	0.07	0.0312022	0.000980067	1.21637e-05	1.85867	0.41602	0.0807963	0.294117	0.0867943	0.000270012	0.00176522	0.000229574	0.000909407	1.60695	0.0922641	0.797111	0.0254613	0.876527	0.375776	0.527903	0.289467	1.70731e-07	15.2454	0.0850355	0.120397	0.301752	0.0782711	0.026819	0.0221659	-6245.75	4.0	14933.3	-191730.0	5.0	4293.83	1.0	3247.57	154.487	1635.69	130.042	0.334958	0.0246986	1.09909	0.0437418	
0.0-2.4	10.0-13.0	0.0-100.0	0.393-0.785	0.008	0.088	1684.0	1683.0	1290.13	78.3031	393.451	42.2377	-0.550058	0.300523	-0.05	0.0	0.1	0.0	3.09245	0.0	0.1	0.0	0.03	0.0	0.0312022	0.0	1.492	0.04	5.0	0.0	1.733	0.07	0.0312022	0.0	1.60627e-05	0.00013147	0.470569	0.204387	0.680848	0.179328	0.0030049	0.00163927	-0.00179546	0.00231251	1.30469	0.0810495	0.605756	0.0738362	0.83588	0.0226638	1.0	40.8366	0.41543	0.0272997	0.0495636	0.00233053	0.207427	0.00732876	0.0339713	359.674	-2629.15	4.0	5206.7	-49728.4	3.0	653.271	1.0	842.025	82.9533	448.108	70.7754	0.347335	0.0506468	1.12963	0.062159	
0.0-2.4	10.0-13.0	0.0-100.0	0.785-1.178	0.008	0.105	1627.0	1626.0	1203.55	81.9682	422.913	51.8346	-1.09203	0.385746	-0.05	0.0	0.1	0.0	3.09245	0.0	0.1	0.0	0.03	0.0	0.0312022	0.0	1.492	0.04	5.0	0.0	1.733	0.07	0.0312022	0.0	8.5376e-05	0.000184274	0.513611	0.31021	0.118034	0.0934839	0.00630016	0.00594207	0.000532778	0.00237013	1.90173	0.316188	0.958743	0.0731351	0.813157	0.49865	0.999984	614.523	0.284639	1.99192	0.0608194	0.524411	0.427583	0.435091	0.0844845	1526.16	731.955	4.0	6366.55	-55121.2	3.0	497.504	1.0	806.869	96.0216	396.684	83.2484	0.329594	0.0654253	1.11246	0.0707202	
0.0-2.4	10.0-13.0	0.0-100.0	1.178-1.571	0.008	0.088	1590.0	1575.0	1157.6	57.6641	417.924	38.9287	-0.829092	0.309278	-0.05	0.0	0.1	0.0	3.09245	0.0	0.1	0.0	0.03	0.0	0.0312022	0.0	1.492	0.04	5.0	0.0	1.733	0.07	0.0312022	0.0	1.34644e-05	0.00253279	0.330003	0.0746525	0.547296	0.182925	-0.00213568	0.00229779	0.00306263	0.0024451	1.46442	0.108951	0.71969	0.0652612	0.999998	463.462	0.505695	0.367346	0.0870502	0.47129	0.0010987	361.207	0.28405	0.0847734	0.0425692	0.0262118	-3331.96	4.0	1010.24	-27650.8	3.0	10.4713	1.0	788.469	58.6012	369.129	47.2183	0.318875	0.03757	1.18666	0.0732347	
0.0-2.4	10.0-13.0	10.0-60.0	0.000-0.393	0.016	0.08	1076.0	1071.0	813.494	44.5171	257.9	28.0135	0.482577	0.314845	-0.05	0.0	0.1	0.0	3.09245	0.0	0.1	0.0	0.03	0.0	0.0315355	0.0	1.492	0.04	5.0	0.0	1.733	0.07	0.0315355	0.0	1.71938e-05	0.0002901	0.302692	0.0612758	0.294117	0.0	0.000270012	0.0	5.35908e-05	0.00178143	1.60695	0.0	0.747027	0.0509325	0.847037	0.0342428	1.0	47.4471	0.510708	0.0341509	0.136766	0.0263933	0.215894	0.0221152	0.162516	292.952	-2678.48	4.0	452.28	-15978.5	3.0	4.70303	1.0	518.319	42.6861	295.175	35.756	0.362848	0.0392129	1.07397	0.0125038	
0.0-2.4	10.0-13.0	10.0-60.0	0.000-1.571	0.008	0.136	4230.0	4228.0	3237.05	126.166	991.593	76.2963	-0.640798	0.204859	-0.05	0.0	0.1	0.0	3.09245	0.0	0.1	0.0	0.03	0.0	0.0315355	0.00109728	1.492	0.04	5.0	0.0	1.733	0.07	0.0315355	0.00109728	1.21637e-05	1.85867	0.466432	0.128712	0.294117	0.0	0.000270012	0.0	0.000855245	0.00115172	1.60695	0.0	0.814179	0.0311984	0.931385	0.428667	0.549394	0.392288	0.0868821	0.403163	0.11278	0.314952	0.332949	0.124145	0.0369541	0.0517688	-1905.27	4.0	12844.7	-137041.0	4.0	2511.73	1.0	2125.95	132.576	1111.1	112.187	0.343244	0.0319711	1.10789	0.00809206	
0.0-2.4	10.0-13.0	10.0-60.0	0.393-0.785	0.016	0.088	1077.0	1076.0	860.518	70.253	216.01	34.4895	-0.774387	0.403263	-0.05	0.0	0.1	0.0	3.09245	0.0	0.1	0.0	0.03	0.0	0.0315355	0.0	1.492	0.04	5.0	0.0	1.733	0.07	0.0315355	0.0	1.60627e-05	0.00013147	0.573094	0.402991	0.294117	0.0	0.000270012	0.0	0.00101544	0.00207018	1.60695	0.0	0.798851	0.0590466	0.71275	0.0453645	1.0	285.616	0.301872	0.0486878	0.0496739	0.00817845	0.18774	0.0208249	0.02	1141.37	-1735.66	4.0	4516.24	-37194.8	3.0	669.172	1.0	561.134	74.8804	299.384	64.0765	0.347911	0.0688327	1.09998	0.0151348	
0.0-2.4	10.0-13.0	10.0-60.0	0.785-1.178	0.016	0.105	1073.0	1072.0	825.957	75.8989	246.339	44.6137	-1.35972	0.61934	-0.05	0.0	0.1	0.0	3.09245	0.0	0.1	0.0	0.03	0.0	0.0315355	0.0	1.492	0.04	5.0	0.0	1.733	0.07	0.0315355	0.0	8.5376e-05	0.000184274	0.673466	0.63911	0.294117	0.0	0.000270012	0.0	2.0084e-05	0.00305561	1.60695	0.0	0.950036	0.0824107	0.983168	0.165341	0.99997	650.044	0.414186	4.2482	0.194195	0.453134	0.559886	0.491541	0.0200271	197.116	458.841	4.0	5312.83	-44497.3	3.0	473.14	1.0	533.432	80.846	292.525	69.6841	0.354165	0.0778379	1.18178	0.0233824	
0.0-2.4	10.0-13.0	10.0-60.0	1.178-1.571	0.016	0.056	1002.0	977.0	720.73	46.8898	256.48	31.181	-0.936628	0.404011	-0.05	0.0	0.1	0.0	3.09245	0.0	0.1	0.0	0.03	0.0	0.0315355	0.0	1.492	0.04	5.0	0.0	1.733	0.07	0.0315355	0.0	1.27211e-05	0.00181467	0.334545	0.104312	0.294117	0.0	0.000270012	0.0	0.00353865	0.00259329	1.60695	0.0	0.894481	0.0708737	0.793294	5.52785	0.585085	2.25661	2.09963e-05	218.864	0.0114562	0.383647	0.278293	0.25055	0.0447592	0.14507	-1733.28	4.0	881.644	-17017.5	3.0	29.9397	1.0	485.918	48.901	234.812	40.3148	0.325797	0.0517646	1.15077	0.0194433	
0.0-2.4	10.0-30.0	0.0-100.0	0.000-0.393	0.008	0.088	2664.0	2659.0	2007.71	82.1236	651.311	50.0294	0.258823	0.243534	-0.05	0.0	0.1	0.0	3.09354	0.0	0.1	0.0	0.03	0.0	0.0312385	0.0	1.492	0.04	5.0	0.0	1.733	0.07	0.0312385	0.0	1.1122e-05	0.00169269	0.440938	0.097641	0.286858	0.0918796	0.000915639	0.00224089	0.000962079	0.00123368	1.62833	0.118442	0.849668	0.0363158	0.842278	1.45157	0.987943	30.1826	0.518779	11.4866	0.103148	0.572822	0.243744	0.14331	0.0202841	122.727	-3831.47	4.0	3757.02	-60699.3	3.0	69.2184	1.0	1245.9	81.4616	761.81	70.7803	0.379442	0.0316539	1.12935	0.0472758	
0.0-2.4	10.0-30.0	0.0-100.0	0.000-1.571	0.008	0.136	10182.0	10181.0	7629.98	170.78	2551.54	108.932	-0.515358	0.122394	-0.05	0.0	0.1	0.0	3.09354	0.000892143	0.1	0.0	0.03	0.0	0.0312385	0.000762434	1.492	0.04	5.0	0.0	1.733	0.07	0.0312385	0.000762434	1.52572e-05	0.000100154	0.385626	0.0502967	0.236663	0.0682407	0.00122367	0.00140879	0.000137519	0.000655269	1.62012	0.0865195	0.861029	0.0201758	0.904303	0.473874	0.742772	0.943512	0.280789	0.586398	0.0769235	0.13308	0.307198	0.0758667	0.0367457	0.0769505	-10758.8	4.0	19420.7	-285499.0	5.0	1763.7	1.0	4902.86	177.285	2727.11	152.03	0.357421	0.0182489	1.08954	0.0337415	
0.0-2.4	10.0-30.0	0.0-100.0	0.393-0.785	0.008	0.105	2601.0	2600.0	1952.89	87.062	647.285	50.2368	-0.479918	0.231044	-0.05	0.0	0.1	0.0	3.09354	0.0	0.1	0.0	0.03	0.0	0.0312385	0.0	1.492	0.04	5.0	0.0	1.733	0.07	0.0312385	0.0	1.01316e-05	0.00876397	0.380808	0.105897	0.100919	0.169121	0.00498796	0.00652429	-0.000919108	0.00113586	1.74041	0.515379	0.882515	0.0384346	0.697673	0.04654	0.999995	14.479	0.31449	0.0739303	0.0360864	0.00463813	0.207339	0.0156239	0.0200005	129.535	-3905.89	4.0	6040.71	-65603.4	3.0	503.837	1.0	1258.92	94.4577	693.978	82.0339	0.355359	0.0389044	1.00296	0.10614	
0.0-2.4	10.0-30.0	0.0-100.0	0.785-1.178	0.008	0.105	2460.0	2459.0	1829.91	89.421	629.422	57.392	-1.11983	0.300142	-0.05	0.0	0.1	0.0	3.09354	0.0	0.1	0.0	0.03	0.0	0.0312385	0.0	1.492	0.04	5.0	0.0	1.733	0.07	0.0312385	0.0	2.91026e-05	5.76628e-05	0.391887	0.136608	0.122074	0.0686439	0.00470031	0.00433712	0.000411856	0.00154973	1.84586	0.2159	0.932072	0.0500888	0.851769	0.333935	0.800719	1.83366	0.166513	1.62187	0.0684638	0.0788235	0.443057	0.19342	0.0302449	0.135166	320.501	4.0	7851.96	-70497.2	3.0	453.125	1.0	1201.91	100.743	628.0	87.4149	0.343186	0.0447296	1.08565	0.0496828	
0.0-2.4	10.0-30.0	0.0-100.0	1.178-1.571	0.008	0.105	2456.0	2446.0	1838.75	72.5398	607.381	47.3836	-0.746835	0.258489	-0.05	0.0	0.1	0.0	3.09354	0.0	0.1	0.0	0.03	0.0	0.0312385	0.0	1.492	0.04	5.0	0.0	1.733	0.07	0.0312385	0.0	3.2121e-05	7.73774e-05	0.324938	0.0560315	0.662879	0.127118	-0.000594368	0.00123554	0.00267369	0.00226367	1.36549	0.0619482	0.689989	0.0637518	1.0	255.184	0.646268	0.157565	0.179276	0.162512	0.0274812	627.247	0.281473	0.044658	0.0435016	0.0203149	-4903.18	4.0	1824.33	-46203.8	3.0	5.71017	1.0	1185.03	72.0899	653.727	60.6343	0.355527	0.0298443	1.18173	0.0446819	
0.0-2.4	10.0-30.0	10.0-60.0	0.000-0.393	0.008	0.088	1729.0	1724.0	1334.61	66.7952	389.986	38.4608	0.234405	0.320795	-0.05	0.0	0.1	0.0	3.09354	0.0	0.1	0.0	0.03	0.0	0.0314162	0.0	1.492	0.04	5.0	0.0	1.733	0.07	0.0314162	0.0	1.1122e-05	0.00169269	0.461834	0.131592	0.236663	0.0	0.00122367	0.0	4.89459e-05	0.00136153	1.62012	0.0	0.816029	0.0398599	0.983269	19.9752	0.805701	3.14066	0.481657	8.04872	0.00100626	12.6479	0.244566	0.070163	0.141648	0.104616	-2444.08	4.0	2657.67	-37721.5	3.0	56.6023	1.0	829.676	66.1725	504.932	57.3863	0.378337	0.0386049	1.06278	0.0116812	
0.0-2.4	10.0-30.0	10.0-60.0	0.000-1.571	0.008	0.136	6592.0	6591.0	5052.57	147.438	1538.45	89.3868	-0.556455	0.160605	-0.05	0.0	0.1	0.0	3.09354	0.0	0.1	0.0	0.03	0.0	0.0314162	0.000901267	1.492	0.04	5.0	0.0	1.733	0.07	0.0314162	0.000901267	1.52572e-05	0.000100154	0.441262	0.0838074	0.236663	0.0	0.00122367	0.0	0.000387326	0.000810448	1.62012	0.0	0.854278	0.0247951	0.9023	0.612164	0.607548	0.565929	0.122545	0.278905	0.0816413	0.22291	0.332355	0.100683	0.0312455	0.0463929	-4689.33	4.0	16431.3	-200324.0	4.0	1379.34	1.0	3259.46	152.221	1793.11	129.856	0.35489	0.0235221	1.08548	0.00744784	
0.0-2.4	10.0-30.0	10.0-60.0	0.393-0.785	0.008	0.105	1655.0	1654.0	1283.68	76.2219	370.387	40.6932	-0.50958	0.304282	-0.05	0.0	0.1	0.0	3.09354	0.0	0.1	0.0	0.03	0.0	0.0314162	0.0	1.492	0.04	5.0	0.0	1.733	0.07	0.0314162	0.0	1.01316e-05	0.00876397	0.451277	0.201035	0.236663	0.0	0.00122367	0.0	0.000585286	0.00149713	1.62012	0.0	0.844901	0.0493539	0.618859	0.071417	1.0	3.54756	0.275784	0.0783886	0.0412017	0.0090338	0.200183	0.0344696	0.0336973	17.7098	-2107.87	4.0	5291.24	-46574.1	3.0	569.007	1.0	856.05	83.3257	427.63	70.7404	0.333128	0.0514351	1.07986	0.0147382	
0.0-2.4	10.0-30.0	10.0-60.0	0.785-1.178	0.008	0.105	1611.0	1610.0	1226.68	81.1885	383.944	49.5007	-1.20684	0.432032	-0.05	0.0	0.1	0.0	3.09354	0.0	0.1	0.0	0.03	0.0	0.0314162	0.0	1.492	0.04	5.0	0.0	1.733	0.07	0.0314162	0.0	2.91026e-05	5.76628e-05	0.493519	0.256607	0.236663	0.0	0.00122367	0.0	0.000110104	0.0018875	1.62012	0.0	0.914412	0.0576617	0.93604	1.36313	0.758662	55.156	0.186025	33.6884	0.0895508	0.584137	0.571369	0.444139	0.0200032	30.1085	803.118	4.0	6587.93	-54670.4	3.0	500.023	1.0	798.978	85.2873	427.707	72.656	0.348669	0.0545491	1.12225	0.0179318	
0.0-2.4	10.0-30.0	10.0-60.0	1.178-1.571	0.008	0.08	1595.0	1578.0	1199.0	60.7082	379.464	38.3568	-0.72498	0.333389	-0.05	0.0	0.1	0.0	3.09354	0.0	0.1	0.0	0.03	0.0	0.0314162	0.0	1.492	0.04	5.0	0.0	1.733	0.07	0.0314162	0.0	1.97786e-05	7.38276e-05	0.354899	0.0828822	0.236663	0.0	0.00122367	0.0	0.00177666	0.00179737	1.62012	0.0	0.912852	0.0548582	0.770122	1.95512	0.65987	0.770335	1.50353e-05	152.072	0.013297	0.0372128	0.252385	0.114096	0.0420273	0.0415607	-2918.85	4.0	1546.48	-30159.9	3.0	32.5848	1.0	758.969	62.0661	440.026	53.5894	0.366996	0.0406495	1.12128	0.0170456	
0.0-2.4	13.0-30.0	0.0-100.0	0.000-0.393	0.008	0.064	1015.0	1011.0	782.861	57.5757	228.542	33.253	-0.101702	0.473276	-0.05	0.0	0.1	0.0	3.09549	0.0	0.1	0.0	0.03	0.0	0.031299	0.0	1.492	0.04	5.0	0.0	1.733	0.07	0.031299	0.0	5.42312e-05	0.000155716	0.54358	0.231258	0.320965	0.160542	0.00391952	0.00307986	0.000505216	0.00215787	1.50857	0.163159	0.887395	0.0696796	0.997451	121.688	0.838126	3.18488	0.452113	10.5868	0.00100162	17.9767	0.308851	0.114877	0.0375552	0.0598619	-549.395	4.0	2230.08	-25912.0	3.0	43.9084	1.0	432.281	54.6808	350.58	51.4202	0.447819	0.0568284	1.12479	0.0663468	
0.0-2.4	13.0-30.0	0.0-100.0	0.000-1.571	0.008	0.105	3631.0	3631.0	2748.34	90.323	882.991	58.1221	-0.520994	0.208777	-0.05	0.0	0.1	0.0	3.09549	0.0011708	0.1	0.0	0.03	0.0	0.031299	0.00120995	1.492	0.04	5.0	0.0	1.733	0.07	0.031299	0.00120995	1.00009e-05	0.0022258	0.341592	0.0515709	0.132772	0.0920488	0.00351245	0.00313808	0.000123746	0.000916003	1.67468	0.204192	0.934141	0.0327991	0.882497	0.87218	0.912339	1.72462	0.351571	0.453121	0.0427706	0.0305432	0.316911	0.130292	0.0385278	0.041132	-5101.87	4.0	4242.91	-75162.8	5.0	137.354	1.0	1658.29	89.1037	1090.05	79.0738	0.39662	0.0256494	1.0626	0.0486126	
0.0-2.4	13.0-30.0	0.0-100.0	0.393-0.785	0.008	0.064	916.0	910.0	660.919	37.7682	249.227	26.2418	-0.305114	0.35812	-0.05	0.0	0.1	0.0	3.09549	0.0	0.1	0.0	0.03	0.0	0.031299	0.0	1.492	0.04	5.0	0.0	1.733	0.07	0.031299	0.0	1.55008e-05	0.000878565	0.239067	0.0408497	0.00883941	0.0082002	0.00999995	0.0180256	-0.0018557	0.00140645	3.31245	1.28622	0.911846	0.054155	0.653442	4.85505	1.0	3.50095	0.315176	4.45535	0.0303338	0.200674	0.198502	0.275611	0.0203471	175.109	-2511.1	4.0	151.092	-11383.8	3.0	2.25808	1.0	422.388	35.8515	238.531	29.8081	0.360908	0.0401091	0.95974	0.038786	
0.0-2.4	13.0-30.0	0.0-100.0	0.785-1.178	0.008	0.056	832.0	819.0	612.936	35.9043	206.211	25.4173	-1.17314	0.455673	-0.05	0.0	0.1	0.0	3.09549	0.0	0.1	0.0	0.03	0.0	0.031299	0.0	1.492	0.04	5.0	0.0	1.733	0.07	0.031299	0.0	3.39658e-05	0.000104935	0.225002	0.0363349	0.131789	0.1171	0.00298802	0.00557481	0.000101725	0.00170209	1.76077	0.331988	0.92158	0.0623815	0.999918	87.6549	0.715894	42.0129	0.255589	0.44643	0.0773253	166.91	0.483815	7.4799	0.057628	4.21524	-1940.66	4.0	109.205	-10438.5	3.0	103.04	1.0	379.72	33.8558	233.216	28.9497	0.38049	0.0416417	1.0705	0.075018	
0.0-2.4	13.0-30.0	0.0-100.0	1.178-1.571	0.008	0.08	866.0	864.0	678.715	43.9201	186.109	26.6822	-0.619803	0.466365	-0.05	0.0	0.1	0.0	3.09549	0.0	0.1	0.0	0.03	0.0	0.031299	0.0	1.492	0.04	5.0	0.0	1.733	0.07	0.031299	0.0	1.65646e-05	0.000171567	0.317821	0.0833665	0.867045	0.0572375	0.000445439	0.00122049	0.000799364	0.00635211	1.22585	0.0404956	0.600047	4.5868	0.930465	22.5748	0.999999	9.08498	0.263926	18.7293	0.00100043	67.3494	0.276498	0.225369	0.02	72.0776	-1606.24	4.0	826.209	-14605.1	3.0	0.307905	1.0	393.683	41.0918	285.032	37.1449	0.419959	0.0475043	1.16224	0.159133	
0.0-2.4	13.0-30.0	10.0-60.0	0.000-0.393	0.008	0.064	653.0	649.0	524.405	50.1333	124.63	25.1311	-0.352089	0.637952	-0.05	0.0	0.1	0.0	3.09549	0.0	0.1	0.0	0.03	0.0	0.031016	0.0	1.492	0.04	5.0	0.0	1.733	0.07	0.031016	0.0	5.42312e-05	0.000155716	0.728661	0.5892	0.132772	0.0	0.00351245	0.0	0.000688673	0.00225793	1.67468	0.0	0.924078	0.0740445	0.703257	12.9487	0.964619	1.38034	0.353785	9.95	0.00108954	0.601064	0.297564	0.161379	0.0646922	0.183893	-716.275	4.0	1755.6	-18086.7	3.0	107.301	1.0	301.424	48.3823	222.981	44.3271	0.425207	0.0741121	1.05494	0.0281238	
0.0-2.4	13.0-30.0	10.0-60.0	0.000-1.571	0.008	0.08	2362.0	2357.0	1810.67	75.8074	546.599	45.9837	-0.410413	0.260966	-0.05	0.0	0.1	0.0	3.09549	0.0	0.1	0.0	0.03	0.0	0.031016	0.00152652	1.492	0.04	5.0	0.0	1.733	0.07	0.031016	0.00152652	1.60278e-05	0.000108096	0.403004	0.0908875	0.132772	0.0	0.00351245	0.0	0.000290366	0.0011089	1.67468	0.0	0.924373	0.0411622	0.789012	0.862985	0.812871	0.979909	0.218515	0.600815	0.032465	0.0445126	0.332282	0.112588	0.0295418	0.0460401	-3186.97	4.0	3433.61	-49862.0	4.0	81.2043	1.0	1131.57	75.387	679.094	65.1699	0.375052	0.0323863	1.05517	0.015636	
0.0-2.4	13.0-30.0	10.0-60.0	0.393-0.785	0.008	0.064	577.0	575.0	420.309	29.2086	155.262	20.3005	-0.148131	0.44825	-0.05	0.0	0.1	0.0	3.09549	0.0	0.1	0.0	0.03	0.0	0.031016	0.0	1.492	0.04	5.0	0.0	1.733	0.07	0.031016	0.0	1.55008e-05	0.000878565	0.217549	0.0467967	0.132772	0.0	0.00351245	0.0	-0.000409993	0.00192614	1.67468	0.0	0.915004	0.076943	0.559414	0.101104	1.0	242.165	0.28759	0.109541	0.0378222	0.0112441	0.21812	0.0587183	0.106025	1165.79	-1662.49	4.0	63.4829	-6321.5	3.0	2.45369	1.0	284.585	28.2858	135.724	22.3143	0.322914	0.0481145	1.04806	0.0291278	
0.0-2.4	13.0-30.0	10.0-60.0	0.785-1.178	0.012	0.044	538.0	522.0	389.646	28.9131	132.603	21.0553	-1.03081	0.570672	-0.05	0.0	0.1	0.0	3.09549	0.0	0.1	0.0	0.03	0.0	0.031016	0.0	1.492	0.04	5.0	0.0	1.733	0.07	0.031016	0.0	3.14561e-05	0.000114974	0.23278	0.0486137	0.132772	0.0	0.00351245	0.0	-0.000114262	0.00199741	1.67468	0.0	0.926394	0.0779688	0.848345	0.319667	0.999999	0.155167	0.209466	0.390015	0.0502844	0.0670829	0.504181	0.287112	4.60888	124.649	-1093.88	4.0	77.3323	-6352.48	3.0	126.989	1.0	253.464	26.8396	136.181	21.6503	0.349501	0.0491405	1.05671	0.0296392	
0.0-2.4	13.0-30.0	10.0-60.0	1.178-1.571	0.008	0.08	593.0	591.0	467.888	38.3097	124.218	22.3611	-0.306155	0.567459	-0.05	0.0	0.1	0.0	3.09549	0.0	0.1	0.0	0.03	0.0	0.031016	0.0	1.492	0.04	5.0	0.0	1.733	0.07	0.031016	0.0	1.65646e-05	0.000171567	0.384173	0.135869	0.132772	0.0	0.00351245	0.0	-0.000545892	0.00236943	1.67468	0.0	0.900745	0.0873174	0.735966	3.29704	0.99687	11.1894	0.0335374	8.16684	0.0124816	0.06189	0.188346	0.399986	0.0200003	22.1783	-1219.88	4.0	667.311	-10309.6	3.0	11.9881	1.0	266.313	37.3354	201.575	34.509	0.430818	0.0647725	1.0373	0.0328778	
0.0-2.4	6.5-10.0	0.0-100.0	0.000-0.393	0.016	0.152	10491.0	10483.0	5354.73	162.054	5128.29	151.33	0.0700618	0.101949	-0.05	0.0	0.1	0.0	3.09238	0.0	0.1	0.0	0.03	0.0	0.033282	0.0	1.492	0.04	5.0	0.0	1.733	0.07	0.033282	0.0	1.90055e-05	0.000117681	0.325891	0.0594013	0.138357	0.0473332	0.00466897	0.00498227	0.00273948	0.00102605	1.9815	0.167728	0.947999	0.0219158	0.598336	3.54649	0.670637	1.7588	0.563327	1.64699	0.0237839	0.0947764	0.227605	0.0968581	0.109108	0.133359	-29764.8	4.0	9417.51	-330406.0	3.0	435.328	1.0	3920.75	187.052	1433.98	150.972	0.267798	0.0270041	1.14787	0.037897	
0.0-2.4	6.5-10.0	0.0-100.0	0.000-1.571	0.008	0.136	37767.0	37683.0	19687.0	312.759	17997.6	313.046	-0.00818839	0.0553746	-0.05	0.0	0.1	0.0	3.09238	0.000574715	0.1	0.0	0.03	0.0	0.033282	0.000544907	1.492	0.04	5.0	0.0	1.733	0.07	0.033282	0.000544907	2.70702e-05	5.76409e-05	0.316815	0.0282213	0.173814	0.044334	0.00399264	0.00245512	0.0036507	0.000578475	1.78243	0.0904393	0.956792	0.0131989	0.489323	2.74738	0.68076	0.966694	0.513196	1.89566	0.0329083	0.178709	0.356019	0.248921	0.141145	0.155927	-36029.3	4.0	62641.9	-1434020.0	5.0	1442.37	1.0	14522.6	355.07	5164.4	282.094	0.262325	0.0137095	1.14392	0.0255138	
0.0-2.4	6.5-10.0	0.0-100.0	0.393-0.785	0.016	0.145	9851.0	9840.0	4983.75	147.159	4856.83	147.577	-0.199923	0.0997849	-0.05	0.0	0.1	0.0	3.09238	0.0	0.1	0.0	0.03	0.0	0.033282	0.0	1.492	0.04	5.0	0.0	1.733	0.07	0.033282	0.0	1.01928e-05	2.11886	0.329839	0.0485569	0.175237	0.0863871	0.00684653	0.00488837	0.00476914	0.00121983	1.78736	0.174703	1.02346	0.02835	0.512856	2.11431	0.872092	0.388625	0.493494	1.51836	0.0510996	0.175631	0.234739	0.151403	0.366684	0.89697	-24208.2	4.0	3610.05	-277968.0	3.0	82.4872	1.0	3713.23	157.924	1270.52	119.691	0.254933	0.022806	1.19321	0.0462244	
0.0-2.4	6.5-10.0	0.0-100.0	0.785-1.178	0.016	0.152	9179.0	9177.0	4954.34	164.734	4223.0	156.5	0.197302	0.134992	-0.05	0.0	0.1	0.0	3.09238	0.0	0.1	0.0	0.03	0.0	0.033282	0.0	1.492	0.04	5.0	0.0	1.733	0.07	0.033282	0.0	6.29812e-05	0.000142295	0.411496	0.123812	0.099274	0.0560735	0.00969724	0.0193283	0.00153472	0.00118515	1.94297	0.233692	0.976731	0.0280884	0.768448	5.04801	0.414635	2.72531	0.525232	0.646742	0.046691	0.241803	0.310356	0.253634	0.0837987	0.0891766	14901.2	4.0	31142.9	-370410.0	3.0	40.6914	1.0	3588.42	213.175	1365.93	182.401	0.275703	0.0356568	1.11089	0.0424579	
0.0-2.4	6.5-10.0	0.0-100.0	1.178-1.571	0.016	0.152	8245.0	8241.0	4390.82	142.03	3850.57	157.553	-0.110366	0.111458	-0.05	0.0	0.1	0.0	3.09238	0.0	0.1	0.0	0.03	0.0	0.033282	0.0	1.492	0.04	5.0	0.0	1.733	0.07	0.033282	0.0	5.59521e-05	0.000206186	0.232152	0.0230835	0.652049	0.158969	-0.000734564	0.0019028	0.0021235	0.00153205	1.37047	0.0645511	0.620937	0.0531123	0.673055	0.372498	0.867803	0.603008	0.623335	0.196188	0.0711209	0.0954028	0.498478	0.653087	0.600574	4.86767	-7046.83	4.0	968.279	-259008.0	3.0	6323.05	1.0	3267.94	137.376	1122.88	94.96	0.255734	0.0199824	1.16568	0.0567982	
0.0-2.4	6.5-10.0	10.0-60.0	0.000-0.393	0.016	0.152	6252.0	6250.0	3465.1	120.272	2785.81	104.132	0.0201202	0.128924	-0.05	0.0	0.1	0.0	3.09238	0.0	0.1	0.0	0.03	0.0	0.0333304	0.0	1.492	0.04	5.0	0.0	1.733	0.07	0.0333304	0.0	1.90055e-05	0.000117681	0.277676	0.0423756	0.173814	0.0	0.00399264	0.0	0.00239561	0.00115865	1.78243	0.0	0.870019	0.0260961	0.419693	1.18445	0.757827	0.718844	0.338052	1.35516	0.0227273	0.0403642	0.196415	0.0744454	0.0722956	0.0868609	-22425.8	4.0	3096.67	-165939.0	3.0	293.426	1.0	2535.23	131.136	929.869	102.444	0.268353	0.0280591	1.08517	0.00864283	
0.0-2.4	6.5-10.0	10.0-60.0	0.000-1.571	0.008	0.16	21911.0	21908.0	12677.0	235.285	9231.51	211.372	0.0155736	0.086307	-0.05	0.0	0.1	0.0	3.09238	0.0	0.1	0.0	0.03	0.0	0.0333304	0.000609505	1.492	0.04	5.0	0.0	1.733	0.07	0.0333304	0.000609505	1.92169e-05	7.62105e-05	0.301399	0.0334121	0.173814	0.0	0.00399264	0.0	0.002594	0.000709704	1.78243	0.0	0.916828	0.0158353	0.497387	0.671227	0.908687	0.138127	0.502406	0.614192	0.0453105	0.0615256	0.253689	0.101311	0.573036	1.46942	-19234.7	4.0	61724.4	-777625.0	4.0	2283.8	1.0	9279.86	284.712	3397.12	235.311	0.267975	0.0178834	1.11655	0.00537134	
0.0-2.4	6.5-10.0	10.0-60.0	0.393-0.785	0.016	0.145	5752.0	5750.0	3278.63	113.778	2472.33	106.464	-0.0883642	0.137488	-0.05	0.0	0.1	0.0	3.09238	0.0	0.1	0.0	0.03	0.0	0.0333304	0.0	1.492	0.04	5.0	0.0	1.733	0.07	0.0333304	0.0	1.01928e-05	2.11886	0.285666	0.0490209	0.173814	0.0	0.00399264	0.0	0.00389271	0.00151857	1.78243	0.0	1.01678	0.0358744	0.472336	0.550335	0.878186	0.255083	0.480301	0.647206	0.0391288	0.0585122	0.302324	0.241942	0.517677	1.51553	-15647.3	4.0	1984.9	-148213.0	3.0	198.809	1.0	2487.77	123.311	790.868	92.2256	0.241219	0.0268548	1.1859	0.012706	
0.0-2.4	6.5-10.0	10.0-60.0	0.785-1.178	0.016	0.152	5151.0	5148.0	3113.28	135.534	2035.33	112.77	0.145746	0.227489	-0.05	0.0	0.1	0.0	3.09238	0.0	0.1	0.0	0.03	0.0	0.0333304	0.0	1.492	0.04	5.0	0.0	1.733	0.07	0.0333304	0.0	6.29812e-05	0.000142295	0.416577	0.180687	0.173814	0.0	0.00399264	0.0	0.00194613	0.00164975	1.78243	0.0	0.906076	0.0336375	1.0	101.827	0.404225	0.0509379	0.603429	0.0132825	0.168579	262.15	0.346009	0.03693	0.0996382	0.00615193	23306.0	4.0	30692.3	-226273.0	3.0	106.176	1.0	2206.48	180.189	906.797	157.478	0.291268	0.0489676	1.10928	0.01135	
0.0-2.4	6.5-10.0	10.0-60.0	1.178-1.571	0.016	0.136	4755.0	4752.0	2823.01	106.501	1929.66	103.254	0.0036038	0.219098	-0.05	0.0	0.1	0.0	3.09238	0.0	0.1	0.0	0.03	0.0	0.0333304	0.0	1.492	0.04	5.0	0.0	1.733	0.07	0.0333304	0.0	5.49261e-05	0.000220802	0.254265	0.0318789	0.173814	0.0	0.00399264	0.0	0.000687567	0.00134942	1.78243	0.0	0.855892	0.0285282	0.49575	0.158935	0.869033	0.278595	0.452736	0.216324	0.0524562	0.026131	0.273242	0.115078	1.79291	20.1795	-13734.0	4.0	905.726	-123614.0	3.0	1287.49	1.0	2022.57	105.604	800.44	79.0058	0.283541	0.0258614	1.07584	0.00937543	
0.0-2.4	6.5-30.0	0.0-10.0	0.000-0.393	0.008	0.136	4894.0	4880.0	2318.07	113.019	2562.85	112.945	0.139799	0.15079	-0.05	0.0	0.1	0.0	3.09267	0.0	0.1	0.0	0.03	0.0	0.0326091	0.0	1.492	0.04	5.0	0.0	1.733	0.07	0.0326091	0.0	2.92627e-05	6.86787e-05	0.376759	0.120233	0.19835	0.0	0.00208889	0.0	0.0037444	0.00184711	1.70743	0.0	1.01471	0.0390365	1.0	6.98763	0.466481	0.00443942	0.6724	0.00221163	0.00182399	68.143	0.280724	0.00157314	0.123568	0.000639953	-9778.6	4.0	6229.66	-152213.0	3.0	118.677	1.0	1616.52	131.538	701.553	110.727	0.302645	0.0454306	1.18476	0.0134009	
0.0-2.4	6.5-30.0	0.0-10.0	0.000-1.571	0.008	0.136	18347.0	18306.0	8653.31	218.296	9653.38	235.742	-0.0688394	0.0667306	-0.05	0.0	0.1	0.0	3.09267	0.0	0.1	0.0	0.03	0.0	0.0326091	0.000900889	1.492	0.04	5.0	0.0	1.733	0.07	0.0326091	0.000900889	1.61666e-05	1.68756e-05	0.312128	0.0369867	0.19835	0.0	0.00208889	0.0	0.00225473	0.000826973	1.70743	0.0	0.949772	0.0205555	0.881786	0.537504	0.392501	0.426004	0.469735	0.399666	0.178876	0.338782	0.362285	0.192043	0.0651133	0.083072	-20388.7	4.0	12523.4	-610357.0	4.0	3306.19	1.0	6146.26	227.768	2507.04	178.43	0.289721	0.0192811	1.14079	0.0068596	
0.0-2.4	6.5-30.0	0.0-10.0	0.393-0.785	0.008	0.145	4786.0	4777.0	2147.05	98.3445	2630.25	104.763	-0.340376	0.134841	-0.05	0.0	0.1	0.0	3.09267	0.0	0.1	0.0	0.03	0.0	0.0326091	0.0	1.492	0.04	5.0	0.0	1.733	0.07	0.0326091	0.0	2.84864e-05	5.39292e-05	0.349035	0.0646828	0.19835	0.0	0.00208889	0.0	0.00156489	0.00155112	1.70743	0.0	0.987789	0.0397449	0.787873	1.28399	0.778524	2.72906	0.514947	0.210059	0.0817722	0.211674	0.171028	0.136958	0.169399	0.720358	-10395.8	4.0	1734.41	-120989.0	3.0	11.6686	1.0	1437.43	102.964	709.618	85.5747	0.330508	0.0368699	1.16638	0.0134915	
0.0-2.4	6.5-30.0	0.0-10.0	0.785-1.178	0.008	0.128	4554.0	4552.0	2221.72	100.004	2330.78	103.859	0.182211	0.152865	-0.05	0.0	0.1	0.0	3.09267	0.0	0.1	0.0	0.03	0.0	0.0326091	0.0	1.492	0.04	5.0	0.0	1.733	0.07	0.0326091	0.0	2.19419e-05	6.75748	0.320702	0.0657669	0.19835	0.0	0.00208889	0.0	0.00335151	0.00164753	1.70743	0.0	0.97039	0.0435692	0.476077	0.818365	0.866372	1.69277	0.425479	0.536401	0.0570191	0.0541512	0.237932	0.168552	0.0705562	0.0793513	-11350.8	4.0	1614.12	-119790.0	3.0	27.3186	1.0	1609.31	105.182	612.412	81.0919	0.275647	0.034326	1.15461	0.0146772	
0.0-2.4	6.5-30.0	0.0-10.0	1.178-1.571	0.008	0.152	4112.0	4110.0	1971.94	99.4996	2139.01	122.522	-0.282597	0.121123	-0.05	0.0	0.1	0.0	3.09267	0.0	0.1	0.0	0.03	0.0	0.0326091	0.0	1.492	0.04	5.0	0.0	1.733	0.07	0.0326091	0.0	1.0825e-05	4.3417e-05	0.20762	0.0278099	0.19835	0.0	0.00208889	0.0	0.00208621	0.00148639	1.70743	0.0	0.880219	0.0387804	0.820381	1.17113	0.394728	1.72882	0.323814	3.4957	0.126853	0.301492	0.747984	1.19889	0.0441055	0.239248	3614.33	4.0	319.318	-126957.0	3.0	20089.9	1.0	1473.09	94.0721	498.851	62.9155	0.252974	0.0292407	1.09515	0.0124935	
0.0-2.4	6.5-30.0	0.0-100.0	0.000-0.393	0.008	0.152	13155.0	13147.0	7365.55	182.071	5781.93	158.724	0.090936	0.0944515	-0.05	0.0	0.1	0.0	3.09267	0.0	0.1	0.0	0.03	0.0	0.0325949	0.0	1.492	0.04	5.0	0.0	1.733	0.07	0.0325949	0.0	1.87871e-05	0.000150437	0.364837	0.05095	0.188773	0.046412	0.00195616	0.00245764	0.00225469	0.000810378	1.81358	0.104055	0.916364	0.019249	0.688135	2.37767	0.711918	1.06551	0.574612	0.975997	0.0268922	0.104393	0.224605	0.0724465	0.118602	0.141036	-32882.7	4.0	12346.9	-411242.0	3.0	372.97	1.0	5173.75	199.503	2191.79	162.421	0.297574	0.0207885	1.14109	0.0300544	
0.0-2.4	6.5-30.0	0.0-100.0	0.000-1.571	0.004	0.164	47950.0	47935.0	27292.0	358.984	20644.3	332.159	-0.0715288	0.0508277	-0.05	0.0	0.1	0.0	3.09267	0.00048588	0.1	0.0	0.03	0.0	0.0325949	0.000446622	1.492	0.04	5.0	0.0	1.733	0.07	0.0325949	0.000446622	1.00456e-05	6.70688e-06	0.342677	0.0268125	0.19835	0.0380118	0.00208889	0.00129289	0.00256357	0.000451261	1.70743	0.0628596	0.938692	0.0114055	0.610506	0.501505	0.924393	0.308409	0.547658	0.337737	0.0578985	0.0968432	0.284855	0.153314	0.396335	1.97335	-40613.3	4.0	70887.0	-1800150.0	5.0	1299.28	1.0	19402.0	400.877	7890.01	326.105	0.289096	0.0113275	1.13341	0.0198347	
0.0-2.4	6.5-30.0	0.0-100.0	0.393-0.785	0.008	0.145	12453.0	12441.0	6932.56	171.212	5509.22	155.496	-0.23258	0.0923504	-0.05	0.0	0.1	0.0	3.09267	0.0	0.1	0.0	0.03	0.0	0.0325949	0.0	1.492	0.04	5.0	0.0	1.733	0.07	0.0325949	0.0	2.84864e-05	5.39292e-05	0.34952	0.0502774	0.147166	0.0720109	0.00527986	0.00343352	0.00214891	0.000881239	1.76284	0.161967	0.992148	0.0237976	0.604756	0.605388	0.896667	0.226348	0.471025	0.465227	0.0526199	0.0708149	0.215574	0.0739334	0.372973	0.783469	-25617.5	4.0	9842.12	-362268.0	3.0	59.9875	1.0	4965.81	191.356	1966.75	154.712	0.283697	0.0211884	1.13878	0.0393092	
0.0-2.4	6.5-30.0	0.0-100.0	0.785-1.178	0.008	0.152	11640.0	11637.0	6772.13	188.62	4865.62	165.905	0.0323726	0.119915	-0.05	0.0	0.1	0.0	3.09267	0.0	0.1	0.0	0.03	0.0	0.0325949	0.0	1.492	0.04	5.0	0.0	1.733	0.07	0.0325949	0.0	1.02728e-05	0.00383331	0.401885	0.0930917	0.110192	0.0438595	0.00642572	0.00380672	0.00230473	0.000955477	1.89395	0.158315	0.989911	0.0248936	0.614498	0.289122	1.0	0.00146779	0.55067	0.204505	0.0746115	0.0369336	0.306721	0.0698623	0.446074	115.138	15815.7	4.0	40348.8	-463586.0	3.0	17.4054	1.0	4806.67	232.632	1965.46	197.968	0.290228	0.0280928	1.1257	0.0309047	
0.0-2.4	6.5-30.0	0.0-100.0	1.178-1.571	0.008	0.152	10701.0	10698.0	6224.37	160.109	4473.65	163.913	-0.194477	0.105989	-0.05	0.0	0.1	0.0	3.09267	0.0	0.1	0.0	0.03	0.0	0.0325949	0.0	1.492	0.04	5.0	0.0	1.733	0.07	0.0325949	0.0	1.0825e-05	4.3417e-05	0.26074	0.0237053	0.588479	0.127844	-0.000847859	0.00122532	0.00254324	0.00119158	1.39348	0.0566297	0.685565	0.0346016	0.705931	0.295717	0.90347	0.349172	0.574682	0.1939	0.0676321	0.0729085	0.416192	0.330883	0.638264	4.63039	-9060.19	4.0	2996.57	-321780.0	3.0	5550.47	1.0	4439.76	155.838	1784.61	115.544	0.286714	0.0170352	1.15591	0.045579	
0.0-2.4	6.5-30.0	10.0-20.0	0.000-0.393	0.008	0.128	3258.0	3256.0	1782.59	84.8757	1473.41	76.2666	0.291908	0.191882	-0.05	0.0	0.1	0.0	3.09267	0.0	0.1	0.0	0.03	0.0	0.0331438	0.0	1.492	0.04	5.0	0.0	1.733	0.07	0.0331438	0.0	1.21272e-05	9.04109	0.324799	0.0650381	0.19835	0.0	0.00208889	0.0	-0.000878709	0.00161326	1.70743	0.0	0.941483	0.0371519	0.97795	34.9314	0.715518	4.80519	0.662355	5.69767	0.00102415	5.36577	0.191189	0.0543	0.136276	0.082331	-7522.51	4.0	2268.75	-81229.1	3.0	47.153	1.0	1157.66	90.0161	624.936	77.1365	0.350577	0.039923	1.13527	0.0123495	
0.0-2.4	6.5-30.0	10.0-20.0	0.000-1.571	0.008	0.16	11670.0	11668.0	6469.3	186.19	5199.04	165.535	-0.0111408	0.109358	-0.05	0.0	0.1	0.0	3.09267	0.0	0.1	0.0	0.03	0.0	0.0331438	0.00102634	1.492	0.04	5.0	0.0	1.733	0.07	0.0331438	0.00102634	1.13588e-05	0.0219528	0.383813	0.0667524	0.19835	0.0	0.00208889	0.0	0.00285501	0.00101106	1.70743	0.0	0.952694	0.0242561	0.476138	1.41344	0.847725	0.418526	0.41739	1.46531	0.0347167	0.095098	0.203751	0.238182	0.438094	1.31533	-12171.5	4.0	17082.7	-388527.0	4.0	502.816	1.0	4444.81	206.928	2024.48	172.77	0.312937	0.0251416	1.14274	0.00810555	
0.0-2.4	6.5-30.0	10.0-20.0	0.393-0.785	0.008	0.128	2935.0	2924.0	1595.02	91.5185	1329.83	77.8347	0.00510758	0.194295	-0.05	0.0	0.1	0.0	3.09267	0.0	0.1	0.0	0.03	0.0	0.0331438	0.0	1.492	0.04	5.0	0.0	1.733	0.07	0.0331438	0.0	2.00232e-05	3.80084e-05	0.471536	0.268973	0.19835	0.0	0.00208889	0.0	0.00327832	0.00223121	1.70743	0.0	0.951806	0.0589001	0.460014	0.809239	0.897711	0.140205	0.167616	0.961501	0.0363046	0.0338465	0.137265	0.0279905	0.237795	0.174087	-5240.71	4.0	4976.26	-81424.2	3.0	437.829	1.0	1209.94	118.536	385.085	98.5866	0.241429	0.0602366	1.14215	0.0196743	
0.0-2.4	6.5-30.0	10.0-20.0	0.785-1.178	0.008	0.152	2923.0	2921.0	1640.03	106.833	1281.42	95.3281	-0.0181403	0.27259	-0.05	0.0	0.1	0.0	3.09267	0.0	0.1	0.0	0.03	0.0	0.0331438	0.0	1.492	0.04	5.0	0.0	1.733	0.07	0.0331438	0.0	1.02728e-05	0.00383331	0.487654	0.229163	0.19835	0.0	0.00208889	0.0	0.00154831	0.00193768	1.70743	0.0	0.972979	0.0476509	0.90439	80.8392	0.482927	83.9133	0.56294	70.8221	0.0010004	22.6453	0.651529	0.951894	0.112293	0.103969	1501.77	4.0	8148.5	-110411.0	3.0	301.363	1.0	1108.5	115.297	531.534	96.3226	0.324099	0.0548064	1.15636	0.0160708	
0.0-2.4	6.5-30.0	10.0-20.0	1.178-1.571	0.008	0.12	2551.0	2544.0	1453.88	74.2233	1090.27	68.3505	-0.413174	0.217476	-0.05	0.0	0.1	0.0	3.09267	0.0	0.1	0.0	0.03	0.0	0.0331438	0.0	1.492	0.04	5.0	0.0	1.733	0.07	0.0331438	0.0	1.01172e-05	3.47073	0.281057	0.0522938	0.19835	0.0	0.00208889	0.0	0.00168097	0.00190637	1.70743	0.0	0.939569	0.0514822	0.548591	0.200007	0.748111	0.404432	0.447796	0.27674	0.0462656	0.0353008	0.158607	0.0386493	0.453866	0.671072	-5200.3	4.0	823.846	-55852.3	3.0	41.3603	1.0	946.12	76.4405	507.762	64.6692	0.349246	0.0407506	1.13399	0.0170974	
0.0-2.4	6.5-30.0	10.0-30.0	0.000-0.393	0.008	0.128	5532.0	5527.0	3166.43	118.524	2360.82	97.9394	0.186552	0.144583	-0.05	0.0	0.1	0.0	3.09267	0.0	0.1	0.0	0.03	0.0	0.032559	0.0	1.492	0.04	5.0	0.0	1.733	0.07	0.032559	0.0	1.21272e-05	9.04109	0.383516	0.0694445	0.19835	0.0	0.00208889	0.0	0.00132313	0.00117834	1.70743	0.0	0.900066	0.0286092	0.566305	1.64384	0.726701	0.886534	0.456196	1.11221	0.0221368	0.0570261	0.180823	0.0725362	0.0927982	0.106903	-14742.3	4.0	4995.61	-156004.0	3.0	441.248	1.0	2167.37	125.744	999.06	103.094	0.315516	0.0303408	1.10801	0.00931517	
0.0-2.4	6.5-30.0	10.0-30.0	0.000-1.571	0.004	0.164	19603.0	19601.0	11397.0	232.752	8204.7	199.229	0.0152631	0.0924163	-0.05	0.0	0.1	0.0	3.09267	0.0	0.1	0.0	0.03	0.0	0.032559	0.000634255	1.492	0.04	5.0	0.0	1.733	0.07	0.032559	0.000634255	1.00456e-05	6.70688e-06	0.404009	0.0630899	0.19835	0.0	0.00208889	0.0	0.00262833	0.000718833	1.70743	0.0	0.9159	0.0176166	0.490013	1.05446	0.89356	0.202305	0.428587	1.08566	0.037251	0.0737432	0.201221	0.071881	0.433926	0.785501	469.11	4.0	44030.0	-733694.0	4.0	1896.5	1.0	7957.45	281.887	3439.52	240.801	0.301793	0.0202096	1.11836	0.00578287	
0.0-2.4	6.5-30.0	10.0-30.0	0.393-0.785	0.008	0.145	4994.0	4993.0	2863.12	112.429	2129.99	94.179	0.00415547	0.148977	-0.05	0.0	0.1	0.0	3.09267	0.0	0.1	0.0	0.03	0.0	0.032559	0.0	1.492	0.04	5.0	0.0	1.733	0.07	0.032559	0.0	2.84864e-05	5.39292e-05	0.362099	0.0995228	0.19835	0.0	0.00208889	0.0	0.00352147	0.00152643	1.70743	0.0	0.932592	0.0395895	0.465826	0.261323	0.897914	0.111056	0.304239	0.340244	0.0339618	0.0164882	0.148583	0.0212859	0.358826	0.31192	-11781.5	4.0	5848.14	-132359.0	3.0	339.729	1.0	2082.97	134.11	780.146	110.606	0.272481	0.0371198	1.12937	0.0131036	
0.0-2.4	6.5-30.0	10.0-30.0	0.785-1.178	0.008	0.152	4708.0	4706.0	2799.9	135.787	1906.1	113.925	-0.0504914	0.234795	-0.05	0.0	0.1	0.0	3.09267	0.0	0.1	0.0	0.03	0.0	0.032559	0.0	1.492	0.04	5.0	0.0	1.733	0.07	0.032559	0.0	1.02728e-05	0.00383331	0.548549	0.297354	0.19835	0.0	0.00208889	0.0	0.00140143	0.00162102	1.70743	0.0	0.889098	0.0393149	0.824806	0.348958	0.414612	1.4904	0.334241	2.53192	0.155192	0.183935	0.414013	0.265183	0.0371942	0.138752	27591.6	4.0	28847.1	-226747.0	3.0	56.332	1.0	1903.83	168.516	896.072	147.517	0.320037	0.0503486	1.10089	0.0127268	
0.0-2.4	6.5-30.0	10.0-30.0	1.178-1.571	0.008	0.145	4367.0	4366.0	2565.59	100.954	1800.64	97.2306	-0.113749	0.214977	-0.05	0.0	0.1	0.0	3.09267	0.0	0.1	0.0	0.03	0.0	0.032559	0.0	1.492	0.04	5.0	0.0	1.733	0.07	0.032559	0.0	1.38171e-05	4.85666e-05	0.292735	0.0446352	0.19835	0.0	0.00208889	0.0	0.000910805	0.00136547	1.70743	0.0	0.889922	0.032715	0.518	0.0770477	0.84902	0.226906	0.448922	0.143161	0.0430252	0.0129871	0.222819	0.0643307	0.495559	0.771996	-11533.9	4.0	1846.27	-111229.0	3.0	1030.19	1.0	1755.42	101.297	810.175	80.6607	0.315785	0.0288796	1.10142	0.010595	
0.0-2.4	6.5-30.0	10.0-60.0	0.000-0.393	0.008	0.152	7982.0	7980.0	4796.57	137.692	3184.23	111.061	0.0425438	0.119695	-0.05	0.0	0.1	0.0	3.09267	0.0	0.1	0.0	0.03	0.0	0.0326961	0.0	1.492	0.04	5.0	0.0	1.733	0.07	0.0326961	0.0	1.87871e-05	0.000150437	0.342399	0.0475103	0.19835	0.0	0.00208889	0.0	0.00149648	0.000898646	1.70743	0.0	0.861582	0.0223054	0.563423	1.55894	0.786713	0.688036	0.44426	1.22287	0.02409	0.0719571	0.202345	0.0673368	0.0911353	0.131233	-23435.3	4.0	5639.1	-215877.0	3.0	301.169	1.0	3379.72	146.19	1416.85	116.675	0.295389	0.0227988	1.08321	0.00711132	
0.0-2.4	6.5-30.0	10.0-60.0	0.000-1.571	0.004	0.164	28504.0	28501.0	17723.3	280.789	10778.4	231.289	-0.063256	0.0766524	-0.05	0.0	0.1	0.0	3.09267	0.0	0.1	0.0	0.03	0.0	0.0326961	0.000509516	1.492	0.04	5.0	0.0	1.733	0.07	0.0326961	0.000509516	1.00456e-05	6.70688e-06	0.352441	0.0366554	0.19835	0.0	0.00208889	0.0	0.0021145	0.000547357	1.70743	0.0	0.897337	0.0136592	0.555156	0.688026	0.928828	0.106491	0.459703	0.61746	0.0452671	0.0672856	0.258814	0.116563	0.675657	2.67817	-20849.3	4.0	56456.5	-1029380.0	4.0	663.802	1.0	12561.4	324.407	5161.91	268.93	0.291249	0.0144552	1.10623	0.0044411	
0.0-2.4	6.5-30.0	10.0-60.0	0.393-0.785	0.008	0.145	7407.0	7406.0	4558.31	136.947	2847.93	114.079	-0.145572	0.127225	-0.05	0.0	0.1	0.0	3.09267	0.0	0.1	0.0	0.03	0.0	0.0326961	0.0	1.492	0.04	5.0	0.0	1.733	0.07	0.0326961	0.0	2.84864e-05	5.39292e-05	0.347323	0.0711287	0.19835	0.0	0.00208889	0.0	0.00279715	0.00116292	1.70743	0.0	0.950221	0.0322734	0.487573	0.661428	0.916728	0.166609	0.373328	0.762254	0.038599	0.044871	0.252046	0.13809	0.5414	1.67416	-14672.4	4.0	7999.69	-207209.0	3.0	58.6109	1.0	3356.49	158.449	1201.82	127.44	0.263654	0.0268122	1.14109	0.0107722	
0.0-2.4	6.5-30.0	10.0-60.0	0.785-1.178	0.008	0.152	6762.0	6760.0	4336.82	159.294	2423.43	122.798	-0.0595463	0.191237	-0.05	0.0	0.1	0.0	3.09267	0.0	0.1	0.0	0.03	0.0	0.0326961	0.0	1.492	0.04	5.0	0.0	1.733	0.07	0.0326961	0.0	1.02728e-05	0.00383331	0.424075	0.136755	0.19835	0.0	0.00208889	0.0	0.00135781	0.00125764	1.70743	0.0	0.861584	0.0293147	0.832435	0.433518	0.459247	0.957455	0.297506	1.61398	0.133066	0.180991	0.406271	0.190143	0.0389643	0.108431	23308.6	4.0	40452.8	-297865.0	3.0	44.1028	1.0	3008.21	192.4	1328.6	164.894	0.306354	0.0363188	1.08321	0.009346	
0.0-2.4	6.5-30.0	10.0-60.0	1.178-1.571	0.008	0.152	6351.0	6350.0	4032.91	123.154	2317.19	110.018	-0.107259	0.18799	-0.05	0.0	0.1	0.0	3.09267	0.0	0.1	0.0	0.03	0.0	0.0326961	0.0	1.492	0.04	5.0	0.0	1.733	0.07	0.0326961	0.0	1.0825e-05	4.3417e-05	0.292895	0.0345756	0.19835	0.0	0.00208889	0.0	0.00127003	0.00105492	1.70743	0.0	0.871291	0.0257355	0.555935	0.119044	0.898605	0.182406	0.414465	0.180034	0.049168	0.0199126	0.260101	0.0708769	1.69482	15.5163	-14965.6	4.0	2345.7	-164321.0	3.0	1267.45	1.0	2790.35	123.58	1242.56	97.2164	0.308105	0.0221938	1.08941	0.00825007	
0.0-2.4	6.5-30.0	20.0-30.0	0.000-0.393	0.008	0.105	2273.0	2267.0	1385.66	82.7019	881.576	61.3133	0.0305202	0.218444	-0.05	0.0	0.1	0.0	3.09267	0.0	0.1	0.0	0.03	0.0	0.0318425	0.0	1.492	0.04	5.0	0.0	1.733	0.07	0.0318425	0.0	1.01047e-05	0.00333619	0.478974	0.166681	0.19835	0.0	0.00208889	0.0	0.00350493	0.00151997	1.70743	0.0	0.879099	0.0426241	0.425083	0.242701	0.876472	0.901418	0.367576	0.391164	0.0368031	0.0629034	0.146434	0.0873045	0.087893	0.16695	-7467.19	4.0	2848.17	-62192.2	3.0	557.855	1.0	1000.35	87.0095	385.309	67.341	0.278069	0.0456768	1.09443	0.0137233	
0.0-2.4	6.5-30.0	20.0-30.0	0.000-1.571	0.008	0.136	7933.0	7917.0	4930.59	144.718	2986.56	113.705	0.0460026	0.1655	-0.05	0.0	0.1	0.0	3.09267	0.0	0.1	0.0	0.03	0.0	0.0318425	0.000716241	1.492	0.04	5.0	0.0	1.733	0.07	0.0318425	0.000716241	1.61666e-05	1.68756e-05	0.439416	0.130161	0.19835	0.0	0.00208889	0.0	0.00185409	0.00103568	1.70743	0.0	0.857166	0.0259337	0.594866	0.949485	0.699658	2.31474	0.366986	1.21863	0.0471162	0.0589192	0.20499	0.115766	0.0355499	0.127203	11165.6	4.0	24995.3	-291015.0	4.0	7818.33	1.0	3506.08	193.59	1424.51	169.219	0.288912	0.0332562	1.08039	0.0082471	
0.0-2.4	6.5-30.0	20.0-30.0	0.393-0.785	0.008	0.105	2059.0	2038.0	1274.37	65.1244	763.783	51.7121	0.0149309	0.229099	-0.05	0.0	0.1	0.0	3.09267	0.0	0.1	0.0	0.03	0.0	0.0318425	0.0	1.492	0.04	5.0	0.0	1.733	0.07	0.0318425	0.0	1.22898e-05	0.163554	0.266844	0.0476714	0.19835	0.0	0.00208889	0.0	0.00277717	0.00195027	1.70743	0.0	0.912497	0.0518439	0.6474	4.74122	0.999999	17.9965	0.597527	3.06408	0.0502625	0.465094	0.18272	0.271453	0.0235835	84.6606	-8180.81	4.0	370.043	-39584.4	3.0	30.1723	1.0	873.752	66.0682	400.617	52.8241	0.314365	0.0382114	1.11613	0.0169891	
0.0-2.4	6.5-30.0	20.0-30.0	0.785-1.178	0.008	0.12	1784.0	1780.0	1162.22	86.1293	618.444	58.2718	-0.114154	0.444445	-0.05	0.0	0.1	0.0	3.09267	0.0	0.1	0.0	0.03	0.0	0.0318425	0.0	1.492	0.04	5.0	0.0	1.733	0.07	0.0318425	0.0	1.50151e-05	1.29092	0.754576	1.16383	0.19835	0.0	0.00208889	0.0	0.00200222	0.00264328	1.70743	0.0	0.83263	0.0661601	0.54677	2.71028	0.95842	0.273503	0.335954	2.80332	0.0345623	0.107236	0.15082	0.0631389	0.131146	0.304774	23939.2	4.0	15125.9	-95530.7	3.0	123.994	1.0	789.324	135.914	372.893	125.756	0.320846	0.105559	1.0649	0.0207345	
0.0-2.4	6.5-30.0	20.0-30.0	1.178-1.571	0.008	0.128	1816.0	1813.0	1112.1	68.7735	701.016	68.9659	0.328933	0.516568	-0.05	0.0	0.1	0.0	3.09267	0.0	0.1	0.0	0.03	0.0	0.0318425	0.0	1.492	0.04	5.0	0.0	1.733	0.07	0.0318425	0.0	2.47983e-05	5.01035e-05	0.312479	0.0826039	0.19835	0.0	0.00208889	0.0	-0.00198895	0.00220964	1.70743	0.0	0.800104	0.0429994	0.79765	28.7504	0.449101	19.4244	0.240546	4.84661	0.0418181	0.543863	0.327859	1.97203	0.0343085	0.53128	-6509.15	4.0	1254.25	-45506.2	3.0	1165.44	1.0	807.014	67.8159	305.083	49.6413	0.274331	0.041288	1.04472	0.0131997	
0.0-2.4	6.5-30.0	30.0-60.0	0.000-0.393	0.008	0.12	2450.0	2446.0	1625.4	69.5489	821.47	53.5685	-0.345499	0.218231	-0.05	0.0	0.1	0.0	3.09267	0.0	0.1	0.0	0.03	0.0	0.0330155	0.0	1.492	0.04	5.0	0.0	1.733	0.07	0.0330155	0.0	1.00028e-05	2.85792e-05	0.250533	0.0430958	0.19835	0.0	0.00208889	0.0	0.00107522	0.0013311	1.70743	0.0	0.75486	0.0352816	0.622778	53.4028	0.628603	271.007	0.198166	183.224	0.036181	8.18076	0.244555	4.37703	0.020025	80.3742	-9180.88	4.0	460.75	-45803.0	3.0	0.0178158	1.0	1190.83	70.9512	434.578	52.7593	0.267366	0.0303763	1.01737	0.0104928	
0.0-2.4	6.5-30.0	30.0-60.0	0.000-1.571	0.008	0.145	8901.0	8897.0	6318.93	151.541	2578.08	114.521	-0.321726	0.137867	-0.05	0.0	0.1	0.0	3.09267	0.0	0.1	0.0	0.03	0.0	0.0330155	0.000799041	1.492	0.04	5.0	0.0	1.733	0.07	0.0330155	0.000799041	1.27502e-05	0.000164255	0.267332	0.0266756	0.19835	0.0	0.00208889	0.0	0.000535144	0.000808763	1.70743	0.0	0.80744	0.0213577	0.778508	1.34298	0.523888	0.975441	0.150237	0.25521	0.0510015	0.0645482	0.444635	0.186573	0.0418601	0.0316765	-26121.5	4.0	4318.48	-236114.0	4.0	356.56	1.0	4543.98	158.25	1774.96	122.392	0.280895	0.0181599	1.04924	0.00658788	
0.0-2.4	6.5-30.0	30.0-60.0	0.393-0.785	0.008	0.12	2413.0	2413.0	1702.18	77.9821	710.861	62.9345	-0.61277	0.294111	-0.05	0.0	0.1	0.0	3.09267	0.0	0.1	0.0	0.03	0.0	0.0330155	0.0	1.492	0.04	5.0	0.0	1.733	0.07	0.0330155	0.0	1.0132e-05	0.0868918	0.294393	0.0727784	0.19835	0.0	0.00208889	0.0	-0.000937425	0.00176905	1.70743	0.0	0.87862	0.0526242	0.799463	8.52818	0.474111	5.43532	0.0710207	0.765202	0.0403996	0.207001	0.551251	0.575958	0.0441515	0.0600929	-4386.82	4.0	2434.56	-59426.4	3.0	846.278	1.0	1264.73	84.0062	437.448	64.0429	0.256993	0.0357345	1.09412	0.0169385	
0.0-2.4	6.5-30.0	30.0-60.0	0.785-1.178	0.008	0.12	2054.0	2051.0	1530.97	79.0716	520.702	49.8999	-0.123648	0.265078	-0.05	0.0	0.1	0.0	3.09267	0.0	0.1	0.0	0.03	0.0	0.0330155	0.0	1.492	0.04	5.0	0.0	1.733	0.07	0.0330155	0.0	1.50151e-05	1.29092	0.235236	0.0495696	0.19835	0.0	0.00208889	0.0	0.000656556	0.00190527	1.70743	0.0	0.816602	0.0434857	0.92498	1.65194	0.561973	1.46223	0.244533	0.237593	0.0723494	0.113153	0.404904	0.313666	0.0577432	0.110756	-9456.65	4.0	1741.27	-52956.8	3.0	131.796	1.0	1065.52	89.5655	465.45	74.6416	0.304024	0.0461567	1.0549	0.0134927	
0.0-2.4	6.5-30.0	30.0-60.0	1.178-1.571	0.008	0.12	1983.0	1972.0	1456.86	69.6786	515.383	51.8846	-0.0887684	0.38601	-0.05	0.0	0.1	0.0	3.09267	0.0	0.1	0.0	0.03	0.0	0.0330155	0.0	1.492	0.04	5.0	0.0	1.733	0.07	0.0330155	0.0	1.01172e-05	3.47073	0.293539	0.0535275	0.19835	0.0	0.00208889	0.0	0.00175527	0.00169866	1.70743	0.0	0.822087	0.0429166	0.709618	0.517084	0.628335	0.770824	0.155507	0.33778	0.0440724	0.0929114	0.631296	0.742147	0.0614394	0.0529403	-4793.67	4.0	667.013	-40844.1	3.0	219.259	1.0	1018.69	69.8435	438.17	54.254	0.300764	0.0343501	1.05831	0.0133623	
0.0-2.4	6.5-8.0	0.0-100.0	0.000-0.393	0.016	0.136	6923.0	6912.0	3086.47	139.379	3826.36	138.322	-0.0191945	0.124583	-0.05	0.0	0.1	0.0	3.09177	0.0	0.1	0.0	0.03	0.0	0.0341709	0.0	1.492	0.04	5.0	0.0	1.733	0.07	0.0341709	0.0	5.8071e-05	0.000360109	0.392966	0.126306	0.313059	0.129726	0.00413537	0.00521731	0.00305687	0.0017091	1.71404	0.172071	0.905607	0.0311261	0.999976	447.885	0.576687	1.13681	0.746121	0.518738	0.0020476	443.641	0.207526	0.281441	0.144572	0.202889	-19826.2	4.0	8285.46	-243893.0	3.0	949.253	1.0	2308.34	167.849	778.129	136.169	0.25211	0.0426238	1.21783	0.0684179	
0.0-2.4	6.5-8.0	0.0-100.0	0.000-1.571	0.016	0.16	24630.0	24625.0	11235.1	268.627	13389.5	288.458	-0.000797303	0.0651701	-0.05	0.0	0.1	0.0	3.09177	0.000924363	0.1	0.0	0.03	0.0	0.0341709	0.000893791	1.492	0.04	5.0	0.0	1.733	0.07	0.0341709	0.000893791	2.57968e-05	9.0559e-05	0.29307	0.0349369	0.307488	0.0880482	0.00439684	0.00310131	0.00331575	0.000884359	1.63221	0.0944826	0.914374	0.0183185	0.544482	0.35766	0.890176	0.476989	0.626974	0.357096	0.0686344	0.102469	0.241397	0.368041	0.492581	3.56379	-55323.9	4.0	15244.2	-942464.0	5.0	670.089	1.0	8526.91	290.383	2708.23	216.681	0.24105	0.0184047	1.18245	0.0398016	
0.0-2.4	6.5-8.0	0.0-100.0	0.393-0.785	0.016	0.145	6367.0	6363.0	2715.28	115.243	3648.49	128.063	-0.125625	0.120347	-0.05	0.0	0.1	0.0	3.09177	0.0	0.1	0.0	0.03	0.0	0.0341709	0.0	1.492	0.04	5.0	0.0	1.733	0.07	0.0341709	0.0	3.35609e-05	0.000234572	0.278817	0.0511046	0.488577	0.194943	0.00546084	0.00439552	0.00141196	0.00230934	1.47132	0.124323	0.872651	0.0505604	0.636148	0.165006	0.822028	0.358505	0.520206	0.107865	0.065259	0.0332575	0.136285	0.0234768	0.248146	0.258466	-23200.0	4.0	650.921	-175317.0	3.0	4.79858	1.0	2143.61	121.78	571.672	84.5092	0.210539	0.0298132	1.20296	0.0685545	
0.0-2.4	6.5-8.0	0.0-100.0	0.785-1.178	0.016	0.152	6006.0	6004.0	2915.96	129.686	3088.27	133.691	0.238859	0.154854	-0.05	0.0	0.1	0.0	3.09177	0.0	0.1	0.0	0.03	0.0	0.0341709	0.0	1.492	0.04	5.0	0.0	1.733	0.07	0.0341709	0.0	4.17642e-05	0.79061	0.249097	0.0412475	0.230575	0.110068	0.00708186	0.0153869	0.00235735	0.00159938	1.73111	0.184706	0.883305	0.0350023	0.392269	4.20629	0.431961	2.652	0.385816	2.44367	0.0343806	0.208959	0.38661	0.451807	0.0827924	0.0689048	-21984.9	4.0	2618.53	-199129.0	3.0	73.2033	1.0	2113.03	139.536	802.925	109.151	0.275355	0.0353723	1.13636	0.0635822	
0.0-2.4	6.5-8.0	0.0-100.0	1.178-1.571	0.016	0.152	5332.0	5328.0	2519.52	120.773	2809.28	145.235	-0.0698494	0.129036	-0.05	0.0	0.1	0.0	3.09177	0.0	0.1	0.0	0.03	0.0	0.0341709	0.0	1.492	0.04	5.0	0.0	1.733	0.07	0.0341709	0.0	6.96199e-05	0.00138898	0.251077	0.0392637	0.599664	0.33064	-4.6222e-05	0.00372	0.00156532	0.00208776	1.40906	0.147928	0.651456	0.0554513	0.611588	0.728987	0.793835	1.04976	0.645959	0.345164	0.0708145	0.155204	0.507995	1.23946	0.554658	4.2925	-893.262	4.0	856.509	-186914.0	3.0	6885.51	1.0	1938.81	117.097	580.705	76.4808	0.230483	0.0282734	1.1664	0.123076	
0.0-2.4	6.5-8.0	10.0-60.0	0.000-0.393	0.016	0.128	4028.0	4022.0	1980.69	102.365	2041.52	94.3212	-0.0424362	0.161108	-0.05	0.0	0.1	0.0	3.09177	0.0	0.1	0.0	0.03	0.0	0.0336942	0.0	1.492	0.04	5.0	0.0	1.733	0.07	0.0336942	0.0	5.95546e-05	0.000344739	0.310892	0.0731179	0.307488	0.0	0.00439684	0.0	-0.000160439	0.00187109	1.63221	0.0	0.889343	0.037276	0.998825	70.6442	0.605096	4.69537	0.744131	2.78625	0.00272915	120.39	0.222065	1.14437	0.105265	1.08429	-14269.9	4.0	3081.06	-119520.0	3.0	560.196	1.0	1433.92	114.588	546.772	91.8535	0.276051	0.0441254	1.16915	0.00981807	
0.0-2.4	6.5-8.0	10.0-60.0	0.000-1.571	0.016	0.16	13949.0	13946.0	7262.13	200.41	6685.07	193.902	0.0824805	0.106057	-0.05	0.0	0.1	0.0	3.09177	0.0	0.1	0.0	0.03	0.0	0.0336942	0.00103832	1.492	0.04	5.0	0.0	1.733	0.07	0.0336942	0.00103832	2.57968e-05	9.0559e-05	0.262764	0.0292086	0.307488	0.0	0.00439684	0.0	0.00140791	0.00105518	1.63221	0.0	0.87795	0.021071	0.534587	0.975573	0.811368	0.373337	0.613633	0.610213	0.047721	0.109364	0.22041	0.0983621	0.366214	0.536778	-51116.0	4.0	5826.34	-473158.0	4.0	738.51	1.0	5363.81	214.623	1898.33	164.003	0.261401	0.0214001	1.16317	0.00550692	
0.0-2.4	6.5-8.0	10.0-60.0	0.393-0.785	0.016	0.145	3618.0	3617.0	1850.53	90.4842	1766.7	89.5164	0.0798821	0.178337	-0.05	0.0	0.1	0.0	3.09177	0.0	0.1	0.0	0.03	0.0	0.0336942	0.0	1.492	0.04	5.0	0.0	1.733	0.07	0.0336942	0.0	3.35609e-05	0.000234572	0.243341	0.0471699	0.307488	0.0	0.00439684	0.0	0.00266343	0.00244773	1.63221	0.0	0.95321	0.0511208	0.462527	0.78518	0.831973	0.288778	0.491961	0.692188	0.0388774	0.0532538	0.141793	0.0654726	0.350661	0.330532	-15882.3	4.0	251.314	-91473.4	3.0	20.0589	1.0	1454.29	95.9011	396.245	67.2003	0.214125	0.034772	1.2035	0.0140197	
0.0-2.4	6.5-8.0	10.0-60.0	0.785-1.178	0.016	0.152	3249.0	3247.0	1809.35	102.821	1437.66	95.1616	0.301823	0.280446	-0.05	0.0	0.1	0.0	3.09177	0.0	0.1	0.0	0.03	0.0	0.0336942	0.0	1.492	0.04	5.0	0.0	1.733	0.07	0.0336942	0.0	4.17642e-05	0.79061	0.211253	0.0514242	0.307488	0.0	0.00439684	0.0	6.31745e-05	0.00199059	1.63221	0.0	0.826521	0.0356545	0.957136	90.1313	0.34861	19.9789	0.589208	1.09551	0.154008	3.76441	0.430009	6.27882	0.101394	2.38474	-11685.2	4.0	2571.16	-104957.0	3.0	326.492	1.0	1277.77	119.888	531.579	100.066	0.293796	0.0527248	1.13678	0.00897616	
0.0-2.4	6.5-8.0	10.0-60.0	1.178-1.571	0.016	0.136	3052.0	3049.0	1621.23	88.6544	1428.64	92.8145	0.0591521	0.270996	-0.05	0.0	0.1	0.0	3.09177	0.0	0.1	0.0	0.03	0.0	0.0336942	0.0	1.492	0.04	5.0	0.0	1.733	0.07	0.0336942	0.0	1.20568e-05	0.0173859	0.280773	0.0537097	0.307488	0.0	0.00439684	0.0	0.000743799	0.00208804	1.63221	0.0	0.778114	0.0432676	0.40223	0.163408	0.759739	0.393528	0.528622	0.1643	0.0455748	0.0175934	0.266952	0.118934	0.480538	0.693043	-10858.7	4.0	1084.19	-85130.7	3.0	907.693	1.0	1180.65	87.6242	440.582	63.9547	0.271757	0.0365421	1.11287	0.0104752	
0.0-2.4	8.0-10.0	0.0-100.0	0.000-0.393	0.008	0.152	3567.0	3561.0	2270.69	80.8947	1290.69	65.1314	0.350271	0.183614	-0.05	0.0	0.1	0.0	3.09324	0.0	0.1	0.0	0.03	0.0	0.0321291	0.0	1.492	0.04	5.0	0.0	1.733	0.07	0.0321291	0.0	1.01039e-05	0.487899	0.250625	0.0321792	0.0783534	0.0380246	0.00336464	0.00777792	0.0012163	0.00119173	2.21072	0.285123	0.933851	0.0301489	0.558719	0.775355	0.999822	104.791	0.437898	1.45319	0.0483429	0.0990133	0.226844	0.307894	0.0201063	1022.88	-10850.0	4.0	563.253	-65244.0	3.0	12.1449	1.0	1609.37	82.4658	661.326	63.7843	0.291244	0.0261037	1.08935	0.0433984	
0.0-2.4	8.0-10.0	0.0-100.0	0.000-1.571	0.008	0.152	13137.0	13124.0	8450.58	170.438	4673.75	132.765	-0.0427143	0.103698	-0.05	0.0	0.1	0.0	3.09324	0.000609143	0.1	0.0	0.03	0.0	0.0321291	0.000521013	1.492	0.04	5.0	0.0	1.733	0.07	0.0321291	0.000521013	1.04463e-05	0.772766	0.348595	0.0516361	0.0999374	0.0382996	0.00376099	0.00404766	0.00279226	0.000787096	1.94825	0.155484	0.97938	0.0196193	0.604583	1.71083	0.960919	0.234806	0.487225	1.39763	0.0436676	0.130096	0.350098	0.178721	0.338757	1.9488	15778.5	4.0	55440.7	-405937.0	5.0	34290.5	1.0	6005.7	211.454	2444.88	180.201	0.289315	0.0205102	1.11475	0.0289506	
0.0-2.4	8.0-10.0	0.0-100.0	0.393-0.785	0.016	0.105	3483.0	3456.0	2272.1	90.3977	1184.63	72.5107	-0.386529	0.182635	-0.05	0.0	0.1	0.0	3.09324	0.0	0.1	0.0	0.03	0.0	0.0321291	0.0	1.492	0.04	5.0	0.0	1.733	0.07	0.0321291	0.0	4.92988e-05	0.000250796	0.367917	0.0783064	0.0871788	0.0543777	0.00869349	0.0183421	0.00473871	0.00162262	2.08798	0.303036	1.05296	0.0407117	0.499659	1.93317	0.959195	0.20179	0.295236	2.55444	0.0264111	0.189006	0.410124	0.339557	0.374323	1.76635	-3923.29	4.0	3137.27	-82418.6	3.0	521.286	1.0	1563.69	96.4969	708.409	78.9657	0.311786	0.0324653	1.17989	0.0471634	
0.0-2.4	8.0-10.0	0.0-100.0	0.785-1.178	0.008	0.145	3173.0	3173.0	2047.23	105.783	1125.86	76.7935	0.0832764	0.275593	-0.05	0.0	0.1	0.0	3.09324	0.0	0.1	0.0	0.03	0.0	0.0321291	0.0	1.492	0.04	5.0	0.0	1.733	0.07	0.0321291	0.0	6.83076e-05	0.000188408	0.701092	0.634344	0.0494462	0.0365968	0.00997806	0.0194271	0.00145994	0.00184069	2.17557	0.39497	1.03401	0.0467134	0.8343	0.620345	0.999967	245.306	0.639675	0.251595	0.096315	0.11345	0.223696	0.165163	0.109316	1056.41	26156.6	4.0	18366.4	-140913.0	3.0	75.1915	1.0	1430.17	153.928	617.067	138.742	0.301415	0.0659567	1.11819	0.0410023	
0.0-2.4	8.0-10.0	0.0-100.0	1.178-1.571	0.008	0.128	2912.0	2911.0	1870.53	74.1339	1041.01	64.8564	-0.218593	0.209041	-0.05	0.0	0.1	0.0	3.09324	0.0	0.1	0.0	0.03	0.0	0.0321291	0.0	1.492	0.04	5.0	0.0	1.733	0.07	0.0321291	0.0	1.54046e-05	0.000145821	0.217855	0.0266252	0.681636	0.163444	-0.00101435	0.00214303	0.00215798	0.00223511	1.35029	0.0690844	0.6	0.157776	0.930927	2.51814	0.597339	2.70234	0.473516	0.740725	0.0539413	0.0927438	0.586907	0.702469	0.0577651	0.0775203	-6743.32	4.0	218.339	-54772.5	3.0	202.306	1.0	1335.46	72.8955	535.066	54.4251	0.286051	0.0267966	1.16509	0.0595447	
0.0-2.4	8.0-10.0	10.0-60.0	0.000-0.393	0.008	0.145	2224.0	2223.0	1481.59	61.3753	741.573	46.606	0.222581	0.20961	-0.05	0.0	0.1	0.0	3.09324	0.0	0.1	0.0	0.03	0.0	0.0328644	0.0	1.492	0.04	5.0	0.0	1.733	0.07	0.0328644	0.0	1.40048e-05	1.03758	0.225374	0.0301954	0.0999374	0.0	0.00376099	0.0	0.00101278	0.00142006	1.94825	0.0	0.880794	0.0357331	0.571447	1.84898	1.0	0.919477	0.317056	1.98413	0.0426188	0.123872	0.162771	0.141359	0.0262806	123.978	-8034.83	4.0	111.529	-34820.6	3.0	1.8539	1.0	1086.98	61.7428	394.603	45.2968	0.266338	0.0285129	1.03807	0.0136446	
0.0-2.4	8.0-10.0	10.0-60.0	0.000-1.571	0.008	0.145	7962.0	7961.0	5415.65	132.964	2545.03	91.7126	-0.165979	0.15029	-0.05	0.0	0.1	0.0	3.09324	0.0	0.1	0.0	0.03	0.0	0.0328644	0.000517447	1.492	0.04	5.0	0.0	1.733	0.07	0.0328644	0.000517447	1.82514e-05	0.000157912	0.338348	0.0699798	0.0999374	0.0	0.00376099	0.0	0.00187881	0.00101206	1.94825	0.0	0.899014	0.0254899	0.645367	1.99053	0.594973	1.849	0.20738	0.593768	0.0401424	0.0572227	0.388664	0.180571	0.0472178	0.0405724	23727.8	4.0	142082.0	-251180.0	4.0	59156.9	1.0	3877.76	178.502	1537.89	155.642	0.283972	0.0278808	1.05204	0.00980269	
0.0-2.4	8.0-10.0	10.0-60.0	0.393-0.785	0.008	0.12	2133.0	2128.0	1426.71	68.3301	701.965	57.4069	-0.470323	0.242431	-0.05	0.0	0.1	0.0	3.09324	0.0	0.1	0.0	0.03	0.0	0.0328644	0.0	1.492	0.04	5.0	0.0	1.733	0.07	0.0328644	0.0	1.00002e-05	8.80711e-05	0.31951	0.0865418	0.0999374	0.0	0.00376099	0.0	0.00151307	0.00190013	1.94825	0.0	0.953942	0.0558445	0.775176	1.24702	0.593698	2.27394	0.181575	1.75394	0.0433577	0.0631723	0.493484	0.444926	0.0382034	0.0543557	-1635.63	4.0	2034.08	-45059.5	3.0	942.496	1.0	1010.35	75.5944	416.358	61.4054	0.291831	0.0407072	1.09471	0.0219001	
0.0-2.4	8.0-10.0	10.0-60.0	0.785-1.178	0.008	0.112	1901.0	1897.0	1315.44	92.7335	581.855	54.5596	-0.215252	0.457593	-0.05	0.0	0.1	0.0	3.09324	0.0	0.1	0.0	0.03	0.0	0.0328644	0.0	1.492	0.04	5.0	0.0	1.733	0.07	0.0328644	0.0	1.4617e-05	0.013384	0.769896	1.05211	0.0999374	0.0	0.00376099	0.0	0.00199859	0.0025935	1.94825	0.0	0.956317	0.0649286	0.969744	16.2696	0.617919	5.99695	0.582823	6.45985	0.00104305	9.25207	0.216247	0.0569905	0.0586089	0.0438068	23640.3	4.0	15718.9	-100484.0	3.0	22.5063	1.0	872.02	136.508	443.42	125.827	0.337089	0.0926552	1.09657	0.0254825	
0.0-2.4	8.0-10.0	10.0-60.0	1.178-1.571	0.008	0.12	1702.0	1701.0	1197.73	58.1017	503.789	46.8544	-0.180265	0.347726	-0.05	0.0	0.1	0.0	3.09324	0.0	0.1	0.0	0.03	0.0	0.0328644	0.0	1.492	0.04	5.0	0.0	1.733	0.07	0.0328644	0.0	4.81487e-05	1.07517	0.222676	0.0327523	0.0999374	0.0	0.00376099	0.0	6.308e-05	0.00173838	1.94825	0.0	0.903391	0.0448209	0.665068	0.276701	1.0	0.0961374	0.360116	0.377188	0.0570366	0.0349572	0.507766	0.386684	4.99812	2031.43	-3832.75	4.0	134.586	-29351.9	3.0	211.681	1.0	839.788	57.9979	357.938	44.7845	0.298848	0.0344665	1.05541	0.0172655	
1.2-1.6	6.5-30.0	0.0-100.0	0.000-0.393	0.008	0.136	3130.0	3127.0	1701.12	77.4935	1426.75	70.9056	0.150291	0.164304	-0.05	0.0	0.1	0.0	3.09177	0.0	0.1	0.0	0.03	0.0	0.03741	0.0	1.492	0.04	5.0	0.0	1.733	0.07	0.03741	0.0	8.70362e-05	0.000270698	0.313987	0.0777769	0.130197	0.0694199	0.00814269	0.0161506	0.00249098	0.00154536	1.98675	0.266132	0.89324	0.0377538	0.477208	2.52447	0.444058	6.70999	0.00150475	178.978	0.0173553	0.310536	0.220508	0.421954	0.0473068	0.601398	-7635.39	4.0	1350.17	-61662.6	3.0	20.6687	1.0	1269.84	86.4515	431.282	67.1835	0.253528	0.0377671	1.09905	0.0602663	
1.2-1.6	6.5-30.0	0.0-100.0	0.000-1.571	0.008	0.136	11514.0	11502.0	6265.96	164.777	5237.27	174.721	-0.103775	0.069545	-0.05	0.0	0.1	0.0	3.09177	0.00100132	0.1	0.0	0.03	0.0	0.03741	0.00102812	1.492	0.04	5.0	0.0	1.733	0.07	0.03741	0.00102812	1.03021e-05	0.137313	0.287237	0.0299461	0.0999774	0.0369937	0.00921681	0.0152857	0.00352741	0.000810092	2.02628	0.173102	0.951151	0.0200124	0.529197	132.166	0.580953	80.556	0.346949	70.3155	0.0234738	3.76135	0.487245	2.48655	0.0835641	3.94865	-549.04	4.0	4894.17	-314497.0	5.0	14578.4	1.0	4561.02	165.515	1704.94	122.553	0.272095	0.0182027	1.10667	0.0320403	
1.2-1.6	6.5-30.0	0.0-100.0	0.393-0.785	0.008	0.128	3134.0	3130.0	1621.63	79.5662	1509.47	81.1068	-0.250119	0.156931	-0.05	0.0	0.1	0.0	3.09177	0.0	0.1	0.0	0.03	0.0	0.03741	0.0	1.492	0.04	5.0	0.0	1.733	0.07	0.03741	0.0	1.40773e-05	0.000247178	0.294917	0.0605622	0.0978918	0.063768	0.00830884	0.017385	0.00364969	0.00163087	2.07462	0.34261	1.00777	0.0398321	0.563226	35.8348	0.80777	15.1938	0.516753	23.3836	0.0391971	1.82263	0.391523	3.39849	0.188836	5.91545	-3652.89	4.0	1306.24	-68141.4	3.0	522.109	1.0	1148.47	84.0033	473.158	66.4843	0.291779	0.0384177	1.15651	0.0566113	
1.2-1.6	6.5-30.0	0.0-100.0	0.785-1.178	0.008	0.136	2688.0	2686.0	1512.65	72.3314	1174.09	69.1813	0.0976117	0.197358	-0.05	0.0	0.1	0.0	3.09177	0.0	0.1	0.0	0.03	0.0	0.03741	0.0	1.492	0.04	5.0	0.0	1.733	0.07	0.03741	0.0	1.0973e-05	0.00459423	0.308698	0.0722016	0.0383419	0.0282596	0.00999981	0.0173776	0.00345487	0.00149877	2.63905	0.579204	0.962563	0.0390328	0.54181	0.0945676	1.0	0.000142898	0.48026	0.121356	0.0571081	0.0133374	0.222391	0.0614141	0.872499	25.8015	-4265.78	4.0	876.484	-53171.2	3.0	66.8364	1.0	1139.09	76.4127	373.563	56.4905	0.24696	0.0354292	1.07612	0.0509384	
1.2-1.6	6.5-30.0	0.0-100.0	1.178-1.571	0.008	0.12	2560.0	2546.0	1426.5	85.3505	1119.84	104.156	-0.453344	0.198064	-0.05	0.0	0.1	0.0	3.09177	0.0	0.1	0.0	0.03	0.0	0.03741	0.0	1.492	0.04	5.0	0.0	1.733	0.07	0.03741	0.0	3.21269e-05	0.000513866	0.254087	0.0387412	0.429426	0.219667	0.00289074	0.00368548	0.00376643	0.00223077	1.45696	0.14329	0.766575	0.0604231	0.776086	1.07277	0.610831	2.24637	0.332655	2.19985	0.0834555	0.133857	0.95433	2.2995	0.0484648	0.292006	9004.95	4.0	540.174	-80922.3	3.0	28369.4	1.0	997.446	76.3585	429.054	54.111	0.300774	0.0333922	1.11662	0.0863219	
1.2-1.6	6.5-30.0	10.0-60.0	0.000-0.393	0.008	0.12	1963.0	1960.0	1141.78	62.0544	818.307	52.9076	0.177297	0.218451	-0.05	0.0	0.1	0.0	3.09177	0.0	0.1	0.0	0.03	0.0	0.0377888	0.0	1.492	0.04	5.0	0.0	1.733	0.07	0.0377888	0.0	9.39567e-05	0.000265483	0.340066	0.110702	0.0999774	0.0	0.00921681	0.0	0.00100932	0.00189038	2.02628	0.0	1.05047	0.0437863	0.503529	4175.48	0.817424	784.98	0.40977	4022.35	0.00100215	5389.91	0.223223	34.3221	0.113856	90.3048	-4377.91	4.0	1091.21	-35644.5	3.0	30.3803	1.0	853.949	70.4863	287.832	55.3087	0.25209	0.0464627	1.18476	0.017471	
1.2-1.6	6.5-30.0	10.0-60.0	0.000-1.571	0.008	0.128	6633.0	6625.0	4020.05	117.111	2605.78	106.369	-0.178938	0.116612	-0.05	0.0	0.1	0.0	3.09177	0.0	0.1	0.0	0.03	0.0	0.0377888	0.00127078	1.492	0.04	5.0	0.0	1.733	0.07	0.0377888	0.00127078	1.05393e-05	0.000462059	0.268114	0.0327738	0.0999774	0.0	0.00921681	0.0	0.00184334	0.000997304	2.02628	0.0	0.984954	0.0247564	0.746322	0.893831	0.609342	2.67604	0.41697	2.68958	0.0893659	0.14591	0.360341	0.189149	0.0368052	0.267427	-11749.3	4.0	2120.27	-138859.0	4.0	431.307	1.0	2960.02	122.43	1060.03	92.2327	0.263685	0.021619	1.13297	0.00968517	
1.2-1.6	6.5-30.0	10.0-60.0	0.393-0.785	0.008	0.112	1768.0	1758.0	991.834	58.0526	766.427	60.4404	-0.459247	0.234398	-0.05	0.0	0.1	0.0	3.09177	0.0	0.1	0.0	0.03	0.0	0.0377888	0.0	1.492	0.04	5.0	0.0	1.733	0.07	0.0377888	0.0	2.07034e-05	0.000129572	0.222671	0.0423535	0.0999774	0.0	0.00921681	0.0	0.00191524	0.00215599	2.02628	0.0	1.10587	0.0497008	0.774087	25.1895	0.998629	215.324	0.675048	40.1431	0.106258	13.8906	0.580919	14.8591	0.0270072	1610.35	-1018.72	4.0	319.936	-34034.3	3.0	1039.89	1.0	708.771	60.3833	283.062	46.9004	0.285393	0.0442379	1.2293	0.0201203	
1.2-1.6	6.5-30.0	10.0-60.0	0.785-1.178	0.008	0.128	1478.0	1477.0	939.582	50.4538	537.482	42.6846	-0.437178	0.251135	-0.05	0.0	0.1	0.0	3.09177	0.0	0.1	0.0	0.03	0.0	0.0377888	0.0	1.492	0.04	5.0	0.0	1.733	0.07	0.0377888	0.0	2.57361e-05	0.000145696	0.207716	0.0360173	0.0999774	0.0	0.00921681	0.0	0.000585125	0.00179028	2.02628	0.0	0.9251	0.0474511	0.623973	1.44521	0.999869	279.148	0.459526	2.75133	0.0592433	0.20669	0.22852	0.567844	0.0200029	718.891	-4667.49	4.0	33.7088	-22170.1	3.0	44.9555	1.0	727.641	51.7415	211.941	35.7772	0.225569	0.0360998	1.08662	0.0181795	
1.2-1.6	6.5-30.0	10.0-60.0	1.178-1.571	0.008	0.105	1422.0	1405.0	936.662	52.7657	468.386	42.6513	-0.0843081	0.301959	-0.05	0.0	0.1	0.0	3.09177	0.0	0.1	0.0	0.03	0.0	0.0377888	0.0	1.492	0.04	5.0	0.0	1.733	0.07	0.0377888	0.0	3.08551e-05	0.00051849	0.287243	0.0584487	0.0999774	0.0	0.00921681	0.0	0.00358595	0.00205482	2.02628	0.0	0.962091	0.05147	0.620225	0.66118	0.902508	29.1027	0.37403	9.04966	0.0779683	0.157441	0.384798	0.475182	0.0200056	2.15481	-3239.67	4.0	265.264	-23445.7	3.0	20.4851	1.0	660.237	52.9525	276.425	40.781	0.295117	0.0402396	1.11515	0.0199829	
1.2-2.4	6.5-30.0	0.0-100.0	0.000-0.393	0.008	0.152	7756.0	7747.0	3928.33	121.549	3819.63	118.979	-0.0689169	0.101783	-0.05	0.0	0.1	0.0	3.09112	0.0	0.1	0.0	0.03	0.0	0.0426968	0.0	1.492	0.04	5.0	0.0	1.733	0.07	0.0426968	0.0	3.42723e-05	0.000135506	0.279027	0.0398449	0.147506	0.0525668	0.00656579	0.00470592	0.00235319	0.00101863	1.94036	0.171727	0.937805	0.0225855	0.355215	9.50757	0.752697	5.58692	0.271913	15.651	0.00100011	3.33886	0.226052	0.127145	0.0810355	0.0757312	-21424.5	4.0	1622.88	-170413.0	3.0	13.1944	1.0	2978.2	132.166	950.127	99.1991	0.241866	0.0241178	1.14241	0.0403362	
1.2-2.4	6.5-30.0	0.0-100.0	0.000-1.571	0.008	0.128	27725.0	27615.0	14960.6	255.955	12654.3	257.427	-0.193935	0.0540996	-0.05	0.0	0.1	0.0	3.09112	0.000770228	0.1	0.0	0.03	0.0	0.0426968	0.000810658	1.492	0.04	5.0	0.0	1.733	0.07	0.0426968	0.000810658	1.38621e-05	0.000134836	0.2719	0.0175924	0.186805	0.0404235	0.00562667	0.0022307	0.00222089	0.000576008	1.79346	0.0844886	0.916796	0.0135218	0.86862	0.333017	0.453616	0.508529	0.455313	0.598462	0.162151	0.211785	0.336766	0.105621	0.0491432	0.0691223	-44057.8	4.0	6366.73	-765679.0	5.0	4657.75	1.0	11162.4	261.153	3798.14	189.611	0.253877	0.0119066	1.1333	0.0249927	
1.2-2.4	6.5-30.0	0.0-100.0	0.393-0.785	0.008	0.145	7223.0	7212.0	3778.87	121.397	3433.34	120.281	-0.378392	0.110631	-0.05	0.0	0.1	0.0	3.09112	0.0	0.1	0.0	0.03	0.0	0.0426968	0.0	1.492	0.04	5.0	0.0	1.733	0.07	0.0426968	0.0	2.65486e-05	7.2402e-05	0.284359	0.0395564	0.215726	0.105061	0.00712779	0.00410469	0.0040222	0.00127832	1.7141	0.172696	0.994196	0.0292517	0.662264	1.5492	0.791388	0.566558	0.571139	0.821976	0.0484065	0.172856	0.26541	0.179992	0.369838	0.770385	-12858.2	4.0	1870.61	-169318.0	3.0	240.667	1.0	2803.24	130.533	975.63	99.5554	0.25818	0.0250056	1.18703	0.0517398	
1.2-2.4	6.5-30.0	0.0-100.0	0.785-1.178	0.008	0.152	6546.0	6544.0	3666.51	116.366	2877.59	109.381	-0.0669374	0.122167	-0.05	0.0	0.1	0.0	3.09112	0.0	0.1	0.0	0.03	0.0	0.0426968	0.0	1.492	0.04	5.0	0.0	1.733	0.07	0.0426968	0.0	1.03152e-05	0.00396442	0.289356	0.041279	0.127095	0.057169	0.00999999	0.014517	0.00108295	0.00112927	1.93778	0.197975	0.972598	0.027845	0.998503	174.361	0.396942	2.80432	0.467875	2.21331	0.00148713	141.59	0.282532	0.0817873	0.0660954	0.0336485	-15755.6	4.0	1281.92	-146483.0	3.0	47.0334	1.0	2826.54	123.495	839.976	88.9627	0.229094	0.0231485	1.14147	0.0424314	
1.2-2.4	6.5-30.0	0.0-100.0	1.178-1.571	0.008	0.152	6198.0	6195.0	3583.18	123.996	2612.21	131.763	-0.304999	0.108348	-0.05	0.0	0.1	0.0	3.09112	0.0	0.1	0.0	0.03	0.0	0.0426968	0.0	1.492	0.04	5.0	0.0	1.733	0.07	0.0426968	0.0	3.88875e-05	0.000353399	0.251805	0.0256711	0.376887	0.131541	0.000173054	0.00284995	0.00278868	0.00131443	1.54336	0.106566	0.742455	0.0323644	0.826062	2.25062	0.487057	2.82071	0.39423	5.40086	0.0941643	0.258213	0.57159	1.08191	0.0487291	0.750923	1629.78	4.0	907.32	-171712.0	3.0	17913.4	1.0	2584.25	119.382	998.931	86.3121	0.278784	0.0220719	1.1141	0.0611489	
1.2-2.4	6.5-30.0	10.0-60.0	0.000-0.393	0.008	0.152	4719.0	4718.0	2626.49	94.8454	2091.69	85.6183	-0.0952412	0.13422	-0.05	0.0	0.1	0.0	3.09112	0.0	0.1	0.0	0.03	0.0	0.0428705	0.0	1.492	0.04	5.0	0.0	1.733	0.07	0.0428705	0.0	3.42723e-05	0.000135506	0.290516	0.0536318	0.186805	0.0	0.00562667	0.0	0.00222355	0.00119528	1.79346	0.0	0.865064	0.0258455	0.703093	2.63354	0.789149	1.04007	0.564195	1.30248	0.0265583	0.124645	0.191313	0.077567	0.118113	0.196455	-13659.7	4.0	1214.84	-93176.9	3.0	23.2885	1.0	2017.96	104.012	608.535	77.4027	0.231691	0.0282574	1.09973	0.00826632	
1.2-2.4	6.5-30.0	10.0-60.0	0.000-1.571	0.008	0.16	16182.0	16179.0	9626.72	187.789	6554.02	169.258	-0.235059	0.076343	-0.05	0.0	0.1	0.0	3.09112	0.0	0.1	0.0	0.03	0.0	0.0428705	0.000962671	1.492	0.04	5.0	0.0	1.733	0.07	0.0428705	0.000962671	1.04253e-05	6.6059e-05	0.252798	0.018616	0.186805	0.0	0.00562667	0.0	0.00314589	0.000702362	1.79346	0.0	0.918298	0.0161638	0.601564	0.331212	0.898407	0.158017	0.545992	0.279902	0.0409596	0.0386113	0.260952	0.0724331	0.316221	0.400226	-41101.2	4.0	2832.08	-373951.0	4.0	169.954	1.0	7150.54	194.027	2476.18	143.26	0.257219	0.0140101	1.13428	0.00532073	
1.2-2.4	6.5-30.0	10.0-60.0	0.393-0.785	0.008	0.145	4147.0	4146.0	2401.74	89.7468	1744.46	85.9013	-0.383036	0.151852	-0.05	0.0	0.1	0.0	3.09112	0.0	0.1	0.0	0.03	0.0	0.0428705	0.0	1.492	0.04	5.0	0.0	1.733	0.07	0.0428705	0.0	2.65486e-05	7.2402e-05	0.210191	0.0266824	0.186805	0.0	0.00562667	0.0	0.00445167	0.00159244	1.79346	0.0	1.01632	0.0358839	0.550437	1.15293	0.835188	0.409444	0.540115	0.910805	0.032858	0.0859147	0.347568	0.306706	0.579111	1.56459	-7481.86	4.0	478.479	-84714.1	3.0	504.399	1.0	1779.61	95.7297	622.128	72.6804	0.259033	0.0286718	1.20034	0.0123535	
1.2-2.4	6.5-30.0	10.0-60.0	0.785-1.178	0.008	0.152	3728.0	3726.0	2300.47	85.4186	1425.67	72.6998	-0.231062	0.162187	-0.05	0.0	0.1	0.0	3.09112	0.0	0.1	0.0	0.03	0.0	0.0428705	0.0	1.492	0.04	5.0	0.0	1.733	0.07	0.0428705	0.0	1.03152e-05	0.00396442	0.23776	0.0314572	0.186805	0.0	0.00562667	0.0	0.000861657	0.00143804	1.79346	0.0	0.912753	0.0342113	0.74633	0.240158	0.614659	1.77605	0.352982	1.66939	0.0942159	0.0700943	0.21297	0.0672749	0.0280745	0.0661577	-11517.3	4.0	295.562	-69841.8	3.0	9.55667	1.0	1726.14	89.2709	574.334	65.6974	0.249659	0.0270118	1.13064	0.0112296	
1.2-2.4	6.5-30.0	10.0-60.0	1.178-1.571	0.008	0.152	3586.0	3585.0	2302.95	86.7755	1282.35	71.1012	-0.26655	0.177495	-0.05	0.0	0.1	0.0	3.09112	0.0	0.1	0.0	0.03	0.0	0.0428705	0.0	1.492	0.04	5.0	0.0	1.733	0.07	0.0428705	0.0	3.88875e-05	0.000353399	0.270942	0.0348383	0.186805	0.0	0.00562667	0.0	0.0012093	0.00141209	1.79346	0.0	0.782727	0.0376681	0.99974	243.046	0.283988	7.71745	0.0607433	9.20089	0.001	21.0404	0.33172	0.222681	0.0345285	0.041383	-9509.85	4.0	480.836	-70339.9	3.0	4.19111	1.0	1608.43	88.8652	694.517	70.0627	0.301577	0.0282211	1.04837	0.011435	
1.6-2.4	3.0-6.5	0.0-100.0	0.000-0.393	0.016	0.232	43804.0	43796.0	7927.34	359.712	35869.7	557.465	0.0624714	0.0529633	-0.05	0.0	0.1	0.0	3.08994	0.0	0.04	0.0	0.05	0.0	0.0507881	0.0	1.86	0.19	5.0	0.0	1.38	0.32	0.0507881	0.0	0.000149401	0.0117133	0.344882	0.0991182	0.473976	0.263955	-0.00707842	0.0107562	0.01	0.0045417	1.54049	0.193925	0.798745	0.0220822	1.0	52.2447	0.775445	0.0011553	0.705648	0.00806383	0.00110279	173152.0	0.123049	0.00422834	0.739248	0.00195714	-131915.0	4.0	5870.78	-2722910.0	3.0	422.807	1.0	6721.9	451.896	1205.44	337.888	0.152061	0.0420609	1.20847	0.111463	
1.6-2.4	3.0-6.5	0.0-100.0	0.000-1.571	0.016	0.264	162584.0	162575.0	28671.2	765.878	133906.0	1138.48	0.0989503	0.0282948	-0.05	0.0	0.1	0.0	3.08994	0.00132313	0.04	0.0	0.05	0.0	0.0507881	0.00130956	1.86	0.19	5.0	0.0	1.38	0.32	0.0507881	0.00130956	1.10324e-05	0.0465138	0.310836	0.0360274	0.306676	0.207312	-0.00606766	0.0158233	0.01	0.00736016	1.65447	0.204252	0.920438	0.00890327	1.0	438.605	0.773325	0.0394184	0.756659	0.165995	0.00167691	142765.0	0.139122	0.119351	0.775514	0.0272353	-503354.0	4.0	15952.4	-11556100.0	5.0	4304.75	1.0	23926.6	818.931	4744.58	527.459	0.165483	0.0178578	1.19451	0.0928046	
1.6-2.4	3.0-6.5	0.0-100.0	0.393-0.785	0.016	0.264	41625.0	41619.0	6947.06	347.628	34672.3	551.418	0.00308269	0.0549788	-0.05	0.0	0.1	0.0	3.08994	0.0	0.04	0.0	0.05	0.0	0.0507881	0.0	1.86	0.19	5.0	0.0	1.38	0.32	0.0507881	0.0	0.000104776	0.00436801	0.303945	0.0610325	0.434071	0.259887	-0.00999985	0.0153683	0.01	0.00289125	1.61272	0.231443	0.802647	0.0188552	1.0	0.0806627	0.813506	0.000141982	0.731004	7.10645e-05	0.00103338	80.0379	0.14263	3.16984e-05	0.444071	0.000490466	-120004.0	4.0	3648.6	-2570330.0	3.0	1503.61	1.0	5639.29	383.064	1307.77	267.191	0.188248	0.0372896	1.22211	0.123396	
1.6-2.4	3.0-6.5	0.0-100.0	0.785-1.178	0.016	0.24	39226.0	39223.0	6811.27	340.614	32411.8	536.389	0.0788272	0.0562002	-0.05	0.0	0.1	0.0	3.08994	0.0	0.04	0.0	0.05	0.0	0.0507881	0.0	1.86	0.19	5.0	0.0	1.38	0.32	0.0507881	0.0	2.10511e-05	0.000549047	0.245989	0.0578852	0.0818643	0.0702753	-0.01	0.0192987	0.01	0.00142025	2.29979	0.540786	1.0861	0.015758	0.999993	506632.0	0.766601	7623.07	0.812498	8020.49	0.00211533	691089.0	0.164645	7322.05	1.20855	19281.8	-122323.0	4.0	3869.06	-2443320.0	3.0	705.374	1.0	5687.54	391.329	1123.73	274.593	0.164981	0.0394613	1.23127	0.0720304	
1.6-2.4	3.0-6.5	0.0-100.0	1.178-1.571	0.016	0.24	37928.0	37925.0	6983.89	341.026	30941.5	528.128	0.270474	0.062098	-0.05	0.0	0.1	0.0	3.08994	0.0	0.04	0.0	0.05	0.0	0.0507881	0.0	1.86	0.19	5.0	0.0	1.38	0.32	0.0507881	0.0	3.20725e-05	0.0130815	0.340157	0.0781197	0.862746	0.0705318	0.0058369	0.00486993	0.01	0.00488415	1.3149	0.0586406	0.6	0.0480904	1.0	5831590.0	0.733656	42933.3	0.793411	54345.9	0.00131578	8537930.0	0.145746	62065.7	1.09036	130872.0	-128284.0	4.0	3094.78	-2382440.0	3.0	2127.14	1.0	5893.54	362.816	1090.35	227.269	0.156124	0.0316363	1.24139	0.0331444	
1.6-2.4	3.0-6.5	10.0-60.0	0.000-0.393	0.016	0.209	23638.0	23608.0	5322.68	263.924	18285.9	386.188	0.0336493	0.0715076	-0.05	0.0	0.1	0.0	3.08994	0.0	0.04	0.0	0.05	0.0	0.0514198	0.0	1.86	0.19	5.0	0.0	1.38	0.32	0.0514198	0.0	0.000129268	0.000932346	0.290845	0.0671765	0.306676	0.0	-0.00606766	0.0	0.00763326	0.00173057	1.65447	0.0	0.896017	0.0218706	0.999997	2.78655	0.778776	0.00187035	0.721964	0.00210917	0.00174327	83.0307	0.109898	0.000890737	0.774955	0.0191475	-98466.4	4.0	644.484	-1262310.0	3.0	436.536	1.0	4622.94	282.556	699.743	168.808	0.131464	0.0310378	1.18156	0.00574946	
1.6-2.4	3.0-6.5	10.0-60.0	0.000-1.571	0.016	0.209	84368.0	84310.0	18243.7	549.68	66068.1	773.014	0.100618	0.0383287	-0.05	0.0	0.1	0.0	3.08994	0.0	0.04	0.0	0.05	0.0	0.0514198	0.00153867	1.86	0.19	5.0	0.0	1.38	0.32	0.0514198	0.00153867	2.44459e-05	0.000226863	0.294928	0.0335262	0.306676	0.0	-0.00606766	0.0	0.00864658	0.000995582	1.65447	0.0	0.899448	0.0118192	0.988907	1.26744	0.816619	0.474816	0.745896	0.389539	0.0560977	0.534683	0.118536	0.0658356	0.538375	0.787338	-377357.0	4.0	3338.64	-5141850.0	4.0	1873.94	1.0	15188.6	573.481	3055.13	357.672	0.167462	0.0189448	1.18337	0.00311422	
1.6-2.4	3.0-6.5	10.0-60.0	0.393-0.785	0.016	0.209	21897.0	21871.0	4376.26	246.621	17495.4	373.106	0.00949186	0.0734793	-0.05	0.0	0.1	0.0	3.08994	0.0	0.04	0.0	0.05	0.0	0.0514198	0.0	1.86	0.19	5.0	0.0	1.38	0.32	0.0514198	0.0	0.000185134	0.00079819	0.296472	0.0540899	0.306676	0.0	-0.00606766	0.0	0.00854014	0.00224797	1.65447	0.0	0.86935	0.0236691	0.439467	2.30392	0.900101	0.368771	0.427449	2.11247	0.00136507	0.298133	0.112035	0.120047	0.287888	0.199846	-92113.7	4.0	1078.6	-1142190.0	3.0	570.995	1.0	3331.3	263.826	1044.96	194.494	0.238779	0.042357	1.16767	0.00610891	
1.6-2.4	3.0-6.5	10.0-60.0	0.785-1.178	0.016	0.2	19900.0	19900.0	4204.68	237.976	15695.8	351.821	0.119973	0.0786277	-0.05	0.0	0.1	0.0	3.08994	0.0	0.04	0.0	0.05	0.0	0.0514198	0.0	1.86	0.19	5.0	0.0	1.38	0.32	0.0514198	0.0	3.10689e-05	0.000375227	0.246886	0.0559693	0.306676	0.0	-0.00606766	0.0	0.00620598	0.00173314	1.65447	0.0	0.837152	0.0245394	0.359081	1.64407	0.938862	0.409364	1.09008e-05	11.0378	0.00399693	0.0309052	0.0809418	0.193195	0.376928	0.250393	-100725.0	4.0	593.033	-1041720.0	3.0	399.442	1.0	3462.73	267.153	741.947	186.345	0.176458	0.0431786	1.15124	0.00618599	
1.6-2.4	3.0-6.5	10.0-60.0	1.178-1.571	0.016	0.2	18932.0	18913.0	4349.52	241.915	14563.2	349.85	0.278976	0.0857814	-0.05	0.0	0.1	0.0	3.08994	0.0	0.04	0.0	0.05	0.0	0.0514198	0.0	1.86	0.19	5.0	0.0	1.38	0.32	0.0514198	0.0	1.12763e-05	0.178932	0.350216	0.0992632	0.306676	0.0	-0.00606766	0.0	0.00878346	0.0019831	1.65447	0.0	0.937224	0.0248348	1.0	0.478385	0.860545	7.47378e-05	0.791757	7.06755e-05	0.00124794	24.5331	0.143622	3.74555e-05	0.557424	0.000501918	-88634.8	4.0	1077.01	-1016240.0	3.0	645.429	1.0	3738.79	261.089	610.725	161.49	0.140412	0.0362975	1.20352	0.00670435	
1.6-2.4	6.5-30.0	0.0-100.0	0.000-0.393	0.008	0.152	4625.0	4618.0	2242.85	94.2674	2375.96	95.7778	-0.207044	0.130613	-0.05	0.0	0.1	0.0	3.09081	0.0	0.1	0.0	0.03	0.0	0.0470914	0.0	1.492	0.04	5.0	0.0	1.733	0.07	0.0470914	0.0	3.15307e-05	0.000173778	0.25081	0.0374299	0.171695	0.085994	0.00507026	0.00583142	0.00360677	0.00134396	1.8838	0.229153	0.912879	0.0284462	0.983814	2.36921	0.57506	0.524062	0.697758	0.251645	0.00111559	5.80253	0.239505	0.0646111	0.102942	0.0366764	-14152.5	4.0	274.682	-95253.3	3.0	2.23169	1.0	1724.05	97.1827	518.796	68.3313	0.231312	0.0288735	1.13998	0.0613844	
1.6-2.4	6.5-30.0	0.0-100.0	0.000-1.571	0.008	0.152	16210.0	16191.0	8743.56	196.08	7447.81	187.241	-0.276612	0.0754477	-0.05	0.0	0.1	0.0	3.09081	0.00113458	0.1	0.0	0.03	0.0	0.0470914	0.00119853	1.492	0.04	5.0	0.0	1.733	0.07	0.0470914	0.00119853	1.37144e-05	0.000327844	0.262918	0.0209747	0.337019	0.0765519	0.00343684	0.00197833	0.0031689	0.000883242	1.60396	0.0792233	0.884655	0.019407	0.753442	0.30563	0.844063	0.381	0.646611	0.126291	0.0662917	0.100224	0.227593	0.0458539	0.27781	0.390816	-47102.7	4.0	1447.79	-399000.0	5.0	25.3934	1.0	6684.44	197.946	2059.12	137.273	0.235501	0.014785	1.17724	0.0346559	
1.6-2.4	6.5-30.0	0.0-100.0	0.393-0.785	0.008	0.145	4089.0	4080.0	2160.84	91.7885	1919.32	88.5361	-0.485476	0.151367	-0.05	0.0	0.1	0.0	3.09081	0.0	0.1	0.0	0.03	0.0	0.0470914	0.0	1.492	0.04	5.0	0.0	1.733	0.07	0.0470914	0.0	1.91191e-05	0.000301555	0.277724	0.0501042	0.653479	0.0874734	0.00512757	0.00198312	0.00336241	0.00301736	1.36098	0.0597214	0.794761	0.0693403	0.822857	1.44284	0.687021	0.471964	0.580268	0.560041	0.0426396	0.284749	0.185758	0.0579533	0.347648	0.290589	-9927.84	4.0	503.209	-87211.1	3.0	2.79433	1.0	1657.07	96.934	503.774	69.9966	0.233138	0.0308423	1.19553	0.0324923	
1.6-2.4	6.5-30.0	0.0-100.0	0.785-1.178	0.008	0.145	3858.0	3855.0	2176.06	91.7841	1679.49	84.5471	-0.196105	0.157557	-0.05	0.0	0.1	0.0	3.09081	0.0	0.1	0.0	0.03	0.0	0.0470914	0.0	1.492	0.04	5.0	0.0	1.733	0.07	0.0470914	0.0	1.00081e-05	0.000130579	0.273598	0.0468293	0.283905	0.121121	0.00876046	0.0144238	0.00172433	0.00184973	1.63893	0.152102	0.97215	0.0423564	0.48505	8.59622	0.689013	3.94563	0.358369	8.04444	0.0145556	0.530487	0.28555	0.119587	0.0885158	0.0967489	-11353.8	4.0	402.252	-81353.6	3.0	15.1239	1.0	1712.87	95.7691	463.193	65.8315	0.212859	0.0288897	1.19973	0.0543314	
1.6-2.4	6.5-30.0	0.0-100.0	1.178-1.571	0.008	0.152	3638.0	3636.0	2167.61	89.0416	1469.22	77.7391	-0.20701	0.167212	-0.05	0.0	0.1	0.0	3.09081	0.0	0.1	0.0	0.03	0.0	0.0470914	0.0	1.492	0.04	5.0	0.0	1.733	0.07	0.0470914	0.0	2.89134e-05	0.000256279	0.255358	0.03475	0.350351	0.133684	-0.00427118	0.00495361	0.00229608	0.00167132	1.6055	0.129976	0.76563	0.0376834	0.999781	6.31745	0.586949	0.919351	0.645895	0.76091	0.00320712	7.6893	0.271021	0.0769033	0.0958643	0.0713324	-12207.1	4.0	266.728	-75016.2	3.0	5.96408	1.0	1591.8	90.0058	575.804	66.2182	0.26564	0.0285336	1.13309	0.0675234	
1.6-2.4	6.5-30.0	10.0-60.0	0.000-0.393	0.008	0.152	2756.0	2756.0	1489.73	71.9169	1266.66	67.3308	-0.276989	0.172331	-0.05	0.0	0.1	0.0	3.09081	0.0	0.1	0.0	0.03	0.0	0.0467539	0.0	1.492	0.04	5.0	0.0	1.733	0.07	0.0467539	0.0	3.15307e-05	0.000173778	0.243082	0.0419574	0.337019	0.0	0.00343684	0.0	0.00204724	0.00160498	1.60396	0.0	0.745152	0.0324853	0.958903	11.2049	0.721037	3.02107	0.706794	3.15101	0.00101868	8.44095	0.187359	0.0428499	0.128242	0.0623163	-9671.67	4.0	129.281	-49689.6	3.0	3.42547	1.0	1159.53	73.404	330.203	50.0888	0.221652	0.0318745	1.11138	0.00722005	
1.6-2.4	6.5-30.0	10.0-60.0	0.000-1.571	0.008	0.16	9549.0	9548.0	5622.61	146.912	3925.43	130.888	-0.283431	0.100361	-0.05	0.0	0.1	0.0	3.09081	0.0	0.1	0.0	0.03	0.0	0.0467539	0.00137873	1.492	0.04	5.0	0.0	1.733	0.07	0.0467539	0.00137873	3.34301e-05	6.81326e-05	0.241866	0.0211616	0.337019	0.0	0.00343684	0.0	0.00334529	0.00102971	1.60396	0.0	0.802148	0.0226352	0.601317	0.393242	0.884202	0.109643	0.523918	0.284265	0.0290509	0.0201785	0.193149	0.0285502	0.340316	0.207605	-30464.8	4.0	714.309	-207638.0	4.0	16.2342	1.0	4196.3	148.964	1426.31	107.505	0.253673	0.0179344	1.13738	0.0052918	
1.6-2.4	6.5-30.0	10.0-60.0	0.393-0.785	0.008	0.145	2379.0	2377.0	1405.57	68.3844	972.006	60.8947	-0.343413	0.205277	-0.05	0.0	0.1	0.0	3.09081	0.0	0.1	0.0	0.03	0.0	0.0467539	0.0	1.492	0.04	5.0	0.0	1.733	0.07	0.0467539	0.0	1.91191e-05	0.000301555	0.195685	0.0347516	0.337019	0.0	0.00343684	0.0	0.0046846	0.00235781	1.60396	0.0	0.903786	0.0537964	0.569003	0.411626	0.821651	0.237451	0.436104	0.467077	0.0284271	0.0240509	0.179737	0.0530749	0.573512	0.677616	-7231.7	4.0	111.86	-42883.5	3.0	4.12735	1.0	1073.04	74.6762	332.532	55.7926	0.236581	0.0379884	1.18684	0.01358	
1.6-2.4	6.5-30.0	10.0-60.0	0.785-1.178	0.008	0.145	2249.0	2247.0	1368.89	69.4834	878.217	58.9606	-0.123101	0.21534	-0.05	0.0	0.1	0.0	3.09081	0.0	0.1	0.0	0.03	0.0	0.0467539	0.0	1.492	0.04	5.0	0.0	1.733	0.07	0.0467539	0.0	1.00081e-05	0.000130579	0.258793	0.0459759	0.337019	0.0	0.00343684	0.0	0.00138825	0.00245907	1.60396	0.0	0.918866	0.0527789	0.999396	4.65854	0.673347	0.33778	0.642716	0.193102	0.00161803	1.03175	0.197061	0.0561186	0.142735	0.132144	-6977.17	4.0	248.369	-41826.2	3.0	3.64538	1.0	997.778	72.5283	371.114	55.2284	0.271106	0.037926	1.19449	0.0134586	
1.6-2.4	6.5-30.0	10.0-60.0	1.178-1.571	0.008	0.152	2163.0	2162.0	1360.26	68.4999	802.178	56.4352	-0.382794	0.221085	-0.05	0.0	0.1	0.0	3.09081	0.0	0.1	0.0	0.03	0.0	0.0467539	0.0	1.492	0.04	5.0	0.0	1.733	0.07	0.0467539	0.0	2.89134e-05	0.000256279	0.261363	0.0425782	0.337019	0.0	0.00343684	0.0	0.00172603	0.00196249	1.60396	0.0	0.645806	0.0525605	0.887212	1.56535	0.287522	0.668024	6.54808e-09	1.34256	0.0252911	0.0384692	0.258768	0.0925616	0.0227089	0.00700468	-6967.36	4.0	229.651	-40203.8	3.0	6.91751	1.0	949.505	69.7045	410.752	54.7748	0.301966	0.0372863	1.06937	0.0105222	
