rap0.0-1.2_pT6.5-30.0_cent0.0-100.0
12772.5
3514.76 3278.66 3223.1 2750.02
135.626 127.998 151.832 102.004
7427.84
1872.66 1957.39 1863.22 1733.09
104.817 99.078 121.438 96.4801
8546.81
2265.69 2243.91 2061.72 1954.02
135.711 142.58 167.342 98.1366
4225.66
1249.06 1034.75 1161.39 795.997
114.442 119.528 146.846 72.4525
0.330841
0.355377 0.315601 0.360332 0.289452
0.0295319 0.0343112 0.0422803 0.0240594
rap0.0-1.2_pT6.5-30.0_cent10.0-60.0
8372.54
2225.21 2228.87 2100.17 1805.56
101.404 110.564 137.039 85.0644
3933.0
1030.5 1037.57 925.774 938.351
73.2533 75.8262 94.5689 78.916
5573.85
1425.98 1575.28 1303.64 1233.41
99.8289 122.738 138.93 81.8141
2798.69
799.232 653.591 796.53 572.147
84.0808 100.048 121.519 63.5882
0.33427
0.359171 0.293239 0.379269 0.316881
0.0340565 0.042465 0.0523017 0.0318972
rap0.0-2.4_pT10.0-13.0_cent0.0-100.0
4874.79
1229.18 1289.28 1210.91 1144.35
60.2281 86.665 90.2496 54.2529
1654.29
411.847 400.456 408.028 413.572
37.1085 46.4622 52.0584 36.6559
3257.11
812.331 846.144 811.835 787.508
60.6148 93.9581 109.677 53.9682
1617.69
416.854 443.138 399.077 356.84
50.0706 80.5008 96.1905 42.4834
0.331847
0.33913 0.343709 0.329567 0.311828
0.0371915 0.0580066 0.0755435 0.0340541
rap0.0-2.4_pT10.0-13.0_cent10.0-60.0
3236.4
808.05 869.59 833.649 707.421
43.5855 80.1915 84.8116 42.6122
978.174
259.614 217.004 236.529 251.595
27.8117 38.4702 45.1556 28.4395
2131.83
516.788 563.066 535.956 484.543
41.5383 86.3611 93.9965 43.4107
1104.56
291.262 306.525 297.693 222.877
34.572 74.5728 82.3379 34.826
0.341294
0.36045 0.352493 0.357097 0.315056
0.0381118 0.0793567 0.0918439 0.0454245
rap0.0-2.4_pT10.0-30.0_cent0.0-100.0
7602.04
2002.2 1947.38 1837.32 1815.75
83.284 94.4886 97.043 68.2804
2539.92
647.66 655.968 615.726 605.256
50.4707 53.9941 57.8154 45.1264
4910.04
1244.16 1265.89 1208.13 1182.5
82.665 105.625 112.686 66.6957
2692.0
758.044 681.498 629.191 633.247
71.7598 92.0728 98.6448 55.1182
0.354115
0.378605 0.349955 0.342451 0.348752
0.032195 0.0441259 0.0505511 0.0273765
rap0.0-2.4_pT10.0-30.0_cent10.0-60.0
5039.7
1327.53 1291.4 1234.04 1177.27
66.8951 85.4611 89.5107 55.6182
1522.62
387.411 372.053 373.314 376.159
38.3235 44.4593 50.2045 35.6625
3264.66
828.345 859.432 802.743 756.677
66.1629 94.942 96.0563 56.002
1775.05
499.188 431.972 431.302 420.596
57.1663 81.2186 82.5542 47.4673
0.352213
0.376027 0.334498 0.349503 0.357263
0.0386692 0.0588673 0.0619078 0.036617
rap0.0-2.4_pT13.0-30.0_cent0.0-100.0
2729.01
777.772 656.385 612.557 669.175
57.7669 37.2017 36.1545 41.3481
883.815
224.578 250.292 207.372 188.144
33.4219 26.1594 25.938 25.9235
1653.98
431.024 422.671 379.759 392.289
54.6561 35.1932 34.0402 38.2566
1075.03
346.748 233.714 232.798 276.886
51.2416 28.9854 29.0712 34.1866
0.393926
0.445822 0.356062 0.380043 0.413772
0.0569569 0.0392782 0.0418232 0.04423
rap0.0-2.4_pT13.0-30.0_cent10.0-60.0
1798.61
522.529 418.932 388.622 459.554
51.0228 29.003 28.9447 35.4673
544.04
120.555 155.988 132.036 125.617
25.1532 20.3243 21.3123 21.4768
1129.78
301.649 284.583 253.479 265.182
48.8342 28.0162 26.8043 34.2194
668.826
220.88 134.349 135.143 194.372
44.5238 21.983 21.5259 31.2593
0.371858
0.422713 0.320693 0.34775 0.422958
0.0745435 0.0475456 0.0489616 0.0596765
rap0.0-2.4_pT6.5-10.0_cent0.0-100.0
19625.0
5325.69 4973.82 4933.26 4380.88
158.345 145.697 164.955 135.365
17934.7
5139.21 4859.25 4221.66 3810.25
150.133 146.057 157.43 142.194
14555.6
3917.53 3716.37 3594.91 3275.14
179.045 154.715 216.988 132.805
5069.43
1408.16 1257.45 1338.35 1105.74
142.279 115.942 186.111 92.5385
0.258315
0.264409 0.252814 0.27129 0.252401
0.0255327 0.0221028 0.036619 0.0196308
rap0.0-2.4_pT6.5-10.0_cent10.0-60.0
12619.4
3447.95 3277.45 3086.66 2809.81
118.869 113.081 133.232 105.406
9226.83
2792.75 2468.29 2036.5 1921.56
103.791 104.672 112.005 101.906
9267.19
2528.9 2486.57 2206.13 2023.28
128.601 121.228 180.278 104.522
3352.17
919.042 790.878 880.525 786.529
99.7041 89.8898 157.724 77.6817
0.265637
0.266548 0.241309 0.285268 0.279923
0.027418 0.0261325 0.049593 0.0255747
rap0.0-2.4_pT6.5-30.0_cent0.0-10.0
8635.6
2309.71 2124.97 2230.17 1971.66
109.522 96.4877 103.117 90.9021
9613.61
2565.4 2644.03 2324.77 2108.79
111.746 105.015 105.873 102.891
6166.91
1616.02 1447.1 1617.54 1477.43
123.975 99.9782 112.42 88.4789
2468.69
693.691 677.872 612.629 494.234
102.858 81.3973 88.583 60.8931
0.285874
0.300337 0.319003 0.274701 0.250669
0.0421943 0.0354608 0.0376348 0.0286403
rap0.0-2.4_pT6.5-30.0_cent0.0-100.0
27190.1
7330.84 6915.69 6757.81 6187.98
179.317 173.808 192.587 152.218
20608.4
5789.31 5521.59 4851.23 4432.69
157.716 155.861 167.276 148.739
19428.4
5171.11 4978.06 4817.45 4440.19
194.435 199.243 242.895 148.418
7761.71
2159.73 1937.62 1940.36 1747.8
156.832 162.532 207.863 109.3
0.285461
0.294609 0.280178 0.287129 0.28245
0.0201433 0.0224222 0.0296506 0.0162393
rap0.0-2.4_pT6.5-30.0_cent10.0-20.0
6457.28
1778.91 1606.85 1640.29 1432.34
85.9444 99.2844 111.958 71.3291
5196.92
1475.52 1330.32 1277.45 1092.85
76.6039 80.8115 96.3408 67.2549
4456.16
1158.19 1213.79 1110.69 943.157
91.6839 133.82 124.793 70.3502
2001.12
620.728 393.064 529.598 489.182
78.5767 113.46 105.511 57.7631
0.309901
0.348937 0.244617 0.322869 0.341527
0.0408276 0.0689732 0.0604322 0.036566
rap0.0-2.4_pT6.5-30.0_cent10.0-30.0
11351.1
3151.16 2873.92 2788.74 2535.33
117.803 119.898 139.348 97.6395
8219.61
2366.02 2146.54 1902.51 1797.44
97.7208 99.3154 114.554 95.7699
7963.49
2162.46 2089.27 1913.06 1750.26
124.396 147.884 175.658 94.8317
3387.62
988.699 784.641 875.674 785.078
101.514 123.87 153.729 73.2376
0.29844
0.313758 0.273022 0.314004 0.309655
0.0300037 0.0415691 0.0528447 0.0263103
rap0.0-2.4_pT6.5-30.0_cent10.0-60.0
17651.5
4772.41 4564.3 4318.67 3997.24
136.558 141.701 162.036 119.789
10759.4
3188.52 2846.14 2412.87 2306.43
110.646 114.572 122.875 107.729
12569.9
3374.35 3362.65 3020.26 2786.1
144.529 169.3 199.717 118.317
5081.64
1398.06 1201.65 1298.4 1211.14
114.744 138.405 171.518 91.3516
0.287887
0.292946 0.263272 0.300649 0.302994
0.0225347 0.0292011 0.0380799 0.0209725
rap0.0-2.4_pT6.5-30.0_cent20.0-30.0
4902.42
1374.49 1276.99 1150.84 1103.69
80.5293 65.6521 85.1399 67.146
2985.36
884.212 765.824 618.758 694.836
60.5901 51.9551 58.121 68.092
3507.68
997.283 877.361 793.33 804.881
83.9855 67.1475 138.787 64.7941
1394.74
377.205 399.632 357.506 298.809
64.2493 53.8175 128.517 46.1623
0.2845
0.274433 0.312948 0.310649 0.270736
0.0438918 0.0389519 0.109282 0.0384457
rap0.0-2.4_pT6.5-30.0_cent30.0-60.0
6291.28
1616.05 1696.74 1523.27 1452.85
68.5851 74.9214 78.3036 68.7249
2546.17
820.989 693.188 514.446 508.424
53.156 56.2591 49.0666 49.6535
4538.74
1188.83 1263.75 1062.26 1020.84
69.4997 80.293 89.4715 69.4469
1752.53
427.218 432.988 461.005 432.014
51.1209 60.8162 74.7326 53.9319
0.278565
0.26436 0.255189 0.302642 0.297356
0.0295768 0.0340258 0.0465288 0.0343533
rap0.0-2.4_pT6.5-8.0_cent0.0-100.0
11173.5
3057.11 2701.1 2903.22 2513.76
135.256 115.07 128.917 113.73
13389.1
3838.25 3664.19 3083.85 2786.3
137.056 129.521 132.922 129.49
8514.98
2306.38 2140.38 2110.99 1942.77
160.028 120.157 139.684 112.159
2658.55
750.73 560.713 792.227 570.994
127.67 81.8166 109.372 74.3047
0.237933
0.245569 0.207587 0.272879 0.227147
0.0403237 0.0289705 0.0356708 0.0277152
rap0.0-2.4_pT6.5-8.0_cent10.0-60.0
7216.65
1958.36 1845.77 1802.37 1610.09
100.445 91.3438 102.354 87.8578
6709.28
2050.51 1780.81 1438.36 1428.82
93.9354 92.1134 94.8125 92.3738
5346.41
1427.6 1449.83 1273.04 1179.24
112.047 96.2174 120.907 86.7463
1870.24
530.763 395.947 529.329 430.85
89.0741 67.0358 101.468 62.7458
0.259157
0.271024 0.214516 0.293684 0.267593
0.0433077 0.0347324 0.0537697 0.0361314
rap0.0-2.4_pT8.0-10.0_cent0.0-100.0
8438.51
2268.86 2275.35 2038.23 1865.06
80.6596 88.3137 107.204 72.655
4649.44
1291.87 1174.44 1129.6 1024.88
65.1416 67.6488 79.9961 61.5793
6011.71
1606.39 1562.65 1430.46 1337.53
81.956 94.4547 156.511 71.6393
2426.8
662.466 712.697 607.777 527.536
63.3251 77.513 140.915 53.2883
0.287586
0.291982 0.313225 0.298188 0.282851
0.0259085 0.0318233 0.0673336 0.0263617
rap0.0-2.4_pT8.0-10.0_cent10.0-60.0
5403.46
1486.22 1429.78 1296.45 1195.25
61.9222 65.9534 89.7389 57.2212
2516.38
739.966 686.504 581.611 495.927
46.6732 50.587 53.4562 44.7995
3881.56
1089.27 1012.92 873.486 835.918
63.2412 73.0218 134.698 57.8261
1521.9
396.951 416.856 422.965 359.334
47.0459 59.3191 123.875 45.1477
0.281653
0.267088 0.291553 0.326248 0.300635
0.0296342 0.0392481 0.0928421 0.034923
rap1.2-1.6_pT6.5-30.0_cent0.0-100.0
6257.28
1680.33 1606.42 1528.44 1437.56
74.1326 74.3724 77.9251 72.975
5164.17
1427.48 1494.68 1175.26 1062.4
69.7423 73.9473 73.6884 76.1458
4565.02
1262.86 1147.09 1142.74 1001.87
78.6443 76.4862 87.2711 69.3566
1692.25
417.467 459.329 385.701 435.689
58.4808 59.0087 67.8868 52.0861
0.270446
0.248443 0.285933 0.252349 0.303076
0.0330321 0.0342648 0.0425115 0.0328037
rap1.2-1.6_pT6.5-30.0_cent10.0-60.0
4007.85
1125.91 994.641 941.581 937.105
58.8261 54.8281 50.1811 52.0403
2575.83
819.083 747.95 532.815 461.191
51.7662 51.9676 41.6576 40.8441
2953.26
850.404 710.946 727.405 660.68
63.0421 57.6227 51.4496 52.4356
1054.59
275.51 283.695 214.176 276.425
46.9826 45.0454 35.7 40.4848
0.263132
0.244699 0.285223 0.227465 0.294978
0.0397216 0.0424713 0.0359248 0.0399759
rap1.2-2.4_pT6.5-30.0_cent0.0-100.0
14892.9
3905.46 3754.95 3653.54 3565.76
119.329 119.343 118.177 114.828
12578.3
3824.02 3444.52 2864.87 2569.14
118.05 118.838 110.767 111.486
11232.4
2977.33 2815.17 2838.11 2594.25
125.601 126.204 130.849 112.825
3660.47
928.126 939.773 815.429 971.509
91.128 93.8827 96.9002 82.0308
0.245787
0.237649 0.250276 0.223189 0.272455
0.0221749 0.0237033 0.0255209 0.0212663
rap1.2-2.4_pT6.5-30.0_cent10.0-60.0
9561.08
2603.6 2398.22 2280.74 2283.12
92.3784 89.2936 83.6585 84.9663
6541.16
2096.25 1743.83 1418.99 1272.14
84.7554 84.0703 71.3329 69.1214
7143.76
2009.79 1785.28 1723.73 1610.57
97.7525 95.1811 85.1675 86.7391
2417.32
593.815 612.943 557.019 672.546
70.1032 71.8456 60.6079 67.5101
0.25283
0.228075 0.255583 0.244227 0.294574
0.0256806 0.0284063 0.0250182 0.0274621
rap1.6-2.4_pT3.0-6.5_cent0.0-100.0
28519.0
7789.5 6980.98 6767.2 6980.13
382.66 341.795 363.166 346.934
134347.0
36203.2 34541.4 32613.9 30977.7
602.52 540.976 578.56 542.588
23845.9
6680.92 5721.99 5620.49 5904.14
424.756 400.378 432.763 400.94
4673.14
1108.57 1258.99 1146.72 1075.99
275.076 292.603 316.374 278.385
0.16386
0.142316 0.180346 0.169452 0.154151
0.0346148 0.0409737 0.0458581 0.0391396
rap1.6-2.4_pT3.0-6.5_cent10.0-60.0
18190.8
5292.43 4377.86 4185.63 4340.94
277.45 245.655 247.594 242.21
66349.7
18454.0 17507.0 15792.1 14589.1
412.52 372.669 370.866 350.344
15171.7
4575.82 3385.53 3450.77 3753.36
293.779 304.912 262.723 268.044
3019.18
716.608 992.325 734.861 587.575
173.706 244.913 171.015 170.481
0.165972
0.135403 0.226669 0.175568 0.135357
0.0320448 0.0544785 0.0395158 0.0385397
rap1.6-2.4_pT6.5-30.0_cent0.0-100.0
8668.77
2240.4 2150.64 2144.58 2136.42
94.1354 93.6452 89.0286 88.449
7486.87
2379.98 1946.96 1668.24 1488.64
95.4543 93.1668 82.1859 80.3404
6714.7
1732.77 1670.69 1707.88 1595.6
97.1379 99.9349 90.5044 88.56
1954.08
507.638 479.957 436.706 540.826
67.7497 71.6358 59.1014 63.091
0.225416
0.226583 0.223169 0.203632 0.253146
0.0287022 0.03186 0.0262299 0.0276089
rap1.6-2.4_pT6.5-30.0_cent10.0-60.0
5567.27
1483.14 1398.56 1345.95 1341.47
71.5221 70.4836 67.3393 66.8804
3944.21
1270.05 990.537 877.574 799.722
67.1903 66.1592 58.0078 55.3811
4202.54
1160.08 1075.84 998.618 952.666
73.0228 77.2257 67.8802 67.4412
1364.73
323.06 322.718 347.332 388.801
49.4511 57.346 49.1273 51.6543
0.245135
0.217822 0.23075 0.258057 0.289833
0.0316444 0.0393199 0.0341404 0.0356917
