v2noW_2dphibins
rap	pT	cent	dPhi	ctauErrMin	ctauErrMax	NoCutEntry	CutEntry	NSig	NSigErr	NBkg	NBkgErr	coefExp	coefExpErr	coefPol1	coefPol1Err	coeffGaus	coeffGausErr	meanSig1	meanSig1Err	sigmaSig1	sigmaSig1Err	sigmaSig2	sigmaSig2Err	sigmaSig3	sigmaSig3Err	alpha	alphaErr	enne	enneErr	sigWidth	sigWidthErr	Gmc	GmcErr	bTau	bTauErr	fracRes	fracResErr	meanResSigW	meanResSigWErr	meanResSigN	meanResSigNErr	sigmaResSigW	sigmaResSigWErr	sigmaResSigN	sigmaResSigNErr	fpm	fpmErr	fLiving	fLivingErr	fbkgCtTot	fbkgCtTotErr	lambdam	lambdamErr	lambdap	lambdapErr	lambdasym	lambdasymErr	NLL	nFitPar	EDM	NLLMass	nFitParMass	EDMMass	Prob	PROMPT	PROMPTErr	NON-PROMPT	NON-PROMPTErr	Bfraction	BfractionErr	Resolution	ResolutionErr	
0.0-1.2	6.5-30.0	0.0-100.0	0.000-0.785	0.008	0.105	4626.0	4625.0	3076.59	59.7295	1548.42	45.1607	-0.0233698	0.0998931	-0.05	0.0	0.574242	0.0	3.09294	0.0	0.0208532	0.0	0.0360601	0.0	0.03	0.0	1.492	0.04	1.733	0.07	0.0283432	0.0	1.00442e-05	1.25703	0.200942	0.00830306	0.194495	0.070285	0.000949384	0.00222314	-0.000629694	0.00066598	1.70418	0.119766	0.87496	0.0207669	0.640497	0.0790703	0.939456	0.150444	0.402846	0.077066	0.0509624	0.017135	0.147947	0.0128956	0.124759	0.105629	-9679.8	4.0	2.07967e-07	-38859.7	3.0	1.90668e-07	1.0	2175.56	56.0455	901.039	40.7819	0.292869	0.0119742	1.08698	0.0396739	
0.0-1.2	6.5-30.0	0.0-100.0	0.000-1.571	0.008	0.105	8803.0	8801.0	5853.08	88.408	2947.87	70.0736	-0.132117	0.0758518	-0.05	0.0	0.574242	0.0756861	3.09294	0.00040846	0.0208532	0.000873964	0.0360601	0.00303999	0.03	0.0	1.492	0.04	1.733	0.07	0.0283432	0.00102265	1.87255e-05	2.6751e-05	0.192744	0.00589415	0.236177	0.079527	5.83622e-05	0.00144617	-0.000569143	0.000502046	1.60413	0.0920545	0.850799	0.0151358	0.648715	0.047069	0.982844	0.0124309	0.400707	0.0459757	0.0571366	0.00829542	0.148352	0.0083987	0.681195	0.560158	-18493.0	4.0	1.46753e-06	-79626.0	7.0	4.17152e-05	1.0	4129.5	81.0585	1723.58	57.9458	0.294474	0.00884461	1.07733	0.0380482	
0.0-1.2	6.5-30.0	0.0-100.0	0.785-1.571	0.008	0.088	4177.0	4176.0	2777.03	56.7029	1398.93	42.8614	-0.252248	0.105234	-0.05	0.0	0.574242	0.0	3.09294	0.0	0.0208532	0.0	0.0360601	0.0	0.03	0.0	1.492	0.04	1.733	0.07	0.0283432	0.0	3.13604e-05	5.12785e-05	0.187147	0.00845146	0.522205	0.206479	-0.000610946	0.00118099	-0.000386844	0.000976197	1.38282	0.0870747	0.729897	0.0264584	0.668255	0.0553811	0.972221	0.0184071	0.40193	0.0557829	0.0586274	0.0121337	0.149736	0.0121895	0.946966	0.974832	-8805.44	4.0	4.74199e-05	-34678.6	3.0	1.44365e-05	1.0	1971.16	53.6907	805.876	39.1605	0.290193	0.0127963	1.11942	0.0696562	
0.0-1.2	6.5-30.0	10.0-60.0	0.000-0.785	0.008	0.105	2960.0	2959.0	2041.14	48.4133	917.883	34.9375	0.0140252	0.12997	-0.05	0.0	0.574242	0.0	3.09294	0.0	0.0208532	0.0	0.0359898	0.0	0.03	0.0	1.492	0.04	1.733	0.07	0.0283052	0.0	1.00442e-05	1.25703	0.205036	0.0107067	0.236177	0.0	5.83622e-05	0.0	-0.000532512	0.000817431	1.60413	0.0	0.831918	0.0254339	0.560565	0.0246925	0.999948	13.6458	0.324507	0.0527403	0.0456933	0.0032522	0.153559	0.00893532	0.0220917	68.1835	-6468.72	4.0	7.29438e-05	-23705.2	3.0	2.52189e-07	1.0	1483.12	45.4044	558.024	31.6113	0.273389	0.0140642	1.06601	0.00758046	
0.0-1.2	6.5-30.0	10.0-60.0	0.000-1.571	0.008	0.105	5526.0	5524.0	3864.29	68.4564	1659.52	49.8169	-0.146482	0.096802	-0.05	0.0	0.574242	0.0	3.09294	0.0	0.0208532	0.0	0.0359898	0.00144138	0.03	0.0	1.492	0.04	1.733	0.07	0.0283051	0.000390144	1.87255e-05	2.6751e-05	0.200832	0.00767938	0.236177	0.0	5.83622e-05	0.0	-0.000590226	0.000603122	1.60413	0.0	0.826407	0.018101	0.57672	0.0611315	0.98662	0.00774761	0.312877	0.0683	0.0468116	0.00618503	0.152364	0.0106574	2.12495	3.33277	-12144.0	4.0	5.15738e-05	-47836.7	4.0	3.72691e-05	1.0	2775.49	63.6287	1088.81	44.7567	0.281761	0.0104514	1.06273	0.00537574	
0.0-1.2	6.5-30.0	10.0-60.0	0.785-1.571	0.008	0.088	2566.0	2565.0	1823.83	45.511	741.141	31.4407	-0.347222	0.145223	-0.05	0.0	0.574242	0.0	3.09294	0.0	0.0208532	0.0	0.0359898	0.0	0.03	0.0	1.492	0.04	1.733	0.07	0.0283052	0.0	3.13604e-05	5.12785e-05	0.19752	0.0109059	0.236177	0.0	5.83622e-05	0.0	-0.000667015	0.000893302	1.60413	0.0	0.819343	0.0257855	0.592168	0.105634	0.968384	0.0166227	0.285349	0.112471	0.0464855	0.01031	0.146234	0.0155879	1.90958	3.97778	-5682.98	4.0	1.58588e-05	-20319.3	3.0	1.00707e-05	1.0	1292.46	42.9769	531.365	31.3475	0.291346	0.0155745	1.05854	0.00762247	
0.0-2.4	10.0-13.0	0.0-100.0	0.000-0.785	0.016	0.08	1869.0	1862.0	1354.15	39.2978	507.847	26.4199	-0.242946	0.175428	-0.05	0.0	0.439579	0.0	3.09335	0.0	0.0421646	0.0	0.0230208	0.0	0.03	0.0	1.492	0.04	1.733	0.07	0.0328406	0.0	3.02157e-05	6.9538e-05	0.201698	0.0126533	0.360542	0.115925	0.000610651	0.00204286	-0.00069962	0.0010908	1.53841	0.104461	0.737793	0.0316016	0.822111	0.0851147	0.682219	0.331542	0.196703	0.314639	0.0842998	0.0299586	0.152109	0.0175756	0.0200001	0.0315	-4099.16	4.0	6.72672e-06	-14061.3	3.0	5.87372e-08	1.0	973.799	36.7874	380.355	26.0102	0.28088	0.0173923	1.09607	0.0553773	
0.0-2.4	10.0-13.0	0.0-100.0	0.000-1.571	0.016	0.136	3638.0	3637.0	2632.96	58.5051	1004.07	42.3545	-0.587176	0.129482	-0.05	0.0	0.439579	0.0824655	3.09335	0.000727111	0.0421646	0.00244043	0.0230208	0.00164931	0.03	0.0	1.492	0.04	1.733	0.07	0.0328406	0.00109221	1.21637e-05	1.85867	0.195001	0.00892525	0.29409	0.0868019	0.000269981	0.00176527	-0.000710673	0.000785842	1.60696	0.0922694	0.785333	0.0229191	0.80205	0.0828897	0.600311	0.0812313	2.27934e-05	0.161506	0.0718808	0.0192698	0.167824	0.0135127	0.0205872	0.0166169	-7807.02	4.0	7.15301e-06	-29799.9	7.0	1.57003e-05	1.0	1886.04	54.0153	746.918	37.9051	0.28368	0.012943	1.09307	0.044208	
0.0-2.4	10.0-13.0	0.0-100.0	0.785-1.571	0.016	0.105	1769.0	1766.0	1278.87	38.4036	487.066	26.1355	-0.93742	0.183922	-0.05	0.0	0.439579	0.0	3.09335	0.0	0.0421646	0.0	0.0230208	0.0	0.03	0.0	1.492	0.04	1.733	0.07	0.0328406	0.0	1.19247e-05	0.233278	0.189965	0.0127416	0.22757	0.115493	0.000206976	0.00309767	0.00015449	0.00115813	1.698	0.163817	0.867943	0.033698	0.678839	0.0739205	0.955505	0.152459	0.220213	0.113753	0.0443383	0.0182414	0.17399	0.0196725	0.109779	0.143967	-3723.25	4.0	2.77078e-06	-13157.7	3.0	4.14334e-06	1.0	914.976	36.8927	363.898	26.9361	0.284546	0.0192513	1.11267	0.0629839	
0.0-2.4	10.0-13.0	10.0-60.0	0.000-0.785	0.016	0.088	1233.0	1229.0	918.628	32.263	310.369	20.7999	-0.27804	0.224844	-0.05	0.0	0.439579	0.0	3.09335	0.0	0.0421646	0.0	0.0237313	0.0	0.03	0.0	1.492	0.04	1.733	0.07	0.0331228	0.0	1.93806e-05	0.000168544	0.201323	0.0151157	0.29409	0.0	0.000269981	0.0	0.000131996	0.00122534	1.60696	0.0	0.748848	0.0362518	0.709722	0.112981	0.907255	0.20996	0.278484	0.0979461	0.0470503	0.0313368	0.151442	0.0220438	0.117665	0.100568	-2734.57	4.0	1.89723e-07	-8820.59	3.0	4.96022e-07	1.0	655.704	30.0307	262.924	21.3725	0.286214	0.0209821	1.07484	0.00891452	
0.0-2.4	10.0-13.0	10.0-60.0	0.000-1.571	0.016	0.136	2368.0	2367.0	1759.15	44.9686	607.809	29.5111	-0.673153	0.16269	-0.05	0.0	0.439579	0.0	3.09335	0.0	0.0421646	0.0	0.0237313	0.00116488	0.03	0.0	1.492	0.04	1.733	0.07	0.0331229	0.000233861	1.21637e-05	1.85867	0.200082	0.0111269	0.29409	0.0	0.000269981	0.0	0.000707963	0.000968077	1.60696	0.0	0.800283	0.0283269	0.648549	0.136969	0.851971	0.218872	0.147906	0.113898	0.0334137	0.0155637	0.163298	0.0222733	0.0921925	0.0603336	-5154.71	4.0	6.50937e-06	-18466.4	4.0	1.49006e-06	1.0	1265.07	42.2283	494.08	29.9493	0.280863	0.015437	1.1007	0.00726932	
0.0-2.4	10.0-13.0	10.0-60.0	0.785-1.571	0.016	0.105	1135.0	1132.0	840.743	30.966	291.256	20.2337	-1.06637	0.240344	-0.05	0.0	0.439579	0.0	3.09335	0.0	0.0421646	0.0	0.0237313	0.0	0.03	0.0	1.492	0.04	1.733	0.07	0.0331228	0.0	1.19247e-05	0.233278	0.199512	0.0166559	0.29409	0.0	0.000269981	0.0	0.000145244	0.00157667	1.60696	0.0	0.93381	0.0451176	0.866424	0.662553	0.949162	0.139219	0.39485	0.664277	0.00119587	0.988651	0.177996	0.0253892	0.134747	0.167231	-2421.02	4.0	2.40908e-06	-7968.83	3.0	9.97126e-09	1.0	609.559	29.6173	231.183	21.1102	0.274975	0.0229758	1.1726	0.0126816	
0.0-2.4	10.0-30.0	0.0-100.0	0.000-0.785	0.008	0.088	3025.0	3019.0	2219.52	50.3001	799.483	33.3176	-0.288765	0.140213	-0.05	0.0	0.427338	0.0	3.09398	0.0	0.0423474	0.0	0.0229524	0.0	0.03	0.0	1.492	0.04	1.733	0.07	0.0326808	0.0	1.17296e-05	0.00064027	0.192191	0.00914415	0.251358	0.0899594	0.00182211	0.00182102	-0.00099661	0.000747176	1.60004	0.111847	0.817265	0.0238212	0.775919	0.0315257	1.0	0.821252	0.42729	0.0309787	0.0611977	0.00830698	0.163963	0.0103791	0.0461586	3.10453	-6734.4	4.0	9.22192e-07	-24295.1	3.0	6.85432e-08	1.0	1543.65	46.8739	675.869	34.7555	0.304511	0.0140564	1.06936	0.045524	
0.0-2.4	10.0-30.0	0.0-100.0	0.000-1.571	0.008	0.136	5840.0	5839.0	4312.17	74.5241	1526.86	52.6163	-0.57718	0.105162	-0.05	0.0	0.427338	0.0631725	3.09398	0.000562864	0.0423474	0.00199194	0.0229524	0.00121704	0.03	0.0	1.492	0.04	1.733	0.07	0.0326807	0.000859449	1.52572e-05	0.000100154	0.18381	0.00631777	0.236663	0.0682407	0.00122367	0.00140879	-0.000771775	0.000564066	1.62012	0.0865195	0.843287	0.0179631	0.810914	0.0890059	0.87336	0.211936	0.317802	0.115705	0.0628658	0.0149106	0.177182	0.0126878	0.0332485	0.0353635	-12861.8	4.0	8.06387e-06	-50810.7	7.0	5.62764e-07	1.0	2964.67	68.26	1347.51	50.7603	0.312489	0.0104595	1.0789	0.0343617	
0.0-2.4	10.0-30.0	0.0-100.0	0.785-1.571	0.008	0.105	2815.0	2812.0	2092.53	48.8578	719.445	31.8437	-0.883695	0.151116	-0.05	0.0	0.427338	0.0	3.09398	0.0	0.0423474	0.0	0.0229524	0.0	0.03	0.0	1.492	0.04	1.733	0.07	0.0326808	0.0	1.31322e-05	1.85551	0.175777	0.00874301	0.229909	0.106529	0.000606418	0.00212993	-0.00069021	0.000863691	1.63265	0.134221	0.861278	0.0273243	0.907243	0.180563	0.63375	0.393612	0.127282	0.552274	0.0754065	0.0514389	0.192776	0.0208441	0.037965	0.0400344	-6143.32	4.0	1.86036e-06	-22412.7	3.0	1.53335e-06	1.0	1420.23	46.6045	672.3	36.3149	0.321286	0.0156495	1.08816	0.0531233	
0.0-2.4	10.0-30.0	10.0-60.0	0.000-0.785	0.008	0.105	1978.0	1977.0	1485.27	41.0181	491.679	26.2464	-0.369871	0.179252	-0.05	0.0	0.427338	0.0	3.09398	0.0	0.0423474	0.0	0.0233356	0.0	0.03	0.0	1.492	0.04	1.733	0.07	0.0328358	0.0	1.3232e-05	1.83648	0.19448	0.011512	0.236663	0.0	0.00122367	0.0	-9.87968e-05	0.00089268	1.62012	0.0	0.808545	0.0286276	0.649274	0.110384	0.951909	0.0804995	0.311896	0.109443	0.0400886	0.0155624	0.16882	0.0181437	0.135601	0.0994671	-4510.91	4.0	5.79774e-06	-15141.8	3.0	7.20114e-06	1.0	1052.56	38.2508	432.711	27.5858	0.291336	0.0167398	1.0584	0.00834689	
0.0-2.4	10.0-30.0	10.0-60.0	0.000-1.571	0.008	0.136	3809.0	3808.0	2867.03	57.2846	940.852	36.8168	-0.605448	0.130632	-0.05	0.0	0.427338	0.0	3.09398	0.0	0.0423474	0.0	0.0233356	0.000867968	0.03	0.0	1.492	0.04	1.733	0.07	0.0328358	0.000176622	1.52572e-05	0.000100154	0.192282	0.00825719	0.236663	0.0	0.00122367	0.0	8.68966e-05	0.000684486	1.62012	0.0	0.840136	0.0219828	0.651609	0.0922315	0.905823	0.172747	0.197565	0.118367	0.0337237	0.0135254	0.175015	0.0174305	0.095067	0.0747862	-8542.84	4.0	1.04428e-07	-31617.7	4.0	4.74102e-06	1.0	2021.34	53.6537	845.695	39.155	0.294973	0.0123198	1.07702	0.00654476	
0.0-2.4	10.0-30.0	10.0-60.0	0.785-1.571	0.008	0.105	1831.0	1828.0	1382.25	39.5852	445.719	25.1095	-0.862273	0.192113	-0.05	0.0	0.427338	0.0	3.09398	0.0	0.0423474	0.0	0.0233356	0.0	0.03	0.0	1.492	0.04	1.733	0.07	0.0328358	0.0	1.31322e-05	1.85551	0.189628	0.0116795	0.236663	0.0	0.00122367	0.0	-0.000302654	0.0010628	1.62012	0.0	0.9009	0.0338019	0.792029	0.201004	0.984622	0.0146495	0.339819	0.173734	0.0477979	0.0297845	0.169277	0.0220214	4.99992	2.49106	-4048.19	4.0	1.59819e-05	-13820.0	3.0	1.11993e-06	1.0	961.293	37.4513	420.961	28.1079	0.304546	0.0183695	1.11388	0.0104343	
0.0-2.4	13.0-30.0	0.0-100.0	0.000-0.785	0.008	0.105	1156.0	1156.0	866.719	31.4108	289.285	20.2295	-0.39376	0.233912	-0.05	0.0	0.408953	0.0	3.09498	0.0	0.0428492	0.0	0.0227253	0.0	0.03	0.0	1.492	0.04	1.733	0.07	0.0324977	0.0	1.08676e-05	0.000605758	0.177718	0.0132602	0.0663465	0.0578779	0.00847671	0.0160984	-0.000828531	0.0010248	1.92306	0.346232	0.916624	0.0375336	0.670839	0.0484275	0.999998	6.77849	0.366789	0.0490966	0.0308779	0.00539704	0.191237	0.0173448	0.0200476	20.2553	-2639.23	4.0	3.52277e-05	-8220.82	3.0	4.16161e-07	1.0	569.732	29.2371	296.987	23.3307	0.342657	0.0238829	1.0148	0.0488345	
0.0-2.4	13.0-30.0	0.0-100.0	0.000-1.571	0.008	0.105	2202.0	2202.0	1679.77	45.9315	522.265	30.8445	-0.562049	0.179575	-0.05	0.0	0.408953	0.0905591	3.09498	0.000887756	0.0428492	0.00335178	0.0227253	0.00166936	0.03	0.0	1.492	0.04	1.733	0.07	0.0324977	0.00133446	1.00009e-05	0.0022258	0.169079	0.00885758	0.132772	0.0920488	0.00351245	0.00313808	-0.000854495	0.00080435	1.67468	0.204192	0.908614	0.0292089	0.804259	0.016673	0.999914	0.696986	0.372443	0.0185727	0.0430737	0.00345778	0.191421	0.00650716	0.0200143	3.84583	-5067.35	4.0	4.33491e-05	-17146.2	7.0	3.46414e-05	1.0	1080.21	41.7457	599.56	33.7496	0.35693	0.0175621	1.04323	0.0500079	
0.0-2.4	13.0-30.0	0.0-100.0	0.785-1.571	0.008	0.08	1046.0	1045.0	811.924	30.1732	233.024	18.2079	-0.771312	0.264214	-0.05	0.0	0.408953	0.0	3.09498	0.0	0.0428492	0.0	0.0227253	0.0	0.03	0.0	1.492	0.04	1.733	0.07	0.0324977	0.0	2.24212e-05	7.94209e-05	0.163525	0.0118657	0.350798	0.293155	0.000923412	0.00227397	-0.000989291	0.00143947	1.42892	0.189435	0.84196	0.0506399	0.894153	0.0623582	0.986017	0.015244	0.277067	0.0941947	0.0603259	0.0291114	0.166377	0.0226109	5.0	3.83055	-2430.28	4.0	1.43073e-07	-7394.49	3.0	6.63836e-06	1.0	513.283	28.0641	298.642	23.3862	0.36782	0.0253534	1.08466	0.100946	
0.0-2.4	13.0-30.0	10.0-60.0	0.000-0.785	0.008	0.064	745.0	742.0	565.004	25.2694	176.945	15.8263	-0.506384	0.299566	-0.05	0.0	0.408953	0.0	3.09498	0.0	0.0428492	0.0	0.0225211	0.0	0.03	0.0	1.492	0.04	1.733	0.07	0.0324136	0.0	1.00636e-05	0.31297	0.182539	0.0182027	0.132772	0.0	0.00351245	0.0	-0.000132636	0.00130022	1.67468	0.0	0.914772	0.0476409	0.607086	0.0118032	1.0	1.17398	0.365246	0.0121643	0.0319276	0.00130566	0.200236	0.00518619	0.0200044	4.66857	-1775.91	4.0	3.16211e-05	-4970.71	3.0	1.30976e-05	1.0	396.752	23.7543	168.252	17.4936	0.297789	0.027951	1.04789	0.0180335	
0.0-2.4	13.0-30.0	10.0-60.0	0.000-1.571	0.008	0.08	1441.0	1438.0	1105.38	35.4386	332.555	21.9801	-0.489191	0.219034	-0.05	0.0	0.408953	0.0	3.09498	0.0	0.0428492	0.0	0.0225211	0.00126418	0.03	0.0	1.492	0.04	1.733	0.07	0.0324136	0.000259576	1.60278e-05	0.000108096	0.181547	0.0122636	0.132772	0.0	0.00351245	0.0	-0.000534537	0.000958379	1.67468	0.0	0.900872	0.0355844	0.666084	0.136485	0.992111	0.00954148	0.237368	0.147364	0.0319242	0.00907588	0.175044	0.0210677	4.99969	3.74227	-3390.65	4.0	1.0592e-05	-10603.0	4.0	3.26971e-06	1.0	754.931	33.0836	350.45	25.1986	0.31704	0.0204048	1.03739	0.0133993	
0.0-2.4	13.0-30.0	10.0-60.0	0.785-1.571	0.008	0.08	696.0	695.0	540.687	24.6439	154.312	14.8647	-0.48874	0.321007	-0.05	0.0	0.408953	0.0	3.09498	0.0	0.0428492	0.0	0.0225211	0.0	0.03	0.0	1.492	0.04	1.733	0.07	0.0324136	0.0	2.24212e-05	7.94209e-05	0.180156	0.0163906	0.132772	0.0	0.00351245	0.0	-0.00133756	0.00140121	1.67468	0.0	0.887996	0.0522302	0.767392	0.102018	0.981317	0.0191733	0.1515	0.093769	0.0336958	0.0123884	0.155748	0.0232585	4.99739	3.98269	-1618.46	4.0	1.36336e-07	-4631.22	3.0	4.27361e-08	1.0	356.744	22.8972	183.943	18.171	0.340203	0.0298163	1.02772	0.0195687	
0.0-2.4	6.5-10.0	0.0-100.0	0.000-0.785	0.016	0.184	8062.0	8062.0	4090.27	73.6212	3971.4	72.809	-0.159863	0.0621471	-0.05	0.0	0.404537	0.0	3.09231	0.0	0.0499305	0.0	0.0253726	0.0	0.03	0.0	1.492	0.04	1.733	0.07	0.0373078	0.0	1.42154e-05	8.42308e-05	0.19985	0.00846183	0.150122	0.0431578	0.0059983	0.00361067	0.00353907	0.000659621	1.89211	0.120978	0.963536	0.0163264	0.448272	4.3052	0.737959	2.6627	0.404591	2.27049	0.0286727	0.164775	0.161906	0.103493	0.111115	0.364714	-12674.0	4.0	2.18502e-05	-68799.3	3.0	2.55339e-05	1.0	3098.77	71.8945	991.507	48.7488	0.242406	0.0110909	1.15173	0.029552	
0.0-2.4	6.5-10.0	0.0-100.0	0.000-1.571	0.016	0.136	14869.0	14840.0	7828.16	119.322	7012.5	115.842	-0.120232	0.0482573	-0.05	0.0	0.404537	0.0579187	3.09231	0.000498512	0.0499305	0.00290654	0.0253726	0.00110941	0.03	0.0	1.492	0.04	1.733	0.07	0.0373078	0.00108843	2.70702e-05	5.76409e-05	0.200737	0.00617738	0.173783	0.044338	0.00399256	0.00245515	0.00210619	0.000478501	1.78242	0.0904379	0.939074	0.0118213	0.572557	0.0517293	0.959484	0.0322265	0.528991	0.0417737	0.0600933	0.00931686	0.151368	0.00838219	0.270584	0.11956	-24049.1	4.0	7.09559e-05	-136177.0	7.0	0.000100136	1.0	5947.24	109.949	1880.92	68.505	0.240276	0.00794785	1.13169	0.0259803	
0.0-2.4	6.5-10.0	0.0-100.0	0.785-1.571	0.016	0.16	6807.0	6805.0	3735.46	69.3937	3069.52	64.4173	-0.0729433	0.07078	-0.05	0.0	0.404537	0.0	3.09231	0.0	0.0499305	0.0	0.0253726	0.0	0.03	0.0	1.492	0.04	1.733	0.07	0.0373078	0.0	5.59115e-05	0.000118596	0.203054	0.00916518	0.267316	0.119746	0.00146022	0.00267043	0.00193048	0.000726108	1.59237	0.120291	0.86837	0.0179844	0.545211	0.059274	0.981736	0.0165487	0.524609	0.0528607	0.0629176	0.00918668	0.160799	0.0125736	0.556488	0.466342	-11340.5	4.0	4.59129e-05	-57385.1	3.0	6.01589e-06	1.0	2856.15	67.5716	879.308	44.9168	0.235395	0.0112011	1.1092	0.0535856	
0.0-2.4	6.5-10.0	10.0-60.0	0.000-0.785	0.016	0.128	5058.0	5044.0	2791.76	59.8129	2252.17	55.1178	-0.160192	0.0827023	-0.05	0.0	0.404537	0.0	3.09231	0.0	0.0499305	0.0	0.025444	0.0	0.03	0.0	1.492	0.04	1.733	0.07	0.0373368	0.0	2.15978e-05	7.693e-05	0.189738	0.00985672	0.173783	0.0	0.00399256	0.0	0.00274308	0.000813252	1.78242	0.0	0.921695	0.0199507	0.448409	0.116279	0.912642	0.0821999	0.392208	0.135886	0.0341217	0.00975074	0.154941	0.0166867	0.15352	0.0862742	-8584.31	4.0	9.97518e-06	-41057.4	3.0	1.94732e-05	1.0	2128.92	59.0169	662.841	40.053	0.237428	0.0134148	1.11982	0.00678359	
0.0-2.4	6.5-10.0	10.0-60.0	0.000-1.571	0.016	0.16	9130.0	9128.0	5243.81	82.4102	3883.74	73.6984	-0.196419	0.0631008	-0.05	0.0	0.404537	0.0	3.09231	0.0	0.0499305	0.0	0.025444	0.000681379	0.03	0.0	1.492	0.04	1.733	0.07	0.0373368	0.000138249	1.92169e-05	7.62105e-05	0.1953	0.00727229	0.173783	0.0	0.00399256	0.0	0.00194889	0.000586179	1.78242	0.0	0.898074	0.0143434	0.500146	0.0772138	0.955865	0.0229229	0.447053	0.0776918	0.0453561	0.00766037	0.154538	0.0106403	0.312823	0.109439	-15698.1	4.0	2.83442e-05	-80019.1	4.0	2.28356e-05	1.0	3959.51	80.4501	1284.3	54.8403	0.244917	0.00972402	1.10385	0.00482077	
0.0-2.4	6.5-10.0	10.0-60.0	0.785-1.571	0.016	0.16	4072.0	4071.0	2455.13	55.3983	1615.81	47.2189	-0.239777	0.0980339	-0.05	0.0	0.404537	0.0	3.09231	0.0	0.0499305	0.0	0.025444	0.0	0.03	0.0	1.492	0.04	1.733	0.07	0.0373368	0.0	5.59115e-05	0.000118596	0.201795	0.0107206	0.173783	0.0	0.00399256	0.0	0.00142252	0.000843535	1.78242	0.0	0.870668	0.0206008	0.514001	0.0489609	0.97429	0.0225984	0.468785	0.0645273	0.0547559	0.00898761	0.165629	0.0163292	0.510606	0.407305	-7139.34	4.0	2.27184e-06	-32591.1	3.0	2.65201e-05	1.0	1834.97	53.8856	620.158	37.217	0.252597	0.0140465	1.08556	0.00682571	
0.0-2.4	6.5-30.0	0.0-10.0	0.000-0.785	0.008	0.184	3795.0	3795.0	1819.66	49.342	1975.43	50.8959	-0.169785	0.0879215	-0.05	0.0	0.411967	0.0	3.09295	0.0	0.0470555	0.0	0.0239556	0.0	0.03	0.0	1.492	0.04	1.733	0.07	0.0353503	0.0	1.03794e-05	1.94797e-05	0.198792	0.0111974	0.200232	0.0	0.00209819	0.0	0.00110354	0.000974193	1.70691	0.0	0.99123	0.0262271	0.747957	0.276655	0.888242	0.928621	0.570996	0.0541388	0.090428	0.0543214	0.142766	0.0506451	0.141553	0.566191	-5688.3	4.0	8.169e-05	-29420.8	3.0	3.08935e-06	1.0	1271.7	47.0129	547.957	35.2402	0.301132	0.0175608	1.17012	0.0088844	
0.0-2.4	6.5-30.0	0.0-10.0	0.000-1.571	0.008	0.184	7245.0	7245.0	3582.04	69.8936	3662.89	70.469	-0.111759	0.06457	-0.05	0.0	0.411967	0.0	3.09295	0.0	0.0470555	0.0	0.0239556	0.000848482	0.03	0.0	1.492	0.04	1.733	0.07	0.0353503	0.000169056	1.10484e-05	0.188378	0.186813	0.00789813	0.200232	0.0	0.00209819	0.0	0.000819896	0.000691288	1.70691	0.0	0.960913	0.0189592	0.945126	0.699113	0.418495	0.6539	0.513749	0.101855	0.135836	0.293918	0.183835	0.0518724	0.0786223	0.0738142	-11297.3	4.0	4.17787e-05	-61039.7	4.0	3.50071e-06	1.0	2560.76	67.2451	1021.28	49.2179	0.285112	0.0125636	1.14972	0.00633645	
0.0-2.4	6.5-30.0	0.0-10.0	0.785-1.571	0.016	0.152	3450.0	3437.0	1751.2	47.798	1685.79	47.109	-0.0446536	0.0951596	-0.05	0.0	0.411967	0.0	3.09295	0.0	0.0470555	0.0	0.0239556	0.0	0.03	0.0	1.492	0.04	1.733	0.07	0.0353503	0.0	1.70561e-05	6.39915	0.17622	0.011308	0.200232	0.0	0.00209819	0.0	0.00118938	0.000996993	1.70691	0.0	0.949852	0.0274808	0.686132	0.190314	0.616262	0.324259	0.501206	0.0713169	0.0652161	0.0302082	0.187829	0.0301521	0.0771807	0.0222815	-5582.25	4.0	1.59599e-05	-26489.1	3.0	3.11982e-07	1.0	1286.99	47.1655	464.208	33.9288	0.26508	0.017973	1.14234	0.00913739	
0.0-2.4	6.5-30.0	0.0-100.0	0.000-0.785	0.008	0.184	11087.0	11087.0	6308.3	89.0668	4778.59	80.0188	-0.185152	0.0567822	-0.05	0.0	0.411967	0.0	3.09295	0.0	0.0470555	0.0	0.0244477	0.0	0.03	0.0	1.492	0.04	1.733	0.07	0.0355478	0.0	1.03794e-05	1.94797e-05	0.195281	0.00617701	0.175553	0.0403415	0.00319288	0.00191493	0.000846798	0.000494031	1.7784	0.0859331	0.921464	0.0134634	0.649545	0.0667139	0.91203	0.0727761	0.492734	0.0510166	0.0516472	0.0143026	0.146602	0.00879264	0.18592	0.0743756	-19188.1	4.0	2.68313e-06	-99450.7	3.0	3.64243e-05	1.0	4611.04	85.9233	1697.27	60.9808	0.269053	0.00888907	1.12038	0.0244525	
0.0-2.4	6.5-30.0	0.0-100.0	0.000-1.571	0.008	0.128	20709.0	20665.0	12124.8	139.458	8540.23	125.948	-0.198715	0.0439003	-0.05	0.0	0.411967	0.044498	3.09295	0.000376407	0.0470555	0.00187913	0.0244477	0.000848139	0.03	0.0	1.492	0.04	1.733	0.07	0.0355478	0.000740175	1.79639e-05	0.125254	0.192733	0.0044262	0.200232	0.037984	0.00209819	0.00128462	0.000851578	0.000365824	1.70691	0.062409	0.902431	0.00996322	0.640873	0.0379373	0.978551	0.0172222	0.489363	0.0316556	0.0619305	0.00780197	0.153536	0.00615247	0.361507	0.184997	-36507.4	4.0	1.32456e-05	-198845.0	7.0	6.67245e-06	1.0	8864.46	128.219	3260.36	86.3196	0.2689	0.00641233	1.11117	0.0206013	
0.0-2.4	6.5-30.0	0.0-100.0	0.785-1.571	0.008	0.16	9622.0	9620.0	5817.24	84.7976	3802.75	71.9443	-0.224198	0.0638308	-0.05	0.0	0.411967	0.0	3.09295	0.0	0.0470555	0.0	0.0244477	0.0	0.03	0.0	1.492	0.04	1.733	0.07	0.0355478	0.0	1.29164e-05	3.46537e-05	0.190459	0.00637033	0.243413	0.0779761	0.000974145	0.00165604	0.00109093	0.000550533	1.61546	0.0890512	0.871498	0.0149167	0.605762	0.0489033	0.988848	0.00852453	0.456065	0.0445341	0.0612411	0.00736862	0.161237	0.00929604	1.07548	1.3435	-17293.9	4.0	4.49595e-05	-85504.7	3.0	1.49049e-06	1.0	4256.69	82.0584	1560.55	58.3173	0.268263	0.00923076	1.09994	0.0367234	
0.0-2.4	6.5-30.0	10.0-20.0	0.000-0.785	0.008	0.152	2760.0	2758.0	1490.78	43.7568	1267.11	41.1218	-0.00581054	0.109906	-0.05	0.0	0.411967	0.0	3.09295	0.0	0.0470555	0.0	0.0249564	0.0	0.03	0.0	1.492	0.04	1.733	0.07	0.0357551	0.0	1.34124e-05	0.0691978	0.200423	0.0128659	0.200232	0.0	0.00209819	0.0	0.000399549	0.00106472	1.70691	0.0	0.915114	0.0284203	0.53358	0.155233	0.878434	0.0625975	0.328079	0.158039	0.0302981	0.00983718	0.123554	0.0141448	0.181894	0.052808	-4576.08	4.0	1.65085e-06	-20761.8	3.0	2.05717e-05	1.0	1086.81	42.118	403.969	29.9488	0.270979	0.0184478	1.11944	0.00929049	
0.0-2.4	6.5-30.0	10.0-20.0	0.000-1.571	0.008	0.16	5132.0	5131.0	2842.35	60.9849	2288.48	56.261	-0.197354	0.0819915	-0.05	0.0	0.411967	0.0	3.09295	0.0	0.0470555	0.0	0.0249564	0.000964518	0.03	0.0	1.492	0.04	1.733	0.07	0.0357551	0.000197936	1.13588e-05	0.0219528	0.199653	0.00916649	0.200232	0.0	0.00209819	0.0	0.000800173	0.000782232	1.70691	0.0	0.915361	0.0213176	0.538973	0.117907	0.900533	0.041	0.379436	0.112604	0.0368898	0.0100006	0.131663	0.0123667	0.235798	0.0604654	-8534.53	4.0	6.90083e-06	-41911.4	4.0	6.04602e-06	1.0	2040.68	58.2007	801.667	42.0249	0.282044	0.0134901	1.1196	0.00696951	
0.0-2.4	6.5-30.0	10.0-20.0	0.785-1.571	0.008	0.152	2372.0	2371.0	1352.02	41.3214	1018.86	37.0716	-0.431655	0.12355	-0.05	0.0	0.411967	0.0	3.09295	0.0	0.0470555	0.0	0.0249564	0.0	0.03	0.0	1.492	0.04	1.733	0.07	0.0357551	0.0	3.46014e-05	5.67897e-05	0.198699	0.013033	0.200232	0.0	0.00209819	0.0	0.00119436	0.00115133	1.70691	0.0	0.916776	0.0320507	0.549007	0.146522	0.935944	0.0476013	0.443651	0.130755	0.0491202	0.0181198	0.145742	0.0210572	0.357944	0.194105	-3964.58	4.0	2.03579e-05	-17595.3	3.0	1.63942e-05	1.0	953.868	39.5303	398.148	29.3398	0.294484	0.0197464	1.12052	0.0104861	
0.0-2.4	6.5-30.0	10.0-30.0	0.000-0.785	0.008	0.128	4731.0	4718.0	2661.85	57.9442	2056.14	52.4577	-0.0578822	0.0864023	-0.05	0.0	0.411967	0.0	3.09295	0.0	0.0470555	0.0	0.0241808	0.0	0.03	0.0	1.492	0.04	1.733	0.07	0.0354403	0.0	1.04379e-05	14.9929	0.201389	0.00973891	0.200232	0.0	0.00209819	0.0	0.00164309	0.000773681	1.70691	0.0	0.897749	0.0206968	0.532441	0.0995196	0.891282	0.0653392	0.376005	0.0988722	0.0357535	0.00889129	0.131999	0.0110722	0.148366	0.0451088	-8234.9	4.0	4.03387e-06	-38263.5	3.0	3.6586e-07	1.0	1961.76	55.665	700.098	38.8226	0.263011	0.0134141	1.10813	0.00670501	
0.0-2.4	6.5-30.0	10.0-30.0	0.000-1.571	0.008	0.16	8730.0	8729.0	5071.32	80.4568	3657.06	71.1271	-0.191424	0.064945	-0.05	0.0	0.411967	0.0	3.09295	0.0	0.0470555	0.0	0.0241808	0.000686305	0.03	0.0	1.492	0.04	1.733	0.07	0.0354403	0.000137677	1.13588e-05	0.0219528	0.202185	0.00701718	0.200232	0.0	0.00209819	0.0	0.00144605	0.00056286	1.70691	0.0	0.884649	0.0153325	0.517757	0.0699867	0.936616	0.0269125	0.36612	0.0746674	0.0397371	0.00634556	0.136876	0.00883315	0.239595	0.0621438	-15308.2	4.0	2.89699e-06	-76397.0	4.0	4.90848e-05	1.0	3696.76	76.692	1374.56	54.0138	0.271046	0.00974416	1.09968	0.00493236	
0.0-2.4	6.5-30.0	10.0-30.0	0.785-1.571	0.008	0.152	3999.0	3998.0	2411.44	54.5632	1586.53	46.3918	-0.359007	0.0990125	-0.05	0.0	0.411967	0.0	3.09295	0.0	0.0470555	0.0	0.0241808	0.0	0.03	0.0	1.492	0.04	1.733	0.07	0.0354403	0.0	3.46014e-05	5.67897e-05	0.202884	0.0100883	0.200232	0.0	0.00209819	0.0	0.000899228	0.000819329	1.70691	0.0	0.876284	0.0228144	0.53065	0.0513064	0.956718	0.0297878	0.394259	0.077536	0.0448211	0.00837064	0.150046	0.0151172	0.321453	0.154379	-7096.55	4.0	2.98663e-05	-32015.2	3.0	8.25811e-06	1.0	1735.19	52.067	676.256	37.465	0.280436	0.0141815	1.09431	0.00730548	
0.0-2.4	6.5-30.0	10.0-60.0	0.000-0.785	0.008	0.128	7036.0	7021.0	4273.39	72.4355	2747.68	61.0013	-0.197923	0.0750573	-0.05	0.0	0.411967	0.0	3.09295	0.0	0.0470555	0.0	0.0246508	0.0	0.03	0.0	1.492	0.04	1.733	0.07	0.0356302	0.0	1.04379e-05	14.9929	0.190599	0.00743411	0.200232	0.0	0.00209819	0.0	0.00112487	0.000607758	1.70691	0.0	0.876246	0.01645	0.543177	0.0888932	0.921486	0.062557	0.393444	0.0887442	0.0374033	0.00861533	0.153654	0.0111769	0.152278	0.0659509	-12979.5	4.0	2.86376e-08	-60274.0	3.0	8.04735e-06	1.0	3165.36	70.1823	1108.03	48.9852	0.259286	0.0105868	1.09428	0.00526739	
0.0-2.4	6.5-30.0	10.0-60.0	0.000-1.571	0.008	0.16	12939.0	12937.0	8102.37	100.245	4833.85	82.3447	-0.274697	0.0567398	-0.05	0.0	0.411967	0.0	3.09295	0.0	0.0470555	0.0	0.0246508	0.000532653	0.03	0.0	1.492	0.04	1.733	0.07	0.0356302	0.00010835	1.13588e-05	0.0219528	0.193198	0.00543653	0.200232	0.0	0.00209819	0.0	0.000943407	0.000444155	1.70691	0.0	0.868948	0.0120497	0.561843	0.0561453	0.968625	0.0146498	0.388277	0.0571763	0.0451178	0.00612357	0.152246	0.00782739	0.380236	0.134459	-24050.7	4.0	7.90805e-06	-119332.0	4.0	6.26963e-05	1.0	5953.04	96.5599	2149.33	67.8693	0.265272	0.00770674	1.08962	0.00384266	
0.0-2.4	6.5-30.0	10.0-60.0	0.785-1.571	0.008	0.16	5903.0	5902.0	3833.55	68.0568	2068.39	53.5405	-0.370714	0.0870532	-0.05	0.0	0.411967	0.0	3.09295	0.0	0.0470555	0.0	0.0246508	0.0	0.03	0.0	1.492	0.04	1.733	0.07	0.0356302	0.0	1.29164e-05	3.46537e-05	0.196319	0.00792384	0.200232	0.0	0.00209819	0.0	0.000836213	0.000655367	1.70691	0.0	0.863029	0.0177383	0.568534	0.0847122	0.981863	0.0127484	0.375636	0.0833376	0.0508063	0.00946562	0.158662	0.0120449	0.922425	1.00352	-11100.6	4.0	8.08999e-06	-50033.3	3.0	3.41346e-06	1.0	2791.42	65.6071	1042.13	46.8059	0.271845	0.0112153	1.08585	0.00563771	
0.0-2.4	6.5-30.0	20.0-30.0	0.000-0.785	0.016	0.145	1971.0	1962.0	1161.35	37.8667	800.653	32.7598	-0.148537	0.138662	-0.05	0.0	0.411967	0.0	3.09295	0.0	0.0470555	0.0	0.0232394	0.0	0.03	0.0	1.492	0.04	1.733	0.07	0.035068	0.0	2.56707e-05	3.1598e-05	0.202316	0.0149631	0.200232	0.0	0.00209819	0.0	0.003317	0.00112249	1.70691	0.0	0.861822	0.0297863	0.521836	0.0198795	0.99996	0.939348	0.4236	0.0218072	0.049256	0.00289538	0.137428	0.00598542	0.0881731	5.18966	-3627.18	4.0	1.21859e-06	-14303.9	3.0	8.35347e-07	1.0	866.066	36.2788	295.279	24.7267	0.254256	0.0196111	1.08508	0.00946033	
0.0-2.4	6.5-30.0	20.0-30.0	0.000-1.571	0.008	0.152	3598.0	3598.0	2228.45	52.4924	1369.5	43.5501	-0.182356	0.106306	-0.05	0.0	0.411967	0.0	3.09295	0.0	0.0470555	0.0	0.0232394	0.000962498	0.03	0.0	1.492	0.04	1.733	0.07	0.035068	0.000187536	2.54256e-05	2.68579e-05	0.205505	0.0108911	0.200232	0.0	0.00209819	0.0	0.00189591	0.00080822	1.70691	0.0	0.839786	0.0219734	0.533328	0.106811	0.818644	0.258169	0.315314	0.120311	0.0472794	0.00933728	0.150776	0.0174989	0.0391738	0.0294455	-6792.09	4.0	1.36014e-06	-28584.2	4.0	3.83309e-06	1.0	1653.22	50.0005	575.232	34.1633	0.258131	0.0140731	1.07117	0.00688874	
0.0-2.4	6.5-30.0	20.0-30.0	0.785-1.571	0.008	0.128	1627.0	1624.0	1055.6	35.5722	568.382	27.8966	-0.231047	0.165363	-0.05	0.0	0.411967	0.0	3.09295	0.0	0.0470555	0.0	0.0232394	0.0	0.03	0.0	1.492	0.04	1.733	0.07	0.035068	0.0	1.13986e-05	1.53999e-05	0.208941	0.0160307	0.200232	0.0	0.00209819	0.0	-0.000310059	0.00115603	1.70691	0.0	0.802269	0.0320091	0.681689	0.263026	0.495402	0.252297	0.120438	0.107365	0.0511853	0.0233185	0.171264	0.0286881	0.0387285	0.014041	-3137.78	4.0	1.06148e-06	-11700.9	3.0	3.18964e-06	1.0	777.879	33.8956	277.722	23.4384	0.263093	0.020357	1.04792	0.00979938	
0.0-2.4	6.5-30.0	30.0-60.0	0.000-0.785	0.016	0.12	2305.0	2293.0	1599.15	43.2479	693.806	31.0663	-0.621513	0.151982	-0.05	0.0	0.411967	0.0	3.09295	0.0	0.0470555	0.0	0.02536	0.0	0.03	0.0	1.492	0.04	1.733	0.07	0.0359217	0.0	1.19335e-05	8.5598	0.173369	0.011485	0.200232	0.0	0.00209819	0.0	0.000217129	0.000966481	1.70691	0.0	0.827692	0.0271785	0.553923	0.0857729	1.0	41.9532	0.371909	0.124469	0.0387114	0.00970962	0.197903	0.0265445	0.194109	183.076	-4762.87	4.0	3.63633e-05	-17511.8	3.0	5.24817e-06	1.0	1193.58	42.4998	405.561	29.7414	0.253611	0.0172874	1.06362	0.0084575	
0.0-2.4	6.5-30.0	30.0-60.0	0.000-1.571	0.008	0.145	4209.0	4207.0	3031.98	59.7346	1174.95	41.3673	-0.539537	0.116821	-0.05	0.0	0.411967	0.0	3.09295	0.0	0.0470555	0.0	0.02536	0.000859269	0.03	0.0	1.492	0.04	1.733	0.07	0.0359217	0.000178359	1.27502e-05	0.000164255	0.176854	0.00839161	0.200232	0.0	0.00209819	0.0	-9.88922e-05	0.000721198	1.70691	0.0	0.814001	0.019529	0.716709	0.163102	0.570509	0.15845	0.153588	0.0853457	0.048064	0.0158083	0.218554	0.0221462	0.0376683	0.0147905	-8844.18	4.0	5.42438e-07	-34843.7	4.0	3.69479e-06	1.0	2246.37	58.6457	785.603	41.4751	0.259106	0.012691	1.05513	0.00602465	
0.0-2.4	6.5-30.0	30.0-60.0	0.785-1.571	0.008	0.145	1904.0	1903.0	1423.6	40.6121	479.365	26.5557	-0.421006	0.182763	-0.05	0.0	0.411967	0.0	3.09295	0.0	0.0470555	0.0	0.02536	0.0	0.03	0.0	1.492	0.04	1.733	0.07	0.0359217	0.0	1.18543e-05	0.00044439	0.186499	0.0126778	0.200232	0.0	0.00209819	0.0	0.000679724	0.00109446	1.70691	0.0	0.846408	0.0281958	0.669956	0.101703	0.985712	0.0117348	0.284254	0.113182	0.0557569	0.0146259	0.173501	0.0215139	4.99995	4.8071	-4048.37	4.0	1.62619e-05	-14334.8	3.0	5.82578e-06	1.0	1059.4	39.8563	364.201	27.9837	0.25583	0.0182519	1.07533	0.00887473	
0.0-2.4	6.5-8.0	0.0-100.0	0.000-0.785	0.016	0.136	4691.0	4678.0	1980.31	53.5114	2697.83	59.8398	-0.167109	0.0752524	-0.05	0.0	0.366392	0.0	3.09165	0.0	0.0533696	0.0	0.0281463	0.0	0.03	0.0	1.492	0.04	1.733	0.07	0.0393135	0.0	1.00165e-05	0.000518047	0.205243	0.0139827	0.355919	0.115392	0.00531967	0.00370432	0.0016577	0.00113825	1.61689	0.115376	0.916167	0.0245886	0.987528	0.998117	0.412422	0.12432	0.626305	0.0734882	0.00116327	1.31211	0.153421	0.0188643	0.0996406	0.0145079	-6683.79	4.0	8.79792e-08	-36746.7	3.0	7.19099e-05	1.0	1571.45	53.0442	408.862	33.6545	0.206464	0.0160527	1.21289	0.050668	
0.0-2.4	6.5-8.0	0.0-100.0	0.000-1.571	0.016	0.16	8652.0	8649.0	3901.26	96.5547	4747.2	100.718	-0.0943794	0.0589613	-0.05	0.0	0.366392	0.104891	3.09165	0.000789999	0.0533696	0.0064103	0.0281463	0.00177502	0.03	0.0	1.492	0.04	1.733	0.07	0.0393135	0.00214114	2.57968e-05	9.0559e-05	0.208682	0.00998552	0.307488	0.0880482	0.00439684	0.00310131	0.00224904	0.000761425	1.63221	0.0944826	0.89194	0.0171083	0.582714	0.0558562	0.939482	0.0568548	0.577466	0.0427566	0.0696621	0.0136376	0.136797	0.0106228	0.257066	0.11069	-12643.3	4.0	1.84521e-05	-73573.6	7.0	0.000208496	1.0	3077.26	87.7722	824.008	48.1601	0.211216	0.0111833	1.17052	0.0408095	
0.0-2.4	6.5-8.0	0.0-100.0	0.785-1.571	0.016	0.16	3961.0	3959.0	1924.91	51.3649	2033.61	52.4117	0.000720389	0.0867694	-0.05	0.0	0.366392	0.0	3.09165	0.0	0.0533696	0.0	0.0281463	0.0	0.03	0.0	1.492	0.04	1.733	0.07	0.0393135	0.0	2.95351e-05	0.000335792	0.210532	0.0139195	0.276651	0.138376	0.00298203	0.00476975	0.00205787	0.00102884	1.62991	0.154398	0.84887	0.0238477	0.489643	0.0420661	0.968433	0.0287646	0.497899	0.0577913	0.0636862	0.00918888	0.143022	0.0162869	0.40864	0.262936	-5997.02	4.0	0.000107068	-30777.9	3.0	5.93559e-05	1.0	1507.6	50.1855	417.306	32.0029	0.216792	0.0155868	1.1208	0.0676621	
0.0-2.4	6.5-8.0	10.0-60.0	0.000-0.785	0.016	0.128	2875.0	2863.0	1367.63	43.3665	1495.48	44.8159	-0.141753	0.101246	-0.05	0.0	0.366392	0.0	3.09165	0.0	0.0533696	0.0	0.027537	0.0	0.03	0.0	1.492	0.04	1.733	0.07	0.0390392	0.0	1.20481e-05	0.000153389	0.200783	0.0162515	0.307488	0.0	0.00439684	0.0	0.000496809	0.00134247	1.63221	0.0	0.930003	0.028157	0.944451	1.58346	0.473244	0.509673	0.667142	0.327216	0.00111573	1.11492	0.162744	0.0265571	0.0947594	0.0246412	-4450.99	4.0	3.09979e-05	-21298.4	3.0	9.94661e-06	1.0	1076.57	43.1837	291.066	28.0121	0.212825	0.0193385	1.19086	0.00761392	
0.0-2.4	6.5-8.0	10.0-60.0	0.000-1.571	0.016	0.16	5214.0	5212.0	2632.72	60.5478	2579.36	60.1051	-0.138306	0.0772023	-0.05	0.0	0.366392	0.0	3.09165	0.0	0.0533696	0.0	0.027537	0.00101217	0.03	0.0	1.492	0.04	1.733	0.07	0.0390392	0.000226184	2.57968e-05	9.0559e-05	0.201397	0.0113184	0.307488	0.0	0.00439684	0.0	0.00148278	0.000943176	1.63221	0.0	0.873186	0.0206271	0.554953	0.13451	0.868914	0.0743684	0.595855	0.0889165	0.0484556	0.0189791	0.145219	0.0165578	0.223359	0.0678214	-8193.22	4.0	1.44198e-07	-42101.7	4.0	1.34593e-06	1.0	2045.92	59.4051	586.794	38.6929	0.222885	0.0137741	1.16069	0.00537313	
0.0-2.4	6.5-8.0	10.0-60.0	0.785-1.571	0.016	0.16	2339.0	2338.0	1267.61	40.8524	1070.39	38.3625	-0.121611	0.119979	-0.05	0.0	0.366392	0.0	3.09165	0.0	0.0533696	0.0	0.027537	0.0	0.03	0.0	1.492	0.04	1.733	0.07	0.0390392	0.0	2.95351e-05	0.000335792	0.202734	0.0158894	0.307488	0.0	0.00439684	0.0	0.000863939	0.00131084	1.63221	0.0	0.837689	0.0294922	0.204435	0.324762	0.752352	0.307228	0.180412	0.766576	0.00440124	0.0113097	0.196561	0.0387341	0.129915	0.0266897	-3763.13	4.0	8.63322e-05	-17142.0	3.0	1.44937e-06	1.0	972.25	39.9918	295.356	26.6112	0.233003	0.0196043	1.14242	0.00748789	
0.0-2.4	8.0-10.0	0.0-100.0	0.000-0.785	0.016	0.184	3371.0	3371.0	2108.57	50.5855	1262.43	41.3856	-0.15169	0.110549	-0.05	0.0	0.456593	0.0	3.09291	0.0	0.0461581	0.0	0.0223877	0.0	0.03	0.0	1.492	0.04	1.733	0.07	0.0352869	0.0	1.43393e-05	0.00019234	0.19551	0.0105162	0.0869737	0.0340841	0.00591527	0.00567744	0.00253846	0.000874607	2.11618	0.20087	0.956184	0.0239085	0.473303	0.36299	0.984521	0.0206554	0.308794	0.388204	0.0412429	0.0148077	0.166944	0.0168734	0.427165	0.366583	-6149.46	4.0	3.99134e-06	-26590.6	3.0	1.58603e-06	1.0	1530.23	48.8335	578.335	35.0644	0.274279	0.0152723	1.10646	0.033487	
0.0-2.4	8.0-10.0	0.0-100.0	0.000-1.571	0.016	0.184	6217.0	6217.0	3920.18	76.578	2296.88	65.1143	-0.182531	0.0842627	-0.05	0.0	0.456593	0.0683525	3.09291	0.000629673	0.0461581	0.00279778	0.0223877	0.00144194	0.03	0.0	1.492	0.04	1.733	0.07	0.0352869	0.00117577	2.86287e-05	7.39866e-05	0.195488	0.0079448	0.101294	0.0385555	0.00371701	0.00401086	0.00175345	0.000636636	1.94164	0.153299	0.957407	0.0172932	0.564237	0.0908573	0.984525	0.0137278	0.449693	0.0858477	0.0461377	0.00821435	0.17487	0.0132091	0.524924	0.470385	-11575.0	4.0	1.37952e-05	-52927.7	7.0	2.93703e-05	1.0	2877.18	71.2217	1043.0	48.2575	0.26606	0.0111591	1.09802	0.0293562	
0.0-2.4	8.0-10.0	0.0-100.0	0.785-1.571	0.016	0.145	2846.0	2846.0	1811.63	46.7388	1034.26	37.5123	-0.220735	0.122421	-0.05	0.0	0.456593	0.0	3.09291	0.0	0.0461581	0.0	0.0223877	0.0	0.03	0.0	1.492	0.04	1.733	0.07	0.0352869	0.0	4.47064e-05	0.000114107	0.196611	0.0122109	0.235848	0.18461	0.000706809	0.00344665	0.00129675	0.0010089	1.58836	0.197498	0.909392	0.0270426	0.710064	0.455528	0.999999	19.7642	0.598584	0.285851	0.0659958	0.068166	0.193396	0.0445554	0.056641	136.554	-5422.89	4.0	5.48035e-05	-22050.3	3.0	1.52168e-05	1.0	1353.63	45.478	458.003	31.4368	0.252812	0.0160803	1.10768	0.0786142	
0.0-2.4	8.0-10.0	10.0-60.0	0.000-0.785	0.016	0.145	2183.0	2182.0	1419.0	41.1737	762.927	32.2374	-0.199537	0.142495	-0.05	0.0	0.456593	0.0	3.09291	0.0	0.0461581	0.0	0.023007	0.0	0.03	0.0	1.492	0.04	1.733	0.07	0.0355027	0.0	2.55884e-05	0.0001192	0.180578	0.0122123	0.101294	0.0	0.00371701	0.0	0.00126858	0.00106167	1.94164	0.0	0.917309	0.0293708	0.534897	0.0602097	0.932249	0.763112	0.283503	0.129227	0.0424987	0.00748822	0.176149	0.0232109	0.0442111	0.0377815	-4204.05	4.0	1.16409e-05	-16375.5	3.0	6.6054e-06	1.0	1044.32	40.3717	374.678	28.8072	0.264044	0.0187999	1.06682	0.0113483	
0.0-2.4	8.0-10.0	10.0-60.0	0.000-1.571	0.016	0.145	3916.0	3915.0	2606.39	56.0154	1308.37	42.8926	-0.313963	0.109267	-0.05	0.0	0.456593	0.0	3.09291	0.0	0.0461581	0.0	0.023007	0.000965725	0.03	0.0	1.492	0.04	1.733	0.07	0.0355027	0.000170039	1.82514e-05	0.000157912	0.190973	0.00951585	0.101294	0.0	0.00371701	0.0	0.00151641	0.000774978	1.94164	0.0	0.911163	0.0210523	0.513324	0.0394541	0.995901	0.00487563	0.306042	0.0647602	0.0438334	0.00539049	0.173807	0.0149534	4.99629	3.10974	-7616.58	4.0	1.4469e-06	-31771.4	4.0	2.34951e-05	1.0	1916.77	54.3371	689.618	38.4083	0.264588	0.0135949	1.06207	0.00811575	
0.0-2.4	8.0-10.0	10.0-60.0	0.785-1.571	0.016	0.145	1733.0	1733.0	1188.29	37.4411	544.673	27.5372	-0.478585	0.170384	-0.05	0.0	0.456593	0.0	3.09291	0.0	0.0461581	0.0	0.023007	0.0	0.03	0.0	1.492	0.04	1.733	0.07	0.0355027	0.0	4.47064e-05	0.000114107	0.20339	0.0147698	0.101294	0.0	0.00371701	0.0	0.00173709	0.00113293	1.94164	0.0	0.904446	0.0301218	0.492497	0.0631052	1.0	0.0129145	0.333808	0.100655	0.045703	0.00893097	0.19143	0.0241573	0.33041	6.14741	-3416.05	4.0	1.98294e-06	-12710.5	3.0	3.82901e-06	1.0	871.671	36.0962	316.623	25.4587	0.266452	0.0197111	1.0569	0.0115829	
1.2-1.6	6.5-30.0	0.0-100.0	0.000-0.785	0.016	0.136	2881.0	2872.0	1515.95	44.6396	1356.03	42.8108	-0.0367384	0.106323	-0.05	0.0	0.45576	0.0	3.09129	0.0	0.0460781	0.0	0.0317832	0.0	0.03	0.0	1.492	0.04	1.733	0.07	0.0389544	0.0	1.49776e-05	0.00034247	0.184286	0.0124504	0.105993	0.0452411	0.00895651	0.0163035	0.00197021	0.00102775	2.05526	0.219222	1.00816	0.0268231	0.583671	0.319198	0.804075	0.231745	0.501022	0.225485	0.0342366	0.031012	0.155932	0.0256355	0.12139	0.070751	-4679.7	4.0	2.87818e-06	-21575.7	3.0	2.84674e-06	1.0	1119.14	43.9797	396.812	31.3803	0.261758	0.0192115	1.16464	0.0387104	
1.2-1.6	6.5-30.0	0.0-100.0	0.000-1.571	0.008	0.136	5263.0	5256.0	2904.23	75.6983	2351.8	71.8755	-0.0365207	0.086695	-0.05	0.0	0.45576	0.138395	3.09129	0.000966276	0.0460781	0.00424628	0.0317832	0.00218244	0.03	0.0	1.492	0.04	1.733	0.07	0.0389544	0.00124294	1.03021e-05	0.137313	0.188946	0.00928119	0.0999774	0.0369937	0.00921681	0.0152857	0.00244438	0.000729853	2.02628	0.173102	0.968312	0.0194372	0.595012	0.187802	0.627579	0.239377	0.443613	0.0994481	0.0444541	0.0197086	0.183695	0.022904	0.081087	0.0185444	-8755.03	4.0	1.91869e-06	-42854.3	7.0	7.49458e-05	1.0	2155.72	68.5946	748.514	43.9172	0.257732	0.0135477	1.11999	0.0314119	
1.2-1.6	6.5-30.0	0.0-100.0	0.785-1.571	0.008	0.136	2382.0	2379.0	1384.81	41.9155	994.19	36.9636	-0.0426638	0.124603	-0.05	0.0	0.45576	0.0	3.09129	0.0	0.0460781	0.0	0.0317832	0.0	0.03	0.0	1.492	0.04	1.733	0.07	0.0389544	0.0	2.98319e-05	0.000141008	0.194391	0.0139712	0.0888127	0.157186	0.00999982	0.0196714	0.00286944	0.00103809	2.00962	0.490069	0.944343	0.0283449	0.570044	0.0807819	0.663071	0.237189	0.387905	0.0899258	0.0637632	0.0132897	0.196432	0.0309635	0.0598046	0.0216859	-4073.99	4.0	1.44711e-05	-17620.8	3.0	8.42161e-08	1.0	1035.45	41.0678	349.363	28.568	0.252282	0.0191642	1.08225	0.121719	
1.2-1.6	6.5-30.0	10.0-60.0	0.000-0.785	0.016	0.128	1826.0	1821.0	1030.16	36.2779	790.838	32.8143	-0.126111	0.139511	-0.05	0.0	0.45576	0.0	3.09129	0.0	0.0460781	0.0	0.0315221	0.0	0.03	0.0	1.492	0.04	1.733	0.07	0.0388387	0.0	1.81449e-05	0.000285286	0.175726	0.0146311	0.0999774	0.0	0.00921681	0.0	0.00113931	0.00134142	2.02628	0.0	1.08814	0.0337023	0.279273	0.0870284	0.80915	0.0951444	0.207477	0.163964	0.00101062	1.01618	0.193715	0.0317319	0.100941	0.0304715	-3094.5	4.0	8.26411e-06	-12965.1	3.0	6.90344e-07	1.0	757.042	36.3059	273.117	26.4552	0.265121	0.0239233	1.21498	0.0135832	
1.2-1.6	6.5-30.0	10.0-60.0	0.000-1.571	0.008	0.128	3265.0	3260.0	1951.68	50.3764	1308.21	43.5259	-0.217339	0.108904	-0.05	0.0	0.45576	0.0	3.09129	0.0	0.0460781	0.0	0.0315221	0.00164024	0.03	0.0	1.492	0.04	1.733	0.07	0.0388387	0.000362258	1.05393e-05	0.000462059	0.182713	0.0111023	0.0999774	0.0	0.00921681	0.0	0.00159548	0.000929654	2.02628	0.0	0.999505	0.0243978	0.665888	0.15062	0.752545	0.328152	0.472604	0.212429	0.0773913	0.0204665	0.178562	0.0239362	0.0396241	0.060473	-5742.83	4.0	3.72898e-07	-25266.9	4.0	1.11041e-05	1.0	1458.03	49.7058	493.645	34.8808	0.252934	0.0166371	1.14439	0.00958929	
1.2-1.6	6.5-30.0	10.0-60.0	0.785-1.571	0.008	0.128	1439.0	1437.0	920.815	33.6505	516.151	26.9758	-0.363459	0.174343	-0.05	0.0	0.45576	0.0	3.09129	0.0	0.0460781	0.0	0.0315221	0.0	0.03	0.0	1.492	0.04	1.733	0.07	0.0388387	0.0	4.70929e-05	0.000194192	0.190848	0.0170268	0.0999774	0.0	0.00921681	0.0	0.00203739	0.00129718	2.02628	0.0	0.953304	0.0347975	0.575424	0.0791375	0.960466	0.91449	0.418354	0.108519	0.0671098	0.0140438	0.177157	0.0304723	0.0608053	0.107392	-2646.04	4.0	9.79339e-06	-10053.4	3.0	1.09502e-05	1.0	700.386	33.2865	220.429	22.7547	0.239385	0.0231112	1.10834	0.0134688	
1.2-2.4	6.5-30.0	0.0-100.0	0.000-0.785	0.008	0.184	6461.0	6461.0	3253.97	66.6812	3206.72	66.3253	-0.270862	0.0694138	-0.05	0.0	0.531943	0.0	3.09123	0.0	0.0532759	0.0	0.0318056	0.0	0.03	0.0	1.492	0.04	1.733	0.07	0.0445344	0.0	2.12253e-05	8.84679e-05	0.189095	0.0092934	0.162144	0.0491193	0.00725079	0.00337881	0.00252935	0.000733359	1.85488	0.12874	0.966998	0.017536	0.67798	0.103769	0.878901	0.100987	0.572752	0.0643334	0.0550399	0.0256863	0.149629	0.0133339	0.20459	0.0866821	-9824.31	4.0	9.27018e-07	-53347.2	3.0	1.92419e-05	1.0	2465.87	66.2469	788.093	45.7826	0.242194	0.0131653	1.15816	0.0319808	
1.2-2.4	6.5-30.0	0.0-100.0	0.000-1.571	0.008	0.128	11906.0	11862.0	6328.01	115.302	5533.88	111.799	-0.246508	0.0569342	-0.05	0.0	0.531943	0.0954732	3.09123	0.000721556	0.0532759	0.00281327	0.0318056	0.00240455	0.03	0.0	1.492	0.04	1.733	0.07	0.0445344	0.0013861	1.38621e-05	0.000134836	0.1939	0.0067911	0.186805	0.0404235	0.00562667	0.0022307	0.00257488	0.000538349	1.79346	0.0844886	0.93942	0.013216	0.678702	0.14693	0.677993	0.214322	0.533617	0.0685683	0.0463122	0.0239063	0.179099	0.0170456	0.0960525	0.0229252	-18548.6	4.0	1.58495e-06	-105614.0	7.0	6.46173e-06	1.0	4814.79	105.141	1513.22	64.1736	0.239131	0.00915743	1.14826	0.0243555	
1.2-2.4	6.5-30.0	0.0-100.0	0.785-1.571	0.008	0.16	5445.0	5443.0	3075.07	63.5503	2367.65	57.7157	-0.226721	0.080981	-0.05	0.0	0.531943	0.0	3.09123	0.0	0.0532759	0.0	0.0318056	0.0	0.03	0.0	1.492	0.04	1.733	0.07	0.0445344	0.0	2.10476e-05	6.65505e-05	0.199392	0.0100547	0.217213	0.0691113	0.0040731	0.00288927	0.00249442	0.000793977	1.72323	0.111196	0.905556	0.0199229	0.617946	0.0674669	0.80923	0.245394	0.481202	0.101106	0.0650324	0.01189	0.180628	0.0190783	0.0538027	0.0474665	-8719.66	4.0	4.00418e-05	-44456.7	3.0	0.000109617	1.0	2352.55	62.4738	722.52	41.9783	0.23496	0.0127584	1.13443	0.0380399	
1.2-2.4	6.5-30.0	10.0-60.0	0.000-0.785	0.016	0.128	4076.0	4056.0	2241.01	54.215	1814.98	50.1324	-0.314954	0.0925628	-0.05	0.0	0.531943	0.0	3.09123	0.0	0.0532759	0.0	0.0314743	0.0	0.03	0.0	1.492	0.04	1.733	0.07	0.0444241	0.0	1.44654e-05	0.00020635	0.174948	0.0102884	0.186805	0.0	0.00562667	0.0	0.00299826	0.00090755	1.79346	0.0	0.914934	0.0214733	0.554054	0.161124	0.889984	0.0775436	0.48307	0.133324	0.0335279	0.0122304	0.157022	0.0178159	0.172548	0.0784825	-6678.95	4.0	5.94346e-07	-31899.7	3.0	3.75867e-07	1.0	1690.21	54.3942	550.803	38.2663	0.245783	0.0160067	1.13207	0.00705634	
1.2-2.4	6.5-30.0	10.0-60.0	0.000-1.571	0.008	0.16	7413.0	7411.0	4271.81	75.5776	3139.26	67.671	-0.359131	0.0705905	-0.05	0.0	0.531943	0.0	3.09123	0.0	0.0532759	0.0	0.0314743	0.00129547	0.03	0.0	1.492	0.04	1.733	0.07	0.044424	0.0002148	1.04253e-05	6.6059e-05	0.185291	0.00774557	0.186805	0.0	0.00562667	0.0	0.00282818	0.000662367	1.79346	0.0	0.911744	0.0160445	0.563612	0.0554804	0.91134	0.0558356	0.481881	0.0619164	0.0411381	0.00901943	0.162454	0.0124214	0.187669	0.0693172	-12258.8	4.0	3.45674e-05	-62972.5	4.0	4.96744e-06	1.0	3219.35	74.5548	1052.47	51.5851	0.246374	0.0112615	1.12998	0.00526373	
1.2-2.4	6.5-30.0	10.0-60.0	0.785-1.571	0.008	0.16	3337.0	3336.0	2029.85	50.9376	1305.95	43.2522	-0.411187	0.109822	-0.05	0.0	0.531943	0.0	3.09123	0.0	0.0532759	0.0	0.0314743	0.0	0.03	0.0	1.492	0.04	1.733	0.07	0.0444241	0.0	2.10476e-05	6.65505e-05	0.194863	0.0115757	0.186805	0.0	0.00562667	0.0	0.0016355	0.000971881	1.79346	0.0	0.882878	0.0243808	0.684367	0.0818496	0.585417	0.228092	0.282783	0.248911	0.0726172	0.0160889	0.178982	0.0192902	0.0273542	0.0187348	-5592.6	4.0	5.03184e-07	-25822.4	3.0	6.19191e-05	1.0	1519.87	50.2506	509.974	35.1315	0.251238	0.0161183	1.11118	0.00787643	
1.6-2.4	3.0-6.5	0.0-100.0	0.000-0.785	0.024	0.176	16999.0	16932.0	3337.8	89.8073	13594.2	135.355	-0.173132	0.0333941	-0.05	0.0	3.45678e-08	0.0	3.09041	0.0	0.0428107	0.0	0.0507964	0.0	0.03	0.0	1.86	0.19	1.38	0.32	0.0507964	0.0	0.000147224	0.000511986	0.233708	0.0170881	0.439906	0.153507	-0.00999703	0.0199894	0.00913121	0.00089659	1.59723	0.136551	0.825279	0.012687	1.0	0.0183455	0.852879	0.000591926	0.709728	0.000377914	0.0018848	1.23932	0.113878	0.000164583	0.315416	0.000934927	-16100.3	4.0	6.78126e-06	-150686.0	3.0	4.14333e-07	1.0	2792.41	92.4642	545.391	55.857	0.163398	0.0161468	1.22627	0.0704362	
1.6-2.4	3.0-6.5	0.0-100.0	0.000-1.571	0.032	0.264	32028.0	31979.0	6347.97	101.561	25630.9	101.149	-0.149162	0.0126025	-0.05	0.0	3.45678e-08	0.705799	3.09041	0.000560325	0.0428107	0.568613	0.0507964	0.00147856	0.03	0.0	1.86	0.19	1.38	0.32	0.0507964	0.000739281	1.10324e-05	0.0465138	0.229446	0.0122721	0.30661	0.207411	-0.0060702	0.0158272	0.01	0.0123036	1.65451	0.204341	0.939033	0.00844058	1.0	2.42963	0.792263	0.199887	0.749895	0.254129	0.00104442	2.25792	0.123917	0.00724176	0.274857	0.0248454	-30524.9	4.0	0.000398503	-304960.0	7.0	4.87742e-06	1.0	5363.75	110.157	984.221	70.8399	0.155045	0.0108803	1.20446	0.0907668	
1.6-2.4	3.0-6.5	0.0-100.0	0.785-1.571	0.032	0.264	15029.0	15009.0	3015.58	84.5977	11993.4	127.021	-0.0958877	0.0355059	-0.05	0.0	3.45678e-08	0.0	3.09041	0.0	0.0428107	0.0	0.0507964	0.0	0.03	0.0	1.86	0.19	1.38	0.32	0.0507964	0.0	1.44673e-05	0.0160274	0.211788	0.0172701	0.0260978	0.042413	-0.00999973	0.0198251	0.01	0.000388597	2.47347	0.932247	1.11152	0.010436	0.998984	31.9887	0.478371	0.847737	0.759501	0.328192	0.0010182	62.2242	0.178176	0.106397	0.1323	0.239901	-14503.4	4.0	8.26826e-08	-131800.0	3.0	4.18278e-07	1.0	2537.21	87.7855	478.364	53.1046	0.158631	0.0170385	1.16743	0.05152	
1.6-2.4	3.0-6.5	10.0-60.0	0.000-0.785	0.024	0.209	9813.0	9808.0	2332.85	71.0999	7475.15	100.981	-0.207838	0.0451447	-0.05	0.0	3.45678e-08	0.0	3.09041	0.0	0.0428107	0.0	0.0514461	0.0	0.03	0.0	1.86	0.19	1.38	0.32	0.0514461	0.0	0.000154155	0.000507053	0.229171	0.0184319	0.30661	0.0	-0.0060702	0.0	0.00723802	0.00103493	1.65451	0.0	0.904991	0.0148445	0.523546	2.8254	0.900954	0.0621853	0.520392	1.40305	0.00100002	0.863035	0.109272	0.133029	0.276077	0.391723	-9920.92	4.0	2.9976e-07	-82158.5	3.0	1.3995e-07	1.0	1940.19	72.5463	392.656	43.6979	0.168316	0.0180154	1.18626	0.00392626	
1.6-2.4	3.0-6.5	10.0-60.0	0.000-1.571	0.024	0.209	17963.0	17957.0	4283.49	109.585	13673.5	146.276	-0.14713	0.0334009	-0.05	0.0	3.45678e-08	0.0	3.09041	0.0	0.0428107	0.0	0.0514461	0.00139003	0.03	0.0	1.86	0.19	1.38	0.32	0.0514461	0.000695017	2.44459e-05	0.000226863	0.225216	0.0140511	0.30661	0.0	-0.0060702	0.0	0.00802814	0.000764797	1.65451	0.0	0.913623	0.0108976	0.950435	0.852238	0.814384	0.107827	0.730529	0.0242246	0.0011261	0.842018	0.11558	0.00400961	0.24613	0.00932251	-18315.5	4.0	1.00134e-06	-161286.0	4.0	2.88746e-05	1.0	3607.34	108.249	676.144	59.1629	0.157849	0.0132083	1.19084	0.00289862	
1.6-2.4	3.0-6.5	10.0-60.0	0.785-1.571	0.024	0.16	8150.0	8104.0	1956.63	64.8422	6147.36	91.6244	-0.050308	0.0496679	-0.05	0.0	3.45678e-08	0.0	3.09041	0.0	0.0428107	0.0	0.0514461	0.0	0.03	0.0	1.86	0.19	1.38	0.32	0.0514461	0.0	1.75877e-05	0.00268428	0.220156	0.0214249	0.30661	0.0	-0.0060702	0.0	0.00999999	0.012303	1.65451	0.0	0.924996	0.0159085	1.0	0.535646	0.762451	0.139186	0.759399	0.130445	0.00318969	1.46102	0.131008	0.0129909	0.180258	0.0325375	-8422.58	4.0	2.22699e-05	-66356.6	3.0	2.05482e-07	1.0	1681.06	66.127	275.568	36.7773	0.140838	0.0182076	1.19691	0.00426241	
1.6-2.4	6.5-30.0	0.0-100.0	0.000-0.785	0.008	0.184	3580.0	3580.0	1732.53	49.389	1847.64	50.5409	-0.464041	0.0920638	-0.05	0.0	0.652922	0.0	3.0911	0.0	0.056929	0.0	0.0308406	0.0	0.03	0.0	1.492	0.04	1.733	0.07	0.0494589	0.0	1.26012e-05	0.886013	0.19598	0.01404	0.392225	0.132093	0.00448624	0.00234342	0.00299114	0.00121224	1.54649	0.116583	0.862658	0.0266975	0.957678	1.48592	0.605029	0.691002	0.658134	0.605641	0.00100003	1.07524	0.166149	0.021885	0.157424	0.0350946	-5160.67	4.0	3.1951e-05	-27279.0	3.0	1.57935e-05	1.0	1350.61	49.1003	381.916	32.3572	0.220439	0.0175874	1.17913	0.0553465	
1.6-2.4	6.5-30.0	0.0-100.0	0.000-1.571	0.008	0.152	6643.0	6637.0	3419.55	91.9882	3217.44	90.877	-0.424331	0.0755334	-0.05	0.0	0.652922	0.150889	3.0911	0.00108638	0.056929	0.00395122	0.0308406	0.00590293	0.03	0.0	1.492	0.04	1.733	0.07	0.0494589	0.00237958	1.37144e-05	0.000327844	0.199274	0.00999808	0.337019	0.0765519	0.00343684	0.00197833	0.00291353	0.0008482	1.60396	0.0792233	0.87583	0.0191787	0.720222	0.082148	0.901199	0.143801	0.61203	0.0495468	0.0690962	0.0338036	0.163811	0.0130825	0.201315	0.115848	-9820.65	4.0	4.49522e-05	-54918.1	7.0	3.65021e-06	1.0	2661.79	83.0725	757.761	46.7915	0.221597	0.0123168	1.17286	0.0349842	
1.6-2.4	6.5-30.0	0.0-100.0	0.785-1.571	0.016	0.16	3063.0	3060.0	1688.02	47.6424	1371.66	44.1969	-0.383667	0.106839	-0.05	0.0	0.652922	0.0	3.0911	0.0	0.056929	0.0	0.0308406	0.0	0.03	0.0	1.492	0.04	1.733	0.07	0.0494589	0.0	3.74095e-05	0.000162817	0.2028	0.0142418	0.343146	0.104013	0.00192208	0.00293448	0.00191575	0.00126835	1.60163	0.103902	0.873824	0.0292253	0.69207	0.013888	0.999939	1.06974	0.60094	0.0101415	0.0732116	0.00339757	0.171047	0.00427491	0.0775608	6.71732	-4653.9	4.0	9.32716e-09	-23090.5	3.0	0.000101973	1.0	1311.0	47.0784	377.015	30.9917	0.223348	0.0172437	1.1755	0.047215	
1.6-2.4	6.5-30.0	10.0-60.0	0.000-0.785	0.016	0.128	2250.0	2235.0	1206.51	40.1399	1028.21	37.856	-0.472583	0.123668	-0.05	0.0	0.652922	0.0	3.0911	0.0	0.056929	0.0	0.0304861	0.0	0.03	0.0	1.492	0.04	1.733	0.07	0.0493826	0.0	1.34113e-05	3.24911	0.174659	0.0146804	0.337019	0.0	0.00343684	0.0	0.00327789	0.00131153	1.60396	0.0	0.790848	0.0288105	0.64707	0.195822	0.901203	0.072832	0.53868	0.133789	0.0336192	0.0173993	0.155172	0.0189335	0.20442	0.0906573	-3594.3	4.0	5.67571e-06	-16152.3	3.0	5.45508e-05	1.0	931.473	40.4856	275.035	27.6126	0.22796	0.0215932	1.13212	0.00667147	
1.6-2.4	6.5-30.0	10.0-60.0	0.000-1.571	0.016	0.16	4148.0	4143.0	2309.97	56.0675	1833.02	51.6391	-0.480005	0.092768	-0.05	0.0	0.652922	0.0	3.0911	0.0	0.056929	0.0	0.0304861	0.00230072	0.03	0.0	1.492	0.04	1.733	0.07	0.0493825	0.000246484	3.09547e-05	6.71915e-05	0.188407	0.0109143	0.337019	0.0	0.00343684	0.0	0.00352904	0.00100279	1.60396	0.0	0.796947	0.0224049	0.567167	0.0878144	0.921438	0.0396031	0.463909	0.0982681	0.0308363	0.0088913	0.153042	0.0145502	0.240292	0.0768476	-6529.38	4.0	1.74233e-06	-32574.1	4.0	3.06331e-07	1.0	1755.45	55.388	554.515	37.8617	0.240053	0.01532	1.13495	0.00521513	
1.6-2.4	6.5-30.0	10.0-60.0	0.785-1.571	0.016	0.16	1898.0	1896.0	1105.51	38.1181	790.322	33.7314	-0.470289	0.14132	-0.05	0.0	0.652922	0.0	3.0911	0.0	0.056929	0.0	0.0304861	0.0	0.03	0.0	1.492	0.04	1.733	0.07	0.0493826	0.0	3.74095e-05	0.000162817	0.199953	0.0158359	0.337019	0.0	0.00343684	0.0	0.00157601	0.00158669	1.60396	0.0	0.868932	0.0367674	0.962252	1.21538	0.788045	0.297126	0.689551	0.380987	0.00105821	1.25674	0.182923	0.0259384	0.126341	0.0671578	-2949.99	4.0	1.54827e-06	-13479.4	3.0	3.85522e-05	1.0	817.206	37.3449	288.308	26.4482	0.260791	0.0221697	1.16945	0.00905599	
