weightedEff_TnPAtRD3_4DEff2_RapPtEffMap4_Ratio
rap	pT	cent	dPhi	ctauErrMin	ctauErrMax	NoCutEntry	CutEntry	NSig	NSigErr	NBkg	NBkgErr	coefExp	coefExpErr	coefPol1	coefPol1Err	coeffGaus	coeffGausErr	meanSig1	meanSig1Err	sigmaSig1	sigmaSig1Err	sigmaSig2	sigmaSig2Err	sigmaSig3	sigmaSig3Err	alpha	alphaErr	enne	enneErr	enneW	enneWErr	sigWidth	sigWidthErr	Gmc	GmcErr	bTau	bTauErr	fracRes	fracResErr	meanResSigW	meanResSigWErr	meanResSigN	meanResSigNErr	sigmaResSigW	sigmaResSigWErr	sigmaResSigN	sigmaResSigNErr	fpm	fpmErr	fLiving	fLivingErr	fbkgCtTot	fbkgCtTotErr	lambdam	lambdamErr	lambdap	lambdapErr	lambdasym	lambdasymErr	NLL	nFitPar	EDM	NLLMass	nFitParMass	EDMMass	Prob	PROMPT	PROMPTErr	NON-PROMPT	NON-PROMPTErr	Bfraction	BfractionErr	Resolution	ResolutionErr	
0.0-0.4	6.5-30.0	0.0-100.0	0.000-1.571	0.008	0.105	9088.0	9075.0	7832.91	92.8194	1242.06	44.9831	-1.05354	0.116946	-0.05	0.0	0.418645	0.0695364	3.09367	0.000253726	0.0152955	0.000744208	0.0231461	0.000951033	0.03	0.0	1.696	0.0	5.0	0.0	1.718	0.0	0.0202336	0.000425563	1.23578e-05	0.0128429	0.369054	0.0094363	0.44677	0.141299	-0.000774749	0.00115443	0.000444566	0.000700399	1.18582	0.0694746	0.877838	0.0188954	1.0	0.130595	0.858498	0.0276274	0.213291	0.0273335	0.143007	72.9059	0.35969	0.0180055	0.216379	0.0409631	-23645.8	4.0	1.18319e-06	-89329.1	7.0	1.4954e-06	1.0	5666.96	83.4043	2165.95	55.727	0.276519	0.00631496	1026.92	28.6205	
0.0-1.2	6.5-30.0	0.0-100.0	0.000-1.571	0.008	0.145	32325.0	32308.0	27878.2	176.464	4429.86	87.6936	-1.06201	0.0635823	-0.05	0.0	0.379051	0.0416836	3.09367	0.000180733	0.0185472	0.00068766	0.0313343	0.000753222	0.03	0.0	1.696	0.0	5.0	0.0	1.718	0.0	0.0272041	0.000374365	1.01594e-05	0.0045946	0.369003	0.0050056	0.0390389	0.0103328	-0.00174128	0.00308162	0.000298629	0.000231695	2.01564	0.13992	0.988131	0.0064137	0.987457	0.0129208	0.910911	0.0377077	0.263253	0.0178489	0.289563	0.142659	0.418616	0.0116325	0.141061	8.76922e-11	-76517.2	4.0	1.27538e-06	-351793.0	7.0	2.46343e-05	1.0	20127.5	158.949	7750.73	106.958	0.278021	0.00340921	1047.33	9.69704	
0.0-2.4	10.0-13.0	0.0-100.0	0.000-1.571	0.008	0.145	12391.0	12381.0	10502.4	111.245	1878.64	61.2424	-1.22815	0.0984935	-0.05	0.0	0.463062	0.0431901	3.09329	0.000363289	0.0461061	0.00140906	0.0232612	0.000971882	0.03	0.0	1.696	0.0	5.0	0.0	1.718	0.0	0.0357056	0.00066031	1.22072e-05	0.0133174	0.39132	0.00801065	0.0307555	0.0102492	0.002156	0.00527054	0.000349905	0.000355869	2.23784	0.221634	0.981903	0.0107661	0.969615	0.00963281	0.99999	0.0527277	0.236133	0.0201154	0.14108	1.25369e-06	0.401711	0.0148251	0.141492	2.05351e-05	-25791.9	4.0	4.34174e-08	-120288.0	7.0	0.000149562	1.0	7203.68	96.6798	3298.73	68.8881	0.314092	0.00565289	1043.31	13.2735	
0.0-2.4	10.0-30.0	0.0-100.0	0.000-1.571	0.008	0.145	19555.0	19543.0	16292.1	139.215	3250.76	79.6155	-1.24347	0.0746907	-0.05	0.0	0.468344	0.0354437	3.09345	0.000288381	0.0453318	0.00112389	0.0228762	0.000785376	0.03	0.0	1.696	0.0	5.0	0.0	1.718	0.0	0.035223	0.00053064	1.00498e-05	0.00459465	0.379402	0.00580587	0.0302029	0.00772777	-0.00137981	0.00391645	6.77134e-05	0.000274472	2.28455	0.177331	0.989583	0.00889323	0.97204	0.00754127	1.0	0.000505339	0.256094	0.0147701	0.141058	0.0338559	0.419574	0.0118447	3.3068	1.98509	-38770.5	4.0	3.71548e-05	-198220.0	7.0	9.75529e-05	1.0	10415.5	117.206	5876.55	91.3107	0.3607	0.00468102	1052.3	10.5281	
0.0-2.4	11.0-13.0	0.0-100.0	0.000-1.571	0.008	0.145	6614.0	6611.0	5623.1	81.5791	987.815	44.9401	-1.35134	0.139487	-0.05	0.0	0.353748	0.049175	3.09359	0.000498878	0.0529091	0.00279314	0.0248269	0.00106877	0.03	0.0	1.696	0.0	5.0	0.0	1.718	0.0	0.037264	0.00103133	3.00105e-05	0.000309596	0.398347	0.0105236	0.035575	0.0156752	0.00158392	0.00595811	0.00037475	0.000491081	2.10523	0.269949	0.997873	0.0153647	0.998854	0.00287835	0.93969	0.0245268	0.27428	0.0262271	0.794885	1.08637	0.408248	0.0207281	0.14094	6.77145e-11	-13252.6	4.0	5.82694e-06	-59910.6	7.0	2.37026e-05	1.0	3681.53	69.4157	1941.57	52.5283	0.345284	0.00788483	1057.35	17.3921	
0.0-2.4	13.0-16.0	0.0-100.0	0.000-1.571	0.008	0.081	4224.0	4219.0	3415.23	62.7172	803.788	36.3471	-1.09839	0.146528	-0.05	0.0	0.595571	0.0581745	3.09352	0.000600364	0.0414953	0.00164679	0.0185541	0.00153803	0.03	0.0	1.696	0.0	5.0	0.0	1.718	0.0	0.0341279	0.00085367	2.11265e-05	10.8791	0.378012	0.0120455	0.0661462	0.04102	-0.00168051	0.0047893	-0.000551527	0.000607583	1.77416	0.264604	0.995265	0.0208744	0.970597	0.0112945	0.999996	0.193597	0.271193	0.0292455	0.206286	0.0750872	0.450619	0.0262366	0.200918	3.3512	-8025.3	4.0	1.8555e-06	-36241.3	7.0	3.06963e-06	1.0	2060.44	51.8934	1354.79	43.3613	0.396691	0.0103986	1064.54	26.9733	
0.0-2.4	13.0-30.0	0.0-100.0	0.000-1.571	0.008	0.081	7163.0	7156.0	5782.58	83.6567	1373.13	50.8845	-1.27145	0.114317	-0.05	0.0	0.488745	0.0629119	3.09379	0.000477397	0.0437141	0.001803	0.0219186	0.001421	0.03	0.0	1.696	0.0	5.0	0.0	1.718	0.0	0.0343449	0.000892956	1.02238e-05	0.00459457	0.368557	0.00851862	0.0480882	0.0218371	-0.00242622	0.00419284	-0.000297722	0.000440118	1.94086	0.230379	0.999393	0.0159984	1.0	4.29359	0.962515	0.0048142	0.282056	0.00640444	0.146777	6.53106	0.446999	0.00664423	0.231419	0.0267271	-13090.0	4.0	4.18256e-05	-65050.6	7.0	2.26457e-05	1.0	3245.9	66.1303	2536.68	59.2864	0.438676	0.0080523	1063.91	18.8424	
0.0-2.4	16.0-30.0	0.0-100.0	0.000-1.571	0.008	0.056	2938.0	2926.0	2393.3	52.2194	532.766	29.4352	-1.39403	0.185249	-0.05	0.0	0.159607	0.0557626	3.09366	0.000758373	0.0150462	0.00255601	0.036946	0.00164228	0.03	0.0	1.696	0.0	5.0	0.0	1.718	0.0	0.0343988	0.000877635	1.01425e-05	0.00459461	0.359381	0.0119825	0.0340288	0.0240391	-0.00317689	0.0069571	-1.10286e-06	0.000642556	2.18001	0.438439	0.998826	0.0252843	1.0	247.658	0.985964	1.92722	0.29033	0.0956396	0.140912	45739.3	0.432779	0.144417	0.237687	0.188579	-5096.11	4.0	4.90588e-05	-23879.3	7.0	5.62784e-05	1.0	1202.0	39.8709	1191.31	39.7178	0.497766	0.012548	1060.86	28.6294	
0.0-2.4	6.5-30.0	0.0-100.0	0.000-1.571	0.004	0.224	71364.0	71340.0	60789.6	268.785	10551.3	148.347	-1.11521	0.0414979	-0.05	0.0	0.461042	0.0206821	3.09235	0.000159982	0.0467941	0.00059454	0.0254218	0.000457976	0.03	0.0	1.696	0.0	5.0	0.0	1.718	0.0	0.036849	0.000290588	1.01537e-05	0.0045946	0.369397	0.00356029	0.0430983	0.00586475	-0.000930869	0.00240021	0.000368474	0.000163812	2.16125	0.0881268	0.960604	0.00421481	0.999996	0.00908285	0.854524	0.0114495	0.287015	0.00984718	0.145153	0.000380598	0.428289	0.00769848	0.140982	3.56869e-09	-150662.0	4.0	6.80806e-05	-816653.0	7.0	4.92252e-05	1.0	44811.0	243.248	15978.6	157.809	0.26285	0.0023213	1041.3	6.84471	
0.0-2.4	6.5-7.5	0.0-100.0	0.000-1.571	0.008	0.168	21484.0	21470.0	18573.3	148.769	2896.79	80.2861	-0.734417	0.0786433	-0.05	0.0	0.453093	0.0372902	3.09113	0.000312741	0.0492106	0.00117345	0.0281173	0.00078759	0.03	0.0	1.696	0.0	5.0	0.0	1.718	0.0	0.0391104	0.000535745	2.82935e-05	5.56844e-05	0.39278	0.00808413	0.0564692	0.0173463	0.0089199	0.0166626	0.000472042	0.000349893	1.98278	0.173627	0.971405	0.00749131	1.0	0.0119354	0.794002	0.0462132	0.405682	0.0328522	0.140928	0.792914	0.417058	0.0170738	0.141037	0.0258574	-46409.4	4.0	7.78911e-05	-219701.0	7.0	9.33094e-06	1.0	14978.9	140.11	3594.43	77.8772	0.193526	0.0038959	1054.68	15.699	
0.0-2.4	6.5-8.0	0.0-100.0	0.000-1.571	0.008	0.168	30070.0	30051.0	25883.2	175.121	4167.56	94.6094	-0.851712	0.0655351	-0.05	0.0	0.502352	0.0321948	3.09131	0.00026036	0.047914	0.000845664	0.0264648	0.000780638	0.03	0.0	1.696	0.0	5.0	0.0	1.718	0.0	0.0387533	0.000443117	1.01726e-05	0.00459459	0.386567	0.00669081	0.0575665	0.0136708	0.00223244	0.00490816	0.000642718	0.000288005	2.00934	0.138671	0.95294	0.00626627	0.953972	0.0727816	0.732268	0.0166774	0.251801	0.0167191	0.140919	0.850927	0.44238	0.00427801	0.140892	1.43582e-09	-65105.8	4.0	3.07127e-06	-317766.0	7.0	1.72394e-05	1.0	20717.1	164.535	5166.19	92.9876	0.199596	0.00332911	1043.19	13.0955	
0.0-2.4	7.5-8.5	0.0-100.0	0.000-1.571	0.008	0.136	15780.0	15758.0	13454.8	125.412	2303.74	67.6553	-1.21028	0.0887915	-0.05	0.0	0.541471	0.0418323	3.0918	0.000341736	0.0454494	0.00100546	0.0241411	0.00107847	0.03	0.0	1.696	0.0	5.0	0.0	1.718	0.0	0.0372252	0.000556526	3.14286e-05	0.000250139	0.358837	0.0081332	0.0553572	0.0153282	-0.00751851	0.00509998	0.00174706	0.000369645	2.03235	0.165504	0.943951	0.00878568	1.0	0.0190051	0.708945	0.0469583	0.270802	0.0354953	0.141096	2.23556e-05	0.449544	0.0202606	0.14096	0.0219577	-34432.0	4.0	0.000107191	-156715.0	7.0	7.39555e-05	1.0	10434.3	116.316	3020.49	69.7343	0.224492	0.00474169	1034.59	15.4686	
0.0-2.4	8.0-10.0	0.0-100.0	0.000-1.571	0.008	0.136	21739.0	21726.0	18592.3	148.52	3134.07	81.2301	-1.33442	0.0775607	-0.05	0.0	0.40631	0.03944	3.09267	0.000281628	0.0456541	0.00115907	0.0263523	0.000750157	0.03	0.0	1.696	0.0	5.0	0.0	1.718	0.0	0.0354846	0.000517954	2.68589e-05	0.000536565	0.347918	0.00628557	0.0458891	0.0102194	-0.0026995	0.0043131	0.000486651	0.000293995	2.19478	0.149274	0.940349	0.00743031	0.993562	0.0404136	0.845364	0.0984355	0.230585	0.0518576	0.141419	6.13834e-09	0.449409	0.0273019	0.15293	0.0445047	-47504.5	4.0	4.6895e-06	-223444.0	7.0	0.000164284	1.0	13938.0	135.688	4654.3	86.0044	0.250335	0.00417123	1031.86	12.5828	
0.0-2.4	8.5-9.5	0.0-100.0	0.000-1.571	0.008	0.136	10672.0	10668.0	9151.01	103.805	1516.95	56.0159	-1.25655	0.110296	-0.05	0.0	0.386204	0.053676	3.09327	0.000392422	0.0446719	0.00175619	0.0261979	0.000885593	0.03	0.0	1.696	0.0	5.0	0.0	1.718	0.0	0.0345249	0.000702869	1.33225e-05	0.00459315	0.361616	0.00918859	0.0500628	0.0142661	0.00161968	0.00572458	0.000579222	0.000412466	2.25294	0.202615	0.935336	0.0103743	0.999984	0.0282065	0.900988	0.0244732	0.238047	0.025522	0.141886	0.793646	0.44986	0.0194733	0.148411	0.0314497	-23664.4	4.0	8.66944e-05	-102360.0	7.0	7.61439e-06	1.0	6857.39	94.7754	2293.62	60.0702	0.250641	0.00591665	1041.71	18.6213	
0.0-2.4	9.5-11.0	0.0-100.0	0.000-1.571	0.008	0.128	9649.0	9640.0	8167.49	97.3987	1472.48	52.7985	-1.30627	0.111039	-0.05	0.0	0.542031	0.0490897	3.09274	0.000415635	0.0431015	0.00121262	0.0228475	0.00119494	0.03	0.0	1.696	0.0	5.0	0.0	1.718	0.0	0.0352989	0.000638792	2.86811e-05	0.000348843	0.364111	0.00909036	0.0230452	0.0104935	-0.00132346	0.00761159	-0.000776704	0.00040823	2.46487	0.337054	0.954557	0.0113412	0.932488	0.000753553	1.0	2.30256	0.204379	0.00116133	0.141083	3.12018e-10	0.423374	0.00105764	0.201289	59.7335	-20687.5	4.0	5.51182e-05	-91330.3	7.0	2.04593e-06	1.0	5844.43	86.7934	2323.05	58.6773	0.284427	0.00633316	1014.98	17.1545	
0.4-0.8	6.5-30.0	0.0-100.0	0.000-1.571	0.008	0.073	10107.0	10069.0	8642.98	98.2223	1425.99	49.3018	-1.1949	0.111296	-0.05	0.0	0.389218	0.0731723	3.09418	0.000306715	0.0196069	0.000935018	0.0271102	0.00122008	0.03	0.0	1.696	0.0	5.0	0.0	1.718	0.0	0.0244648	0.000510336	2.82435e-05	0.000449249	0.35731	0.00826782	0.076506	0.0434519	-0.00258405	0.00354869	-0.000546598	0.000426728	1.67312	0.203336	0.975223	0.0121593	0.967251	27.0825	0.931757	29.1715	0.217089	0.0708813	0.141532	10.0575	0.446444	1.34425	0.141215	5.50553e-07	-23989.1	4.0	6.19967e-07	-98482.4	7.0	3.49704e-06	1.0	6047.65	87.2771	2595.33	61.3489	0.300282	0.00622399	1045.21	23.4832	
0.8-1.2	6.5-30.0	0.0-100.0	0.000-1.571	0.008	0.145	13129.0	13125.0	11189.2	113.663	1935.85	60.5431	-1.09771	0.0961682	-0.05	0.0	0.544289	0.0568064	3.0934	0.000350625	0.035159	0.000931709	0.0287287	0.00122134	0.03	0.0	1.696	0.0	5.0	0.0	1.718	0.0	0.0323874	0.000411283	1.00235e-05	0.00459466	0.381032	0.00846348	0.021701	0.00683238	-0.000835981	0.00729644	0.0011022	0.000359637	2.63751	0.286474	1.00701	0.00983261	0.976455	0.0102313	0.999931	0.228552	0.360448	0.0223199	0.231107	0.0773467	0.431358	0.0175503	0.141296	2.73501	-29540.8	4.0	1.76546e-05	-129170.0	7.0	4.39705e-06	1.0	8293.57	102.638	2895.58	65.589	0.258785	0.00523932	1069.12	13.0177	
1.2-1.6	6.5-30.0	0.0-100.0	0.000-1.571	0.004	0.152	16005.0	15996.0	13854.4	129.061	2141.36	70.316	-0.895865	0.0959064	-0.05	0.0	0.535523	0.0590279	3.08936	0.000382563	0.0339034	0.000916037	0.0475744	0.00201337	0.03	0.0	1.696	0.0	5.0	0.0	1.718	0.0	0.0408266	0.000707435	1.10187e-05	0.00459421	0.38377	0.00761896	0.0606589	0.0149845	-0.000791808	0.00423917	0.00108541	0.000348958	1.99894	0.146766	0.956711	0.00891544	0.999922	0.15629	0.808322	0.0858081	0.323891	0.0631144	0.14144	2.42172e-07	0.47989	0.0475327	0.140945	2.5511e-09	-33053.2	4.0	3.50985e-07	-158595.0	7.0	1.57732e-05	1.0	10147.0	115.925	3707.37	75.4738	0.267595	0.00484384	1049.84	14.3951	
1.6-2.0	6.5-30.0	0.0-100.0	0.000-1.571	0.004	0.145	16067.0	16054.0	13687.3	131.276	2366.58	76.8901	-1.32574	0.0964243	-0.05	0.0	0.756537	0.0579352	3.08942	0.000436635	0.0418915	0.000859784	0.0636815	0.00466603	0.03	0.0	1.696	0.0	5.0	0.0	1.718	0.0	0.0481141	0.00106062	1.76494e-05	0.00459116	0.354054	0.00762368	0.0501204	0.0105066	0.00447381	0.00580861	0.000565137	0.000364464	2.34179	0.172123	0.92748	0.00851499	0.998584	142882.0	0.83581	5912.72	0.329867	1371.4	0.140888	205514.0	0.420704	148.022	0.140943	849.599	-31482.6	4.0	9.362e-06	-157348.0	7.0	1.04453e-05	1.0	10350.5	120.112	3336.86	74.8086	0.243791	0.00494012	1044.97	15.5372	
1.6-2.4	3.0-30.0	0.0-100.0	0.000-1.571	0.004	0.24	88459.0	88332.0	73795.9	318.362	14535.8	205.158	-0.561087	0.0363701	-0.05	0.0	0.312714	0.0382671	3.08921	0.000206084	0.0655823	0.00182594	0.0427468	0.000666133	0.03	0.0	2.059	0.0	5.0	0.0	1.41	0.0	0.0509987	0.00062205	1.03367e-05	0.00459452	0.373708	0.40161	0.048199	0.00677046	0.00323956	0.0047584	0.00049033	0.00840459	2.28286	0.107063	0.877053	0.489806	0.817944	0.0	0.9999	0.0	0.604322	0.0	0.0846182	0.0	0.4172	0.0	0.483258	0.0	-1e+30	4.0	0.0	-1007230.0	7.0	0.000157544	1.0	68408.3	26890.5	5387.62	26888.9	0.073007	0.364368	991.631	206.39	
1.6-2.4	3.0-4.5	0.0-100.0	0.000-1.571	0.024	0.24	32558.0	32481.0	26874.6	205.06	5607.13	144.125	0.0479443	0.0594751	-0.05	0.0	0.254588	0.0517688	3.08934	0.000358007	0.0765404	0.00489482	0.0437148	0.00112085	0.03	0.0	2.04	0.0	5.0	0.0	1.31	0.0	0.0539996	0.0013377	2.69452e-05	0.00010696	0.495312	0.011379	0.0920982	0.0334626	-0.00295184	0.0134997	0.000170153	0.000455141	1.7428	0.171363	0.912517	0.00578966	0.969863	0.0162955	0.556953	0.0351029	0.411679	0.0181036	0.973046	1.01088	0.604908	0.0236003	0.140894	1.97442e-07	-51953.2	4.0	1.83882e-05	-336062.0	7.0	0.000108823	1.0	23545.9	196.908	3328.73	84.4965	0.123861	0.0029987	1017.71	22.7285	
1.6-2.4	3.0-5.5	0.0-100.0	0.000-1.571	0.024	0.24	51177.0	51065.0	42260.0	247.404	8805.24	166.55	-0.214145	0.0475271	-0.05	0.0	0.294299	0.0463559	3.08881	0.000278723	0.0684677	0.00272209	0.04297	0.000866122	0.03	0.0	2.04	0.0	5.0	0.0	1.31	0.0	0.0517942	0.000865362	1.07449e-05	0.00459433	0.466938	0.00836639	0.0947176	0.0252455	-0.00210053	0.00695986	-0.000160682	0.000341506	1.7053	0.119034	0.909289	0.00465701	1.0	1.32082	0.620557	0.0504544	0.369175	0.0145068	0.141064	10131.0	0.549062	0.0175447	0.140972	9.39821e-09	-84234.3	4.0	2.81188e-05	-552608.0	7.0	4.90101e-05	1.0	36739.8	238.538	5520.19	108.087	0.130624	0.00244066	1011.9	16.1973	
1.6-2.4	3.0-6.5	0.0-100.0	0.000-1.571	0.016	0.24	65426.0	65305.0	54429.5	278.811	10876.0	184.884	-0.329819	0.0428893	-0.05	0.0	0.317111	0.0420392	3.08911	0.000244778	0.067212	0.00215406	0.0427237	0.000789558	0.03	0.0	2.04	0.0	5.0	0.0	1.31	0.0	0.0517592	0.000738264	1.26007e-05	0.00459348	0.459773	0.00711844	0.0545752	0.0111807	0.00463949	0.00732318	2.43697e-06	0.000276698	2.11806	0.135123	0.932064	0.00399368	1.0	0.00416383	0.647131	0.0169547	0.385044	0.0108944	0.144291	1.91687e-05	0.543923	0.0126488	0.140917	4.04861e-09	-110949.0	4.0	0.000107342	-723689.0	7.0	4.1352e-05	1.0	47094.2	268.547	7335.26	123.832	0.134766	0.00216783	1032.55	12.4902	
1.6-2.4	4.5-5.5	0.0-100.0	0.000-1.571	0.024	0.192	18618.0	18577.0	15462.2	143.841	3114.74	91.3339	-0.712101	0.0797652	-0.05	0.0	0.382114	0.083486	3.08787	0.000445044	0.0587705	0.00241489	0.042114	0.00133448	0.03	0.0	2.04	0.0	5.0	0.0	1.31	0.0	0.0491496	0.000968687	2.75213e-05	0.000465277	0.426291	0.0120427	0.103514	0.0420907	-0.000476917	0.00793976	-0.000510925	0.000519536	1.6297	0.164957	0.905174	0.00785104	0.999708	0.00294662	0.732205	0.0455553	0.300786	0.0297292	0.140934	2.53321e-10	0.489195	0.0258381	0.140997	7.51312e-10	-32463.2	4.0	2.08654e-05	-183073.0	7.0	2.46843e-05	1.0	13253.3	138.885	2208.85	67.1567	0.142855	0.00413498	1004.71	23.9128	
1.6-2.4	5.5-6.5	0.0-100.0	0.000-1.571	0.024	0.16	14249.0	14227.0	12177.1	129.048	2049.79	80.7835	-0.846971	0.0998182	-0.05	0.0	0.399253	0.0926824	3.09021	0.000511034	0.0640208	0.00330356	0.041778	0.00184634	0.03	0.0	2.04	0.0	5.0	0.0	1.31	0.0	0.0518165	0.00140399	1.00139e-05	0.00459467	0.431115	0.0127626	0.163974	0.0525224	0.00159916	0.00563014	0.000716281	0.000533471	1.56105	0.126401	0.879796	0.00939473	0.850356	0.0358727	0.998853	1.46063	0.439991	0.0211526	0.140923	1.78645e-09	0.490289	0.0243583	0.140979	1.2535e-06	-26740.9	4.0	8.46755e-05	-136736.0	7.0	8.30794e-05	1.0	10289.6	122.568	1887.46	59.4321	0.155001	0.00459593	1023.09	26.7749	
1.6-2.4	6.5-30.0	0.0-100.0	0.000-1.571	0.008	0.188	23032.0	23024.0	19473.5	157.607	3550.53	94.4265	-1.21165	0.0762166	-0.05	0.0	0.618829	0.0533415	3.08993	0.000392244	0.0526821	0.000965632	0.0394625	0.00165544	0.03	0.0	1.696	0.0	5.0	0.0	1.718	0.0	0.0480738	0.000537078	1.30059e-05	0.00459329	0.360059	0.00667665	0.0446101	0.00857781	0.00265167	0.00592245	1.05053e-05	0.000314967	2.45063	0.167161	0.923847	0.00719148	0.999999	2161.62	0.847519	29.831	0.3052	2.18121	0.140907	190711.0	0.409165	3.14857	0.140925	2.47986e-07	-43551.6	4.0	8.80311e-06	-232933.0	7.0	4.75624e-06	1.0	14826.4	144.898	4647.06	89.5037	0.238635	0.00417069	1040.83	14.1083	
2.0-2.4	6.5-30.0	0.0-100.0	0.000-1.571	0.008	0.144	6965.0	6953.0	5874.92	90.0373	1078.09	57.4681	-1.07935	0.139427	-0.05	0.0	0.488391	0.105752	3.08948	0.000811371	0.0612102	0.00306031	0.0453955	0.00199941	0.03	0.0	1.696	0.0	5.0	0.0	1.718	0.0	0.0537042	0.0012654	1.21911e-05	0.00459367	0.375168	0.0133193	0.0274908	0.012152	-0.01	0.0156797	-0.00162639	0.000633264	3.13309	0.601028	0.924118	0.0135629	0.999999	0.0969503	0.892932	0.069478	0.263243	0.078695	0.146445	4.30158e-06	0.38699	0.0394405	0.140959	1.26469e-10	-12136.6	4.0	2.99064e-05	-61370.1	7.0	2.0561e-05	1.0	4517.79	83.1491	1357.13	50.5217	0.231005	0.00783699	1048.99	36.2809	
