v2W_2dphibins
rap	pT	cent	dPhi	ctauErrMin	ctauErrMax	NoCutEntry	CutEntry	NSig	NSigErr	NBkg	NBkgErr	coefExp	coefExpErr	coefPol1	coefPol1Err	coeffGaus	coeffGausErr	meanSig1	meanSig1Err	sigmaSig1	sigmaSig1Err	sigmaSig2	sigmaSig2Err	sigmaSig3	sigmaSig3Err	alpha	alphaErr	enne	enneErr	sigWidth	sigWidthErr	Gmc	GmcErr	bTau	bTauErr	fracRes	fracResErr	meanResSigW	meanResSigWErr	meanResSigN	meanResSigNErr	sigmaResSigW	sigmaResSigWErr	sigmaResSigN	sigmaResSigNErr	fpm	fpmErr	fLiving	fLivingErr	fbkgCtTot	fbkgCtTotErr	lambdam	lambdamErr	lambdap	lambdapErr	lambdasym	lambdasymErr	NLL	nFitPar	EDM	NLLMass	nFitParMass	EDMMass	Prob	PROMPT	PROMPTErr	NON-PROMPT	NON-PROMPTErr	Bfraction	BfractionErr	Resolution	ResolutionErr	
0.0-1.2	6.5-30.0	0.0-100.0	0.000-0.785	0.008	0.105	10628.0	10626.0	6735.45	185.051	3891.28	142.49	0.0870456	0.129888	-0.05	0.0	0.523027	0.0	3.09236	0.0	0.0194545	0.0	0.0360854	0.0	0.03	0.0	1.492	0.04	1.733	0.07	0.028619	0.0	1.00442e-05	1.25703	0.419395	0.0674638	0.194495	0.070285	0.000949384	0.00222314	0.000526209	0.000862437	1.70418	0.119766	0.911191	0.0260627	0.624537	0.248195	0.88603	0.603652	0.448018	0.189107	0.0498072	0.0513789	0.189897	0.0547913	0.152964	0.365256	-32399.6	4.0	17259.4	-415082.0	3.0	294.055	1.0	4472.49	194.234	2262.96	162.768	0.335978	0.0223334	1.1107	0.0383409	
0.0-1.2	6.5-30.0	0.0-100.0	0.000-1.571	0.008	0.105	20204.0	20200.0	12646.8	352.316	7553.94	309.705	0.0208013	0.16694	-0.05	0.0	0.523027	0.424735	3.09236	0.000802309	0.0194545	0.00447991	0.0360854	0.0152797	0.03	0.0	1.492	0.04	1.733	0.07	0.028619	0.00466319	1.87255e-05	2.6751e-05	0.40665	0.0551927	0.236177	0.079527	5.83622e-05	0.00144617	0.000978378	0.000661788	1.60413	0.0920545	0.894826	0.0190374	0.607088	0.207873	0.933634	0.0857356	0.465937	0.175289	0.0588011	0.0360479	0.224948	0.0380606	1.23013	5.83627	-10984.6	4.0	55023.6	-922403.0	7.0	1232330.0	1.0	8462.74	325.432	4184.03	252.806	0.330838	0.0177383	1.10424	0.0360917	
0.0-1.2	6.5-30.0	0.0-100.0	0.785-1.571	0.008	0.088	9576.0	9573.0	5911.09	179.578	3662.5	157.757	-0.0498643	0.17161	-0.05	0.0	0.523027	0.0	3.09236	0.0	0.0194545	0.0	0.0360854	0.0	0.03	0.0	1.492	0.04	1.733	0.07	0.028619	0.0	3.13604e-05	5.12785e-05	0.380768	0.0788347	0.522205	0.206479	-0.000610946	0.00118099	0.00138524	0.00122022	1.38282	0.0870747	0.764575	0.0295264	0.615756	0.219142	0.898289	0.127237	0.479984	0.189451	0.061047	0.0498758	0.276366	0.145906	1.97482	19.6642	19100.5	4.0	46541.2	-441099.0	3.0	1459.93	1.0	3997.87	198.128	1913.22	166.978	0.323666	0.0264817	1.13042	0.0668695	
0.0-1.2	6.5-30.0	10.0-60.0	0.000-0.785	0.008	0.105	6529.0	6527.0	4429.99	149.325	2097.66	102.326	0.133034	0.170618	-0.05	0.0	0.523027	0.0	3.09236	0.0	0.0194545	0.0	0.0362092	0.0	0.03	0.0	1.492	0.04	1.733	0.07	0.0286935	0.0	1.00442e-05	1.25703	0.423757	0.0853975	0.236177	0.0	5.83622e-05	0.0	-0.000164917	0.00102139	1.60413	0.0	0.859845	0.0326481	0.558411	0.24414	0.93242	1.27116	0.318758	0.574486	0.0468374	0.0158052	0.182886	0.053012	0.0343933	0.0635233	-22648.4	4.0	11909.9	-244591.0	3.0	542.675	1.0	2984.92	156.253	1445.07	129.09	0.326201	0.0269859	1.0828	0.00990131	
0.0-1.2	6.5-30.0	10.0-60.0	0.000-1.571	0.008	0.105	12309.0	12305.0	8298.15	219.919	4007.25	158.101	0.0646126	0.175115	-0.05	0.0	0.523027	0.0	3.09236	0.0	0.0194545	0.0	0.0362092	0.000609771	0.03	0.0	1.492	0.04	1.733	0.07	0.0286935	0.000183513	1.87255e-05	2.6751e-05	0.437449	0.0812913	0.236177	0.0	5.83622e-05	0.0	0.00025526	0.000784303	1.60413	0.0	0.860527	0.0220049	0.567212	0.346779	0.920586	0.0538244	0.384906	0.359282	0.0499499	0.0323968	0.22826	0.045636	4.99962	375.645	8417.92	4.0	47285.1	-599702.0	4.0	1215020.0	1.0	5524.42	236.783	2773.73	200.086	0.334259	0.0224258	1.08322	0.00667624	
0.0-1.2	6.5-30.0	10.0-60.0	0.785-1.571	0.008	0.088	5780.0	5777.0	3867.75	156.748	1909.73	125.549	-0.011044	0.289339	-0.05	0.0	0.523027	0.0	3.09236	0.0	0.0194545	0.0	0.0362092	0.0	0.03	0.0	1.492	0.04	1.733	0.07	0.0286935	0.0	3.13604e-05	5.12785e-05	0.436397	0.131794	0.236177	0.0	5.83622e-05	0.0	0.000605109	0.00120236	1.60413	0.0	0.853989	0.0280057	0.581643	0.549187	0.840201	0.139115	0.400023	0.50727	0.0524507	0.0593871	0.286714	0.22455	4.99924	257.172	27119.9	4.0	39581.7	-309546.0	3.0	1949.23	1.0	2539.0	168.741	1328.75	144.172	0.343547	0.0345776	1.07926	0.00846325	
0.0-2.4	10.0-13.0	0.0-100.0	0.000-0.785	0.016	0.08	3339.0	3320.0	2448.28	102.733	871.774	58.3	-0.366499	0.194179	-0.05	0.0	0.487138	0.0	3.0919	0.0	0.0421767	0.0	0.0218233	0.0	0.03	0.0	1.492	0.04	1.733	0.07	0.0333288	0.0	3.02157e-05	6.9538e-05	0.439147	0.133403	0.360542	0.115925	0.000610651	0.00204286	4.23407e-05	0.00122464	1.53841	0.104461	0.749101	0.0337503	0.861982	0.163075	0.661438	1.33473	0.198196	1.34444	0.0948895	0.0711716	0.192177	0.0379238	0.0200007	0.0801781	-5316.0	4.0	9383.97	-98971.9	3.0	986.109	1.0	1618.66	112.011	829.619	95.63	0.338858	0.0363801	1.10097	0.0548201	
0.0-2.4	10.0-13.0	0.0-100.0	0.000-1.571	0.016	0.136	6530.0	6528.0	4751.25	396.418	1777.54	300.792	-0.714611	0.355574	-0.05	0.0	0.487138	0.540152	3.0919	0.00286094	0.0421767	0.00910277	0.0218233	0.0113378	0.03	0.0	1.492	0.04	1.733	0.07	0.0333288	0.00339061	1.21637e-05	1.85867	0.439916	0.104286	0.29409	0.0868019	0.000269981	0.00176527	0.000315196	0.000938008	1.60696	0.0922694	0.795751	0.0261931	0.870388	0.30056	0.528703	0.232559	1.76543e-06	8.23525	0.0838875	0.0911029	0.284116	0.060298	0.0264163	0.0171578	-5499.3	4.0	19687.1	-214137.0	7.0	15355.8	1.0	3190.47	296.91	1560.78	185.077	0.328499	0.0276795	1.09837	0.0438378	
0.0-2.4	10.0-13.0	0.0-100.0	0.785-1.571	0.016	0.105	3190.0	3181.0	2302.27	102.959	879.156	63.0665	-1.11074	0.225378	-0.05	0.0	0.487138	0.0	3.0919	0.0	0.0421767	0.0	0.0218233	0.0	0.03	0.0	1.492	0.04	1.733	0.07	0.0333288	0.0	1.19247e-05	0.233278	0.444363	0.165176	0.22757	0.115493	0.000206976	0.00309767	0.000892934	0.00153576	1.698	0.163817	0.867369	0.0433876	0.819542	5.81323	0.602521	11.0581	0.0019628	290.151	0.0608395	0.739162	0.339543	1.6671	0.031114	3.05153	-1121.77	4.0	10305.9	-98131.5	3.0	666.615	1.0	1568.56	120.308	733.714	103.102	0.318691	0.0424544	1.11232	0.0635602	
0.0-2.4	10.0-13.0	10.0-60.0	0.000-0.785	0.016	0.088	2160.0	2154.0	1629.9	89.0536	524.278	47.8895	-0.413608	0.255361	-0.05	0.0	0.487138	0.0	3.0919	0.0	0.0421767	0.0	0.0220197	0.0	0.03	0.0	1.492	0.04	1.733	0.07	0.033395	0.0	1.93806e-05	0.000168544	0.460004	0.191047	0.29409	0.0	0.000269981	0.0	0.00101378	0.0014121	1.60696	0.0	0.752864	0.0387983	0.723793	0.227974	0.903907	0.359694	0.258983	0.190071	0.0421285	0.0506042	0.191783	0.0434106	0.13916	0.225349	-2591.47	4.0	7964.48	-69726.7	3.0	865.76	1.0	1069.29	96.2473	560.604	82.3919	0.343951	0.0469273	1.07682	0.00957423	
0.0-2.4	10.0-13.0	10.0-60.0	0.000-1.571	0.016	0.136	4216.0	4214.0	3158.28	130.216	1056.3	73.3211	-0.863094	0.196279	-0.05	0.0	0.487138	0.0	3.0919	0.0	0.0421767	0.0	0.0220197	0.00149321	0.03	0.0	1.492	0.04	1.733	0.07	0.033395	0.000252477	1.21637e-05	1.85867	0.498797	0.170433	0.29409	0.0	0.000269981	0.0	0.000932724	0.00119052	1.60696	0.0	0.811335	0.0320547	0.924518	0.40408	0.548108	0.367631	0.0873919	0.34772	0.109434	0.264243	0.307264	0.101089	0.036413	0.0458898	-1961.8	4.0	16970.2	-158030.0	4.0	6709.35	1.0	2089.88	142.901	1068.4	122.215	0.338285	0.0360957	1.1064	0.00829662	
0.0-2.4	10.0-13.0	10.0-60.0	0.785-1.571	0.016	0.105	2055.0	2046.0	1525.27	93.2883	520.807	53.1617	-1.29607	0.318659	-0.05	0.0	0.487138	0.0	3.0919	0.0	0.0421767	0.0	0.0220197	0.0	0.03	0.0	1.492	0.04	1.733	0.07	0.033395	0.0	1.19247e-05	0.233278	0.550184	0.313052	0.29409	0.0	0.000269981	0.0	0.00174963	0.00210885	1.60696	0.0	0.892385	0.0550386	0.965564	0.39893	0.498758	0.697721	6.69978e-07	443.06	0.123875	0.678802	0.398872	0.213623	0.0306596	0.0808563	-159.445	4.0	8885.34	-75574.3	3.0	774.175	1.0	1016.91	104.395	508.362	89.424	0.333293	0.0549703	1.1496	0.0150797	
0.0-2.4	10.0-30.0	0.0-100.0	0.000-0.785	0.008	0.08	5259.0	5234.0	3858.28	122.947	1375.97	71.8323	-0.400782	0.159406	-0.05	0.0	0.481697	0.0	3.09296	0.0	0.0435219	0.0	0.0214885	0.0	0.03	0.0	1.492	0.04	1.733	0.07	0.0339373	0.0	1.01556e-05	0.00548038	0.430003	0.0891719	0.251688	0.0881694	0.0018196	0.00181775	-0.000298605	0.000850177	1.60208	0.110527	0.835406	0.0262908	0.828612	0.0368532	1.0	226.303	0.442677	0.0818125	0.0681967	0.0117875	0.205498	0.0140949	0.0205977	633.801	-8026.25	4.0	12065.2	-149938.0	3.0	912.025	1.0	2472.15	130.204	1386.14	112.687	0.359263	0.0268694	1.08085	0.0439913	
0.0-2.4	10.0-30.0	0.0-100.0	0.000-1.571	0.008	0.136	10143.0	10141.0	7437.93	350.426	2703.63	267.105	-0.74222	0.211843	-0.05	0.0	0.481697	0.289066	3.09296	0.00157721	0.0435219	0.00621581	0.0214885	0.00607688	0.03	0.0	1.492	0.04	1.733	0.07	0.0339372	0.00216339	1.52572e-05	0.000100154	0.396317	0.0599919	0.236663	0.0682407	0.00122367	0.00140879	0.000212548	0.000673835	1.62012	0.0865195	0.860613	0.0206756	0.910731	0.471313	0.727071	0.814422	0.283373	0.482015	0.0788697	0.13764	0.301264	0.0725971	0.0381313	0.0733928	-10006.0	4.0	24201.1	-306560.0	7.0	278580.0	1.0	4826.48	271.29	2611.45	192.429	0.3511	0.0198923	1.08929	0.0337861	
0.0-2.4	10.0-30.0	0.0-100.0	0.785-1.571	0.008	0.105	4883.0	4874.0	3577.94	116.449	1296.21	72.8805	-1.14273	0.185666	-0.05	0.0	0.481697	0.0	3.09296	0.0	0.0435219	0.0	0.0214885	0.0	0.03	0.0	1.492	0.04	1.733	0.07	0.0339373	0.0	1.31322e-05	1.85551	0.36438	0.0799401	0.229909	0.106529	0.000606418	0.00212993	0.000732516	0.00109552	1.63265	0.134221	0.882722	0.0331259	0.956569	1.45573	0.590876	2.11815	0.104084	3.70287	0.0813259	0.605275	0.372144	0.194454	0.0385222	0.302585	-2906.89	4.0	12414.2	-133355.0	3.0	402.829	1.0	2341.13	130.501	1236.81	113.337	0.345676	0.0296113	1.10131	0.0520439	
0.0-2.4	10.0-30.0	10.0-60.0	0.000-0.785	0.008	0.105	3384.0	3383.0	2556.35	105.982	827.298	57.9366	-0.464616	0.20536	-0.05	0.0	0.481697	0.0	3.09296	0.0	0.0435219	0.0	0.0213517	0.0	0.03	0.0	1.492	0.04	1.733	0.07	0.0338925	0.0	1.3232e-05	1.83648	0.473896	0.143067	0.236663	0.0	0.00122367	0.0	0.000432143	0.00102811	1.62012	0.0	0.821261	0.0313991	0.741336	3.32594	0.999994	69.822	0.373528	0.118262	0.0589052	1.77045	0.212353	0.227043	0.0200312	543.484	-4854.83	4.0	10085.1	-104633.0	3.0	973.437	1.0	1659.75	112.768	896.607	96.7652	0.350736	0.0349485	1.06585	0.00923397	
0.0-2.4	10.0-30.0	10.0-60.0	0.000-1.571	0.008	0.136	6563.0	6562.0	4935.34	149.588	1627.3	85.8139	-0.809725	0.154784	-0.05	0.0	0.481697	0.0	3.09296	0.0	0.0435219	0.0	0.0213517	0.00112634	0.03	0.0	1.492	0.04	1.733	0.07	0.0338925	0.000183888	1.52572e-05	0.000100154	0.457293	0.101863	0.236663	0.0	0.00122367	0.0	0.000460199	0.000835086	1.62012	0.0	0.852927	0.0254341	0.910915	0.567655	0.589211	0.497671	0.126339	0.233117	0.0859115	0.237749	0.324305	0.0932349	0.0323862	0.0438599	-4891.59	4.0	20623.5	-220916.0	4.0	5317.05	1.0	3211.92	160.549	1723.42	137.939	0.3492	0.0258677	1.08467	0.00763338	
0.0-2.4	10.0-30.0	10.0-60.0	0.785-1.571	0.008	0.105	3179.0	3169.0	2376.3	103.836	793.478	61.1237	-1.17652	0.247693	-0.05	0.0	0.481697	0.0	3.09296	0.0	0.0435219	0.0	0.0213517	0.0	0.03	0.0	1.492	0.04	1.733	0.07	0.0338925	0.0	1.31322e-05	1.85551	0.441404	0.142434	0.236663	0.0	0.00122367	0.0	0.000918692	0.00137708	1.62012	0.0	0.896344	0.0410466	0.987261	0.109581	0.513552	0.227418	0.0299061	0.383375	0.153416	0.5164	0.430958	0.16063	0.0384488	0.0315671	-785.318	4.0	10619.2	-99407.3	3.0	553.49	1.0	1544.75	112.982	831.557	97.6168	0.349937	0.0381273	1.11107	0.0126385	
0.0-2.4	13.0-30.0	0.0-100.0	0.000-0.785	0.008	0.105	1920.0	1920.0	1418.11	67.5951	502.008	41.667	-0.487484	0.273048	-0.05	0.0	0.473241	0.0	3.09491	0.0	0.0463583	0.0	0.0207826	0.0	0.03	0.0	1.492	0.04	1.733	0.07	0.0352782	0.0	1.08676e-05	0.000605758	0.414778	0.103978	0.0663465	0.0578779	0.00847671	0.0160984	-4.11125e-06	0.00119285	1.92306	0.346232	0.942893	0.043435	0.718058	0.0483922	1.0	65.8687	0.379663	0.046832	0.0309157	0.0051804	0.246743	0.0289335	0.0202204	403.839	-2904.04	4.0	2748.07	-40700.9	3.0	69.1802	1.0	859.165	68.1329	558.943	60.62	0.394147	0.0383973	1.03703	0.0482681	
0.0-2.4	13.0-30.0	0.0-100.0	0.000-1.571	0.008	0.105	3612.0	3612.0	2692.66	107.648	920.089	82.842	-0.811038	0.213995	-0.05	0.0	0.473241	0.22421	3.09491	0.00128401	0.0463583	0.00786237	0.0207826	0.00428043	0.03	0.0	1.492	0.04	1.733	0.07	0.0352782	0.00253331	1.00009e-05	0.0022258	0.334357	0.0497321	0.132772	0.0920488	0.00351245	0.00313808	0.000100726	0.000913482	1.67468	0.204192	0.933001	0.0327847	0.910377	0.928683	0.851517	1.54034	0.34548	0.365607	0.042695	0.0343165	0.329477	0.131763	0.0402956	0.0326114	-5815.04	4.0	3775.67	-73245.5	7.0	246026.0	1.0	1637.2	94.7234	1055.47	80.43	0.391979	0.0254293	1.06173	0.0486868	
0.0-2.4	13.0-30.0	0.0-100.0	0.785-1.571	0.008	0.08	1692.0	1691.0	1273.52	54.4957	417.936	37.1029	-1.20647	0.327388	-0.05	0.0	0.473241	0.0	3.09491	0.0	0.0463583	0.0	0.0207826	0.0	0.03	0.0	1.492	0.04	1.733	0.07	0.0352782	0.0	2.24212e-05	7.94209e-05	0.260204	0.0383382	0.350798	0.293155	0.000923412	0.00227397	0.000570751	0.00155934	1.42892	0.189435	0.863839	0.0548242	1.0	578.13	0.751243	0.101226	0.237922	0.0564952	0.0582877	674.403	0.405539	0.0801954	0.0451117	0.010825	-3441.7	4.0	698.842	-26496.2	3.0	87.8697	1.0	766.828	51.6171	506.695	45.362	0.397869	0.0312869	1.09577	0.097893	
0.0-2.4	13.0-30.0	10.0-60.0	0.000-0.785	0.008	0.064	1224.0	1218.0	925.116	57.4243	292.862	32.0312	-0.533426	0.344679	-0.05	0.0	0.473241	0.0	3.09491	0.0	0.0463583	0.0	0.0200222	0.0	0.03	0.0	1.492	0.04	1.733	0.07	0.0350458	0.0	1.00636e-05	0.31297	0.503578	0.206886	0.132772	0.0	0.00351245	0.0	0.000815516	0.00153239	1.67468	0.0	0.93691	0.0563266	0.636751	0.0639522	1.0	32.9542	0.359539	0.0650995	0.0312611	0.00636543	0.250271	0.0424335	0.0200336	234.001	-2215.83	4.0	2259.88	-27325.3	3.0	152.339	1.0	592.252	59.167	332.864	50.7558	0.359808	0.0501126	1.06472	0.0214922	
0.0-2.4	13.0-30.0	10.0-60.0	0.000-1.571	0.008	0.08	2347.0	2342.0	1774.97	73.4667	567.757	44.4023	-0.725575	0.250287	-0.05	0.0	0.473241	0.0	3.09491	0.0	0.0463583	0.0	0.0200222	0.000766606	0.03	0.0	1.492	0.04	1.733	0.07	0.0350458	0.000115353	1.60278e-05	0.000108096	0.393825	0.0869322	0.132772	0.0	0.00351245	0.0	0.000297997	0.00110568	1.67468	0.0	0.92397	0.0410584	0.810395	1.11207	0.762952	0.955789	0.218067	0.565647	0.0311074	0.0640042	0.3515	0.127384	0.0323375	0.0317246	-3871.75	4.0	3118.47	-48821.4	4.0	1436.7	1.0	1119.52	73.6378	655.445	63.3352	0.369271	0.0322433	1.05486	0.0155943	
0.0-2.4	13.0-30.0	10.0-60.0	0.785-1.571	0.008	0.08	1123.0	1122.0	850.417	45.5669	271.889	30.2961	-0.962103	0.384539	-0.05	0.0	0.473241	0.0	3.09491	0.0	0.0463583	0.0	0.0200222	0.0	0.03	0.0	1.492	0.04	1.733	0.07	0.0350458	0.0	2.24212e-05	7.94209e-05	0.299944	0.0598174	0.132772	0.0	0.00351245	0.0	-0.000176439	0.00153575	1.67468	0.0	0.905899	0.0574287	0.840871	2.45316	0.646144	0.626448	6.68422e-05	141.579	0.00455355	0.0798021	0.46458	0.246113	0.0362515	0.0239138	-2140.4	4.0	587.362	-17279.1	3.0	62.2752	1.0	520.177	43.0783	330.24	37.3096	0.388328	0.038624	1.04118	0.0216663	
0.0-2.4	6.5-10.0	0.0-100.0	0.000-0.785	0.016	0.136	20334.0	20249.0	10258.0	213.0	9991.18	206.565	-0.161979	0.0702751	-0.05	0.0	0.384343	0.0	3.09233	0.0	0.0519867	0.0	0.0255425	0.0	0.03	0.0	1.492	0.04	1.733	0.07	0.0379526	0.0	1.81508e-05	3.1513	0.317763	0.0353144	0.151242	0.0435464	0.00596323	0.00359708	0.00239007	0.000771278	1.89537	0.122208	1.00833	0.0170851	0.702536	0.166816	1.0	0.00154853	0.649106	0.0758144	0.107416	0.0433725	0.218359	0.0354082	0.901123	331.545	-59790.5	4.0	9650.57	-632841.0	3.0	114.118	1.0	7604.92	237.492	2653.04	185.745	0.258632	0.0172927	1.18587	0.0285535	
0.0-2.4	6.5-10.0	0.0-100.0	0.000-1.571	0.016	0.16	37687.0	37652.0	19514.8	687.05	18137.9	685.482	-0.103827	0.0659251	-0.05	0.0	0.384343	0.213086	3.09233	0.000643529	0.0519867	0.013427	0.0255425	0.00301604	0.03	0.0	1.492	0.04	1.733	0.07	0.0379526	0.00358922	1.92169e-05	7.62105e-05	0.317803	0.0302414	0.173319	0.0442306	0.0039993	0.00245891	0.00335063	0.000576476	1.77938	0.0898247	0.965058	0.0132197	0.546093	0.348133	0.911618	0.148096	0.572269	0.250009	0.0584626	0.0521345	0.247612	0.0865933	0.509942	1.32467	-53421.4	4.0	51692.3	-1383420.0	7.0	367516.0	1.0	14498.3	578.338	5016.52	324.227	0.257062	0.0139331	1.14834	0.0250935	
0.0-2.4	6.5-10.0	0.0-100.0	0.785-1.571	0.016	0.16	17352.0	17348.0	9270.95	211.922	8077.8	210.135	-0.0401079	0.0920414	-0.05	0.0	0.384343	0.0	3.09233	0.0	0.0519867	0.0	0.0255425	0.0	0.03	0.0	1.492	0.04	1.733	0.07	0.0379526	0.0	5.59115e-05	0.000118596	0.305584	0.0400096	0.267316	0.119746	0.00146022	0.00267043	0.00302163	0.00087001	1.59237	0.120291	0.901072	0.0198492	0.524589	0.536729	0.930586	0.288742	0.578121	0.409483	0.0625877	0.0936401	0.323637	0.282893	0.575096	4.67121	778.739	4.0	132697.0	-649270.0	3.0	594.737	1.0	6894.3	250.282	2376.65	201.882	0.256355	0.0209724	1.12814	0.0513903	
0.0-2.4	6.5-10.0	10.0-60.0	0.000-0.785	0.016	0.128	11989.0	11944.0	6707.27	162.155	5237.02	143.507	-0.154559	0.0924975	-0.05	0.0	0.384343	0.0	3.09233	0.0	0.0519867	0.0	0.0253999	0.0	0.03	0.0	1.492	0.04	1.733	0.07	0.0378936	0.0	2.15978e-05	7.693e-05	0.272384	0.0296096	0.173319	0.0	0.0039993	0.0	0.00301093	0.000916671	1.77938	0.0	0.917521	0.0219187	0.398631	1.82038	0.699418	0.930216	0.318244	2.12655	0.0226005	0.0590145	0.266104	0.100086	0.0804724	0.0892978	-43165.9	4.0	3667.9	-328813.0	3.0	102.705	1.0	4993.1	175.935	1714.17	134.533	0.255569	0.0190824	1.11566	0.00745087	
0.0-2.4	6.5-10.0	10.0-60.0	0.000-1.571	0.016	0.16	21849.0	21846.0	12567.1	233.562	9279.71	208.543	-0.112619	0.0844212	-0.05	0.0	0.384343	0.0	3.09233	0.0	0.0519867	0.0	0.0253999	0.000570997	0.03	0.0	1.492	0.04	1.733	0.07	0.0378936	0.000117817	1.92169e-05	7.62105e-05	0.293255	0.0319689	0.173319	0.0	0.0039993	0.0	0.00255536	0.00070829	1.77938	0.0	0.914181	0.0158762	0.489197	0.610997	0.903295	0.14542	0.488585	0.60024	0.0444897	0.0551367	0.227382	0.0669637	0.63875	1.483	-24218.6	4.0	61760.7	-761282.0	4.0	806.652	1.0	9233.48	283.733	3333.65	234.296	0.265267	0.0179799	1.11339	0.00538812	
0.0-2.4	6.5-10.0	10.0-60.0	0.785-1.571	0.016	0.16	9859.0	9858.0	5874.51	168.83	3984.14	148.807	-0.0717343	0.151231	-0.05	0.0	0.384343	0.0	3.09233	0.0	0.0519867	0.0	0.0253999	0.0	0.03	0.0	1.492	0.04	1.733	0.07	0.0378936	0.0	5.59115e-05	0.000118596	0.312878	0.062348	0.173319	0.0	0.0039993	0.0	0.00210136	0.00107489	1.77938	0.0	0.888578	0.0224736	0.518771	0.1794	0.892472	0.197207	0.518461	0.216369	0.0552564	0.0356188	0.267124	0.160743	0.776724	3.44373	12578.6	4.0	94558.7	-372146.0	3.0	943.325	1.0	4241.5	214.475	1633.02	182.601	0.277984	0.0300393	1.09612	0.00753038	
0.0-2.4	6.5-30.0	0.0-10.0	0.000-0.785	0.008	0.145	9684.0	9650.0	4374.01	144.008	5277.23	153.47	-0.183248	0.0998749	-0.05	0.0	0.412981	0.0	3.09252	0.0	0.0491672	0.0	0.0247752	0.0	0.03	0.0	1.492	0.04	1.733	0.07	0.0368601	0.0	1.03983e-05	11.9181	0.35314	0.0613702	0.198683	0.0	0.00208616	0.0	0.0028015	0.00119074	1.70716	0.0	0.95782	0.0284943	0.784036	0.207031	0.540447	0.840978	0.425103	0.986768	0.153674	0.0989931	0.217562	0.0484242	0.0392921	0.0974201	-20464.0	4.0	5937.43	-286715.0	3.0	8.10138	1.0	3013.43	157.276	1360.58	129.997	0.31106	0.0279001	1.14638	0.00953869	
0.0-2.4	6.5-30.0	0.0-10.0	0.000-1.571	0.008	0.145	18323.0	18265.0	8534.36	201.768	9732.08	215.368	-0.127472	0.0717377	-0.05	0.0	0.412981	0.0	3.09252	0.0	0.0491672	0.0	0.0247752	0.00117148	0.03	0.0	1.492	0.04	1.733	0.07	0.0368601	0.00023111	1.27502e-05	0.000164255	0.316436	0.0376161	0.198683	0.0	0.00208616	0.0	0.00224662	0.000816797	1.70716	0.0	0.951565	0.0204649	0.853547	0.452164	0.419645	0.402524	0.469058	0.276116	0.158687	0.217515	0.304088	0.112307	0.0617677	0.0594937	-35205.3	4.0	9614.78	-572856.0	4.0	183.826	1.0	6114.84	215.931	2419.51	170.29	0.283503	0.0187941	1.1422	0.00683096	
0.0-2.4	6.5-30.0	0.0-10.0	0.785-1.571	0.016	0.136	8639.0	8594.0	4138.99	134.519	4455.82	144.612	-0.0632208	0.101821	-0.05	0.0	0.412981	0.0	3.09252	0.0	0.0491672	0.0	0.0247752	0.0	0.03	0.0	1.492	0.04	1.733	0.07	0.0368601	0.0	1.00316e-05	0.0457453	0.277617	0.0423933	0.198683	0.0	0.00208616	0.0	0.00182406	0.00112792	1.70716	0.0	0.935612	0.0297031	0.757536	3.32735	0.398368	1.78861	0.452526	0.366471	0.0544385	0.286271	0.405912	0.291008	0.0731307	0.0597951	-16508.2	4.0	3171.7	-242970.0	3.0	541.679	1.0	3078.32	143.189	1060.67	108.084	0.256262	0.0247498	1.13159	0.00983975	
0.0-2.4	6.5-30.0	0.0-100.0	0.000-0.785	0.008	0.136	25594.0	25509.0	14107.2	246.203	11402.2	218.481	-0.189298	0.0647001	-0.05	0.0	0.412981	0.0	3.09252	0.0	0.0491672	0.0	0.0243464	0.0	0.03	0.0	1.492	0.04	1.733	0.07	0.036692	0.0	2.80793e-05	4.28243e-05	0.354519	0.0365797	0.176717	0.0409801	0.00318394	0.00190838	0.00229889	0.000599619	1.77936	0.0869909	0.942949	0.0152157	0.638317	0.775608	0.737092	0.634363	0.507603	0.442188	0.0347596	0.0771685	0.228783	0.0756109	0.126244	0.152844	-62188.1	4.0	21875.0	-823162.0	3.0	454.877	1.0	10065.1	275.053	4042.09	223.102	0.286527	0.0150033	1.13646	0.0243553	
0.0-2.4	6.5-30.0	0.0-100.0	0.000-1.571	0.008	0.16	47830.0	47795.0	26910.6	575.403	20884.6	555.546	-0.185766	0.0566842	-0.05	0.0	0.412981	0.136027	3.09252	0.000517959	0.0491672	0.00663189	0.0243464	0.00210506	0.03	0.0	1.492	0.04	1.733	0.07	0.0366919	0.00188027	1.13588e-05	0.0219528	0.345549	0.0289398	0.198683	0.0376689	0.00208616	0.00129091	0.00251158	0.000452037	1.70716	0.0621912	0.935765	0.0114415	0.609321	0.239887	0.930716	0.11292	0.541625	0.166449	0.0590434	0.0430893	0.251677	0.0625076	0.550004	1.52953	-56201.5	4.0	69361.7	-1767870.0	7.0	9436.21	1.0	19270.2	517.638	7640.39	353.362	0.283918	0.0116434	1.13169	0.0197241	
0.0-2.4	6.5-30.0	0.0-100.0	0.785-1.571	0.008	0.16	22235.0	22232.0	12819.1	242.57	9412.99	221.628	-0.188875	0.0825356	-0.05	0.0	0.412981	0.0	3.09252	0.0	0.0491672	0.0	0.0243464	0.0	0.03	0.0	1.492	0.04	1.733	0.07	0.036692	0.0	1.29164e-05	3.46537e-05	0.327914	0.0404941	0.243413	0.0779761	0.000974145	0.00165604	0.00269889	0.000685761	1.61546	0.0890512	0.908113	0.0171453	0.580231	0.129639	0.948336	0.164998	0.524662	0.129438	0.0604874	0.0402529	0.323785	0.147937	0.619064	4.22555	556.098	4.0	61737.2	-821216.0	3.0	346.643	1.0	9214.46	282.943	3604.65	233.04	0.281194	0.017383	1.12213	0.0351093	
0.0-2.4	6.5-30.0	10.0-20.0	0.000-0.785	0.008	0.152	6203.0	6200.0	3333.02	129.735	2866.36	110.229	0.0231393	0.130841	-0.05	0.0	0.412981	0.0	3.09252	0.0	0.0491672	0.0	0.0235996	0.0	0.03	0.0	1.492	0.04	1.733	0.07	0.0364044	0.0	1.34124e-05	0.0691978	0.395751	0.110257	0.198683	0.0	0.00208616	0.0	0.00241127	0.0014109	1.70716	0.0	0.927299	0.0337744	0.467416	0.545158	0.881699	0.131126	0.306075	0.649137	0.0281866	0.0226954	0.154889	0.0255609	0.207908	0.0966749	-11204.3	4.0	10466.5	-192198.0	3.0	1027.49	1.0	2344.11	156.687	988.908	133.068	0.2967	0.0382175	1.12609	0.0111432	
0.0-2.4	6.5-30.0	10.0-20.0	0.000-1.571	0.008	0.16	11656.0	11654.0	6357.55	186.437	5295.9	161.775	-0.132727	0.105269	-0.05	0.0	0.412981	0.0	3.09252	0.0	0.0491672	0.0	0.0235996	0.00055715	0.03	0.0	1.492	0.04	1.733	0.07	0.0364044	0.00010601	1.13588e-05	0.0219528	0.39526	0.0795194	0.198683	0.0	0.00208616	0.0	0.0029937	0.00104712	1.70716	0.0	0.953707	0.0249087	0.476357	0.900576	0.854358	0.294726	0.419297	0.975737	0.0350017	0.0666564	0.201154	0.168386	0.419037	0.96756	-10805.7	4.0	21851.8	-409965.0	4.0	14024.9	1.0	4384.47	217.441	1973.08	184.654	0.310352	0.027582	1.14363	0.00832254	
0.0-2.4	6.5-30.0	10.0-20.0	0.785-1.571	0.008	0.152	5452.0	5450.0	3023.43	130.148	2426.66	115.14	-0.313479	0.167916	-0.05	0.0	0.412981	0.0	3.09252	0.0	0.0491672	0.0	0.0235996	0.0	0.03	0.0	1.492	0.04	1.733	0.07	0.0364044	0.0	3.46014e-05	5.67897e-05	0.393982	0.113449	0.198683	0.0	0.00208616	0.0	0.0030084	0.00154705	1.70716	0.0	0.990197	0.0383742	0.579372	0.519467	0.770534	0.485845	0.553502	0.410576	0.0513086	0.0874196	0.301523	0.335264	0.488705	1.40252	-695.587	4.0	11511.5	-186498.0	3.0	519.425	1.0	2041.58	148.404	981.851	126.833	0.324747	0.0395523	1.16821	0.0130321	
0.0-2.4	6.5-30.0	10.0-30.0	0.000-0.785	0.008	0.128	10544.0	10501.0	5962.37	165.25	4538.68	135.001	-0.0465924	0.0997557	-0.05	0.0	0.412981	0.0	3.09252	0.0	0.0491672	0.0	0.0236156	0.0	0.03	0.0	1.492	0.04	1.733	0.07	0.0364105	0.0	1.04379e-05	14.9929	0.379173	0.0662207	0.198683	0.0	0.00208616	0.0	0.0026276	0.000950633	1.70716	0.0	0.913726	0.0237236	0.503307	0.197513	0.890559	0.0976971	0.392732	0.203973	0.0331408	0.0138142	0.159383	0.0191538	0.167102	0.0808502	-26854.9	4.0	13035.2	-324012.0	3.0	1335.12	1.0	4214.21	188.921	1748.16	156.195	0.293198	0.0249045	1.11716	0.00777418	
0.0-2.4	6.5-30.0	10.0-30.0	0.000-1.571	0.008	0.16	19572.0	19570.0	11222.7	236.385	8347.95	201.658	-0.115565	0.0898109	-0.05	0.0	0.412981	0.0	3.09252	0.0	0.0491672	0.0	0.0236156	0.000560017	0.03	0.0	1.492	0.04	1.733	0.07	0.0364105	0.000106609	1.13588e-05	0.0219528	0.405894	0.067987	0.198683	0.0	0.00208616	0.0	0.00267604	0.000728964	1.70716	0.0	0.914163	0.017837	0.486869	1.11295	0.889699	0.235484	0.419613	1.17245	0.036973	0.0760193	0.188186	0.056338	0.473246	0.933419	2077.08	4.0	48040.2	-752418.0	4.0	1850.33	1.0	7877.31	288.797	3345.37	246.656	0.29809	0.0210624	1.11745	0.00584643	
0.0-2.4	6.5-30.0	10.0-30.0	0.785-1.571	0.008	0.152	9028.0	9025.0	5269.39	167.88	3756.04	146.855	-0.216113	0.154136	-0.05	0.0	0.412981	0.0	3.09252	0.0	0.0491672	0.0	0.0236156	0.0	0.03	0.0	1.492	0.04	1.733	0.07	0.0364105	0.0	3.46014e-05	5.67897e-05	0.431645	0.126814	0.198683	0.0	0.00208616	0.0	0.00210954	0.00110793	1.70716	0.0	0.925469	0.0269351	0.547614	0.225249	0.866418	0.197446	0.506112	0.241345	0.044157	0.0306567	0.270238	0.116954	0.46705	0.884936	23229.3	4.0	35743.3	-368967.0	3.0	661.39	1.0	3664.56	212.382	1604.84	184.634	0.304558	0.0336687	1.12488	0.00887865	
0.0-2.4	6.5-30.0	10.0-60.0	0.000-0.785	0.008	0.128	15374.0	15328.0	9253.68	193.914	6073.95	155.253	-0.197278	0.0847338	-0.05	0.0	0.412981	0.0	3.09252	0.0	0.0491672	0.0	0.0242213	0.0	0.03	0.0	1.492	0.04	1.733	0.07	0.0366433	0.0	1.04379e-05	14.9929	0.342189	0.0441749	0.198683	0.0	0.00208616	0.0	0.00218399	0.000720127	1.70716	0.0	0.898647	0.0189614	0.520066	0.839271	0.863918	1.22026	0.418444	0.931704	0.0327764	0.0987571	0.228027	0.168636	0.126413	0.639368	-41574.8	4.0	15148.2	-459161.0	3.0	637.753	1.0	6683.26	219.025	2570.42	176.803	0.277772	0.0181979	1.10732	0.0061654	
0.0-2.4	6.5-30.0	10.0-60.0	0.000-1.571	0.008	0.16	28413.0	28410.0	17479.1	278.759	10931.8	226.125	-0.214798	0.0744844	-0.05	0.0	0.412981	0.0	3.09252	0.0	0.0491672	0.0	0.0242213	0.00047825	0.03	0.0	1.492	0.04	1.733	0.07	0.0366433	9.27854e-05	1.13588e-05	0.0219528	0.352887	0.0394383	0.198683	0.0	0.00208616	0.0	0.00212958	0.000553274	1.70716	0.0	0.894679	0.0138122	0.548165	0.729471	0.92413	0.123452	0.448459	0.680649	0.0448107	0.0685043	0.232309	0.0756728	0.83275	3.26929	-22735.3	4.0	59140.9	-1034730.0	4.0	1439.18	1.0	12465.0	329.543	5014.05	274.725	0.28686	0.0150368	1.10474	0.00448169	
0.0-2.4	6.5-30.0	10.0-60.0	0.785-1.571	0.008	0.16	13039.0	13037.0	8240.6	199.013	4797.24	160.644	-0.249711	0.128187	-0.05	0.0	0.412981	0.0	3.09252	0.0	0.0491672	0.0	0.0242213	0.0	0.03	0.0	1.492	0.04	1.733	0.07	0.0366433	0.0	1.29164e-05	3.46537e-05	0.360338	0.0648767	0.198683	0.0	0.00208616	0.0	0.00196752	0.000849236	1.70716	0.0	0.892465	0.0199503	0.592697	0.145187	0.919172	0.107812	0.475592	0.176961	0.0547896	0.0310684	0.282393	0.145805	1.36964	10.614	13259.8	4.0	49579.1	-498693.0	3.0	704.349	1.0	5793.26	240.015	2447.34	203.78	0.296986	0.0236657	1.10331	0.00646576	
0.0-2.4	6.5-30.0	20.0-30.0	0.000-0.785	0.016	0.145	4340.0	4327.0	2602.67	103.016	1725.11	82.9957	-0.119752	0.166932	-0.05	0.0	0.412981	0.0	3.09252	0.0	0.0491672	0.0	0.0236115	0.0	0.03	0.0	1.492	0.04	1.733	0.07	0.0364089	0.0	2.56707e-05	3.1598e-05	0.354486	0.0653659	0.198683	0.0	0.00208616	0.0	0.00334596	0.00124547	1.70716	0.0	0.885998	0.0332353	0.512947	0.299697	0.915955	0.20152	0.458584	0.338692	0.0419896	0.0279321	0.14767	0.0301907	0.748323	3.14937	-13256.2	4.0	2589.78	-111584.0	3.0	236.469	1.0	1854.01	108.03	748.669	84.637	0.287654	0.0304609	1.09912	0.010734	
0.0-2.4	6.5-30.0	20.0-30.0	0.000-1.571	0.008	0.145	7916.0	7914.0	4859.44	147.593	3055.15	120.882	-0.0838945	0.163262	-0.05	0.0	0.412981	0.0	3.09252	0.0	0.0491672	0.0	0.0236115	0.0010216	0.03	0.0	1.492	0.04	1.733	0.07	0.0364089	0.000194455	1.27502e-05	0.000164255	0.424436	0.124885	0.198683	0.0	0.00208616	0.0	0.00263253	0.00101973	1.70716	0.0	0.866433	0.0258074	0.486662	1.12917	0.947377	0.278396	0.410631	1.32859	0.0384447	0.0735761	0.177782	0.0772551	0.707599	5.74777	12374.3	4.0	25869.1	-288343.0	4.0	1275.66	1.0	3490.38	189.958	1369.06	163.018	0.281732	0.032437	1.08655	0.00824523	
0.0-2.4	6.5-30.0	20.0-30.0	0.785-1.571	0.008	0.128	3575.0	3569.0	2242.75	108.087	1327.29	89.4862	-0.0356743	0.305687	-0.05	0.0	0.412981	0.0	3.09252	0.0	0.0491672	0.0	0.0236115	0.0	0.03	0.0	1.492	0.04	1.733	0.07	0.0364089	0.0	1.13986e-05	1.53999e-05	0.521307	0.351478	0.198683	0.0	0.00208616	0.0	-0.00018949	0.00164269	1.70716	0.0	0.802042	0.0414681	0.781153	20.1745	0.416883	13.3753	0.152153	3.42535	0.0463392	1.16656	0.241265	0.993353	0.0350747	0.315482	22179.7	4.0	20454.9	-152107.0	3.0	692.141	1.0	1615.65	157.015	627.103	139.658	0.279613	0.0607951	1.04619	0.0127373	
0.0-2.4	6.5-30.0	30.0-60.0	0.000-0.785	0.016	0.12	4830.0	4813.0	3272.57	100.55	1540.77	77.4296	-0.648888	0.171134	-0.05	0.0	0.412981	0.0	3.09252	0.0	0.0491672	0.0	0.0250728	0.0	0.03	0.0	1.492	0.04	1.733	0.07	0.036978	0.0	1.19335e-05	8.5598	0.26685	0.037516	0.198683	0.0	0.00208616	0.0	0.000148758	0.00106268	1.70716	0.0	0.800992	0.0302538	0.706523	4.9181	0.500718	3.69414	0.124767	0.76696	0.0426781	0.163725	0.357764	0.244061	0.0369856	0.0427581	-16352.7	4.0	1515.55	-106442.0	3.0	83.8054	1.0	2427.5	104.882	845.07	78.1757	0.258228	0.0225321	1.04554	0.00928627	
0.0-2.4	6.5-30.0	30.0-60.0	0.000-1.571	0.008	0.136	8841.0	8835.0	6245.8	144.773	2589.66	104.737	-0.539836	0.133417	-0.05	0.0	0.412981	0.0	3.09252	0.0	0.0491672	0.0	0.0250728	0.000913832	0.03	0.0	1.492	0.04	1.733	0.07	0.036978	0.000181865	1.61666e-05	1.68756e-05	0.259863	0.0254006	0.198683	0.0	0.00208616	0.0	0.000510799	0.000804685	1.70716	0.0	0.808684	0.0213796	0.782083	1.15831	0.500882	0.809957	0.155074	0.18657	0.0502765	0.0556311	0.423353	0.147079	0.0429982	0.0219899	-30572.6	4.0	3391.46	-224048.0	4.0	132.425	1.0	4517.03	153.095	1728.77	118.665	0.276789	0.0178832	1.05028	0.00659552	
0.0-2.4	6.5-30.0	30.0-60.0	0.785-1.571	0.008	0.145	4010.0	4009.0	2961.11	103.128	1048.58	68.9576	-0.38368	0.216022	-0.05	0.0	0.412981	0.0	3.09252	0.0	0.0491672	0.0	0.0250728	0.0	0.03	0.0	1.492	0.04	1.733	0.07	0.036978	0.0	1.18543e-05	0.00044439	0.259901	0.0362273	0.198683	0.0	0.00208616	0.0	0.00100635	0.00126971	1.70716	0.0	0.82363	0.0304279	0.915993	2.25765	0.49062	1.55404	0.204778	0.172419	0.0588235	0.101471	0.517706	0.41118	0.0582272	0.0444908	-14541.6	4.0	2153.19	-100224.0	3.0	20.3447	1.0	2090.97	110.993	870.144	89.077	0.293857	0.0282879	1.05954	0.00947678	
0.0-2.4	6.5-8.0	0.0-100.0	0.000-0.785	0.016	0.136	13275.0	13223.0	5740.24	175.485	7483.85	185.651	-0.152481	0.0854991	-0.05	0.0	0.37873	0.0	3.09168	0.0	0.0520948	0.0	0.0269427	0.0	0.03	0.0	1.492	0.04	1.733	0.07	0.0384553	0.0	1.00165e-05	0.000518047	0.323281	0.0606177	0.355919	0.115392	0.00531967	0.00370432	0.00247305	0.00132899	1.61689	0.115376	0.908872	0.0260112	0.789032	1.36105	0.589753	1.58604	0.633646	0.137961	0.0529926	0.103851	0.173151	0.116007	0.130389	0.195823	-45127.3	4.0	6775.34	-438788.0	3.0	376.696	1.0	4449.19	204.236	1291.04	157.383	0.224911	0.0265414	1.20935	0.0511169	
0.0-2.4	6.5-8.0	0.0-100.0	0.000-1.571	0.016	0.16	24568.0	24563.0	11101.7	324.274	13461.4	341.328	-0.0684992	0.0752258	-0.05	0.0	0.37873	0.17315	3.09168	0.00096741	0.0520948	0.0062463	0.0269427	0.00314094	0.03	0.0	1.492	0.04	1.733	0.07	0.0384553	0.00174208	2.57968e-05	9.0559e-05	0.282064	0.0310134	0.307488	0.0880482	0.00439684	0.00310131	0.00309559	0.000865136	1.63221	0.0944826	0.900098	0.0180761	0.535026	24.8131	0.874377	3.3532	0.591509	10.6639	0.0626914	2.72402	0.186375	3.40901	0.538219	17.8571	-74479.0	4.0	10223.7	-897988.0	7.0	11479.2	1.0	8470.81	315.061	2630.91	209.641	0.236983	0.0175692	1.17484	0.0404582	
0.0-2.4	6.5-8.0	0.0-100.0	0.785-1.571	0.016	0.16	11293.0	11289.0	5374.92	169.871	5914.62	184.333	0.0255848	0.105632	-0.05	0.0	0.37873	0.0	3.09168	0.0	0.0520948	0.0	0.0269427	0.0	0.03	0.0	1.492	0.04	1.733	0.07	0.0384553	0.0	2.95351e-05	0.000335792	0.238749	0.0281309	0.276651	0.138376	0.00298203	0.00476975	0.00277269	0.00112838	1.62991	0.154398	0.89201	0.0247826	0.465855	0.205721	0.902759	0.324378	0.583301	0.214252	0.064188	0.0515274	0.315693	0.264903	0.515642	2.49168	-34396.1	4.0	2573.93	-389252.0	3.0	433.979	1.0	4031.27	177.7	1343.65	130.952	0.249985	0.0230468	1.14477	0.0643106	
0.0-2.4	6.5-8.0	10.0-60.0	0.000-0.785	0.016	0.128	7643.0	7600.0	3806.82	134.103	3793.3	127.277	-0.0972626	0.116266	-0.05	0.0	0.37873	0.0	3.09168	0.0	0.0520948	0.0	0.0261318	0.0	0.03	0.0	1.492	0.04	1.733	0.07	0.038106	0.0	1.20481e-05	0.000153389	0.266069	0.0414278	0.307488	0.0	0.00439684	0.0	-9.85554e-05	0.00152171	1.63221	0.0	0.918147	0.031068	0.9944	131.172	0.438295	23.2304	0.660431	10.2145	0.00104953	110.709	0.214609	1.81355	0.0894012	7.60063	-32077.7	4.0	2525.31	-224308.0	3.0	299.626	1.0	2873.87	150.436	932.954	116.025	0.245074	0.02923	1.18447	0.00833873	
0.0-2.4	6.5-8.0	10.0-60.0	0.000-1.571	0.016	0.16	13928.0	13925.0	7187.84	191.422	6737.34	186.363	-0.0186235	0.103244	-0.05	0.0	0.37873	0.0	3.09168	0.0	0.0520948	0.0	0.0261318	0.000855019	0.03	0.0	1.492	0.04	1.733	0.07	0.0381061	0.000182139	2.57968e-05	9.0559e-05	0.25014	0.0270749	0.307488	0.0	0.00439684	0.0	0.00138873	0.00105571	1.63221	0.0	0.877506	0.0211067	0.52441	1.70883	0.803747	0.645183	0.605642	1.10485	0.0466171	0.178444	0.204827	0.131974	0.41381	0.990465	-51539.5	4.0	4993.6	-469035.0	4.0	1217.64	1.0	5322.88	209.064	1864.96	161.493	0.259461	0.0213786	1.16294	0.00551456	
0.0-2.4	6.5-8.0	10.0-60.0	0.785-1.571	0.024	0.16	6285.0	6271.0	3389.19	132.728	2881.84	130.01	0.056161	0.183457	-0.05	0.0	0.37873	0.0	3.09168	0.0	0.0520948	0.0	0.0261318	0.0	0.03	0.0	1.492	0.04	1.733	0.07	0.038106	0.0	2.95351e-05	0.000335792	0.236372	0.0354379	0.307488	0.0	0.00439684	0.0	0.000830897	0.0014203	1.63221	0.0	0.825925	0.0245291	0.518525	0.305604	0.779741	0.450726	0.594217	0.247815	0.055742	0.0523437	0.273821	0.17309	0.413711	0.7621	-22593.4	4.0	2469.75	-204636.0	3.0	1102.99	1.0	2454.82	143.245	934.365	112.32	0.27569	0.0313327	1.13648	0.00617248	
0.0-2.4	8.0-10.0	0.0-100.0	0.000-0.785	0.016	0.152	7059.0	7028.0	4502.55	118.465	2525.81	94.1829	-0.183992	0.120328	-0.05	0.0	0.392363	0.0	3.09318	0.0	0.0516101	0.0	0.0236596	0.0	0.03	0.0	1.492	0.04	1.733	0.07	0.0372188	0.0	2.30203e-05	0.000112475	0.314401	0.0387195	0.0866815	0.0340126	0.00590847	0.00567877	0.00288482	0.000954798	2.12027	0.202266	0.939528	0.0249424	0.533933	0.244762	0.68439	0.624135	0.221133	0.439219	0.0352973	0.0239037	0.332647	0.119571	0.0530843	0.0302309	-15895.2	4.0	3261.68	-154668.0	3.0	33.1292	1.0	3157.0	124.614	1345.55	99.4104	0.298842	0.0206312	1.09356	0.034261	
0.0-2.4	8.0-10.0	0.0-100.0	0.000-1.571	0.016	0.152	13118.0	13087.0	8407.95	526.12	4679.83	502.754	-0.20181	0.1531	-0.05	0.0	0.392363	0.377181	3.09318	0.000992308	0.0516101	0.0251848	0.0236596	0.00578056	0.03	0.0	1.492	0.04	1.733	0.07	0.0372188	0.00694161	1.04463e-05	0.772766	0.356452	0.0565909	0.0999066	0.0383056	0.00376081	0.00404764	0.00281062	0.000790693	1.94826	0.155494	0.96604	0.0198269	0.58448	2.38192	0.792081	2.19073	0.414835	2.09761	0.0317384	0.149007	0.352687	0.273794	0.089483	0.50086	12721.9	4.0	46379.5	-399833.0	7.0	795036.0	1.0	6001.62	414.53	2406.33	231.243	0.286197	0.0208733	1.10418	0.0294125	
0.0-2.4	8.0-10.0	0.0-100.0	0.785-1.571	0.016	0.12	6059.0	6042.0	3908.61	130.228	2133.44	98.2043	-0.187891	0.183317	-0.05	0.0	0.392363	0.0	3.09318	0.0	0.0516101	0.0	0.0236596	0.0	0.03	0.0	1.492	0.04	1.733	0.07	0.0372188	0.0	1.64851e-05	0.25376	0.422377	0.156331	0.248555	0.184909	0.000710204	0.00331602	0.00248503	0.00136293	1.58063	0.188377	0.92838	0.033429	0.761427	19.767	0.999775	1103.18	0.632748	31.4659	0.0727214	8.00022	0.348199	8.03104	0.0200372	5108.08	25769.6	4.0	35243.1	-213430.0	3.0	23.9875	1.0	2836.26	172.271	1072.35	148.404	0.274357	0.0368516	1.12634	0.0754833	
0.0-2.4	8.0-10.0	10.0-60.0	0.000-0.785	0.016	0.145	4346.0	4345.0	2887.02	89.6196	1458.46	69.0214	-0.295305	0.148829	-0.05	0.0	0.392363	0.0	3.09318	0.0	0.0516101	0.0	0.0243225	0.0	0.03	0.0	1.492	0.04	1.733	0.07	0.0374776	0.0	2.55884e-05	0.0001192	0.278224	0.0416717	0.0999066	0.0	0.00376081	0.0	7.32373e-05	0.00113006	1.94826	0.0	0.901467	0.0302445	0.999954	482.222	0.394014	0.5098	0.214041	0.767186	0.00122107	685.592	0.327725	0.177775	0.0451714	0.0547511	-11386.7	4.0	1592.02	-82491.8	3.0	77.3209	1.0	2087.26	96.5342	799.76	75.7433	0.27702	0.0247865	1.05388	0.0116429	
0.0-2.4	8.0-10.0	10.0-60.0	0.000-1.571	0.016	0.145	7921.0	7920.0	5375.99	138.06	2544.0	95.5429	-0.361575	0.148545	-0.05	0.0	0.392363	0.0	3.09318	0.0	0.0516101	0.0	0.0243225	0.000716804	0.03	0.0	1.492	0.04	1.733	0.07	0.0374776	0.000141336	1.82514e-05	0.000157912	0.341929	0.0773544	0.0999066	0.0	0.00376081	0.0	0.00189652	0.00102326	1.94826	0.0	0.901629	0.0258963	0.635322	1.36026	0.606893	1.39678	0.21511	0.429325	0.040748	0.0380323	0.352594	0.128915	0.0464344	0.0288588	19592.3	4.0	66312.6	-240812.0	4.0	3766.93	1.0	3867.99	183.498	1508.0	159.073	0.280506	0.0286993	1.05401	0.00996964	
0.0-2.4	8.0-10.0	10.0-60.0	0.785-1.571	0.016	0.128	3574.0	3570.0	2493.03	108.689	1077.37	68.8275	-0.4425	0.283109	-0.05	0.0	0.392363	0.0	3.09318	0.0	0.0516101	0.0	0.0243225	0.0	0.03	0.0	1.492	0.04	1.733	0.07	0.0374776	0.0	5.28298e-05	0.000106573	0.421171	0.216064	0.0999066	0.0	0.00376081	0.0	0.00158404	0.00171469	1.94826	0.0	0.894197	0.0423472	0.78398	27.1595	0.444362	11.2529	0.210526	4.2411	0.0437692	0.475039	0.424658	0.5344	0.0472278	0.220444	25791.5	4.0	38773.1	-137826.0	3.0	9.67046	1.0	1761.32	147.236	731.709	129.613	0.293502	0.0503909	1.04829	0.0162567	
1.2-1.6	6.5-30.0	0.0-100.0	0.000-0.785	0.016	0.136	6215.0	6201.0	3150.8	101.226	3050.53	101.041	-0.155371	0.108301	-0.05	0.0	0.528358	0.0	3.09144	0.0	0.0444753	0.0	0.03143	0.0	0.03	0.0	1.492	0.04	1.733	0.07	0.038872	0.0	1.49776e-05	0.00034247	0.278818	0.0365777	0.105993	0.0452411	0.00895651	0.0163035	0.00422999	0.00108518	2.05526	0.219222	0.991737	0.0271376	0.38931	8.27136	0.816099	1.96078	0.347502	10.4982	0.0208838	0.317702	0.264847	0.269314	0.137409	0.42002	-15430.7	4.0	1022.92	-126382.0	3.0	44.7544	1.0	2315.98	105.121	834.826	78.9523	0.264957	0.0235677	1.15196	0.039383	
1.2-1.6	6.5-30.0	0.0-100.0	0.000-1.571	0.008	0.136	11433.0	11421.0	6023.2	162.114	5397.82	168.461	-0.161762	0.0839821	-0.05	0.0	0.528358	0.106562	3.09144	0.00102756	0.0444753	0.00389173	0.03143	0.00310652	0.03	0.0	1.492	0.04	1.733	0.07	0.038872	0.00148159	1.03021e-05	0.137313	0.285008	0.0300844	0.0999774	0.0369937	0.00921681	0.0152857	0.00369555	0.000793156	2.02628	0.173102	0.950777	0.0199163	0.509217	52.5409	0.587642	26.8033	0.368945	34.5759	0.0257463	1.06931	0.385594	1.12522	0.0866449	0.903947	-16606.2	4.0	3450.59	-274473.0	7.0	1482.74	1.0	4403.64	160.102	1619.56	116.124	0.268886	0.0178696	1.10639	0.0320439	
1.2-1.6	6.5-30.0	0.0-100.0	0.785-1.571	0.008	0.136	5217.0	5212.0	2867.55	103.378	2344.61	104.921	-0.175444	0.131851	-0.05	0.0	0.528358	0.0	3.09144	0.0	0.0444753	0.0	0.03143	0.0	0.03	0.0	1.492	0.04	1.733	0.07	0.038872	0.0	2.98319e-05	0.000141008	0.290887	0.0481712	0.0888127	0.157186	0.00999982	0.0196714	0.00322239	0.00116347	2.00962	0.490069	0.92895	0.0297965	0.661901	0.532432	0.531454	0.845636	0.373581	0.363117	0.0631014	0.026117	0.468265	0.36974	0.0588814	0.0346555	-2287.41	4.0	2564.7	-126146.0	3.0	1211.37	1.0	2085.69	107.692	781.864	82.0873	0.272659	0.0268857	1.07004	0.124138	
1.2-1.6	6.5-30.0	10.0-60.0	0.000-0.785	0.016	0.128	3700.0	3694.0	2037.78	77.8211	1656.27	73.2317	-0.220116	0.143862	-0.05	0.0	0.528358	0.0	3.09144	0.0	0.0444753	0.0	0.0310617	0.0	0.03	0.0	1.492	0.04	1.733	0.07	0.0387321	0.0	1.81449e-05	0.000285286	0.262282	0.0425327	0.0999774	0.0	0.00921681	0.0	0.00362458	0.00140014	2.02628	0.0	1.05544	0.0335697	0.374809	12.8717	0.800853	4.49478	0.361905	24.5576	0.0134211	0.742537	0.36572	0.348587	0.11051	0.441698	-8458.72	4.0	708.454	-67391.6	3.0	42.3848	1.0	1499.56	81.9209	538.212	62.0803	0.264117	0.0287465	1.18872	0.0134129	
1.2-1.6	6.5-30.0	10.0-60.0	0.000-1.571	0.008	0.128	6591.0	6583.0	3856.77	106.881	2727.16	95.9415	-0.299383	0.113142	-0.05	0.0	0.528358	0.0	3.09144	0.0	0.0444753	0.0	0.0310617	0.00210278	0.03	0.0	1.492	0.04	1.733	0.07	0.0387321	0.000397678	1.05393e-05	0.000462059	0.259137	0.028308	0.0999774	0.0	0.00921681	0.0	0.00116299	0.000965093	2.02628	0.0	0.992218	0.024125	0.977439	125.413	0.471132	14.1489	0.520383	12.7943	0.00105293	16.8329	0.346211	0.105827	0.0780977	0.0373256	-16485.7	4.0	942.907	-127143.0	4.0	52.3165	1.0	2846.74	111.117	1010.03	83.1062	0.261886	0.0202891	1.13866	0.00946024	
1.2-1.6	6.5-30.0	10.0-60.0	0.785-1.571	0.008	0.128	2890.0	2887.0	1819.01	70.4124	1067.91	58.3778	-0.429314	0.182355	-0.05	0.0	0.528358	0.0	3.09144	0.0	0.0444753	0.0	0.0310617	0.0	0.03	0.0	1.492	0.04	1.733	0.07	0.0387321	0.0	4.70929e-05	0.000194192	0.255134	0.0360429	0.0999774	0.0	0.00921681	0.0	0.00231963	0.00134315	2.02628	0.0	0.949031	0.0347522	0.596453	3.16952	0.997811	234.535	0.4527	9.41536	0.0678843	0.10541	0.278034	1.94305	0.0486898	30.963	-8052.59	4.0	254.845	-49409.4	3.0	10.0566	1.0	1355.99	71.915	463.022	52.3248	0.254545	0.0270253	1.10504	0.013431	
1.2-2.4	6.5-30.0	0.0-100.0	0.000-0.785	0.008	0.136	14965.0	14880.0	7362.24	161.686	7518.77	163.76	-0.335119	0.0724668	-0.05	0.0	0.585836	0.0	3.09115	0.0	0.0523137	0.0	0.0312478	0.0	0.03	0.0	1.492	0.04	1.733	0.07	0.044807	0.0	1.01277e-05	2.60454e-05	0.272749	0.0251684	0.163403	0.048226	0.00722013	0.00336106	0.0033933	0.000775685	1.85717	0.125718	0.974946	0.0177292	0.732502	1.82388	0.696207	0.92276	0.600941	0.626836	0.0333557	0.122622	0.252163	0.0887183	0.136887	0.162562	-38108.6	4.0	1891.21	-351163.0	3.0	30.3796	1.0	5573.81	171.369	1788.44	126.198	0.24292	0.0162899	1.16567	0.0312107	
1.2-2.4	6.5-30.0	0.0-100.0	0.000-1.571	0.008	0.16	27625.0	27590.0	14283.0	273.595	13307.7	280.045	-0.311602	0.0581758	-0.05	0.0	0.585836	0.092687	3.09115	0.000756675	0.0523137	0.00270619	0.0312478	0.00257178	0.03	0.0	1.492	0.04	1.733	0.07	0.044807	0.00135025	1.04253e-05	6.6059e-05	0.269978	0.0181697	0.186999	0.0401183	0.00558601	0.00222373	0.00360153	0.000574734	1.79009	0.0831136	0.957217	0.0133599	0.637824	0.496491	0.915075	0.264199	0.606245	0.276404	0.0613578	0.0926201	0.265547	0.0701057	0.376687	1.04952	-58434.6	4.0	4548.8	-723902.0	7.0	577.255	1.0	10817.0	264.722	3466.04	177.631	0.242669	0.0115352	1.15938	0.0235775	
1.2-2.4	6.5-30.0	0.0-100.0	0.785-1.571	0.008	0.16	12659.0	12656.0	6940.13	158.609	5716.04	155.324	-0.295422	0.0852056	-0.05	0.0	0.585836	0.0	3.09115	0.0	0.0523137	0.0	0.0312478	0.0	0.03	0.0	1.492	0.04	1.733	0.07	0.044807	0.0	2.10476e-05	6.65505e-05	0.267168	0.0253687	0.217213	0.0691113	0.0040731	0.00288927	0.00235228	0.000837261	1.72323	0.111196	0.887398	0.0201727	0.741658	0.679455	0.520686	1.03452	0.455063	0.602242	0.0691986	0.0808099	0.366611	0.223045	0.0597837	0.101628	-24454.7	4.0	2557.13	-316174.0	3.0	786.422	1.0	5246.07	165.053	1694.07	119.863	0.244097	0.0163452	1.12314	0.0388462	
1.2-2.4	6.5-30.0	10.0-60.0	0.000-0.785	0.016	0.128	8845.0	8790.0	4812.26	122.792	3977.81	115.11	-0.371057	0.095797	-0.05	0.0	0.585836	0.0	3.09115	0.0	0.0523137	0.0	0.0309186	0.0	0.03	0.0	1.492	0.04	1.733	0.07	0.0447124	0.0	1.44654e-05	0.00020635	0.238965	0.0250332	0.186999	0.0	0.00558601	0.0	0.00383558	0.000951015	1.79009	0.0	0.924761	0.0216458	0.560794	20.2289	0.852688	6.05271	0.539996	13.5367	0.0300239	0.890955	0.26205	0.739684	0.165662	2.56715	-25387.3	4.0	969.176	-181687.0	3.0	24.5225	1.0	3650.28	130.584	1161.98	96.2069	0.241463	0.019019	1.13776	0.00715179	
1.2-2.4	6.5-30.0	10.0-60.0	0.000-1.571	0.008	0.16	16104.0	16101.0	9188.86	171.384	6911.88	156.835	-0.38621	0.0746794	-0.05	0.0	0.585836	0.0	3.09115	0.0	0.0523137	0.0	0.0309186	0.00152449	0.03	0.0	1.492	0.04	1.733	0.07	0.0447124	0.000218302	1.04253e-05	6.6059e-05	0.244693	0.0167578	0.186999	0.0	0.00558601	0.0	0.00326645	0.000686764	1.79009	0.0	0.915932	0.0160801	0.586725	0.147245	0.895634	0.119427	0.539963	0.138156	0.0407234	0.0179503	0.233939	0.0352982	0.389644	0.428588	-45071.5	4.0	1357.68	-358437.0	4.0	32.5726	1.0	6880.79	176.539	2308.07	128.643	0.251182	0.0131928	1.13193	0.00528921	
1.2-2.4	6.5-30.0	10.0-60.0	0.785-1.571	0.008	0.16	7259.0	7257.0	4386.36	114.974	2871.04	98.4987	-0.43381	0.113763	-0.05	0.0	0.585836	0.0	3.09115	0.0	0.0523137	0.0	0.0309186	0.0	0.03	0.0	1.492	0.04	1.733	0.07	0.0447124	0.0	2.10476e-05	6.65505e-05	0.251135	0.0222301	0.186999	0.0	0.00558601	0.0	0.00111773	0.000995943	1.79009	0.0	0.889706	0.0240093	0.98097	87.39	0.478757	8.53515	0.49951	7.9546	0.00103142	11.1329	0.270017	0.0522656	0.0706376	0.0511136	-22559.1	4.0	434.47	-146112.0	3.0	2.1654	1.0	3225.54	117.455	1160.81	87.0245	0.264642	0.0185876	1.1148	0.00778916	
1.6-2.4	3.0-6.5	0.0-100.0	0.000-0.785	0.024	0.184	85528.0	85170.0	14047.0	480.393	71122.8	785.715	0.00666645	0.0368148	-0.05	0.0	0.949112	0.0	3.09061	0.0	0.0533538	0.0	0.015945	0.0	0.03	0.0	1.86	0.19	1.38	0.32	0.0521028	0.0	0.000171782	0.000506966	0.303656	0.0491104	0.45227	0.152327	-0.00997558	0.0197141	0.01	0.00560883	1.5917	0.131795	0.798765	0.013373	0.999997	3964.22	0.805576	1.02638	0.712827	8.47192	0.0014887	325065.0	0.130348	4.46348	0.728348	0.769213	-213313.0	4.0	9350.0	-5743140.0	3.0	1719.82	1.0	11800.3	546.54	2246.79	376.5	0.159948	0.0262387	1.22283	0.0706775	
1.6-2.4	3.0-6.5	0.0-100.0	0.000-1.571	0.032	0.264	162872.0	162719.0	27052.8	773.219	135667.0	1185.97	0.0480902	0.026943	-0.05	0.0	0.949112	0.0392738	3.09061	0.00121799	0.0533538	0.00279122	0.015945	0.00422408	0.03	0.0	1.86	0.19	1.38	0.32	0.0521029	0.00144206	1.10324e-05	0.0465138	0.295961	0.0373192	0.30661	0.207411	-0.0060702	0.0158272	0.00964983	0.00112012	1.65451	0.204341	0.918599	0.00915402	1.0	373.379	0.768486	0.0410745	0.741856	0.18435	0.00168528	131955.0	0.127123	0.111445	0.937585	0.122736	-250151.0	4.0	38000.9	-12195300.0	7.0	8289.37	1.0	22646.0	853.592	4406.76	570.553	0.162895	0.0205701	1.19349	0.0930599	
1.6-2.4	3.0-6.5	0.0-100.0	0.785-1.571	0.032	0.264	77344.0	77285.0	13058.1	475.057	64228.1	780.236	0.121514	0.0397107	-0.05	0.0	0.949112	0.0	3.09061	0.0	0.0533538	0.0	0.015945	0.0	0.03	0.0	1.86	0.19	1.38	0.32	0.0521028	0.0	1.44673e-05	0.0160274	0.300661	0.0568533	0.0260978	0.042413	-0.00999973	0.0198251	0.01	3.15325	2.47347	0.932247	1.06747	0.0112988	0.700636	19.2314	0.841233	3.05384	0.664232	7.33679	0.0627655	2.26329	0.118768	2.26379	1.36202	68.7242	-83352.1	4.0	41631.3	-5569160.0	3.0	3756.32	1.0	10880.4	541.921	2177.67	378.512	0.166768	0.0283447	1.12668	0.0541816	
1.6-2.4	3.0-6.5	10.0-60.0	0.000-0.785	0.024	0.184	45677.0	45463.0	9184.96	343.131	36278.8	531.896	-0.00759759	0.0507293	-0.05	0.0	0.949112	0.0	3.09061	0.0	0.0533538	0.0	0.0154712	0.0	0.03	0.0	1.86	0.19	1.38	0.32	0.0520956	0.0	0.000171782	0.000506966	0.293384	0.0496815	0.30661	0.0	-0.0060702	0.0	0.00800214	0.00141376	1.65451	0.0	0.888564	0.0161827	0.999997	184.135	0.808564	0.00753383	0.726844	0.0894578	0.00300107	57741.4	0.113451	0.0375493	0.564063	0.00971265	-177260.0	4.0	4755.14	-2614240.0	3.0	894.232	1.0	7567.88	390.665	1617.08	276.293	0.176057	0.0293532	1.17762	0.00423336	
1.6-2.4	3.0-6.5	10.0-60.0	0.000-1.571	0.024	0.136	84588.0	81888.0	17186.7	461.447	64701.4	702.67	0.155568	0.0388946	-0.05	0.0	0.949112	0.0	3.09061	0.0	0.0533538	0.0	0.0154712	0.00375369	0.03	0.0	1.86	0.19	1.38	0.32	0.0520956	2.8364e-05	2.3799e-05	0.000278913	0.301386	0.0425674	0.30661	0.0	-0.0060702	0.0	0.00965122	0.00144733	1.65451	0.0	0.911899	0.0121475	1.0	49091.6	0.840012	817.141	0.774615	1095.3	0.0010998	62253.0	0.138935	344.316	0.300552	96.7257	-410617.0	4.0	5835.52	-4930190.0	4.0	2267.41	1.0	14506.0	535.904	2680.71	375.079	0.155975	0.0214182	1.18992	0.00322748	
1.6-2.4	3.0-6.5	10.0-60.0	0.785-1.571	0.032	0.16	38911.0	38539.0	8077.74	319.401	30460.0	485.829	0.178835	0.0572365	-0.05	0.0	0.949112	0.0	3.09061	0.0	0.0533538	0.0	0.0154712	0.0	0.03	0.0	1.86	0.19	1.38	0.32	0.0520956	0.0	1.75877e-05	0.00268428	0.28971	0.0565768	0.30661	0.0	-0.0060702	0.0	0.00882936	0.00131468	1.65451	0.0	0.91468	0.0175264	0.980138	66.1247	0.849378	2.58162	0.761578	4.15306	0.00101732	486.078	0.126021	0.261483	0.412013	1.31824	-194979.0	4.0	1471.34	-2191180.0	3.0	1009.78	1.0	6896.87	357.354	1180.87	235.61	0.146188	0.0285893	1.1914	0.004665	
1.6-2.4	6.5-30.0	0.0-100.0	0.000-0.785	0.008	0.184	8750.0	8750.0	4195.75	127.978	4554.98	133.722	-0.472298	0.0990605	-0.05	0.0	0.666288	0.0	3.0908	0.0	0.0563282	0.0	0.0311591	0.0	0.03	0.0	1.492	0.04	1.733	0.07	0.0493765	0.0	1.26012e-05	0.886013	0.270828	0.0352405	0.392225	0.132093	0.00448624	0.00234342	0.00382938	0.00127791	1.54649	0.116583	0.884265	0.0271491	0.982154	86.8181	0.627492	7.68624	0.694019	6.29864	0.00100622	22.9188	0.197275	0.0418606	0.363824	0.207718	-18923.0	4.0	915.311	-206812.0	3.0	22.1799	1.0	3263.12	134.54	932.631	94.8885	0.22228	0.0215751	1.18882	0.0540522	
1.6-2.4	6.5-30.0	0.0-100.0	0.000-1.571	0.008	0.16	16192.0	16161.0	8264.62	234.109	7896.8	236.235	-0.426915	0.0791161	-0.05	0.0	0.666288	0.154521	3.0908	0.00113037	0.0563282	0.00411211	0.0311591	0.00604461	0.03	0.0	1.492	0.04	1.733	0.07	0.0493765	0.00241148	3.34301e-05	6.81326e-05	0.257959	0.0211332	0.336992	0.0763634	0.00341718	0.00197735	0.00346274	0.000877216	1.60349	0.079006	0.88884	0.0192969	0.73751	1.69109	0.858654	0.345725	0.648485	0.460832	0.0667386	0.32522	0.22674	0.109766	0.364105	0.715461	-43901.9	4.0	1078.13	-398501.0	7.0	44.5379	1.0	6422.25	217.547	1842.37	130.212	0.222922	0.0144345	1.1791	0.0343899	
1.6-2.4	6.5-30.0	0.0-100.0	0.785-1.571	0.016	0.16	7441.0	7436.0	4075.6	120.096	3360.86	113.889	-0.394496	0.110167	-0.05	0.0	0.666288	0.0	3.0908	0.0	0.0563282	0.0	0.0311591	0.0	0.03	0.0	1.492	0.04	1.733	0.07	0.0493765	0.0	3.74095e-05	0.000162817	0.243945	0.023831	0.343146	0.104013	0.00192208	0.00293448	0.0015829	0.00127985	1.60163	0.103902	0.862669	0.0288477	0.795383	2.04256	0.715607	4.11121	0.604454	1.17975	0.0863073	0.347236	0.272418	0.432571	0.0725887	0.814521	-23649.0	4.0	200.984	-165382.0	3.0	59.3179	1.0	3156.29	121.228	919.311	82.3394	0.225565	0.0190783	1.17007	0.0477707	
1.6-2.4	6.5-30.0	10.0-60.0	0.000-0.785	0.016	0.128	5144.0	5095.0	2769.66	94.8145	2326.28	88.5855	-0.486729	0.12727	-0.05	0.0	0.666288	0.0	3.0908	0.0	0.0563282	0.0	0.0308877	0.0	0.03	0.0	1.492	0.04	1.733	0.07	0.0493196	0.0	1.34113e-05	3.24911	0.221312	0.0296917	0.336992	0.0	0.00341718	0.0	0.00374764	0.00135433	1.60349	0.0	0.806377	0.0292655	0.685139	0.458769	0.885052	0.161253	0.599383	0.249263	0.03418	0.0323269	0.204026	0.0380637	0.234477	0.184507	-17278.7	4.0	285.145	-100056.0	3.0	3.34057	1.0	2154.73	100.773	614.933	71.8142	0.222025	0.0247899	1.13912	0.00686776	
1.6-2.4	6.5-30.0	10.0-60.0	0.000-1.571	0.016	0.16	9512.0	9503.0	5319.44	133.949	4184.26	124.008	-0.455696	0.0985541	-0.05	0.0	0.666288	0.0	3.0908	0.0	0.0563282	0.0	0.0308877	0.00252733	0.03	0.0	1.492	0.04	1.733	0.07	0.0493196	0.000264101	3.09547e-05	6.71915e-05	0.235461	0.0204131	0.336992	0.0	0.00341718	0.0	0.00361011	0.00102526	1.60349	0.0	0.805538	0.0226246	0.59837	0.268042	0.8778	0.143997	0.529516	0.249981	0.0295794	0.0176953	0.186399	0.0285523	0.435948	0.456562	-29104.7	4.0	454.48	-205146.0	4.0	24.2197	1.0	4022.51	137.213	1296.93	98.1532	0.243809	0.0174005	1.13872	0.00530564	
1.6-2.4	6.5-30.0	10.0-60.0	0.785-1.571	0.016	0.16	4368.0	4365.0	2565.26	90.8606	1799.75	79.2282	-0.455628	0.145505	-0.05	0.0	0.666288	0.0	3.0908	0.0	0.0563282	0.0	0.0308877	0.0	0.03	0.0	1.492	0.04	1.733	0.07	0.0493196	0.0	3.74095e-05	0.000162817	0.248793	0.0277527	0.336992	0.0	0.00341718	0.0	0.00160591	0.00160203	1.60349	0.0	0.850466	0.0363716	0.998198	4.8406	0.806445	0.231402	0.707886	0.225233	0.00106066	2.10253	0.218445	0.0391575	0.154767	0.119224	-14642.8	4.0	187.272	-85253.6	3.0	2.18471	1.0	1868.66	91.9907	696.603	68.486	0.271552	0.0249047	1.16018	0.00883859	
