polFunct_Eff3
rap	pT	cent	dPhi	ctauErrMin	ctauErrMax	NoCutEntry	CutEntry	NSig	NSigErr	NBkg	NBkgErr	coefExp	coefExpErr	coefPol1	coefPol1Err	coeffGaus	coeffGausErr	meanSig1	meanSig1Err	sigmaSig1	sigmaSig1Err	sigmaSig2	sigmaSig2Err	sigmaSig3	sigmaSig3Err	alpha	alphaErr	enne	enneErr	enneW	enneWErr	sigWidth	sigWidthErr	Gmc	GmcErr	bTau	bTauErr	fracRes	fracResErr	meanResSigW	meanResSigWErr	meanResSigN	meanResSigNErr	sigmaResSigW	sigmaResSigWErr	sigmaResSigN	sigmaResSigNErr	fpm	fpmErr	fLiving	fLivingErr	fbkgCtTot	fbkgCtTotErr	lambdam	lambdamErr	lambdap	lambdapErr	lambdasym	lambdasymErr	NLL	nFitPar	EDM	NLLMass	nFitParMass	EDMMass	Prob	PROMPT	PROMPTErr	NON-PROMPT	NON-PROMPTErr	Bfraction	BfractionErr	Resolution	ResolutionErr	
0.0-0.4	6.5-30.0	0.0-100.0	0.000-1.571	0.008	0.105	9167.0	9153.0	7884.42	93.3802	1268.59	45.8685	-1.0	0.0	-0.24752	0.00621719	0.438359	0.0689349	3.09366	0.000252201	0.0155068	0.000713061	0.0232098	0.000972179	0.03	0.0	1.696	0.0	5.0	0.0	1.718	0.0	0.020198	0.000421386	1.23578e-05	0.0128429	0.368836	0.00944639	0.44677	0.141299	-0.000774749	0.00115443	0.000471749	0.000697739	1.18582	0.0694746	0.877306	0.018774	0.979588	2.74357	0.891965	3.71931	0.215072	0.26596	0.141151	2.611e-08	0.355221	0.485219	0.247617	4.39392	-23891.6	4.0	3.55664e-07	-90191.0	7.0	3.91337e-06	1.0	5720.65	83.9429	2163.77	55.7911	0.274436	0.00628545	1026.67	28.6471	
0.0-1.2	6.5-30.0	0.0-100.0	0.000-1.571	0.008	0.145	32524.0	32506.0	27982.7	178.027	4523.17	90.7147	-1.0	0.0	-0.24746	0.00337701	0.391538	0.0424568	3.09366	0.000179453	0.0187631	0.000683022	0.0313358	0.000754237	0.03	0.0	1.696	0.0	5.0	0.0	1.718	0.0	0.0271166	0.000373712	1.01594e-05	0.0045946	0.368783	0.00501785	0.0390389	0.0103328	-0.00174128	0.00308162	0.00029555	0.000231027	2.01564	0.13992	0.987235	0.00638518	0.987606	0.0126169	0.909373	0.0372292	0.26321	0.0179138	0.290949	0.141557	0.418355	0.0116333	0.141076	1.05177e-09	-77083.4	4.0	1.06825e-06	-354188.0	7.0	1.0849e-05	1.0	20247.9	160.153	7734.78	107.128	0.276413	0.00340056	1046.51	9.70334	
0.0-2.4	10.0-13.0	0.0-100.0	0.000-1.571	0.008	0.145	12425.0	12415.0	10469.0	110.593	1945.98	60.8559	-1.0	0.0	-0.256385	0.00386787	0.496161	0.0391673	3.09332	0.00036242	0.0451216	0.00126073	0.0225978	0.000880029	0.03	0.0	1.696	0.0	5.0	0.0	1.718	0.0	0.0356013	0.000594081	1.22072e-05	0.0133174	0.391143	0.0080603	0.0307555	0.0102492	0.002156	0.00527054	0.00032172	0.000356171	2.23784	0.221634	0.982265	0.0107685	0.970213	0.00963345	0.999999	0.00365657	0.23697	0.0204757	0.141061	3.75044e-07	0.401357	0.0148524	0.358588	1.07623e-05	-25805.7	4.0	8.22344e-08	-120627.0	7.0	8.46076e-06	1.0	7194.55	96.3953	3274.44	68.6455	0.312775	0.00566369	1043.64	13.269	
0.0-2.4	10.0-30.0	0.0-100.0	0.000-1.571	0.008	0.145	19640.0	19628.0	16254.6	138.506	3373.34	79.3367	-1.0	0.0	-0.257724	0.00283755	0.50482	0.0326955	3.09343	0.000288506	0.0441761	0.000997116	0.0222726	0.000730275	0.03	0.0	1.696	0.0	5.0	0.0	1.718	0.0	0.035083	0.000478124	1.00498e-05	0.00459465	0.379435	0.00583829	0.0302029	0.00772777	-0.00137981	0.00391645	3.16884e-05	0.000274344	2.28455	0.177331	0.989566	0.00888397	0.972267	0.00748203	1.0	0.000458103	0.257162	0.0147992	0.141025	0.0335545	0.419111	0.0118308	4.37904	1.38441	-38839.7	4.0	4.34425e-05	-199117.0	7.0	2.598e-05	1.0	10409.2	116.949	5845.4	91.0542	0.359614	0.00468932	1052.28	10.5266	
0.0-2.4	11.0-13.0	0.0-100.0	0.000-1.571	0.008	0.145	6641.0	6637.0	5605.89	81.6285	1031.09	45.7002	-1.0	0.0	-0.258095	0.00489909	0.377822	0.0508745	3.0936	0.000499325	0.0515202	0.00258432	0.0243531	0.00110736	0.03	0.0	1.696	0.0	5.0	0.0	1.718	0.0	0.0370387	0.00100671	3.00105e-05	0.000309596	0.399212	0.010639	0.035575	0.0156752	0.00158392	0.00595811	0.000277105	0.000491237	2.10523	0.269949	0.99946	0.0153793	0.981645	0.0159884	0.999999	0.059007	0.252118	0.0286465	0.140896	0.102438	0.393581	0.0195548	0.140988	2.19696e-06	-13268.0	4.0	4.55838e-07	-60148.0	7.0	8.07213e-06	1.0	3689.9	69.6119	1915.99	52.3194	0.341781	0.0078953	1058.8	17.367	
0.0-2.4	13.0-16.0	0.0-100.0	0.000-1.571	0.008	0.081	4254.0	4249.0	3418.98	62.7972	829.917	36.7881	-1.0	0.0	-0.250909	0.00701493	0.631195	0.059289	3.09341	0.000607619	0.0405818	0.00153429	0.0179375	0.00172063	0.03	0.0	1.696	0.0	5.0	0.0	1.718	0.0	0.0340319	0.000833351	2.11265e-05	10.8791	0.378974	0.0121096	0.0661462	0.04102	-0.00168051	0.0047893	-0.000581664	0.000606873	1.77416	0.264604	0.994668	0.0208504	0.999994	5.63696	0.943276	0.0358581	0.271428	0.00642562	0.274272	6.86698	0.456183	0.00643145	0.216906	0.0459367	-8051.92	4.0	2.45572e-06	-36513.2	7.0	3.75024e-05	1.0	2063.98	51.9777	1355.0	43.4042	0.396316	0.0104008	1064.01	26.99	
0.0-2.4	13.0-30.0	0.0-100.0	0.000-1.571	0.008	0.081	7214.0	7207.0	5777.32	83.0516	1430.45	50.4699	-1.0	0.0	-0.260026	0.00407989	0.537581	0.0570254	3.09368	0.000479006	0.0422512	0.00152073	0.0212376	0.00133333	0.03	0.0	1.696	0.0	5.0	0.0	1.718	0.0	0.0341795	0.00077567	1.02238e-05	0.00459457	0.368993	0.0085634	0.0480882	0.0218371	-0.00242622	0.00419284	-0.000346794	0.000438948	1.94086	0.230379	0.998535	0.0159355	1.0	4.03335	0.962424	0.0163159	0.283891	0.0248513	0.146365	3.85443	0.446292	0.0246391	0.233756	0.0999234	-13146.0	4.0	3.7734e-05	-65541.9	7.0	0.000176874	1.0	3248.59	65.9559	2528.73	59.0825	0.4377	0.00806181	1063.14	18.8497	
0.0-2.4	16.0-30.0	0.0-100.0	0.000-1.571	0.008	0.056	2959.0	2946.0	2394.79	52.4055	551.211	30.0459	-1.0	0.0	-0.265294	0.00553026	0.153639	0.0568162	3.09361	0.000760341	0.0151247	0.00272821	0.0367	0.00159983	0.03	0.0	1.696	0.0	5.0	0.0	1.718	0.0	0.0342798	0.000865196	1.01425e-05	0.00459461	0.359465	0.0120223	0.0340288	0.0240391	-0.00317689	0.0069571	-8.35496e-05	0.000640182	2.18001	0.438439	0.997974	0.0251074	1.0	916.564	0.986167	5.66016	0.292073	0.176487	0.140934	59126.8	0.431196	0.362246	0.235418	0.723448	-5124.17	4.0	4.53168e-05	-24055.6	7.0	1.68049e-05	1.0	1205.71	40.014	1189.07	39.7748	0.496526	0.0125617	1060.09	28.6213	
0.0-2.4	6.5-30.0	0.0-100.0	0.000-1.571	0.004	0.224	71851.0	71827.0	60903.6	269.956	10923.5	151.316	-1.0	0.0	-0.25192	0.0019291	0.48787	0.0210684	3.09233	0.000159522	0.0458657	0.000555132	0.0249137	0.000478569	0.03	0.0	1.696	0.0	5.0	0.0	1.718	0.0	0.0366632	0.000284643	1.01537e-05	0.0045946	0.369473	0.00357608	0.0430983	0.00586475	-0.000930869	0.00240021	0.000358075	0.000163377	2.16125	0.0881268	0.96013	0.00419871	1.0	0.0111459	0.853793	0.0140235	0.288127	0.0117409	0.141019	7.70396e-11	0.428253	0.00772438	0.140915	0.011495	-151651.0	4.0	7.35936e-05	-822705.0	7.0	0.000173262	1.0	44975.6	244.293	15928.0	157.865	0.261528	0.00231839	1040.88	6.84628	
0.0-2.4	6.5-7.5	0.0-100.0	0.000-1.571	0.008	0.168	21834.0	21820.0	18844.0	150.878	2976.02	83.0278	-1.0	0.0	-0.225858	0.00720994	0.458246	0.0403336	3.09113	0.000309528	0.0488122	0.00113741	0.0279574	0.000884226	0.03	0.0	1.696	0.0	5.0	0.0	1.718	0.0	0.0389266	0.000555317	2.82935e-05	5.56844e-05	0.394283	0.00806802	0.0564692	0.0173463	0.0089199	0.0166626	0.000476444	0.000346428	1.98278	0.173627	0.970399	0.00742459	1.0	17.8191	0.790952	0.397146	0.403979	0.0888512	0.140929	79189.0	0.415735	0.0462193	0.141047	0.0658215	-47225.8	4.0	7.41134e-05	-223671.0	7.0	8.0965e-05	1.0	15207.7	141.866	3636.37	78.4062	0.192972	0.00386329	1053.8	15.7116	
0.0-2.4	6.5-8.0	0.0-100.0	0.000-1.571	0.008	0.168	30455.0	30436.0	26147.8	176.539	4288.66	96.457	-1.0	0.0	-0.236406	0.00470419	0.514449	0.0324077	3.0913	0.000258276	0.0474199	0.000818938	0.0261386	0.000793911	0.03	0.0	1.696	0.0	5.0	0.0	1.718	0.0	0.0385818	0.000438344	1.01726e-05	0.00459459	0.392315	0.00669388	0.0575665	0.0136708	0.00223244	0.00490816	0.000598037	0.000285979	2.00934	0.138671	0.956559	0.00623521	1.0	56012.5	0.741453	9.3991	0.305171	1.37259	0.140985	91953.0	0.403915	0.340102	0.140972	4.26049e-08	-66012.9	4.0	1.15695e-06	-322264.0	7.0	7.10274e-05	1.0	20936.7	165.648	5211.15	93.2498	0.199296	0.00330267	1046.3	13.0382	
0.0-2.4	6.5-8.5	0.0-100.0	0.000-1.571	0.008	0.168	37660.0	37639.0	32271.2	193.988	5367.82	103.498	-1.0	0.0	-0.24273	0.0035521	0.504582	0.0246666	3.09141	0.000229105	0.046978	0.00068283	0.026144	0.000591444	0.03	0.0	1.696	0.0	5.0	0.0	1.718	0.0	0.0381078	0.000340555	1.02618e-05	0.00459455	0.377206	0.00574259	0.0565076	0.0117314	-0.00114815	0.00417186	0.00113757	0.000252792	2.00908	0.120785	0.957452	0.00566625	0.999998	0.00736098	0.744783	0.0352238	0.346631	0.0262286	0.141983	0.79378	0.432763	0.0128904	0.140983	0.0174709	-81749.5	4.0	6.60311e-08	-406645.0	7.0	0.000178287	1.0	25616.1	181.963	6655.17	104.883	0.206226	0.00300435	1045.47	11.2069	
0.0-2.4	7.5-8.5	0.0-100.0	0.000-1.571	0.008	0.136	15826.0	15804.0	13414.9	125.299	2389.2	68.3531	-1.0	0.0	-0.257738	0.00345413	0.574251	0.0410934	3.09181	0.00034053	0.0445488	0.000937294	0.0232795	0.0011047	0.03	0.0	1.696	0.0	5.0	0.0	1.718	0.0	0.0370187	0.00053577	3.14286e-05	0.000250139	0.358494	0.0081887	0.0553572	0.0153282	-0.00751851	0.00509998	0.00175189	0.000369031	2.03235	0.165504	0.943573	0.00876512	1.0	0.0188171	0.708687	0.0337967	0.270241	0.0232312	0.141325	2.6348e-05	0.448333	0.0196327	0.140919	1.49193e-10	-34542.1	4.0	6.57343e-05	-157225.0	7.0	5.0865e-05	1.0	10422.8	116.307	2992.1	69.5062	0.223043	0.004744	1034.26	15.473	
0.0-2.4	8.0-10.0	0.0-100.0	0.000-1.571	0.008	0.136	21755.0	21741.0	18474.3	148.358	3266.65	82.4089	-1.0	0.0	-0.260713	0.00262108	0.446193	0.0382674	3.09266	0.000281337	0.0442281	0.00105484	0.0257036	0.000714727	0.03	0.0	1.696	0.0	5.0	0.0	1.718	0.0	0.0351951	0.000482023	2.68589e-05	0.000536565	0.346663	0.00633134	0.0458891	0.0102194	-0.0026995	0.0043131	0.000486776	0.000294071	2.19478	0.149274	0.939789	0.00742708	0.993414	0.0435269	0.845061	0.102874	0.233795	0.0527541	0.141383	5.26537e-09	0.451012	0.0281862	0.15083	0.0432276	-47534.5	4.0	2.66719e-05	-223615.0	7.0	5.22618e-05	1.0	13881.5	135.657	4592.85	85.6532	0.248607	0.00418448	1031.37	12.5899	
0.0-2.4	8.5-9.5	0.0-100.0	0.000-1.571	0.008	0.136	10677.0	10673.0	9101.74	103.762	1571.28	56.8771	-1.0	0.0	-0.256759	0.00430879	0.417417	0.0552611	3.09323	0.000392276	0.0435508	0.00152297	0.0257471	0.000965579	0.03	0.0	1.696	0.0	5.0	0.0	1.718	0.0	0.0343207	0.000673683	1.33225e-05	0.00459315	0.36051	0.00924832	0.0500628	0.0142661	0.00161968	0.00572458	0.000563996	0.000412753	2.25294	0.202615	0.935122	0.0103731	1.0	0.0350708	0.898645	0.0249249	0.237996	0.0265812	0.1418	5.13954e-06	0.452139	0.0198121	0.14942	0.0316924	-23652.6	4.0	1.57561e-06	-102403.0	7.0	2.75636e-05	1.0	6833.79	94.8006	2267.94	59.8846	0.249177	0.00593465	1041.53	18.6252	
0.0-2.4	9.5-11.0	0.0-100.0	0.000-1.571	0.008	0.128	9657.0	9649.0	8122.96	96.7931	1526.12	52.6121	-1.0	0.0	-0.261226	0.00374989	0.587244	0.0461318	3.09276	0.000414882	0.0419489	0.00107548	0.0219357	0.00116996	0.03	0.0	1.696	0.0	5.0	0.0	1.718	0.0	0.0350996	0.000584539	2.86811e-05	0.000348843	0.363097	0.00914948	0.0230452	0.0104935	-0.00132346	0.00761159	-0.000787131	0.000409007	2.46487	0.337054	0.954696	0.0113504	0.93424	0.0217926	1.0	0.00165743	0.206343	0.0253085	0.141026	0.0418684	0.423849	0.0176706	1.52875	5.4087	-20694.3	4.0	4.75319e-05	-91434.6	7.0	2.79156e-05	1.0	5824.13	86.4929	2298.82	58.4378	0.283003	0.00635482	1015.11	17.1533	
0.4-0.8	6.5-30.0	0.0-100.0	0.000-1.571	0.008	0.073	10219.0	10179.0	8707.29	99.1977	1471.65	51.0298	-1.0	0.0	-0.256092	0.00465571	0.407558	0.0758618	3.09418	0.000308238	0.0199728	0.000985345	0.0269495	0.00135398	0.03	0.0	1.696	0.0	5.0	0.0	1.718	0.0	0.0243486	0.000537784	2.82435e-05	0.000449249	0.35725	0.0082795	0.076506	0.0434519	-0.00258405	0.00354869	-0.000552274	0.000424262	1.67312	0.203336	0.973867	0.0120639	0.935901	0.0146572	1.0	0.000942044	0.221438	0.0223636	0.140921	0.0331644	0.437338	0.0181881	4.97396	1.13268	-24278.7	4.0	1.05057e-05	-99676.0	7.0	8.68801e-05	1.0	6111.62	88.0649	2595.67	61.4982	0.298103	0.00619273	1044.04	23.5212	
0.8-1.2	6.5-30.0	0.0-100.0	0.000-1.571	0.008	0.145	13137.0	13133.0	11154.0	114.225	1978.57	62.2275	-1.0	0.0	-0.249705	0.00479682	0.573351	0.0585875	3.09336	0.000350693	0.0348712	0.00087427	0.0285789	0.00129333	0.03	0.0	1.696	0.0	5.0	0.0	1.718	0.0	0.0323367	0.000406458	1.00235e-05	0.00459466	0.3807	0.008509	0.021701	0.00683238	-0.000835981	0.00729644	0.00110335	0.000359601	2.63751	0.286474	1.00666	0.00982478	0.976815	0.0307907	0.998829	0.912998	0.360916	0.0258821	0.23361	0.129742	0.4315	0.0186538	0.141018	2.51044e-05	-29574.9	4.0	1.35528e-05	-129260.0	7.0	8.53827e-05	1.0	8282.83	103.038	2871.14	65.4714	0.25741	0.00524458	1068.8	13.0206	
1.2-1.6	6.5-30.0	0.0-100.0	0.000-1.571	0.004	0.152	16181.0	16172.0	13967.4	130.974	2204.56	73.42	-1.0	0.0	-0.236592	0.00676904	0.542749	0.0597237	3.08935	0.000379907	0.0340937	0.000925371	0.0473112	0.00199265	0.03	0.0	1.696	0.0	5.0	0.0	1.718	0.0	0.0406739	0.000693629	1.10187e-05	0.00459421	0.385542	0.00765964	0.0606589	0.0149845	-0.000791808	0.00423917	0.00112623	0.000347378	1.99894	0.146766	0.956313	0.00884935	0.973447	0.740838	0.848249	0.207845	0.318709	0.0270446	0.140927	0.752118	0.465378	0.0296686	0.140896	1.14115e-08	-33412.5	4.0	1.25504e-07	-160506.0	7.0	4.03865e-05	1.0	10262.3	117.405	3705.16	75.7028	0.265272	0.00481543	1049.49	14.394	
1.6-2.0	6.5-30.0	0.0-100.0	0.000-1.571	0.004	0.145	16135.0	16123.0	13628.7	134.077	2494.41	82.704	-1.0	0.0	-0.259782	0.00332222	0.790623	0.06253	3.0895	0.000437829	0.0425728	0.000864976	0.0631322	0.00538343	0.03	0.0	1.696	0.0	5.0	0.0	1.718	0.0	0.0476179	0.0010774	1.76494e-05	0.00459116	0.362161	0.00782506	0.0501204	0.0105066	0.00447381	0.00580861	0.00243448	3.0843e-11	2.34179	0.172123	0.938817	0.00843638	0.999436	355402.0	0.836357	29331.6	0.33384	5413.03	0.140885	835649.0	0.422133	351.035	0.140935	0.000655403	-31494.2	4.0	30.1292	-158064.0	7.0	2.53147e-05	1.0	10393.4	120.756	3235.33	71.6972	0.237391	0.00471396	1054.54	15.3591	
1.6-2.4	3.0-30.0	0.0-100.0	0.000-1.571	0.004	0.24	105021.0	104799.0	87522.6	347.405	17276.3	224.287	-1.0	0.0	-0.135204	0.0114716	0.320396	0.0349389	3.08928	0.0001818	0.0631236	0.00162954	0.0409893	0.000566923	0.03	0.0	2.059	0.0	5.0	0.0	1.41	0.0	0.0491779	0.000552802	1.03367e-05	0.00459452	0.373708	0.40161	0.048199	0.00677046	0.00323956	0.0047584	0.00049033	0.00840459	2.28286	0.107063	0.877053	0.489806	0.817944	0.0	0.9999	0.0	0.604322	0.0	0.0846182	0.0	0.4172	0.0	0.483258	0.0	-1e+30	4.0	0.0	-1215560.0	7.0	7.04388e-05	1.0	81132.8	31892.0	6389.76	31890.4	0.073007	0.364368	991.631	206.39	
1.6-2.4	3.0-4.5	0.0-100.0	0.000-1.571	0.024	0.24	48579.0	48406.0	40146.1	230.876	8259.63	146.355	-1.0	0.0	5.0	1.09156	0.339251	0.036537	3.0895	0.000262279	0.0637638	0.00194087	0.038638	0.000701546	0.03	0.0	2.04	0.0	5.0	0.0	1.31	0.0	0.0486391	0.000673529	2.69452e-05	0.00010696	0.449164	0.00857084	0.0920982	0.0334626	-0.00295184	0.0134997	0.00176016	0.00036503	1.7428	0.171363	0.914638	0.00477072	1.0	0.00341626	0.551146	0.0387258	0.50489	0.0248075	0.140893	9.81578e-08	0.573316	0.021465	0.146905	0.0142507	-83432.1	4.0	1.15381e-06	-523911.0	7.0	3.31905e-05	1.0	35110.1	225.652	5036.01	104.824	0.125442	0.00250942	1019.44	22.6258	
1.6-2.4	3.0-5.5	0.0-100.0	0.000-1.571	0.024	0.24	68359.0	68151.0	56672.6	274.043	11478.4	172.93	-1.0	0.0	0.618987	0.0305689	0.28812	0.0315202	3.08905	0.000223321	0.0647119	0.00184739	0.0404427	0.000573726	0.03	0.0	2.04	0.0	5.0	0.0	1.31	0.0	0.0486919	0.000569599	1.07449e-05	0.00459433	0.456177	0.00699666	0.0947176	0.0252455	-0.00210053	0.00695986	0.000877372	0.000294955	1.7053	0.119034	0.912405	0.00403825	0.990455	0.00292438	0.654701	0.0182071	0.460407	0.0106277	1.00868	0.261659	0.43172	0.00876777	0.140892	4.80281e-09	-117782.0	4.0	1.2003e-05	-760584.0	7.0	0.000338291	1.0	49260.3	266.665	7412.22	125.12	0.13079	0.00211524	1014.43	16.1016	
1.6-2.4	3.0-6.5	0.0-100.0	0.000-1.571	0.016	0.24	81876.0	81659.0	68198.3	303.459	13460.7	193.243	-1.0	0.0	0.0757077	0.0586793	0.314537	0.0325833	3.08924	0.000206279	0.0642804	0.00163195	0.040584	0.000597956	0.03	0.0	2.04	0.0	5.0	0.0	1.31	0.0	0.0492814	0.00055611	1.26007e-05	0.00459348	0.444257	0.0062182	0.0545752	0.0111807	0.00463949	0.00732318	0.000725718	0.00025147	2.11806	0.135123	0.934199	0.00359591	0.961725	0.0162397	0.700914	0.161965	0.45354	0.10376	0.140889	1.5135e-09	0.491883	0.0234015	0.140895	0.110388	-142920.0	4.0	0.000105262	-926200.0	7.0	3.69687e-05	1.0	59095.0	294.839	9103.27	139.379	0.133482	0.00195552	1034.37	12.4382	
1.6-2.4	4.5-5.5	0.0-100.0	0.000-1.571	0.024	0.192	19779.0	19738.0	16353.2	156.753	3384.84	107.542	-1.0	0.0	-0.223707	0.00746309	0.398956	0.094719	3.08789	0.000433772	0.0582556	0.00303024	0.0413615	0.0012199	0.03	0.0	2.04	0.0	5.0	0.0	1.31	0.0	0.0488078	0.00113302	2.75213e-05	0.000465277	0.437774	0.0121502	0.103514	0.0420907	-0.000476917	0.00793976	-0.000601021	0.000503054	1.6297	0.164957	0.906396	0.00759189	0.948061	0.137424	0.879263	0.220571	0.315628	0.0233956	0.140895	0.267911	0.408535	0.0192143	0.141037	0.173741	-34579.5	4.0	9.41062e-06	-195705.0	7.0	0.000107241	1.0	14081.9	149.828	2271.24	68.5734	0.138887	0.00397633	1005.7	23.8576	
1.6-2.4	5.5-6.5	0.0-100.0	0.000-1.571	0.024	0.16	13517.0	13496.0	11514.8	125.414	1981.25	78.702	-1.0	0.0	-0.236482	0.00741319	0.452324	0.0949671	3.09029	0.000529488	0.0627374	0.00283825	0.0412534	0.00202989	0.03	0.0	2.04	0.0	5.0	0.0	1.31	0.0	0.0520807	0.00135243	1.00139e-05	0.00459467	0.430505	0.0131422	0.163974	0.0525224	0.00159916	0.00563014	0.000610654	0.000553734	1.56105	0.126401	0.883231	0.00969278	0.855372	877.64	0.999912	375653.0	0.439608	549.461	0.140962	2.16269e-05	0.484113	438.806	0.140908	1812140.0	-25229.8	4.0	8.88481e-05	-128948.0	7.0	1.25612e-05	1.0	9731.3	119.254	1783.46	58.0094	0.154885	0.00474699	1025.56	26.6641	
1.6-2.4	6.5-30.0	0.0-100.0	0.000-1.571	0.008	0.188	23145.0	23136.0	19416.2	159.527	3719.76	98.7505	-1.0	0.0	-0.257185	0.00298288	0.675015	0.0555867	3.08987	0.000392806	0.0517585	0.000877482	0.0388997	0.00191714	0.03	0.0	1.696	0.0	5.0	0.0	1.718	0.0	0.0479593	0.000529247	1.30059e-05	0.00459329	0.359771	0.00671598	0.0446101	0.00857781	0.00265167	0.00592245	-5.50172e-05	0.000314685	2.45063	0.167161	0.923907	0.0071893	0.99999	2.6739	0.848718	0.00538958	0.307718	0.00386897	0.141002	2.16834	0.410217	0.00337266	0.140943	0.00457741	-43641.8	4.0	4.55839e-08	-234151.0	7.0	4.44244e-05	1.0	14783.8	146.139	4632.39	89.7289	0.238584	0.00418501	1040.88	14.1073	
2.0-2.4	6.5-30.0	0.0-100.0	0.000-1.571	0.008	0.144	7009.0	6998.0	5865.46	90.0983	1132.71	58.1679	-1.0	0.0	-0.251903	0.00663668	0.552897	0.10758	3.08933	0.000807936	0.0597432	0.0023516	0.0446296	0.00251447	0.03	0.0	1.696	0.0	5.0	0.0	1.718	0.0	0.0535161	0.00117257	1.21911e-05	0.00459367	0.374941	0.0134125	0.0274908	0.012152	-0.01	0.0156797	-0.00166731	0.000629629	3.13309	0.601028	0.921954	0.0135074	1.0	0.00541328	0.894277	0.0415657	0.264746	0.0372923	0.294752	8.81911e-05	0.387975	0.0204488	0.14098	0.0456008	-12199.0	4.0	7.89007e-05	-61811.3	7.0	6.39248e-05	1.0	4512.84	83.2193	1352.62	50.5148	0.230607	0.00785002	1047.13	36.3475	
