weighted_noTnPSF
rap	pT	cent	dPhi	ctauErrMin	ctauErrMax	NoCutEntry	CutEntry	NSig	NSigErr	NBkg	NBkgErr	coefExp	coefExpErr	coefPol1	coefPol1Err	coeffGaus	coeffGausErr	meanSig1	meanSig1Err	sigmaSig1	sigmaSig1Err	sigmaSig2	sigmaSig2Err	sigmaSig3	sigmaSig3Err	alpha	alphaErr	enne	enneErr	enneW	enneWErr	sigWidth	sigWidthErr	Gmc	GmcErr	bTau	bTauErr	fracRes	fracResErr	meanResSigW	meanResSigWErr	meanResSigN	meanResSigNErr	sigmaResSigW	sigmaResSigWErr	sigmaResSigN	sigmaResSigNErr	fpm	fpmErr	fLiving	fLivingErr	fbkgCtTot	fbkgCtTotErr	lambdam	lambdamErr	lambdap	lambdapErr	lambdasym	lambdasymErr	NLL	nFitPar	EDM	NLLMass	nFitParMass	EDMMass	Prob	PROMPT	PROMPTErr	NON-PROMPT	NON-PROMPTErr	Bfraction	BfractionErr	Resolution	ResolutionErr	
0.0-0.4	6.5-30.0	0.0-100.0	0.000-1.571	0.008	0.064	5869.0	5866.0	3834.01	215.405	2032.58	178.013	-0.171783	0.261005	-0.05	0.0	0.578634	0.217549	3.09289	0.00124248	0.0190703	0.0064811	0.0187688	0.0103979	0.03	0.0	1.492	0.0	5.0	0.0	1.733	0.0	0.0189438	0.00287642	1.86511e-05	9.62505e-05	0.445652	0.108145	0.650386	0.167133	-0.000266231	0.00113589	0.00215704	0.00187971	1.30969	0.063225	0.712088	0.0394261	0.663905	0.837055	0.572476	0.614994	0.253634	0.507952	0.0346934	0.117399	0.369957	0.214802	0.0715621	0.0324207	-17855.0	4.0	16073.7	-291699.0	7.0	205575.0	1.0	2427.31	183.851	1406.7	146.457	0.3669	0.0321604	1.13705	0.0505047	
0.0-1.2	6.5-30.0	0.0-10.0	0.000-1.571	0.008	0.088	8409.0	8406.0	4384.97	164.855	4020.95	163.177	0.0293075	0.137429	-0.05	0.0	0.532607	0.0	3.09233	0.0	0.0197889	0.0	0.0377044	0.0028181	0.03	0.0	1.492	0.0	5.0	0.0	1.733	0.0	0.029547	0.000840403	1.48841e-05	2.84191e-05	0.329175	0.0651284	0.236177	0.0	5.83622e-05	0.0	0.00279556	0.00138042	1.60413	0.0	0.957336	0.0364674	0.679358	1.47476	0.568609	1.40492	0.524021	0.277473	0.0467126	0.0777467	0.257076	0.146791	0.113918	0.148396	-28906.3	4.0	10230.7	-333433.0	4.0	96.4396	1.0	2965.79	174.316	1419.18	144.224	0.323647	0.0305572	1.14358	0.0116591	
0.0-1.2	6.5-30.0	0.0-100.0	0.000-1.571	0.008	0.105	22946.0	22940.0	14130.8	317.168	8809.7	282.624	0.0433041	0.142827	-0.05	0.0	0.532607	0.35444	3.09233	0.000682657	0.0197889	0.00361424	0.0365975	0.0135747	0.03	0.0	1.492	0.0	5.0	0.0	1.733	0.0	0.0288892	0.00407256	1.87255e-05	2.6751e-05	0.399118	0.049852	0.236177	0.079527	5.83622e-05	0.00144617	0.00111229	0.000668762	1.60413	0.0920545	0.896725	0.0192902	0.592429	0.238177	0.929232	0.0936685	0.471573	0.202991	0.0583798	0.0391426	0.224932	0.0437248	1.09864	4.83642	-32555.1	4.0	55608.4	-1184750.0	7.0	936954.0	1.0	9503.03	321.032	4627.75	261.448	0.327494	0.0169792	1.10541	0.0360141	
0.0-1.2	6.5-30.0	10.0-20.0	0.000-1.571	0.008	0.088	5636.0	5634.0	3410.8	155.814	2223.92	129.977	0.140164	0.241374	-0.05	0.0	0.532607	0.0	3.09233	0.0	0.0197889	0.0	0.0369603	0.00364337	0.03	0.0	1.492	0.0	5.0	0.0	1.733	0.0	0.0291042	0.00108127	1.48841e-05	2.84191e-05	0.484904	0.131519	0.236177	0.0	5.83622e-05	0.0	0.00141799	0.00143914	1.60413	0.0	0.91608	0.0400181	0.445265	8.64877	0.840538	1.89762	0.334646	9.72085	0.0365005	0.469774	0.290079	0.313185	0.584091	2.18828	-3585.33	4.0	15522.3	-289348.0	4.0	1346.65	1.0	2120.58	155.948	1290.22	135.681	0.378275	0.0358305	1.11747	0.012529	
0.0-1.2	6.5-30.0	20.0-30.0	0.000-1.571	0.008	0.105	3937.0	3933.0	2544.26	127.419	1389.25	107.138	0.332598	0.428282	-0.05	0.0	0.532607	0.0	3.09233	0.0	0.0197889	0.0	0.0360212	0.00329459	0.03	0.0	1.492	0.0	5.0	0.0	1.733	0.0	0.0285486	0.000971462	1.87255e-05	2.6751e-05	0.534539	0.269851	0.236177	0.0	5.83622e-05	0.0	0.00130507	0.00157843	1.60413	0.0	0.861354	0.0438204	0.552339	0.00594423	1.0	267.808	0.428365	0.01018	0.0455949	0.000565906	0.211421	0.00237623	0.0224419	1381.44	18015.9	4.0	20788.5	-215171.0	4.0	743623.0	1.0	1711.72	154.534	832.536	135.168	0.327222	0.0505363	1.08372	0.0133016	
0.0-1.2	6.5-30.0	30.0-40.0	0.000-1.571	0.008	0.064	2281.0	2279.0	1632.71	92.8029	646.576	60.5105	-0.411037	0.301622	-0.05	0.0	0.532607	0.0	3.09233	0.0	0.0197889	0.0	0.0387914	0.0022419	0.03	0.0	1.492	0.0	5.0	0.0	1.733	0.0	0.0301975	0.000673028	2.67574e-05	4.09709e-05	0.308783	0.0783914	0.236177	0.0	5.83622e-05	0.0	-0.000906074	0.00177657	1.60413	0.0	0.841518	0.0485724	0.544241	0.122797	0.999742	0.966989	0.411083	0.155492	0.0660497	0.026837	0.191826	0.0429584	0.062389	2.12651	-15015.6	4.0	2642.78	-78314.7	4.0	306.752	1.0	1154.8	96.0383	477.908	75.1852	0.292708	0.0429387	1.07175	0.0145654	
0.0-1.2	6.5-30.0	40.0-50.0	0.000-1.571	0.016	0.048	1397.0	1379.0	1058.97	68.2612	320.221	47.5878	-0.186787	0.583319	-0.05	0.0	0.532607	0.0	3.09233	0.0	0.0197889	0.0	0.0364614	0.00479207	0.03	0.0	1.492	0.0	5.0	0.0	1.733	0.0	0.0288087	0.00141738	1.07336e-05	8.63113e-05	0.315135	0.074213	0.236177	0.0	5.83622e-05	0.0	-0.00265819	0.00221439	1.60413	0.0	0.893303	0.0707276	0.63917	9.16133	1.0	0.118126	0.18882	18.6865	0.00902871	0.229846	0.856787	1.48353	2.25622	31.511	-5028.38	4.0	929.746	-41151.5	4.0	295.062	1.0	709.558	65.485	349.41	51.996	0.329953	0.044255	1.1033	0.0218705	
0.0-1.2	6.5-30.0	50.0-100.0	0.000-1.571	0.008	0.056	1283.0	1281.0	1097.12	67.302	184.077	43.3797	-1.02468	0.845432	-0.05	0.0	0.532607	0.0	3.09233	0.0	0.0197889	0.0	0.0327804	0.00286622	0.03	0.0	1.492	0.0	5.0	0.0	1.733	0.0	0.026661	0.00082357	1.7457e-05	3.13754e-05	0.379218	0.119257	0.236177	0.0	5.83622e-05	0.0	0.00197767	0.00154001	1.60413	0.0	0.773515	0.0626045	0.502543	0.0202523	1.0	328.557	1.26356e-06	0.0138085	0.0165157	0.00237833	0.220906	0.00499497	0.0219857	1019.13	-7352.7	4.0	1386.84	-37856.0	4.0	2130.75	1.0	796.236	66.4373	300.887	48.6706	0.274251	0.0410482	1.03187	0.0179231	
0.0-2.4	10.0-13.0	0.0-100.0	0.000-1.571	0.008	0.136	7152.0	7150.0	5129.65	280.715	2020.68	218.284	-0.717311	0.24647	-0.05	0.0	0.514321	0.344637	3.09178	0.00184498	0.0420556	0.00544079	0.0219579	0.00766442	0.03	0.0	1.492	0.0	5.0	0.0	1.733	0.0	0.0338207	0.00211831	1.21637e-05	1.85867	0.415479	0.0819275	0.294117	0.0867943	0.000270012	0.00176522	0.000290527	0.000901925	1.60695	0.0922641	0.790223	0.0253034	0.877877	0.291662	0.518891	0.224773	1.44787e-07	12.358	0.0903563	0.104523	0.302697	0.0708251	0.026706	0.0163019	-7440.51	4.0	16253.0	-225473.0	7.0	151379.0	1.0	3449.79	227.255	1679.85	156.382	0.327479	0.0246623	1.09557	0.0440584	
0.0-2.4	10.0-30.0	0.0-100.0	0.000-1.571	0.004	0.144	10967.0	10965.0	7937.86	265.263	3027.24	203.359	-0.734061	0.159217	-0.05	0.0	0.514049	0.192335	3.09284	0.00112347	0.0431356	0.00394572	0.0214155	0.00425283	0.03	0.0	1.492	0.0	5.0	0.0	1.733	0.0	0.0343417	0.00142755	1.70873e-05	5.44529e-05	0.385001	0.0509249	0.236071	0.0672041	0.00122446	0.0014114	0.000215518	0.000654383	1.62051	0.0854295	0.857542	0.0201685	0.901676	0.40079	0.724102	0.934624	0.273764	0.70521	0.081409	0.130714	0.30564	0.0686682	0.0343817	0.0739398	-12838.9	4.0	20734.1	-328162.0	7.0	357893.0	1.0	5156.27	225.337	2781.59	172.414	0.350421	0.0182935	1.08706	0.0334179	
0.0-2.4	11.0-13.0	0.0-100.0	0.000-1.571	0.008	0.105	3782.0	3780.0	2814.77	280.258	965.913	201.929	-0.890016	0.446044	-0.05	0.0	0.522826	0.553405	3.09171	0.00367633	0.0439641	0.0114315	0.0210756	0.0124827	0.03	0.0	1.492	0.0	5.0	0.0	1.733	0.0	0.0349641	0.00416437	1.31317e-05	0.000141526	0.498203	0.154534	0.127384	0.054916	-0.0011181	0.00400296	0.00171926	0.00130903	1.9166	0.182182	0.912494	0.0377356	0.829429	1.23019	0.570591	1.03522	6.08048e-07	8.88619	0.0828823	0.323662	0.306086	0.150928	0.0206078	0.742079	-3273.64	4.0	12927.3	-140028.0	7.0	120295.0	1.0	1761.5	204.532	1053.27	148.562	0.374194	0.0373841	1.09293	0.0433169	
0.0-2.4	13.0-16.0	0.0-100.0	0.000-1.571	0.008	0.08	2326.0	2320.0	1754.13	123.99	566.012	98.0935	-0.568845	0.334423	-0.05	0.0	0.636508	0.4307	3.09455	0.00214366	0.0450284	0.0124744	0.0166098	0.0129095	0.03	0.0	1.492	0.0	5.0	0.0	1.733	0.0	0.037294	0.00490594	3.22941e-05	7.28178e-05	0.454988	0.121987	0.190435	0.151414	0.000860929	0.00325109	0.00244367	0.00142876	1.61744	0.225591	0.940618	0.0453897	0.964623	1.63937	0.676324	1.6096	0.124405	0.25582	0.0462332	0.0599615	0.237119	0.124384	0.0383902	0.0507185	-3991.97	4.0	3333.75	-53448.7	7.0	235915.0	1.0	1151.2	102.564	602.935	75.5939	0.343723	0.0355932	1.10203	0.0691122	
0.0-2.4	13.0-30.0	0.0-100.0	0.000-1.571	0.008	0.105	3815.0	3815.0	2812.8	136.912	1002.62	111.595	-0.777557	0.235499	-0.05	0.0	0.514639	0.298323	3.09481	0.00145052	0.0452282	0.00962452	0.0203908	0.00592466	0.03	0.0	1.492	0.0	5.0	0.0	1.733	0.0	0.0354196	0.00326894	1.00009e-05	0.0022258	0.341023	0.0514339	0.132772	0.0920488	0.00351245	0.00313808	0.000218503	0.000919336	1.67468	0.204192	0.938448	0.0330252	0.880816	0.955001	0.916656	1.89102	0.368515	0.493674	0.0426094	0.0292847	0.311673	0.13279	0.0387882	0.0427297	-6114.96	4.0	4221.52	-81850.2	7.0	179394.0	1.0	1710.48	110.109	1102.32	89.8393	0.391895	0.0256176	1.06589	0.0483502	
0.0-2.4	16.0-30.0	0.0-100.0	0.000-1.571	0.008	0.064	1488.0	1485.0	1066.09	51.8182	419.889	40.8835	-0.976839	0.332586	-0.05	0.0	0.28005	0.390906	3.09378	0.00184579	0.0204498	0.0066965	0.0359027	0.00983403	0.03	0.0	1.492	0.0	5.0	0.0	1.733	0.0	0.0323286	0.00397587	1.03669e-05	0.000212641	0.226607	0.0270074	0.0950778	0.106211	0.00728087	0.00535444	-0.00144034	0.00108078	1.70142	0.346312	0.882266	0.0438099	0.550827	8.95897	0.975397	0.505764	0.116705	15.1147	0.00709663	0.032468	0.401052	0.126779	0.0551605	0.0702519	-3069.02	4.0	351.615	-22110.0	7.0	96.5844	1.0	573.742	43.3078	492.352	40.8727	0.461828	0.03108	0.989757	0.0658557	
0.0-2.4	6.5-30.0	0.0-10.0	0.000-1.571	0.008	0.184	22173.0	22173.0	9877.87	248.232	12297.3	283.794	-0.16776	0.067503	-0.05	0.0	0.437137	0.0	3.09238	0.0	0.0487826	0.0	0.0248889	0.00121934	0.03	0.0	1.492	0.0	5.0	0.0	1.733	0.0	0.0372685	0.000229172	1.10484e-05	0.188378	0.313696	0.0377143	0.197932	0.0	0.00209112	0.0	0.00423277	0.000869411	1.70729	0.0	0.990692	0.0205525	0.206535	44.4639	0.717656	37.7763	5.02067e-08	214.443	0.00370107	0.890739	0.42132	0.290694	0.100136	1.51557	-22373.7	4.0	14923.8	-922180.0	4.0	5638.57	1.0	7131.13	258.857	2746.74	199.139	0.27807	0.0189103	1.16797	0.00699125	
0.0-2.4	6.5-30.0	0.0-100.0	0.000-1.571	0.004	0.184	57294.0	57294.0	31153.8	623.255	26140.9	619.878	-0.205423	0.0532864	-0.05	0.0	0.437137	0.123899	3.09238	0.000514951	0.0487826	0.0055325	0.0244548	0.00198947	0.03	0.0	1.492	0.0	5.0	0.0	1.733	0.0	0.0371064	0.00220803	1.10484e-05	0.188378	0.337727	0.0252536	0.197932	0.0374389	0.00209112	0.00129423	0.00286585	0.000453416	1.70729	0.0620358	0.942235	0.0114158	0.592363	0.512908	0.915718	0.215886	0.553754	0.348846	0.0576371	0.0826418	0.2789	0.140639	0.461718	1.80888	-73776.2	4.0	74473.0	-2563040.0	7.0	6429.21	1.0	22325.9	562.5	8827.86	384.842	0.283364	0.0109754	1.13535	0.0194657	
0.0-2.4	6.5-30.0	0.0-5.0	0.000-1.571	0.008	0.184	12091.0	12091.0	5356.09	182.695	6736.29	196.057	-0.0225768	0.0959225	-0.05	0.0	0.437137	0.0	3.09238	0.0	0.0487826	0.0	0.0242022	0.00190689	0.03	0.0	1.492	0.0	5.0	0.0	1.733	0.0	0.0370131	0.000350911	1.10484e-05	0.188378	0.339037	0.067431	0.197932	0.0	0.00209112	0.0	0.00473753	0.0012382	1.70729	0.0	1.04855	0.0295309	0.665173	0.867315	0.831198	0.929078	0.642872	0.424023	0.0645305	0.236275	0.218791	0.0960861	0.224471	0.610851	-28811.4	4.0	9813.15	-440686.0	4.0	33.3512	1.0	3872.93	204.409	1483.16	163.984	0.276911	0.0291228	1.2078	0.0102814	
0.0-2.4	6.5-30.0	10.0-15.0	0.000-1.571	0.008	0.152	7614.0	7611.0	3791.04	135.072	3820.47	138.667	-0.103501	0.127615	-0.05	0.0	0.437137	0.0	3.09238	0.0	0.0487826	0.0	0.0237207	0.00133563	0.03	0.0	1.492	0.0	5.0	0.0	1.733	0.0	0.0368372	0.000242047	2.54256e-05	2.68579e-05	0.330841	0.0491805	0.197932	0.0	0.00209112	0.0	0.00498162	0.00133985	1.70729	0.0	0.932428	0.0302326	0.393487	0.0840668	0.845062	0.127867	0.350338	0.15794	0.0291094	0.00881553	0.164808	0.0389132	0.211999	0.120352	-24901.4	4.0	2809.55	-229308.0	4.0	211.741	1.0	2667.29	137.821	1123.75	107.547	0.296423	0.0263296	1.12884	0.0100148	
0.0-2.4	6.5-30.0	10.0-20.0	0.000-1.571	0.008	0.16	13948.0	13946.0	7306.2	205.586	6639.13	192.956	-0.129344	0.102165	-0.05	0.0	0.437137	0.0	3.09238	0.0	0.0487826	0.0	0.0237663	0.000525073	0.03	0.0	1.492	0.0	5.0	0.0	1.733	0.0	0.0368537	9.52953e-05	1.13588e-05	0.0219528	0.375656	0.0623617	0.197932	0.0	0.00209112	0.0	0.00310904	0.00100964	1.70729	0.0	0.950171	0.0239479	0.465156	7.04018	0.834399	2.55954	0.424516	8.21873	0.0343556	0.534289	0.191916	1.46647	0.435683	5.8653	-22018.8	4.0	18886.9	-542596.0	4.0	5965.27	1.0	5056.45	228.709	2249.75	189.924	0.307924	0.0245084	1.14064	0.0080002	
0.0-2.4	6.5-30.0	15.0-20.0	0.000-1.571	0.008	0.16	6334.0	6334.0	3512.19	1035.47	2821.99	907.612	-0.163904	3.56467	-0.05	0.0	0.437137	0.0	3.09238	0.0	0.0487826	0.0	0.0238124	0.00343201	0.03	0.0	1.492	0.0	5.0	0.0	1.733	0.0	0.0368705	0.0006238	1.13588e-05	0.0219528	0.423369	0.123255	0.197932	0.0	0.00209112	0.0	0.00058592	0.00152091	1.70729	0.0	0.970857	0.0369469	0.60839	0.776639	0.759413	0.453379	0.523327	0.617835	0.0443476	0.0944329	0.255969	0.309578	0.559147	1.56061	-943.091	4.0	15633.2	-271949.0	4.0	1747310000.0	1.0	2371.3	713.45	1140.89	365.226	0.324837	0.0405191	1.15453	0.0124598	
0.0-2.4	6.5-30.0	20.0-25.0	0.000-1.571	0.008	0.145	5125.0	5125.0	3009.47	120.941	2115.73	101.372	-0.272314	0.158977	-0.05	0.0	0.437137	0.0	3.09238	0.0	0.0487826	0.0	0.0234432	0.00183418	0.03	0.0	1.492	0.0	5.0	0.0	1.733	0.0	0.0367371	0.000329404	1.27502e-05	0.000164255	0.35725	0.0715327	0.197932	0.0	0.00209112	0.0	0.00247959	0.00117133	1.70729	0.0	0.857492	0.0278431	0.464768	0.110191	0.948857	0.0968004	0.422259	0.199395	0.0405668	0.0138656	0.198287	0.0506298	0.663503	1.92932	-17492.2	4.0	4190.89	-159441.0	4.0	130.851	1.0	2189.4	126.183	820.076	96.2652	0.272498	0.0300545	1.08014	0.00886444	
0.0-2.4	6.5-30.0	20.0-30.0	0.000-1.571	0.008	0.152	9442.0	9442.0	5659.22	171.78	3783.68	146.216	-0.132046	0.154894	-0.05	0.0	0.437137	0.0	3.09238	0.0	0.0487826	0.0	0.0235535	0.00107388	0.03	0.0	1.492	0.0	5.0	0.0	1.733	0.0	0.0367768	0.000193558	2.54256e-05	2.68579e-05	0.423662	0.111806	0.197932	0.0	0.00209112	0.0	0.00263451	0.00100162	1.70729	0.0	0.869151	0.0252963	0.489418	1.5258	0.964781	0.221673	0.440102	1.7124	0.0391702	0.106452	0.185576	0.0990144	0.537367	3.97086	105.474	4.0	26229.1	-390688.0	4.0	1224.63	1.0	4051.44	212.155	1607.79	179.634	0.284101	0.0305479	1.08759	0.00810718	
0.0-2.4	6.5-30.0	25.0-30.0	0.000-1.571	0.008	0.136	4317.0	4313.0	2647.32	122.772	1665.78	104.937	0.0467218	0.294917	-0.05	0.0	0.437137	0.0	3.09238	0.0	0.0487826	0.0	0.0236965	0.000933382	0.03	0.0	1.492	0.0	5.0	0.0	1.733	0.0	0.0368284	0.000169018	1.61666e-05	1.68756e-05	0.501851	0.268633	0.197932	0.0	0.00209112	0.0	0.00199788	0.00175831	1.70729	0.0	0.896561	0.0461263	0.633107	5.70266	0.95753	2.40829	0.565756	3.89659	0.0424099	0.691395	0.174702	0.209277	0.13462	2.17544	13963.7	4.0	19690.7	-199377.0	4.0	5755.47	1.0	1852.34	173.572	794.978	155.264	0.300295	0.056972	1.10529	0.0150049	
0.0-2.4	6.5-30.0	30.0-35.0	0.000-1.571	0.008	0.128	3271.0	3267.0	1957.62	90.4852	1310.07	79.9715	-0.421848	0.203645	-0.05	0.0	0.437137	0.0	3.09238	0.0	0.0487826	0.0	0.0250968	0.00199784	0.03	0.0	1.492	0.0	5.0	0.0	1.733	0.0	0.0373469	0.000377831	1.79639e-05	0.125254	0.322052	0.0807516	0.197932	0.0	0.00209112	0.0	0.0019354	0.00161128	1.70729	0.0	0.891366	0.0415764	0.628833	0.513795	0.858664	3.64201	0.462987	1.77479	0.0567886	0.0405503	0.306957	0.22167	0.0418516	0.195778	-10452.8	4.0	1332.2	-85387.1	4.0	44.9558	1.0	1496.42	93.905	461.199	66.9957	0.235592	0.0324444	1.10191	0.0134877	
0.0-2.4	6.5-30.0	30.0-40.0	0.000-1.571	0.008	0.128	5627.0	5623.0	3583.57	129.155	2040.07	108.113	-0.409599	0.168614	-0.05	0.0	0.437137	0.0	3.09238	0.0	0.0487826	0.0	0.0239738	0.000979402	0.03	0.0	1.492	0.0	5.0	0.0	1.733	0.0	0.0369293	0.000178937	1.79639e-05	0.125254	0.255095	0.041344	0.197932	0.0	0.00209112	0.0	0.00117147	0.00121009	1.70729	0.0	0.834388	0.0303958	0.775863	0.748816	0.5842	1.20973	0.391435	0.550753	0.0660242	0.0401328	0.419194	0.291704	0.0574512	0.0494495	-17509.8	4.0	4002.87	-179594.0	4.0	1545.75	1.0	2590.87	140.448	992.707	110.844	0.277016	0.0292754	1.06552	0.00954552	
0.0-2.4	6.5-30.0	35.0-40.0	0.000-1.571	0.008	0.12	2356.0	2356.0	1622.27	446.325	733.96	348.911	-0.384057	1.76567	-0.05	0.0	0.437137	0.0	3.09238	0.0	0.0487826	0.0	0.0227435	0.00169593	0.03	0.0	1.492	0.0	5.0	0.0	1.733	0.0	0.0364887	0.000297494	2.47093e-05	3.60563e-05	0.213147	0.0470323	0.197932	0.0	0.00209112	0.0	0.000995145	0.00181266	1.70729	0.0	0.784515	0.0436823	1.0	1737.36	0.444889	0.283981	0.374165	0.106297	0.0802661	2483.54	0.617251	0.262224	0.0751932	0.00975436	-8203.64	4.0	2190.68	-79258.2	4.0	1041710000.0	1.0	1090.59	311.406	531.68	168.351	0.327738	0.0513704	1.03469	0.0132824	
0.0-2.4	6.5-30.0	40.0-45.0	0.000-1.571	0.008	0.12	1773.0	1771.0	1257.68	68.0003	513.91	52.4223	-0.409212	0.37144	-0.05	0.0	0.437137	0.0	3.09238	0.0	0.0487826	0.0	0.0234056	0.00246399	0.03	0.0	1.492	0.0	5.0	0.0	1.733	0.0	0.0367236	0.000441964	2.47093e-05	3.60563e-05	0.273986	0.0602377	0.197932	0.0	0.00209112	0.0	-0.0018894	0.00181324	1.70729	0.0	0.903398	0.0486855	0.976977	128.222	1.0	0.182036	0.555431	25.9426	0.00101973	182.015	0.649571	0.851488	2.7776	42.9375	-5377.41	4.0	489.566	-40941.3	4.0	245.726	1.0	938.596	67.7724	319.079	48.1181	0.253706	0.0357159	1.10974	0.0158942	
0.0-2.4	6.5-30.0	40.0-50.0	0.000-1.571	0.008	0.136	3190.0	3185.0	2306.98	94.3983	878.498	67.8615	-0.913646	0.267206	-0.05	0.0	0.437137	0.0	3.09238	0.0	0.0487826	0.0	0.0253165	0.00207354	0.03	0.0	1.492	0.0	5.0	0.0	1.733	0.0	0.0374303	0.000394698	1.61666e-05	1.68756e-05	0.292312	0.0455756	0.197932	0.0	0.00209112	0.0	-0.000359045	0.00134938	1.70729	0.0	0.811411	0.0381867	0.499401	4.08333	1.0	0.559195	0.0919227	6.57886	0.0226119	0.103427	0.4594	0.246637	4.51325	450.825	-10766.3	4.0	1154.25	-84455.9	4.0	196.958	1.0	1631.8	93.3765	675.177	70.8807	0.292668	0.0282946	1.0512	0.0118209	
0.0-2.4	6.5-30.0	45.0-50.0	0.000-1.571	0.008	0.136	1416.0	1413.0	1055.45	65.562	358.214	42.2132	-1.69442	0.429913	-0.05	0.0	0.437137	0.0	3.09238	0.0	0.0487826	0.0	0.0284243	0.00366793	0.03	0.0	1.492	0.0	5.0	0.0	1.733	0.0	0.0386657	0.000758855	1.61666e-05	1.68756e-05	0.3106	0.067821	0.197932	0.0	0.00209112	0.0	-0.00328671	0.00207659	1.70729	0.0	0.743501	0.0523611	0.822359	3.02713	0.619532	2.20374	2.00998e-07	110.562	0.0282863	0.0619203	0.30243	0.115503	0.0258613	0.0239408	-5840.85	4.0	671.084	-36257.9	4.0	55.8102	1.0	689.386	65.0875	366.068	54.0339	0.346835	0.0464409	1.01011	0.0154562	
0.0-2.4	6.5-30.0	5.0-10.0	0.000-1.571	0.008	0.112	10082.0	10033.0	4523.31	169.216	5509.81	204.847	-0.33026	0.103843	-0.05	0.0	0.437137	0.0	3.09238	0.0	0.0487826	0.0	0.0255924	0.00156194	0.03	0.0	1.492	0.0	5.0	0.0	1.733	0.0	0.0375358	0.000299711	1.67157e-05	3.06522e-05	0.291399	0.0398104	0.197932	0.0	0.00209112	0.0	0.00122221	0.00117636	1.70729	0.0	0.911367	0.0297601	0.908607	0.410392	0.318153	0.363354	0.391702	0.454686	0.251173	0.650526	0.560128	0.540236	0.0678032	0.054714	-1020.31	4.0	3399.21	-411912.0	4.0	11877.5	1.0	3233.55	164.17	1289.77	121.025	0.285138	0.0245375	1.11496	0.00975554	
0.0-2.4	6.5-30.0	50.0-100.0	0.000-1.571	0.008	0.088	2912.0	2884.0	2375.63	93.3427	508.731	58.0321	-0.73006	0.354728	-0.05	0.0	0.437137	0.0	3.09238	0.0	0.0487826	0.0	0.0253028	0.00172478	0.03	0.0	1.492	0.0	5.0	0.0	1.733	0.0	0.0374251	0.00032818	2.59256e-05	2.3357e-05	0.335142	0.0695192	0.197932	0.0	0.00209112	0.0	0.00341651	0.00119559	1.70729	0.0	0.84885	0.0427224	0.536933	2.45464	0.999999	1869.46	0.00128743	14.1952	0.0127518	0.422113	0.244416	0.368714	0.020006	8721.39	-13164.1	4.0	1959.57	-77901.2	4.0	1273.71	1.0	1788.31	97.525	587.32	71.4589	0.247227	0.0284682	1.07465	0.0135332	
0.0-2.4	6.5-30.0	50.0-55.0	0.000-1.571	0.008	0.08	1025.0	1013.0	825.039	51.9	188.653	28.7213	-0.314465	0.470953	-0.05	0.0	0.437137	0.0	3.09238	0.0	0.0487826	0.0	0.0261112	0.00266578	0.03	0.0	1.492	0.0	5.0	0.0	1.733	0.0	0.0377363	0.000519115	1.06333e-05	0.0003574	0.271184	0.0833216	0.197932	0.0	0.00209112	0.0	0.00270634	0.00267518	1.70729	0.0	0.90007	0.0742059	0.648129	0.457406	0.875182	0.908835	0.080241	0.39107	0.0336922	0.0186527	0.213153	0.0993584	0.0326752	0.0353762	-5363.13	4.0	305.293	-20584.6	4.0	26.0022	1.0	632.259	56.9428	192.78	42.5165	0.233661	0.049392	1.10757	0.0241838	
0.0-2.4	6.5-30.0	50.0-60.0	0.000-1.571	0.008	0.08	1642.0	1626.0	1342.43	64.2041	284.181	35.3307	-0.426784	0.384148	-0.05	0.0	0.437137	0.0	3.09238	0.0	0.0487826	0.0	0.0267192	0.00209439	0.03	0.0	1.492	0.0	5.0	0.0	1.733	0.0	0.0379751	0.000414719	1.06333e-05	0.0003574	0.242875	0.0503709	0.197932	0.0	0.00209112	0.0	0.00376523	0.00193445	1.70729	0.0	0.858772	0.0516602	0.650835	14.3325	0.748528	13.8139	0.000111136	121.945	0.0260398	0.0641433	0.291693	0.180084	0.0222107	0.346652	-8411.77	4.0	313.166	-33434.6	4.0	22.1861	1.0	1018.38	67.9744	324.05	49.8846	0.241392	0.0353211	1.08095	0.0164592	
0.0-2.4	6.5-30.0	55.0-60.0	0.000-1.571	0.008	0.073	617.0	610.0	516.709	37.6996	93.8964	20.4248	-0.679128	0.691113	-0.05	0.0	0.437137	0.0	3.09238	0.0	0.0487826	0.0	0.0277246	0.00333361	0.03	0.0	1.492	0.0	5.0	0.0	1.733	0.0	0.0383786	0.00067774	1.72071e-05	2.22879e-05	0.201647	0.0439065	0.197932	0.0	0.00209112	0.0	0.00473325	0.00264116	1.70729	0.0	0.813317	0.0704038	0.578487	18.0293	0.999908	40.9355	0.0437148	20.2401	0.00459984	0.87627	0.419589	0.28226	0.0200021	15.8261	-3106.62	4.0	13.5022	-9963.17	4.0	20.2341	1.0	387.365	36.954	129.344	25.6103	0.250322	0.0460766	1.05238	0.0218206	
0.0-2.4	6.5-30.0	60.0-100.0	0.000-1.571	0.008	0.088	1269.0	1252.0	1028.52	67.6103	224.606	45.7195	-1.12975	0.778023	-0.05	0.0	0.437137	0.0	3.09238	0.0	0.0487826	0.0	0.0228855	0.00250669	0.03	0.0	1.492	0.0	5.0	0.0	1.733	0.0	0.0365386	0.000441856	2.59256e-05	2.3357e-05	0.439666	0.162269	0.197932	0.0	0.00209112	0.0	0.00317288	0.00153031	1.70729	0.0	0.789335	0.0565664	0.553891	0.694589	0.999999	473.538	2.97006e-05	0.0775226	0.0195509	0.0234733	0.205214	0.146295	0.0209201	1671.89	-5412.11	4.0	1738.31	-37524.7	4.0	1346.15	1.0	750.697	67.5966	277.819	49.6753	0.270116	0.0449156	1.03763	0.0172568	
0.0-2.4	6.5-30.0	60.0-70.0	0.000-1.571	0.008	0.088	848.0	833.0	684.148	57.6522	149.65	42.006	-1.56229	1.34623	-0.05	0.0	0.437137	0.0	3.09238	0.0	0.0487826	0.0	0.0197132	0.0020823	0.03	0.0	1.492	0.0	5.0	0.0	1.733	0.0	0.0354825	0.000325581	2.59256e-05	2.3357e-05	0.496302	0.275196	0.197932	0.0	0.00209112	0.0	0.00225205	0.00234228	1.70729	0.0	0.817483	0.098532	0.417129	9.97703	0.999978	2114.87	4.36403e-05	3.56772	0.00883049	0.0413987	0.236612	2.92693	0.020238	11272.8	-3630.32	4.0	204388.0	-26195.1	4.0	1616.26	1.0	488.566	59.8322	195.582	46.4381	0.285877	0.0634584	1.05496	0.0306197	
0.0-2.4	6.5-30.0	70.0-100.0	0.000-1.571	0.016	0.073	420.0	416.0	343.433	35.9377	73.1835	18.4462	-0.325121	0.742641	-0.05	0.0	0.437137	0.0	3.09238	0.0	0.0487826	0.0	0.0289508	0.00746008	0.03	0.0	1.492	0.0	5.0	0.0	1.733	0.0	0.0388849	0.00156313	1.00217e-05	0.000162887	0.318807	0.171397	0.197932	0.0	0.00209112	0.0	0.00365078	0.00382993	1.70729	0.0	0.819513	0.0911249	0.781408	0.0668747	0.999994	24.1649	4.2833e-06	0.0397523	0.048308	0.0120296	0.157844	0.0135345	0.0971526	66.0568	-2036.38	4.0	316.931	-8425.62	4.0	71.0619	1.0	258.346	37.8957	85.0866	28.0093	0.247753	0.0773265	1.05622	0.0283542	
0.0-2.4	6.5-7.5	0.0-100.0	0.000-1.571	0.016	0.16	23550.0	23544.0	9638.59	424.109	13905.3	464.518	-0.041075	0.0780206	-0.05	0.0	0.374382	0.249896	3.09113	0.00119909	0.0538187	0.0142171	0.027458	0.00375659	0.03	0.0	1.492	0.0	5.0	0.0	1.733	0.0	0.0394469	0.00372189	3.66049e-05	0.000137318	0.233409	0.0264036	0.380238	0.138046	0.00427683	0.00352717	0.00345415	0.00115583	1.5828	0.116516	0.911355	0.0225454	0.554979	0.392915	0.877237	0.601329	0.687031	0.337151	0.0780392	0.116037	0.270618	0.55512	0.567224	5.25207	-71658.5	4.0	7303.48	-1160890.0	7.0	2365.21	1.0	7401.14	383.926	2237.45	225.916	0.232134	0.021096	1.21134	0.0560526	
0.0-2.4	6.5-8.0	0.0-100.0	0.000-1.571	0.016	0.16	31128.0	31119.0	13705.6	365.029	17413.6	400.426	-0.0943475	0.0670446	-0.05	0.0	0.404296	0.138674	3.09163	0.000943061	0.0515077	0.00452106	0.0270064	0.00263194	0.03	0.0	1.492	0.0	5.0	0.0	1.733	0.0	0.0388212	0.00132958	2.57968e-05	9.0559e-05	0.291441	0.033713	0.307488	0.0880482	0.00439684	0.00310131	0.00355655	0.000879853	1.63221	0.0944826	0.920632	0.0181985	0.542526	0.360394	0.886155	0.515566	0.638057	0.345853	0.069373	0.104319	0.246664	0.386521	0.480911	3.45723	-82516.2	4.0	19574.0	-1493040.0	7.0	1549.16	1.0	10422.6	370.881	3283.0	261.038	0.239536	0.0179458	1.1858	0.0395069	
0.0-2.4	6.5-8.5	0.0-100.0	0.000-1.571	0.016	0.16	36750.0	36718.0	17015.6	689.345	19703.6	706.384	-0.122843	0.0651909	-0.05	0.0	0.409885	0.243945	3.09141	0.00084632	0.0516025	0.0138165	0.0261685	0.00330784	0.03	0.0	1.492	0.0	5.0	0.0	1.733	0.0	0.0386724	0.00383562	2.24999e-05	6.2246e-05	0.308632	0.0372984	0.244453	0.0703637	0.00606182	0.00301279	0.0037748	0.000758868	1.69089	0.0957886	0.952997	0.0161908	0.524943	0.307107	0.880829	0.475144	0.620585	0.258597	0.0622755	0.0804857	0.287532	0.264887	0.38877	1.67721	-50522.5	4.0	65187.2	-1802550.0	7.0	124474.0	1.0	12978.9	603.934	4036.69	339.123	0.237234	0.0174596	1.1769	0.0340258	
0.0-2.4	7.5-8.5	0.0-100.0	0.000-1.571	0.008	0.184	13200.0	13200.0	7388.29	456.758	5812.36	441.24	-0.332275	0.134927	-0.05	0.0	0.463273	0.423056	3.09164	0.00128605	0.0490188	0.017933	0.0243533	0.00706927	0.03	0.0	1.492	0.0	5.0	0.0	1.733	0.0	0.0378351	0.00551859	3.64523e-05	0.000133371	0.410989	0.107788	0.180395	0.0713788	0.00786448	0.00437943	0.0039814	0.00108516	1.76532	0.139846	0.932386	0.0259259	0.493181	0.726634	0.904053	0.190249	0.452783	0.711982	0.0459656	0.0605305	0.275657	0.115304	0.393101	0.831569	9856.42	4.0	39922.1	-531807.0	7.0	854325.0	1.0	5511.63	402.113	1876.66	243.006	0.254004	0.0289001	1.12902	0.0415604	
0.0-2.4	8.0-10.0	0.0-100.0	0.000-1.571	0.008	0.184	15199.0	15199.0	9549.69	511.417	5649.32	491.165	-0.265384	0.13424	-0.05	0.0	0.419007	0.326444	3.093	0.000934662	0.0507196	0.0192479	0.0233978	0.00517511	0.03	0.0	1.492	0.0	5.0	0.0	1.733	0.0	0.0373625	0.00555449	2.86287e-05	7.39866e-05	0.344042	0.0472818	0.101319	0.038551	0.00371713	0.00401088	0.00294672	0.000766327	1.94164	0.153292	0.976205	0.019139	0.58529	1.12399	0.939199	0.144793	0.47677	0.943944	0.0430526	0.0766039	0.334811	0.136907	0.697399	3.32095	10235.8	4.0	51442.0	-522278.0	7.0	531698.0	1.0	6811.86	409.061	2737.83	236.117	0.286693	0.0193805	1.11283	0.0289084	
0.0-2.4	8.5-9.5	0.0-100.0	0.000-1.571	0.008	0.12	7043.0	7028.0	4461.48	135.436	2566.93	112.216	-0.189521	0.144534	-0.05	0.0	0.493926	0.0670819	3.09462	0.000971673	0.0442291	0.00140921	0.0230513	0.00245049	0.03	0.0	1.492	0.0	5.0	0.0	1.733	0.0	0.0351444	0.000905278	3.2051e-05	0.000103207	0.306099	0.0358561	0.0787498	0.0409311	0.00669735	0.00605873	0.00120462	0.000965426	2.08685	0.243496	0.965299	0.0251563	0.681233	1.47955	0.839176	3.4251	0.443925	1.11265	0.0505326	0.0944763	0.268632	0.152479	0.0442953	0.16489	-17857.7	4.0	2953.14	-170552.0	7.0	519.155	1.0	3052.65	132.726	1408.82	104.201	0.315775	0.0212979	1.09607	0.0381927	
0.0-2.4	9.5-11.0	0.0-100.0	0.000-1.571	0.008	0.136	5902.0	5898.0	4072.07	160.267	1826.44	143.02	-0.357109	0.178911	-0.05	0.0	0.385045	0.231947	3.09244	0.000999135	0.0487288	0.0113158	0.024009	0.00396309	0.03	0.0	1.492	0.0	5.0	0.0	1.733	0.0	0.0356198	0.00309141	5.20639e-05	9.66049e-05	0.33566	0.0510767	0.492672	0.116015	-0.000315795	0.00154696	0.00114399	0.00110278	1.43747	0.0670787	0.664784	0.0311679	0.946795	0.0889586	0.473834	0.269495	0.173228	0.451792	0.34382	0.664528	0.39303	0.12797	0.0381996	0.0310589	-7644.02	4.0	4971.77	-140976.0	7.0	345.193	1.0	2896.78	142.265	1175.29	96.8531	0.288621	0.0208968	1.11455	0.0475736	
0.4-0.8	6.5-30.0	0.0-100.0	0.000-1.571	0.008	0.073	6838.0	6838.0	4466.27	214.852	2372.57	182.93	0.221255	0.393895	-0.05	0.0	0.5548	0.533713	3.09293	0.00124587	0.018312	0.00588558	0.0394373	0.0269836	0.03	0.0	1.492	0.0	5.0	0.0	1.733	0.0	0.0296389	0.0080557	1.74651e-05	0.000239484	0.461627	0.123547	0.117942	0.0622417	-0.00405725	0.00414574	-0.00071106	0.00122811	1.86917	0.210931	0.960781	0.0353346	0.734251	0.330157	0.858298	0.389935	0.482137	0.26438	0.0685117	0.150303	0.211344	0.0499129	1.54279	16.081	10844.0	4.0	32698.2	-436775.0	7.0	2608750.0	1.0	2856.43	203.62	1609.84	169.047	0.360443	0.0336444	1.10738	0.043914	
0.8-1.2	6.5-30.0	0.0-100.0	0.000-1.571	0.008	0.105	10237.0	10231.0	5761.76	162.833	4470.22	153.969	0.0221716	0.116294	-0.05	0.0	0.446805	0.120617	3.0922	0.00135186	0.032958	0.0231535	0.0306298	0.0206418	0.03	0.0	1.492	0.0	5.0	0.0	1.733	0.0	0.0316912	0.00770765	1.45333e-05	7.48505e-05	0.305134	0.036158	0.403107	0.16806	0.0021768	0.00196872	0.00209875	0.00104526	1.46305	0.101114	0.794717	0.0297892	0.511918	0.200317	0.925476	0.212452	0.516614	0.291718	0.0532789	0.0355315	0.211294	0.154085	0.420914	1.77305	-40186.8	4.0	3377.58	-321987.0	7.0	759.406	1.0	4152.04	160.132	1609.72	118.08	0.27938	0.0189117	1.11348	0.0632391	
1.2-1.6	6.5-30.0	0.0-10.0	0.000-1.571	0.008	0.136	5818.0	5810.0	2311.99	129.82	3498.98	171.835	-0.0824429	0.0849935	-0.05	0.0	0.588162	0.0	3.09138	0.0	0.0435116	0.0	0.0313494	0.003329	0.03	0.0	1.492	0.0	5.0	0.0	1.733	0.0	0.0389653	0.00055152	1.03021e-05	0.137313	0.30165	0.0571465	0.0999774	0.0	0.00921681	0.0	0.00536484	0.00145354	2.02628	0.0	0.877862	0.0363912	0.432317	3.17148	0.491633	1.34758	0.238813	3.34822	0.0188385	0.271221	0.683788	1.19732	0.0809319	0.0733594	15683.7	4.0	2065.29	-233522.0	4.0	36166.3	1.0	1631.01	121.833	680.986	88.9835	0.294545	0.0347531	1.05075	0.0136819	
1.2-1.6	6.5-30.0	0.0-100.0	0.000-1.571	0.008	0.136	14280.0	14259.0	7198.63	326.283	7060.51	356.699	-0.193148	0.0851779	-0.05	0.0	0.588162	0.232028	3.09138	0.0014291	0.0435116	0.00693706	0.0309359	0.00260872	0.03	0.0	1.492	0.0	5.0	0.0	1.733	0.0	0.0388289	0.0023258	1.03021e-05	0.137313	0.28721	0.0301682	0.0999774	0.0369937	0.00921681	0.0152857	0.00388541	0.000812508	2.02628	0.173102	0.946041	0.0199253	0.520003	33.2316	0.56476	15.7976	0.355122	22.0383	0.0249329	1.00595	0.494797	1.10297	0.0829874	0.368319	-216.38	4.0	5078.16	-496767.0	7.0	142848.0	1.0	5269.25	271.706	1929.38	156.304	0.26802	0.0179965	1.10273	0.0322049	
1.2-1.6	6.5-30.0	10.0-20.0	0.000-1.571	0.008	0.128	3223.0	3213.0	1615.76	78.6257	1597.25	79.7022	-0.21144	0.160528	-0.05	0.0	0.588162	0.0	3.09138	0.0	0.0435116	0.0	0.0369796	0.00498257	0.03	0.0	1.492	0.0	5.0	0.0	1.733	0.0	0.0409479	0.000926576	1.05393e-05	0.000462059	0.222444	0.0326702	0.0999774	0.0	0.00921681	0.0	0.00304718	0.00168527	2.02628	0.0	1.04049	0.0412555	0.581898	9.49563	0.999211	284.716	0.638733	25.3905	0.0984605	4.75913	0.220532	5.45388	0.0200874	1123.03	-10119.0	4.0	269.133	-66180.7	4.0	36.9977	1.0	1123.44	79.4035	492.314	62.3712	0.304696	0.0356408	1.1768	0.0164149	
1.2-1.6	6.5-30.0	20.0-30.0	0.000-1.571	0.008	0.105	2344.0	2337.0	1344.23	72.2939	992.877	61.527	-0.0755942	0.206022	-0.05	0.0	0.588162	0.0	3.09138	0.0	0.0435116	0.0	0.0264711	0.0039715	0.03	0.0	1.492	0.0	5.0	0.0	1.733	0.0	0.037445	0.000578135	2.15115e-05	5.46744e-05	0.339105	0.103608	0.0999774	0.0	0.00921681	0.0	0.000905574	0.00171292	2.02628	0.0	0.952847	0.0403104	0.447379	0.838675	0.77888	3.89641	0.31522	0.682763	0.0275742	0.0161776	0.154154	0.0711048	0.0270074	0.0302409	-8189.42	4.0	1288.26	-52489.2	4.0	109.844	1.0	1002.12	79.0407	342.116	60.674	0.254506	0.0430111	1.10799	0.0156002	
1.2-1.6	6.5-30.0	30.0-40.0	0.000-1.571	0.008	0.12	1436.0	1423.0	794.247	60.6396	628.725	68.3064	-0.285788	0.312671	-0.05	0.0	0.588162	0.0	3.09138	0.0	0.0435116	0.0	0.0285073	0.00510979	0.03	0.0	1.492	0.0	5.0	0.0	1.733	0.0	0.0380556	0.000788201	1.02701e-05	1.42054	0.238875	0.0824564	0.0999774	0.0	0.00921681	0.0	0.00524191	0.00232397	2.02628	0.0	0.890007	0.0571664	0.913509	1.55034	0.58901	1.83983	0.254506	1.00958	0.0991465	0.0942346	0.652135	1.00523	0.0600532	0.174455	128.153	4.0	289.989	-37482.1	4.0	1671.99	1.0	642.766	62.3635	151.482	40.1832	0.190724	0.0484521	1.05991	0.0216018	
1.2-1.6	6.5-30.0	40.0-50.0	0.000-1.571	0.016	0.064	744.0	726.0	534.831	41.9953	191.964	29.9523	-1.94036	0.641631	-0.05	0.0	0.588162	0.0	3.09138	0.0	0.0435116	0.0	0.0316378	0.0108302	0.03	0.0	1.492	0.0	5.0	0.0	1.733	0.0	0.0390611	0.00180631	1.70248e-05	0.000290648	0.302757	0.098583	0.0999774	0.0	0.00921681	0.0	-0.00325611	0.00290979	2.02628	0.0	0.99135	0.0845039	0.593577	2.51649	0.95093	0.217651	1.50639e-05	402.296	0.00669795	0.0452453	0.305283	0.24377	0.105469	0.138258	-2519.76	4.0	166.267	-13090.3	4.0	31.8752	1.0	396.497	43.267	138.334	31.9491	0.25865	0.0561784	1.13798	0.0331277	
1.2-1.6	6.5-30.0	50.0-100.0	0.000-1.571	0.016	0.073	712.0	704.0	575.04	44.7256	129.887	23.7116	-1.19875	0.609566	-0.05	0.0	0.588162	0.0	3.09138	0.0	0.0435116	0.0	0.0288087	0.00583176	0.03	0.0	1.492	0.0	5.0	0.0	1.733	0.0	0.038149	0.000906852	1.14193e-05	0.000494472	0.36919	0.157197	0.0999774	0.0	0.00921681	0.0	0.00601873	0.00297466	2.02628	0.0	0.944745	0.0743096	0.704897	2.67745	0.722062	3.0471	1.22057e-06	63.1323	0.030644	0.308803	0.319757	0.248144	0.0200506	30.5905	-2704.89	4.0	523.78	-14868.4	4.0	16.8395	1.0	432.145	47.2974	142.896	35.0833	0.248497	0.0578678	1.10172	0.0286754	
1.6-2.0	6.5-30.0	0.0-100.0	0.000-1.571	0.008	0.16	14844.0	14818.0	7192.54	388.035	7626.4	395.404	-0.436938	0.100689	-0.05	0.0	0.55166	0.338642	3.09065	0.00152568	0.0543204	0.0105322	0.034658	0.00428352	0.03	0.0	1.492	0.0	5.0	0.0	1.733	0.0	0.0465437	0.00346507	1.05212e-05	1.333	0.276416	0.0283273	0.352951	0.0860114	0.000933856	0.00217292	0.00452534	0.0010812	1.59661	0.0857668	0.935137	0.0239078	0.733964	0.302587	0.808464	0.378673	0.668918	0.136021	0.0644595	0.0642778	0.241125	0.0683082	0.335267	0.465614	-42733.7	4.0	1806.11	-434178.0	7.0	559.316	1.0	5566.06	325.555	1626.49	153.341	0.226135	0.0174837	1.2106	0.0363179	
1.6-2.4	3.0-30.0	0.0-100.0	0.000-1.571	0.008	0.264	319810.0	319793.0	58221.1	187163.0	261572.0	187211.0	-0.0674395	0.634241	-0.05	0.0	0.845745	1.95343	3.08919	0.00759758	0.0476377	0.0608478	0.109999	3.40691	0.03	0.0	1.89	0.0	5.0	0.0	1.44	0.0	0.0615285	0.470192	2.36546e-05	4.62758e-05	0.299739	0.0303834	0.355594	0.0730674	0.00274748	0.0018247	0.00914985	0.000959783	1.59365	0.0691909	0.905548	0.00940123	1.0	92385200.0	0.731253	2394240.0	0.773261	1969750.0	0.00330934	204789000.0	0.154882	835132.0	0.697729	984047.0	-1722660.0	4.0	50756.8	-46454800.0	7.0	7845350.0	1.0	48439.5	155721.0	9781.6	31459.5	0.168008	0.0165026	1.19647	0.0310338	
1.6-2.4	3.0-4.5	0.0-100.0	0.000-1.571	0.016	0.264	219230.0	219219.0	28744.9	1451.14	190474.0	2165.49	0.0945141	0.0350048	-0.05	0.0	0.937252	0.0851484	3.0884	0.00238261	0.0562984	0.0054529	0.0129546	0.0111563	0.03	0.0	1.86	0.0	5.0	0.0	1.38	0.0	0.0546	0.00288425	4.04496e-05	0.00458068	0.31042	0.067206	0.30075	0.291762	-0.00999977	0.00417148	0.00880385	0.00103506	1.6808	0.353874	0.885321	0.0116889	1.0	121.208	0.811267	0.0212743	0.689395	0.195353	0.00453021	118798.0	0.108782	0.0793031	0.928745	0.094887	-1447080.0	4.0	36373.1	-38402300.0	7.0	6270.64	1.0	24752.7	1540.6	3992.2	923.348	0.138884	0.0313476	1.18225	0.146949	
1.6-2.4	3.0-5.5	0.0-100.0	0.000-1.571	0.016	0.264	275234.0	275217.0	42081.1	264547.0	233137.0	266865.0	0.00938454	0.916583	-0.05	0.0	0.0374688	13.7358	3.08869	0.0217644	0.113449	12.3195	0.0508076	0.282995	0.03	0.0	1.86	0.0	5.0	0.0	1.38	0.0	0.0544696	0.497207	7.85643e-05	0.00045627	0.316888	0.0499379	0.0303489	0.0401161	-0.00999982	0.0183667	0.00945525	0.000976471	2.51883	0.855689	1.09977	0.00856055	0.300772	113.779	0.893329	35.9339	0.367665	213.724	0.00153818	11.7448	0.137435	2.75131	0.666201	7.9983	-1628900.0	4.0	56781.6	-43628800.0	7.0	65326300.0	1.0	35752.4	224763.0	6328.7	39798.3	0.150393	0.023548	1.16848	0.0523567	
1.6-2.4	3.0-6.5	0.0-10.0	0.000-1.571	0.016	0.264	143398.0	143381.0	16003.8	881.443	127380.0	1550.75	-0.0452745	0.0413739	-0.05	0.0	0.951058	0.0	3.08932	0.0	0.0536964	0.0	0.0131657	0.00943516	0.03	0.0	1.86	0.0	5.0	0.0	1.38	0.0	0.0524469	5.79598e-05	1.10324e-05	0.0465138	0.257374	0.0867624	0.306676	0.0	-0.00606766	0.0	0.01	0.000177325	1.65447	0.0	0.956462	0.0148285	0.999999	0.696366	0.749851	0.000508738	0.795207	0.0010983	0.00100002	111.009	0.243893	0.00140675	0.931876	0.00477197	-454461.0	4.0	15991000.0	-22443300.0	4.0	3612.58	1.0	13381.8	1159.34	2622.04	906.483	0.163838	0.0559183	1.21397	0.00405009	
1.6-2.4	3.0-6.5	0.0-100.0	0.000-1.571	0.016	0.264	299742.0	299724.0	46366.2	1461.61	253358.0	2233.28	-0.0488006	0.0282372	-0.05	0.0	0.951058	0.0449499	3.08932	0.00150104	0.0536964	0.00278674	0.0141432	0.00501907	0.03	0.0	1.86	0.0	5.0	0.0	1.38	0.0	0.0524593	0.00147356	1.10324e-05	0.0465138	0.313957	0.0408374	0.306676	0.207312	-0.00606766	0.0158233	0.01	0.00782505	1.65447	0.204252	0.914759	0.0092518	1.0	17.3424	0.767869	0.000267537	0.750193	0.00118283	0.00145654	1318570.0	0.13646	0.000844829	0.797353	0.000249375	-1674160.0	4.0	44046.1	-45410100.0	7.0	23129.6	1.0	38993.2	1529.03	7372.92	938.636	0.159015	0.0196136	1.19148	0.0934434	
1.6-2.4	3.0-6.5	0.0-20.0	0.000-1.571	0.016	0.264	235724.0	235707.0	29854.1	1137.4	205853.0	1959.29	-0.041407	0.0323582	-0.05	0.0	0.951058	0.0	3.08932	0.0	0.0536964	0.0	0.0112645	0.00504046	0.03	0.0	1.86	0.0	5.0	0.0	1.38	0.0	0.0524252	2.6503e-05	1.10324e-05	0.0465138	0.304162	0.0606632	0.306676	0.0	-0.00606766	0.0	0.01	0.000417143	1.65447	0.0	0.921908	0.0110267	1.0	1486.28	0.761073	0.281385	0.753265	1.31322	0.00115554	2199180.0	0.142224	1.08158	0.896347	0.415511	-1325660.0	4.0	47130.9	-38153700.0	4.0	3863.37	1.0	25402.1	1306.46	4452.02	893.861	0.149126	0.029397	1.19529	0.00294827	
1.6-2.4	3.0-6.5	10.0-20.0	0.000-1.571	0.016	0.209	92325.0	92213.0	13885.8	719.564	78327.5	1196.06	-0.0287435	0.0520057	-0.05	0.0	0.951058	0.0	3.08932	0.0	0.0536964	0.0	0.0103157	0.00338387	0.03	0.0	1.86	0.0	5.0	0.0	1.38	0.0	0.0524156	1.62968e-05	2.44459e-05	0.000226863	0.271476	0.0751631	0.306676	0.0	-0.00606766	0.0	0.01	0.00346797	1.65447	0.0	0.900921	0.021422	1.0	0.272046	0.826742	0.000813174	0.737303	0.000511475	0.00464881	147.668	0.110345	0.000155585	0.643118	0.0067149	-915887.0	4.0	5942.17	-13460500.0	4.0	1194.67	1.0	11970.6	1023.39	1915.21	819.994	0.137926	0.0586185	1.18414	0.00565001	
1.6-2.4	3.0-6.5	20.0-30.0	0.000-1.571	0.016	0.192	35634.0	35625.0	6951.19	406.169	28672.3	605.363	-0.114386	0.0694174	-0.05	0.0	0.951058	0.0	3.08932	0.0	0.0536964	0.0	0.0561843	0.0547871	0.03	0.0	1.86	0.0	5.0	0.0	1.38	0.0	0.0538208	0.00139957	3.37661e-05	0.00022371	0.287762	0.0576163	0.306676	0.0	-0.00606766	0.0	0.00307658	0.00164188	1.65447	0.0	0.87936	0.0225464	0.403662	15.6213	0.914447	2.04842	0.265792	23.6593	0.00100541	1.70953	0.0937268	0.172945	0.502965	3.62918	-217485.0	4.0	2105.61	-3082870.0	4.0	250.638	1.0	5543.37	430.398	1407.82	295.115	0.202529	0.0407727	1.17285	0.00586011	
1.6-2.4	3.0-6.5	20.0-40.0	0.000-1.571	0.016	0.192	52849.0	52826.0	11547.8	472.639	41276.9	706.562	-0.0851525	0.0579905	-0.05	0.0	0.951058	0.0	3.08932	0.0	0.0536964	0.0	0.0274224	0.0159015	0.03	0.0	1.86	0.0	5.0	0.0	1.38	0.0	0.0527162	0.000202419	3.37661e-05	0.00022371	0.313824	0.0545023	0.306676	0.0	-0.00606766	0.0	0.00355351	0.00131328	1.65447	0.0	0.878818	0.018408	0.978481	99.014	0.823627	1.05864	0.678118	2.96445	0.00107494	155.506	0.100564	0.564143	0.439459	2.95861	-314724.0	4.0	3638.01	-4772440.0	4.0	366.216	1.0	9386.47	523.84	2161.29	366.932	0.187161	0.030838	1.17257	0.00478268	
1.6-2.4	3.0-6.5	30.0-40.0	0.000-1.571	0.016	0.152	17214.0	17018.0	4631.15	272.42	12386.6	377.878	0.0101838	0.105526	-0.05	0.0	0.951058	0.0	3.08932	0.0	0.0536964	0.0	0.01	0.0608552	0.03	0.0	1.86	0.0	5.0	0.0	1.38	0.0	0.0524126	0.000284128	2.09228e-05	0.00043611	0.375235	0.121796	0.306676	0.0	-0.00606766	0.0	0.00648066	0.00208584	1.65447	0.0	0.881465	0.0319202	0.997816	280.27	0.792625	8.62875	0.735251	9.86934	0.00110306	262.262	0.136022	2.40677	0.171692	2.35117	-135158.0	4.0	1458.7	-1321390.0	4.0	179.758	1.0	3874.55	312.112	756.604	217.83	0.163373	0.0460435	1.17395	0.00830861	
1.6-2.4	3.0-6.5	40.0-100.0	0.000-1.571	0.016	0.168	11168.0	11160.0	4979.93	216.013	6180.55	238.841	-0.0314916	0.133227	-0.05	0.0	0.951058	0.0	3.08932	0.0	0.0536964	0.0	0.0147835	0.00588336	0.03	0.0	1.86	0.0	5.0	0.0	1.38	0.0	0.0524679	4.05657e-05	3.29575e-05	0.000302831	0.319657	0.0755739	0.306676	0.0	-0.00606766	0.0	0.00795299	0.00283106	1.65447	0.0	0.816824	0.0319234	1.0	1.93745	0.772405	0.00104645	0.759328	0.000732043	0.00256816	82.5348	0.24396	0.000579061	0.277439	0.000964989	-62693.0	4.0	2283.15	-634369.0	4.0	321.702	1.0	4088.55	250.011	891.38	180.411	0.178995	0.0353858	1.14107	0.00792194	
1.6-2.4	3.0-6.5	40.0-50.0	0.000-1.571	0.016	0.145	6512.0	6455.0	2517.69	158.211	3938.1	189.794	-0.00305266	0.16772	-0.05	0.0	0.951058	0.0	3.08932	0.0	0.0536964	0.0	0.0210221	0.0181589	0.03	0.0	1.86	0.0	5.0	0.0	1.38	0.0	0.052572	0.00017769	2.68027e-05	0.46819	0.308196	0.0925861	0.306676	0.0	-0.00606766	0.0	0.00999999	2.08858	1.65447	0.0	0.782582	0.0418485	1.0	1305.18	0.832087	0.101756	0.772093	0.0796316	0.00301296	1634.09	0.189911	0.047695	0.257693	0.111336	-35684.8	4.0	1077.18	-339812.0	4.0	267.545	1.0	2043.92	172.073	473.772	118.317	0.188177	0.045482	1.12431	0.0100979	
1.6-2.4	3.0-6.5	50.0-100.0	0.000-1.571	0.016	0.168	4656.0	4656.0	2478.71	146.692	2177.71	141.354	0.0149343	0.225959	-0.05	0.0	0.951058	0.0	3.08932	0.0	0.0536964	0.0	0.0115735	0.0076685	0.03	0.0	1.86	0.0	5.0	0.0	1.38	0.0	0.0524285	4.14248e-05	3.29575e-05	0.000302831	0.354565	0.124574	0.306676	0.0	-0.00606766	0.0	0.00452806	0.00389705	1.65447	0.0	0.83788	0.0458103	0.999035	7.02038	0.761591	0.181963	0.685517	0.223608	0.0010003	13.7084	0.196638	0.0803215	0.263474	0.107933	-30717.1	4.0	1297.09	-239353.0	4.0	108.912	1.0	2043.22	174.287	435.482	128.135	0.175689	0.0506379	1.15161	0.0115544	
1.6-2.4	4.5-5.5	0.0-100.0	0.000-1.571	0.016	0.192	56004.0	55903.0	11709.3	566.282	44194.7	751.723	-0.438977	0.0518967	-0.05	0.0	0.092415	0.208466	3.08852	0.00225296	0.0310366	0.0234706	0.0517592	0.00826096	0.03	0.0	1.86	0.0	5.0	0.0	1.38	0.0	0.0502041	0.0039226	6.47859e-05	0.000417763	0.323097	0.0633273	0.00904143	0.0167101	-0.00999986	0.0162899	0.01	11.2671	3.71443	3.4468	1.16393	0.0193374	1.0	2.07465	0.485194	0.00102185	0.809184	0.000303826	0.00101567	287.943	0.321358	0.000497069	0.215789	0.000287108	-196310.0	4.0	11971.3	-3845470.0	7.0	1198.17	1.0	9415.19	642.416	2294.11	466.559	0.195922	0.0387022	1.21129	0.0648791	
1.6-2.4	5.5-6.5	0.0-100.0	0.000-1.571	0.016	0.168	24507.0	24452.0	6942.78	385.037	17509.9	453.132	-0.506382	0.0688975	-0.05	0.0	0.916536	0.454429	3.09285	0.00222677	0.0526631	0.00873289	0.0301186	0.0420134	0.03	0.0	1.86	0.0	5.0	0.0	1.38	0.0	0.0511628	0.00424669	1.17885e-05	0.00076077	0.274062	0.0532846	0.629208	0.099315	-0.00318522	0.00429654	0.01	0.00108231	1.49264	0.0754895	0.719755	0.0251945	0.999991	215.514	0.550481	0.955451	0.737232	0.400177	0.00100944	1373.86	0.306226	0.316911	0.126838	0.13154	-59268.8	4.0	7711.56	-1148400.0	7.0	353.751	1.0	5582.91	374.783	1359.87	224.243	0.195868	0.0304172	1.26252	0.0438896	
1.6-2.4	6.5-30.0	0.0-10.0	0.000-1.571	0.008	0.184	7945.0	7945.0	3238.06	140.448	4707.58	161.579	-0.419518	0.110391	-0.05	0.0	0.635672	0.0	3.09049	0.0	0.0573658	0.0	0.0336865	0.00455859	0.03	0.0	1.492	0.0	5.0	0.0	1.733	0.0	0.0500532	0.000558877	3.57761e-05	7.18959e-05	0.307388	0.055227	0.337019	0.0	0.00343684	0.0	0.00362779	0.00172157	1.60396	0.0	1.04102	0.0372634	0.737295	85.5846	0.529183	26.1641	0.641177	20.3608	0.00100166	3.84555	0.341592	0.275979	0.164812	0.138431	-19656.7	4.0	853.013	-248851.0	4.0	141.712	1.0	2604.51	142.68	633.555	91.3835	0.195659	0.0269154	1.25918	0.0102124	
1.6-2.4	6.5-30.0	0.0-100.0	0.000-1.571	0.008	0.152	20068.0	20032.0	9911.97	438.31	10120.9	444.824	-0.441528	0.0832617	-0.05	0.0	0.635672	0.266937	3.09049	0.00126732	0.0573658	0.00848096	0.0331069	0.00578497	0.03	0.0	1.492	0.0	5.0	0.0	1.733	0.0	0.0499121	0.00317597	1.37144e-05	0.000327844	0.265466	0.0220754	0.337019	0.0765519	0.00343684	0.00197833	0.00350145	0.000888492	1.60396	0.0792233	0.893422	0.01945	0.754261	2.12222	0.808888	0.42758	0.662111	0.555756	0.0648788	0.423472	0.232942	0.126585	0.286874	0.408893	-64847.0	4.0	1930.25	-621728.0	7.0	502.053	1.0	7630.64	368.605	2281.33	179.412	0.230159	0.0149681	1.18162	0.0343239	
1.6-2.4	6.5-30.0	10.0-20.0	0.000-1.571	0.008	0.16	5088.0	5088.0	2368.53	107.868	2719.62	113.97	-0.324297	0.13455	-0.05	0.0	0.635672	0.0	3.09049	0.0	0.0573658	0.0	0.0345525	0.00511837	0.03	0.0	1.492	0.0	5.0	0.0	1.733	0.0	0.0502678	0.000640889	3.34301e-05	6.81326e-05	0.225594	0.0334686	0.337019	0.0	0.00343684	0.0	0.00291943	0.00183936	1.60396	0.0	0.88067	0.0385977	0.579884	2.18185	0.828155	0.658677	0.45715	1.80282	0.017958	0.0593182	0.128449	0.0342837	0.29822	0.17685	-19063.8	4.0	175.133	-128852.0	4.0	11.0412	1.0	1823.29	111.209	545.233	78.0311	0.230199	0.0312324	1.17526	0.00958762	
1.6-2.4	6.5-30.0	20.0-30.0	0.000-1.571	0.008	0.152	3160.0	3160.0	1744.75	84.7061	1416.31	78.6386	-0.672465	0.188539	-0.05	0.0	0.635672	0.0	3.09049	0.0	0.0573658	0.0	0.0281575	0.00317337	0.03	0.0	1.492	0.0	5.0	0.0	1.733	0.0	0.0487929	0.000333595	1.37144e-05	0.000327844	0.299958	0.0575428	0.337019	0.0	0.00343684	0.0	0.00398445	0.00183238	1.60396	0.0	0.797119	0.0426408	0.246307	8.12456	0.88152	3.26564	0.273885	14.6184	0.00100159	1.01904	0.204716	0.360125	0.370789	0.641699	-10538.9	4.0	540.801	-74545.3	4.0	27.3035	1.0	1298.95	86.71	445.796	63.3253	0.255507	0.0341092	1.13503	0.00992684	
1.6-2.4	6.5-30.0	30.0-40.0	0.000-1.571	0.008	0.12	1909.0	1906.0	1158.52	66.9797	747.348	57.2237	-0.537515	0.251234	-0.05	0.0	0.635672	0.0	3.09049	0.0	0.0573658	0.0	0.0288859	0.00430068	0.03	0.0	1.492	0.0	5.0	0.0	1.733	0.0	0.0489478	0.00046233	2.16233e-05	4.66746e-05	0.220938	0.0414692	0.337019	0.0	0.00343684	0.0	0.000994759	0.00237227	1.60396	0.0	0.784658	0.0505142	0.346794	0.0177449	1.0	278.562	0.261016	0.040104	0.00100327	0.0226881	0.274931	0.0131666	0.0200076	1086.77	-7370.21	4.0	216.877	-40805.2	4.0	4.41641	1.0	797.773	70.5081	360.748	57.2629	0.311387	0.0460325	1.12926	0.0116351	
1.6-2.4	6.5-30.0	40.0-50.0	0.000-1.571	0.008	0.136	1047.0	1045.0	683.366	47.4073	361.858	37.7704	-0.96702	0.353188	-0.05	0.0	0.635672	0.0	3.09049	0.0	0.0573658	0.0	0.0318826	0.00610706	0.03	0.0	1.492	0.0	5.0	0.0	1.733	0.0	0.0496209	0.0007148	2.39456e-05	0.218028	0.237067	0.0598347	0.337019	0.0	0.00343684	0.0	0.00086345	0.00331113	1.60396	0.0	0.602836	0.887787	0.637017	0.283992	0.807615	1.61315	0.225503	1.25187	0.0403623	0.0204067	0.254613	0.0907265	0.0200006	1.18407	-4143.93	4.0	55.1207	-18388.5	4.0	2.85948	1.0	516.385	53.2522	166.981	41.0692	0.244351	0.0576582	1.05261	0.168544	
1.6-2.4	6.5-30.0	50.0-100.0	0.000-1.571	0.008	0.088	916.0	893.0	699.24	46.4679	194.058	29.3028	-0.180884	0.46487	-0.05	0.0	0.635672	0.0	3.09049	0.0	0.0573658	0.0	0.0449787	0.00758818	0.03	0.0	1.492	0.0	5.0	0.0	1.733	0.0	0.0531879	0.00116894	2.43092e-05	6.66999e-05	0.216925	0.0547448	0.337019	0.0	0.00343684	0.0	0.0046932	0.00322454	1.60396	0.0	0.765585	0.0660065	0.743764	2.03852	0.95704	16.4006	0.258537	2.15832	0.0526755	0.053356	0.227248	0.400085	0.0410795	0.133157	-4179.69	4.0	35.5205	-15534.9	4.0	1.37457	1.0	555.405	48.6306	143.834	33.0756	0.205701	0.0452839	1.12055	0.0149493	
2.0-2.4	6.5-30.0	0.0-100.0	0.000-1.571	0.008	0.152	5223.0	5220.0	2749.17	134.856	2471.02	132.836	-0.477671	0.15612	-0.05	0.0	0.837136	0.120358	3.09054	0.00262233	0.0635707	0.00574083	0.0248271	0.00942203	0.03	0.0	1.492	0.0	5.0	0.0	1.733	0.0	0.0590207	0.00313869	1.78875e-05	0.00273266	0.24156	0.0333503	0.349037	0.147135	0.00999999	0.0029756	0.00145751	0.00164909	1.55328	0.141848	0.765985	0.0356887	0.257001	16.9325	0.888541	6.4388	1.04877e-05	212.258	0.00195958	0.131861	0.209049	0.210015	0.147597	0.223183	-22620.4	4.0	213.247	-148349.0	7.0	15.141	1.0	2097.83	128.674	651.346	83.5953	0.236924	0.0280988	1.10637	0.0704129	
