rap0.0-1.2_pT6.5-30.0_cent0.0-100.0
5853.08
1577.01 1498.05 1424.58 1351.55
42.6803 41.7653 40.489 39.6862
2947.87
735.829 811.891 696.39 702.449
31.3147 32.5296 30.1859 30.4289
4129.5
1093.25 1078.31 999.788 965.628
39.7651 39.631 38.2703 37.6732
1723.58
483.763 419.739 424.794 385.921
29.6184 28.3508 28.3361 27.2713
0.294474
0.30676 0.280191 0.298188 0.28554
0.0168468 0.0172378 0.017995 0.0183534
rap0.0-1.2_pT6.5-30.0_cent10.0-60.0
3864.29
1025.0 1013.89 921.493 899.012
34.2678 34.1588 32.2562 32.0588
1659.52
451.975 465.11 360.486 380.983
24.5221 24.8608 21.8968 22.5779
2775.49
721.024 760.08 659.608 629.15
31.9299 32.2852 30.2235 30.6041
1088.81
303.973 253.811 261.885 269.862
23.275 21.4407 21.5496 22.9317
0.281761
0.29656 0.250334 0.284196 0.300176
0.0204285 0.0193923 0.0211641 0.023153
rap0.0-2.4_pT10.0-13.0_cent0.0-100.0
2632.96
680.004 676.045 637.966 640.238
27.8488 27.7591 27.1034 27.1861
1004.07
247.911 259.949 231.995 253.797
18.5351 18.8274 18.1278 18.7786
1886.01
483.445 493.696 448.791 465.433
25.8728 25.8575 26.4286 25.7881
746.948
196.558 182.349 189.176 174.805
18.4987 17.7124 19.9883 18.153
0.283691
0.289055 0.269729 0.296529 0.273032
0.024493 0.0237441 0.0286871 0.0258748
rap0.0-2.4_pT10.0-13.0_cent10.0-60.0
1759.15
463.638 456.095 428.492 405.817
22.9484 22.6917 22.0528 21.5713
607.809
157.297 151.897 134.478 156.174
14.8438 14.5158 13.8679 14.6858
1265.07
316.266 333.666 309.463 294.771
21.1103 21.257 21.184 20.6377
494.078
147.372 122.429 119.03 111.045
15.9312 14.6076 15.2521 14.6714
0.280862
0.317859 0.268429 0.277788 0.273635
0.0305479 0.0291102 0.0325975 0.0330978
rap0.0-2.4_pT10.0-30.0_cent0.0-100.0
4312.17
1126.85 1094.68 1038.8 1053.79
35.8076 35.3494 34.3748 34.7214
1526.86
382.092 417.179 354.161 365.193
23.1841 23.9179 22.2936 22.7379
2964.67
765.784 768.916 714.158 714.014
33.0704 33.2184 33.0867 32.4557
1347.51
361.071 325.764 324.642 339.778
25.1624 24.4459 25.5276 25.0046
0.312489
0.320424 0.297589 0.312516 0.322434
0.0198733 0.0201582 0.0222922 0.021217
rap0.0-2.4_pT10.0-30.0_cent10.0-60.0
2867.03
754.984 730.412 686.653 693.386
29.2374 28.7627 27.8312 28.1027
940.852
240.021 248.535 213.297 231.613
18.4357 18.5851 17.3555 18.1109
2021.34
520.225 529.244 492.184 469.034
27.0202 27.0974 26.4364 26.5499
845.695
234.759 201.168 194.468 224.352
20.1711 19.0441 19.0538 20.6447
0.294973
0.310946 0.275417 0.283212 0.32356
0.0238498 0.0237103 0.0252631 0.0267303
rap0.0-2.4_pT13.0-30.0_cent0.0-100.0
1679.77
448.002 418.079 395.432 411.938
22.5067 21.8684 21.0002 21.5239
522.265
129.996 154.892 121.559 110.041
13.7313 14.6639 12.928 12.7038
1080.21
281.607 286.835 263.542 250.38
20.595 20.5245 19.8914 19.2862
599.56
166.396 131.244 131.89 161.558
17.1431 15.5974 15.7747 16.4943
0.35693
0.371417 0.313921 0.333535 0.39219
0.0334079 0.0334993 0.0357442 0.0343997
rap0.0-2.4_pT13.0-30.0_cent10.0-60.0
1105.38
291.776 273.303 253.68 282.685
18.0873 17.6474 16.7974 17.861
332.555
80.2118 96.6551 76.3024 75.3065
10.7511 11.6091 10.2358 10.5666
754.931
200.804 194.417 181.541 172.12
16.7531 16.8769 15.839 16.4667
350.45
90.9726 78.8851 72.1389 110.565
12.5508 12.3767 11.3663 14.2016
0.31704
0.311789 0.288637 0.28437 0.391125
0.0384282 0.0412725 0.0406572 0.0437398
rap0.0-2.4_pT6.5-10.0_cent0.0-100.0
7828.16
2100.34 1991.03 1916.82 1817.72
52.8187 51.2869 49.7864 48.329
7012.5
2063.62 1900.78 1616.19 1453.24
52.4701 50.3992 46.6696 44.3983
5947.24
1580.1 1511.44 1485.89 1374.24
51.6763 50.3406 48.3671 47.1974
1880.92
520.244 479.581 430.929 443.476
35.5342 34.2196 31.228 32.1186
0.240276
0.247695 0.240871 0.224815 0.243974
0.0157299 0.0160279 0.0152092 0.016436
rap0.0-2.4_pT6.5-10.0_cent10.0-60.0
5243.81
1423.67 1367.1 1247.53 1206.88
42.9119 41.6915 39.5348 38.7946
3883.74
1228.3 1036.84 845.446 769.113
40.5713 37.522 34.0732 32.6688
3959.53
1093.73 1035.32 940.901 888.265
41.942 41.7495 38.2571 38.0447
1284.29
329.938 331.785 306.632 318.618
27.7707 29.1294 25.8641 27.1483
0.244915
0.231752 0.242692 0.245791 0.264001
0.0182128 0.0199807 0.0192133 0.0208325
rap0.0-2.4_pT6.5-30.0_cent0.0-10.0
3581.51
936.691 883.846 902.297 860.165
35.2115 34.5518 34.3352 33.4387
3652.4
953.233 1014.26 878.904 807.091
35.4456 36.3899 33.993 32.6365
2559.73
646.078 624.072 660.598 631.84
33.5063 32.9965 33.5283 33.1175
1021.78
290.614 259.775 241.699 228.324
25.5374 24.4276 24.0173 23.9213
0.285293
0.310255 0.293914 0.267871 0.265443
0.0246429 0.0251363 0.0245889 0.0258248
rap0.0-2.4_pT6.5-30.0_cent0.0-100.0
12120.2
3225.27 3082.57 2948.72 2865.97
63.7125 62.2099 60.4264 59.4513
8584.77
2450.73 2322.38 1978.2 1825.88
57.3128 55.7662 51.7779 49.9435
8860.57
2337.85 2267.52 2195.76 2070.12
61.1774 60.5045 58.6488 57.2396
3259.66
887.417 815.053 752.959 795.851
43.7856 42.8634 40.6582 41.2902
0.268944
0.275145 0.264407 0.255351 0.27769
0.0124403 0.0128405 0.0127569 0.0132053
rap0.0-2.4_pT6.5-30.0_cent10.0-20.0
2841.61
784.309 707.16 689.58 662.246
31.6827 30.1648 29.6176 28.788
2289.21
662.686 598.771 542.349 472.696
29.7018 28.3115 27.0179 25.2827
2039.84
542.894 546.312 509.382 440.363
29.8239 29.9046 28.2278 27.763
801.775
241.415 160.848 180.198 221.884
22.4414 19.9575 19.4437 22.302
0.282155
0.307806 0.227456 0.261315 0.335047
0.0257701 0.0265018 0.0258664 0.0303638
rap0.0-2.4_pT6.5-30.0_cent10.0-30.0
5070.11
1380.94 1279.13 1217.38 1192.29
41.7998 40.1222 38.7682 38.3628
3658.27
1082.05 984.867 816.584 770.685
38.0568 36.2701 33.2003 32.4055
3695.28
1015.13 941.21 898.236 830.318
39.7708 39.0654 36.7799 36.9946
1374.83
365.809 337.916 319.146 361.968
27.5711 27.6921 25.2551 28.1156
0.271164
0.264899 0.264177 0.262158 0.303592
0.0182846 0.0200006 0.0189914 0.0214629
rap0.0-2.4_pT6.5-30.0_cent10.0-60.0
8100.48
2176.66 2094.37 1931.54 1900.06
51.848 50.5775 48.3102 47.9049
4835.73
1473.25 1289.59 1062.48 1006.88
44.5521 41.8745 38.2753 37.4396
5950.61
1598.81 1556.48 1432.21 1354.61
49.947 49.5741 46.5776 46.2571
2149.87
577.847 537.884 499.332 545.451
35.1253 34.8348 32.2843 34.0944
0.2654
0.265474 0.256824 0.258515 0.287071
0.0148467 0.015433 0.015413 0.0164194
rap0.0-2.4_pT6.5-30.0_cent20.0-30.0
2226.38
597.738 573.015 526.048 529.487
27.277 26.4217 24.9605 25.3286
1367.57
416.261 373.9 273.889 293.469
23.7182 22.3375 19.2571 20.138
1651.44
472.07 398.876 387.436 387.628
26.2239 25.3494 23.4818 24.4389
574.936
125.668 174.139 138.612 141.859
16.0158 19.204 16.0218 17.3055
0.258238
0.21024 0.303899 0.263496 0.267918
0.0250176 0.0304438 0.0277723 0.0300659
rap0.0-2.4_pT6.5-30.0_cent30.0-60.0
3031.31
794.38 816.39 714.377 706.651
30.6057 30.7214 28.7477 28.6102
1175.61
388.604 303.578 243.62 234.341
23.0425 20.7599 18.86 18.608
2245.39
582.13 610.371 533.969 521.944
29.9528 30.6277 28.6768 27.7391
785.919
212.25 206.019 180.408 184.708
21.4713 21.6933 20.3308 19.4634
0.259267
0.26719 0.252354 0.252539 0.261385
0.0249919 0.0248173 0.0265831 0.0254289
rap0.0-2.4_pT6.5-8.0_cent0.0-100.0
3901.26
1025.47 953.321 1009.39 914.54
38.5417 37.1214 37.1815 35.4278
4747.2
1404.58 1300.76 1073.61 960.333
43.1797 41.5373 38.0351 36.068
3077.26
804.128 767.482 797.409 712.962
37.9046 36.9346 36.3951 34.4925
824.008
221.343 185.839 211.976 201.577
24.3425 22.8783 22.8646 22.0884
0.211216
0.215845 0.194939 0.210005 0.220414
0.0223086 0.0227665 0.0212902 0.0225929
rap0.0-2.4_pT6.5-8.0_cent10.0-60.0
2632.72
692.561 674.06 653.813 612.941
31.1017 30.237 29.2715 28.4782
2579.36
824.497 680.023 546.17 522.991
33.1544 30.3344 27.371 26.8527
2045.92
545.21 533.264 506.407 460.638
30.468 30.4529 28.992 27.6244
586.794
147.351 140.796 147.406 152.303
19.3029 19.8757 19.2371 18.845
0.222885
0.212763 0.208877 0.225456 0.248479
0.0261828 0.0279583 0.0276374 0.0284955
rap0.0-2.4_pT8.0-10.0_cent0.0-100.0
3920.33
1073.86 1038.03 908.849 903.496
36.1641 35.3869 33.1897 32.9227
2293.63
656.136 590.95 541.148 491.481
29.8348 28.3756 27.0899 25.9209
2877.05
778.67 745.966 693.686 661.926
35.2326 34.2906 31.918 32.1152
1043.29
295.194 292.06 215.162 241.57
25.5445 25.0653 20.9469 22.9585
0.266123
0.274889 0.281361 0.236742 0.267372
0.0219122 0.0221603 0.0213647 0.0234687
rap0.0-2.4_pT8.0-10.0_cent10.0-60.0
2606.73
728.413 691.403 594.958 593.298
29.5391 28.6981 26.6021 26.3237
1308.03
403.57 357.565 295.018 245.694
23.4038 22.1303 20.1936 18.5832
1916.9
545.907 497.199 437.296 430.284
28.8858 28.5016 25.1863 26.1253
689.832
182.506 194.204 157.662 163.013
19.9769 21.2467 17.3708 19.2452
0.264635
0.250552 0.280883 0.264997 0.274758
0.0254736 0.0284323 0.0266843 0.0300597
rap1.2-1.6_pT6.5-30.0_cent0.0-100.0
2904.23
775.917 743.532 703.948 680.629
31.8058 31.3987 29.9648 29.2912
2351.8
676.083 681.466 529.027 463.366
30.1957 30.3944 26.888 25.3125
2155.72
577.353 540.444 538.34 489.264
31.6046 30.861 29.5792 28.294
748.514
198.564 203.087 165.608 191.364
22.4723 22.4742 19.9877 20.6162
0.257732
0.255908 0.273139 0.235256 0.281158
0.0269957 0.0279389 0.0265692 0.0277683
rap1.2-1.6_pT6.5-30.0_cent10.0-60.0
1951.68
540.185 491.916 467.3 452.476
26.2613 25.0546 24.0387 23.4964
1308.21
419.812 368.048 276.696 235.522
23.8597 22.4468 19.6794 18.307
1458.03
409.916 352.035 364.254 333.341
25.9975 25.312 24.164 22.9387
493.645
130.269 139.881 103.046 119.135
17.8562 19.2345 16.1521 16.2734
0.252934
0.241156 0.284359 0.220514 0.263295
0.0309068 0.0363199 0.0326503 0.0332651
rap1.2-2.4_pT6.5-30.0_cent0.0-100.0
6328.01
1658.82 1596.58 1545.67 1528.05
47.8114 46.4774 45.322 44.5309
5533.88
1702.22 1497.22 1259.19 1108.82
48.2629 45.3955 42.0418 39.5443
4814.79
1256.41 1206.56 1224.81 1124.59
47.3923 46.2747 44.7726 43.391
1513.22
402.412 390.023 320.861 403.452
32.6983 32.1962 28.3426 30.7722
0.239131
0.242589 0.244286 0.207587 0.264031
0.01843 0.0188702 0.017297 0.0186103
rap1.2-2.4_pT6.5-30.0_cent10.0-60.0
4271.81
1159.26 1085.82 1020.23 1008.58
39.2414 37.5133 36.2296 35.7918
3139.26
1010.73 818.044 689.765 616.401
37.3005 33.7582 31.3395 29.8146
3219.35
894.75 801.902 783.332 732.031
38.8994 38.4139 35.9706 35.0732
1052.47
264.506 283.92 236.898 276.549
25.9997 28.3604 24.3078 25.5264
0.246374
0.228169 0.261479 0.232201 0.274197
0.0210561 0.0245068 0.0223535 0.023364
rap1.6-2.4_pT3.0-6.5_cent0.0-100.0
6368.45
1773.49 1570.92 1487.09 1537.29
65.0827 62.4685 60.2006 59.8999
25657.0
6995.48 6657.06 6182.9 5819.68
97.2489 94.8059 91.2113 88.7136
5380.46
1522.34 1294.43 1238.57 1334.09
66.4148 62.6067 62.3982 60.9011
987.99
251.154 276.49 248.517 203.201
37.079 37.2952 38.4803 32.703
0.155138
0.141615 0.176005 0.167117 0.132181
0.0202511 0.0226859 0.0249763 0.0206402
rap1.6-2.4_pT3.0-6.5_cent10.0-60.0
4306.78
1275.61 1070.52 951.582 1010.77
51.9418 49.066 46.1195 46.1107
13649.5
3819.39 3642.48 3257.41 2929.23
72.3977 70.5634 66.5788 63.597
3628.0
1118.33 838.684 787.235 891.275
53.5456 49.3557 47.2121 46.992
678.777
157.27 231.834 164.348 119.497
28.8867 32.7299 28.9255 24.1824
0.157607
0.123291 0.216563 0.17271 0.118224
0.022082 0.0289178 0.029222 0.0233088
rap1.6-2.4_pT6.5-30.0_cent0.0-100.0
3419.55
882.827 849.282 843.07 845.625
35.6854 34.1192 33.9612 33.4245
3217.44
1025.17 818.673 727.751 644.258
37.6271 33.6679 32.2186 30.2616
2661.79
684.522 662.548 677.554 633.464
35.2627 33.9651 33.6457 32.6977
757.761
198.306 186.734 165.516 212.161
23.2833 22.3925 20.7735 22.6392
0.221597
0.224625 0.219872 0.196326 0.250893
0.0247613 0.0248428 0.0233366 0.0248678
rap1.6-2.4_pT6.5-30.0_cent10.0-60.0
2314.38
618.365 590.64 552.322 553.24
29.102 27.7559 27.0458 26.8634
1832.62
590.588 449.282 412.566 377.744
28.6209 25.082 24.3249 23.37
1759.59
485.079 447.582 416.525 401.014
28.6369 29.0841 26.5002 26.1914
554.789
133.286 143.058 135.797 152.226
18.3916 21.1822 18.179 19.0125
0.239714
0.215546 0.242209 0.245865 0.275153
0.0279589 0.034009 0.0306328 0.0316622
