v2noW
rap	pT	cent	dPhi	ctauErrMin	ctauErrMax	NoCutEntry	CutEntry	NSig	NSigErr	NBkg	NBkgErr	coefExp	coefExpErr	coefPol1	coefPol1Err	coeffGaus	coeffGausErr	meanSig1	meanSig1Err	sigmaSig1	sigmaSig1Err	sigmaSig2	sigmaSig2Err	sigmaSig3	sigmaSig3Err	alpha	alphaErr	enne	enneErr	enneW	enneWErr	sigWidth	sigWidthErr	Gmc	GmcErr	bTau	bTauErr	fracRes	fracResErr	meanResSigW	meanResSigWErr	meanResSigN	meanResSigNErr	sigmaResSigW	sigmaResSigWErr	sigmaResSigN	sigmaResSigNErr	fpm	fpmErr	fLiving	fLivingErr	fbkgCtTot	fbkgCtTotErr	lambdam	lambdamErr	lambdap	lambdapErr	lambdasym	lambdasymErr	NLL	nFitPar	EDM	NLLMass	nFitParMass	EDMMass	Prob	PROMPT	PROMPTErr	NON-PROMPT	NON-PROMPTErr	Bfraction	BfractionErr	Resolution	ResolutionErr	
0.0-1.2	6.5-30.0	0.0-100.0	0.000-0.393	0.008	0.088	2315.0	2313.0	1577.01	42.6803	735.829	31.3147	0.191127	0.145266	-0.05	0.0	0.574242	0.0	3.09294	0.0	0.0208532	0.0	0.0360601	0.0	0.03	0.0	1.492	0.04	5.0	0.0	1.733	0.07	0.0283432	0.0	2.21795e-05	1.43176	0.203806	0.0115036	0.245908	0.0821935	-0.000109909	0.00257936	5.19757e-05	0.000969633	1.688	0.125228	0.851397	0.0283652	0.812972	0.78026	0.593619	0.385353	0.469863	0.123362	0.0336761	0.0420654	0.167016	0.0361325	0.085082	0.0422999	-4910.2	4.0	6.81886e-05	-17918.4	3.0	3.88536e-05	1.0	1093.25	39.7651	483.763	29.6184	0.30676	0.0168468	1.11683	0.0462161	
0.0-1.2	6.5-30.0	0.0-100.0	0.000-1.571	0.008	0.105	8803.0	8801.0	5853.08	88.408	2947.87	70.0736	-0.132117	0.0758518	-0.05	0.0	0.574242	0.0756861	3.09294	0.00040846	0.0208532	0.000873964	0.0360601	0.00303999	0.03	0.0	1.492	0.04	5.0	0.0	1.733	0.07	0.0283432	0.00102265	1.87255e-05	2.6751e-05	0.192744	0.00589415	0.236177	0.079527	5.83622e-05	0.00144617	-0.000569143	0.000502046	1.60413	0.0920545	0.850799	0.0151358	0.648715	0.047069	0.982844	0.0124309	0.400707	0.0459757	0.0571366	0.00829542	0.148352	0.0083987	0.681195	0.560158	-18493.0	4.0	1.46753e-06	-79626.0	7.0	4.17152e-05	1.0	4129.5	81.0585	1723.58	57.9458	0.294474	0.00884461	1.07733	0.0380482	
0.0-1.2	6.5-30.0	0.0-100.0	0.393-0.785	0.008	0.096	2311.0	2310.0	1498.05	41.7653	811.891	32.5296	-0.218496	0.13785	-0.05	0.0	0.574242	0.0	3.09294	0.0	0.0208532	0.0	0.0360601	0.0	0.03	0.0	1.492	0.04	5.0	0.0	1.733	0.07	0.0283432	0.0	1.00937e-05	0.00103092	0.196199	0.0119683	0.0755589	0.0712515	0.0054884	0.00636296	-0.00169403	0.000906346	1.88269	0.329588	0.958443	0.0293557	0.61609	0.0125266	1.0	0.696189	0.34461	0.0147024	0.0522353	0.00243604	0.146824	0.00473726	0.0593605	5.35627	-4769.88	4.0	2.85227e-07	-17720.0	3.0	3.96245e-06	1.0	1078.31	39.631	419.739	28.3508	0.280191	0.0172378	1.05689	0.0510105	
0.0-1.2	6.5-30.0	0.0-100.0	0.785-1.178	0.008	0.08	2122.0	2121.0	1424.58	40.489	696.39	30.1859	-0.066601	0.14902	-0.05	0.0	0.574242	0.0	3.09294	0.0	0.0208532	0.0	0.0360601	0.0	0.03	0.0	1.492	0.04	5.0	0.0	1.733	0.07	0.0283432	0.0	4.10143e-05	0.000107112	0.193422	0.012101	0.187448	0.146811	0.00147636	0.00343833	-0.000709821	0.000970329	1.59152	0.210616	0.85767	0.0279982	0.642451	0.0795873	0.988709	0.0108081	0.431221	0.0737352	0.0674093	0.0141945	0.165877	0.0191094	4.99963	2.5763	-4533.05	4.0	2.00411e-07	-16220.1	3.0	1.24988e-05	1.0	999.788	38.2703	424.794	28.3361	0.298188	0.017995	1.03562	0.0711791	
0.0-1.2	6.5-30.0	0.0-100.0	1.178-1.571	0.008	0.088	2055.0	2054.0	1351.55	39.6862	702.449	30.4289	-0.437364	0.148808	-0.05	0.0	0.574242	0.0	3.09294	0.0	0.0208532	0.0	0.0360601	0.0	0.03	0.0	1.492	0.04	5.0	0.0	1.733	0.07	0.0283432	0.0	1.37041e-05	2.80645	0.179529	0.0116081	0.822701	0.0724277	-0.00109986	0.000962734	-0.000498264	0.00260534	1.28762	0.0347594	0.6	0.0385332	0.71712	0.0674362	0.954008	0.0317717	0.395531	0.0700633	0.0536385	0.0160483	0.136783	0.0163576	0.633066	0.480865	-4274.16	4.0	1.08865e-05	-15557.6	3.0	1.75772e-07	1.0	965.628	37.6732	385.921	27.2713	0.28554	0.0183534	1.19492	0.0250435	
0.0-1.2	6.5-30.0	10.0-60.0	0.000-0.393	0.008	0.073	1480.0	1477.0	1025.0	34.2678	451.975	24.5221	0.152168	0.185309	-0.05	0.0	0.574242	0.0	3.09294	0.0	0.0208532	0.0	0.0359898	0.0	0.03	0.0	1.492	0.04	5.0	0.0	1.733	0.07	0.0283052	0.0	1.05857e-05	4.67892e-05	0.205	0.0146763	0.236177	0.0	5.83622e-05	0.0	-0.000645679	0.00116448	1.60413	0.0	0.833596	0.0351075	0.698559	0.247775	0.733104	0.758461	0.397984	0.177704	0.0466602	0.0220198	0.166627	0.0321862	0.0427151	0.0287252	-3250.6	4.0	9.77077e-05	-10828.8	3.0	4.3468e-06	1.0	721.024	31.9299	303.973	23.275	0.29656	0.0204285	1.06701	0.0104749	
0.0-1.2	6.5-30.0	10.0-60.0	0.000-1.571	0.008	0.105	5526.0	5524.0	3864.29	68.4564	1659.52	49.8169	-0.146482	0.096802	-0.05	0.0	0.574242	0.0	3.09294	0.0	0.0208532	0.0	0.0359898	0.00144138	0.03	0.0	1.492	0.04	5.0	0.0	1.733	0.07	0.0283051	0.000390144	1.87255e-05	2.6751e-05	0.200832	0.00767938	0.236177	0.0	5.83622e-05	0.0	-0.000590226	0.000603122	1.60413	0.0	0.826407	0.018101	0.57672	0.0611315	0.98662	0.00774761	0.312877	0.0683	0.0468116	0.00618503	0.152364	0.0106574	2.12495	3.33277	-12144.0	4.0	5.15738e-05	-47836.7	4.0	3.72691e-05	1.0	2775.49	63.6287	1088.81	44.7567	0.281761	0.0104514	1.06273	0.00537574	
0.0-1.2	6.5-30.0	10.0-60.0	0.393-0.785	0.008	0.073	1480.0	1479.0	1013.89	34.1588	465.11	24.8608	-0.118634	0.182387	-0.05	0.0	0.574242	0.0	3.09294	0.0	0.0208532	0.0	0.0359898	0.0	0.03	0.0	1.492	0.04	5.0	0.0	1.733	0.07	0.0283052	0.0	2.45136e-05	0.0594659	0.204369	0.0157179	0.236177	0.0	5.83622e-05	0.0	-0.000745652	0.00115056	1.60413	0.0	0.828572	0.0370404	0.533156	0.0195184	0.999992	10.5912	0.229369	0.025819	0.0464058	0.00256188	0.152312	0.00736528	0.047853	29.7403	-3216.16	4.0	3.9686e-06	-10800.7	3.0	1.59712e-07	1.0	760.08	32.2852	253.811	21.4407	0.250334	0.0193923	1.06401	0.0110159	
0.0-1.2	6.5-30.0	10.0-60.0	0.785-1.178	0.008	0.064	1284.0	1282.0	921.493	32.2562	360.486	21.8968	-0.167212	0.20785	-0.05	0.0	0.574242	0.0	3.09294	0.0	0.0208532	0.0	0.0359898	0.0	0.03	0.0	1.492	0.04	5.0	0.0	1.733	0.07	0.0283052	0.0	3.78823e-05	8.58329e-05	0.207414	0.0165053	0.236177	0.0	5.83622e-05	0.0	-0.00067054	0.00117737	1.60413	0.0	0.807003	0.0330231	0.668718	0.195199	0.96825	0.0255606	0.468808	0.16207	0.054748	0.0341109	0.175995	0.0332568	4.98698	4.25164	-2939.46	4.0	4.35181e-05	-9302.02	3.0	9.51141e-06	1.0	659.608	30.2235	261.885	21.5496	0.284196	0.0211641	1.05128	0.00968143	
0.0-1.2	6.5-30.0	10.0-60.0	1.178-1.571	0.008	0.064	1282.0	1280.0	899.012	32.0588	380.983	22.5779	-0.518631	0.202885	-0.05	0.0	0.574242	0.0	3.09294	0.0	0.0208532	0.0	0.0359898	0.0	0.03	0.0	1.492	0.04	5.0	0.0	1.733	0.07	0.0283052	0.0	2.4668e-05	4.15522	0.188149	0.0143813	0.236177	0.0	5.83622e-05	0.0	-0.0012954	0.00137121	1.60413	0.0	0.851607	0.0406582	0.616283	0.0923017	0.972004	0.0190467	0.197019	0.0962847	0.0507642	0.0105888	0.129933	0.0168179	1.67067	3.24805	-2739.47	4.0	4.42665e-05	-9211.97	3.0	1.05591e-06	1.0	629.15	30.6041	269.862	22.9317	0.300176	0.023153	1.07782	0.0122689	
0.0-2.4	10.0-13.0	0.0-100.0	0.000-0.393	0.016	0.08	932.0	928.0	680.004	27.8488	247.911	18.5351	0.302853	0.251376	-0.05	0.0	0.439579	0.0	3.09335	0.0	0.0421646	0.0	0.0230208	0.0	0.03	0.0	1.492	0.04	5.0	0.0	1.733	0.07	0.0328406	0.0	1.71938e-05	0.0002901	0.199188	0.0173276	0.274398	0.109498	-0.00249292	0.00355003	0.000635841	0.00143615	1.69599	0.15967	0.820765	0.0412189	0.748922	0.0268012	0.999749	3.46562	0.568922	0.0254721	0.105434	0.00872741	0.165066	0.00949258	0.06916	11.4882	-2066.11	4.0	1.13549e-05	-6374.41	3.0	1.62819e-05	1.0	483.445	25.8728	196.558	18.4987	0.289055	0.024493	1.13052	0.0635825	
0.0-2.4	10.0-13.0	0.0-100.0	0.000-1.571	0.008	0.136	3638.0	3637.0	2632.96	58.5051	1004.07	42.3545	-0.587176	0.129482	-0.05	0.0	0.439579	0.0824655	3.09335	0.000727111	0.0421646	0.00244043	0.0230208	0.00164931	0.03	0.0	1.492	0.04	5.0	0.0	1.733	0.07	0.0328406	0.00109221	1.21637e-05	1.85867	0.195018	0.00892497	0.294117	0.0867943	0.000270012	0.00176522	-0.000710829	0.000786247	1.60695	0.0922641	0.785325	0.0229716	0.802265	0.0828594	0.599951	0.0814501	5.08344e-06	0.152776	0.0719804	0.0193213	0.167751	0.0135143	0.0206042	0.0162533	-7807.03	4.0	4.86378e-06	-29799.9	7.0	1.57003e-05	1.0	1886.01	54.0166	746.948	37.9078	0.283691	0.0129441	1.09309	0.0442059	
0.0-2.4	10.0-13.0	0.0-100.0	0.393-0.785	0.008	0.088	937.0	936.0	676.045	27.7591	259.949	18.8274	-0.745835	0.248278	-0.05	0.0	0.439579	0.0	3.09335	0.0	0.0421646	0.0	0.0230208	0.0	0.03	0.0	1.492	0.04	5.0	0.0	1.733	0.07	0.0328406	0.0	1.60627e-05	0.00013147	0.205653	0.0184812	0.680848	0.179328	0.0030049	0.00163927	-0.00230022	0.00228274	1.30469	0.0810495	0.600001	0.0784974	0.810849	0.125226	1.0	11.2732	0.4327	0.113231	0.0500956	0.0274485	0.167117	0.0297587	0.0200177	73.6013	-2027.67	4.0	2.12091e-07	-6414.08	3.0	1.74455e-06	1.0	493.696	25.8575	182.349	17.7124	0.269729	0.0237441	1.12865	0.0624831	
0.0-2.4	10.0-13.0	0.0-100.0	0.785-1.178	0.008	0.105	871.0	870.0	637.966	27.1034	231.995	18.1278	-0.769871	0.264363	-0.05	0.0	0.439579	0.0	3.09335	0.0	0.0421646	0.0	0.0230208	0.0	0.03	0.0	1.492	0.04	5.0	0.0	1.733	0.07	0.0328406	0.0	8.5376e-05	0.000184274	0.177389	0.0174864	0.118034	0.0934839	0.00630016	0.00594207	-0.00154822	0.00152479	1.90173	0.316188	0.883096	0.0452328	0.700559	0.0893546	0.940605	0.130578	0.255683	0.124445	0.0491838	0.0286742	0.206457	0.0317224	0.148556	0.144658	-1845.71	4.0	6.54115e-07	-5872.89	3.0	9.97843e-06	1.0	448.791	26.4286	189.176	19.9883	0.296529	0.0286871	1.05579	0.0731516	
0.0-2.4	10.0-13.0	0.0-100.0	1.178-1.571	0.008	0.088	898.0	894.0	640.238	27.1861	253.797	18.7786	-1.10585	0.256463	-0.05	0.0	0.439579	0.0	3.09335	0.0	0.0421646	0.0	0.0230208	0.0	0.03	0.0	1.492	0.04	5.0	0.0	1.733	0.07	0.0328406	0.0	1.34644e-05	0.00253279	0.201554	0.0189853	0.547296	0.182925	-0.00213568	0.00229779	0.00234956	0.00225931	1.46442	0.108951	0.736597	0.0627213	0.907976	0.742254	0.680603	0.393291	0.144535	0.138883	0.044885	0.0410557	0.148024	0.0295673	0.0464691	0.0209474	-1875.69	4.0	7.54858e-05	-6046.98	3.0	1.69454e-05	1.0	465.433	25.7881	174.805	18.153	0.273032	0.0258748	1.19135	0.0721214	
0.0-2.4	10.0-13.0	10.0-60.0	0.000-0.393	0.016	0.08	624.0	621.0	463.638	22.9484	157.297	14.8438	0.309992	0.315618	-0.05	0.0	0.439579	0.0	3.09335	0.0	0.0421646	0.0	0.0237313	0.0	0.03	0.0	1.492	0.04	5.0	0.0	1.733	0.07	0.0331228	0.0	1.71938e-05	0.0002901	0.19209	0.0193395	0.294117	0.0	0.000270012	0.0	-0.000218214	0.00171935	1.60695	0.0	0.761366	0.0502331	0.840091	0.187872	0.999491	0.580769	0.62245	0.23346	0.136727	0.119637	0.176724	0.0560248	0.144795	4.90118	-1392.16	4.0	7.85414e-08	-4032.43	3.0	1.00196e-05	1.0	316.266	21.1103	147.372	15.9312	0.317859	0.0305479	1.08105	0.0124864	
0.0-2.4	10.0-13.0	10.0-60.0	0.000-1.571	0.008	0.136	2368.0	2367.0	1759.15	44.9686	607.809	29.5111	-0.673153	0.16269	-0.05	0.0	0.439579	0.0	3.09335	0.0	0.0421646	0.0	0.0237313	0.00116488	0.03	0.0	1.492	0.04	5.0	0.0	1.733	0.07	0.0331229	0.000233861	1.21637e-05	1.85867	0.200082	0.0111269	0.294117	0.0	0.000270012	0.0	0.000708033	0.000968094	1.60695	0.0	0.80027	0.0283278	0.648549	0.136968	0.851977	0.218865	0.14791	0.113907	0.0334138	0.0155647	0.163299	0.0222731	0.0921935	0.0603352	-5154.71	4.0	6.50529e-06	-18466.4	4.0	1.49006e-06	1.0	1265.07	42.2283	494.078	29.9492	0.280862	0.0154369	1.10071	0.00726906	
0.0-2.4	10.0-13.0	10.0-60.0	0.393-0.785	0.016	0.088	609.0	608.0	456.095	22.6917	151.897	14.5158	-0.900582	0.327425	-0.05	0.0	0.439579	0.0	3.09335	0.0	0.0421646	0.0	0.0237313	0.0	0.03	0.0	1.492	0.04	5.0	0.0	1.733	0.07	0.0331228	0.0	1.60627e-05	0.00013147	0.207532	0.0227794	0.294117	0.0	0.000270012	0.0	0.000177584	0.00178829	1.60695	0.0	0.789486	0.0545303	0.697373	0.0247369	1.0	5.9956	0.331346	0.0257922	0.0506691	0.0046741	0.165406	0.00869184	0.0715973	57.2205	-1343.87	4.0	2.07684e-05	-3939.91	3.0	6.05407e-07	1.0	333.666	21.257	122.429	14.6076	0.268429	0.0291102	1.0952	0.0138737	
0.0-2.4	10.0-13.0	10.0-60.0	0.785-1.178	0.016	0.105	564.0	563.0	428.492	22.0528	134.478	13.8679	-0.815139	0.348911	-0.05	0.0	0.439579	0.0	3.09335	0.0	0.0421646	0.0	0.0237313	0.0	0.03	0.0	1.492	0.04	5.0	0.0	1.733	0.07	0.0331228	0.0	8.5376e-05	0.000184274	0.194668	0.0238088	0.294117	0.0	0.000270012	0.0	-0.00204802	0.00216836	1.60695	0.0	0.899	0.0618142	0.965024	0.0928456	0.999996	7.37889	0.508272	0.216229	0.188342	0.241587	0.223419	0.0560701	0.0237549	49.7922	-1232.41	4.0	2.49216e-07	-3588.42	3.0	3.64443e-06	1.0	309.463	21.184	119.03	15.2521	0.277788	0.0325975	1.15325	0.0170069	
0.0-2.4	10.0-13.0	10.0-60.0	1.178-1.571	0.016	0.056	571.0	562.0	405.817	21.5713	156.174	14.6858	-1.28959	0.331427	-0.05	0.0	0.439579	0.0	3.09335	0.0	0.0421646	0.0	0.0237313	0.0	0.03	0.0	1.492	0.04	5.0	0.0	1.733	0.07	0.0331228	0.0	1.27211e-05	0.00181467	0.191687	0.0225574	0.294117	0.0	0.000270012	0.0	0.00296418	0.00222278	1.60695	0.0	0.888429	0.0670939	0.72384	0.0960228	0.999284	0.981326	0.132299	0.12099	0.0398927	0.0150515	0.130265	0.0200721	0.0441142	4.22226	-1194.46	4.0	5.11687e-08	-3543.23	3.0	7.95826e-07	1.0	294.771	20.6377	111.045	14.6714	0.273635	0.0330978	1.14746	0.0183347	
0.0-2.4	10.0-30.0	0.0-100.0	0.000-0.393	0.008	0.088	1512.0	1509.0	1126.85	35.8076	382.092	23.1841	0.129385	0.202701	-0.05	0.0	0.427338	0.0	3.09398	0.0	0.0423474	0.0	0.0229524	0.0	0.03	0.0	1.492	0.04	5.0	0.0	1.733	0.07	0.0326808	0.0	1.1122e-05	0.00169269	0.195676	0.0127461	0.286858	0.0918796	0.000915639	0.00224089	0.000221682	0.00112514	1.62833	0.118442	0.825935	0.03446	0.789738	0.126859	0.832762	0.884801	0.473058	0.361071	0.0951781	0.0419126	0.179445	0.0294867	0.0260375	0.246201	-3381.62	4.0	2.92582e-05	-11143.1	3.0	5.33494e-06	1.0	765.784	33.0704	361.071	25.1624	0.320424	0.0198733	1.11673	0.0483419	
0.0-2.4	10.0-30.0	0.0-100.0	0.000-1.571	0.008	0.136	5840.0	5839.0	4312.17	74.5241	1526.86	52.6163	-0.57718	0.105162	-0.05	0.0	0.427338	0.0631725	3.09398	0.000562864	0.0423474	0.00199194	0.0229524	0.00121704	0.03	0.0	1.492	0.04	5.0	0.0	1.733	0.07	0.0326807	0.000859449	1.52572e-05	0.000100154	0.18381	0.00631777	0.236663	0.0682407	0.00122367	0.00140879	-0.000771775	0.000564066	1.62012	0.0865195	0.843287	0.0179631	0.810914	0.0890059	0.87336	0.211936	0.317802	0.115705	0.0628658	0.0149106	0.177182	0.0126878	0.0332485	0.0353635	-12861.8	4.0	8.06387e-06	-50810.7	7.0	5.62764e-07	1.0	2964.67	68.26	1347.51	50.7603	0.312489	0.0104595	1.0789	0.0343617	
0.0-2.4	10.0-30.0	0.0-100.0	0.393-0.785	0.008	0.105	1513.0	1512.0	1094.68	35.3494	417.179	23.9179	-0.683679	0.19578	-0.05	0.0	0.427338	0.0	3.09398	0.0	0.0423474	0.0	0.0229524	0.0	0.03	0.0	1.492	0.04	5.0	0.0	1.733	0.07	0.0326808	0.0	1.01316e-05	0.00876397	0.183757	0.0126737	0.100919	0.169121	0.00498796	0.00652429	-0.00142137	0.000946246	1.74041	0.515379	0.866588	0.0325171	0.6544	0.556365	1.0	0.992525	0.296612	0.511253	0.0358861	0.0351741	0.172436	0.032363	0.0200018	34.7057	-3355.06	4.0	2.73799e-07	-11079.9	3.0	2.71265e-05	1.0	768.916	33.2184	325.764	24.4459	0.297589	0.0201582	0.99039	0.108212	
0.0-2.4	10.0-30.0	0.0-100.0	0.785-1.178	0.008	0.105	1394.0	1393.0	1038.8	34.3748	354.161	22.2936	-0.772744	0.214007	-0.05	0.0	0.427338	0.0	3.09398	0.0	0.0423474	0.0	0.0229524	0.0	0.03	0.0	1.492	0.04	5.0	0.0	1.733	0.07	0.0326808	0.0	2.91026e-05	5.76628e-05	0.171032	0.0125416	0.122074	0.0686439	0.00470031	0.00433712	-0.00089564	0.00110649	1.84586	0.2159	0.890957	0.0358941	0.745674	0.0777466	0.827691	0.293307	0.190421	0.271417	0.0675714	0.0182877	0.217746	0.0267549	0.0242202	0.0854403	-3084.46	4.0	3.24401e-06	-10137.9	3.0	3.36323e-06	1.0	714.158	33.0867	324.642	25.5276	0.312516	0.0222922	1.05491	0.0501619	
0.0-2.4	10.0-30.0	0.0-100.0	1.178-1.571	0.008	0.105	1421.0	1419.0	1053.79	34.7214	365.193	22.7379	-0.992384	0.213219	-0.05	0.0	0.427338	0.0	3.09398	0.0	0.0423474	0.0	0.0229524	0.0	0.03	0.0	1.492	0.04	5.0	0.0	1.733	0.07	0.0326808	0.0	3.2121e-05	7.73774e-05	0.183099	0.0124175	0.662879	0.127118	-0.000594368	0.00123554	0.000823115	0.00208518	1.36549	0.0619482	0.698531	0.0607935	0.999999	10.971	0.68273	0.0805305	0.20519	0.0704144	0.0496084	17.8909	0.157928	0.0179455	0.0467604	0.0128561	-3057.19	4.0	6.02548e-06	-10326.0	3.0	4.74412e-07	1.0	714.014	32.4557	339.778	25.0046	0.322434	0.021217	1.18342	0.0443221	
0.0-2.4	10.0-30.0	10.0-60.0	0.000-0.393	0.008	0.088	998.0	995.0	754.984	29.2374	240.021	18.4357	0.0329724	0.255643	-0.05	0.0	0.427338	0.0	3.09398	0.0	0.0423474	0.0	0.0233356	0.0	0.03	0.0	1.492	0.04	5.0	0.0	1.733	0.07	0.0328358	0.0	1.1122e-05	0.00169269	0.199519	0.0160935	0.236663	0.0	0.00122367	0.0	-0.00065994	0.00124938	1.62012	0.0	0.811242	0.0379627	0.939356	0.71649	0.727908	0.313515	0.5064	0.480866	0.0010016	1.00925	0.184904	0.0365074	0.109889	0.0580832	-2304.87	4.0	3.87907e-06	-6956.84	3.0	5.70522e-08	1.0	520.225	27.0202	234.759	20.1711	0.310946	0.0238498	1.05998	0.0110891	
0.0-2.4	10.0-30.0	10.0-60.0	0.000-1.571	0.008	0.136	3809.0	3808.0	2867.03	57.2846	940.852	36.8168	-0.605448	0.130632	-0.05	0.0	0.427338	0.0	3.09398	0.0	0.0423474	0.0	0.0233356	0.000867968	0.03	0.0	1.492	0.04	5.0	0.0	1.733	0.07	0.0328358	0.000176622	1.52572e-05	0.000100154	0.192282	0.00825719	0.236663	0.0	0.00122367	0.0	8.68966e-05	0.000684486	1.62012	0.0	0.840136	0.0219828	0.651609	0.0922315	0.905823	0.172747	0.197565	0.118367	0.0337237	0.0135254	0.175015	0.0174305	0.095067	0.0747862	-8542.84	4.0	1.04428e-07	-31617.7	4.0	4.74102e-06	1.0	2021.34	53.6537	845.695	39.155	0.294973	0.0123198	1.07702	0.00654476	
0.0-2.4	10.0-30.0	10.0-60.0	0.393-0.785	0.008	0.105	980.0	979.0	730.412	28.7627	248.535	18.5851	-0.729385	0.25442	-0.05	0.0	0.427338	0.0	3.09398	0.0	0.0423474	0.0	0.0233356	0.0	0.03	0.0	1.492	0.04	5.0	0.0	1.733	0.07	0.0328358	0.0	1.01316e-05	0.00876397	0.186321	0.0162552	0.236663	0.0	0.00122367	0.0	-6.3527e-05	0.00128903	1.62012	0.0	0.833254	0.0438233	0.595986	0.0123083	1.0	17.1082	0.284598	0.0136594	0.0411046	0.0016693	0.177313	0.00496437	0.0397099	46.8316	-2212.32	4.0	2.38745e-08	-6796.3	3.0	9.00402e-06	1.0	529.244	27.0974	201.168	19.0441	0.275417	0.0237103	1.07293	0.0129896	
0.0-2.4	10.0-30.0	10.0-60.0	0.785-1.178	0.008	0.105	901.0	900.0	686.653	27.8312	213.297	17.3555	-0.661099	0.274881	-0.05	0.0	0.427338	0.0	3.09398	0.0	0.0423474	0.0	0.0233356	0.0	0.03	0.0	1.492	0.04	5.0	0.0	1.733	0.07	0.0328358	0.0	2.91026e-05	5.76628e-05	0.187613	0.0175339	0.236663	0.0	0.00122367	0.0	-0.0010912	0.00143888	1.62012	0.0	0.890306	0.0454013	0.836546	0.15062	0.974509	0.0341992	0.427355	0.149344	0.065972	0.0516327	0.211512	0.0462267	4.99991	2.54928	-2040.78	4.0	1.49457e-06	-6187.99	3.0	7.90962e-06	1.0	492.184	26.4364	194.468	19.0538	0.283212	0.0252631	1.10736	0.0139317	
0.0-2.4	10.0-30.0	10.0-60.0	1.178-1.571	0.008	0.08	930.0	925.0	693.386	28.1027	231.613	18.1109	-1.05015	0.268947	-0.05	0.0	0.427338	0.0	3.09398	0.0	0.0423474	0.0	0.0233356	0.0	0.03	0.0	1.492	0.04	5.0	0.0	1.733	0.07	0.0328358	0.0	1.97786e-05	7.38276e-05	0.186049	0.015381	0.236663	0.0	0.00122367	0.0	0.000652612	0.0015489	1.62012	0.0	0.892725	0.0503855	0.692905	0.289662	0.841915	0.229436	0.0219124	0.681768	0.0184945	0.0178609	0.141557	0.0218278	0.0546267	0.0338589	-2014.88	4.0	7.98001e-06	-6343.06	3.0	8.47413e-09	1.0	469.034	26.5499	224.352	20.6447	0.32356	0.0267303	1.10884	0.0154824	
0.0-2.4	13.0-30.0	0.0-100.0	0.000-0.393	0.008	0.064	580.0	578.0	448.002	22.5067	129.996	13.7313	-0.200671	0.347928	-0.05	0.0	0.408953	0.0	3.09498	0.0	0.0428492	0.0	0.0227253	0.0	0.03	0.0	1.492	0.04	5.0	0.0	1.733	0.07	0.0324977	0.0	5.42312e-05	0.000155716	0.189362	0.0188237	0.320965	0.160542	0.00391952	0.00307986	-0.00078624	0.00186014	1.50857	0.163159	0.854536	0.0626553	0.999554	0.839671	0.724667	0.0633216	0.481337	0.0520329	0.00119588	1.49883	0.211056	0.0157485	0.0398156	0.00833232	-1318.8	4.0	6.42973e-05	-3748.92	3.0	9.9015e-08	1.0	281.607	20.595	166.396	17.1431	0.371417	0.0334079	1.10738	0.0684075	
0.0-2.4	13.0-30.0	0.0-100.0	0.000-1.571	0.008	0.105	2202.0	2202.0	1679.77	45.9315	522.265	30.8445	-0.562049	0.179575	-0.05	0.0	0.408953	0.0905591	3.09498	0.000887756	0.0428492	0.00335178	0.0227253	0.00166936	0.03	0.0	1.492	0.04	5.0	0.0	1.733	0.07	0.0324977	0.00133446	1.00009e-05	0.0022258	0.169079	0.00885758	0.132772	0.0920488	0.00351245	0.00313808	-0.000854495	0.00080435	1.67468	0.204192	0.908614	0.0292089	0.804259	0.016673	0.999914	0.696986	0.372443	0.0185727	0.0430737	0.00345778	0.191421	0.00650716	0.0200143	3.84583	-5067.35	4.0	4.33491e-05	-17146.2	7.0	3.46414e-05	1.0	1080.21	41.7457	599.56	33.7496	0.35693	0.0175621	1.04323	0.0500079	
0.0-2.4	13.0-30.0	0.0-100.0	0.393-0.785	0.008	0.064	576.0	573.0	418.079	21.8684	154.892	14.6639	-0.540975	0.319189	-0.05	0.0	0.408953	0.0	3.09498	0.0	0.0428492	0.0	0.0227253	0.0	0.03	0.0	1.492	0.04	5.0	0.0	1.733	0.07	0.0324977	0.0	1.55008e-05	0.000878565	0.163047	0.0180153	0.00883941	0.0082002	0.00999995	0.0180256	-0.00182766	0.00134045	3.31245	1.28622	0.920592	0.0512545	0.632575	0.870924	1.0	0.895199	0.301764	0.829218	0.0283567	0.0329684	0.172362	0.0470888	0.0200017	114.607	-1325.53	4.0	3.51306e-05	-3641.93	3.0	1.25357e-05	1.0	286.835	20.5245	131.244	15.5974	0.313921	0.0334993	0.967981	0.0377067	
0.0-2.4	13.0-30.0	0.0-100.0	0.785-1.178	0.008	0.056	523.0	517.0	395.432	21.0002	121.559	12.928	-0.774536	0.363392	-0.05	0.0	0.408953	0.0	3.09498	0.0	0.0428492	0.0	0.0227253	0.0	0.03	0.0	1.492	0.04	5.0	0.0	1.733	0.07	0.0324977	0.0	3.39658e-05	0.000104935	0.163294	0.0176675	0.131789	0.1171	0.00298802	0.00557481	-0.000225369	0.00161207	1.76077	0.331988	0.917243	0.0596434	0.812872	0.0875044	0.974352	0.0280235	0.301888	0.0948063	0.0685909	0.0297384	0.181489	0.0352092	4.99165	3.96293	-1234.91	4.0	2.55064e-06	-3301.08	3.0	9.46657e-07	1.0	263.542	19.8914	131.89	15.7747	0.333535	0.0357442	1.06726	0.0750822	
0.0-2.4	13.0-30.0	0.0-100.0	1.178-1.571	0.008	0.08	523.0	522.0	411.938	21.5239	110.041	12.7038	-0.778446	0.385058	-0.05	0.0	0.408953	0.0	3.09498	0.0	0.0428492	0.0	0.0227253	0.0	0.03	0.0	1.492	0.04	5.0	0.0	1.733	0.07	0.0324977	0.0	1.65646e-05	0.000171567	0.164435	0.0160242	0.867045	0.0572375	0.000445439	0.00122049	-0.00276118	0.00550931	1.22585	0.0404956	0.600011	0.930551	0.70992	0.0312765	1.0	6.57925	0.0319045	0.0448296	0.00384085	0.00218067	0.158686	0.00938446	0.0200003	33.949	-1187.99	4.0	3.50824e-05	-3326.28	3.0	2.47165e-06	1.0	250.38	19.2862	161.558	16.4943	0.39219	0.0343997	1.16224	0.0395057	
0.0-2.4	13.0-30.0	10.0-60.0	0.000-0.393	0.008	0.064	374.0	372.0	291.776	18.0873	80.2118	10.7511	-0.557795	0.444611	-0.05	0.0	0.408953	0.0	3.09498	0.0	0.0428492	0.0	0.0225211	0.0	0.03	0.0	1.492	0.04	5.0	0.0	1.733	0.07	0.0324136	0.0	5.42312e-05	0.000155716	0.207609	0.027588	0.132772	0.0	0.00351245	0.0	-0.000297428	0.00179888	1.67468	0.0	0.907086	0.0608481	0.657259	0.809637	0.928815	1.14749	0.395421	1.11724	0.00110093	0.176788	0.211985	0.0582459	0.0680916	0.0988288	-914.276	4.0	5.85518e-05	-2258.1	3.0	1.56307e-06	1.0	200.804	16.7531	90.9726	12.5508	0.311789	0.0384282	1.04208	0.0229667	
0.0-2.4	13.0-30.0	10.0-60.0	0.000-1.571	0.008	0.08	1441.0	1438.0	1105.38	35.4386	332.555	21.9801	-0.489191	0.219034	-0.05	0.0	0.408953	0.0	3.09498	0.0	0.0428492	0.0	0.0225211	0.00126418	0.03	0.0	1.492	0.04	5.0	0.0	1.733	0.07	0.0324136	0.000259576	1.60278e-05	0.000108096	0.181547	0.0122636	0.132772	0.0	0.00351245	0.0	-0.000534537	0.000958379	1.67468	0.0	0.900872	0.0355844	0.666084	0.136485	0.992111	0.00954148	0.237368	0.147364	0.0319242	0.00907588	0.175044	0.0210677	4.99969	3.74227	-3390.65	4.0	1.0592e-05	-10603.0	4.0	3.26971e-06	1.0	754.931	33.0836	350.45	25.1986	0.31704	0.0204048	1.03739	0.0133993	
0.0-2.4	13.0-30.0	10.0-60.0	0.393-0.785	0.008	0.064	371.0	370.0	273.303	17.6474	96.6551	11.6091	-0.465291	0.402533	-0.05	0.0	0.408953	0.0	3.09498	0.0	0.0428492	0.0	0.0225211	0.0	0.03	0.0	1.492	0.04	5.0	0.0	1.733	0.07	0.0324136	0.0	1.55008e-05	0.000878565	0.151973	0.0220244	0.132772	0.0	0.00351245	0.0	-0.000203799	0.00185267	1.67468	0.0	0.915032	0.0734337	0.500703	0.0749744	0.99999	1.06653	0.240096	0.0889142	0.0359978	0.00814638	0.19663	0.0362536	0.0257678	2.81198	-867.507	4.0	4.51129e-05	-2199.0	3.0	1.56769e-05	1.0	194.417	16.8769	78.8851	12.3767	0.288637	0.0412725	1.04809	0.0277996	
0.0-2.4	13.0-30.0	10.0-60.0	0.785-1.178	0.012	0.044	337.0	330.0	253.68	16.7974	76.3024	10.2358	-0.445554	0.452325	-0.05	0.0	0.408953	0.0	3.09498	0.0	0.0428492	0.0	0.0225211	0.0	0.03	0.0	1.492	0.04	5.0	0.0	1.733	0.07	0.0324136	0.0	3.14561e-05	0.000114974	0.17516	0.0252225	0.132772	0.0	0.00351245	0.0	-0.000577201	0.00189588	1.67468	0.0	0.908521	0.073152	0.76671	0.119161	0.963021	0.0379936	0.191788	0.109221	0.0484054	0.0227271	0.171592	0.0377104	4.99989	4.042	-799.07	4.0	2.51517e-06	-1960.42	3.0	3.49456e-06	1.0	181.541	15.839	72.1389	11.3663	0.28437	0.0406572	1.04316	0.0276257	
0.0-2.4	13.0-30.0	10.0-60.0	1.178-1.571	0.008	0.08	359.0	358.0	282.685	17.861	75.3065	10.5666	-0.581653	0.460463	-0.05	0.0	0.408953	0.0	3.09498	0.0	0.0428492	0.0	0.0225211	0.0	0.03	0.0	1.492	0.04	5.0	0.0	1.733	0.07	0.0324136	0.0	1.65646e-05	0.000171567	0.181482	0.0211677	0.132772	0.0	0.00351245	0.0	-0.00298354	0.00206356	1.67468	0.0	0.869884	0.074496	0.767631	0.0602136	0.999999	2.11401	0.000336469	0.701393	0.00804209	0.003876	0.135672	0.016848	0.0202112	7.43275	-816.468	4.0	2.80386e-07	-2144.71	3.0	7.92426e-07	1.0	172.12	16.4667	110.565	14.2016	0.391125	0.0437398	1.0142	0.0277061	
0.0-2.4	6.5-10.0	0.0-100.0	0.000-0.393	0.016	0.152	4167.0	4164.0	2100.34	52.8187	2063.62	52.4701	-0.0682531	0.0861116	-0.05	0.0	0.404537	0.0	3.09231	0.0	0.0499305	0.0	0.0253726	0.0	0.03	0.0	1.492	0.04	5.0	0.0	1.733	0.07	0.0373078	0.0	1.90055e-05	0.000117681	0.194933	0.0113565	0.138357	0.0473332	0.00466897	0.00498227	0.000991798	0.00086244	1.9815	0.167728	0.937012	0.0202287	0.331218	6.7827	0.685485	10.78	0.178354	7.37638	0.00104433	0.377544	0.159677	0.119564	0.0736777	0.0243981	-6699.31	4.0	0.000100013	-32766.1	3.0	2.88509e-06	1.0	1580.1	51.6763	520.244	35.5342	0.247695	0.0157299	1.14007	0.0381984	
0.0-2.4	6.5-10.0	0.0-100.0	0.000-1.571	0.008	0.136	14869.0	14840.0	7828.16	119.322	7012.5	115.842	-0.120232	0.0482573	-0.05	0.0	0.404537	0.0579187	3.09231	0.000498512	0.0499305	0.00290654	0.0253726	0.00110941	0.03	0.0	1.492	0.04	5.0	0.0	1.733	0.07	0.0373078	0.00108843	2.70702e-05	5.76409e-05	0.200733	0.00617744	0.173814	0.044334	0.00399264	0.00245512	0.00210708	0.000478498	1.78243	0.0904393	0.939052	0.0118229	0.572487	0.0517673	0.959744	0.0320025	0.529008	0.0418487	0.0601191	0.00931013	0.151388	0.00838099	0.271407	0.119952	-24049.1	4.0	7.25672e-05	-136177.0	7.0	0.000100136	1.0	5947.24	109.949	1880.92	68.5057	0.240276	0.00794794	1.13171	0.0259799	
0.0-2.4	6.5-10.0	0.0-100.0	0.393-0.785	0.016	0.145	3895.0	3892.0	1991.03	51.2869	1900.78	50.3992	-0.255506	0.0899617	-0.05	0.0	0.404537	0.0	3.09231	0.0	0.0499305	0.0	0.0253726	0.0	0.03	0.0	1.492	0.04	5.0	0.0	1.733	0.07	0.0373078	0.0	1.01928e-05	2.11886	0.202989	0.0125496	0.175237	0.0863871	0.00684653	0.00488837	0.00380476	0.00102929	1.78736	0.174703	1.00041	0.0261071	0.488891	0.144296	0.906183	0.0673617	0.442107	0.13414	0.0479971	0.0157351	0.154434	0.0173098	0.23559	0.0977201	-6005.41	4.0	5.34767e-05	-30403.4	3.0	1.3738e-05	1.0	1511.44	50.3406	479.581	34.2196	0.240871	0.0160279	1.17697	0.0473777	
0.0-2.4	6.5-10.0	0.0-100.0	0.785-1.178	0.016	0.152	3534.0	3533.0	1916.82	49.7864	1616.19	46.6696	0.00287623	0.0974666	-0.05	0.0	0.404537	0.0	3.09231	0.0	0.0499305	0.0	0.0253726	0.0	0.03	0.0	1.492	0.04	5.0	0.0	1.733	0.07	0.0373078	0.0	6.29812e-05	0.000142295	0.221779	0.0140122	0.099274	0.0560735	0.00969724	0.0193283	0.000993923	0.000902333	1.94297	0.233692	0.979446	0.0226327	0.628588	0.016509	0.999779	0.555329	0.563407	0.0097835	0.0701175	0.00338375	0.144352	0.00391956	0.104496	5.06	-5870.68	4.0	7.55575e-05	-27447.7	3.0	7.20714e-08	1.0	1485.89	48.3671	430.929	31.228	0.224815	0.0152092	1.11304	0.0418113	
0.0-2.4	6.5-10.0	0.0-100.0	1.178-1.571	0.016	0.152	3273.0	3271.0	1817.72	48.329	1453.24	44.3983	-0.157126	0.102931	-0.05	0.0	0.404537	0.0	3.09231	0.0	0.0499305	0.0	0.0253726	0.0	0.03	0.0	1.492	0.04	5.0	0.0	1.733	0.07	0.0373078	0.0	5.59521e-05	0.000206186	0.18835	0.0121192	0.652049	0.158969	-0.000734564	0.0019028	0.00215639	0.00145709	1.37047	0.0645511	0.607894	0.0364117	0.618601	0.0553917	0.969449	0.026127	0.583154	0.0465192	0.0738812	0.0138573	0.179985	0.0200841	0.720536	0.742165	-5466.75	4.0	1.28667e-06	-25216.6	3.0	9.55079e-06	1.0	1374.24	47.1974	443.476	32.1186	0.243974	0.016436	1.16329	0.0572896	
0.0-2.4	6.5-10.0	10.0-60.0	0.000-0.393	0.016	0.152	2653.0	2652.0	1423.67	42.9119	1228.3	40.5713	-0.115773	0.111791	-0.05	0.0	0.404537	0.0	3.09231	0.0	0.0499305	0.0	0.025444	0.0	0.03	0.0	1.492	0.04	5.0	0.0	1.733	0.07	0.0373368	0.0	1.90055e-05	0.000117681	0.196186	0.014154	0.173814	0.0	0.00399264	0.0	0.00230452	0.00105618	1.78243	0.0	0.872214	0.0247993	0.486211	0.198921	0.849618	0.257378	0.366663	0.209661	0.0293443	0.0153452	0.136715	0.0250137	0.0919877	0.0807385	-4529.45	4.0	2.04306e-06	-19811.8	3.0	5.87037e-06	1.0	1093.73	41.942	329.938	27.7707	0.231752	0.0182128	1.08662	0.00822304	
0.0-2.4	6.5-10.0	10.0-60.0	0.000-1.571	0.008	0.16	9130.0	9128.0	5243.81	82.4102	3883.74	73.6984	-0.196419	0.0631008	-0.05	0.0	0.404537	0.0	3.09231	0.0	0.0499305	0.0	0.025444	0.000681379	0.03	0.0	1.492	0.04	5.0	0.0	1.733	0.07	0.0373368	0.000138249	1.92169e-05	7.62105e-05	0.195301	0.00727344	0.173814	0.0	0.00399264	0.0	0.00194883	0.000586271	1.78243	0.0	0.898058	0.0143451	0.500152	0.0776887	0.955864	0.0229239	0.447065	0.0780381	0.0453556	0.00768471	0.154539	0.0106411	0.312821	0.109469	-15698.1	4.0	2.83551e-05	-80019.1	4.0	2.28356e-05	1.0	3959.53	80.4498	1284.29	54.8395	0.244915	0.00972386	1.10388	0.00482098	
0.0-2.4	6.5-10.0	10.0-60.0	0.393-0.785	0.016	0.145	2405.0	2404.0	1367.1	41.6915	1036.84	37.522	-0.221303	0.122059	-0.05	0.0	0.404537	0.0	3.09231	0.0	0.0499305	0.0	0.025444	0.0	0.03	0.0	1.492	0.04	5.0	0.0	1.733	0.07	0.0373368	0.0	1.01928e-05	2.11886	0.183746	0.0139554	0.173814	0.0	0.00399264	0.0	0.00277614	0.00127966	1.78243	0.0	0.996837	0.0320332	0.456314	0.0818268	0.919567	0.0510176	0.450168	0.111689	0.0388702	0.0109073	0.172368	0.0260242	0.304118	0.138697	-4050.11	4.0	2.43687e-06	-17845.3	3.0	1.5846e-05	1.0	1035.32	41.7495	331.785	29.1294	0.242692	0.0199807	1.17183	0.0112566	
0.0-2.4	6.5-10.0	10.0-60.0	0.785-1.178	0.016	0.152	2094.0	2093.0	1247.53	39.5348	845.446	34.0732	-0.223216	0.135433	-0.05	0.0	0.404537	0.0	3.09231	0.0	0.0499305	0.0	0.025444	0.0	0.03	0.0	1.492	0.04	5.0	0.0	1.733	0.07	0.0373368	0.0	6.29812e-05	0.000142295	0.212697	0.0157442	0.173814	0.0	0.00399264	0.0	0.000470074	0.00115664	1.78243	0.0	0.901871	0.0281043	0.300486	4.50577	0.76535	5.762	0.160173	3.51779	0.00100329	0.0710585	0.166983	0.0281279	0.0864902	0.0242626	-3715.83	4.0	7.32067e-05	-15343.6	3.0	2.59863e-06	1.0	940.901	38.2571	306.632	25.8641	0.245791	0.0192133	1.10644	0.00946315	
0.0-2.4	6.5-10.0	10.0-60.0	1.178-1.571	0.016	0.136	1978.0	1976.0	1206.88	38.7946	769.113	32.6688	-0.265655	0.14211	-0.05	0.0	0.404537	0.0	3.09231	0.0	0.0499305	0.0	0.025444	0.0	0.03	0.0	1.492	0.04	5.0	0.0	1.733	0.07	0.0373368	0.0	5.49261e-05	0.000220802	0.192921	0.0144526	0.173814	0.0	0.00399264	0.0	-0.0003463	0.00123606	1.78243	0.0	0.876273	0.030119	0.286349	0.0569187	0.630277	0.0658548	0.17918	0.0702184	0.00100043	0.922419	0.262996	0.0404582	0.116335	0.0193615	-3421.21	4.0	3.0104e-06	-14411.5	3.0	1.01022e-06	1.0	888.265	38.0447	318.618	27.1483	0.264001	0.0208325	1.08931	0.0100086	
0.0-2.4	6.5-30.0	0.0-10.0	0.000-0.393	0.008	0.136	1895.0	1890.0	936.691	35.2115	953.233	35.4456	0.0316928	0.126413	-0.05	0.0	0.413874	0.0	3.09296	0.0	0.0469725	0.0	0.0239268	0.0	0.03	0.0	1.492	0.04	5.0	0.0	1.733	0.07	0.0353374	0.0	2.92627e-05	6.86787e-05	0.185337	0.0142353	0.19835	0.0	0.00208889	0.0	0.00217895	0.00138378	1.70743	0.0	0.99603	0.0363181	0.999665	6.4383	0.317559	0.851757	0.595618	0.500583	0.00194302	6.4364	0.196156	0.190446	0.0851456	0.0561319	-2940.48	4.0	3.64488e-05	-13385.6	3.0	3.62249e-06	1.0	646.078	33.5063	290.614	25.5374	0.310255	0.0246429	1.17199	0.0123717	
0.0-2.4	6.5-30.0	0.0-10.0	0.000-1.571	0.008	0.136	7245.0	7234.0	3581.51	69.8585	3652.4	70.3633	-0.107238	0.0646597	-0.05	0.0	0.413874	0.0	3.09296	0.0	0.0469725	0.0	0.0239268	0.000849174	0.03	0.0	1.492	0.04	5.0	0.0	1.733	0.07	0.0353374	0.000168503	1.61666e-05	1.68756e-05	0.186807	0.00785633	0.19835	0.0	0.00208889	0.0	0.000791751	0.000690364	1.70743	0.0	0.960894	0.0189419	0.928165	0.926251	0.436552	0.301385	0.513142	0.0650211	0.117414	0.0780885	0.179746	0.0257188	0.0786147	0.0345523	-11323.3	4.0	4.03625e-05	-60944.8	4.0	4.032e-06	1.0	2559.73	67.2126	1021.78	49.2129	0.285293	0.0125636	1.14823	0.00635367	
0.0-2.4	6.5-30.0	0.0-10.0	0.393-0.785	0.008	0.145	1900.0	1898.0	883.846	34.5518	1014.26	36.3899	-0.351698	0.122992	-0.05	0.0	0.413874	0.0	3.09296	0.0	0.0469725	0.0	0.0239268	0.0	0.03	0.0	1.492	0.04	5.0	0.0	1.733	0.07	0.0353374	0.0	2.84864e-05	5.39292e-05	0.211599	0.0175004	0.19835	0.0	0.00208889	0.0	-0.000133793	0.00136171	1.70743	0.0	0.965877	0.0382208	0.775756	0.194726	0.923664	1.00143	0.491998	0.0677989	0.0920869	0.0705298	0.137883	0.0181443	0.148071	0.260935	-2765.93	4.0	2.4184e-05	-13358.0	3.0	7.77492e-06	1.0	624.072	32.9965	259.775	24.4276	0.293914	0.0251363	1.15158	0.0128494	
0.0-2.4	6.5-30.0	0.0-10.0	0.785-1.178	0.008	0.128	1782.0	1781.0	902.297	34.3352	878.904	33.993	0.0716915	0.131674	-0.05	0.0	0.413874	0.0	3.09296	0.0	0.0469725	0.0	0.0239268	0.0	0.03	0.0	1.492	0.04	5.0	0.0	1.733	0.07	0.0353374	0.0	2.19419e-05	6.75748	0.187926	0.016354	0.19835	0.0	0.00208889	0.0	0.00187915	0.00138341	1.70743	0.0	0.95095	0.0393922	0.534022	0.010946	0.999995	1.18835	0.441359	0.0114588	0.06115	0.00189128	0.152892	0.00374068	0.076825	7.38567	-2831.88	4.0	2.91681e-06	-12548.7	3.0	2.51393e-05	1.0	660.598	33.5283	241.699	24.0173	0.267871	0.0245889	1.14157	0.0131528	
0.0-2.4	6.5-30.0	0.0-10.0	1.178-1.571	0.008	0.152	1668.0	1667.0	860.165	33.4387	807.091	32.6365	-0.165934	0.137685	-0.05	0.0	0.413874	0.0	3.09296	0.0	0.0469725	0.0	0.0239268	0.0	0.03	0.0	1.492	0.04	5.0	0.0	1.733	0.07	0.0353374	0.0	1.0825e-05	4.3417e-05	0.163229	0.0150134	0.19835	0.0	0.00208889	0.0	0.00170279	0.00139822	1.70743	0.0	0.953439	0.0381426	0.273159	4.92189	0.635804	2.96261	0.174276	5.29954	0.00101659	1.29263	0.245043	0.134844	0.0811903	0.0225905	-2785.87	4.0	4.48563e-07	-11656.8	3.0	4.68877e-05	1.0	631.84	33.1175	228.324	23.9213	0.265443	0.0258248	1.14324	0.0127503	
0.0-2.4	6.5-30.0	0.0-100.0	0.000-0.393	0.008	0.152	5679.0	5676.0	3225.27	63.7125	2450.73	57.3128	-0.0419271	0.0791746	-0.05	0.0	0.413874	0.0	3.09296	0.0	0.0469725	0.0	0.0244018	0.0	0.03	0.0	1.492	0.04	5.0	0.0	1.733	0.07	0.0355273	0.0	1.87871e-05	0.000150437	0.194962	0.00848202	0.188773	0.046412	0.00195616	0.00245764	0.000539211	0.000679299	1.81358	0.104055	0.896556	0.0175207	0.91246	3.07808	0.476814	0.877228	0.517856	0.814365	0.00108972	1.09238	0.165062	0.0156858	0.0745688	0.0119642	-9961.22	4.0	6.34374e-05	-47114.6	3.0	6.93836e-07	1.0	2337.85	61.1774	887.417	43.7856	0.275145	0.0124403	1.12826	0.0305672	
0.0-2.4	6.5-30.0	0.0-100.0	0.000-1.571	0.004	0.164	20709.0	20705.0	12120.2	140.355	8584.77	127.035	-0.202703	0.0436303	-0.05	0.0	0.413874	0.0441326	3.09296	0.000376988	0.0469725	0.00196369	0.0244018	0.000798733	0.03	0.0	1.492	0.04	5.0	0.0	1.733	0.07	0.0355273	0.000751532	1.00456e-05	6.70688e-06	0.192733	0.00443582	0.19835	0.0380118	0.00208889	0.00129289	0.000891175	0.000365352	1.70743	0.0628596	0.902207	0.00994407	0.635903	0.0380517	0.974551	0.0162223	0.484286	0.0319875	0.060561	0.0073219	0.15273	0.00615234	0.367938	0.152442	-36486.3	4.0	3.50038e-05	-199228.0	7.0	3.93828e-06	1.0	8860.57	128.739	3259.66	86.4308	0.268944	0.00641507	1.1094	0.0206531	
0.0-2.4	6.5-30.0	0.0-100.0	0.393-0.785	0.008	0.145	5408.0	5405.0	3082.57	62.2099	2322.38	55.7662	-0.333813	0.0816553	-0.05	0.0	0.413874	0.0	3.09296	0.0	0.0469725	0.0	0.0244018	0.0	0.03	0.0	1.492	0.04	5.0	0.0	1.733	0.07	0.0355273	0.0	2.84864e-05	5.39292e-05	0.19422	0.00898876	0.147166	0.0720109	0.00527986	0.00343352	0.000505956	0.000717026	1.76284	0.161967	0.95566	0.0205846	0.613031	0.0816206	0.933889	0.0469814	0.429206	0.0725081	0.0507156	0.0113575	0.151995	0.0112547	0.243206	0.0973346	-9251.57	4.0	2.4334e-05	-44609.1	3.0	7.72104e-07	1.0	2267.52	60.5045	815.053	42.8634	0.264407	0.0128405	1.11185	0.0409433	
0.0-2.4	6.5-30.0	0.0-100.0	0.785-1.178	0.008	0.152	4928.0	4927.0	2948.72	60.4264	1978.2	51.7779	-0.135648	0.0883662	-0.05	0.0	0.413874	0.0	3.09296	0.0	0.0469725	0.0	0.0244018	0.0	0.03	0.0	1.492	0.04	5.0	0.0	1.733	0.07	0.0355273	0.0	1.02728e-05	0.00383331	0.1985	0.00956825	0.110192	0.0438595	0.00642572	0.00380672	0.000876328	0.00069796	1.89395	0.158315	0.943917	0.0191739	0.608666	0.0130202	0.999397	1.11992	0.474868	0.00997593	0.0645236	0.00360075	0.167518	0.00387862	0.140713	3.18927	-8860.78	4.0	1.62431e-05	-40455.4	3.0	4.16947e-06	1.0	2195.76	58.6488	752.959	40.6582	0.255351	0.0127569	1.08998	0.0319352	
0.0-2.4	6.5-30.0	0.0-100.0	1.178-1.571	0.008	0.152	4694.0	4692.0	2865.97	59.4513	1825.88	49.9435	-0.321434	0.0922608	-0.05	0.0	0.413874	0.0	3.09296	0.0	0.0469725	0.0	0.0244018	0.0	0.03	0.0	1.492	0.04	5.0	0.0	1.733	0.07	0.0355273	0.0	1.0825e-05	4.3417e-05	0.184301	0.00861162	0.588479	0.127844	-0.000847859	0.00122532	0.00180409	0.00109611	1.39348	0.0566297	0.67354	0.0283994	0.670456	0.047271	0.978259	0.0177339	0.494371	0.0482822	0.0654934	0.0113961	0.16287	0.0134455	0.709995	0.672991	-8428.81	4.0	0.000106089	-38375.2	3.0	2.6858e-05	1.0	2070.12	57.2396	795.851	41.2902	0.27769	0.0132053	1.15299	0.0460311	
0.0-2.4	6.5-30.0	10.0-20.0	0.000-0.393	0.008	0.128	1449.0	1447.0	784.309	31.6827	662.686	29.7018	0.154439	0.151902	-0.05	0.0	0.413874	0.0	3.09296	0.0	0.0469725	0.0	0.0249298	0.0	0.03	0.0	1.492	0.04	5.0	0.0	1.733	0.07	0.0357415	0.0	1.21272e-05	9.04109	0.206262	0.0168474	0.19835	0.0	0.00208889	0.0	-0.00167887	0.00143691	1.70743	0.0	0.939372	0.0356109	0.430055	18.5728	0.84268	12.9255	0.303342	15.4437	0.001	0.0665457	0.137443	0.108487	0.12123	0.183804	-2411.46	4.0	3.02125e-06	-9967.73	3.0	1.42932e-06	1.0	542.894	29.8239	241.415	22.4414	0.307806	0.0257701	1.13386	0.0118254	
0.0-2.4	6.5-30.0	10.0-20.0	0.000-1.571	0.008	0.16	5132.0	5131.0	2841.61	60.9698	2289.21	56.2577	-0.197715	0.0819742	-0.05	0.0	0.413874	0.0	3.09296	0.0	0.0469725	0.0	0.0249298	0.000966877	0.03	0.0	1.492	0.04	5.0	0.0	1.733	0.07	0.0357414	0.000197641	1.13588e-05	0.0219528	0.199617	0.00916179	0.19835	0.0	0.00208889	0.0	0.000802134	0.000781506	1.70743	0.0	0.916356	0.0212954	0.539006	0.118115	0.900478	0.0410482	0.37936	0.112454	0.0369109	0.0100004	0.131631	0.0123855	0.235963	0.0605754	-8534.49	4.0	8.68882e-06	-41911.4	4.0	6.23383e-06	1.0	2039.84	58.1849	801.775	42.0224	0.282155	0.0134923	1.11866	0.00699207	
0.0-2.4	6.5-30.0	10.0-20.0	0.393-0.785	0.008	0.128	1311.0	1306.0	707.16	30.1648	598.771	28.3115	-0.183894	0.160038	-0.05	0.0	0.413874	0.0	3.09296	0.0	0.0469725	0.0	0.0249298	0.0	0.03	0.0	1.492	0.04	5.0	0.0	1.733	0.07	0.0357415	0.0	2.00232e-05	3.80084e-05	0.19358	0.0200897	0.19835	0.0	0.00208889	0.0	0.00148635	0.00158316	1.70743	0.0	0.93262	0.0447703	0.509118	0.130113	0.894699	0.0830057	0.218016	0.145039	0.038655	0.0118457	0.125167	0.0174366	0.18767	0.0786265	-2177.58	4.0	3.98701e-06	-8853.54	3.0	4.10661e-06	1.0	546.312	29.9046	160.848	19.9575	0.227456	0.0265018	1.12939	0.0148186	
0.0-2.4	6.5-30.0	10.0-20.0	0.785-1.178	0.008	0.152	1233.0	1232.0	689.58	29.6176	542.349	27.0179	-0.305164	0.168564	-0.05	0.0	0.413874	0.0	3.09296	0.0	0.0469725	0.0	0.0249298	0.0	0.03	0.0	1.492	0.04	5.0	0.0	1.733	0.07	0.0357415	0.0	1.02728e-05	0.00383331	0.212263	0.0209921	0.19835	0.0	0.00208889	0.0	0.000652203	0.00148951	1.70743	0.0	0.930203	0.040706	0.295797	0.655396	0.708234	0.767429	0.222296	0.780334	0.00444919	0.179705	0.230475	0.0583685	0.0893071	0.0324283	-2092.67	4.0	5.44776e-07	-8315.17	3.0	9.05938e-06	1.0	509.382	28.2278	180.198	19.4437	0.261315	0.0258664	1.12779	0.0134575	
0.0-2.4	6.5-30.0	10.0-20.0	1.178-1.571	0.008	0.12	1139.0	1135.0	662.246	28.788	472.696	25.2827	-0.599997	0.182489	-0.05	0.0	0.413874	0.0	3.09296	0.0	0.0469725	0.0	0.0249298	0.0	0.03	0.0	1.492	0.04	5.0	0.0	1.733	0.07	0.0357415	0.0	1.01172e-05	3.47073	0.184141	0.0161523	0.19835	0.0	0.00208889	0.0	0.000785215	0.00178921	1.70743	0.0	0.931763	0.0512933	0.609774	0.0880913	0.939532	0.067541	0.43229	0.109822	0.0556461	0.0173596	0.138101	0.0223593	0.361782	0.275075	-1878.24	4.0	1.79552e-06	-7611.82	3.0	3.77157e-06	1.0	440.363	27.763	221.884	22.302	0.335047	0.0303638	1.12882	0.0169706	
0.0-2.4	6.5-30.0	10.0-30.0	0.000-0.393	0.008	0.128	2466.0	2463.0	1380.94	41.7998	1082.05	38.0568	0.0491796	0.119004	-0.05	0.0	0.413874	0.0	3.09296	0.0	0.0469725	0.0	0.0241527	0.0	0.03	0.0	1.492	0.04	5.0	0.0	1.733	0.07	0.0354273	0.0	1.21272e-05	9.04109	0.213477	0.0142147	0.19835	0.0	0.00208889	0.0	0.000682793	0.00104961	1.70743	0.0	0.889662	0.0264396	0.730845	0.77545	0.566518	0.333527	0.4473	0.176699	0.0238625	0.025734	0.141943	0.0258794	0.0746484	0.0282368	-4318.72	4.0	1.70218e-06	-18357.7	3.0	1.93465e-06	1.0	1015.13	39.7708	365.809	27.5711	0.264899	0.0182846	1.10125	0.00856146	
0.0-2.4	6.5-30.0	10.0-30.0	0.000-1.571	0.004	0.164	8730.0	8729.0	5070.11	80.4365	3658.27	71.121	-0.191823	0.0649303	-0.05	0.0	0.413874	0.0	3.09296	0.0	0.0469725	0.0	0.0241527	0.000687232	0.03	0.0	1.492	0.04	5.0	0.0	1.733	0.07	0.0354273	0.000137307	1.00456e-05	6.70688e-06	0.202148	0.00701484	0.19835	0.0	0.00208889	0.0	0.00144714	0.000562696	1.70743	0.0	0.885555	0.015326	0.517696	0.0698826	0.936657	0.026896	0.365858	0.0745467	0.0397737	0.00634001	0.13683	0.00882711	0.239752	0.0621733	-15308.3	4.0	2.99363e-06	-76397.0	4.0	5.00791e-05	1.0	3695.28	76.674	1374.83	54.0163	0.271164	0.00974668	1.0986	0.00495178	
0.0-2.4	6.5-30.0	10.0-30.0	0.393-0.785	0.008	0.145	2265.0	2264.0	1279.13	40.1222	984.867	36.2701	-0.177269	0.124931	-0.05	0.0	0.413874	0.0	3.09296	0.0	0.0469725	0.0	0.0241527	0.0	0.03	0.0	1.492	0.04	5.0	0.0	1.733	0.07	0.0354273	0.0	2.84864e-05	5.39292e-05	0.187016	0.0131993	0.19835	0.0	0.00208889	0.0	0.00190995	0.00114294	1.70743	0.0	0.911024	0.0326082	0.487426	0.118753	0.927343	0.0489497	0.311767	0.138507	0.0360376	0.00974919	0.137882	0.0150395	0.242962	0.0968043	-3910.84	4.0	5.10928e-05	-16705.4	3.0	2.38618e-06	1.0	941.21	39.0654	337.916	27.6921	0.264177	0.0200006	1.11517	0.0106776	
0.0-2.4	6.5-30.0	10.0-30.0	0.785-1.178	0.008	0.152	2035.0	2034.0	1217.38	38.7682	816.584	33.2003	-0.352981	0.137871	-0.05	0.0	0.413874	0.0	3.09296	0.0	0.0469725	0.0	0.0241527	0.0	0.03	0.0	1.492	0.04	5.0	0.0	1.733	0.07	0.0354273	0.0	1.02728e-05	0.00383331	0.217788	0.0156635	0.19835	0.0	0.00208889	0.0	8.37797e-05	0.00109789	1.70743	0.0	0.886325	0.0298223	0.662494	0.804629	0.592891	0.330142	0.466381	0.283331	0.025164	0.03435	0.189209	0.032935	0.0853667	0.0303323	-3660.93	4.0	1.69162e-06	-14905.0	3.0	8.92308e-06	1.0	898.236	36.7799	319.146	25.2551	0.262158	0.0189914	1.09909	0.0096395	
0.0-2.4	6.5-30.0	10.0-30.0	1.178-1.571	0.008	0.145	1964.0	1963.0	1192.29	38.3628	770.685	32.4055	-0.366644	0.142068	-0.05	0.0	0.413874	0.0	3.09296	0.0	0.0469725	0.0	0.0241527	0.0	0.03	0.0	1.492	0.04	5.0	0.0	1.733	0.07	0.0354273	0.0	1.38171e-05	4.85666e-05	0.187738	0.0129087	0.19835	0.0	0.00208889	0.0	0.000754641	0.00122454	1.70743	0.0	0.880468	0.0351737	0.55342	0.0617314	0.969992	0.0291846	0.38449	0.0897336	0.0476937	0.00952678	0.151929	0.0189022	0.428181	0.325282	-3437.67	4.0	4.14837e-05	-14330.2	3.0	4.50791e-06	1.0	830.318	36.9946	361.968	28.1156	0.303592	0.0214629	1.09531	0.0113331	
0.0-2.4	6.5-30.0	10.0-60.0	0.000-0.393	0.008	0.152	3651.0	3650.0	2176.66	51.848	1473.25	44.5521	-0.0985831	0.102277	-0.05	0.0	0.413874	0.0	3.09296	0.0	0.0469725	0.0	0.0246247	0.0	0.03	0.0	1.492	0.04	5.0	0.0	1.733	0.07	0.0356173	0.0	1.87871e-05	0.000150437	0.19551	0.0105236	0.19835	0.0	0.00208889	0.0	-0.000226548	0.000813905	1.70743	0.0	0.837826	0.0210286	0.861574	0.101038	0.489422	0.155836	0.330416	0.176754	0.102033	0.0438322	0.153765	0.0160207	0.0326135	0.0132973	-6764.21	4.0	4.96844e-05	-28870.7	3.0	4.3672e-06	1.0	1598.81	49.947	577.847	35.1253	0.265474	0.0148467	1.06816	0.00661121	
0.0-2.4	6.5-30.0	10.0-60.0	0.000-1.571	0.004	0.164	12939.0	12937.0	8100.48	100.225	4835.73	82.3434	-0.275119	0.0567253	-0.05	0.0	0.413874	0.0	3.09296	0.0	0.0469725	0.0	0.0246247	0.000534353	0.03	0.0	1.492	0.04	5.0	0.0	1.733	0.07	0.0356173	0.000108268	1.00456e-05	6.70688e-06	0.193145	0.00543469	0.19835	0.0	0.00208889	0.0	0.000946352	0.000443866	1.70743	0.0	0.869833	0.0120416	0.561529	0.0567958	0.968624	0.0146455	0.38783	0.0579006	0.0451312	0.00614792	0.152228	0.00782077	0.380169	0.13439	-24050.8	4.0	1.17877e-05	-119332.0	4.0	6.3393e-05	1.0	5950.61	96.5415	2149.87	67.876	0.2654	0.00770903	1.08848	0.00385705	
0.0-2.4	6.5-30.0	10.0-60.0	0.393-0.785	0.008	0.145	3385.0	3384.0	2094.37	50.5775	1289.59	41.8745	-0.321972	0.10984	-0.05	0.0	0.413874	0.0	3.09296	0.0	0.0469725	0.0	0.0246247	0.0	0.03	0.0	1.492	0.04	5.0	0.0	1.733	0.07	0.0356173	0.0	2.84864e-05	5.39292e-05	0.183716	0.0104831	0.19835	0.0	0.00208889	0.0	0.00122163	0.000908998	1.70743	0.0	0.909209	0.0262937	0.495124	0.0991971	0.952956	0.0303557	0.324381	0.117794	0.0392651	0.00813197	0.159462	0.0156386	0.312065	0.14391	-6212.9	4.0	6.3121e-05	-26642.2	3.0	1.12615e-05	1.0	1556.48	49.5741	537.884	34.8348	0.256824	0.015433	1.11398	0.0086019	
0.0-2.4	6.5-30.0	10.0-60.0	0.785-1.178	0.008	0.152	2995.0	2994.0	1931.54	48.3102	1062.48	38.2753	-0.310721	0.121261	-0.05	0.0	0.413874	0.0	3.09296	0.0	0.0469725	0.0	0.0246247	0.0	0.03	0.0	1.492	0.04	5.0	0.0	1.733	0.07	0.0356173	0.0	1.02728e-05	0.00383331	0.200639	0.0117597	0.19835	0.0	0.00208889	0.0	0.00020623	0.000898021	1.70743	0.0	0.889502	0.0238931	0.70122	0.0883507	1.0	0.0943703	0.55023	0.0724733	0.0742954	0.0169796	0.179626	0.0179672	0.250521	2.58209	-5713.58	4.0	3.68893e-05	-23336.7	3.0	1.7183e-05	1.0	1432.21	46.5776	499.332	32.2843	0.258515	0.015413	1.10115	0.00773621	
0.0-2.4	6.5-30.0	10.0-60.0	1.178-1.571	0.008	0.152	2908.0	2907.0	1900.06	47.9049	1006.88	37.4396	-0.435264	0.124914	-0.05	0.0	0.413874	0.0	3.09296	0.0	0.0469725	0.0	0.0246247	0.0	0.03	0.0	1.492	0.04	5.0	0.0	1.733	0.07	0.0356173	0.0	1.0825e-05	4.3417e-05	0.191523	0.0105753	0.19835	0.0	0.00208889	0.0	0.000812369	0.000958499	1.70743	0.0	0.863429	0.0266692	0.572185	0.0501891	0.981984	0.0142958	0.34922	0.0762187	0.0504813	0.00803655	0.161663	0.0161245	0.979892	1.27045	-5386.06	4.0	8.83066e-06	-22596.7	3.0	1.52056e-05	1.0	1354.61	46.2571	545.451	34.0944	0.287071	0.0164194	1.08439	0.00851155	
0.0-2.4	6.5-30.0	20.0-30.0	0.000-0.393	0.008	0.105	1017.0	1014.0	597.738	27.277	416.261	23.7182	-0.10012	0.192041	-0.05	0.0	0.413874	0.0	3.09296	0.0	0.0469725	0.0	0.0232184	0.0	0.03	0.0	1.492	0.04	5.0	0.0	1.733	0.07	0.0350593	0.0	1.01047e-05	0.00333619	0.227274	0.0258151	0.19835	0.0	0.00208889	0.0	0.00272297	0.00152676	1.70743	0.0	0.869763	0.0385914	0.94631	0.479354	0.310014	0.300591	0.371426	0.289719	0.00116371	1.30892	0.1483	0.0343456	0.0592575	0.0147031	-1910.49	4.0	1.36037e-05	-6710.58	3.0	6.82439e-07	1.0	472.07	26.2239	125.668	16.0158	0.21024	0.0250176	1.08844	0.0123607	
0.0-2.4	6.5-30.0	20.0-30.0	0.000-1.571	0.008	0.136	3598.0	3594.0	2226.38	52.4561	1367.57	43.5082	-0.187796	0.106382	-0.05	0.0	0.413874	0.0	3.09296	0.0	0.0469725	0.0	0.0232184	0.000964514	0.03	0.0	1.492	0.04	5.0	0.0	1.733	0.07	0.0350593	0.000187197	1.61666e-05	1.68756e-05	0.205524	0.0108949	0.19835	0.0	0.00208889	0.0	0.00186711	0.000807515	1.70743	0.0	0.841086	0.0220179	0.536107	0.105143	0.814254	0.255274	0.316136	0.118119	0.046889	0.00921851	0.151018	0.0175732	0.0397938	0.0292821	-6797.94	4.0	2.61585e-06	-28550.2	4.0	4.2178e-06	1.0	1651.44	49.9625	574.936	34.1433	0.258238	0.0140772	1.07022	0.00693584	
0.0-2.4	6.5-30.0	20.0-30.0	0.393-0.785	0.008	0.105	954.0	947.0	573.015	26.4217	373.9	22.3375	-0.143447	0.20276	-0.05	0.0	0.413874	0.0	3.09296	0.0	0.0469725	0.0	0.0232184	0.0	0.03	0.0	1.492	0.04	5.0	0.0	1.733	0.07	0.0350593	0.0	1.22898e-05	0.163554	0.183397	0.0178086	0.19835	0.0	0.00208889	0.0	0.000260733	0.00167505	1.70743	0.0	0.925191	0.047948	0.327219	0.644525	0.812328	0.741353	0.118473	0.770731	0.00100991	0.0906834	0.179069	0.0331317	0.056115	0.0349121	-1748.79	4.0	2.8302e-06	-6244.2	3.0	5.64505e-05	1.0	398.876	25.3494	174.139	19.204	0.303899	0.0304438	1.12448	0.0158127	
0.0-2.4	6.5-30.0	20.0-30.0	0.785-1.178	0.008	0.12	802.0	800.0	526.048	24.9605	273.889	19.2571	-0.444968	0.239168	-0.05	0.0	0.413874	0.0	3.09296	0.0	0.0469725	0.0	0.0232184	0.0	0.03	0.0	1.492	0.04	5.0	0.0	1.733	0.07	0.0350593	0.0	1.50151e-05	1.29092	0.22586	0.0236907	0.19835	0.0	0.00208889	0.0	-0.000725556	0.00159932	1.70743	0.0	0.815266	0.0428948	0.760952	0.754494	0.555813	0.738017	0.168356	0.301432	0.0721134	0.0710407	0.139215	0.0315194	0.030267	0.0298549	-1578.01	4.0	1.35497e-06	-5219.08	3.0	3.52469e-05	1.0	387.436	23.4818	138.612	16.0218	0.263496	0.0277723	1.05408	0.013298	
0.0-2.4	6.5-30.0	20.0-30.0	1.178-1.571	0.008	0.128	825.0	823.0	529.487	25.3286	293.469	20.138	-0.0272369	0.229221	-0.05	0.0	0.413874	0.0	3.09296	0.0	0.0469725	0.0	0.0232184	0.0	0.03	0.0	1.492	0.04	5.0	0.0	1.733	0.07	0.0350593	0.0	2.47983e-05	5.01035e-05	0.191448	0.0212428	0.19835	0.0	0.00208889	0.0	0.000259982	0.001669	1.70743	0.0	0.807782	0.0485266	0.548432	0.215986	0.537777	0.249126	0.10089	0.178046	0.0394213	0.0151776	0.206217	0.0462964	0.0354122	0.0161954	-1561.06	4.0	1.57224e-06	-5351.24	3.0	1.21571e-05	1.0	387.628	24.4389	141.859	17.3055	0.267918	0.0300659	1.04945	0.0149716	
0.0-2.4	6.5-30.0	30.0-60.0	0.000-0.393	0.008	0.12	1185.0	1183.0	794.38	30.6057	388.604	23.0425	-0.481768	0.201412	-0.05	0.0	0.413874	0.0	3.09296	0.0	0.0469725	0.0	0.0253362	0.0	0.03	0.0	1.492	0.04	5.0	0.0	1.733	0.07	0.0359086	0.0	1.00028e-05	2.85792e-05	0.166921	0.0149281	0.19835	0.0	0.00208889	0.0	-0.000918358	0.00123855	1.70743	0.0	0.763168	0.0332917	0.961377	0.95684	0.469486	0.416168	0.303485	0.732576	0.00100154	1.17368	0.188103	0.0301719	0.0294398	0.0165894	-2472.0	4.0	5.53853e-07	-8199.47	3.0	4.2932e-07	1.0	582.13	29.9528	212.25	21.4713	0.26719	0.0249919	1.02233	0.00996139	
0.0-2.4	6.5-30.0	30.0-60.0	0.000-1.571	0.008	0.145	4209.0	4207.0	3031.31	59.7234	1175.61	41.3674	-0.539963	0.116779	-0.05	0.0	0.413874	0.0	3.09296	0.0	0.0469725	0.0	0.0253362	0.000860956	0.03	0.0	1.492	0.04	5.0	0.0	1.733	0.07	0.0359086	0.000178027	1.27502e-05	0.000164255	0.176793	0.00838747	0.19835	0.0	0.00208889	0.0	-9.76762e-05	0.000721369	1.70743	0.0	0.814815	0.0195402	0.716297	0.165082	0.570409	0.159885	0.153128	0.0851611	0.0481742	0.0158868	0.218627	0.0220328	0.0376536	0.0145103	-8844.28	4.0	2.76676e-08	-34843.7	4.0	3.81442e-06	1.0	2245.39	58.6461	785.919	41.4974	0.259267	0.0127009	1.0538	0.006056	
0.0-2.4	6.5-30.0	30.0-60.0	0.393-0.785	0.008	0.12	1120.0	1120.0	816.39	30.7214	303.578	20.7599	-0.804496	0.232083	-0.05	0.0	0.413874	0.0	3.09296	0.0	0.0469725	0.0	0.0253362	0.0	0.03	0.0	1.492	0.04	5.0	0.0	1.733	0.07	0.0359086	0.0	1.0132e-05	0.0868918	0.173571	0.0173636	0.19835	0.0	0.00208889	0.0	-0.00109174	0.00148114	1.70743	0.0	0.865812	0.0441303	0.691785	0.81577	0.444245	0.35783	0.0706911	0.138888	0.0352459	0.0341841	0.262225	0.0532528	0.0445178	0.0149954	-2342.97	4.0	7.41724e-08	-7817.85	3.0	5.95528e-06	1.0	610.371	30.6277	206.019	21.6933	0.252354	0.0248173	1.08591	0.0141034	
0.0-2.4	6.5-30.0	30.0-60.0	0.785-1.178	0.008	0.12	960.0	958.0	714.377	28.7477	243.62	18.86	-0.192405	0.255139	-0.05	0.0	0.413874	0.0	3.09296	0.0	0.0469725	0.0	0.0253362	0.0	0.03	0.0	1.492	0.04	5.0	0.0	1.733	0.07	0.0359086	0.0	1.50151e-05	1.29092	0.173377	0.017006	0.19835	0.0	0.00208889	0.0	0.000459467	0.00155509	1.70743	0.0	0.845361	0.0395869	0.70887	0.109527	0.984973	0.0156716	0.277899	0.101232	0.0538525	0.0198505	0.158983	0.0239912	4.99805	3.85158	-2079.35	4.0	6.79417e-05	-6560.49	3.0	6.5664e-08	1.0	533.969	28.6768	180.408	20.3308	0.252539	0.0265831	1.07291	0.0125022	
0.0-2.4	6.5-30.0	30.0-60.0	1.178-1.571	0.008	0.12	944.0	941.0	706.651	28.6102	234.341	18.608	-0.658821	0.262597	-0.05	0.0	0.413874	0.0	3.09296	0.0	0.0469725	0.0	0.0253362	0.0	0.03	0.0	1.492	0.04	5.0	0.0	1.733	0.07	0.0359086	0.0	1.01172e-05	3.47073	0.196857	0.0187042	0.19835	0.0	0.00208889	0.0	0.000805215	0.00154083	1.70743	0.0	0.85222	0.0404397	0.65365	0.122522	0.999984	0.149024	0.316411	0.139741	0.0597545	0.0198567	0.211629	0.0324305	0.764476	2.8321	-1975.63	4.0	3.04752e-06	-6428.78	3.0	8.52998e-07	1.0	521.944	27.7391	184.708	19.4634	0.261385	0.0254289	1.07725	0.0128232	
0.0-2.4	6.5-8.0	0.0-100.0	0.000-0.393	0.016	0.136	2435.0	2430.0	1025.47	38.5417	1404.58	43.1797	-0.142944	0.104222	-0.05	0.0	0.366392	0.0	3.09165	0.0	0.0533696	0.0	0.0281463	0.0	0.03	0.0	1.492	0.04	5.0	0.0	1.733	0.07	0.0393135	0.0	5.8071e-05	0.000360109	0.211266	0.0192174	0.313059	0.129726	0.00413537	0.00521731	0.00239305	0.00141448	1.71404	0.172071	0.908325	0.0297784	0.997073	1.15814	0.595313	0.114576	0.70168	0.17384	0.00100575	1.52076	0.139128	0.0334149	0.115943	0.0410219	-3516.8	4.0	2.18726e-08	-17491.7	3.0	2.91465e-05	1.0	804.128	37.9046	221.343	24.3425	0.215845	0.0223086	1.21922	0.0681952	
0.0-2.4	6.5-8.0	0.0-100.0	0.000-1.571	0.016	0.16	8652.0	8649.0	3901.26	96.5547	4747.2	100.718	-0.0943794	0.0589613	-0.05	0.0	0.366392	0.104891	3.09165	0.000789999	0.0533696	0.0064103	0.0281463	0.00177502	0.03	0.0	1.492	0.04	5.0	0.0	1.733	0.07	0.0393135	0.00214114	2.57968e-05	9.0559e-05	0.208682	0.00998552	0.307488	0.0880482	0.00439684	0.00310131	0.00224904	0.000761425	1.63221	0.0944826	0.89194	0.0171083	0.582714	0.0558562	0.939482	0.0568548	0.577466	0.0427566	0.0696621	0.0136376	0.136797	0.0106228	0.257066	0.11069	-12643.3	4.0	1.84521e-05	-73573.6	7.0	0.000208496	1.0	3077.26	87.7722	824.008	48.1601	0.211216	0.0111833	1.17052	0.0408095	
0.0-2.4	6.5-8.0	0.0-100.0	0.393-0.785	0.016	0.145	2256.0	2254.0	953.321	37.1214	1300.76	41.5373	-0.18589	0.108375	-0.05	0.0	0.366392	0.0	3.09165	0.0	0.0533696	0.0	0.0281463	0.0	0.03	0.0	1.492	0.04	5.0	0.0	1.733	0.07	0.0393135	0.0	3.35609e-05	0.000234572	0.202233	0.0212085	0.488577	0.194943	0.00546084	0.00439552	0.00147599	0.00208698	1.47132	0.124323	0.896403	0.0470976	0.620461	0.109183	0.833542	0.245252	0.563497	0.0706089	0.0723391	0.0326143	0.132076	0.0193235	0.178159	0.0968604	-3149.8	4.0	8.57294e-05	-16059.8	3.0	4.06999e-05	1.0	767.482	36.9346	185.839	22.8783	0.194939	0.0227665	1.21186	0.0666015	
0.0-2.4	6.5-8.0	0.0-100.0	0.785-1.178	0.016	0.152	2084.0	2083.0	1009.39	37.1815	1073.61	38.0351	0.0538042	0.119399	-0.05	0.0	0.366392	0.0	3.09165	0.0	0.0533696	0.0	0.0281463	0.0	0.03	0.0	1.492	0.04	5.0	0.0	1.733	0.07	0.0393135	0.0	4.17642e-05	0.79061	0.213347	0.0195576	0.230575	0.110068	0.00708186	0.0153869	0.00184252	0.00140219	1.73111	0.184706	0.897588	0.0326521	0.48262	0.166209	0.718325	0.767082	0.446541	0.132029	0.0523146	0.0264047	0.145497	0.0352214	0.0819446	0.031024	-3183.16	4.0	7.44829e-07	-14856.1	3.0	2.35077e-07	1.0	797.409	36.3951	211.976	22.8646	0.210005	0.0212902	1.14493	0.0625031	
0.0-2.4	6.5-8.0	0.0-100.0	1.178-1.571	0.016	0.152	1877.0	1875.0	914.54	35.4278	960.333	36.068	-0.0588493	0.126235	-0.05	0.0	0.366392	0.0	3.09165	0.0	0.0533696	0.0	0.0281463	0.0	0.03	0.0	1.492	0.04	5.0	0.0	1.733	0.07	0.0393135	0.0	6.96199e-05	0.00138898	0.208281	0.0201222	0.599664	0.33064	-4.6222e-05	0.00372	0.00128437	0.00187836	1.40906	0.147928	0.63767	0.0408984	0.596315	6.98917	0.414149	9.30806	0.582439	5.37216	0.00212165	1.75877	0.243637	0.0847877	0.129543	0.0389269	-2813.82	4.0	2.72696e-05	-13174.1	3.0	1.39189e-05	1.0	712.962	34.4925	201.577	22.0884	0.220414	0.0225929	1.16335	0.124461	
0.0-2.4	6.5-8.0	10.0-60.0	0.000-0.393	0.016	0.128	1520.0	1517.0	692.561	31.1017	824.497	33.1544	-0.157957	0.136161	-0.05	0.0	0.366392	0.0	3.09165	0.0	0.0533696	0.0	0.027537	0.0	0.03	0.0	1.492	0.04	5.0	0.0	1.733	0.07	0.0390392	0.0	5.95546e-05	0.000344739	0.216199	0.023851	0.307488	0.0	0.00439684	0.0	0.00105341	0.00170987	1.63221	0.0	0.881303	0.0353724	0.716654	0.829008	0.74936	0.757882	0.643746	0.387665	0.0164384	0.0304134	0.140994	0.0319627	0.117496	0.0698801	-2338.05	4.0	0.000140408	-10278.9	3.0	1.29872e-05	1.0	545.21	30.468	147.351	19.3029	0.212763	0.0261828	1.16493	0.00926592	
0.0-2.4	6.5-8.0	10.0-60.0	0.000-1.571	0.016	0.16	5214.0	5212.0	2632.72	60.5478	2579.36	60.1051	-0.138306	0.0772023	-0.05	0.0	0.366392	0.0	3.09165	0.0	0.0533696	0.0	0.027537	0.00101217	0.03	0.0	1.492	0.04	5.0	0.0	1.733	0.07	0.0390392	0.000226184	2.57968e-05	9.0559e-05	0.201397	0.0113184	0.307488	0.0	0.00439684	0.0	0.00148278	0.000943176	1.63221	0.0	0.873186	0.0206271	0.554953	0.13451	0.868914	0.0743684	0.595855	0.0889165	0.0484556	0.0189791	0.145219	0.0165578	0.223359	0.0678214	-8193.22	4.0	1.44198e-07	-42101.7	4.0	1.34593e-06	1.0	2045.92	59.4051	586.794	38.6929	0.222885	0.0137741	1.16069	0.00537313	
0.0-2.4	6.5-8.0	10.0-60.0	0.393-0.785	0.016	0.145	1355.0	1354.0	674.06	30.237	680.023	30.3344	-0.118366	0.150169	-0.05	0.0	0.366392	0.0	3.09165	0.0	0.0533696	0.0	0.027537	0.0	0.03	0.0	1.492	0.04	5.0	0.0	1.733	0.07	0.0390392	0.0	3.35609e-05	0.000234572	0.186794	0.0219386	0.307488	0.0	0.00439684	0.0	0.00341666	0.00212601	1.63221	0.0	0.988854	0.0456827	0.414867	0.347535	0.823442	0.150181	0.553158	0.286678	0.0382221	0.0297231	0.140386	0.0413163	0.22232	0.0966163	-2103.02	4.0	1.151e-06	-9096.15	3.0	6.78717e-05	1.0	533.264	30.4529	140.796	19.8757	0.208877	0.0279583	1.22325	0.0127869	
0.0-2.4	6.5-8.0	10.0-60.0	0.785-1.178	0.016	0.152	1201.0	1200.0	653.813	29.2715	546.17	27.371	-0.0986609	0.167887	-0.05	0.0	0.366392	0.0	3.09165	0.0	0.0533696	0.0	0.027537	0.0	0.03	0.0	1.492	0.04	5.0	0.0	1.733	0.07	0.0390392	0.0	4.17642e-05	0.79061	0.193804	0.0215235	0.307488	0.0	0.00439684	0.0	-0.0010621	0.00181224	1.63221	0.0	0.836614	0.0392525	0.698678	1.09747	0.498268	0.808858	0.538808	0.915422	0.00100601	0.229283	0.157321	0.0395636	0.0925854	0.0275873	-2001.11	4.0	4.33845e-07	-8006.0	3.0	1.13982e-06	1.0	506.407	28.992	147.406	19.2371	0.225456	0.0276374	1.14188	0.00995793	
0.0-2.4	6.5-8.0	10.0-60.0	1.178-1.571	0.016	0.136	1138.0	1136.0	612.941	28.4782	522.991	26.8527	-0.157597	0.171493	-0.05	0.0	0.366392	0.0	3.09165	0.0	0.0533696	0.0	0.027537	0.0	0.03	0.0	1.492	0.04	5.0	0.0	1.733	0.07	0.0390392	0.0	1.20568e-05	0.0173859	0.207592	0.0227617	0.307488	0.0	0.00439684	0.0	0.00191762	0.00185672	1.63221	0.0	0.791633	0.0447027	0.46424	0.0925016	0.924049	0.0772818	0.577283	0.0848471	0.0588165	0.0158636	0.202786	0.0401365	0.394588	0.282332	-1771.68	4.0	3.45613e-05	-7501.16	3.0	5.89569e-06	1.0	460.638	27.6244	152.303	18.845	0.248479	0.0284955	1.11945	0.0109459	
0.0-2.4	8.0-10.0	0.0-100.0	0.000-0.393	0.008	0.152	1732.0	1730.0	1073.86	36.1641	656.136	29.8348	0.0984404	0.153105	-0.05	0.0	0.45468	0.0	3.09291	0.0	0.046197	0.0	0.0224221	0.0	0.03	0.0	1.492	0.04	5.0	0.0	1.733	0.07	0.0352778	0.0	1.01039e-05	0.487899	0.184261	0.0139161	0.0783534	0.0380246	0.00336464	0.00777792	-0.000897488	0.00116597	2.21072	0.285123	0.924839	0.0300967	0.996451	0.859852	0.355813	0.114726	0.354744	0.13597	0.00122659	1.52133	0.179205	0.0275386	0.0560587	0.0114526	-3244.22	4.0	1.18234e-05	-12479.7	3.0	8.738e-07	1.0	778.67	35.2326	295.194	25.5445	0.274889	0.0219122	1.08224	0.0437653	
0.0-2.4	8.0-10.0	0.0-100.0	0.000-1.571	0.008	0.152	6217.0	6214.0	3920.33	76.6846	2293.63	65.2212	-0.176791	0.0843705	-0.05	0.0	0.45468	0.0688389	3.09291	0.000629747	0.046197	0.00282366	0.0224221	0.00145203	0.03	0.0	1.492	0.04	5.0	0.0	1.733	0.07	0.0352778	0.00118463	1.04463e-05	0.772766	0.195503	0.00793766	0.0999374	0.0382996	0.00376099	0.00404766	0.00175725	0.00063622	1.94825	0.155484	0.958114	0.017281	0.564173	0.0911445	0.986497	0.0143234	0.451184	0.086055	0.0463921	0.00840857	0.176334	0.0135395	0.457753	0.480344	-11588.5	4.0	1.4174e-05	-52902.6	7.0	1.81763e-05	1.0	2877.05	71.2853	1043.29	48.2799	0.266123	0.011161	1.09799	0.0294254	
0.0-2.4	8.0-10.0	0.0-100.0	0.393-0.785	0.016	0.105	1639.0	1629.0	1038.03	35.3869	590.95	28.3756	-0.387342	0.162232	-0.05	0.0	0.45468	0.0	3.09291	0.0	0.046197	0.0	0.0224221	0.0	0.03	0.0	1.492	0.04	5.0	0.0	1.733	0.07	0.0352778	0.0	4.92988e-05	0.000250796	0.204152	0.015709	0.0871788	0.0543777	0.00869349	0.0183421	0.00344623	0.00134897	2.08798	0.303036	1.01138	0.038642	0.464538	0.130975	0.818735	0.75599	0.213114	0.249919	0.0311473	0.0176436	0.210341	0.0335915	0.0397202	0.0463435	-2923.49	4.0	3.24352e-07	-11697.9	3.0	4.1588e-06	1.0	745.966	34.2906	292.06	25.0653	0.281361	0.0221603	1.14621	0.0488607	
0.0-2.4	8.0-10.0	0.0-100.0	0.785-1.178	0.008	0.145	1450.0	1450.0	908.849	33.1897	541.148	27.0899	-0.0990347	0.16881	-0.05	0.0	0.45468	0.0	3.09291	0.0	0.046197	0.0	0.0224221	0.0	0.03	0.0	1.492	0.04	5.0	0.0	1.733	0.07	0.0352778	0.0	6.83076e-05	0.000188408	0.229779	0.0201914	0.0494462	0.0365968	0.00997806	0.0194271	0.000488888	0.00121859	2.17557	0.39497	1.01596	0.0336156	0.331687	16.6923	0.875037	4.35519	0.109777	22.1492	0.00100595	0.0573412	0.171625	0.133246	0.098861	0.140708	-2718.21	4.0	2.77017e-06	-10231.0	3.0	9.55842e-07	1.0	693.686	31.918	215.162	20.9469	0.236742	0.0213647	1.10235	0.0391372	
0.0-2.4	8.0-10.0	0.0-100.0	1.178-1.571	0.008	0.128	1396.0	1395.0	903.496	32.9227	491.481	25.9209	-0.341416	0.177965	-0.05	0.0	0.45468	0.0	3.09291	0.0	0.046197	0.0	0.0224221	0.0	0.03	0.0	1.492	0.04	5.0	0.0	1.733	0.07	0.0352778	0.0	1.54046e-05	0.000145821	0.172784	0.0147312	0.681636	0.163444	-0.00101435	0.00214303	0.00182179	0.00217685	1.35029	0.0690844	0.6	0.269051	0.853349	0.752434	0.494227	0.514171	0.45947	0.882972	0.00100532	0.288165	0.250604	0.0410172	0.0618118	0.0208486	-2701.38	4.0	1.02523e-06	-9841.56	3.0	6.05791e-06	1.0	661.926	32.1152	241.57	22.9585	0.267372	0.0234687	1.16509	0.0621671	
0.0-2.4	8.0-10.0	10.0-60.0	0.000-0.393	0.008	0.145	1133.0	1132.0	728.413	29.5391	403.57	23.4038	-0.00631512	0.195373	-0.05	0.0	0.45468	0.0	3.09291	0.0	0.046197	0.0	0.0230438	0.0	0.03	0.0	1.492	0.04	5.0	0.0	1.733	0.07	0.0354956	0.0	1.40048e-05	1.03758	0.179095	0.0170979	0.0999374	0.0	0.00376099	0.0	0.000840372	0.00139849	1.94825	0.0	0.889443	0.0360324	0.559579	0.0133874	1.0	2.2969	0.293792	0.0160703	0.0439095	0.0017996	0.136925	0.00416915	0.0200007	8.66492	-2226.79	4.0	5.31243e-05	-7737.54	3.0	7.03796e-07	1.0	545.907	28.8858	182.506	19.9769	0.250552	0.0254736	1.04469	0.013806	
0.0-2.4	8.0-10.0	10.0-60.0	0.000-1.571	0.008	0.145	3916.0	3915.0	2606.73	56.0249	1308.03	42.8971	-0.313354	0.109287	-0.05	0.0	0.45468	0.0	3.09291	0.0	0.046197	0.0	0.0230438	0.000964305	0.03	0.0	1.492	0.04	5.0	0.0	1.733	0.07	0.0354956	0.000170693	1.82514e-05	0.000157912	0.190955	0.00951379	0.0999374	0.0	0.00376099	0.0	0.00151298	0.000774179	1.94825	0.0	0.911927	0.0210384	0.513355	0.0394568	0.995912	0.00488082	0.306076	0.064766	0.0438522	0.00538922	0.173812	0.0149603	4.99989	3.20785	-7616.56	4.0	1.5656e-06	-31771.4	4.0	2.34874e-05	1.0	1916.9	54.3461	689.832	38.4184	0.264635	0.0135965	1.06199	0.00813004	
0.0-2.4	8.0-10.0	10.0-60.0	0.393-0.785	0.008	0.12	1050.0	1049.0	691.403	28.6981	357.565	22.1303	-0.400461	0.208844	-0.05	0.0	0.45468	0.0	3.09291	0.0	0.046197	0.0	0.0230438	0.0	0.03	0.0	1.492	0.04	5.0	0.0	1.733	0.07	0.0354956	0.0	1.00002e-05	8.80711e-05	0.180286	0.0179501	0.0999374	0.0	0.00376099	0.0	0.000699925	0.00164623	1.94825	0.0	0.961833	0.0490512	0.619847	0.146362	0.733246	0.36502	0.268173	0.245475	0.041269	0.0162749	0.224757	0.0404146	0.0372802	0.0272742	-1990.95	4.0	8.24938e-06	-7122.09	3.0	5.19574e-06	1.0	497.199	28.5016	194.204	21.2467	0.280883	0.0284323	1.10091	0.019286	
0.0-2.4	8.0-10.0	10.0-60.0	0.785-1.178	0.008	0.112	893.0	890.0	594.958	26.6021	295.018	20.1936	-0.427742	0.230678	-0.05	0.0	0.45468	0.0	3.09291	0.0	0.046197	0.0	0.0230438	0.0	0.03	0.0	1.492	0.04	5.0	0.0	1.733	0.07	0.0354956	0.0	1.4617e-05	0.013384	0.230371	0.0231212	0.0999374	0.0	0.00376099	0.0	0.00101119	0.00153441	1.94825	0.0	0.952152	0.0425892	0.340646	0.619478	0.830022	0.749751	0.154139	0.77422	0.00100001	0.0497677	0.184666	0.0400734	0.0615493	0.0372621	-1730.42	4.0	2.45239e-05	-5905.94	3.0	6.30621e-06	1.0	437.296	25.1863	157.662	17.3708	0.264997	0.0266843	1.09331	0.0166919	
0.0-2.4	8.0-10.0	10.0-60.0	1.178-1.571	0.008	0.12	840.0	839.0	593.298	26.3237	245.694	18.5832	-0.504398	0.253883	-0.05	0.0	0.45468	0.0	3.09291	0.0	0.046197	0.0	0.0230438	0.0	0.03	0.0	1.492	0.04	5.0	0.0	1.733	0.07	0.0354956	0.0	4.81487e-05	1.07517	0.178009	0.0182941	0.0999374	0.0	0.00376099	0.0	-0.000614813	0.00170143	1.94825	0.0	0.90814	0.0444629	0.603221	0.0725361	0.999951	0.641539	0.307221	0.0919773	0.0603641	0.0150262	0.205881	0.033469	0.70358	1.17105	-1680.9	4.0	5.97996e-05	-5580.1	3.0	3.93439e-06	1.0	430.284	26.1253	163.013	19.2452	0.274758	0.0300597	1.05907	0.0171581	
1.2-1.6	6.5-30.0	0.0-100.0	0.000-0.393	0.008	0.136	1454.0	1452.0	775.917	31.8058	676.083	30.1957	0.106293	0.150537	-0.05	0.0	0.45576	0.0	3.09129	0.0	0.0460781	0.0	0.0317832	0.0	0.03	0.0	1.492	0.04	5.0	0.0	1.733	0.07	0.0389544	0.0	8.70362e-05	0.000270698	0.176982	0.0168163	0.130197	0.0694199	0.00814269	0.0161506	-0.000487111	0.00144402	1.98675	0.266132	0.993938	0.0362782	0.368751	0.0829321	0.754011	0.110472	0.120413	0.0964705	0.00100252	0.941564	0.135564	0.021053	0.0691455	0.0206986	-2444.11	4.0	2.53487e-06	-9938.88	3.0	1.45297e-07	1.0	577.353	31.6046	198.564	22.4723	0.255908	0.0269957	1.17184	0.0544304	
1.2-1.6	6.5-30.0	0.0-100.0	0.000-1.571	0.008	0.136	5263.0	5256.0	2904.23	75.6983	2351.8	71.8755	-0.0365207	0.086695	-0.05	0.0	0.45576	0.138395	3.09129	0.000966276	0.0460781	0.00424628	0.0317832	0.00218244	0.03	0.0	1.492	0.04	5.0	0.0	1.733	0.07	0.0389544	0.00124294	1.03021e-05	0.137313	0.188946	0.00928119	0.0999774	0.0369937	0.00921681	0.0152857	0.00244438	0.000729853	2.02628	0.173102	0.968312	0.0194372	0.595012	0.187802	0.627579	0.239377	0.443613	0.0994481	0.0444541	0.0197086	0.183695	0.022904	0.081087	0.0185444	-8755.03	4.0	1.91869e-06	-42854.3	7.0	7.49458e-05	1.0	2155.72	68.5946	748.514	43.9172	0.257732	0.0135477	1.11999	0.0314119	
1.2-1.6	6.5-30.0	0.0-100.0	0.393-0.785	0.008	0.128	1427.0	1425.0	743.532	31.3987	681.466	30.3944	-0.171886	0.150025	-0.05	0.0	0.45576	0.0	3.09129	0.0	0.0460781	0.0	0.0317832	0.0	0.03	0.0	1.492	0.04	5.0	0.0	1.733	0.07	0.0389544	0.0	1.40773e-05	0.000247178	0.188933	0.0179828	0.0978918	0.063768	0.00830884	0.017385	0.00312217	0.00147035	2.07462	0.34261	1.00258	0.0391812	0.532677	0.192767	0.877901	0.155218	0.49864	0.155203	0.0457536	0.0217762	0.177607	0.0307509	0.170081	0.113253	-2250.9	4.0	3.20905e-05	-9686.68	3.0	1.64057e-07	1.0	540.444	30.861	203.087	22.4742	0.273139	0.0279389	1.15243	0.0568351	
1.2-1.6	6.5-30.0	0.0-100.0	0.785-1.178	0.008	0.136	1234.0	1233.0	703.948	29.9648	529.027	26.888	0.0265945	0.170541	-0.05	0.0	0.45576	0.0	3.09129	0.0	0.0460781	0.0	0.0317832	0.0	0.03	0.0	1.492	0.04	5.0	0.0	1.733	0.07	0.0389544	0.0	1.0973e-05	0.00459423	0.195911	0.0204381	0.0383419	0.0282596	0.00999981	0.0173776	0.000708899	0.0013451	2.63905	0.579204	0.920331	0.0374276	0.99685	0.796862	0.308731	0.103721	0.348251	0.125186	0.00100092	1.49521	0.174793	0.0320264	0.06078	0.0126904	-2162.29	4.0	5.63916e-07	-8303.31	3.0	1.46366e-06	1.0	538.34	29.5792	165.608	19.9877	0.235256	0.0265692	1.03998	0.052675	
1.2-1.6	6.5-30.0	0.0-100.0	1.178-1.571	0.008	0.12	1148.0	1144.0	680.629	29.2912	463.366	25.3125	-0.131557	0.182631	-0.05	0.0	0.45576	0.0	3.09129	0.0	0.0460781	0.0	0.0317832	0.0	0.03	0.0	1.492	0.04	5.0	0.0	1.733	0.07	0.0389544	0.0	3.21269e-05	0.000513866	0.189709	0.0185383	0.429426	0.219667	0.00289074	0.00368548	0.00362026	0.00203994	1.45696	0.14329	0.811822	0.0583245	0.658041	0.173005	0.557885	0.289201	0.431216	0.134462	0.080014	0.0307713	0.251638	0.0587564	0.0645716	0.0369367	-1925.62	4.0	8.1365e-06	-7656.85	3.0	1.18033e-06	1.0	489.264	28.294	191.364	20.6162	0.281158	0.0277683	1.13472	0.0819764	
1.2-1.6	6.5-30.0	10.0-60.0	0.000-0.393	0.008	0.12	962.0	960.0	540.185	26.2613	419.812	23.8597	0.0484054	0.191132	-0.05	0.0	0.45576	0.0	3.09129	0.0	0.0460781	0.0	0.0315221	0.0	0.03	0.0	1.492	0.04	5.0	0.0	1.733	0.07	0.0388387	0.0	9.39567e-05	0.000265483	0.182787	0.0211945	0.0999774	0.0	0.00921681	0.0	0.00157379	0.00174528	2.02628	0.0	1.03742	0.0440799	0.345192	1.03616	0.831153	1.23789	0.135442	1.10446	0.00677899	0.0407488	0.138526	0.0336279	0.0953501	0.0557293	-1665.16	4.0	8.39032e-06	-6218.71	3.0	1.23809e-06	1.0	409.916	25.9975	130.269	17.8562	0.241156	0.0309068	1.17436	0.0175233	
1.2-1.6	6.5-30.0	10.0-60.0	0.000-1.571	0.008	0.128	3265.0	3260.0	1951.68	50.3764	1308.21	43.5259	-0.217339	0.108904	-0.05	0.0	0.45576	0.0	3.09129	0.0	0.0460781	0.0	0.0315221	0.00164024	0.03	0.0	1.492	0.04	5.0	0.0	1.733	0.07	0.0388387	0.000362258	1.05393e-05	0.000462059	0.182713	0.0111023	0.0999774	0.0	0.00921681	0.0	0.00159548	0.000929654	2.02628	0.0	0.999505	0.0243978	0.665888	0.15062	0.752545	0.328152	0.472604	0.212429	0.0773913	0.0204665	0.178562	0.0239362	0.0396241	0.060473	-5742.83	4.0	3.72898e-07	-25266.9	4.0	1.11041e-05	1.0	1458.03	49.7058	493.645	34.8808	0.252934	0.0166371	1.14439	0.00958929	
1.2-1.6	6.5-30.0	10.0-60.0	0.393-0.785	0.008	0.112	864.0	860.0	491.916	25.0546	368.048	22.4468	-0.339911	0.205089	-0.05	0.0	0.45576	0.0	3.09129	0.0	0.0460781	0.0	0.0315221	0.0	0.03	0.0	1.492	0.04	5.0	0.0	1.733	0.07	0.0388387	0.0	2.07034e-05	0.000129572	0.167327	0.0195979	0.0999774	0.0	0.00921681	0.0	0.00284217	0.00200705	2.02628	0.0	1.08759	0.0511271	0.469028	0.364735	0.787608	0.253261	0.560825	0.274324	0.034641	0.0324845	0.236424	0.0626834	0.136148	0.0840654	-1443.89	4.0	3.04177e-06	-5483.64	3.0	6.51888e-06	1.0	352.035	25.312	139.881	19.2345	0.284359	0.0363199	1.21453	0.020603	
1.2-1.6	6.5-30.0	10.0-60.0	0.785-1.178	0.008	0.128	745.0	744.0	467.3	24.0387	276.696	19.6794	-0.469416	0.23829	-0.05	0.0	0.45576	0.0	3.09129	0.0	0.0460781	0.0	0.0315221	0.0	0.03	0.0	1.492	0.04	5.0	0.0	1.733	0.07	0.0388387	0.0	2.57361e-05	0.000145696	0.177485	0.0232817	0.0999774	0.0	0.00921681	0.0	0.000309431	0.00173738	2.02628	0.0	0.912311	0.0468696	0.619936	0.0368318	0.999961	4.78578	0.393378	0.0596208	0.0576931	0.00682371	0.139075	0.0114347	0.0200002	15.5265	-1411.31	4.0	3.1367e-05	-4700.07	3.0	1.41737e-06	1.0	364.254	24.164	103.046	16.1521	0.220514	0.0326503	1.07684	0.0178692	
1.2-1.6	6.5-30.0	10.0-60.0	1.178-1.571	0.008	0.105	694.0	688.0	452.476	23.4964	235.522	18.307	-0.240104	0.257384	-0.05	0.0	0.45576	0.0	3.09129	0.0	0.0460781	0.0	0.0315221	0.0	0.03	0.0	1.492	0.04	5.0	0.0	1.733	0.07	0.0388387	0.0	3.08551e-05	0.00051849	0.199222	0.0242259	0.0999774	0.0	0.00921681	0.0	0.00346459	0.00193617	2.02628	0.0	0.982719	0.052227	0.554923	0.0974566	0.834084	0.851133	0.364663	0.355584	0.0792749	0.0231516	0.228207	0.0506435	0.0247646	0.181198	-1245.99	4.0	1.39459e-05	-4326.58	3.0	2.44682e-08	1.0	333.341	22.9387	119.135	16.2734	0.263295	0.0332651	1.13123	0.0204173	
1.2-2.4	6.5-30.0	0.0-100.0	0.000-0.393	0.008	0.152	3364.0	3361.0	1658.82	47.8114	1702.22	48.2629	-0.15021	0.0950112	-0.05	0.0	0.531943	0.0	3.09123	0.0	0.0532759	0.0	0.0318056	0.0	0.03	0.0	1.492	0.04	5.0	0.0	1.733	0.07	0.0445344	0.0	3.42723e-05	0.000135506	0.18356	0.0124667	0.147506	0.0525668	0.00656579	0.00470592	0.00152803	0.000966225	1.94036	0.171727	0.909406	0.0229275	0.799204	0.0978605	0.469865	0.188569	0.362256	0.256371	0.101984	0.031718	0.151402	0.0173848	0.0289918	0.0183781	-5232.22	4.0	1.38843e-06	-25511.3	3.0	7.44304e-07	1.0	1256.41	47.3923	402.412	32.6983	0.242589	0.01843	1.12267	0.0415282	
1.2-2.4	6.5-30.0	0.0-100.0	0.000-1.571	0.008	0.128	11906.0	11862.0	6328.01	115.302	5533.88	111.799	-0.246508	0.0569342	-0.05	0.0	0.531943	0.0954732	3.09123	0.000721556	0.0532759	0.00281327	0.0318056	0.00240455	0.03	0.0	1.492	0.04	5.0	0.0	1.733	0.07	0.0445344	0.0013861	1.38621e-05	0.000134836	0.1939	0.0067911	0.186805	0.0404235	0.00562667	0.0022307	0.00257488	0.000538349	1.79346	0.0844886	0.93942	0.013216	0.678702	0.14693	0.677993	0.214322	0.533617	0.0685683	0.0463122	0.0239063	0.179099	0.0170456	0.0960525	0.0229252	-18548.6	4.0	1.58495e-06	-105614.0	7.0	6.46173e-06	1.0	4814.79	105.141	1513.22	64.1736	0.239131	0.00915743	1.14826	0.0243555	
1.2-2.4	6.5-30.0	0.0-100.0	0.393-0.785	0.008	0.145	3097.0	3094.0	1596.58	46.4774	1497.22	45.3955	-0.403984	0.101956	-0.05	0.0	0.531943	0.0	3.09123	0.0	0.0532759	0.0	0.0318056	0.0	0.03	0.0	1.492	0.04	5.0	0.0	1.733	0.07	0.0445344	0.0	2.65486e-05	7.2402e-05	0.193379	0.013631	0.215726	0.105061	0.00712779	0.00410469	0.00318412	0.00115214	1.7141	0.172696	0.967447	0.0284584	0.627702	0.13572	0.877588	0.0767382	0.512001	0.0978278	0.0502149	0.0206355	0.157814	0.0189164	0.257338	0.0979941	-4619.3	4.0	2.72135e-05	-23319.2	3.0	1.61991e-05	1.0	1206.56	46.2747	390.023	32.1962	0.244286	0.0188702	1.16956	0.0534065	
1.2-2.4	6.5-30.0	0.0-100.0	0.785-1.178	0.008	0.152	2806.0	2805.0	1545.67	45.322	1259.19	42.0418	-0.190066	0.1109	-0.05	0.0	0.531943	0.0	3.09123	0.0	0.0532759	0.0	0.0318056	0.0	0.03	0.0	1.492	0.04	5.0	0.0	1.733	0.07	0.0445344	0.0	1.03152e-05	0.00396442	0.208138	0.0157436	0.127095	0.057169	0.00999999	0.014517	0.00255929	0.00104958	1.93778	0.197975	0.982744	0.0268768	0.58164	0.0825313	0.926051	0.885833	0.476485	0.148333	0.0585182	0.0150774	0.157659	0.0216582	0.0566519	0.141004	-4470.81	4.0	5.19797e-05	-20992.4	3.0	5.34593e-05	1.0	1224.81	44.7726	320.861	28.3426	0.207587	0.017297	1.14903	0.0418863	
1.2-2.4	6.5-30.0	0.0-100.0	1.178-1.571	0.008	0.152	2639.0	2637.0	1528.05	44.5309	1108.82	39.5443	-0.267706	0.118431	-0.05	0.0	0.531943	0.0	3.09123	0.0	0.0532759	0.0	0.0318056	0.0	0.03	0.0	1.492	0.04	5.0	0.0	1.733	0.07	0.0445344	0.0	3.88875e-05	0.000353399	0.193266	0.0130755	0.376887	0.131541	0.000173054	0.00284995	0.00254085	0.00126573	1.54336	0.106566	0.784438	0.0318385	0.779598	0.688289	0.445061	0.843044	0.474194	0.840768	0.00102515	0.23782	0.235628	0.0303647	0.0774735	0.0178762	-4251.6	4.0	4.77674e-06	-19685.9	3.0	4.59093e-05	1.0	1124.59	43.391	403.452	30.7722	0.264031	0.0186103	1.13188	0.0585788	
1.2-2.4	6.5-30.0	10.0-60.0	0.000-0.393	0.008	0.152	2171.0	2170.0	1159.26	39.2414	1010.73	37.3005	-0.221479	0.123622	-0.05	0.0	0.531943	0.0	3.09123	0.0	0.0532759	0.0	0.0314743	0.0	0.03	0.0	1.492	0.04	5.0	0.0	1.733	0.07	0.0444241	0.0	3.42723e-05	0.000135506	0.186978	0.0154656	0.186805	0.0	0.00562667	0.0	0.00143518	0.00114349	1.79346	0.0	0.867174	0.0258146	0.715358	0.744395	0.755896	0.280369	0.518964	0.215454	0.0278494	0.0323675	0.138331	0.0243945	0.103508	0.0622769	-3615.51	4.0	0.000152975	-15651.3	3.0	3.93136e-06	1.0	894.75	38.8994	264.506	25.9997	0.228169	0.0210561	1.10108	0.00826644	
1.2-2.4	6.5-30.0	10.0-60.0	0.000-1.571	0.008	0.16	7413.0	7411.0	4271.81	75.5776	3139.26	67.671	-0.359131	0.0705905	-0.05	0.0	0.531943	0.0	3.09123	0.0	0.0532759	0.0	0.0314743	0.00129547	0.03	0.0	1.492	0.04	5.0	0.0	1.733	0.07	0.044424	0.0002148	1.04253e-05	6.6059e-05	0.185291	0.00774557	0.186805	0.0	0.00562667	0.0	0.00282818	0.000662367	1.79346	0.0	0.911744	0.0160445	0.563612	0.0554804	0.91134	0.0558356	0.481881	0.0619164	0.0411381	0.00901943	0.162454	0.0124214	0.187669	0.0693172	-12258.8	4.0	3.45674e-05	-62972.5	4.0	4.96744e-06	1.0	3219.35	74.5548	1052.47	51.5851	0.246374	0.0112615	1.12998	0.00526373	
1.2-2.4	6.5-30.0	10.0-60.0	0.393-0.785	0.008	0.145	1905.0	1904.0	1085.82	37.5133	818.044	33.7582	-0.443545	0.138439	-0.05	0.0	0.531943	0.0	3.09123	0.0	0.0532759	0.0	0.0314743	0.0	0.03	0.0	1.492	0.04	5.0	0.0	1.733	0.07	0.0444241	0.0	2.65486e-05	7.2402e-05	0.165256	0.0139025	0.186805	0.0	0.00562667	0.0	0.00390333	0.00146138	1.79346	0.0	0.990993	0.0355696	0.498725	0.104022	0.915784	0.0490527	0.458962	0.124353	0.0343898	0.0121322	0.171701	0.0277465	0.348209	0.157789	-3079.91	4.0	4.35888e-06	-13585.5	3.0	2.83315e-05	1.0	801.902	38.4139	283.92	28.3604	0.261479	0.0245068	1.18299	0.0121153	
1.2-2.4	6.5-30.0	10.0-60.0	0.785-1.178	0.008	0.152	1711.0	1710.0	1020.23	36.2296	689.765	31.3395	-0.406997	0.150977	-0.05	0.0	0.531943	0.0	3.09123	0.0	0.0532759	0.0	0.0314743	0.0	0.03	0.0	1.492	0.04	5.0	0.0	1.733	0.07	0.0444241	0.0	1.03152e-05	0.00396442	0.192522	0.0167429	0.186805	0.0	0.00562667	0.0	0.000598089	0.00136943	1.79346	0.0	0.914292	0.0334375	0.890568	0.81964	0.420879	0.999285	0.394032	0.959651	0.00100866	0.968772	0.170747	0.0287052	0.0699641	0.0192855	-2872.33	4.0	1.77718e-05	-12064.0	3.0	2.10303e-07	1.0	783.332	35.9706	236.898	24.3078	0.232201	0.0223535	1.13165	0.0109843	
1.2-2.4	6.5-30.0	10.0-60.0	1.178-1.571	0.008	0.152	1626.0	1625.0	1008.58	35.7918	616.401	29.8146	-0.413859	0.159858	-0.05	0.0	0.531943	0.0	3.09123	0.0	0.0532759	0.0	0.0314743	0.0	0.03	0.0	1.492	0.04	5.0	0.0	1.733	0.07	0.0444241	0.0	3.88875e-05	0.000353399	0.196697	0.0160269	0.186805	0.0	0.00562667	0.0	0.00134866	0.00136747	1.79346	0.0	0.857136	0.0353927	0.99602	0.644889	0.370544	0.1614	0.395704	0.257264	0.00117635	0.960381	0.234871	0.0360008	0.0501591	0.0218164	-2721.28	4.0	8.11972e-05	-11438.5	3.0	2.47735e-06	1.0	732.031	35.0732	276.549	25.5264	0.274197	0.023364	1.09467	0.011268	
1.6-2.4	3.0-6.5	0.0-100.0	0.000-0.393	0.016	0.232	8772.0	8771.0	1774.58	65.0904	6996.4	97.2536	-0.171819	0.046563	-0.05	0.0	0.0334341	0.0	3.09042	0.0	0.0162099	0.0	0.0524245	0.0	0.03	0.0	1.86	0.19	5.0	0.0	1.38	0.32	0.0516258	0.0	0.000149401	0.0117133	0.244103	0.0267366	0.473976	0.263955	-0.00707842	0.0107562	0.00999999	0.0329256	1.54049	0.193925	0.826052	0.0181623	0.999985	0.673702	0.846385	0.00255648	0.709114	0.00180039	0.00240136	1.18163	0.112524	0.000777823	0.363236	0.00490814	-8374.04	4.0	2.17007e-05	-72311.5	3.0	2.19276e-07	1.0	1527.27	66.3084	247.311	36.619	0.139363	0.0199921	1.21809	0.108528	
1.6-2.4	3.0-6.5	0.0-100.0	0.000-1.571	0.016	0.264	32037.0	32035.0	6369.73	143.487	25665.0	199.674	-0.144921	0.0245327	-0.05	0.0	0.0334341	0.0252445	3.09042	0.00115019	0.0162099	0.00607227	0.0524245	0.00174174	0.03	0.0	1.86	0.19	5.0	0.0	1.38	0.32	0.0516258	0.000855372	1.10324e-05	0.0465138	0.230476	0.0123631	0.306676	0.207312	-0.00606766	0.0158233	0.01	0.0123028	1.65447	0.204252	0.940403	0.00844648	0.976878	0.204976	0.807049	0.177878	0.745618	0.0260592	0.00137159	1.3068	0.122002	0.00653683	0.304237	0.104678	-30534.4	4.0	0.000358592	-305546.0	7.0	0.000845956	1.0	5382.28	139.495	987.448	72.4825	0.155022	0.0108301	1.20524	0.0905676	
1.6-2.4	3.0-6.5	0.0-100.0	0.393-0.785	0.016	0.264	8230.0	8229.0	1570.6	62.4664	6658.39	94.813	-0.210343	0.0477452	-0.05	0.0	0.0334341	0.0	3.09042	0.0	0.0162099	0.0	0.0524245	0.0	0.03	0.0	1.86	0.19	5.0	0.0	1.38	0.32	0.0516258	0.0	0.000104776	0.00436801	0.233095	0.023194	0.434071	0.259887	-0.00999985	0.0153683	0.00898308	0.00125407	1.61272	0.231443	0.817932	0.0183348	0.999995	0.1945	0.839163	0.00218571	0.712246	0.00125554	0.00100262	1.48755	0.116075	0.000567861	0.283042	0.00271111	-7642.22	4.0	2.72844e-06	-67266.8	3.0	3.63542e-07	1.0	1286.02	63.7432	284.583	39.6887	0.181194	0.0242204	1.22783	0.121717	
1.6-2.4	3.0-6.5	0.0-100.0	0.785-1.178	0.016	0.24	7674.0	7673.0	1487.15	60.2094	6185.83	91.2333	-0.149697	0.049461	-0.05	0.0	0.0334341	0.0	3.09042	0.0	0.0162099	0.0	0.0524245	0.0	0.03	0.0	1.86	0.19	5.0	0.0	1.38	0.32	0.0516258	0.0	2.10511e-05	0.000549047	0.189697	0.0227631	0.0818643	0.0702753	-0.01	0.0192987	0.00963336	0.000998359	2.29979	0.540786	1.04022	0.0148917	0.809678	0.0835058	0.905502	0.099625	0.726634	0.0600949	0.0931682	0.0615922	0.127826	0.0205011	0.351916	0.184503	-7349.29	4.0	3.60614e-06	-62200.7	3.0	1.41584e-07	1.0	1233.58	63.9305	253.564	41.2085	0.170503	0.0268361	1.19434	0.0753789	
1.6-2.4	3.0-6.5	0.0-100.0	1.178-1.571	0.016	0.24	7361.0	7360.0	1536.43	59.8962	5823.54	88.7378	-0.0323388	0.0509473	-0.05	0.0	0.0334341	0.0	3.09042	0.0	0.0162099	0.0	0.0524245	0.0	0.03	0.0	1.86	0.19	5.0	0.0	1.38	0.32	0.0516258	0.0	3.20725e-05	0.0130815	0.254013	0.0296438	0.862746	0.0705318	0.0058369	0.00486993	0.01	0.0136769	1.3149	0.0586406	0.6	0.0932925	0.935161	1.58085	0.756415	0.482461	0.77252	0.0764335	0.00126266	1.5609	0.129619	0.025088	0.289161	0.174663	-7161.98	4.0	4.86269e-07	-59416.6	3.0	2.43288e-07	1.0	1331.28	60.2423	205.148	31.6166	0.133522	0.0199087	1.24139	0.0332503	
1.6-2.4	3.0-6.5	10.0-60.0	0.000-0.393	0.016	0.209	5099.0	5096.0	1276.77	51.9484	3819.22	72.3939	-0.22097	0.0632466	-0.05	0.0	0.0334341	0.0	3.09042	0.0	0.0162099	0.0	0.0532922	0.0	0.03	0.0	1.86	0.19	5.0	0.0	1.38	0.32	0.0524775	0.0	0.000129268	0.000932346	0.245615	0.0329081	0.306676	0.0	-0.00606766	0.0	0.00767569	0.00143064	1.65447	0.0	0.924194	0.0202257	0.998238	0.997759	0.869477	0.0423074	0.745016	0.0425833	0.00100134	1.49923	0.114989	0.0136485	0.414532	0.108783	-5254.42	4.0	1.29059e-05	-39389.3	3.0	9.66436e-08	1.0	1122.91	53.3458	153.861	28.2409	0.120508	0.0215687	1.19651	0.0054157	
1.6-2.4	3.0-6.5	10.0-60.0	0.000-1.571	0.016	0.209	17966.0	17960.0	4306.95	110.687	13652.4	146.93	-0.15048	0.0334446	-0.05	0.0	0.0334341	0.0	3.09042	0.0	0.0162099	0.0	0.0532922	0.00148663	0.03	0.0	1.86	0.19	5.0	0.0	1.38	0.32	0.0524775	0.000729616	2.44459e-05	0.000226863	0.228087	0.0142584	0.306676	0.0	-0.00606766	0.0	0.00800717	0.000765142	1.65447	0.0	0.914137	0.0109032	0.833041	0.799993	0.840091	0.0438956	0.698833	0.0781096	0.00101091	1.02969	0.114416	0.00943426	0.261974	0.0340823	-18295.8	4.0	6.53155e-05	-161319.0	4.0	5.98848e-05	1.0	3631.06	109.062	675.889	59.0609	0.15693	0.0131065	1.19115	0.00290072	
1.6-2.4	3.0-6.5	10.0-60.0	0.393-0.785	0.016	0.209	4716.0	4714.0	1070.08	49.0597	3643.91	70.5725	-0.201086	0.0646234	-0.05	0.0	0.0334341	0.0	3.09042	0.0	0.0162099	0.0	0.0532922	0.0	0.03	0.0	1.86	0.19	5.0	0.0	1.38	0.32	0.0524775	0.0	0.000185134	0.00079819	0.227126	0.0230868	0.306676	0.0	-0.00606766	0.0	0.00658174	0.00148353	1.65447	0.0	0.874236	0.0217768	0.435484	0.0699949	0.868495	0.0377054	0.388746	0.0812797	0.0010005	0.932319	0.104915	0.012784	0.18398	0.0338769	-4660.83	4.0	1.84097e-05	-35999.3	3.0	6.07099e-08	1.0	834.873	49.3236	235.212	32.9249	0.219807	0.0290715	1.17019	0.00563989	
1.6-2.4	3.0-6.5	10.0-60.0	0.785-1.178	0.016	0.2	4209.0	4209.0	951.447	46.1146	3257.54	66.5771	-0.143912	0.0682652	-0.05	0.0	0.0334341	0.0	3.09042	0.0	0.0162099	0.0	0.0532922	0.0	0.03	0.0	1.86	0.19	5.0	0.0	1.38	0.32	0.0524775	0.0	3.10689e-05	0.000375227	0.194467	0.0252146	0.306676	0.0	-0.00606766	0.0	0.01	0.0329188	1.65447	0.0	0.864563	0.0216336	0.367856	0.196437	0.900245	0.0539211	0.306389	0.295964	0.0041033	0.0105926	0.104132	0.0306902	0.217213	0.0499283	-4316.41	4.0	1.35037e-05	-31666.3	3.0	9.17819e-08	1.0	787.123	47.2069	164.324	28.9221	0.17271	0.0292228	1.1652	0.00556456	
1.6-2.4	3.0-6.5	10.0-60.0	1.178-1.571	0.016	0.2	3942.0	3940.0	1010.61	46.106	2929.39	63.5957	-0.00105726	0.071974	-0.05	0.0	0.0334341	0.0	3.09042	0.0	0.0162099	0.0	0.0532922	0.0	0.03	0.0	1.86	0.19	5.0	0.0	1.38	0.32	0.0524775	0.0	1.12763e-05	0.178932	0.25616	0.0376752	0.306676	0.0	-0.00606766	0.0	0.0087016	0.00163381	1.65447	0.0	0.969188	0.023536	0.926497	2.8405	0.875152	0.391259	0.770115	0.689027	0.00105387	1.13819	0.132864	0.0161175	0.245011	0.0898194	-4091.04	4.0	1.64872e-06	-29453.3	3.0	2.4417e-08	1.0	891.133	46.992	119.481	24.1894	0.118226	0.0233197	1.22095	0.00647665	
1.6-2.4	6.5-30.0	0.0-100.0	0.000-0.393	0.008	0.152	1910.0	1908.0	882.827	35.6854	1025.17	37.6271	-0.330067	0.122933	-0.05	0.0	0.652922	0.0	3.0911	0.0	0.056929	0.0	0.0308406	0.0	0.03	0.0	1.492	0.04	5.0	0.0	1.733	0.07	0.0494589	0.0	3.15307e-05	0.000173778	0.193477	0.0188263	0.171695	0.085994	0.00507026	0.00583142	0.0032366	0.00128776	1.8838	0.229153	0.904235	0.0281899	0.932171	1.28129	0.495458	0.573874	0.650556	0.408089	0.00100005	1.0324	0.181777	0.0297589	0.0921281	0.0251801	-2811.1	4.0	5.49082e-08	-13284.5	3.0	6.83692e-07	1.0	684.522	35.2627	198.306	23.2833	0.224625	0.0247613	1.13426	0.0619161	
1.6-2.4	6.5-30.0	0.0-100.0	0.000-1.571	0.008	0.152	6643.0	6637.0	3419.55	91.9882	3217.44	90.877	-0.424331	0.0755334	-0.05	0.0	0.652922	0.150889	3.0911	0.00108638	0.056929	0.00395122	0.0308406	0.00590293	0.03	0.0	1.492	0.04	5.0	0.0	1.733	0.07	0.0494589	0.00237958	1.37144e-05	0.000327844	0.199274	0.00999808	0.337019	0.0765519	0.00343684	0.00197833	0.00291353	0.0008482	1.60396	0.0792233	0.87583	0.0191787	0.720222	0.082148	0.901199	0.143801	0.61203	0.0495468	0.0690962	0.0338036	0.163811	0.0130825	0.201315	0.115848	-9820.65	4.0	4.49522e-05	-54918.1	7.0	3.65021e-06	1.0	2661.79	83.0725	757.761	46.7915	0.221597	0.0123168	1.17286	0.0349842	
1.6-2.4	6.5-30.0	0.0-100.0	0.393-0.785	0.008	0.145	1670.0	1668.0	849.282	34.1192	818.673	33.6679	-0.611922	0.139164	-0.05	0.0	0.652922	0.0	3.0911	0.0	0.056929	0.0	0.0308406	0.0	0.03	0.0	1.492	0.04	5.0	0.0	1.733	0.07	0.0494589	0.0	1.91191e-05	0.000301555	0.197509	0.0204123	0.653479	0.0874734	0.00512757	0.00198312	0.00299378	0.0027455	1.36098	0.0597214	0.728512	0.0665774	0.635894	0.288933	0.821415	0.0911699	0.45547	0.246433	0.0333753	0.0440257	0.141082	0.0272171	0.262149	0.0931643	-2375.81	4.0	9.37297e-07	-11494.6	3.0	1.22239e-06	1.0	662.548	33.9651	186.734	22.3925	0.219872	0.0248428	1.18082	0.0339923	
1.6-2.4	6.5-30.0	0.0-100.0	0.785-1.178	0.008	0.145	1572.0	1571.0	843.07	33.9612	727.751	32.2186	-0.372084	0.146641	-0.05	0.0	0.652922	0.0	3.0911	0.0	0.056929	0.0	0.0308406	0.0	0.03	0.0	1.492	0.04	5.0	0.0	1.733	0.07	0.0494589	0.0	1.00081e-05	0.000130579	0.211553	0.0224383	0.283905	0.121121	0.00876046	0.0144238	0.00173094	0.00178923	1.63893	0.152102	0.980868	0.0422684	0.630553	0.803947	0.609042	0.284932	0.45825	0.707314	0.0247417	0.126911	0.186512	0.0414251	0.0826225	0.0385192	-2323.32	4.0	2.65247e-07	-10770.3	3.0	3.74855e-05	1.0	677.554	33.6457	165.516	20.7735	0.196326	0.0233366	1.2048	0.0537764	
1.6-2.4	6.5-30.0	0.0-100.0	1.178-1.571	0.008	0.152	1491.0	1490.0	845.625	33.4245	644.258	30.2616	-0.394735	0.15576	-0.05	0.0	0.652922	0.0	3.0911	0.0	0.056929	0.0	0.0308406	0.0	0.03	0.0	1.492	0.04	5.0	0.0	1.733	0.07	0.0494589	0.0	2.89134e-05	0.000256279	0.196535	0.0182298	0.350351	0.133684	-0.00427118	0.00495361	0.00251698	0.00164475	1.6055	0.129976	0.777586	0.0377202	0.4727	0.896096	0.764891	0.197678	0.408597	0.864923	0.00100083	1.22296	0.195248	0.0637382	0.0882992	0.0337731	-2341.2	4.0	3.34195e-06	-10209.6	3.0	4.65582e-05	1.0	633.464	32.6977	212.161	22.6392	0.250893	0.0248678	1.13837	0.0667566	
1.6-2.4	6.5-30.0	10.0-60.0	0.000-0.393	0.008	0.152	1209.0	1209.0	618.365	29.102	590.588	28.6209	-0.423242	0.162674	-0.05	0.0	0.652922	0.0	3.0911	0.0	0.056929	0.0	0.0305164	0.0	0.03	0.0	1.492	0.04	5.0	0.0	1.733	0.07	0.0493891	0.0	3.15307e-05	0.000173778	0.192679	0.0224923	0.337019	0.0	0.00343684	0.0	0.00181955	0.00157781	1.60396	0.0	0.750442	0.0322418	0.894505	0.961321	0.69217	0.510949	0.673568	0.526209	0.00100001	0.986049	0.157387	0.0284699	0.115319	0.0459393	-1964.46	4.0	7.03194e-05	-7944.91	3.0	2.09861e-06	1.0	485.079	28.6369	133.286	18.3916	0.215546	0.0279589	1.11374	0.00720153	
1.6-2.4	6.5-30.0	10.0-60.0	0.000-1.571	0.008	0.16	4148.0	4147.0	2314.38	56.1069	1832.62	51.6355	-0.480157	0.09278	-0.05	0.0	0.652922	0.0	3.0911	0.0	0.056929	0.0	0.0305164	0.00230032	0.03	0.0	1.492	0.04	5.0	0.0	1.733	0.07	0.0493891	0.000246654	3.34301e-05	6.81326e-05	0.18842	0.0109177	0.337019	0.0	0.00343684	0.0	0.00342022	0.000996783	1.60396	0.0	0.795845	0.0224417	0.567198	0.0877463	0.921443	0.0396007	0.463937	0.0982292	0.0308405	0.00889016	0.153043	0.0145501	0.240312	0.0768577	-6545.65	4.0	1.46835e-06	-32612.5	4.0	2.76871e-07	1.0	1759.59	55.4186	554.789	37.8479	0.239714	0.015286	1.13444	0.00521883	
1.6-2.4	6.5-30.0	10.0-60.0	0.393-0.785	0.008	0.145	1041.0	1040.0	590.64	27.7559	449.282	25.082	-0.561606	0.18772	-0.05	0.0	0.652922	0.0	3.0911	0.0	0.056929	0.0	0.0305164	0.0	0.03	0.0	1.492	0.04	5.0	0.0	1.733	0.07	0.0493891	0.0	1.91191e-05	0.000301555	0.157655	0.0194369	0.337019	0.0	0.00343684	0.0	0.00440278	0.00227253	1.60396	0.0	0.865071	0.0532918	0.523858	0.126346	0.933113	0.0454144	0.326033	0.187644	0.0297955	0.0119916	0.148387	0.0273134	0.46066	0.27102	-1641.46	4.0	5.18047e-07	-6764.87	3.0	2.04591e-05	1.0	447.582	29.0841	143.058	21.1822	0.242209	0.034009	1.16756	0.013089	
1.6-2.4	6.5-30.0	10.0-60.0	0.785-1.178	0.008	0.145	966.0	965.0	552.322	27.0458	412.566	24.3249	-0.396716	0.195013	-0.05	0.0	0.652922	0.0	3.0911	0.0	0.056929	0.0	0.0305164	0.0	0.03	0.0	1.492	0.04	5.0	0.0	1.733	0.07	0.0493891	0.0	1.00081e-05	0.000130579	0.202264	0.0231693	0.337019	0.0	0.00343684	0.0	0.0023152	0.00237197	1.60396	0.0	0.943748	0.0534656	0.998762	0.901305	0.635857	0.244605	0.65292	0.136646	0.00102929	0.735574	0.168692	0.0380765	0.115264	0.0679167	-1469.53	4.0	2.16261e-05	-6194.18	3.0	3.87623e-05	1.0	416.525	26.5002	135.797	18.179	0.245865	0.0306328	1.20728	0.0138545	
1.6-2.4	6.5-30.0	10.0-60.0	1.178-1.571	0.008	0.152	932.0	931.0	553.24	26.8634	377.744	23.37	-0.549147	0.204741	-0.05	0.0	0.652922	0.0	3.0911	0.0	0.056929	0.0	0.0305164	0.0	0.03	0.0	1.492	0.04	5.0	0.0	1.733	0.07	0.0493891	0.0	2.89134e-05	0.000256279	0.197551	0.0216657	0.337019	0.0	0.00343684	0.0	0.00160323	0.00193146	1.60396	0.0	0.669965	0.0481202	0.778498	0.313037	0.330743	0.181957	2.49492e-06	0.181747	0.0255313	0.0212349	0.198101	0.0380106	0.0230443	0.00565075	-1489.7	4.0	6.42703e-07	-5971.31	3.0	2.41462e-06	1.0	401.014	26.1914	152.226	19.0125	0.275153	0.0316622	1.07918	0.00990279	
