rap0.0-1.2_pT6.5-30.0_cent0.0-100.0
13559.4
3716.96 3491.1 3396.7 2948.13
66.5282 64.4821 63.5686 59.5568
7777.15
1968.89 2070.9 1915.3 1818.75
51.75 52.3234 50.5925 49.1703
9179.63
2424.02 2384.12 2246.69 2071.91
56.735 56.6378 54.3946 54.2975
4379.76
1292.94 1106.99 1150.01 876.226
43.2669 41.0703 40.6703 38.8541
0.323006
0.347849 0.317088 0.338567 0.297214
0.00983544 0.0102028 0.0101596 0.0117321
rap0.0-1.2_pT6.5-30.0_cent10.0-60.0
8834.92
2330.84 2364.62 2188.6 1936.82
52.2847 52.4658 50.4672 47.6997
4081.32
1096.98 1082.37 943.376 956.174
38.7267 38.3452 36.0786 35.9805
5975.66
1533.61 1669.05 1411.12 1327.31
45.0259 46.2914 42.3618 42.5228
2859.26
797.227 695.574 777.487 609.514
34.1126 31.7753 32.5138 31.0638
0.323632
0.342035 0.294159 0.355243 0.314698
0.0124631 0.0117463 0.0123934 0.0140416
rap0.0-2.4_pT10.0-13.0_cent0.0-100.0
5010.92
1259.65 1326.03 1233.93 1187.32
38.3312 39.0602 37.9573 37.4598
1727.4
424.354 411.937 436.071 431.659
25.1794 24.7293 25.3553 25.4474
3283.49
819.552 873.788 812.692 823.925
32.7771 33.0531 33.0154 33.092
1727.43
440.099 452.24 421.24 363.397
25.1344 24.6472 25.1585 23.4691
0.344733
0.349382 0.341049 0.34138 0.306064
0.0168851 0.0156384 0.0174766 0.0172473
rap0.0-2.4_pT10.0-13.0_cent10.0-60.0
3328.89
833.795 887.556 849.138 738.803
31.1956 31.745 31.1476 29.3958
1029.08
267.171 226.436 253.865 265.207
20.1618 18.6176 19.3628 19.7618
2154.95
523.468 566.388 539.352 496.203
26.5963 26.6278 26.1799 26.026
1173.94
310.327 321.169 309.786 242.599
21.4148 20.7513 20.5693 19.5125
0.352653
0.372187 0.361857 0.364824 0.328368
0.021581 0.0194712 0.0201917 0.0229529
rap0.0-2.4_pT10.0-30.0_cent0.0-100.0
7786.49
2046.59 1994.51 1867.32 1875.79
48.82 48.1476 46.5181 46.8926
2622.87
670.4 667.322 644.69 623.131
31.7364 31.4771 30.6808 30.7612
4942.24
1254.59 1326.84 1216.87 1219.48
40.4185 41.0379 40.4829 40.6087
2844.25
792.004 667.668 650.448 656.309
33.09 30.2979 31.3444 31.4464
0.36528
0.386987 0.334753 0.348333 0.349884
0.013274 0.0128629 0.0143688 0.0143017
rap0.0-2.4_pT10.0-30.0_cent10.0-60.0
5165.7
1362.77 1314.09 1254.6 1223.01
39.7721 38.8826 37.8747 37.6514
1580.2
402.21 380.876 392.401 388.933
24.9257 24.0537 23.923 24.1569
3287.12
834.055 861.249 806.911 765.169
32.8404 33.2714 32.1879 32.4332
1878.58
528.712 452.845 447.692 457.839
26.9085 25.2413 25.0068 26.3756
0.363663
0.387969 0.344606 0.35684 0.374355
0.0161765 0.0162783 0.0167702 0.0182285
rap0.0-2.4_pT13.0-30.0_cent0.0-100.0
2777.24
792.213 666.409 619.68 684.991
30.2546 28.104 26.5991 28.1242
893.747
233.772 250.543 208.322 187.976
18.8923 19.338 17.2098 17.145
1657.28
433.642 448.266 380.668 393.094
23.5231 24.3716 23.3613 23.1418
1119.96
358.571 218.143 239.012 291.898
21.6009 17.923 19.5964 20.4619
0.403265
0.45262 0.327341 0.385703 0.426133
0.0210873 0.0230816 0.0269434 0.0242117
rap0.0-2.4_pT13.0-30.0_cent10.0-60.0
1831.34
531.804 423.584 394.276 472.486
24.6473 22.3796 21.2016 23.2729
550.596
127.163 155.389 133.725 124.514
14.2421 15.253 13.7463 13.9162
1129.41
298.843 283.351 252.471 263.756
19.3795 20.2229 18.5823 19.0772
701.929
232.961 140.233 141.805 208.73
17.3293 15.4836 14.8032 17.3454
0.383287
0.438058 0.331062 0.359659 0.44177
0.0254882 0.0320971 0.0321808 0.0295668
rap0.0-2.4_pT6.5-10.0_cent0.0-100.0
20931.6
5668.99 5311.26 5251.84 4694.35
87.5968 84.6323 83.5692 78.8389
19288.0
5521.83 5236.75 4477.08 4121.47
86.7528 84.1907 78.7968 75.1181
15608.2
4244.28 3937.59 3860.78 3504.74
80.343 77.6565 75.1679 74.2798
5323.4
1424.71 1373.68 1391.06 1189.62
51.3673 50.7239 48.6418 49.5192
0.254323
0.251316 0.258634 0.264871 0.253414
0.00818679 0.00861527 0.0082473 0.00965202
rap0.0-2.4_pT6.5-10.0_cent10.0-60.0
13408.1
3641.38 3488.7 3266.62 3014.92
69.0304 67.0229 64.8373 62.0532
9839.34
3012.57 2640.28 2149.36 2026.04
64.3157 60.3634 55.5584 53.4962
9962.14
2692.81 2639.94 2380.16 2177.86
63.4275 63.1813 57.9261 57.8696
3445.99
948.569 848.755 886.462 837.06
41.7192 41.0552 37.8573 40.453
0.257008
0.260497 0.243287 0.27137 0.277639
0.0103381 0.0108001 0.0102614 0.0121399
rap0.0-2.4_pT6.5-30.0_cent0.0-10.0
9144.7
2454.4 2260.25 2353.34 2081.1
58.3549 56.5966 56.6717 53.4303
10392.6
2734.69 2851.81 2498.99 2319.25
60.7101 61.6016 57.9401 55.6135
6515.59
1702.54 1519.1 1705.58 1567.36
51.5474 49.8369 51.8474 51.0935
2629.11
751.859 741.154 647.762 513.74
36.5806 37.1649 35.2776 34.1353
0.287501
0.306331 0.327908 0.275252 0.24686
0.0130033 0.014246 0.0134453 0.0151286
rap0.0-2.4_pT6.5-30.0_cent0.0-100.0
28690.0
7717.87 7301.97 7108.09 6565.33
100.295 97.3934 95.6583 91.7995
22021.0
6196.08 5909.88 5134.9 4761.5
92.399 89.9636 84.7198 81.3844
20502.6
5456.85 5198.3 5078.77 4716.02
89.4816 88.2648 85.6355 84.368
8187.43
2261.01 2103.67 2029.32 1849.31
61.9811 61.4057 58.3761 58.637
0.285375
0.292958 0.288096 0.285494 0.281678
0.00707114 0.00748021 0.00725848 0.00801599
rap0.0-2.4_pT6.5-30.0_cent10.0-20.0
6733.21
1847.64 1674.83 1697.76 1515.62
49.4813 46.856 47.0267 44.4141
5481.75
1571.24 1402.19 1326.22 1151.33
46.6038 43.8505 42.8951 40.1035
4656.5
1216.07 1261.1 1172.0 983.269
43.3785 42.8109 40.9291 39.6114
2076.72
631.567 413.729 525.761 532.352
33.2736 26.8696 28.8687 31.3398
0.308429
0.341823 0.247027 0.30968 0.351244
0.0155085 0.0144783 0.0146819 0.0179341
rap0.0-2.4_pT6.5-30.0_cent10.0-30.0
11917.8
3278.63 3014.67 2926.39 2697.85
65.2941 62.1426 61.297 58.7166
8682.02
2536.35 2272.31 1991.57 1872.23
59.3392 55.8521 53.1282 51.2087
8364.48
2278.01 2180.07 2011.63 1875.26
57.5855 56.5371 53.0015 52.8772
3553.32
1000.62 834.598 914.762 822.592
40.6826 38.3788 37.4279 38.0891
0.298152
0.305196 0.276846 0.312591 0.304907
0.0108179 0.01138 0.0109867 0.0124615
rap0.0-2.4_pT6.5-30.0_cent10.0-60.0
18567.6
5000.22 4799.12 4520.03 4250.47
79.654 77.4812 75.1239 72.7678
11428.5
3423.77 3026.79 2544.9 2424.51
69.0538 65.0463 60.5687 58.9008
13250.0
3558.28 3522.4 3192.7 2946.22
71.4885 71.1739 66.5276 66.0737
5317.59
1441.94 1276.72 1327.33 1304.24
49.2462 47.5033 45.7916 48.1683
0.286391
0.288376 0.266032 0.293656 0.306847
0.00871181 0.00891792 0.00887767 0.0100413
rap0.0-2.4_pT6.5-30.0_cent20.0-30.0
5187.26
1432.28 1346.58 1230.38 1179.74
42.5976 40.8288 39.2923 38.3462
3182.05
957.706 828.417 659.583 712.236
36.6066 33.8946 31.1953 31.6701
3704.4
1053.95 920.828 827.846 863.149
37.809 37.1438 33.121 35.1116
1482.85
378.33 425.752 402.533 316.594
23.9494 27.6909 23.7343 23.4861
0.285865
0.264145 0.316173 0.327162 0.268359
0.0147608 0.0181927 0.0162159 0.0178951
rap0.0-2.4_pT6.5-30.0_cent30.0-60.0
6638.4
1717.32 1789.03 1586.13 1540.0
45.5067 46.2288 43.2318 42.7054
2752.82
884.662 748.935 556.867 551.002
35.1887 33.1212 28.9785 28.8926
4817.17
1261.24 1336.65 1136.54 1079.71
42.2322 43.2976 40.3915 38.9909
1821.23
456.084 452.379 449.581 460.294
28.507 28.6071 28.6706 28.0491
0.274348
0.265578 0.252863 0.283446 0.298892
0.0150341 0.0145944 0.0163417 0.0162184
rap0.0-2.4_pT6.5-8.0_cent0.0-100.0
11941.6
3257.98 2898.04 3079.91 2707.81
68.3783 64.8216 65.3052 61.4077
14349.0
4122.05 3939.95 3264.12 3000.26
74.429 72.4126 66.6997 63.7443
9258.11
2509.01 2266.46 2327.38 2131.29
62.6777 61.1232 61.3431 58.009
2683.47
748.967 631.584 752.536 576.518
37.4516 36.9549 39.778 34.6389
0.224716
0.229887 0.217935 0.244337 0.212909
0.0104338 0.0117832 0.0118307 0.011846
rap0.0-2.4_pT6.5-8.0_cent10.0-60.0
7641.27
2061.32 1965.18 1876.04 1739.04
53.258 51.4962 49.7081 48.1658
7096.12
2208.74 1880.13 1506.88 1486.96
54.625 50.6626 45.8434 45.4743
5811.25
1551.69 1545.68 1418.05 1277.43
49.1082 49.9825 47.5748 44.6536
1830.02
509.631 419.494 457.984 461.611
31.2686 31.2816 31.605 30.0934
0.239491
0.247235 0.213464 0.244123 0.26544
0.0137586 0.0149027 0.0155554 0.0156653
rap0.0-2.4_pT8.0-10.0_cent0.0-100.0
8989.08
2414.7 2417.74 2179.06 1986.53
54.7925 54.338 52.1988 49.4898
5014.23
1384.26 1269.19 1204.81 1119.45
44.4044 42.4749 41.841 39.7771
6350.93
1720.95 1656.13 1495.99 1425.23
50.2147 48.7324 44.6811 46.8236
2638.15
693.758 761.61 683.073 561.297
35.2762 35.811 31.3037 33.575
0.293484
0.287306 0.315009 0.313471 0.282552
0.0130736 0.0130102 0.0122469 0.0153658
rap0.0-2.4_pT8.0-10.0_cent10.0-60.0
5768.98
1578.74 1522.6 1400.81 1272.05
43.8719 42.8411 41.6482 38.9885
2739.63
799.256 754.242 627.151 540.934
33.8406 32.6653 30.999 28.0895
4125.05
1155.19 1082.89 913.418 892.42
41.2032 39.1207 34.4334 36.5795
1643.94
423.545 439.709 487.397 379.633
28.3849 27.4797 25.6542 26.931
0.284961
0.268281 0.288788 0.347938 0.298441
0.0163609 0.0161152 0.0151123 0.0190932
rap1.2-1.6_pT6.5-30.0_cent0.0-100.0
6663.54
1809.57 1717.87 1612.25 1519.13
49.4932 48.8264 46.451 44.772
5727.31
1562.37 1653.14 1278.73 1224.67
46.9292 48.1589 42.71 41.3528
4855.84
1339.99 1212.64 1208.98 1089.72
45.7268 44.5756 43.0186 41.3342
1807.7
469.578 505.239 403.275 429.409
30.2107 31.7062 27.7906 28.9348
0.271283
0.259497 0.294107 0.250131 0.282667
0.0151112 0.0164551 0.0156583 0.0171284
rap1.2-1.6_pT6.5-30.0_cent10.0-60.0
4275.07
1213.26 1052.96 999.749 996.743
39.866 37.4758 35.727 35.2706
2823.76
888.643 830.941 579.253 508.21
35.5609 34.3863 29.2559 27.4865
3165.1
907.447 759.976 775.223 704.046
36.6938 35.753 34.8875 32.3059
1109.97
305.816 292.98 224.527 292.697
23.6291 25.6007 22.6725 23.0277
0.259638
0.252061 0.278245 0.224583 0.293653
0.0176268 0.0222049 0.0212106 0.0206341
rap1.2-2.4_pT6.5-30.0_cent0.0-100.0
15631.0
4103.76 3935.93 3837.39 3747.24
76.8636 74.7982 73.1842 71.2753
13625.4
4119.21 3712.24 3088.46 2808.77
76.9639 73.2879 67.876 64.3564
11646.8
3109.86 2898.64 2929.73 2753.87
72.1734 70.0137 68.9164 66.1358
3984.14
993.897 1037.29 907.655 993.367
46.5052 47.4982 43.9001 44.5781
0.254888
0.242192 0.263543 0.236529 0.265093
0.0103848 0.0109795 0.0105132 0.0107748
rap1.2-2.4_pT6.5-30.0_cent10.0-60.0
10043.7
2742.66 2502.14 2398.17 2405.96
61.3739 58.1988 56.7099 56.0838
7030.9
2248.36 1873.86 1527.84 1370.04
57.2053 52.5247 48.4321 45.9295
7429.28
2092.98 1853.57 1801.24 1684.31
57.3183 56.7476 54.1226 51.499
2614.39
649.683 648.567 596.93 721.649
36.0995 39.8636 36.2524 37.3314
0.260303
0.23688 0.259205 0.24891 0.299942
0.0120476 0.014747 0.0139237 0.0138517
rap1.6-2.4_pT3.0-6.5_cent0.0-100.0
43875.8
11905.8 11084.5 10322.7 10580.6
181.83 179.259 173.39 172.043
242676.0
63909.0 61866.1 60157.4 56709.4
291.519 287.813 282.525 275.053
37658.5
10279.5 9485.83 8758.91 8594.04
180.687 177.93 178.228 170.62
6217.31
1626.26 1598.67 1563.77 1986.51
92.833 93.7786 103.971 103.087
0.141703
0.136594 0.144225 0.151489 0.187751
0.00751306 0.00813248 0.00974534 0.00925243
rap1.6-2.4_pT3.0-6.5_cent10.0-60.0
26079.2
7394.18 5927.4 6404.41 6368.26
132.104 124.937 123.252 122.286
101861.0
28023.9 27010.6 24031.6 22756.7
195.067 191.466 181.086 176.968
22079.3
6615.6 4744.38 5325.58 5437.32
133.384 119.091 124.012 119.124
3999.93
778.583 1183.02 1078.84 930.948
63.3633 69.3122 72.8417 60.0727
0.153376
0.105297 0.199585 0.168452 0.146185
0.0083603 0.0109106 0.0109019 0.00900578
rap1.6-2.4_pT6.5-30.0_cent0.0-100.0
9017.3
2310.38 2221.66 2249.19 2239.31
59.1787 56.7223 56.8995 55.5565
7938.52
2538.61 2053.49 1782.78 1558.7
61.0765 55.2203 52.642 49.0501
6845.64
1775.76 1689.35 1752.44 1681.45
56.2531 54.1856 54.1162 51.7424
2171.65
534.623 532.315 496.755 557.861
35.82 35.503 33.4829 33.5946
0.240832
0.2314 0.239602 0.220859 0.249122
0.0143262 0.0147631 0.0137984 0.0136699
rap1.6-2.4_pT6.5-30.0_cent10.0-60.0
5785.87
1534.34 1444.7 1406.73 1401.35
46.794 44.4228 44.215 43.4601
4181.11
1352.5 1035.28 937.225 848.635
44.8092 39.5476 38.5425 36.5526
4158.81
1184.36 1095.54 1020.32 969.143
44.4401 44.6786 41.4652 39.8436
1627.05
349.987 349.16 386.411 432.206
28.0032 31.2515 28.9553 29.3907
0.281212
0.228102 0.241683 0.274687 0.308421
0.0168731 0.0203152 0.0186852 0.018665
