v2W_signalCB3WN_Eff3_binv0
rap	pT	cent	dPhi	ctauErrMin	ctauErrMax	NoCutEntry	CutEntry	NSig	NSigErr	NBkg	NBkgErr	coefExp	coefExpErr	coefPol1	coefPol1Err	coeffGaus	coeffGausErr	meanSig1	meanSig1Err	sigmaSig1	sigmaSig1Err	sigmaSig2	sigmaSig2Err	sigmaSig3	sigmaSig3Err	alpha	alphaErr	enne	enneErr	enneW	enneWErr	sigWidth	sigWidthErr	Gmc	GmcErr	bTau	bTauErr	fracRes	fracResErr	meanResSigW	meanResSigWErr	meanResSigN	meanResSigNErr	sigmaResSigW	sigmaResSigWErr	sigmaResSigN	sigmaResSigNErr	fpm	fpmErr	fLiving	fLivingErr	fbkgCtTot	fbkgCtTotErr	lambdam	lambdamErr	lambdap	lambdapErr	lambdasym	lambdasymErr	NLL	nFitPar	EDM	NLLMass	nFitParMass	EDMMass	Prob	PROMPT	PROMPTErr	NON-PROMPT	NON-PROMPTErr	Bfraction	BfractionErr	Resolution	ResolutionErr	
0.0-1.2	6.5-30.0	0.0-100.0	0.000-0.393	0.008	0.088	5690.0	5686.0	3716.96	66.5282	1968.89	51.75	0.398158	0.0902918	-0.05	0.0	0.1	0.0	3.09343	0.0	0.005	0.0	0.03	0.0	0.0247192	0.0	1.492	0.0	5.0	0.0	1.733	0.0	0.0247192	0.0	3.25814e-05	0.000295869	0.412141	0.0130067	0.501962	0.181306	-0.00129914	0.00300691	0.00141126	0.000848828	1.52034	0.12883	0.75684	0.0232068	0.879276	0.119797	0.634566	0.322724	0.577914	0.309768	0.204095	0.0557481	0.240961	0.0196733	0.0706622	0.179042	-9530.97	4.0	2.48917e-06	-48623.3	3.0	1.16965e-05	1.0	2424.02	56.735	1292.94	43.2669	0.347849	0.00983544	1202.3	77.3381	
0.0-1.2	6.5-30.0	0.0-100.0	0.000-1.571	0.008	0.105	21342.0	21337.0	13559.4	129.758	7777.15	105.144	0.0940593	0.0450331	-0.05	0.0	0.1	0.0	3.09343	0.000266136	0.005	0.0	0.03	0.0	0.0247192	0.000248321	1.492	0.0	5.0	0.0	1.733	0.0	0.0247192	0.000248321	1.16782e-05	0.000130175	0.394944	0.00693677	0.282557	0.19576	0.00228371	0.00264771	0.000394588	0.000366039	1.58042	0.170805	0.884396	0.0107431	0.650793	0.0215514	0.927736	0.0138404	0.515541	0.0165584	0.0705508	2.3121e-09	0.256594	0.0119091	0.467312	0.0745419	-35448.6	4.0	1.04004e-07	-209968.0	5.0	2.8107e-05	1.0	9179.63	112.085	4379.76	81.2583	0.323006	0.00513407	1125.57	81.9841	
0.0-1.2	6.5-30.0	0.0-100.0	0.393-0.785	0.008	0.096	5564.0	5562.0	3491.1	64.4821	2070.9	52.3234	-0.0259423	0.0869419	-0.05	0.0	0.1	0.0	3.09343	0.0	0.005	0.0	0.03	0.0	0.0247192	0.0	1.492	0.0	5.0	0.0	1.733	0.0	0.0247192	0.0	2.67292e-05	0.00233575	0.388062	0.0133155	0.127168	0.584266	0.00999903	0.0216801	-0.0023656	0.000678485	1.49685	0.452055	0.988012	0.0210588	0.749404	0.348715	0.733083	0.8035	0.359166	0.04882	0.070663	0.045325	0.17655	0.0281018	0.0705917	3.90675e-07	-9465.59	4.0	2.26101e-05	-47164.8	3.0	3.94426e-06	1.0	2384.12	56.6378	1106.99	41.0703	0.317088	0.0102028	1066.28	178.046	
0.0-1.2	6.5-30.0	0.0-100.0	0.785-1.178	0.008	0.08	5317.0	5312.0	3396.7	63.5686	1915.3	50.5925	0.129999	0.0907528	-0.05	0.0	0.1	0.0	3.09343	0.0	0.005	0.0	0.03	0.0	0.0247192	0.0	1.492	0.0	5.0	0.0	1.733	0.0	0.0247192	0.0	4.7042e-05	0.000197635	0.45546	0.0158483	0.205787	0.168928	0.00506329	0.00588939	8.60444e-05	0.000664559	1.73483	0.294288	0.877824	0.0185886	0.791586	0.776465	0.554295	0.224637	0.472772	0.083774	0.0704509	0.109492	0.410911	0.0362339	0.0975967	0.0311486	-8446.18	4.0	3.65211e-06	-44963.5	3.0	3.27035e-07	1.0	2246.69	54.3946	1150.01	40.6703	0.338567	0.0101596	1109.66	97.6569	
0.0-1.2	6.5-30.0	0.0-100.0	1.178-1.571	0.008	0.088	4770.0	4767.0	2948.13	59.5568	1818.75	49.1703	-0.136634	0.0926238	-0.05	0.0	0.1	0.0	3.09343	0.0	0.005	0.0	0.03	0.0	0.0247192	0.0	1.492	0.0	5.0	0.0	1.733	0.0	0.0247192	0.0	3.78287e-05	0.000218777	0.275208	0.0114265	0.083253	0.655744	-0.00048919	0.0163992	0.000934956	0.000703015	1.84756	1.50756	1.00398	0.020878	0.667658	0.0514972	0.826469	0.0375554	0.512183	0.034064	0.0706022	2.99058e-07	0.319453	0.0325957	0.533476	0.0928707	-8164.85	4.0	6.78685e-07	-39601.3	3.0	3.33398e-05	1.0	2071.91	54.2975	876.226	38.8541	0.297214	0.0117321	1099.2	374.046	
0.0-1.2	6.5-30.0	10.0-60.0	0.000-0.393	0.008	0.073	3433.0	3428.0	2330.84	52.2847	1096.98	38.7267	0.31135	0.121051	-0.05	0.0	0.1	0.0	3.09343	0.0	0.005	0.0	0.03	0.0	0.0248147	0.0	1.492	0.0	5.0	0.0	1.733	0.0	0.0248147	0.0	1.10004e-05	0.000671606	0.375121	0.0151947	0.282557	0.0	0.00228371	0.0	-0.00118665	0.000876967	1.58042	0.0	0.885399	0.0250158	0.745772	0.0604291	0.999986	0.780026	0.602791	0.0405405	0.0705421	1.86929e-08	0.201524	0.0185238	0.072555	4.26962e-05	-6218.63	4.0	2.11953e-05	-27795.4	3.0	2.8965e-05	1.0	1533.61	45.0259	797.227	34.1126	0.342035	0.0124631	1126.13	7.05538	
0.0-1.2	6.5-30.0	10.0-60.0	0.000-1.571	0.008	0.105	12921.0	12916.0	8834.92	103.242	4081.32	76.8465	0.115725	0.0625432	-0.05	0.0	0.1	0.0	3.09343	0.0	0.005	0.0	0.03	0.0	0.0248147	0.000298973	1.492	0.0	5.0	0.0	1.733	0.0	0.0248147	0.000298973	1.16782e-05	0.000130175	0.417377	0.00904746	0.282557	0.0	0.00228371	0.0	-0.000596478	0.000445917	1.58042	0.0	0.856955	0.0128291	0.667145	0.0282751	0.918243	0.0167881	0.494631	0.0214475	0.0705216	1.56178e-09	0.289193	0.0173341	0.567237	0.0963341	-22419.5	4.0	2.47996e-07	-121959.0	4.0	4.19667e-05	1.0	5975.66	88.9801	2859.26	64.48	0.323632	0.00624203	1110.23	3.55219	
0.0-1.2	6.5-30.0	10.0-60.0	0.393-0.785	0.008	0.073	3449.0	3447.0	2364.62	52.4658	1082.37	38.3452	0.194955	0.121624	-0.05	0.0	0.1	0.0	3.09343	0.0	0.005	0.0	0.03	0.0	0.0248147	0.0	1.492	0.0	5.0	0.0	1.733	0.0	0.0248147	0.0	1.70432e-05	0.00459144	0.433387	0.0185443	0.282557	0.0	0.00228371	0.0	-0.00154828	0.000860376	1.58042	0.0	0.848916	0.025489	0.646075	0.0974872	0.999995	1.34905	0.354763	0.106813	0.07057	1.79528e-08	0.168605	0.023191	0.072697	45.2816	-6338.29	4.0	4.53757e-05	-28015.5	3.0	2.40191e-07	1.0	1669.05	46.2914	695.574	31.7753	0.294159	0.0117463	1105.79	7.01942	
0.0-1.2	6.5-30.0	10.0-60.0	0.785-1.178	0.008	0.064	3139.0	3132.0	2188.6	50.4672	943.376	36.0786	0.0158356	0.129941	-0.05	0.0	0.1	0.0	3.09343	0.0	0.005	0.0	0.03	0.0	0.0248147	0.0	1.492	0.0	5.0	0.0	1.733	0.0	0.0248147	0.0	1.55303e-05	0.000309325	0.514821	0.0214372	0.282557	0.0	0.00228371	0.0	0.000210324	0.000844317	1.58042	0.0	0.79445	0.0229172	0.985114	0.0550647	0.575069	0.0803988	0.5034	0.0456856	0.0707944	0.878379	0.550665	0.0510345	0.107917	0.0204303	-5087.58	4.0	1.31548e-07	-25236.3	3.0	5.49223e-05	1.0	1411.12	42.3618	777.487	32.5138	0.355243	0.0123934	1076.37	6.06772	
0.0-1.2	6.5-30.0	10.0-60.0	1.178-1.571	0.008	0.064	2898.0	2893.0	1936.82	47.6997	956.174	35.9805	-0.102591	0.128471	-0.05	0.0	0.1	0.0	3.09343	0.0	0.005	0.0	0.03	0.0	0.0248147	0.0	1.492	0.0	5.0	0.0	1.733	0.0	0.0248147	0.0	1.05551e-05	0.000410668	0.31764	0.0150839	0.282557	0.0	0.00228371	0.0	-0.00210195	0.00100193	1.58042	0.0	0.85835	0.0285055	0.63537	0.0561817	0.744889	0.0433847	0.353515	0.0439187	0.0705318	4.20525e-07	0.169756	0.0250683	0.695715	0.0906259	-4956.92	4.0	1.03207e-06	-22889.8	3.0	5.94904e-08	1.0	1327.31	42.5228	609.514	31.0638	0.314698	0.0140416	1111.01	7.90013	
0.0-2.4	10.0-13.0	0.0-100.0	0.000-0.393	0.016	0.08	1692.0	1684.0	1259.65	38.3312	424.354	25.1794	0.476891	0.200615	-0.05	0.0	0.1	0.0	3.09243	0.0	0.01	0.0	0.07	0.0	0.0310677	0.0	1.492	0.0	5.0	0.0	1.733	0.0	0.0310677	0.0	1.00051e-05	0.0125341	0.346797	0.018622	0.270245	0.128633	-0.00998909	0.00318196	0.00182659	0.00111492	1.58141	0.172807	0.828643	0.0321159	0.821181	0.0542795	0.999982	1.14246	0.535209	0.0392462	0.12195	0.0261114	0.20108	0.0188135	0.14532	5.89739	-3203.03	4.0	5.44163e-07	-12544.5	3.0	3.11462e-07	1.0	819.552	32.7771	440.099	25.1344	0.349382	0.0168851	1084.86	64.2707	
0.0-2.4	10.0-13.0	0.0-100.0	0.000-1.571	0.008	0.136	6740.0	6738.0	5010.92	77.9252	1727.4	52.8091	-0.502584	0.0977408	-0.05	0.0	0.1	0.0	3.09243	0.000554701	0.01	0.0	0.07	0.0	0.0310677	0.000522906	1.492	0.0	5.0	0.0	1.733	0.0	0.0310677	0.000522906	1.25623e-05	9.06713e-05	0.392536	0.0107942	0.0553454	0.0788853	0.000212513	0.0144851	0.000181195	0.000520199	2.09412	0.553674	0.947906	0.0156396	0.891655	0.246579	0.765182	0.327951	0.345454	0.101839	0.070565	0.130119	0.300034	0.0212096	0.0724607	0.0860079	-11831.5	4.0	0.000112578	-59344.4	5.0	3.55408e-05	1.0	3283.49	66.8725	1727.43	50.8553	0.344733	0.00861744	1044.75	72.9397	
0.0-2.4	10.0-13.0	0.0-100.0	0.393-0.785	0.008	0.088	1739.0	1738.0	1326.03	39.0602	411.937	24.7293	-0.535518	0.200373	-0.05	0.0	0.1	0.0	3.09243	0.0	0.01	0.0	0.07	0.0	0.0310677	0.0	1.492	0.0	5.0	0.0	1.733	0.0	0.0310677	0.0	9.67596e-05	0.000320065	0.449091	0.0232389	0.905113	0.201076	0.00602278	0.00419437	-0.00634795	0.00361997	1.24083	0.0559838	0.6	0.0261245	0.859859	0.588973	1.0	0.150324	0.460604	0.635575	0.0704977	1.82378e-08	0.212023	0.256734	0.102123	64.9724	-3125.93	4.0	3.09225e-05	-13059.8	3.0	5.27578e-05	1.0	873.788	33.0531	452.24	24.6472	0.341049	0.0156384	1194.88	56.1754	
0.0-2.4	10.0-13.0	0.0-100.0	0.785-1.178	0.008	0.105	1671.0	1670.0	1233.93	37.9573	436.071	25.3553	-1.07839	0.198558	-0.05	0.0	0.1	0.0	3.09243	0.0	0.01	0.0	0.07	0.0	0.0310677	0.0	1.492	0.0	5.0	0.0	1.733	0.0	0.0310677	0.0	0.000150013	0.000368392	0.460977	0.0259519	0.0264505	0.0570749	-0.00999745	0.0190374	0.000914658	0.00112173	2.76374	1.36911	1.01278	0.0347059	0.83235	0.0588106	1.0	9.05896	0.303728	0.0730726	0.0705121	1.17157e-09	0.405345	0.0344655	0.0706275	84483.7	-2667.59	4.0	5.81669e-07	-12334.1	3.0	1.39322e-08	1.0	812.692	33.0154	421.24	25.1585	0.34138	0.0174766	1095.73	98.7137	
0.0-2.4	10.0-13.0	0.0-100.0	1.178-1.571	0.008	0.088	1635.0	1619.0	1187.32	37.4598	431.659	25.4474	-0.823641	0.195971	-0.05	0.0	0.1	0.0	3.09243	0.0	0.01	0.0	0.07	0.0	0.0310677	0.0	1.492	0.0	5.0	0.0	1.733	0.0	0.0310677	0.0	4.2601e-05	0.000476275	0.333392	0.0201935	0.72641	0.161382	0.00313713	0.00293527	0.0017576	0.00226926	1.44557	0.102068	0.630857	0.0564089	0.999999	6.97229	0.620455	0.0827663	0.286554	0.0524119	0.0706015	15.1343	0.28329	0.0253242	0.0706264	0.014014	-2911.1	4.0	4.9131e-05	-11886.6	3.0	5.5044e-06	1.0	823.925	33.092	363.397	23.4691	0.306064	0.0172473	1275.48	68.1417	
0.0-2.4	10.0-13.0	10.0-60.0	0.000-0.393	0.016	0.08	1107.0	1101.0	833.795	31.1956	267.171	20.1618	0.490172	0.253323	-0.05	0.0	0.1	0.0	3.09243	0.0	0.01	0.0	0.07	0.0	0.0314008	0.0	1.492	0.0	5.0	0.0	1.733	0.0	0.0314008	0.0	1.00051e-05	0.0125341	0.294511	0.0192397	0.0553454	0.0	0.000212513	0.0	-0.000193758	0.00112963	2.09412	0.0	0.861385	0.0324533	0.83441	0.0808022	0.999978	0.884351	0.530039	0.0828732	0.134308	0.0595622	0.220094	0.0350259	0.151568	3.17863	-2128.56	4.0	5.29429e-06	-7741.7	3.0	1.61209e-05	1.0	523.468	26.5963	310.327	21.4148	0.372187	0.021581	971.405	13.5925	
0.0-2.4	10.0-13.0	10.0-60.0	0.000-1.571	0.008	0.136	4360.0	4358.0	3328.89	62.9857	1029.08	40.8354	-0.626026	0.127326	-0.05	0.0	0.1	0.0	3.09243	0.0	0.01	0.0	0.07	0.0	0.0314008	0.00062463	1.492	0.0	5.0	0.0	1.733	0.0	0.0314008	0.00062463	1.25623e-05	9.06713e-05	0.43076	0.0141915	0.0553454	0.0	0.000212513	0.0	0.000387647	0.000636232	2.09412	0.0	0.938393	0.0188531	0.999626	0.558202	0.574385	0.0977882	0.243299	0.0415557	0.0705441	0.758429	0.335676	0.0186179	0.0705524	0.00733115	-7544.09	4.0	5.94758e-06	-36669.1	4.0	6.07003e-07	1.0	2154.95	53.3959	1173.94	41.0123	0.352653	0.0103568	1036.61	8.06116	
0.0-2.4	10.0-13.0	10.0-60.0	0.393-0.785	0.016	0.088	1116.0	1114.0	887.556	31.745	226.436	18.6176	-0.756663	0.273005	-0.05	0.0	0.1	0.0	3.09243	0.0	0.01	0.0	0.07	0.0	0.0314008	0.0	1.492	0.0	5.0	0.0	1.733	0.0	0.0314008	0.0	9.67596e-05	0.000320065	0.499775	0.0307037	0.0553454	0.0	0.000212513	0.0	-0.0003061	0.00119911	2.09412	0.0	0.931989	0.0376537	0.727976	0.0723961	0.999943	1.48579	0.303643	0.0607153	0.0704911	1.5701e-08	0.184651	0.0226098	0.0707105	5.09314	-2030.24	4.0	7.37505e-05	-7968.75	3.0	6.63395e-06	1.0	566.388	26.6278	321.169	20.7513	0.361857	0.0194712	1031.13	16.0748	
0.0-2.4	10.0-13.0	10.0-60.0	0.785-1.178	0.016	0.105	1104.0	1103.0	849.138	31.1476	253.865	19.3628	-1.32385	0.26604	-0.05	0.0	0.1	0.0	3.09243	0.0	0.01	0.0	0.07	0.0	0.0314008	0.0	1.492	0.0	5.0	0.0	1.733	0.0	0.0314008	0.0	0.000150013	0.000368392	0.552056	0.0349262	0.0553454	0.0	0.000212513	0.0	9.35207e-05	0.00138723	2.09412	0.0	1.05118	0.0407507	0.999999	0.0831588	0.960296	0.0438692	0.39928	0.058156	0.0706165	4.66263e-05	0.490331	0.0552142	0.215781	0.228366	-1711.56	4.0	6.64169e-06	-7769.99	3.0	8.37294e-08	1.0	539.352	26.1799	309.786	20.5693	0.364824	0.0201917	1134.25	17.8379	
0.0-2.4	10.0-13.0	10.0-60.0	1.178-1.571	0.016	0.056	1032.0	1004.0	738.803	29.3958	265.207	19.7618	-0.935838	0.251441	-0.05	0.0	0.1	0.0	3.09243	0.0	0.01	0.0	0.07	0.0	0.0314008	0.0	1.492	0.0	5.0	0.0	1.733	0.0	0.0314008	0.0	5.58531e-05	0.000456735	0.326184	0.0242902	0.0553454	0.0	0.000212513	0.0	0.00228645	0.0014356	2.09412	0.0	1.02711	0.0413847	0.999997	4.79281	0.62344	0.0339651	0.258219	0.0214827	0.0706914	4.45154	0.274664	0.0118824	0.0715663	0.00637181	-1799.63	4.0	2.54979e-06	-6894.98	3.0	1.29695e-06	1.0	496.203	26.026	242.599	19.5125	0.328368	0.0229529	1113.23	18.035	
0.0-2.4	10.0-30.0	0.0-100.0	0.000-0.393	0.008	0.088	2722.0	2717.0	2046.59	48.82	670.4	31.7364	0.270717	0.158191	-0.05	0.0	0.1	0.0	3.09351	0.0	0.01	0.0	0.07	0.0	0.0311234	0.0	1.492	0.0	5.0	0.0	1.733	0.0	0.0311234	0.0	2.70146e-05	0.00458685	0.411273	0.0162924	0.4173	0.695008	-0.00292619	0.00669808	0.00189111	0.0010216	1.43528	0.240682	0.795164	0.0308101	0.846165	0.267452	1.0	96.7546	0.517559	0.190812	0.105377	0.0723449	0.238853	0.0513857	0.0705722	111968.0	-4808.65	4.0	0.000118269	-21560.3	3.0	6.66315e-07	1.0	1254.59	40.4185	792.004	33.09	0.386987	0.013274	1108.19	233.202	
0.0-2.4	10.0-30.0	0.0-100.0	0.000-1.571	0.008	0.136	10411.0	10409.0	7786.49	97.1078	2622.87	65.3172	-0.50432	0.0794207	-0.05	0.0	0.1	0.0	3.09351	0.000443768	0.01	0.0	0.07	0.0	0.0311234	0.000422146	1.492	0.0	5.0	0.0	1.733	0.0	0.0311234	0.000422146	1.01973e-05	0.00191321	0.369271	0.00797101	0.0473596	0.058793	-0.000901407	0.00750486	0.000182235	0.000396952	2.0393	0.463163	0.964894	0.0128626	0.916466	2.43716	0.81738	12.8531	0.365585	2.54545	0.0707187	1.89302e-07	0.3025	0.357832	0.0705497	0.965103	-18490.8	4.0	2.87831e-07	-96299.4	5.0	3.75367e-05	1.0	4942.24	82.4747	2844.25	65.2784	0.36528	0.00703783	1041.1	50.6983	
0.0-2.4	10.0-30.0	0.0-100.0	0.393-0.785	0.008	0.105	2664.0	2662.0	1994.51	48.1476	667.322	31.4771	-0.474751	0.156903	-0.05	0.0	0.1	0.0	3.09351	0.0	0.01	0.0	0.07	0.0	0.0311234	0.0	1.492	0.0	5.0	0.0	1.733	0.0	0.0311234	0.0	3.35672e-05	0.000225803	0.388915	0.0166469	0.896102	0.170491	0.00449012	0.0031336	-0.00572821	0.0027096	1.22675	0.0429112	0.6	0.0174477	0.84003	0.063905	0.99808	0.5505	0.46805	0.0580375	0.0704573	1.08166e-08	0.212966	0.0166407	0.0706117	4.76141	-4933.08	4.0	2.72156e-07	-21018.5	3.0	0.000112001	1.0	1326.84	41.0379	667.668	30.2979	0.334753	0.0128629	1177.27	46.0415	
0.0-2.4	10.0-30.0	0.0-100.0	0.785-1.178	0.008	0.105	2513.0	2512.0	1867.32	46.5181	644.69	30.6808	-1.10097	0.163336	-0.05	0.0	0.1	0.0	3.09351	0.0	0.01	0.0	0.07	0.0	0.0311234	0.0	1.492	0.0	5.0	0.0	1.733	0.0	0.0311234	0.0	2.54104e-05	0.00458759	0.378343	0.0174655	0.0657857	0.0838022	-0.00690936	0.0141205	0.00104102	0.000842952	2.24771	0.605703	0.976195	0.0277583	0.832472	0.0304557	0.999959	4.9002	0.296607	0.0364921	0.0704881	9.2316e-09	0.406585	0.0181894	0.0954377	24.0158	-4317.32	4.0	1.52747e-05	-19654.5	3.0	8.9181e-08	1.0	1216.87	40.4829	650.448	31.3444	0.348333	0.0143688	1105.73	88.3396	
0.0-2.4	10.0-30.0	0.0-100.0	1.178-1.571	0.008	0.105	2510.0	2499.0	1875.79	46.8926	623.131	30.7612	-0.740366	0.16321	-0.05	0.0	0.1	0.0	3.09351	0.0	0.01	0.0	0.07	0.0	0.0311234	0.0	1.492	0.0	5.0	0.0	1.733	0.0	0.0311234	0.0	2.67457e-05	0.0796517	0.323732	0.0146409	0.69171	0.183498	0.00100858	0.00227545	0.00158651	0.00166425	1.41522	0.0994536	0.674074	0.0475326	1.0	0.0107493	0.751822	0.408029	0.300592	0.327353	0.100445	0.0106833	0.277131	0.0490562	0.0705656	0.115788	-4499.8	4.0	3.55046e-07	-19513.5	3.0	1.65035e-05	1.0	1219.48	40.6087	656.309	31.4464	0.349884	0.0143017	1235.1	69.8371	
0.0-2.4	10.0-30.0	10.0-60.0	0.000-0.393	0.008	0.088	1770.0	1765.0	1362.77	39.7721	402.21	24.9257	0.232757	0.205166	-0.05	0.0	0.1	0.0	3.09351	0.0	0.01	0.0	0.07	0.0	0.0313057	0.0	1.492	0.0	5.0	0.0	1.733	0.0	0.0313057	0.0	2.70146e-05	0.00458685	0.423743	0.0204857	0.0473596	0.0	-0.000901407	0.0	0.000156387	0.000859392	2.0393	0.0	0.896605	0.0266592	0.877428	0.0536615	0.999997	3.15066	0.492328	0.0612684	0.120681	0.045429	0.236529	0.0278321	0.0706415	1.87924e-09	-3250.39	4.0	1.84331e-07	-13304.1	3.0	7.56177e-07	1.0	834.055	32.8404	528.712	26.9085	0.387969	0.0161765	981.216	11.6033	
0.0-2.4	10.0-30.0	10.0-60.0	0.000-1.571	0.008	0.136	6748.0	6746.0	5165.7	78.6075	1580.2	50.9307	-0.549657	0.102682	-0.05	0.0	0.1	0.0	3.09351	0.0	0.01	0.0	0.07	0.0	0.0313057	0.000510512	1.492	0.0	5.0	0.0	1.733	0.0	0.0313057	0.000510512	1.01973e-05	0.00191321	0.412585	0.0108201	0.0473596	0.0	-0.000901407	0.0	0.000236868	0.000481881	2.0393	0.0	0.958694	0.0155686	0.967787	0.722114	0.679561	0.374855	0.306974	0.242948	0.0706781	2.60014e-05	0.332864	0.0300016	0.0706007	0.052496	-11960.0	4.0	4.79723e-05	-59748.2	4.0	3.12508e-06	1.0	3287.12	66.2177	1878.58	51.9606	0.363663	0.00839966	1035.63	6.86478	
0.0-2.4	10.0-30.0	10.0-60.0	0.393-0.785	0.008	0.105	1697.0	1695.0	1314.09	38.8826	380.876	24.0537	-0.511018	0.20884	-0.05	0.0	0.1	0.0	3.09351	0.0	0.01	0.0	0.07	0.0	0.0313057	0.0	1.492	0.0	5.0	0.0	1.733	0.0	0.0313057	0.0	3.35672e-05	0.000225803	0.42239	0.0221346	0.0473596	0.0	-0.000901407	0.0	-0.000341633	0.000920686	2.0393	0.0	0.954716	0.0312344	0.763824	0.158575	0.762002	0.246923	0.305894	0.0809192	0.0704661	1.60788e-08	0.208658	0.0279034	0.0707057	2.15624e-06	-3203.28	4.0	3.1921e-06	-12726.5	3.0	6.53773e-05	1.0	861.249	33.2714	452.845	25.2413	0.344606	0.0162783	1032.12	13.7618	
0.0-2.4	10.0-30.0	10.0-60.0	0.785-1.178	0.008	0.105	1648.0	1647.0	1254.6	37.8747	392.401	23.923	-1.17932	0.211148	-0.05	0.0	0.1	0.0	3.09351	0.0	0.01	0.0	0.07	0.0	0.0313057	0.0	1.492	0.0	5.0	0.0	1.733	0.0	0.0313057	0.0	2.54104e-05	0.00458759	0.453998	0.0244236	0.0473596	0.0	-0.000901407	0.0	0.000529676	0.00101797	2.0393	0.0	1.017	0.0331459	0.910075	0.0702637	0.999994	0.738507	0.360946	0.0681859	0.0784662	0.0427235	0.495794	0.0434269	0.14298	6.29372	-2746.3	4.0	2.9113e-05	-12260.7	3.0	2.51137e-07	1.0	806.911	32.1879	447.692	25.0068	0.35684	0.0167702	1087.32	14.767	
0.0-2.4	10.0-30.0	10.0-60.0	1.178-1.571	0.008	0.08	1631.0	1612.0	1223.01	37.6514	388.933	24.1569	-0.725581	0.20684	-0.05	0.0	0.1	0.0	3.09351	0.0	0.01	0.0	0.07	0.0	0.0313057	0.0	1.492	0.0	5.0	0.0	1.733	0.0	0.0313057	0.0	1.00138e-05	0.000350061	0.342452	0.0183575	0.0473596	0.0	-0.000901407	0.0	0.00116238	0.00109259	2.0393	0.0	1.03631	0.0343931	0.998775	8.55099	0.783969	0.77078	0.372002	0.35806	0.0711415	1.57103e-06	0.254825	0.0678434	0.0705138	1.31412e-08	-2893.76	4.0	4.49007e-07	-11913.6	3.0	7.92224e-06	1.0	765.169	32.4332	457.839	26.3756	0.374355	0.0182285	1104.55	15.37	
0.0-2.4	13.0-30.0	0.0-100.0	0.000-0.393	0.008	0.064	1030.0	1026.0	792.213	30.2546	233.772	18.8923	-0.09529	0.265986	-0.05	0.0	0.1	0.0	3.09547	0.0	0.01	0.0	0.07	0.0	0.031219	0.0	1.492	0.0	5.0	0.0	1.733	0.0	0.031219	0.0	0.000100096	0.000341831	0.485106	0.0280827	0.858188	0.20333	0.00132389	0.00290195	0.0013591	2.16597e-08	1.21927	0.0856541	0.660939	0.114503	0.935003	0.0694379	0.984276	0.156454	0.497792	0.0569815	0.0704424	1.0413e-08	0.301823	0.0427019	0.0704463	1.98473e-08	-1647.34	4.0	0.569804	-7177.67	3.0	5.40813e-07	1.0	433.642	23.5231	358.571	21.6009	0.45262	0.0210873	1156.61	60.4264	
0.0-2.4	13.0-30.0	0.0-100.0	0.000-1.571	0.008	0.105	3671.0	3671.0	2777.24	57.9826	893.747	38.4513	-0.510571	0.136321	-0.05	0.0	0.1	0.0	3.09547	0.00074266	0.01	0.0	0.07	0.0	0.031219	0.000721261	1.492	0.0	5.0	0.0	1.733	0.0	0.031219	0.000721261	2.10356e-05	0.0045896	0.331706	0.0115866	0.0347602	0.122355	-0.00537756	0.015369	0.000227886	0.000617354	1.80759	0.989032	0.991983	0.022287	0.907033	0.0911182	0.989504	0.539246	0.40561	0.0613358	0.0710234	0.0196596	0.307531	0.0253549	0.070786	4.06695	-6691.68	4.0	1.35496e-05	-30204.8	5.0	5.7205e-07	1.0	1657.28	48.2603	1119.96	40.9708	0.403265	0.012114	1031.21	74.849	
0.0-2.4	13.0-30.0	0.0-100.0	0.393-0.785	0.008	0.064	924.0	917.0	666.409	28.104	250.543	19.338	-0.309737	0.254042	-0.05	0.0	0.1	0.0	3.09547	0.0	0.01	0.0	0.07	0.0	0.031219	0.0	1.492	0.0	5.0	0.0	1.733	0.0	0.031219	0.0	1.12306e-05	0.00159264	0.253634	0.0196173	0.703851	0.324382	0.00687232	0.0111474	-0.00834712	0.00210737	1.16624	0.0727715	0.665503	0.0729389	0.813324	0.125861	1.0	0.09811	0.470625	0.11249	0.0705464	1.76934e-07	0.201173	0.0363745	0.109036	0.000777267	-1829.98	4.0	1.15481e-07	-6196.45	3.0	4.05443e-05	1.0	448.266	24.3716	218.143	17.923	0.327341	0.0230816	1043.3	77.1363	
0.0-2.4	13.0-30.0	0.0-100.0	0.785-1.178	0.008	0.056	842.0	828.0	619.68	26.5991	208.322	17.2098	-1.1435	0.286147	-0.05	0.0	0.1	0.0	3.09547	0.0	0.01	0.0	0.07	0.0	0.031219	0.0	1.492	0.0	5.0	0.0	1.733	0.0	0.031219	0.0	3.98792e-05	0.000279455	0.22274	0.0169153	0.0591112	0.0890247	-0.00987308	0.0151467	0.000358812	0.00126827	2.19428	0.854214	0.948405	0.0459189	0.999338	18.29	0.750724	1.29514	0.280907	0.203069	0.0704991	8.35389e-09	0.441839	0.162095	0.0705196	2.04228e-06	-1655.94	4.0	6.33751e-05	-5606.64	3.0	5.15947e-08	1.0	380.668	23.3613	239.012	19.5964	0.385703	0.0269434	1063.45	98.9928	
0.0-2.4	13.0-30.0	0.0-100.0	1.178-1.571	0.008	0.08	875.0	873.0	684.991	28.1242	187.976	17.145	-0.605331	0.297446	-0.05	0.0	0.1	0.0	3.09547	0.0	0.01	0.0	0.07	0.0	0.031219	0.0	1.492	0.0	5.0	0.0	1.733	0.0	0.031219	0.0	1.03545e-05	0.00459451	0.311711	0.0209778	0.858094	0.102806	-0.0014856	0.00231549	0.00318532	0.00457648	1.25528	0.0777394	0.600011	0.280746	1.0	0.323499	0.999999	29.6636	0.307965	0.156003	0.0710371	1193.55	0.272771	0.0462378	0.0709604	74827.1	-1594.36	4.0	6.7433e-05	-5957.86	3.0	8.09878e-06	1.0	393.094	23.1418	291.898	20.4619	0.426133	0.0242117	1184.57	45.2418	
0.0-2.4	13.0-30.0	10.0-60.0	0.000-0.393	0.008	0.064	663.0	659.0	531.804	24.6473	127.163	14.2421	-0.380963	0.364087	-0.05	0.0	0.1	0.0	3.09547	0.0	0.01	0.0	0.07	0.0	0.030954	0.0	1.492	0.0	5.0	0.0	1.733	0.0	0.030954	0.0	0.000100096	0.000341831	0.572265	0.0407118	0.0347602	0.0	-0.00537756	0.0	0.000808494	0.00135767	1.80759	0.0	0.958926	0.0462039	0.963112	0.074959	0.960427	0.115261	0.54065	0.0707396	0.0704517	1.18266e-08	0.295758	0.0535174	0.0707095	0.000278633	-1163.43	4.0	0.000129537	-4373.99	3.0	2.67466e-05	1.0	298.843	19.3795	232.961	17.3293	0.438058	0.0254882	1000.58	21.3707	
0.0-2.4	13.0-30.0	10.0-60.0	0.000-1.571	0.008	0.08	2388.0	2382.0	1831.34	46.9623	550.596	30.4111	-0.414095	0.173554	-0.05	0.0	0.1	0.0	3.09547	0.0	0.01	0.0	0.07	0.0	0.030954	0.000884617	1.492	0.0	5.0	0.0	1.733	0.0	0.030954	0.000884617	1.04426e-05	0.00602457	0.381979	0.0166097	0.0347602	0.0	-0.00537756	0.0	0.000169391	0.000742231	1.80759	0.0	0.984823	0.0272902	0.887381	0.137322	0.880705	0.244506	0.361994	0.0866248	0.0706027	1.67723e-06	0.329359	0.042621	0.0704901	9.84459e-09	-4421.28	4.0	8.05538e-05	-18647.6	4.0	3.05364e-06	1.0	1129.41	39.0711	701.929	31.8079	0.383287	0.01432	1024.57	12.6599	
0.0-2.4	13.0-30.0	10.0-60.0	0.393-0.785	0.008	0.064	581.0	579.0	423.584	22.3796	155.389	15.253	-0.159755	0.322733	-0.05	0.0	0.1	0.0	3.09547	0.0	0.01	0.0	0.07	0.0	0.030954	0.0	1.492	0.0	5.0	0.0	1.733	0.0	0.030954	0.0	1.12306e-05	0.00159264	0.214643	0.0218324	0.0347602	0.0	-0.00537756	0.0	-0.000829416	0.00146408	1.80759	0.0	0.979143	0.0546586	0.665631	0.350394	0.999824	0.095741	0.376324	0.236612	0.070569	2.73676e-08	0.213316	0.037813	0.070452	2.57588e-08	-1200.81	4.0	1.75611e-06	-3656.59	3.0	2.8601e-05	1.0	283.351	20.2229	140.233	15.4836	0.331062	0.0320971	1019.3	25.3401	
0.0-2.4	13.0-30.0	10.0-60.0	0.785-1.178	0.012	0.044	544.0	528.0	394.276	21.2016	133.725	13.7463	-1.00516	0.354248	-0.05	0.0	0.1	0.0	3.09547	0.0	0.01	0.0	0.07	0.0	0.030954	0.0	1.492	0.0	5.0	0.0	1.733	0.0	0.030954	0.0	1.72143e-05	0.000568696	0.231592	0.022495	0.0347602	0.0	-0.00537756	0.0	-0.000452048	0.00152366	1.80759	0.0	0.962701	0.0588605	0.996107	0.999375	0.722358	0.151109	0.181529	0.0445572	0.070585	1.14834	0.513312	0.0386835	0.0704969	0.0214226	-1036.91	4.0	1.13061e-06	-3333.63	3.0	1.01897e-07	1.0	252.471	18.5823	141.805	14.8032	0.359659	0.0321808	1004.07	27.2369	
0.0-2.4	13.0-30.0	10.0-60.0	1.178-1.571	0.008	0.08	599.0	597.0	472.486	23.2729	124.514	13.9162	-0.295942	0.363498	-0.05	0.0	0.1	0.0	3.09547	0.0	0.01	0.0	0.07	0.0	0.030954	0.0	1.492	0.0	5.0	0.0	1.733	0.0	0.030954	0.0	1.03545e-05	0.00459451	0.367155	0.0285964	0.0347602	0.0	-0.00537756	0.0	-0.00149838	0.00160626	1.80759	0.0	0.971611	0.0561417	1.0	0.0199806	1.0	0.0354813	0.280658	0.0767903	0.0704519	2.92108e-08	0.191767	0.0297672	0.0794226	2.82167	-1085.96	4.0	7.71837e-06	-3865.02	3.0	1.81663e-09	1.0	263.756	19.0772	208.73	17.3454	0.44177	0.0295668	1012.32	26.0056	
0.0-2.4	6.5-10.0	0.0-100.0	0.000-0.393	0.016	0.152	11201.0	11191.0	5668.99	87.5968	5521.83	86.7528	0.0530341	0.0530465	-0.05	0.0	0.1	0.0	3.09232	0.0	0.1	0.0	0.03	0.0	0.0331458	0.0	1.492	0.0	5.0	0.0	1.733	0.0	0.0331458	0.0	8.57987e-05	0.0003048	0.336757	0.0107934	0.246489	0.0909252	0.00867425	0.0106227	0.00222634	0.000558632	1.87622	0.176527	0.914327	0.0127204	0.999996	0.139014	0.507039	0.0605121	0.682349	0.0276423	0.070441	2.35281e-08	0.238968	0.0160075	0.103861	0.013137	-16198.4	4.0	2.62051	-99041.6	3.0	4.70328e-06	1.0	4244.28	80.343	1424.71	51.3673	0.251316	0.00818679	1223.77	60.0936	
0.0-2.4	6.5-10.0	0.0-100.0	0.000-1.571	0.008	0.136	40317.0	40219.0	20931.6	175.772	19288.0	171.029	-0.027472	0.0284629	-0.05	0.0	0.1	0.0	3.09232	0.000312889	0.1	0.0	0.03	0.0	0.0331458	0.000318094	1.492	0.0	5.0	0.0	1.733	0.0	0.0331458	0.000318094	7.98293e-05	0.000176368	0.320759	0.00562475	0.239762	0.0893802	0.00620961	0.00335008	0.00263476	0.00030711	1.68264	0.117026	0.940126	0.00752516	0.600978	0.0202042	0.90542	0.0220361	0.617582	0.0121114	0.0706331	1.25935e-09	0.29157	0.00941212	0.298052	0.0462172	-56788.7	4.0	1.56972e-06	-408296.0	5.0	1.3973e-05	1.0	15608.2	159.144	5323.4	100.727	0.254323	0.00431234	1162.22	42.6588	
0.0-2.4	6.5-10.0	0.0-100.0	0.393-0.785	0.016	0.145	10562.0	10548.0	5311.26	84.6323	5236.75	84.1907	-0.208232	0.0544284	-0.05	0.0	0.1	0.0	3.09232	0.0	0.1	0.0	0.03	0.0	0.0331458	0.0	1.492	0.0	5.0	0.0	1.733	0.0	0.0331458	0.0	2.35595e-05	0.00458844	0.323254	0.0108601	0.518497	0.764936	0.0035218	0.00428896	0.00358486	0.00090661	1.41682	0.222188	0.858306	0.0224641	0.628938	0.0597837	0.852202	0.0347088	0.561071	0.0378388	0.0706839	0.0140519	0.230533	0.0143649	0.336197	0.0493683	-14229.2	4.0	4.19766e-05	-92713.9	3.0	9.11095e-06	1.0	3937.59	77.6565	1373.68	50.7239	0.258634	0.00861527	1181.33	217.025	
0.0-2.4	6.5-10.0	0.0-100.0	0.785-1.178	0.016	0.152	9732.0	9729.0	5251.84	83.5692	4477.08	78.7968	0.184236	0.0592051	-0.05	0.0	0.1	0.0	3.09232	0.0	0.1	0.0	0.03	0.0	0.0331458	0.0	1.492	0.0	5.0	0.0	1.733	0.0	0.0331458	0.0	6.88744e-05	0.000959106	0.404556	0.0130619	0.111526	0.0960542	0.00999997	0.016016	0.00126787	0.000553753	1.868	0.326587	0.964003	0.0136973	0.784227	0.310596	0.427	0.213039	0.52792	0.0460022	0.0708911	0.0713071	0.279521	0.026192	0.0814673	0.0160921	-13761.2	4.0	2.49647e-05	-85251.7	3.0	1.77128e-05	1.0	3860.78	75.1679	1391.06	48.6418	0.264871	0.0082473	1102.19	63.97	
0.0-2.4	6.5-10.0	0.0-100.0	1.178-1.571	0.016	0.152	8821.0	8816.0	4694.35	78.8389	4121.47	75.1181	-0.151562	0.061475	-0.05	0.0	0.1	0.0	3.09232	0.0	0.1	0.0	0.03	0.0	0.0331458	0.0	1.492	0.0	5.0	0.0	1.733	0.0	0.0331458	0.0	0.000188434	0.000544939	0.23445	0.0090337	0.374742	0.211643	0.00265475	0.00433016	0.00189098	0.000696259	1.50231	0.158008	0.808877	0.0174267	0.615367	0.0309818	0.871847	0.0290898	0.587722	0.0202646	0.0705961	1.93009e-09	0.473055	0.0255886	0.4346	0.0701527	-12658.1	4.0	1.79982e-05	-76291.2	3.0	2.20891e-05	1.0	3504.74	74.2798	1189.62	49.5192	0.253414	0.00965202	1120.21	85.5698	
0.0-2.4	6.5-10.0	10.0-60.0	0.000-0.393	0.016	0.152	6656.0	6654.0	3641.38	69.0304	3012.57	64.3157	0.0138606	0.0720257	-0.05	0.0	0.1	0.0	3.09232	0.0	0.1	0.0	0.03	0.0	0.0331565	0.0	1.492	0.0	5.0	0.0	1.733	0.0	0.0331565	0.0	8.57987e-05	0.0003048	0.287789	0.0112302	0.239762	0.0	0.00620961	0.0	0.00155339	0.00069242	1.68264	0.0	0.84298	0.0156375	0.56857	4.67168	0.646801	12.0468	0.50593	1.9824	0.0972403	3.3073	0.154488	0.167074	0.0704578	1.0091e-10	-10628.0	4.0	1.85855e-07	-55874.2	3.0	7.32233e-06	1.0	2692.81	63.4275	948.569	41.7192	0.260497	0.0103381	1104.12	4.53826	
0.0-2.4	6.5-10.0	10.0-60.0	0.000-1.571	0.008	0.16	23251.0	23248.0	13408.1	137.137	9839.34	123.441	-0.0239655	0.0399678	-0.05	0.0	0.1	0.0	3.09232	0.0	0.1	0.0	0.03	0.0	0.0331565	0.000385393	1.492	0.0	5.0	0.0	1.733	0.0	0.0331565	0.000385393	8.22954e-05	0.000174121	0.306389	0.0067915	0.239762	0.0	0.00620961	0.0	0.00119559	0.000382838	1.68264	0.0	0.901378	0.00914646	0.64539	0.0263778	0.889489	0.0190307	0.613385	0.0156318	0.0705187	1.96832e-09	0.263971	0.0117112	0.425298	0.0505171	-35651.0	4.0	1.38691e-06	-225343.0	4.0	0.000100515	1.0	9962.14	125.017	3445.99	80.5574	0.257008	0.00540254	1138.65	2.75227	
0.0-2.4	6.5-10.0	10.0-60.0	0.393-0.785	0.016	0.145	6131.0	6129.0	3488.7	67.0229	2640.28	60.3634	-0.109641	0.0770615	-0.05	0.0	0.1	0.0	3.09232	0.0	0.1	0.0	0.03	0.0	0.0331565	0.0	1.492	0.0	5.0	0.0	1.733	0.0	0.0331565	0.0	2.35595e-05	0.00458844	0.288056	0.0129457	0.239762	0.0	0.00620961	0.0	0.00211818	0.000834149	1.68264	0.0	0.999544	0.0202741	0.628622	0.711892	0.83913	0.159408	0.61452	0.224324	0.0705457	3.66347e-08	0.309297	0.0670131	0.411993	0.103782	-9276.21	4.0	3.41707e-05	-51197.3	3.0	4.90038e-06	1.0	2639.94	63.1813	848.755	41.0552	0.243287	0.0108001	1199.32	6.42283	
0.0-2.4	6.5-10.0	10.0-60.0	0.785-1.178	0.016	0.152	5419.0	5416.0	3266.62	64.8373	2149.36	55.5584	0.0699177	0.0858276	-0.05	0.0	0.1	0.0	3.09232	0.0	0.1	0.0	0.03	0.0	0.0331565	0.0	1.492	0.0	5.0	0.0	1.733	0.0	0.0331565	0.0	6.88744e-05	0.000959106	0.41899	0.0168525	0.239762	0.0	0.00620961	0.0	0.00103799	0.000746583	1.68264	0.0	0.868511	0.0177192	0.999786	3.23868	0.406279	0.0754685	0.60937	0.0452403	0.0717938	1.3358e-06	0.303343	0.0307056	0.100711	0.0134899	-8215.9	4.0	3.75447e-06	-44803.8	3.0	1.56665e-06	1.0	2380.16	57.9261	886.462	37.8573	0.27137	0.0102614	1119.06	5.22741	
0.0-2.4	6.5-10.0	10.0-60.0	1.178-1.571	0.016	0.136	5044.0	5041.0	3014.92	62.0532	2026.04	53.4962	-0.0698088	0.0881782	-0.05	0.0	0.1	0.0	3.09232	0.0	0.1	0.0	0.03	0.0	0.0331565	0.0	1.492	0.0	5.0	0.0	1.733	0.0	0.0331565	0.0	0.000177731	0.000547176	0.253997	0.0111712	0.239762	0.0	0.00620961	0.0	0.000339876	0.000801739	1.68264	0.0	0.833417	0.0198051	0.573857	0.0384038	0.834179	0.0375539	0.523214	0.029652	0.0705169	1.75721e-09	0.348988	0.0329838	0.515894	0.0909932	-7652.6	4.0	1.22765e-07	-41317.5	3.0	6.59849e-06	1.0	2177.86	57.8696	837.06	40.453	0.277639	0.0121399	1098.58	5.71119	
0.0-2.4	6.5-30.0	0.0-10.0	0.000-0.393	0.008	0.136	5204.0	5189.0	2454.4	58.3549	2734.69	60.7101	0.115027	0.0751937	-0.05	0.0	0.1	0.0	3.09262	0.0	0.1	0.0	0.03	0.0	0.0324992	0.0	1.492	0.0	5.0	0.0	1.733	0.0	0.0324992	0.0	1.25622e-05	0.000104313	0.37062	0.0160683	0.16485	0.0	0.00394979	0.0	0.00340753	0.000837592	1.76859	0.0	1.03937	0.0212011	1.0	0.00418173	0.439296	0.0671406	0.674387	0.0346862	1.31893	0.411063	0.29122	0.0281268	0.121789	0.0180569	-6654.71	4.0	2.45788e-05	-41704.4	3.0	1.36593e-05	1.0	1702.54	51.5474	751.859	36.5806	0.306331	0.0130033	1190.73	7.72768	
0.0-2.4	6.5-30.0	0.0-10.0	0.000-1.571	0.008	0.136	19586.0	19537.0	9144.7	118.767	10392.6	123.904	-0.0736181	0.0385219	-0.05	0.0	0.1	0.0	3.09262	0.0	0.1	0.0	0.03	0.0	0.0324992	0.000477267	1.492	0.0	5.0	0.0	1.733	0.0	0.0324992	0.000477267	3.37928e-05	7.02542e-05	0.312392	0.00770406	0.16485	0.0	0.00394979	0.0	0.00196537	0.000427544	1.76859	0.0	0.998294	0.0113791	0.999994	0.0952039	0.357839	0.0263929	0.546825	0.0245871	0.0706539	6.98521e-07	0.37465	0.0163177	0.0929536	0.00541192	-25256.2	4.0	9.9379e-08	-182836.0	4.0	6.37374e-06	1.0	6515.59	105.594	2629.11	71.8007	0.287501	0.00690693	1161.01	4.08569	
0.0-2.4	6.5-30.0	0.0-10.0	0.393-0.785	0.008	0.145	5123.0	5112.0	2260.25	56.5966	2851.81	61.6016	-0.330978	0.0735307	-0.05	0.0	0.1	0.0	3.09262	0.0	0.1	0.0	0.03	0.0	0.0324992	0.0	1.492	0.0	5.0	0.0	1.733	0.0	0.0324992	0.0	1.89238e-05	0.00459057	0.340758	0.0150477	0.16485	0.0	0.00394979	0.0	0.00149891	0.000869376	1.76859	0.0	1.00613	0.0234577	0.767959	0.0887527	0.778508	0.17184	0.516019	0.038794	0.0792598	0.0307781	0.17188	0.0142652	0.171822	0.047716	-6135.33	4.0	5.62997e-05	-40786.0	3.0	1.87039e-05	1.0	1519.1	49.8369	741.154	37.1649	0.327908	0.014246	1166.64	8.44766	
0.0-2.4	6.5-30.0	0.0-10.0	0.785-1.178	0.008	0.128	4854.0	4852.0	2353.34	56.6717	2498.99	57.9401	0.18315	0.078814	-0.05	0.0	0.1	0.0	3.09262	0.0	0.1	0.0	0.03	0.0	0.0324992	0.0	1.492	0.0	5.0	0.0	1.733	0.0	0.0324992	0.0	1.34329e-05	0.0045931	0.31837	0.0154882	0.16485	0.0	0.00394979	0.0	0.00194066	0.000865189	1.76859	0.0	1.01468	0.0233749	0.569388	0.106809	0.88377	1.01065	0.519875	0.0656851	0.0705114	1.62213e-09	0.234991	0.0348336	0.0708406	1.46546e-06	-6513.19	4.0	2.39875e-05	-38793.5	3.0	0.000108082	1.0	1705.58	51.8474	647.762	35.2776	0.275252	0.0134453	1172.81	8.44472	
0.0-2.4	6.5-30.0	0.0-10.0	1.178-1.571	0.008	0.152	4403.0	4400.0	2081.1	53.4303	2319.25	55.6135	-0.282973	0.0816836	-0.05	0.0	0.1	0.0	3.09262	0.0	0.1	0.0	0.03	0.0	0.0324992	0.0	1.492	0.0	5.0	0.0	1.733	0.0	0.0324992	0.0	1.96612e-05	0.00459023	0.208922	0.0131256	0.16485	0.0	0.00394979	0.0	0.00194361	0.000859478	1.76859	0.0	0.964282	0.0231286	0.850579	0.0962947	0.570052	0.15391	0.536565	0.125584	0.114271	0.0387089	0.583289	0.0412081	0.0706574	0.0339383	-6059.76	4.0	2.2061e-06	-34666.6	3.0	0.000117373	1.0	1567.36	51.0935	513.74	34.1353	0.24686	0.0151286	1136.75	8.19265	
0.0-2.4	6.5-30.0	0.0-100.0	0.000-0.393	0.008	0.152	13924.0	13914.0	7717.87	100.295	6196.08	92.399	0.0763364	0.0502844	-0.05	0.0	0.1	0.0	3.09262	0.0	0.1	0.0	0.03	0.0	0.0324784	0.0	1.492	0.0	5.0	0.0	1.733	0.0	0.0324784	0.0	1.26244e-05	0.000102978	0.359297	0.00892577	0.206229	0.0969039	0.00181619	0.00447859	0.0015113	0.000453178	1.83948	0.188543	0.910775	0.0112844	0.905072	0.0584404	0.618125	0.135469	0.613971	0.0400323	0.163345	0.048801	0.227744	0.0149644	0.0704662	8.80778e-12	-20729.2	4.0	4.22036e-05	-127338.0	3.0	7.4162e-06	1.0	5456.85	89.4816	2261.01	61.9811	0.292958	0.00707114	1164.58	61.4682	
0.0-2.4	6.5-30.0	0.0-100.0	0.000-1.571	0.004	0.164	50728.0	50710.0	28690.0	200.819	22021.0	183.461	-0.0853976	0.0267226	-0.05	0.0	0.1	0.0	3.09262	0.000257046	0.1	0.0	0.03	0.0	0.0324784	0.000258363	1.492	0.0	5.0	0.0	1.733	0.0	0.0324784	0.000258363	1.00384e-05	0.000248775	0.338143	0.00459627	0.16485	0.0672939	0.00394979	0.00276213	0.0021178	0.00024079	1.76859	0.130357	0.962719	0.00635268	0.65424	0.0170201	0.921829	0.0136739	0.58076	0.0108752	0.070625	2.03139e-07	0.285753	0.00719775	0.3402	0.0409668	-74101.7	4.0	1.57514e-05	-530553.0	5.0	4.82309e-05	1.0	20502.6	178.51	8187.43	120.644	0.285375	0.00370036	1135.64	36.7187	
0.0-2.4	6.5-30.0	0.0-100.0	0.393-0.785	0.008	0.145	13226.0	13212.0	7301.97	97.3934	5909.88	89.9636	-0.238209	0.051421	-0.05	0.0	0.1	0.0	3.09262	0.0	0.1	0.0	0.03	0.0	0.0324784	0.0	1.492	0.0	5.0	0.0	1.733	0.0	0.0324784	0.0	1.89238e-05	0.00459057	0.340156	0.00896187	0.0431777	0.107987	0.00997815	0.0195849	0.00144839	0.000467025	1.89503	0.83285	1.06914	0.0124173	0.675609	0.0330052	0.888224	0.0258569	0.521283	0.0237497	0.0704986	1.52255e-08	0.216429	0.0107467	0.341096	0.048852	-18909.4	4.0	1.61971e-05	-120206.0	3.0	2.40751e-05	1.0	5198.3	88.2648	2103.67	61.4057	0.288096	0.00748021	1117.48	66.7818	
0.0-2.4	6.5-30.0	0.0-100.0	0.785-1.178	0.008	0.152	12246.0	12243.0	7108.09	95.6583	5134.9	84.7198	0.0279197	0.0553588	-0.05	0.0	0.1	0.0	3.09262	0.0	0.1	0.0	0.03	0.0	0.0324784	0.0	1.492	0.0	5.0	0.0	1.733	0.0	0.0324784	0.0	2.75139e-05	0.00458662	0.387796	0.0105807	0.0918396	0.0685565	0.00342668	0.00702651	0.00149391	0.000458778	2.01375	0.316371	0.963251	0.0121544	0.772463	0.295345	0.550602	0.178253	0.475269	0.0404264	0.0706176	0.119289	0.330404	0.0227797	0.0781454	0.0488943	-17847.9	4.0	2.18913e-07	-110990.0	3.0	1.0104e-06	1.0	5078.77	85.6355	2029.32	58.3761	0.285494	0.00725848	1102.3	55.6065	
0.0-2.4	6.5-30.0	0.0-100.0	1.178-1.571	0.008	0.152	11331.0	11327.0	6565.33	91.7995	4761.5	81.3844	-0.226686	0.0574153	-0.05	0.0	0.1	0.0	3.09262	0.0	0.1	0.0	0.03	0.0	0.0324784	0.0	1.492	0.0	5.0	0.0	1.733	0.0	0.0324784	0.0	1.96612e-05	0.00459023	0.262375	0.00783286	0.449361	0.193671	0.00205439	0.00260759	0.00167426	0.000627154	1.48015	0.117135	0.776434	0.0163186	0.684567	0.0276868	0.895552	0.0242587	0.565576	0.0185154	0.0705781	3.23143e-07	0.41666	0.0189687	0.42612	0.070112	-16865.2	4.0	6.01871e-05	-101766.0	3.0	4.60911e-05	1.0	4716.02	84.368	1849.31	58.637	0.281678	0.00801599	1147.36	75.184	
0.0-2.4	6.5-30.0	10.0-20.0	0.000-0.393	0.008	0.128	3423.0	3419.0	1847.64	49.4813	1571.24	46.6038	0.29586	0.100118	-0.05	0.0	0.1	0.0	3.09262	0.0	0.1	0.0	0.03	0.0	0.0328443	0.0	1.492	0.0	5.0	0.0	1.733	0.0	0.0328443	0.0	1.2601e-05	0.000103615	0.323254	0.0153788	0.16485	0.0	0.00394979	0.0	-0.000584197	0.000952254	1.76859	0.0	0.953173	0.0228426	0.88313	0.0663836	0.72711	0.181598	0.634472	0.0498177	0.117416	0.0355857	0.197107	0.0214035	0.0704502	1.65114e-07	-4951.29	4.0	8.9576e-07	-26397.7	3.0	2.64707e-05	1.0	1216.07	43.3785	631.567	33.2736	0.341823	0.0155085	1128.89	8.05377	
0.0-2.4	6.5-30.0	10.0-20.0	0.000-1.571	0.008	0.16	12217.0	12215.0	6733.21	98.6327	5481.75	92.0721	-0.0367465	0.053384	-0.05	0.0	0.1	0.0	3.09262	0.0	0.1	0.0	0.03	0.0	0.0328443	0.000560711	1.492	0.0	5.0	0.0	1.733	0.0	0.0328443	0.000560711	1.00282e-05	0.000232918	0.37667	0.00982653	0.16485	0.0	0.00394979	0.0	0.000889823	0.000516311	1.76859	0.0	0.984045	0.0132448	0.699049	0.0410415	0.810195	0.0340102	0.582744	0.0239677	0.0705925	6.02028e-07	0.209721	0.0160051	0.379977	0.043929	-16880.6	4.0	4.0357e-05	-110072.0	4.0	3.30311e-06	1.0	4656.5	85.8659	2076.72	60.3786	0.308429	0.00774591	1150.8	4.72928	
0.0-2.4	6.5-30.0	10.0-20.0	0.393-0.785	0.008	0.128	3091.0	3077.0	1674.83	46.856	1402.19	43.8505	-0.016326	0.105419	-0.05	0.0	0.1	0.0	3.09262	0.0	0.1	0.0	0.03	0.0	0.0328443	0.0	1.492	0.0	5.0	0.0	1.733	0.0	0.0328443	0.0	1.64982e-05	0.00459169	0.432775	0.0251212	0.16485	0.0	0.00394979	0.0	0.000403502	0.00104147	1.76859	0.0	0.976871	0.0271568	0.642637	0.0561304	0.906436	0.0491748	0.379548	0.0584379	0.0705381	5.49762e-07	0.141988	0.0126617	0.266307	0.0753129	-4430.75	4.0	2.65442e-05	-23466.4	3.0	3.26621e-07	1.0	1261.1	42.8109	413.729	26.8696	0.247027	0.0144783	1145.69	9.66907	
0.0-2.4	6.5-30.0	10.0-20.0	0.785-1.178	0.008	0.152	3027.0	3024.0	1697.76	47.0267	1326.22	42.8951	-0.122404	0.108548	-0.05	0.0	0.1	0.0	3.09262	0.0	0.1	0.0	0.03	0.0	0.0328443	0.0	1.492	0.0	5.0	0.0	1.733	0.0	0.0328443	0.0	2.75139e-05	0.00458662	0.472928	0.0240873	0.16485	0.0	0.00394979	0.0	0.000726712	0.000987132	1.76859	0.0	0.967613	0.0257446	1.0	0.171298	0.462152	0.0795168	0.589438	0.0580122	0.0707052	4.71035e-05	0.503844	0.0528585	0.114148	0.0199964	-3965.86	4.0	7.12407e-06	-23084.1	3.0	4.22019e-06	1.0	1172.0	40.9291	525.761	28.8687	0.30968	0.0146819	1139.11	9.13183	
0.0-2.4	6.5-30.0	10.0-20.0	1.178-1.571	0.008	0.12	2675.0	2667.0	1515.62	44.4141	1151.33	40.1035	-0.396148	0.116835	-0.05	0.0	0.1	0.0	3.09262	0.0	0.1	0.0	0.03	0.0	0.0328443	0.0	1.492	0.0	5.0	0.0	1.733	0.0	0.0328443	0.0	2.02273e-05	0.00458997	0.278735	0.0147116	0.16485	0.0	0.00394979	0.0	0.00105923	0.001161	1.76859	0.0	0.955003	0.0309619	0.623597	0.0648982	0.703017	0.0790123	0.512203	0.0481252	0.0704993	6.73507e-09	0.166462	0.0240801	0.394523	0.0631307	-3703.43	4.0	1.07187e-05	-20027.8	3.0	5.14554e-06	1.0	983.269	39.6114	532.352	31.3398	0.351244	0.0179341	1130.19	10.9249	
0.0-2.4	6.5-30.0	10.0-30.0	0.000-0.393	0.008	0.128	5820.0	5815.0	3278.63	65.2941	2536.35	59.3392	0.17809	0.0787839	-0.05	0.0	0.1	0.0	3.09262	0.0	0.1	0.0	0.03	0.0	0.0323983	0.0	1.492	0.0	5.0	0.0	1.733	0.0	0.0323983	0.0	1.2601e-05	0.000103615	0.375605	0.0138522	0.16485	0.0	0.00394979	0.0	2.23255e-05	0.000689431	1.76859	0.0	0.92367	0.0168063	0.997381	0.163881	0.462039	0.0823715	0.560311	0.056596	0.0708624	0.916157	0.189406	0.0163835	0.0728772	0.0129768	-8855.47	4.0	1.06195e-05	-48228.1	3.0	2.53187e-06	1.0	2278.01	57.5855	1000.62	40.6826	0.305196	0.0108179	1108.22	5.84919	
0.0-2.4	6.5-30.0	10.0-30.0	0.000-1.571	0.004	0.164	20604.0	20601.0	11917.8	129.181	8682.02	115.982	-0.026749	0.0425265	-0.05	0.0	0.1	0.0	3.09262	0.0	0.1	0.0	0.03	0.0	0.0323983	0.000404404	1.492	0.0	5.0	0.0	1.733	0.0	0.0323983	0.000404404	1.00384e-05	0.000248775	0.389895	0.00772281	0.16485	0.0	0.00394979	0.0	0.00104583	0.000372243	1.76859	0.0	0.95111	0.00963172	0.687404	0.0287588	0.875828	0.021004	0.583599	0.0178675	0.0704683	8.62571e-10	0.205943	0.00961962	0.390812	0.0413042	-30297.9	4.0	1.79337e-07	-197413.0	4.0	0.000147237	1.0	8364.48	112.822	3553.32	77.4078	0.298152	0.00563405	1127.44	3.39294	
0.0-2.4	6.5-30.0	10.0-30.0	0.393-0.785	0.008	0.145	5289.0	5287.0	3014.67	62.1426	2272.31	55.8521	-0.0211547	0.0830453	-0.05	0.0	0.1	0.0	3.09262	0.0	0.1	0.0	0.03	0.0	0.0323983	0.0	1.492	0.0	5.0	0.0	1.733	0.0	0.0323983	0.0	1.89238e-05	0.00459057	0.351423	0.0144362	0.16485	0.0	0.00394979	0.0	0.000908829	0.000761853	1.76859	0.0	0.9811	0.0201119	0.720178	0.375163	0.856461	0.0586166	0.533069	0.255708	0.0707231	0.128198	0.154033	0.0135844	0.342959	0.0561928	-8050.5	4.0	2.82002e-05	-43450.2	3.0	3.67834e-06	1.0	2180.07	56.5371	834.598	38.3788	0.276846	0.01138	1148.7	7.17289	
0.0-2.4	6.5-30.0	10.0-30.0	0.785-1.178	0.008	0.152	4921.0	4918.0	2926.39	61.297	1991.57	53.1282	-0.124261	0.0888502	-0.05	0.0	0.1	0.0	3.09262	0.0	0.1	0.0	0.03	0.0	0.0323983	0.0	1.492	0.0	5.0	0.0	1.733	0.0	0.0323983	0.0	2.75139e-05	0.00458662	0.498666	0.0193039	0.16485	0.0	0.00394979	0.0	0.000829708	0.000741549	1.76859	0.0	0.939414	0.0194035	0.999998	0.087452	0.464104	0.0718099	0.591464	0.0494026	0.07054	0.000362425	0.404558	0.0361788	0.102185	0.0151184	-6767.21	4.0	5.29357e-05	-40189.3	3.0	1.41482e-05	1.0	2011.63	53.0015	914.762	37.4279	0.312591	0.0109867	1119.22	6.80075	
0.0-2.4	6.5-30.0	10.0-30.0	1.178-1.571	0.008	0.145	4571.0	4570.0	2697.85	58.7166	1872.23	51.2087	-0.195165	0.0915878	-0.05	0.0	0.1	0.0	3.09262	0.0	0.1	0.0	0.03	0.0	0.0323983	0.0	1.492	0.0	5.0	0.0	1.733	0.0	0.0323983	0.0	1.49137e-05	0.00459242	0.295034	0.0124493	0.16485	0.0	0.00394979	0.0	0.00311363	0.000840933	1.76859	0.0	0.927154	0.021901	0.61839	0.0425743	0.819167	0.0450183	0.523735	0.0341769	0.0704397	9.18187e-08	0.232215	0.0201299	0.422296	0.0654481	-6799.07	4.0	12.9546	-36979.7	3.0	4.35683e-05	1.0	1875.26	52.8772	822.592	38.0891	0.304907	0.0124615	1110.65	7.63436	
0.0-2.4	6.5-30.0	10.0-60.0	0.000-0.393	0.008	0.152	8426.0	8424.0	5000.22	79.654	3423.77	69.0538	0.0364247	0.067872	-0.05	0.0	0.1	0.0	3.09262	0.0	0.1	0.0	0.03	0.0	0.0325508	0.0	1.492	0.0	5.0	0.0	1.733	0.0	0.0325508	0.0	1.26244e-05	0.000102978	0.337999	0.0105216	0.16485	0.0	0.00394979	0.0	0.00040729	0.000536975	1.76859	0.0	0.892702	0.0133334	0.828959	0.102958	0.716366	0.176247	0.580319	0.0312473	0.0706598	5.82405e-07	0.201381	0.0153533	0.07045	1.11867e-07	-13703.9	4.0	2.58546e-06	-73443.0	3.0	3.05362e-07	1.0	3558.28	71.4885	1441.94	49.2462	0.288376	0.00871181	1086.82	4.57324	
0.0-2.4	6.5-30.0	10.0-60.0	0.000-1.571	0.004	0.164	30000.0	29996.0	18567.6	158.134	11428.5	133.668	-0.0939857	0.0372216	-0.05	0.0	0.1	0.0	3.09262	0.0	0.1	0.0	0.03	0.0	0.0325508	0.000312996	1.492	0.0	5.0	0.0	1.733	0.0	0.0325508	0.000312996	1.00384e-05	0.000248775	0.34695	0.00579392	0.16485	0.0	0.00394979	0.0	0.00120347	0.000297007	1.76859	0.0	0.92987	0.00773627	0.687871	0.0511986	0.919387	0.013659	0.566763	0.0320635	0.0710011	0.01242	0.270868	0.00955285	0.441647	0.0551468	-47056.0	4.0	1.55606e-05	-300809.0	4.0	6.98866e-07	1.0	13250.0	140.719	5317.59	95.492	0.286391	0.00452777	1112.54	2.70004	
0.0-2.4	6.5-30.0	10.0-60.0	0.393-0.785	0.008	0.145	7828.0	7826.0	4799.12	77.4812	3026.79	65.0463	-0.162661	0.0722673	-0.05	0.0	0.1	0.0	3.09262	0.0	0.1	0.0	0.03	0.0	0.0325508	0.0	1.492	0.0	5.0	0.0	1.733	0.0	0.0325508	0.0	1.89238e-05	0.00459057	0.341375	0.0115843	0.16485	0.0	0.00394979	0.0	0.00101296	0.000617497	1.76859	0.0	0.993989	0.0165477	0.703691	0.0614984	0.884902	0.0326021	0.558002	0.035408	0.0706367	1.60544e-09	0.26042	0.0174365	0.42205	0.0759259	-12335.3	4.0	8.18587e-08	-67942.8	3.0	2.77657e-05	1.0	3522.4	71.1739	1276.72	47.5033	0.266032	0.00891792	1157.92	5.93167	
0.0-2.4	6.5-30.0	10.0-60.0	0.785-1.178	0.008	0.152	7068.0	7065.0	4520.03	75.1239	2544.9	60.5687	-0.114359	0.0790702	-0.05	0.0	0.1	0.0	3.09262	0.0	0.1	0.0	0.03	0.0	0.0325508	0.0	1.492	0.0	5.0	0.0	1.733	0.0	0.0325508	0.0	2.75139e-05	0.00458662	0.416332	0.0139637	0.16485	0.0	0.00394979	0.0	0.000950807	0.000592723	1.76859	0.0	0.902494	0.0153228	0.999997	0.111047	0.476993	0.0576027	0.520031	0.0477044	0.0710766	0.772534	0.399941	0.0276639	0.0932389	0.0118479	-10840.5	4.0	3.13608e-07	-60851.4	3.0	2.29003e-05	1.0	3192.7	66.5276	1327.33	45.7916	0.293656	0.00887767	1093.55	5.28053	
0.0-2.4	6.5-30.0	10.0-60.0	1.178-1.571	0.008	0.152	6676.0	6675.0	4250.47	72.7678	2424.51	58.9008	-0.166586	0.0808963	-0.05	0.0	0.1	0.0	3.09262	0.0	0.1	0.0	0.03	0.0	0.0325508	0.0	1.492	0.0	5.0	0.0	1.733	0.0	0.0325508	0.0	1.96612e-05	0.00459023	0.287524	0.00974604	0.16485	0.0	0.00394979	0.0	0.000969846	0.00064155	1.76859	0.0	0.902772	0.0169876	0.635382	0.0331259	0.874247	0.0279878	0.491597	0.0283525	0.0704832	3.21652e-09	0.310726	0.0236214	0.528812	0.0911159	-10365.7	4.0	4.47061e-05	-57069.9	3.0	3.76769e-06	1.0	2946.22	66.0737	1304.24	48.1683	0.306847	0.0100413	1093.75	5.85503	
0.0-2.4	6.5-30.0	20.0-30.0	0.000-0.393	0.008	0.105	2397.0	2390.0	1432.28	42.5976	957.706	36.6066	0.00465957	0.128201	-0.05	0.0	0.1	0.0	3.09262	0.0	0.1	0.0	0.03	0.0	0.0318612	0.0	1.492	0.0	5.0	0.0	1.733	0.0	0.0318612	0.0	1.25371e-05	0.000105445	0.453273	0.0264987	0.16485	0.0	0.00394979	0.0	0.00195108	0.00099199	1.76859	0.0	0.907234	0.0245368	0.612272	0.00175386	1.0	9.118	0.557553	0.00142549	0.0705731	2.92416e-09	0.139363	0.000506632	0.0896375	49.8499	-3922.59	4.0	1.91428e-06	-17855.7	3.0	2.16925e-06	1.0	1053.95	37.809	378.33	23.9494	0.264145	0.0147608	1096.83	8.4749	
0.0-2.4	6.5-30.0	20.0-30.0	0.000-1.571	0.008	0.136	8386.0	8370.0	5187.26	83.4669	3182.05	70.4383	-0.0262383	0.0705371	-0.05	0.0	0.1	0.0	3.09262	0.0	0.1	0.0	0.03	0.0	0.0318612	0.00058039	1.492	0.0	5.0	0.0	1.733	0.0	0.0318612	0.00058039	3.37928e-05	7.02542e-05	0.412434	0.0123702	0.16485	0.0	0.00394979	0.0	0.00122839	0.000534372	1.76859	0.0	0.906357	0.0139742	0.696266	0.153417	0.922907	0.928517	0.57984	0.0982022	0.070592	0.0223703	0.202363	0.0334764	0.070824	0.320749	-13536.1	4.0	3.5539e-07	-73312.7	4.0	7.39527e-05	1.0	3704.4	73.1346	1482.85	48.6315	0.285865	0.00816922	1096.22	4.82463	
0.0-2.4	6.5-30.0	20.0-30.0	0.393-0.785	0.008	0.105	2198.0	2175.0	1346.58	40.8288	828.417	33.8946	-0.0115923	0.138289	-0.05	0.0	0.1	0.0	3.09262	0.0	0.1	0.0	0.03	0.0	0.0318612	0.0	1.492	0.0	5.0	0.0	1.733	0.0	0.0318612	0.0	2.76412e-05	0.127705	0.268259	0.0156088	0.16485	0.0	0.00394979	0.0	0.00185774	0.0011106	1.76859	0.0	0.952079	0.0301252	0.752694	0.329269	0.999994	19.8455	0.658926	0.165699	0.0704451	0.0709489	0.184806	0.0261632	0.0736502	47.1571	-3751.8	4.0	1.10514e-07	-16153.4	3.0	8.07467e-07	1.0	920.828	37.1438	425.752	27.6909	0.316173	0.0181927	1128.12	10.6165	
0.0-2.4	6.5-30.0	20.0-30.0	0.785-1.178	0.008	0.12	1894.0	1890.0	1230.38	39.2923	659.583	31.1953	-0.124878	0.155222	-0.05	0.0	0.1	0.0	3.09262	0.0	0.1	0.0	0.03	0.0	0.0318612	0.0	1.492	0.0	5.0	0.0	1.733	0.0	0.0318612	0.0	1.26912e-05	0.00459344	0.574288	0.0314141	0.16485	0.0	0.00394979	0.0	0.000263699	0.00109944	1.76859	0.0	0.884409	0.0287517	0.792076	0.114683	0.999506	0.153452	0.558871	0.0835759	0.0705231	0.0288284	0.153591	0.0181224	0.0710342	3.31118	-2820.98	4.0	1.17212e-06	-13807.3	3.0	2.04116e-05	1.0	827.846	33.121	402.533	23.7343	0.327162	0.0162159	1081.14	9.82126	
0.0-2.4	6.5-30.0	20.0-30.0	1.178-1.571	0.008	0.128	1896.0	1892.0	1179.74	38.3462	712.236	31.6701	0.105095	0.149188	-0.05	0.0	0.1	0.0	3.09262	0.0	0.1	0.0	0.03	0.0	0.0318612	0.0	1.492	0.0	5.0	0.0	1.733	0.0	0.0318612	0.0	3.66622e-05	0.000202958	0.308728	0.0212254	0.16485	0.0	0.00394979	0.0	-0.000511156	0.00108934	1.76859	0.0	0.86168	0.0296233	0.63105	0.0823554	1.0	0.00967038	0.509511	0.0784092	0.0706228	0.0230848	0.306091	0.0324652	0.307064	2.50802	-3114.0	4.0	8.32187e-05	-13770.8	3.0	2.78193e-06	1.0	863.149	35.1116	316.594	23.4861	0.268359	0.0178951	1065.71	10.0018	
0.0-2.4	6.5-30.0	30.0-60.0	0.000-0.393	0.008	0.12	2605.0	2602.0	1717.32	45.5067	884.662	35.1887	-0.344598	0.134406	-0.05	0.0	0.1	0.0	3.09262	0.0	0.1	0.0	0.03	0.0	0.0328646	0.0	1.492	0.0	5.0	0.0	1.733	0.0	0.0328646	0.0	1.2559e-05	0.000104568	0.252323	0.0143274	0.16485	0.0	0.00394979	0.0	0.000187036	0.000840425	1.76859	0.0	0.821399	0.0215731	0.876438	0.575874	0.919327	2.70743	0.601875	0.602684	0.0704989	3.31668e-08	0.245238	0.126001	0.0705869	9.51012	-4916.28	4.0	5.91705e-08	-19976.4	3.0	3.29171e-06	1.0	1261.24	42.2322	456.084	28.507	0.265578	0.0150341	1038.8	7.1231	
0.0-2.4	6.5-30.0	30.0-60.0	0.000-1.571	0.008	0.145	9396.0	9392.0	6638.4	91.1991	2752.82	66.5737	-0.312878	0.076847	-0.05	0.0	0.1	0.0	3.09262	0.0	0.1	0.0	0.03	0.0	0.0328646	0.000493503	1.492	0.0	5.0	0.0	1.733	0.0	0.0328646	0.000493503	3.69686e-05	0.0287936	0.271519	0.00807623	0.16485	0.0	0.00394979	0.0	0.000282571	0.00048607	1.76859	0.0	0.855831	0.0127003	0.889337	1.63202	0.63829	0.530878	0.399672	0.120458	0.0705243	0.220415	0.417504	0.0460378	0.0705434	3.53217e-09	-17067.0	4.0	7.96684e-07	-84865.4	4.0	0.000128406	1.0	4817.17	83.778	1821.23	57.1414	0.274348	0.00773868	1061.76	4.27474	
0.0-2.4	6.5-30.0	30.0-60.0	0.393-0.785	0.008	0.12	2538.0	2538.0	1789.03	46.2288	748.935	33.1212	-0.610191	0.147891	-0.05	0.0	0.1	0.0	3.09262	0.0	0.1	0.0	0.03	0.0	0.0328646	0.0	1.492	0.0	5.0	0.0	1.733	0.0	0.0328646	0.0	1.53356e-05	0.00459222	0.308188	0.0198093	0.16485	0.0	0.00394979	0.0	-0.00123311	0.00102383	1.76859	0.0	0.941877	0.0282842	0.991593	0.726604	0.565155	0.170793	0.368106	0.0750031	0.0711223	1.43387	0.480424	0.0300955	0.0704618	3.49129e-07	-4424.77	4.0	1.24921e-06	-19599.9	3.0	1.46488e-05	1.0	1336.65	43.2976	452.379	28.6071	0.252863	0.0145944	1120.95	9.924	
0.0-2.4	6.5-30.0	30.0-60.0	0.785-1.178	0.008	0.12	2146.0	2143.0	1586.13	43.2318	556.867	28.9785	-0.107825	0.172103	-0.05	0.0	0.1	0.0	3.09262	0.0	0.1	0.0	0.03	0.0	0.0328646	0.0	1.492	0.0	5.0	0.0	1.733	0.0	0.0328646	0.0	1.26912e-05	0.00459344	0.237004	0.0138637	0.16485	0.0	0.00394979	0.0	0.00145214	0.0010148	1.76859	0.0	0.850118	0.025299	0.703563	0.156891	0.999449	1.40079	0.403651	0.10344	0.0705144	7.92944e-10	0.353347	0.0592049	0.0904586	4.32562	-4163.03	4.0	7.68858e-07	-16335.0	3.0	9.12309e-07	1.0	1136.54	40.3915	449.581	28.6706	0.283446	0.0163417	1057.92	8.48913	
0.0-2.4	6.5-30.0	30.0-60.0	1.178-1.571	0.008	0.12	2104.0	2091.0	1540.0	42.7054	551.002	28.8926	-0.0716028	0.172406	-0.05	0.0	0.1	0.0	3.09262	0.0	0.1	0.0	0.03	0.0	0.0328646	0.0	1.492	0.0	5.0	0.0	1.733	0.0	0.0328646	0.0	2.02273e-05	0.00458997	0.293477	0.0164325	0.16485	0.0	0.00394979	0.0	0.000739647	0.00106658	1.76859	0.0	0.85896	0.027172	0.971257	1.28556	0.550212	0.325017	0.287678	0.0705143	0.0707	2.33361e-06	0.541701	0.0669066	0.0705087	5.28952e-10	-3699.63	4.0	2.54293e-05	-15854.8	3.0	3.27773e-06	1.0	1079.71	38.9909	460.294	28.0491	0.298892	0.0162184	1063.87	9.16095	
0.0-2.4	6.5-8.0	0.0-100.0	0.000-0.393	0.016	0.136	7393.0	7380.0	3257.98	68.3783	4122.05	74.429	-0.0385692	0.0610985	-0.05	0.0	0.1	0.0	3.09165	0.0	0.02	0.0	0.02	0.0	0.0342061	0.0	1.492	0.0	5.0	0.0	1.733	0.0	0.0342061	0.0	0.000283738	0.00239569	0.408925	0.0179775	0.3824	0.121469	0.00999999	0.00341546	0.00221308	0.000806571	1.80181	0.174802	0.873264	0.0169339	0.999997	0.0902187	0.587575	0.0724091	0.775133	0.0197178	0.077735	0.765143	0.21618	0.0206656	0.155402	0.0260827	-9794.78	4.0	9.11387e-07	-61510.8	3.0	8.05005e-07	1.0	2509.01	62.6777	748.967	37.4516	0.229887	0.0104338	1308.6	73.8407	
0.0-2.4	6.5-8.0	0.0-100.0	0.000-1.571	0.016	0.16	26297.0	26291.0	11941.6	137.853	14349.0	146.317	-0.025837	0.0328647	-0.05	0.0	0.1	0.0	3.09165	0.000439933	0.02	0.0	0.02	0.0	0.0342061	0.000448684	1.492	0.0	5.0	0.0	1.733	0.0	0.0342061	0.000448684	2.99332e-05	0.00458551	0.30326	0.00757716	0.247328	0.092515	0.00999999	0.0035556	0.00306905	0.000406705	1.76918	0.144226	0.946701	0.009301	0.52946	0.022827	0.871284	0.0248004	0.63806	0.0146195	0.0706261	1.52182e-08	0.263985	0.0128686	0.338882	0.0442618	-35002.7	4.0	1.11595e-06	-253014.0	5.0	4.26149e-05	1.0	9258.11	127.09	2683.47	75.4255	0.224716	0.00575891	1203.63	50.3719	
0.0-2.4	6.5-8.0	0.0-100.0	0.393-0.785	0.016	0.145	6844.0	6838.0	2898.04	64.8216	3939.95	72.4126	-0.133968	0.0624403	-0.05	0.0	0.1	0.0	3.09165	0.0	0.02	0.0	0.02	0.0	0.0342061	0.0	1.492	0.0	5.0	0.0	1.733	0.0	0.0342061	0.0	5.71468e-05	0.0356234	0.273359	0.0140082	0.840202	0.0613475	0.00435761	0.0029239	-0.00316842	0.00268587	1.29411	0.0495922	0.626959	0.0538238	0.761149	0.0849897	0.726865	0.121412	0.640288	0.0327165	0.0707358	0.0263613	0.155469	0.0123349	0.202329	0.0383616	-8908.45	4.0	8.87017e-07	-56330.3	3.0	5.02588e-06	1.0	2266.46	61.1232	631.584	36.9549	0.217935	0.0117832	1212.4	27.6101	
0.0-2.4	6.5-8.0	0.0-100.0	0.785-1.178	0.016	0.152	6347.0	6344.0	3079.91	65.3052	3264.12	66.6997	0.216486	0.069099	-0.05	0.0	0.1	0.0	3.09165	0.0	0.02	0.0	0.02	0.0	0.0342061	0.0	1.492	0.0	5.0	0.0	1.733	0.0	0.0342061	0.0	0.000162346	0.00052087	0.261462	0.0123736	0.125882	0.127257	0.00999964	0.014763	0.00318315	0.000753439	1.93842	0.430428	0.981535	0.01758	0.453597	0.0314219	1.0	0.364338	0.563553	0.0369405	0.0742	0.00629326	0.237033	0.0163522	0.212381	193.049	-9018.62	4.0	1.89897e-06	-52323.7	3.0	9.17437e-07	1.0	2327.38	61.3431	752.536	39.778	0.244337	0.0118307	1146.79	90.2689	
0.0-2.4	6.5-8.0	0.0-100.0	1.178-1.571	0.016	0.152	5712.0	5708.0	2707.81	61.4077	3000.26	63.7443	-0.123821	0.071775	-0.05	0.0	0.1	0.0	3.09165	0.0	0.02	0.0	0.02	0.0	0.0342061	0.0	1.492	0.0	5.0	0.0	1.733	0.0	0.0342061	0.0	0.00037077	0.135166	0.265911	0.0147106	0.647334	0.789382	0.00754825	0.00409297	-0.000847481	0.00113946	1.39691	0.229244	0.614661	0.0237433	0.552724	0.0534693	0.801872	0.0439412	0.6144	0.0309296	0.0709205	0.0123404	0.486959	0.0362707	0.431239	0.0662156	-7472.33	4.0	7.10253e-05	-46362.8	3.0	1.87319e-05	1.0	2131.29	58.009	576.518	34.6389	0.212909	0.011846	1181.7	277.043	
0.0-2.4	6.5-8.0	10.0-60.0	0.000-0.393	0.016	0.128	4276.0	4270.0	2061.32	53.258	2208.74	54.625	-0.0466389	0.0836625	-0.05	0.0	0.1	0.0	3.09165	0.0	0.02	0.0	0.02	0.0	0.0336852	0.0	1.492	0.0	5.0	0.0	1.733	0.0	0.0336852	0.0	0.000280358	0.0026809	0.325674	0.0177642	0.247328	0.0	0.00999999	0.0	-0.000101362	0.000937858	1.76918	0.0	0.921297	0.0197933	0.999982	0.139905	0.587025	0.126857	0.75248	0.0436687	0.0770173	0.766953	0.224786	0.0252189	0.101815	0.0330756	-6235.32	4.0	3.43018e-07	-33518.0	3.0	5.74978e-06	1.0	1551.69	49.1082	509.631	31.2686	0.247235	0.0137586	1188.69	5.77328	
0.0-2.4	6.5-8.0	10.0-60.0	0.000-1.571	0.016	0.16	14740.0	14737.0	7641.27	106.457	7096.12	103.862	0.0292057	0.0468436	-0.05	0.0	0.1	0.0	3.09165	0.0	0.02	0.0	0.02	0.0	0.0336852	0.000533743	1.492	0.0	5.0	0.0	1.733	0.0	0.0336852	0.000533743	2.99332e-05	0.00458551	0.274818	0.0082644	0.247328	0.0	0.00999999	0.0	0.000654127	0.000516133	1.76918	0.0	0.913497	0.0113125	0.624839	0.0417164	0.795867	0.0408558	0.670368	0.0191369	0.0706109	3.00405e-08	0.220042	0.0139571	0.338736	0.0366281	-21730.1	4.0	3.09248e-05	-134694.0	4.0	1.53167e-05	1.0	5811.25	98.7084	1830.02	61.9563	0.239491	0.00738979	1184.15	3.28422	
0.0-2.4	6.5-8.0	10.0-60.0	0.393-0.785	0.016	0.145	3847.0	3845.0	1965.18	51.4962	1880.13	50.6626	0.0560985	0.0909466	-0.05	0.0	0.1	0.0	3.09165	0.0	0.02	0.0	0.02	0.0	0.0336852	0.0	1.492	0.0	5.0	0.0	1.733	0.0	0.0336852	0.0	5.71468e-05	0.0356234	0.246847	0.0158519	0.247328	0.0	0.00999999	0.0	0.000494202	0.0011206	1.76918	0.0	1.00014	0.0239779	0.653827	0.0736663	0.77817	0.0860946	0.640826	0.0521204	0.0705105	3.88812e-09	0.154638	0.0234087	0.327526	0.066159	-5739.23	4.0	1.89475e-05	-29934.5	3.0	3.25566e-05	1.0	1545.68	49.9825	419.494	31.2816	0.213464	0.0149027	1235.73	7.30342	
0.0-2.4	6.5-8.0	10.0-60.0	0.785-1.178	0.016	0.152	3386.0	3383.0	1876.04	49.7081	1506.88	45.8434	0.192008	0.102202	-0.05	0.0	0.1	0.0	3.09165	0.0	0.02	0.0	0.02	0.0	0.0336852	0.0	1.492	0.0	5.0	0.0	1.733	0.0	0.0336852	0.0	0.000162346	0.00052087	0.226138	0.0148218	0.247328	0.0	0.00999999	0.0	-0.000201618	0.00100703	1.76918	0.0	0.848794	0.0218468	0.941578	0.836033	0.341965	0.21003	0.603834	0.0563305	0.145059	0.115015	0.3642	0.0636502	0.103748	0.0251309	-5340.74	4.0	1.9604e-06	-26140.0	3.0	3.61382e-05	1.0	1418.05	47.5748	457.984	31.605	0.244123	0.0155554	1147.34	6.08236	
0.0-2.4	6.5-8.0	10.0-60.0	1.178-1.571	0.016	0.136	3230.0	3226.0	1739.04	48.1658	1486.96	45.4743	-0.0403165	0.102359	-0.05	0.0	0.1	0.0	3.09165	0.0	0.02	0.0	0.02	0.0	0.0336852	0.0	1.492	0.0	5.0	0.0	1.733	0.0	0.0336852	0.0	1.00919e-05	0.00212113	0.285809	0.0167919	0.247328	0.0	0.00999999	0.0	0.0004458	0.00104402	1.76918	0.0	0.82685	0.024728	0.482802	0.0759724	0.719304	0.0749113	0.57991	0.0522926	0.0704492	0.0167533	0.276082	0.0344453	0.414836	0.0614015	-4516.64	4.0	5.07531e-07	-24670.2	3.0	3.75071e-07	1.0	1277.43	44.6536	461.611	30.0934	0.26544	0.0156653	1135.22	6.77815	
0.0-2.4	8.0-10.0	0.0-100.0	0.000-0.393	0.008	0.152	3807.0	3799.0	2414.7	54.7925	1384.26	44.4044	0.338996	0.108035	-0.05	0.0	0.1	0.0	3.09327	0.0	0.1	0.0	0.03	0.0	0.031787	0.0	1.492	0.0	5.0	0.0	1.733	0.0	0.031787	0.0	3.80818e-05	0.00458177	0.2524	0.0116902	0.478672	0.341365	0.000146721	0.00440494	0.000978521	0.00106915	1.46886	0.220449	0.755806	0.0259695	0.839893	0.275851	0.669229	0.379916	0.529882	0.059252	0.0704451	2.73254e-07	0.253054	0.0405207	0.0706546	1.41035e-08	-6574.44	4.0	1.705e-07	-30391.0	3.0	2.41619e-06	1.0	1720.95	50.2147	693.758	35.2762	0.287306	0.0130736	1153.5	135.305	
0.0-2.4	8.0-10.0	0.0-100.0	0.000-1.571	0.008	0.152	14019.0	14003.0	8989.08	109.109	5014.23	89.0488	-0.0466157	0.0564328	-0.05	0.0	0.1	0.0	3.09327	0.000438366	0.1	0.0	0.03	0.0	0.031787	0.000439785	1.492	0.0	5.0	0.0	1.733	0.0	0.031787	0.000439785	8.77568e-05	0.000222665	0.336309	0.00834164	0.22052	0.162925	0.000482536	0.00445097	0.00172252	0.000458987	1.61158	0.193917	0.907677	0.012427	0.859495	0.00525369	0.651807	0.00797061	0.505959	0.0060985	0.0705084	1.46303	0.368942	0.00215473	0.0704933	0.0307164	-22261.6	4.0	1.77455e-07	-130463.0	5.0	1.92815e-05	1.0	6350.93	96.9401	2638.15	66.9355	0.293484	0.00653895	1102.24	72.7139	
0.0-2.4	8.0-10.0	0.0-100.0	0.393-0.785	0.016	0.105	3718.0	3687.0	2417.74	54.338	1269.19	42.4749	-0.396736	0.11208	-0.05	0.0	0.1	0.0	3.09327	0.0	0.1	0.0	0.03	0.0	0.031787	0.0	1.492	0.0	5.0	0.0	1.733	0.0	0.031787	0.0	0.000172932	0.00146308	0.361025	0.01599	0.0247845	0.0475261	0.00888237	0.0102477	0.00138155	0.000932888	2.45426	1.19584	1.23861	0.0258362	0.999999	0.0461097	1.0	0.0489953	0.667112	0.0247455	0.0704437	1.3536e-08	0.4032	0.0304274	0.0708477	1.12127	-5492.35	4.0	8.64967e-05	-29537.2	3.0	1.82004e-05	1.0	1656.13	48.7324	761.61	35.811	0.315009	0.0130102	1282.74	51.7782	
0.0-2.4	8.0-10.0	0.0-100.0	0.785-1.178	0.008	0.145	3384.0	3384.0	2179.06	52.1988	1204.81	41.841	0.0962592	0.115024	-0.05	0.0	0.1	0.0	3.09327	0.0	0.1	0.0	0.03	0.0	0.031787	0.0	1.492	0.0	5.0	0.0	1.733	0.0	0.031787	0.0	9.83527e-05	0.000854857	0.530037	0.0228754	0.140897	0.302584	0.00619959	0.0180756	0.00296876	0.000848219	1.66473	0.645363	0.894281	0.0221568	0.527919	571298.0	0.442392	502908.0	0.350042	376579.0	0.0704418	1355610.0	0.355843	38194.4	0.0704548	1.06499e-05	-4921.8	4.0	2.08809e-05	-26708.7	3.0	1.65998e-05	1.0	1495.99	44.6811	683.073	31.3037	0.313471	0.0122469	1038.04	161.328	
0.0-2.4	8.0-10.0	0.0-100.0	1.178-1.571	0.008	0.128	3108.0	3106.0	1986.53	49.4898	1119.45	39.7771	-0.221028	0.119036	-0.05	0.0	0.1	0.0	3.09327	0.0	0.1	0.0	0.03	0.0	0.031787	0.0	1.492	0.0	5.0	0.0	1.733	0.0	0.031787	0.0	0.000173321	0.000555349	0.214347	0.0116715	0.273985	0.249386	-0.00287811	0.0073307	0.00191179	0.00100322	1.5396	0.259169	0.809855	0.0267152	0.796281	1.07269	0.604879	3.79725	0.295286	3.39876	0.0704519	1.21813e-09	0.429861	0.0954445	0.0704506	1.21596	-5308.33	4.0	3.48837e-05	-24270.6	3.0	8.35132e-06	1.0	1425.23	46.8236	561.297	33.575	0.282552	0.0153658	1060.95	113.404	
0.0-2.4	8.0-10.0	10.0-60.0	0.000-0.393	0.008	0.145	2379.0	2378.0	1578.74	43.8719	799.256	33.8406	0.208937	0.142219	-0.05	0.0	0.1	0.0	3.09327	0.0	0.1	0.0	0.03	0.0	0.0325076	0.0	1.492	0.0	5.0	0.0	1.733	0.0	0.0325076	0.0	8.51781e-05	0.000319537	0.225431	0.0135463	0.22052	0.0	0.000482536	0.0	0.000384916	0.00103085	1.61158	0.0	0.842284	0.025727	0.724365	0.0520191	1.0	0.249662	0.464787	0.0488059	0.0705659	2.13722e-08	0.164929	0.0152758	0.07045	4.41932e-12	-4500.95	4.0	5.31634e-06	-18038.6	3.0	3.05352e-07	1.0	1155.19	41.2032	423.545	28.3849	0.268281	0.0163609	1061.0	7.95987	
0.0-2.4	8.0-10.0	10.0-60.0	0.000-1.571	0.008	0.145	8510.0	8509.0	5768.98	86.2642	2739.63	66.4254	-0.168142	0.0765797	-0.05	0.0	0.1	0.0	3.09327	0.0	0.1	0.0	0.03	0.0	0.0325076	0.000547637	1.492	0.0	5.0	0.0	1.733	0.0	0.0325076	0.000547637	8.96232e-05	0.000224682	0.329781	0.0108334	0.22052	0.0	0.000482536	0.0	0.000959581	0.000559723	1.61158	0.0	0.860756	0.0150302	0.984011	0.00887024	0.510626	0.127398	0.42293	0.149295	0.514824	0.239952	0.38723	0.0219381	0.0706453	0.0282579	-14285.7	4.0	1.95284e-05	-75549.9	4.0	8.9861e-05	1.0	4125.05	77.3022	1643.94	52.6801	0.284961	0.00807649	1072.5	4.70138	
0.0-2.4	8.0-10.0	10.0-60.0	0.393-0.785	0.008	0.12	2283.0	2277.0	1522.6	42.8411	754.242	32.6653	-0.478206	0.145969	-0.05	0.0	0.1	0.0	3.09327	0.0	0.1	0.0	0.03	0.0	0.0325076	0.0	1.492	0.0	5.0	0.0	1.733	0.0	0.0325076	0.0	0.000180866	0.000958622	0.323177	0.0199866	0.22052	0.0	0.000482536	0.0	0.00168964	0.00118639	1.61158	0.0	0.936007	0.0360208	0.803786	0.226715	0.929462	0.673247	0.471014	0.232915	0.0704869	6.48901e-07	0.429314	0.0765235	0.0705436	3.86065e-07	-3713.69	4.0	3.47607e-05	-17219.7	3.0	5.74732e-05	1.0	1082.89	39.1207	439.709	27.4797	0.288788	0.0161152	1120.55	11.7267	
0.0-2.4	8.0-10.0	10.0-60.0	0.785-1.178	0.008	0.112	2032.0	2028.0	1400.81	41.6482	627.151	30.999	-0.201517	0.160095	-0.05	0.0	0.1	0.0	3.09327	0.0	0.1	0.0	0.03	0.0	0.0325076	0.0	1.492	0.0	5.0	0.0	1.733	0.0	0.0325076	0.0	0.000152887	0.000500196	0.579151	0.028425	0.22052	0.0	0.000482536	0.0	0.00436094	0.00110971	1.61158	0.0	0.825004	0.0288179	0.432981	0.0488572	0.90775	0.161845	0.291811	0.110948	0.0755155	0.0435395	0.154184	0.0174485	0.0705735	2.50525	-2994.18	4.0	8.24637e-05	-15077.3	3.0	1.50342e-06	1.0	913.418	34.4334	487.397	25.6542	0.347938	0.0151123	1050.37	8.8217	
0.0-2.4	8.0-10.0	10.0-60.0	1.178-1.571	0.008	0.12	1814.0	1813.0	1272.05	38.9885	540.934	28.0895	-0.170612	0.172746	-0.05	0.0	0.1	0.0	3.09327	0.0	0.1	0.0	0.03	0.0	0.0325076	0.0	1.492	0.0	5.0	0.0	1.733	0.0	0.0325076	0.0	0.000146321	0.00058429	0.226716	0.014446	0.22052	0.0	0.000482536	0.0	-0.000604456	0.00124453	1.61158	0.0	0.821166	0.0320439	0.893906	0.143035	0.53574	0.150655	0.259683	0.0712584	0.070553	2.1058e-06	0.541363	0.0634703	0.0704938	1.79463e-09	-3222.58	4.0	8.90992e-08	-13381.8	3.0	3.31e-06	1.0	892.42	36.5795	379.633	26.931	0.298441	0.0190932	1048.02	9.78546	
1.2-1.6	6.5-30.0	0.0-100.0	0.000-0.393	0.008	0.136	3376.0	3372.0	1809.57	49.4932	1562.37	46.9292	0.140725	0.100367	-0.05	0.0	0.1	0.0	3.09177	0.0	0.1	0.0	0.03	0.0	0.0374373	0.0	1.492	0.0	5.0	0.0	1.733	0.0	0.0374373	0.0	2.98516e-05	0.00458555	0.304523	0.0172993	0.0855425	0.0676275	0.01	0.0144498	0.000428478	0.00090932	2.14949	0.498319	1.00034	0.0226216	0.999986	0.084892	0.521292	0.243544	0.555182	0.183445	0.0720931	0.771405	0.205345	0.0229987	0.0709135	0.0320786	-5053.73	4.0	1.84334e-07	-25838.4	3.0	1.79282e-05	1.0	1339.99	45.7268	469.578	30.2107	0.259497	0.0151112	1144.69	67.3913	
1.2-1.6	6.5-30.0	0.0-100.0	0.000-1.571	0.008	0.136	12406.0	12391.0	6663.54	98.9794	5727.31	94.1288	-0.0987622	0.0524855	-0.05	0.0	0.1	0.0	3.09177	0.000619025	0.1	0.0	0.03	0.0	0.0374373	0.000600422	1.492	0.0	5.0	0.0	1.733	0.0	0.0374373	0.000600422	2.31047e-05	0.000294422	0.284889	0.00865572	0.103775	0.0507441	0.00999984	0.0195355	0.00178208	0.000474879	2.09199	0.256609	0.957377	0.0121782	0.949015	0.0488722	0.42832	0.0578882	0.48354	0.0805009	0.182769	0.0693999	0.436248	0.0216966	0.0704647	0.0163129	-17291.4	4.0	8.41677e-05	-111062.0	5.0	6.91269e-06	1.0	4855.84	90.031	1807.7	60.2007	0.271283	0.00808589	1129.43	46.259	
1.2-1.6	6.5-30.0	0.0-100.0	0.393-0.785	0.008	0.128	3376.0	3371.0	1717.87	48.8264	1653.14	48.1589	-0.239494	0.0971662	-0.05	0.0	0.1	0.0	3.09177	0.0	0.1	0.0	0.03	0.0	0.0374373	0.0	1.492	0.0	5.0	0.0	1.733	0.0	0.0374373	0.0	1.04212e-05	0.0017469	0.28953	0.0162624	0.139479	0.194104	-0.00369186	0.0130029	0.00213928	0.000991733	1.8695	0.551205	0.996798	0.0252623	0.857652	0.0798278	0.670635	0.217126	0.589721	0.0966034	0.198846	0.0774987	0.365	0.0361343	0.0705728	5.31276e-07	-4498.84	4.0	2.53039e-05	-25684.5	3.0	2.29402e-05	1.0	1212.64	44.5756	505.239	31.7062	0.294107	0.0164551	1158.66	122.104	
1.2-1.6	6.5-30.0	0.0-100.0	0.785-1.178	0.008	0.136	2893.0	2891.0	1612.25	46.451	1278.73	42.71	0.123682	0.111196	-0.05	0.0	0.1	0.0	3.09177	0.0	0.1	0.0	0.03	0.0	0.0374373	0.0	1.492	0.0	5.0	0.0	1.733	0.0	0.0374373	0.0	9.7391e-05	0.000579671	0.298848	0.0184307	0.0300435	0.0281106	0.0031415	0.0119123	0.00316088	0.000881326	3.12118	1.02466	0.959231	0.0232989	0.583117	0.179067	0.894392	0.566172	0.50513	0.256092	0.0705778	4.58353e-07	0.227263	0.0874081	0.070646	0.266023	-4336.82	4.0	1.86775e-06	-21789.1	3.0	1.25221e-05	1.0	1208.98	43.0186	403.275	27.7906	0.250131	0.0156583	1088.65	72.7293	
1.2-1.6	6.5-30.0	0.0-100.0	1.178-1.571	0.008	0.12	2760.0	2744.0	1519.13	44.772	1224.67	41.3528	-0.458572	0.113788	-0.05	0.0	0.1	0.0	3.09177	0.0	0.1	0.0	0.03	0.0	0.0374373	0.0	1.492	0.0	5.0	0.0	1.733	0.0	0.0374373	0.0	0.000198875	0.00213097	0.263985	0.0168626	0.326583	0.164375	0.00999999	0.0148666	0.00328239	0.00118142	1.65735	0.215849	0.847689	0.0313373	0.682159	0.135663	0.867253	0.932989	0.437063	0.303021	0.071908	0.0154111	0.633489	0.0882522	0.0705379	0.179891	-3525.61	4.0	2.03466e-06	-20532.5	3.0	3.60576e-05	1.0	1089.72	41.3342	429.409	28.9348	0.282667	0.0171284	1175.14	86.9447	
1.2-1.6	6.5-30.0	10.0-60.0	0.000-0.393	0.008	0.12	2105.0	2102.0	1213.26	39.866	888.643	35.5609	0.16512	0.133752	-0.05	0.0	0.1	0.0	3.09177	0.0	0.1	0.0	0.03	0.0	0.0378384	0.0	1.492	0.0	5.0	0.0	1.733	0.0	0.0378384	0.0	7.71029e-05	0.00456383	0.331989	0.0230298	0.103775	0.0	0.00999984	0.0	0.000979564	0.00116138	2.09199	0.0	1.04369	0.0283224	0.999999	0.114551	0.653461	0.123527	0.644728	0.0670909	0.0706122	2.82327e-06	0.225632	0.0288309	0.0919986	0.0292742	-3257.01	4.0	3.02258e-06	-15249.1	3.0	6.3811e-05	1.0	907.447	36.6938	305.816	23.6291	0.252061	0.0176268	1196.0	11.0754	
1.2-1.6	6.5-30.0	10.0-60.0	0.000-1.571	0.008	0.128	7108.0	7099.0	4275.07	77.333	2823.76	67.3008	-0.175238	0.075062	-0.05	0.0	0.1	0.0	3.09177	0.0	0.1	0.0	0.03	0.0	0.0378384	0.000751013	1.492	0.0	5.0	0.0	1.733	0.0	0.0378384	0.000751013	2.94195e-05	0.000284662	0.269958	0.0104528	0.103775	0.0	0.00999984	0.0	0.00204517	0.000622717	2.09199	0.0	1.00139	0.0157436	0.732042	0.182923	0.783577	0.779218	0.553392	0.175509	0.0782385	0.0737669	0.348685	0.0228272	0.0706227	0.163344	-10989.8	4.0	9.26601e-05	-60355.0	4.0	6.76759e-05	1.0	3165.1	71.3954	1109.97	47.1421	0.259638	0.00997702	1163.14	6.07385	
1.2-1.6	6.5-30.0	10.0-60.0	0.393-0.785	0.008	0.112	1896.0	1884.0	1052.96	37.4758	830.941	34.3863	-0.450103	0.13801	-0.05	0.0	0.1	0.0	3.09177	0.0	0.1	0.0	0.03	0.0	0.0378384	0.0	1.492	0.0	5.0	0.0	1.733	0.0	0.0378384	0.0	1.71581e-05	0.00459138	0.225709	0.0179117	0.103775	0.0	0.00999984	0.0	0.00185587	0.00134119	2.09199	0.0	1.09646	0.032651	0.769748	0.174234	0.999999	6.57634	0.676372	0.0778	0.10612	0.0575662	0.497115	0.0608059	0.137043	51.6966	-2703.92	4.0	8.7222e-05	-13396.4	3.0	2.17017e-05	1.0	759.976	35.753	292.98	25.6007	0.278245	0.0222049	1237.59	12.9628	
1.2-1.6	6.5-30.0	10.0-60.0	0.785-1.178	0.008	0.128	1581.0	1579.0	999.749	35.727	579.253	29.2559	-0.418304	0.166681	-0.05	0.0	0.1	0.0	3.09177	0.0	0.1	0.0	0.03	0.0	0.0378384	0.0	1.492	0.0	5.0	0.0	1.733	0.0	0.0378384	0.0	7.39757e-05	0.000766255	0.207722	0.0180153	0.103775	0.0	0.00999984	0.0	0.000205914	0.00119213	2.09199	0.0	0.920903	0.0304642	0.682772	2.26452	0.929598	14.2978	0.498589	0.280726	0.070551	0.175484	0.226938	0.31554	0.0708815	1.38772e-06	-2808.24	4.0	6.48227e-06	-11122.1	3.0	6.80356e-09	1.0	775.223	34.8875	224.527	22.6725	0.224583	0.0212106	1101.92	11.4089	
1.2-1.6	6.5-30.0	10.0-60.0	1.178-1.571	0.008	0.105	1525.0	1505.0	996.743	35.2706	508.21	27.4865	-0.0836211	0.178008	-0.05	0.0	0.1	0.0	3.09177	0.0	0.1	0.0	0.03	0.0	0.0378384	0.0	1.492	0.0	5.0	0.0	1.733	0.0	0.0378384	0.0	0.000187286	0.00108795	0.289018	0.020849	0.103775	0.0	0.00999984	0.0	0.00380566	0.00131313	2.09199	0.0	0.961303	0.0339297	0.609407	59.6363	0.999999	41493.8	0.430751	171.061	0.0758994	12.5951	0.369799	29.0943	0.070551	248607.0	-2351.58	4.0	9.80804e-05	-10604.4	3.0	9.05495e-06	1.0	704.046	32.3059	292.697	23.0277	0.293653	0.0206341	1132.42	12.9069	
1.2-2.4	6.5-30.0	0.0-100.0	0.000-0.393	0.008	0.152	8233.0	8223.0	4103.76	76.8636	4119.21	76.9639	-0.0803239	0.0617144	-0.05	0.0	0.1	0.0	3.09107	0.0	0.1	0.0	0.03	0.0	0.0426726	0.0	1.492	0.0	5.0	0.0	1.733	0.0	0.0426726	0.0	6.82157e-05	0.000215632	0.274827	0.0111148	0.0954857	0.0522203	0.01	0.0185529	0.00242048	0.000592099	2.25083	0.346158	0.96865	0.0136259	0.875911	0.857609	0.630287	1.50337	0.628658	0.329232	0.0931445	0.0347697	0.225083	0.111946	0.070522	5.49047e-09	-11621.4	4.0	1.10295e-06	-69610.4	3.0	1.65323e-07	1.0	3109.86	72.1734	993.897	46.5052	0.242192	0.0103848	1154.31	56.9634	
1.2-2.4	6.5-30.0	0.0-100.0	0.000-1.571	0.008	0.128	29386.0	29257.0	15631.0	156.658	13625.4	150.117	-0.190701	0.0342148	-0.05	0.0	0.1	0.0	3.09107	0.000469745	0.1	0.0	0.03	0.0	0.0426726	0.000473183	1.492	0.0	5.0	0.0	1.733	0.0	0.0426726	0.000473183	2.08969e-05	0.00458966	0.271366	0.00558961	0.162424	0.0759366	0.00569552	0.00415524	0.00241981	0.000340262	1.80411	0.165191	0.94375	0.00814953	0.873606	0.0400809	0.485739	0.05582	0.535896	0.049751	0.152519	0.0292016	0.34096	0.0120842	0.070619	0.0121991	-40231.8	4.0	5.73586e-07	-286057.0	5.0	1.6508e-05	1.0	11646.8	143.692	3984.14	92.8251	0.254888	0.00536101	1129.01	45.2549	
1.2-2.4	6.5-30.0	0.0-100.0	0.393-0.785	0.008	0.145	7662.0	7648.0	3935.93	74.7982	3712.24	73.2879	-0.369848	0.0652313	-0.05	0.0	0.1	0.0	3.09107	0.0	0.1	0.0	0.03	0.0	0.0426726	0.0	1.492	0.0	5.0	0.0	1.733	0.0	0.0426726	0.0	1.22644e-05	0.000827478	0.278808	0.0112972	0.0589102	0.110996	-0.000371923	0.0146637	0.00376175	0.000677994	1.9393	0.711753	1.09232	0.0159784	0.770488	0.0733934	0.753884	0.0601033	0.618661	0.0303832	0.0707265	9.77566e-07	0.264573	0.0195702	0.329589	0.0474135	-9838.9	4.0	4.13015e-08	-64331.5	3.0	4.03334e-06	1.0	2898.64	70.0137	1037.29	47.4982	0.263543	0.0109795	1159.49	71.1047	
1.2-2.4	6.5-30.0	0.0-100.0	0.785-1.178	0.008	0.152	6928.0	6926.0	3837.39	73.1842	3088.46	67.876	-0.0463022	0.071729	-0.05	0.0	0.1	0.0	3.09107	0.0	0.1	0.0	0.03	0.0	0.0426726	0.0	1.492	0.0	5.0	0.0	1.733	0.0	0.0426726	0.0	0.000102317	0.000489226	0.282484	0.0120533	0.0346594	0.0437383	-0.00861863	0.0148488	0.00288905	0.000657257	2.4362	0.722782	1.04853	0.0162404	0.665129	0.407283	0.795888	2.63344	0.54285	0.678925	0.0706008	3.02304e-08	0.252628	0.100571	0.0705536	0.234796	-9806.16	4.0	3.19652e-07	-57892.3	3.0	6.0187e-05	1.0	2929.73	68.9164	907.655	43.9001	0.236529	0.0105132	1125.62	54.7257	
1.2-2.4	6.5-30.0	0.0-100.0	1.178-1.571	0.008	0.152	6561.0	6556.0	3747.24	71.2753	2808.77	64.3564	-0.30925	0.0753551	-0.05	0.0	0.1	0.0	3.09107	0.0	0.1	0.0	0.03	0.0	0.0426726	0.0	1.492	0.0	5.0	0.0	1.733	0.0	0.0426726	0.0	0.000157903	0.000565848	0.260077	0.0107873	0.464978	0.183587	0.0060662	0.00379409	0.00194641	0.000855103	1.49675	0.126405	0.716422	0.0208986	0.743757	0.0666571	0.678917	0.110052	0.510379	0.0440284	0.0705891	0.0149519	0.501737	0.0317348	0.070642	3.94001e-09	-8938.11	4.0	2.15031e-06	-54636.0	3.0	5.88121e-08	1.0	2753.87	66.1358	993.367	44.5781	0.265093	0.0107748	1147.29	79.0901	
1.2-2.4	6.5-30.0	10.0-60.0	0.000-0.393	0.008	0.152	4993.0	4991.0	2742.66	61.3739	2248.36	57.2053	-0.101187	0.0839564	-0.05	0.0	0.1	0.0	3.09107	0.0	0.1	0.0	0.03	0.0	0.0427656	0.0	1.492	0.0	5.0	0.0	1.733	0.0	0.0427656	0.0	6.82157e-05	0.000215632	0.28808	0.0139614	0.162424	0.0	0.00569552	0.0	0.00172246	0.000728791	1.80411	0.0	0.883589	0.0161821	0.804657	0.0711071	0.86805	0.130688	0.630076	0.0343304	0.100717	0.027439	0.176923	0.0126771	0.0704522	1.17673e-08	-7716.75	4.0	7.54391e-05	-40111.7	3.0	9.05925e-08	1.0	2092.98	57.3183	649.683	36.0995	0.23688	0.0120476	1087.46	5.50637	
1.2-2.4	6.5-30.0	10.0-60.0	0.000-1.571	0.008	0.16	17078.0	17074.0	10043.7	121.863	7030.9	108.802	-0.231139	0.0477299	-0.05	0.0	0.1	0.0	3.09107	0.0	0.1	0.0	0.03	0.0	0.0427656	0.000563886	1.492	0.0	5.0	0.0	1.733	0.0	0.0427656	0.000563886	2.84753e-05	0.00013348	0.25332	0.00643876	0.162424	0.0	0.00569552	0.0	0.00170503	0.000428999	1.80411	0.0	0.929223	0.0100481	0.926474	0.0387138	0.581586	0.209578	0.576805	0.184164	0.344932	0.0894181	0.287835	0.0123055	0.0708409	0.0614244	-25655.0	4.0	7.42148e-08	-159023.0	4.0	0.000148993	1.0	7429.28	113.028	2614.39	75.207	0.260303	0.00678933	1118.87	3.49478	
1.2-2.4	6.5-30.0	10.0-60.0	0.393-0.785	0.008	0.145	4378.0	4376.0	2502.14	58.1988	1873.86	52.5247	-0.381291	0.0923532	-0.05	0.0	0.1	0.0	3.09107	0.0	0.1	0.0	0.03	0.0	0.0427656	0.0	1.492	0.0	5.0	0.0	1.733	0.0	0.0427656	0.0	1.22644e-05	0.000827478	0.211489	0.0117652	0.162424	0.0	0.00569552	0.0	0.00312272	0.000953148	1.80411	0.0	1.05419	0.0219039	0.859388	0.926888	0.728175	0.166193	0.680597	0.186673	0.0710372	1.05066	0.35171	0.0283058	0.421493	0.0652666	-6295.05	4.0	1.76374e-06	-34720.8	3.0	7.73158e-08	1.0	1853.57	56.7476	648.567	39.8636	0.259205	0.014747	1208.09	8.00454	
1.2-2.4	6.5-30.0	10.0-60.0	0.785-1.178	0.008	0.152	3928.0	3926.0	2398.17	56.7099	1527.84	48.4321	-0.217345	0.102656	-0.05	0.0	0.1	0.0	3.09107	0.0	0.1	0.0	0.03	0.0	0.0427656	0.0	1.492	0.0	5.0	0.0	1.733	0.0	0.0427656	0.0	0.000102317	0.000489226	0.239215	0.0125778	0.162424	0.0	0.00569552	0.0	0.00126618	0.000902029	1.80411	0.0	0.943162	0.0213508	0.72549	0.418938	0.831616	1.45973	0.536144	0.211404	0.0706044	8.82486e-09	0.208931	0.0866616	0.109074	0.349733	-6121.85	4.0	1.10665e-06	-30888.3	3.0	6.66242e-08	1.0	1801.24	54.1226	596.93	36.2524	0.24891	0.0139237	1128.6	7.47232	
1.2-2.4	6.5-30.0	10.0-60.0	1.178-1.571	0.008	0.152	3778.0	3776.0	2405.96	56.0838	1370.04	45.9295	-0.253493	0.108645	-0.05	0.0	0.1	0.0	3.09107	0.0	0.1	0.0	0.03	0.0	0.0427656	0.0	1.492	0.0	5.0	0.0	1.733	0.0	0.0427656	0.0	0.000157903	0.000565848	0.271713	0.0126462	0.162424	0.0	0.00569552	0.0	0.00284011	0.000888047	1.80411	0.0	0.887379	0.0220836	0.692132	0.0478487	0.999997	0.028659	0.584152	0.0374646	0.0705142	2.98246e-08	0.304618	0.0241959	0.11826	3.35362	-5600.94	4.0	2.18711e-05	-29715.3	3.0	7.14894e-07	1.0	1684.31	51.499	721.649	37.3314	0.299942	0.0138517	1090.05	7.52885	
1.6-2.4	3.0-6.5	0.0-100.0	0.000-0.393	0.016	0.232	75824.0	75815.0	11905.8	181.83	63909.0	291.519	0.25166	0.0153467	-0.05	0.0	0.1	0.0	3.09043	0.0	0.03	0.0	0.02	0.0	0.0504939	0.0	1.86	0.0	5.0	0.0	1.38	0.0	0.0504939	0.0	0.000116838	0.000421882	0.313068	0.0132522	0.236067	0.124463	0.00729005	0.0127625	0.0105908	0.000361051	1.8607	0.245023	0.95812	0.00466195	1.0	0.00334513	0.697815	0.0151715	0.818439	0.00591574	0.0707841	0.003407	0.20391	0.00877211	0.45665	0.0160217	-61668.0	4.0	6.66558e-06	-787082.0	3.0	4.40152e-07	1.0	10279.5	180.687	1626.26	92.833	0.136594	0.00751306	1232.31	77.69	
1.6-2.4	3.0-6.5	0.0-100.0	0.000-1.571	0.016	0.264	286561.0	286551.0	43875.8	407.621	242676.0	604.081	0.269038	0.00793459	-0.05	0.0	0.1	0.0	3.09043	0.000482891	0.03	0.0	0.02	0.0	0.0504939	0.000471804	1.86	0.0	5.0	0.0	1.38	0.0	0.0504939	0.000471804	1.3729e-05	0.00459296	0.276601	0.00631578	0.173641	0.119565	0.0248856	0.0127773	0.0108039	0.000189341	1.74699	0.202734	1.04432	0.00261544	0.871282	0.0241417	0.728256	0.0131472	0.801266	0.00615313	0.0706904	7.02224e-09	0.211186	0.00753712	0.430328	0.0108571	-230320.0	4.0	1.28254e-05	-3355350.0	5.0	0.000120272	1.0	37658.5	396.225	6217.31	194.752	0.141703	0.004239	1196.32	55.3464	
1.6-2.4	3.0-6.5	0.0-100.0	0.393-0.785	0.016	0.264	72956.0	72950.0	11084.5	179.259	61866.1	287.813	0.139678	0.0155882	-0.05	0.0	0.1	0.0	3.09043	0.0	0.03	0.0	0.02	0.0	0.0504939	0.0	1.86	0.0	5.0	0.0	1.38	0.0	0.0504939	0.0	0.000137229	0.000596044	0.310192	0.0126859	0.360587	0.290947	0.011093	0.0173419	0.00524158	0.000424797	1.52994	0.217467	0.827164	0.00588308	0.929924	0.0259027	0.817404	0.0162385	0.653462	0.0134957	0.0704552	1.34654e-09	0.135479	0.00482753	0.333425	0.0143921	-57167.4	4.0	7.06436e-07	-754191.0	3.0	6.49541e-06	1.0	9485.83	177.93	1598.67	93.7786	0.144225	0.00813248	1132.04	118.905	
1.6-2.4	3.0-6.5	0.0-100.0	0.785-1.178	0.016	0.24	70485.0	70480.0	10322.7	173.39	60157.4	282.525	0.226156	0.0158049	-0.05	0.0	0.1	0.0	3.09043	0.0	0.03	0.0	0.02	0.0	0.0504939	0.0	1.86	0.0	5.0	0.0	1.38	0.0	0.0504939	0.0	4.38349e-05	0.00457912	0.220008	0.0115469	0.116472	0.085062	0.0499999	0.0704933	0.0136118	0.000386066	1.752	0.261836	1.17808	0.00530387	0.999999	0.084419	0.485791	0.0381799	0.869062	0.00612984	0.0708108	4.23625e-08	0.377702	0.0241273	0.302229	0.0247471	-56247.6	4.0	1.09183e-07	-726188.0	3.0	6.70387e-07	1.0	8758.91	178.228	1563.77	103.971	0.151489	0.00974534	1258.46	35.5377	
1.6-2.4	3.0-6.5	0.0-100.0	1.178-1.571	0.016	0.24	67294.0	67290.0	10580.6	172.043	56709.4	275.053	0.475826	0.0163511	-0.05	0.0	0.1	0.0	3.09043	0.0	0.03	0.0	0.02	0.0	0.0504939	0.0	1.86	0.0	5.0	0.0	1.38	0.0	0.0504939	0.0	1.0498e-05	0.00459445	0.238354	0.00960049	0.129942	6.79715	0.0137266	0.515216	0.0153614	0.000411087	1.2973	26.7608	1.19303	0.00562344	0.738879	0.0960312	0.720058	0.0593213	0.848566	0.0155548	0.0720991	0.0279188	0.433826	0.019155	0.316065	0.0430235	-55512.7	4.0	5.31984e-06	-690863.0	3.0	6.96449e-07	1.0	8594.04	170.62	1986.51	103.087	0.187751	0.00925243	1207.08	1904.03	
1.6-2.4	3.0-6.5	10.0-60.0	0.000-0.393	0.016	0.209	35526.0	35418.0	7394.18	132.104	28023.9	195.067	0.343724	0.0232643	-0.05	0.0	0.1	0.0	3.09043	0.0	0.03	0.0	0.02	0.0	0.0523045	0.0	1.86	0.0	5.0	0.0	1.38	0.0	0.0523045	0.0	9.26481e-05	0.000607494	0.295752	0.0175908	0.173641	0.0	0.0248856	0.0	0.0076555	0.000503134	1.74699	0.0	1.02208	0.0067748	0.999999	10869.3	0.623622	13.7288	0.821071	4.2897	0.0708486	13935.9	0.172045	2.97162	0.450935	3.41136	-32877.6	4.0	2.23689e-07	-341671.0	3.0	6.07284e-07	1.0	6615.6	133.384	778.583	63.3633	0.105297	0.0083603	1180.34	2.4239	
1.6-2.4	3.0-6.5	10.0-60.0	0.000-1.571	0.016	0.209	128083.0	127940.0	26079.2	289.558	101861.0	399.512	0.337719	0.0121997	-0.05	0.0	0.1	0.0	3.09043	0.0	0.03	0.0	0.02	0.0	0.0523045	0.000604313	1.86	0.0	5.0	0.0	1.38	0.0	0.0523045	0.000604313	1.37782e-05	0.00459294	0.299212	0.0072299	0.173641	0.0	0.0248856	0.0	0.00567878	0.000270183	1.74699	0.0	0.984978	0.00375749	0.898647	0.023018	0.804817	0.0126315	0.696314	0.0134067	0.0704644	1.69413e-08	0.104367	0.00435743	0.390353	0.0123401	-117036.0	4.0	1.80913e-06	-1398070.0	4.0	3.34945e-06	1.0	22079.3	275.215	3999.93	132.737	0.153376	0.00479641	1153.98	1.32515	
1.6-2.4	3.0-6.5	10.0-60.0	0.393-0.785	0.016	0.209	32968.0	32938.0	5927.4	124.937	27010.6	191.466	0.199642	0.0236296	-0.05	0.0	0.1	0.0	3.09043	0.0	0.03	0.0	0.02	0.0	0.0523045	0.0	1.86	0.0	5.0	0.0	1.38	0.0	0.0523045	0.0	0.000140653	0.00211075	0.295249	0.0125664	0.173641	0.0	0.0248856	0.0	0.00896931	0.000523275	1.74699	0.0	0.917456	0.00764116	0.741379	0.0294407	0.894663	0.0165409	0.622183	0.0213242	0.0704349	7.35738e-12	0.113533	0.00683691	0.342548	0.0268302	-29186.5	4.0	5.60393e-05	-314755.0	3.0	4.00397e-06	1.0	4744.38	119.091	1183.02	69.3122	0.199585	0.0109106	1107.03	2.61652	
1.6-2.4	3.0-6.5	10.0-60.0	0.785-1.178	0.016	0.2	30436.0	30436.0	6404.41	123.252	24031.6	181.086	0.345652	0.0251292	-0.05	0.0	0.1	0.0	3.09043	0.0	0.03	0.0	0.02	0.0	0.0523045	0.0	1.86	0.0	5.0	0.0	1.38	0.0	0.0523045	0.0	2.37523e-05	0.00458835	0.277387	0.0141211	0.173641	0.0	0.0248856	0.0	0.000560777	0.000573665	1.74699	0.0	0.977088	0.00801555	0.9734	0.752724	0.82511	0.0531937	0.567529	0.0730037	0.0709554	0.214404	0.0796727	0.00510016	0.306405	0.0283673	-28066.8	4.0	4.26856e-06	-289008.0	3.0	1.48612e-07	1.0	5325.58	124.012	1078.84	72.8417	0.168452	0.0109019	1148.42	2.81776	
1.6-2.4	3.0-6.5	10.0-60.0	1.178-1.571	0.016	0.2	29150.0	29125.0	6368.26	122.286	22756.7	176.968	0.491801	0.0259116	-0.05	0.0	0.1	0.0	3.09043	0.0	0.03	0.0	0.02	0.0	0.0523045	0.0	1.86	0.0	5.0	0.0	1.38	0.0	0.0523045	0.0	2.33736e-05	0.000329334	0.318844	0.0152617	0.173641	0.0	0.0248856	0.0	0.0039505	0.000567819	1.74699	0.0	1.00901	0.0077635	0.991179	0.959058	0.802645	0.0492692	0.71985	0.0310444	0.0706319	1.04938	0.0967157	0.0102529	0.366723	0.0256861	-27147.1	4.0	5.27641e-07	-275470.0	3.0	1.87827e-07	1.0	5437.32	119.124	930.948	60.0727	0.146185	0.00900578	1171.01	2.76395	
1.6-2.4	6.5-30.0	0.0-100.0	0.000-0.393	0.008	0.152	4857.0	4849.0	2310.38	59.1787	2538.61	61.0765	-0.222512	0.0787471	-0.05	0.0	0.1	0.0	3.09069	0.0	0.055	0.0	0.01	0.0	0.0471715	0.0	1.492	0.0	5.0	0.0	1.733	0.0	0.0471715	0.0	1.5549e-05	0.00459212	0.248388	0.0140188	0.0978875	0.076376	0.00321487	0.0124398	0.00416569	0.000777385	2.32819	0.499075	0.954558	0.0168131	0.783168	0.12882	0.85336	0.326997	0.702358	0.0512435	0.0975435	0.0264326	0.223357	0.0233616	0.0713528	1.47939e-08	-6637.76	4.0	4.20743e-07	-38230.2	3.0	7.24533e-08	1.0	1775.76	56.2531	534.623	35.82	0.2314	0.0143262	1163.01	88.9422	
1.6-2.4	6.5-30.0	0.0-100.0	0.000-1.571	0.008	0.152	16979.0	16956.0	9017.3	121.722	7938.52	117.202	-0.27805	0.0450871	-0.05	0.0	0.1	0.0	3.09069	0.000684219	0.055	0.0	0.01	0.0	0.0471715	0.000692981	1.492	0.0	5.0	0.0	1.733	0.0	0.0471715	0.000692981	2.77437e-05	0.00458652	0.260923	0.00734095	0.211707	0.175346	0.00199102	0.00574194	0.00355397	0.000487952	1.6767	0.235346	0.926479	0.0111516	0.724787	0.0629464	0.655644	0.117226	0.548143	0.0263125	0.07051	5.46886e-07	0.25308	0.0138593	0.0706812	5.44771e-07	-22809.5	4.0	2.65425e-06	-155981.0	5.0	1.52235e-05	1.0	6845.64	112.777	2171.65	70.9844	0.240832	0.0071694	1127.75	84.5438	
1.6-2.4	6.5-30.0	0.0-100.0	0.393-0.785	0.008	0.145	4286.0	4275.0	2221.66	56.7223	2053.49	55.2203	-0.481518	0.0882292	-0.05	0.0	0.1	0.0	3.09069	0.0	0.055	0.0	0.01	0.0	0.0471715	0.0	1.492	0.0	5.0	0.0	1.733	0.0	0.0471715	0.0	1.00009e-05	0.00028235	0.27378	0.0158657	0.0204708	0.0647976	-0.00361194	0.0113544	0.00436414	0.000935562	2.0185	1.22259	1.13037	0.020675	0.902749	0.131334	0.637396	0.10065	0.60945	0.0461271	0.0705224	1.77015e-07	0.188332	0.0227001	0.319363	0.0450623	-5382.99	4.0	2.73655e-05	-33392.2	3.0	5.79408e-06	1.0	1689.35	54.1856	532.315	35.503	0.239602	0.0147631	1155.42	45.9721	
1.6-2.4	6.5-30.0	0.0-100.0	0.785-1.178	0.008	0.145	4035.0	4032.0	2249.19	56.8995	1782.78	52.642	-0.183003	0.0947783	-0.05	0.0	0.1	0.0	3.09069	0.0	0.055	0.0	0.01	0.0	0.0471715	0.0	1.492	0.0	5.0	0.0	1.733	0.0	0.0471715	0.0	0.000158457	0.000788527	0.27106	0.0159904	0.677087	0.780476	0.00193496	0.00410508	-0.000632351	0.00199236	1.36939	0.185198	0.751599	0.0440273	0.923992	0.920521	0.54468	0.278362	0.548684	0.275008	0.11	0.108633	0.275216	0.0582622	0.0752907	0.120833	-5497.35	4.0	5.38854e-05	-31400.0	3.0	1.69733e-05	1.0	1752.44	54.1162	496.755	33.4829	0.220859	0.0137984	1205.04	223.857	
1.6-2.4	6.5-30.0	0.0-100.0	1.178-1.571	0.008	0.152	3800.0	3798.0	2239.31	55.5565	1558.7	49.0501	-0.208059	0.101618	-0.05	0.0	0.1	0.0	3.09069	0.0	0.055	0.0	0.01	0.0	0.0471715	0.0	1.492	0.0	5.0	0.0	1.733	0.0	0.0471715	0.0	0.000179578	0.000851436	0.262303	0.014101	0.636539	0.26317	0.00277147	0.00408429	0.00155938	0.00134429	1.39145	0.125821	0.600002	0.0293748	0.755494	0.0792457	0.883749	0.935252	0.633055	0.28414	0.0916121	0.0859788	0.252757	0.0238382	0.0708551	3.11064	-5561.33	4.0	0.000102011	-29542.8	3.0	5.86111e-08	1.0	1681.45	51.7424	557.861	33.5946	0.249122	0.0136699	1167.59	100.86	
1.6-2.4	6.5-30.0	10.0-60.0	0.000-0.393	0.008	0.152	2887.0	2887.0	1534.34	46.794	1352.5	44.8092	-0.281176	0.108454	-0.05	0.0	0.1	0.0	3.09069	0.0	0.055	0.0	0.01	0.0	0.0466776	0.0	1.492	0.0	5.0	0.0	1.733	0.0	0.0466776	0.0	1.5549e-05	0.00459212	0.240743	0.0164742	0.211707	0.0	0.00199102	0.0	0.00235	0.000933005	1.6767	0.0	0.794276	0.0195191	0.809733	0.0589466	0.999999	0.686429	0.690091	0.034369	0.103295	0.0266386	0.173662	0.0159544	0.0704543	2.60181e-13	-4509.78	4.0	6.25522e-05	-21472.5	3.0	8.68708e-06	1.0	1184.36	44.4401	349.987	28.0032	0.228102	0.0168731	1045.22	5.84628	
1.6-2.4	6.5-30.0	10.0-60.0	0.000-1.571	0.008	0.16	9969.0	9967.0	5785.87	94.2316	4181.11	85.2928	-0.280685	0.0620745	-0.05	0.0	0.1	0.0	3.09069	0.0	0.055	0.0	0.01	0.0	0.0466776	0.000814169	1.492	0.0	5.0	0.0	1.733	0.0	0.0466776	0.000814169	2.91966e-05	0.00458585	0.240523	0.00752342	0.211707	0.0	0.00199102	0.0	0.00421941	0.000596984	1.6767	0.0	0.892158	0.0132381	0.248752	0.739688	8.58233e-08	0.00144239	0.682224	0.0186159	1.34638	0.382547	0.0916221	0.000204118	0.213021	0.0108576	-14614.6	4.0	5.10998e-07	-87054.3	4.0	9.50965e-06	1.0	4158.81	85.9547	1627.05	59.1837	0.281212	0.0091464	1105.72	4.20999	
1.6-2.4	6.5-30.0	10.0-60.0	0.393-0.785	0.008	0.145	2482.0	2480.0	1444.7	44.4228	1035.28	39.5476	-0.348668	0.124745	-0.05	0.0	0.1	0.0	3.09069	0.0	0.055	0.0	0.01	0.0	0.0466776	0.0	1.492	0.0	5.0	0.0	1.733	0.0	0.0466776	0.0	1.00009e-05	0.00028235	0.193558	0.0151289	0.211707	0.0	0.00199102	0.0	0.00353587	0.00135053	1.6767	0.0	0.996825	0.0293309	0.940214	0.729857	0.661276	0.206134	0.624099	0.154679	0.070491	1.19638	0.186398	0.0277717	0.413067	0.0683851	-3637.2	4.0	7.60925e-07	-18239.5	3.0	2.89833e-07	1.0	1095.54	44.6786	349.16	31.2515	0.241683	0.0203152	1174.08	9.81528	
1.6-2.4	6.5-30.0	10.0-60.0	0.785-1.178	0.008	0.145	2347.0	2344.0	1406.73	44.215	937.225	38.5425	-0.112744	0.131288	-0.05	0.0	0.1	0.0	3.09069	0.0	0.055	0.0	0.01	0.0	0.0466776	0.0	1.492	0.0	5.0	0.0	1.733	0.0	0.0466776	0.0	0.000158457	0.000788527	0.259069	0.0166757	0.211707	0.0	0.00199102	0.0	0.00191201	0.00136847	1.6767	0.0	0.986859	0.0303746	0.834966	0.0655507	1.0	0.662518	0.647872	0.0590849	0.139149	0.0467489	0.186921	0.0219358	0.0704546	5.95806e-06	-3339.39	4.0	1.34257e-07	-17116.0	3.0	3.582e-05	1.0	1020.32	41.4652	386.411	28.9553	0.274687	0.0186852	1167.43	10.1203	
1.6-2.4	6.5-30.0	10.0-60.0	1.178-1.571	0.008	0.152	2252.0	2250.0	1401.35	43.4601	848.635	36.5526	-0.366778	0.138281	-0.05	0.0	0.1	0.0	3.09069	0.0	0.055	0.0	0.01	0.0	0.0466776	0.0	1.492	0.0	5.0	0.0	1.733	0.0	0.0466776	0.0	0.000179578	0.000851436	0.260116	0.0156832	0.211707	0.0	0.00199102	0.0	0.00158979	0.00122817	1.6767	0.0	0.861205	0.0298968	0.99608	0.0592546	0.999573	0.0550917	0.751647	0.0452074	0.0710009	6.72944e-08	0.25951	0.0432228	0.169993	0.000109726	-3318.81	4.0	1.62286e-07	-16419.4	3.0	8.12784e-06	1.0	969.143	39.8436	432.206	29.3907	0.308421	0.018665	1086.2	9.34284	
