rap0.0-1.2_pT6.5-30.0_cent0.0-100.0
13344.0
3708.33 3459.97 3284.86 2882.51
66.161 64.023 62.4095 58.7039
8024.12
2028.67 2144.01 1964.12 1880.42
51.9378 52.7538 50.7363 49.4381
9007.97
2397.89 2323.85 2198.48 2015.11
56.3289 56.2465 54.3003 54.1839
4336.08
1310.43 1136.12 1086.37 867.396
43.4662 41.9117 40.3716 39.5443
0.324945
0.353376 0.328361 0.330722 0.300917
0.00988125 0.0104793 0.0105626 0.0122738
rap0.0-1.2_pT6.5-30.0_cent10.0-60.0
8577.88
2277.07 2303.87 2091.43 1872.66
51.4285 51.6836 49.2973 46.7503
4189.41
1116.86 1118.05 950.563 991.256
38.5337 38.5398 35.9076 36.1137
5827.06
1488.7 1633.3 1381.05 1284.98
44.7376 46.1432 42.2741 42.3797
2750.82
788.371 670.563 710.386 587.686
34.4674 31.8269 31.7458 31.3406
0.320688
0.346222 0.29106 0.339665 0.313824
0.0129605 0.0121741 0.0128958 0.0147888
rap0.0-2.4_pT10.0-13.0_cent0.0-100.0
4879.17
1248.88 1270.94 1174.13 1186.23
38.2018 38.2695 37.0966 37.3622
1710.86
435.105 421.066 407.897 424.793
25.409 24.7919 24.6966 25.1897
3258.95
821.438 870.83 802.512 829.721
33.0686 33.4189 33.7586 33.3095
1620.22
427.438 400.114 371.619 356.506
25.162 23.9667 25.1915 23.5085
0.332069
0.342258 0.314816 0.316506 0.300538
0.017214 0.0163016 0.0189825 0.0174111
rap0.0-2.4_pT10.0-13.0_cent10.0-60.0
3208.3
830.582 848.144 785.574 729.868
31.1473 31.0735 30.0336 29.1332
1012.73
275.299 234.856 235.428 252.113
20.3667 18.7692 18.7592 19.2631
2133.43
524.538 560.869 537.6 498.345
26.8171 26.9835 26.7093 26.2513
1074.87
306.044 287.275 247.974 231.523
21.5394 20.4118 19.5149 19.4641
0.335027
0.368469 0.33871 0.31566 0.317212
0.021945 0.0206204 0.0217133 0.0234704
rap0.0-2.4_pT10.0-30.0_cent0.0-100.0
7569.6
1977.32 1932.3 1807.68 1852.3
47.9857 47.3796 45.7736 46.5154
2558.43
649.692 675.61 608.398 604.736
31.2237 31.4331 29.9324 30.2677
4887.96
1249.67 1322.01 1192.36 1217.14
41.0131 41.4274 41.1723 41.0429
2681.63
727.65 610.295 615.323 635.157
32.7745 29.8229 32.0364 31.697
0.354264
0.367997 0.315838 0.340394 0.342902
0.0139636 0.0133503 0.0154852 0.0147878
rap0.0-2.4_pT10.0-30.0_cent10.0-60.0
4968.49
1287.08 1274.52 1189.83 1195.32
38.6412 38.2779 36.9142 37.1778
1535.58
398.931 386.509 366.222 369.691
24.5965 24.0237 23.2176 23.5919
3249.47
814.057 851.603 797.669 764.111
33.1364 33.7184 32.7467 33.0572
1719.01
473.024 422.912 392.158 431.211
26.5027 25.3792 24.6564 26.6053
0.345983
0.367517 0.331822 0.329593 0.360749
0.0173856 0.0172397 0.018024 0.0192228
rap0.0-2.4_pT13.0-30.0_cent0.0-100.0
2696.32
732.235 661.302 620.678 666.175
29.0608 27.9424 26.5568 27.6843
841.72
203.742 248.605 199.323 178.837
17.7784 19.185 16.85 16.7061
1626.06
430.555 448.641 381.736 384.788
23.8844 24.4617 23.5502 23.624
1070.26
301.68 212.661 238.943 281.386
20.5383 17.8819 19.808 20.9554
0.396932
0.411999 0.32158 0.38497 0.422391
0.0227897 0.0233785 0.0273342 0.0261033
rap0.0-2.4_pT13.0-30.0_cent10.0-60.0
1755.38
472.516 423.463 393.732 454.058
23.1427 22.2758 21.1241 22.8345
522.599
118.477 151.479 126.279 117.921
13.4733 14.974 13.3702 13.6119
1110.47
296.023 284.261 254.661 259.687
19.6767 20.5068 18.7065 19.7403
644.914
176.493 139.202 139.071 194.371
15.8647 15.8288 14.7964 17.7391
0.367392
0.373517 0.328724 0.353212 0.428076
0.0281533 0.0331392 0.0324521 0.0326013
rap0.0-2.4_pT6.5-10.0_cent0.0-100.0
20702.9
5638.57 5280.84 5154.99 4625.81
86.6054 83.6671 82.0437 77.6773
19054.1
5525.3 5135.75 4426.95 4021.06
85.9487 82.795 77.4794 73.681
15303.2
4160.57 3856.32 3799.33 3416.56
79.0136 76.752 74.3123 73.4223
5399.71
1478.0 1424.52 1355.66 1209.25
51.7181 51.646 48.2855 50.1166
0.260819
0.262123 0.269753 0.262981 0.261413
0.00824136 0.00879662 0.00837963 0.009905
rap0.0-2.4_pT6.5-10.0_cent10.0-60.0
13274.1
3617.34 3473.7 3217.09 2973.15
68.275 66.334 63.7833 61.2498
9843.96
3030.6 2578.19 2154.88 2036.79
63.8332 59.1994 54.8277 53.0577
9770.45
2665.88 2605.01 2343.89 2126.1
63.2996 62.809 57.3514 57.3814
3503.6
951.464 868.692 873.198 847.049
42.3977 41.7797 37.8069 40.972
0.263944
0.263029 0.250077 0.271425 0.2849
0.0106173 0.0110387 0.0104474 0.0124683
rap0.0-2.4_pT6.5-30.0_cent0.0-10.0
8971.58
2436.31 2172.41 2299.32 2041.38
57.4886 55.0881 55.3811 52.3549
10203.5
2717.83 2803.72 2442.68 2219.74
59.8868 60.5457 56.6603 54.0326
6383.77
1671.36 1470.64 1650.81 1530.9
50.3319 49.4346 50.8957 50.2185
2587.81
764.949 701.765 648.509 510.484
36.1071 37.0097 35.4034 33.9376
0.288445
0.313979 0.323036 0.282044 0.250068
0.0128357 0.0149376 0.0138177 0.0153379
rap0.0-2.4_pT6.5-30.0_cent0.0-100.0
28074.7
7567.51 7167.23 6909.64 6430.97
98.4542 95.6582 93.4806 90.0807
21811.0
6230.48 5860.57 5089.3 4683.95
91.4113 88.568 83.1775 79.7964
20029.3
5339.78 5063.47 4993.55 4593.62
88.4093 87.6776 83.9081 83.5358
8045.34
2227.73 2103.76 1916.09 1837.35
61.8868 62.5193 56.1115 59.1641
0.28657
0.29438 0.293525 0.277307 0.285703
0.0072257 0.00779374 0.00720219 0.00828384
rap0.0-2.4_pT6.5-30.0_cent10.0-20.0
6480.15
1787.91 1609.39 1599.51 1479.9
48.3185 45.7815 45.4368 43.5486
5574.14
1606.08 1423.47 1347.39 1172.03
46.3986 43.7042 42.571 39.8577
4459.51
1168.26 1211.35 1113.88 949.073
43.1979 42.8895 40.7665 39.3031
2020.64
619.655 398.034 485.63 530.823
33.9071 27.9339 29.1723 31.7608
0.31182
0.34658 0.24732 0.303612 0.358689
0.0164903 0.015867 0.0160702 0.0186866
rap0.0-2.4_pT6.5-30.0_cent10.0-30.0
11555.0
3163.63 2937.64 2812.33 2632.95
63.6653 60.912 59.65 57.6144
8777.0
2582.36 2267.33 2010.57 1884.98
58.9239 55.1354 52.5034 50.7097
8126.05
2196.89 2110.64 1964.29 1789.77
57.3646 56.3541 52.4903 52.7785
3428.95
966.741 826.999 848.039 843.18
41.4079 39.4275 36.6465 39.9022
0.296751
0.305579 0.281518 0.301543 0.320242
0.0115541 0.0120856 0.0113531 0.0134375
rap0.0-2.4_pT6.5-30.0_cent10.0-60.0
18126.4
4871.83 4717.74 4379.6 4147.1
78.0085 76.1805 73.3658 71.3806
11498.7
3467.94 2996.14 2550.28 2441.66
68.4218 63.8908 59.612 58.2217
12924.2
3457.78 3438.34 3125.57 2869.16
70.5097 70.8874 66.0073 65.6517
5202.12
1414.05 1279.4 1254.02 1277.94
49.1816 48.6748 45.3522 48.5298
0.286992
0.29025 0.27119 0.286333 0.308152
0.00896166 0.00934196 0.00917748 0.0104311
rap0.0-2.4_pT6.5-30.0_cent20.0-30.0
5070.6
1377.64 1315.85 1207.04 1150.67
41.467 40.0398 38.4769 37.6673
3204.22
968.342 860.154 657.962 704.296
36.1963 33.8746 30.519 31.1844
3678.59
1023.26 895.026 820.826 837.875
37.5586 36.4899 32.6674 35.1129
1392.01
354.388 420.824 386.212 312.796
23.9958 27.4548 23.1104 24.1965
0.274525
0.257242 0.319812 0.319967 0.271838
0.0156024 0.0184562 0.0162034 0.0190526
rap0.0-2.4_pT6.5-30.0_cent30.0-60.0
6559.86
1703.1 1759.73 1560.43 1505.01
44.9989 45.3945 42.5267 41.9251
2728.8
894.854 726.252 541.559 556.987
34.8825 32.0496 28.1023 28.4553
4756.1
1244.14 1311.51 1139.94 1064.77
41.5621 42.8673 39.4716 38.7568
1803.76
458.961 448.227 420.486 440.235
28.1756 28.7524 26.9103 27.7972
0.274969
0.269485 0.254713 0.269469 0.292513
0.014933 0.0149597 0.0156037 0.0165751
rap0.0-2.4_pT6.5-8.0_cent0.0-100.0
11725.4
3242.24 2843.2 3003.94 2638.48
67.386 63.6166 63.8252 60.1072
14055.2
4062.88 3852.06 3222.05 2882.53
73.2216 71.1032 65.5119 62.1045
9095.71
2422.56 2195.19 2248.55 2049.6
60.7012 60.0402 60.1377 56.4115
2629.71
819.673 648.012 755.389 588.879
37.9437 37.4505 39.8957 34.3816
0.224275
0.252811 0.227916 0.251466 0.223189
0.0104571 0.0121447 0.012159 0.0119979
rap0.0-2.4_pT6.5-8.0_cent10.0-60.0
7490.56
2032.15 1937.8 1834.08 1691.49
52.4279 50.7017 48.7022 47.2332
7092.55
2206.0 1840.1 1505.93 1499.49
54.0601 49.7291 45.2073 45.1554
5646.7
1506.64 1514.25 1369.77 1232.23
48.1792 49.2335 46.8715 43.9264
1843.86
525.505 423.552 464.31 459.262
31.5301 31.2575 32.0306 30.1667
0.246158
0.258596 0.218573 0.253157 0.271513
0.0140081 0.0150826 0.0161185 0.0161426
rap0.0-2.4_pT8.0-10.0_cent0.0-100.0
8954.05
2391.11 2431.54 2158.04 1982.37
54.204 54.0458 51.4789 49.0699
5086.1
1442.91 1270.39 1185.97 1133.59
44.6079 41.9518 40.964 39.4877
6304.33
1695.72 1642.26 1513.07 1382.21
50.3027 48.6753 44.7811 46.6831
2649.72
695.39 789.282 644.97 600.155
36.0724 36.6692 30.6483 35.0627
0.295924
0.290824 0.324602 0.298868 0.302747
0.0135693 0.0132428 0.0122828 0.0160213
rap0.0-2.4_pT8.0-10.0_cent10.0-60.0
5770.53
1577.68 1530.01 1389.99 1276.34
43.5592 42.5732 41.1109 38.7674
2762.32
833.316 729.971 635.973 535.615
33.9569 31.82 30.5976 27.6096
4094.4
1139.78 1074.54 919.697 881.998
41.0538 39.043 34.664 36.7313
1676.13
437.899 455.478 470.292 394.345
29.005 28.1249 25.596 27.8383
0.290463
0.277559 0.297695 0.338342 0.308965
0.0167113 0.0164099 0.0154582 0.0196888
rap1.2-1.6_pT6.5-30.0_cent0.0-100.0
6440.83
1711.12 1634.25 1570.68 1517.81
47.4029 46.7601 44.932 43.9494
5732.62
1637.86 1660.7 1276.32 1153.16
46.6238 47.042 41.5276 39.5847
4616.39
1255.87 1149.77 1150.57 1050.92
44.7333 43.5633 41.8225 40.2026
1824.45
455.246 484.485 420.108 466.887
30.817 31.7438 28.4643 29.5467
0.283263
0.266052 0.296457 0.267469 0.307605
0.0164327 0.0174741 0.0164278 0.0173095
rap1.2-1.6_pT6.5-30.0_cent10.0-60.0
4180.93
1164.51 1029.28 981.366 998.781
38.5865 36.4205 34.9132 34.921
2999.16
965.482 858.629 622.537 542.134
35.9147 33.9971 29.3288 27.62
3051.27
870.923 731.203 744.91 690.147
36.3203 35.1804 33.8887 31.852
1129.66
293.586 298.074 236.456 308.634
24.1038 26.0668 22.7356 23.4251
0.270194
0.252112 0.289595 0.240946 0.309011
0.018938 0.0231596 0.0215231 0.020817
rap1.2-2.4_pT6.5-30.0_cent0.0-100.0
14803.5
3860.06 3706.15 3638.49 3583.75
73.309 71.2254 69.8225 68.4647
13708.3
4193.33 3702.7 3101.48 2760.24
75.5461 71.2011 65.8644 62.1609
10988.7
2907.1 2721.87 2772.6 2605.25
70.5216 68.4577 66.7938 63.9897
3814.84
952.958 984.276 865.888 978.501
47.4618 48.0415 43.6648 44.3503
0.257698
0.246877 0.265579 0.23798 0.273038
0.0113666 0.0119155 0.0110979 0.0112224
rap1.2-2.4_pT6.5-30.0_cent10.0-60.0
9579.96
2593.32 2405.97 2275.21 2299.82
58.774 55.9695 54.299 54.0442
7272.17
2332.66 1873.86 1600.55 1420.14
56.5138 50.9975 47.6823 45.1794
7055.09
1963.6 1754.5 1708.97 1603.29
55.0774 55.5491 52.7315 50.2341
2524.87
629.729 651.463 566.236 696.529
35.4509 40.6145 36.0524 37.0388
0.263558
0.242827 0.27077 0.248872 0.302862
0.0125133 0.0156615 0.0146905 0.0144472
rap1.6-2.4_pT3.0-6.5_cent0.0-100.0
37745.1
10003.3 9821.34 8708.92 9223.56
165.39 165.312 158.54 155.314
190733.0
52119.3 51074.5 50129.7 44092.8
263.56 261.867 257.972 242.871
31841.7
8202.21 8466.25 7585.48 7404.9
167.456 173.149 169.851 153.457
5903.42
1801.09 1355.09 1123.44 1818.66
102.653 100.964 100.991 94.5476
0.156402
0.180049 0.137974 0.128999 0.197175
0.00982064 0.0100143 0.011356 0.00969806
rap1.6-2.4_pT3.0-6.5_cent10.0-60.0
22083.8
6568.58 5298.98 5101.31 5305.82
122.627 115.368 110.828 110.486
80541.1
22982.7 21963.2 19839.1 18264.2
177.34 173.056 164.316 158.577
18596.5
5663.84 4224.04 4212.51 4635.96
124.485 114.943 114.445 110.515
3487.23
904.74 1074.94 888.807 669.859
67.836 72.816 71.3786 55.5754
0.157909
0.137737 0.202857 0.174231 0.12625
0.0100021 0.0130124 0.0134705 0.0101391
rap1.6-2.4_pT6.5-30.0_cent0.0-100.0
8395.8
2160.1 2073.66 2083.34 2071.99
56.1513 53.7277 53.642 52.5644
7919.86
2540.17 2038.26 1806.68 1596.72
59.4392 53.3975 50.9983 47.8288
6441.14
1657.3 1571.78 1642.84 1568.06
54.7666 53.2153 52.2967 50.1242
1954.65
502.803 501.877 440.501 503.933
36.2523 36.64 32.7766 33.0668
0.232813
0.232768 0.242025 0.21144 0.243212
0.015654 0.0165191 0.0147607 0.0147179
rap1.6-2.4_pT6.5-30.0_cent10.0-60.0
5403.79
1432.85 1370.99 1299.46 1303.01
44.4287 42.331 41.6962 41.2941
4251.98
1363.03 1003.69 969.544 872.893
43.6362 37.7464 37.5325 35.7088
4035.77
1115.83 1023.86 966.376 920.617
42.8944 43.6284 40.4552 38.9109
1368.02
317.018 347.139 333.08 382.394
27.1933 31.9212 28.0948 28.4553
0.253159
0.22125 0.253203 0.256322 0.293469
0.0176952 0.0219315 0.0199949 0.0197587
