v2W_TnPAtRD3_4DEff_RapPtEffMap2_Ratio
rap	pT	cent	dPhi	ctauErrMin	ctauErrMax	NoCutEntry	CutEntry	NSig	NSigErr	NBkg	NBkgErr	coefExp	coefExpErr	coefPol1	coefPol1Err	coeffGaus	coeffGausErr	meanSig1	meanSig1Err	sigmaSig1	sigmaSig1Err	sigmaSig2	sigmaSig2Err	sigmaSig3	sigmaSig3Err	alpha	alphaErr	enne	enneErr	enneW	enneWErr	sigWidth	sigWidthErr	Gmc	GmcErr	bTau	bTauErr	fracRes	fracResErr	meanResSigW	meanResSigWErr	meanResSigN	meanResSigNErr	sigmaResSigW	sigmaResSigWErr	sigmaResSigN	sigmaResSigNErr	fpm	fpmErr	fLiving	fLivingErr	fbkgCtTot	fbkgCtTotErr	lambdam	lambdamErr	lambdap	lambdapErr	lambdasym	lambdasymErr	NLL	nFitPar	EDM	NLLMass	nFitParMass	EDMMass	Prob	PROMPT	PROMPTErr	NON-PROMPT	NON-PROMPTErr	Bfraction	BfractionErr	Resolution	ResolutionErr	
0.0-1.2	6.5-30.0	0.0-100.0	0.000-0.393	0.008	0.088	5741.0	5737.0	3708.33	66.161	2028.67	51.9378	0.248609	0.0876578	-0.05	0.0	0.458956	0.0	3.09232	0.0	0.0194341	0.0	0.0328787	0.0	0.03	0.0	1.492	0.0	5.0	0.0	1.733	0.0	0.0275357	0.0	3.25814e-05	0.000295869	0.414784	0.0129402	0.501962	0.181306	-0.00129914	0.00300691	0.0013477	0.000855764	1.52034	0.12883	0.767122	0.023391	0.99993	0.17347	0.543253	0.0977863	0.603255	0.0364521	0.0706524	1.85047e-06	0.256741	0.0235048	0.117355	0.0207878	-9597.18	4.0	2.39696e-05	-49142.2	3.0	5.47034e-07	1.0	2397.89	56.3289	1310.43	43.4662	0.353376	0.00988125	1205.54	76.6352	
0.0-1.2	6.5-30.0	0.0-100.0	0.000-1.571	0.008	0.105	21373.0	21368.0	13344.0	134.499	8024.12	112.967	-0.00644157	0.0452886	-0.05	0.0	0.458956	0.0456914	3.09232	0.000271087	0.0194341	0.000580815	0.0328787	0.00134442	0.03	0.0	1.492	0.0	5.0	0.0	1.733	0.0	0.0275357	0.000531566	1.16782e-05	0.000130175	0.362773	0.00647978	0.282557	0.19576	0.00228371	0.00264771	0.000203564	0.000367741	1.58042	0.170805	0.879727	0.0107688	0.654218	0.0213114	0.918906	0.0146783	0.495891	0.0167509	0.0705991	1.05179e-08	0.236991	0.0103219	0.441839	0.0600665	-35810.2	4.0	7.68718e-06	-210218.0	7.0	0.000107035	1.0	9007.97	114.664	4336.08	82.5491	0.324945	0.00524805	1122.94	82.5025	
0.0-1.2	6.5-30.0	0.0-100.0	0.393-0.785	0.008	0.096	5606.0	5604.0	3459.97	64.023	2144.01	52.7538	-0.107996	0.0848022	-0.05	0.0	0.458956	0.0	3.09232	0.0	0.0194341	0.0	0.0328787	0.0	0.03	0.0	1.492	0.0	5.0	0.0	1.733	0.0	0.0275357	0.0	2.67292e-05	0.00233575	0.354086	0.0120548	0.127168	0.584266	0.00999903	0.0216801	-0.00333787	0.000684053	1.49685	0.452055	0.970694	0.0212248	0.891414	4.42727	0.537212	1.97308	0.279423	0.131467	0.0707026	5.93528e-08	0.160796	0.0630351	0.0706079	0.0109296	-9493.82	4.0	7.83734e-07	-47535.7	3.0	6.17185e-06	1.0	2323.85	56.2465	1136.12	41.9117	0.328361	0.0104793	1052.31	184.991	
0.0-1.2	6.5-30.0	0.0-100.0	0.785-1.178	0.008	0.08	5254.0	5249.0	3284.86	62.4095	1964.12	50.7363	0.07678	0.088717	-0.05	0.0	0.458956	0.0	3.09232	0.0	0.0194341	0.0	0.0328787	0.0	0.03	0.0	1.492	0.0	5.0	0.0	1.733	0.0	0.0275357	0.0	4.7042e-05	0.000197635	0.378784	0.0146148	0.205787	0.168928	0.00506329	0.00588939	-0.000356201	0.00066625	1.73483	0.294288	0.853556	0.018457	0.926556	0.936624	0.375353	0.325853	0.38459	0.0635605	0.0704458	3.96572e-08	0.384747	0.0516237	0.0831324	0.0100458	-8620.75	4.0	9.17322e-05	-44308.6	3.0	4.11574e-05	1.0	2198.48	54.3003	1086.37	40.3716	0.330722	0.0105626	1094.52	100.414	
0.0-1.2	6.5-30.0	0.0-100.0	1.178-1.571	0.008	0.073	4771.0	4763.0	2882.51	58.7039	1880.42	49.4381	-0.247503	0.0905464	-0.05	0.0	0.458956	0.0	3.09232	0.0	0.0194341	0.0	0.0328787	0.0	0.03	0.0	1.492	0.0	5.0	0.0	1.733	0.0	0.0275357	0.0	3.93932e-05	0.000262579	0.242878	0.01024	0.06484	1.55249	0.000610743	0.0299573	0.000349584	0.000703077	1.94493	5.44441	1.00336	0.020806	0.680719	0.051214	0.799037	0.0386684	0.4854	0.0352147	0.0705062	4.91117e-07	0.266589	0.0303069	0.535969	0.0766529	-8232.21	4.0	1.76401e-06	-39536.6	3.0	1.74963e-05	1.0	2015.11	54.1839	867.396	39.5443	0.300917	0.0122738	1089.37	1038.08	
0.0-1.2	6.5-30.0	10.0-60.0	0.000-0.393	0.016	0.064	3429.0	3394.0	2277.07	51.4285	1116.86	38.5337	0.130171	0.118099	-0.05	0.0	0.458956	0.0	3.09232	0.0	0.0194341	0.0	0.0327658	0.0	0.03	0.0	1.492	0.0	5.0	0.0	1.733	0.0	0.0274628	0.0	1.00012e-05	0.000707514	0.328707	0.0135603	0.282557	0.0	0.00228371	0.0	-0.00167189	0.000901087	1.58042	0.0	0.888094	0.0252875	0.757244	0.141837	0.988666	0.844635	0.592261	0.0554392	0.0705615	5.61553e-05	0.215469	0.0284503	0.0704474	1.00816e-08	-6270.66	4.0	4.59128e-08	-27502.3	3.0	1.08385e-05	1.0	1488.7	44.7376	788.371	34.4674	0.346222	0.0129605	1127.65	7.14406	
0.0-1.2	6.5-30.0	10.0-60.0	0.000-1.571	0.008	0.105	12772.0	12768.0	8577.88	102.691	4189.41	78.4668	-0.0133802	0.0609463	-0.05	0.0	0.458956	0.0	3.09232	0.0	0.0194341	0.0	0.0327658	0.000711133	0.03	0.0	1.492	0.0	5.0	0.0	1.733	0.0	0.0274628	0.000229525	1.16782e-05	0.000130175	0.353934	0.00808768	0.282557	0.0	0.00228371	0.0	-0.000930836	0.00044936	1.58042	0.0	0.850867	0.0128412	0.670415	0.0283818	0.898217	0.0184956	0.472689	0.0220898	0.0707197	5.25705e-06	0.244941	0.0160278	0.555373	0.0764642	-22771.3	4.0	9.33599e-07	-120337.0	4.0	6.43673e-05	1.0	5827.06	89.1423	2750.82	64.5327	0.320688	0.00646983	1106.87	3.54102	
0.0-1.2	6.5-30.0	10.0-60.0	0.393-0.785	0.008	0.073	3425.0	3422.0	2303.87	51.6836	1118.05	38.5398	0.0752005	0.118013	-0.05	0.0	0.458956	0.0	3.09232	0.0	0.0194341	0.0	0.0327658	0.0	0.03	0.0	1.492	0.0	5.0	0.0	1.733	0.0	0.0274628	0.0	1.70432e-05	0.00459144	0.365294	0.0161437	0.282557	0.0	0.00228371	0.0	-0.00261507	0.0008746	1.58042	0.0	0.848153	0.0257527	0.993062	0.699645	0.445114	0.246082	0.298862	0.0576106	0.0705099	1.59374	0.20701	0.0137374	0.0704661	2.09169e-11	-6379.7	4.0	1.33635e-08	-27747.0	3.0	1.21265e-05	1.0	1633.3	46.1432	670.563	31.8269	0.29106	0.0121741	1105.37	7.08835	
0.0-1.2	6.5-30.0	10.0-60.0	0.785-1.178	0.008	0.064	3049.0	3042.0	2091.43	49.2973	950.563	35.9076	-0.0476622	0.128037	-0.05	0.0	0.458956	0.0	3.09232	0.0	0.0194341	0.0	0.0327658	0.0	0.03	0.0	1.492	0.0	5.0	0.0	1.733	0.0	0.0274628	0.0	1.55303e-05	0.000309325	0.410554	0.0198008	0.282557	0.0	0.00228371	0.0	0.000137327	0.000854641	1.58042	0.0	0.794637	0.0230973	0.971552	2.2163	0.56104	0.40637	0.511957	0.12478	0.0704483	3.12605	0.475416	0.0354739	0.117473	0.0428038	-5217.74	4.0	6.47138e-06	-24396.8	3.0	6.37878e-07	1.0	1381.05	42.2741	710.386	31.7458	0.339665	0.0128958	1076.47	6.11628	
0.0-1.2	6.5-30.0	10.0-60.0	1.178-1.571	0.008	0.064	2868.0	2864.0	1872.66	46.7503	991.256	36.1137	-0.233947	0.125032	-0.05	0.0	0.458956	0.0	3.09232	0.0	0.0194341	0.0	0.0327658	0.0	0.03	0.0	1.492	0.0	5.0	0.0	1.733	0.0	0.0274628	0.0	1.05551e-05	0.000410668	0.268097	0.0132313	0.282557	0.0	0.00228371	0.0	-0.00260034	0.00101465	1.58042	0.0	0.851971	0.0288655	0.649412	0.0561542	0.738939	0.0438063	0.337972	0.0438935	0.0705051	4.49597e-07	0.153146	0.0194506	0.628871	0.0812789	-5033.61	4.0	7.94447e-05	-22614.2	3.0	2.81395e-05	1.0	1284.98	42.3797	587.686	31.3406	0.313824	0.0147888	1107.48	7.96575	
0.0-2.4	10.0-13.0	0.0-100.0	0.000-0.393	0.016	0.08	1692.0	1684.0	1248.88	38.2018	435.105	25.409	0.312718	0.19445	-0.05	0.0	0.375073	0.0	3.09165	0.0	0.0212851	0.0	0.0421352	0.0	0.03	0.0	1.492	0.0	5.0	0.0	1.733	0.0	0.0357688	0.0	1.00051e-05	0.0125341	0.314424	0.0173738	0.270245	0.128633	-0.00998909	0.00318196	0.00179244	0.00112333	1.58141	0.172807	0.830671	0.0322572	0.817805	0.0611221	0.999989	0.809254	0.52623	0.065317	0.118543	0.0377257	0.194056	0.0249363	0.142245	2.72988	-3234.39	4.0	2.91497e-07	-12517.5	3.0	7.99622e-07	1.0	821.438	33.0686	427.438	25.162	0.342258	0.017214	1085.99	64.129	
0.0-2.4	10.0-13.0	0.0-100.0	0.000-1.571	0.016	0.136	6591.0	6590.0	4879.17	78.6889	1710.86	54.9881	-0.604178	0.101114	-0.05	0.0	0.375073	0.0688696	3.09165	0.00056462	0.0212851	0.00168729	0.0421352	0.0023331	0.03	0.0	1.492	0.0	5.0	0.0	1.733	0.0	0.0357688	0.00108539	1.25623e-05	9.06713e-05	0.30791	0.00897296	0.0553227	0.0789039	0.000211463	0.0144846	-2.8734e-07	0.000527103	2.09405	0.553677	0.947593	0.0157207	0.807464	0.44204	0.919897	3.79133	0.365556	0.853086	0.0705748	1.27956e-06	0.240165	0.11544	0.072455	1.20557	-12316.0	4.0	3.44088e-05	-57821.9	7.0	1.88168e-06	1.0	3258.95	68.6162	1620.22	51.2693	0.332069	0.00904062	1044.44	72.9784	
0.0-2.4	10.0-13.0	0.0-100.0	0.393-0.785	0.016	0.088	1693.0	1692.0	1270.94	38.2695	421.066	24.7919	-0.758914	0.197916	-0.05	0.0	0.375073	0.0	3.09165	0.0	0.0212851	0.0	0.0421352	0.0	0.03	0.0	1.492	0.0	5.0	0.0	1.733	0.0	0.0357688	0.0	9.67596e-05	0.000320065	0.336851	0.0189688	0.901013	0.195774	0.0060855	0.00409751	-0.00655515	0.00355105	1.24122	0.055634	0.6	0.0263587	0.862778	3.9057	0.999998	500.437	0.450509	5.94139	0.0705454	5.38608e-08	0.207393	0.242277	0.0705246	198182.0	-3217.01	4.0	7.53888e-07	-12620.0	3.0	1.64946e-05	1.0	870.83	33.4189	400.114	23.9667	0.314816	0.0163016	1193.21	55.0031	
0.0-2.4	10.0-13.0	0.0-100.0	0.785-1.178	0.016	0.105	1584.0	1582.0	1174.13	37.0966	407.897	24.6966	-0.949928	0.203779	-0.05	0.0	0.375073	0.0	3.09165	0.0	0.0212851	0.0	0.0421352	0.0	0.03	0.0	1.492	0.0	5.0	0.0	1.733	0.0	0.0357688	0.0	0.000150013	0.000368392	0.307963	0.0196909	0.0264074	0.0572745	-0.00999785	0.0190428	-8.43774e-05	0.00115101	2.7635	1.37205	1.0322	0.0361242	0.924007	0.0976959	0.999523	0.758572	0.416904	0.0724244	0.0973935	0.0768024	0.325712	0.031354	0.125391	3.63895	-2845.22	4.0	1.07218e-05	-11578.0	3.0	6.09794e-06	1.0	802.512	33.7586	371.619	25.1915	0.316506	0.0189825	1113.09	97.1342	
0.0-2.4	10.0-13.0	0.0-100.0	1.178-1.571	0.016	0.088	1621.0	1611.0	1186.23	37.3622	424.793	25.1897	-1.03232	0.199143	-0.05	0.0	0.375073	0.0	3.09165	0.0	0.0212851	0.0	0.0421352	0.0	0.03	0.0	1.492	0.0	5.0	0.0	1.733	0.0	0.0357688	0.0	4.2601e-05	0.000476275	0.30548	0.0188026	0.726956	0.161532	0.0031347	0.00293387	0.00144865	0.00231906	1.44524	0.102086	0.638649	0.0573264	0.998648	1.26934	0.610668	0.228436	0.285245	0.0686058	0.0704734	1.41066	0.232353	0.0159276	0.070562	2.1258e-07	-3005.39	4.0	2.36629e-05	-11836.1	3.0	2.09188e-06	1.0	829.721	33.3095	356.506	23.5085	0.300538	0.0174111	1276.63	67.8743	
0.0-2.4	10.0-13.0	10.0-60.0	0.000-0.393	0.016	0.08	1111.0	1106.0	830.582	31.1473	275.299	20.3667	0.269088	0.244208	-0.05	0.0	0.375073	0.0	3.09165	0.0	0.0212851	0.0	0.0424463	0.0	0.03	0.0	1.492	0.0	5.0	0.0	1.733	0.0	0.035998	0.0	1.00051e-05	0.0125341	0.27479	0.0183508	0.0553227	0.0	0.000211463	0.0	-0.000292703	0.00113701	2.09405	0.0	0.861822	0.0326613	0.834706	0.00260548	1.0	4.32373	0.520754	0.00256132	0.129932	0.00189672	0.209887	0.00126457	0.186643	18.3807	-2145.16	4.0	6.7578e-06	-7768.03	3.0	7.18031e-05	1.0	524.538	26.8171	306.044	21.5394	0.368469	0.021945	971.72	13.6824	
0.0-2.4	10.0-13.0	10.0-60.0	0.000-1.571	0.016	0.136	4222.0	4221.0	3208.3	62.2126	1012.73	40.926	-0.73981	0.128285	-0.05	0.0	0.375073	0.0	3.09165	0.0	0.0212851	0.0	0.0424463	0.00124946	0.03	0.0	1.492	0.0	5.0	0.0	1.733	0.0	0.0359979	0.000460347	1.25623e-05	9.06713e-05	0.321719	0.0114253	0.0553227	0.0	0.000211463	0.0	5.66787e-05	0.000645112	2.09405	0.0	0.934503	0.0189629	0.97347	0.969869	0.587106	0.0657462	0.249608	0.0584808	0.070503	0.776704	0.264422	0.0119097	0.0706166	0.0394056	-7943.34	4.0	3.58958e-06	-35327.0	4.0	3.5526e-07	1.0	2133.43	54.2871	1074.87	40.8664	0.335027	0.0109565	1033.24	8.10103	
0.0-2.4	10.0-13.0	10.0-60.0	0.393-0.785	0.016	0.088	1085.0	1083.0	848.144	31.0735	234.856	18.7692	-0.948966	0.267938	-0.05	0.0	0.375073	0.0	3.09165	0.0	0.0212851	0.0	0.0424463	0.0	0.03	0.0	1.492	0.0	5.0	0.0	1.733	0.0	0.035998	0.0	9.67596e-05	0.000320065	0.360317	0.0239714	0.0553227	0.0	0.000211463	0.0	-0.000511886	0.00121602	2.09405	0.0	0.929721	0.0380882	0.732428	0.0582591	0.999998	0.0063127	0.295937	0.0560751	0.0705682	1.47969e-08	0.179651	0.0217439	1.07315	3.0154	-2101.85	4.0	6.24753e-07	-7676.44	3.0	8.22667e-07	1.0	560.869	26.9835	287.275	20.4118	0.33871	0.0206204	1029.15	16.2524	
0.0-2.4	10.0-13.0	10.0-60.0	0.785-1.178	0.016	0.105	1022.0	1021.0	785.574	30.0336	235.428	18.7592	-1.14412	0.27262	-0.05	0.0	0.375073	0.0	3.09165	0.0	0.0212851	0.0	0.0424463	0.0	0.03	0.0	1.492	0.0	5.0	0.0	1.733	0.0	0.035998	0.0	0.000150013	0.000368392	0.361624	0.0272454	0.0553227	0.0	0.000211463	0.0	7.02458e-05	0.00141092	2.09405	0.0	1.04976	0.041342	0.999799	0.117829	0.940553	0.0705499	0.449826	0.0744622	0.0713962	5.17228e-09	0.401073	0.0535651	0.198693	0.203604	-1841.92	4.0	3.70392e-06	-7087.18	3.0	1.70022e-07	1.0	537.6	26.7093	247.974	19.5149	0.31566	0.0217133	1132.97	18.0932	
0.0-2.4	10.0-13.0	10.0-60.0	1.178-1.571	0.016	0.056	1002.0	982.0	729.868	29.1332	252.113	19.2631	-1.23096	0.262243	-0.05	0.0	0.375073	0.0	3.09165	0.0	0.0212851	0.0	0.0424463	0.0	0.03	0.0	1.492	0.0	5.0	0.0	1.733	0.0	0.035998	0.0	5.58531e-05	0.000456735	0.288542	0.0221628	0.0553227	0.0	0.000211463	0.0	0.00167897	0.00144956	2.09405	0.0	1.02539	0.0415514	0.999747	0.776147	0.624529	0.168646	0.223068	0.158046	0.0704579	1.00995e-08	0.181082	0.0264657	0.0704985	0.0339354	-1883.73	4.0	4.80716e-05	-6742.38	3.0	4.94817e-05	1.0	498.345	26.2513	231.523	19.4641	0.317212	0.0234704	1111.69	18.1028	
0.0-2.4	10.0-30.0	0.0-100.0	0.000-0.393	0.008	0.088	2633.0	2627.0	1977.32	47.9857	649.692	31.2237	0.144535	0.158517	-0.05	0.0	0.424351	0.0	3.09238	0.0	0.0218799	0.0	0.0442294	0.0	0.03	0.0	1.492	0.0	5.0	0.0	1.733	0.0	0.036459	0.0	2.70146e-05	0.00458685	0.316075	0.0134573	0.4173	0.695008	-0.00292619	0.00669808	0.00164832	0.00103605	1.43528	0.240682	0.795603	0.031043	0.832365	0.717948	0.999776	5904.9	0.5279	243.91	0.102977	75.3708	0.210779	10.5622	0.0705061	1209460.0	-5029.06	4.0	4.38755e-05	-20751.2	3.0	4.45969e-05	1.0	1249.67	41.0131	727.65	32.7745	0.367997	0.0139636	1108.37	233.06	
0.0-2.4	10.0-30.0	0.0-100.0	0.000-1.571	0.008	0.136	10129.0	10128.0	7569.6	97.8774	2558.43	67.592	-0.619277	0.0830557	-0.05	0.0	0.424351	0.0530412	3.09238	0.000445173	0.0218799	0.00122646	0.0442294	0.00209376	0.03	0.0	1.492	0.0	5.0	0.0	1.733	0.0	0.036459	0.00092067	1.01973e-05	0.00191321	0.283128	0.0064817	0.0473596	0.058793	-0.000901407	0.00750486	-0.000169854	0.000403872	2.0393	0.463163	0.96036	0.0129567	0.885837	0.291231	0.858549	0.534101	0.372329	0.0960598	0.0706365	1.01858e-08	0.251921	0.0349166	0.0707365	8.03765e-07	-19336.1	4.0	1.82906e-05	-93392.2	7.0	5.44445e-06	1.0	4887.96	84.7435	2681.63	66.2508	0.354264	0.00745775	1037.1	51.0068	
0.0-2.4	10.0-30.0	0.0-100.0	0.393-0.785	0.008	0.105	2610.0	2608.0	1932.3	47.3796	675.61	31.4331	-0.681139	0.155713	-0.05	0.0	0.424351	0.0	3.09238	0.0	0.0218799	0.0	0.0442294	0.0	0.03	0.0	1.492	0.0	5.0	0.0	1.733	0.0	0.036459	0.0	3.35672e-05	0.000225803	0.302504	0.0138762	0.896102	0.170491	0.00449012	0.0031336	-0.00605143	0.00271564	1.22675	0.0429112	0.6	0.0176647	0.847191	0.0901194	0.999996	0.0497383	0.453365	0.0702534	0.0707	0.0479846	0.206552	0.0164492	0.0709372	2.38841e-07	-5061.91	4.0	7.75193e-06	-20497.0	3.0	4.44479e-05	1.0	1322.01	41.4274	610.295	29.8229	0.315838	0.0133503	1177.27	46.0415	
0.0-2.4	10.0-30.0	0.0-100.0	0.785-1.178	0.008	0.105	2417.0	2416.0	1807.68	45.7736	608.398	29.9324	-0.989513	0.166968	-0.05	0.0	0.424351	0.0	3.09238	0.0	0.0218799	0.0	0.0442294	0.0	0.03	0.0	1.492	0.0	5.0	0.0	1.733	0.0	0.036459	0.0	2.54104e-05	0.00458759	0.267747	0.0133596	0.0657857	0.0838022	-0.00690936	0.0141205	0.000334959	0.000853912	2.24771	0.605703	0.955635	0.0277793	0.840159	0.169922	0.900604	0.348965	0.295254	0.120335	0.0705201	0.0273952	0.336652	0.0450278	0.0705573	7.29158e-07	-4570.93	4.0	6.9688e-05	-18808.2	3.0	1.4585e-05	1.0	1192.36	41.1723	615.323	32.0364	0.340394	0.0154852	1088.82	90.354	
0.0-2.4	10.0-30.0	0.0-100.0	1.178-1.571	0.008	0.088	2468.0	2457.0	1852.3	46.5154	604.736	30.2677	-0.997799	0.167218	-0.05	0.0	0.424351	0.0	3.09238	0.0	0.0218799	0.0	0.0442294	0.0	0.03	0.0	1.492	0.0	5.0	0.0	1.733	0.0	0.036459	0.0	1.75512e-05	0.000225058	0.272296	0.0127598	0.705089	0.165302	0.000976293	0.00222629	0.00135403	0.00174257	1.41329	0.0927835	0.670665	0.0488705	0.999781	0.147928	0.745923	0.106276	0.303901	0.0742276	0.0710565	1.46335e-08	0.234246	0.0289042	0.0706107	7.0753e-09	-4667.01	4.0	8.07444e-06	-19163.2	3.0	3.56224e-06	1.0	1217.14	41.0429	635.157	31.697	0.342902	0.0147878	1241.37	63.6895	
0.0-2.4	10.0-30.0	10.0-60.0	0.000-0.393	0.016	0.088	1707.0	1686.0	1287.08	38.6412	398.931	24.5965	0.0382656	0.202192	-0.05	0.0	0.424351	0.0	3.09238	0.0	0.0218799	0.0	0.0443413	0.0	0.03	0.0	1.492	0.0	5.0	0.0	1.733	0.0	0.0365371	0.0	2.29069e-05	0.00458874	0.311571	0.0164791	0.0473596	0.0	-0.000901407	0.0	-0.000275675	0.000892175	2.0393	0.0	0.892897	0.0270761	0.87108	0.0549578	0.99997	0.646476	0.494824	0.0641464	0.117611	0.0433437	0.211318	0.0254372	0.0704965	1.04243e-06	-3331.27	4.0	1.5847e-05	-12601.6	3.0	1.55402e-05	1.0	814.057	33.1364	473.024	26.5027	0.367517	0.0173856	977.99	11.7748	
0.0-2.4	10.0-30.0	10.0-60.0	0.000-1.571	0.008	0.136	6506.0	6504.0	4968.49	77.5142	1535.58	50.75	-0.676984	0.104014	-0.05	0.0	0.424351	0.0	3.09238	0.0	0.0218799	0.0	0.0443413	0.00112598	0.03	0.0	1.492	0.0	5.0	0.0	1.733	0.0	0.0365372	0.000393309	1.01973e-05	0.00191321	0.301415	0.00853557	0.0473596	0.0	-0.000901407	0.0	-7.21217e-06	0.000490069	2.0393	0.0	0.956169	0.0157096	0.88611	1.84548	0.790166	11.3642	0.333481	3.39181	0.0705015	1.46798e-08	0.263223	0.330821	0.0706036	1.20006	-12604.9	4.0	4.75089e-06	-57325.7	4.0	4.04799e-06	1.0	3249.47	67.4198	1719.01	51.9098	0.345983	0.00894544	1033.4	6.92357	
0.0-2.4	10.0-30.0	10.0-60.0	0.393-0.785	0.008	0.105	1663.0	1661.0	1274.52	38.2779	386.509	24.0237	-0.710646	0.206722	-0.05	0.0	0.424351	0.0	3.09238	0.0	0.0218799	0.0	0.0443413	0.0	0.03	0.0	1.492	0.0	5.0	0.0	1.733	0.0	0.0365371	0.0	3.35672e-05	0.000225803	0.311479	0.0173205	0.0473596	0.0	-0.000901407	0.0	-0.00043719	0.00093422	2.0393	0.0	0.951823	0.0316071	0.684664	0.0508805	0.999999	0.00393478	0.316422	0.0482519	0.0704702	4.25109e-08	0.189697	0.0188787	1.13356	3.04665	-3310.84	4.0	1.35674e-05	-12407.9	3.0	3.36246e-05	1.0	851.603	33.7184	422.912	25.3792	0.331822	0.0172397	1029.57	13.9182	
0.0-2.4	10.0-30.0	10.0-60.0	0.785-1.178	0.008	0.105	1558.0	1556.0	1189.83	36.9142	366.222	23.2176	-0.996497	0.215855	-0.05	0.0	0.424351	0.0	3.09238	0.0	0.0218799	0.0	0.0443413	0.0	0.03	0.0	1.492	0.0	5.0	0.0	1.733	0.0	0.0365371	0.0	2.54104e-05	0.00458759	0.307681	0.0187922	0.0473596	0.0	-0.000901407	0.0	0.000255819	0.00103735	2.0393	0.0	1.01063	0.0336191	0.883039	0.0732694	0.999751	0.177317	0.3971	0.0698806	0.0706024	0.0327566	0.407483	0.0398558	0.0706718	2.89845	-2928.66	4.0	5.82702e-07	-11482.6	3.0	9.6165e-06	1.0	797.669	32.7467	392.158	24.6564	0.329593	0.018024	1081.65	14.9621	
0.0-2.4	10.0-30.0	10.0-60.0	1.178-1.571	0.008	0.08	1576.0	1565.0	1195.32	37.1778	369.691	23.5919	-1.05684	0.215163	-0.05	0.0	0.424351	0.0	3.09238	0.0	0.0218799	0.0	0.0443413	0.0	0.03	0.0	1.492	0.0	5.0	0.0	1.733	0.0	0.0365371	0.0	1.00138e-05	0.000350061	0.27418	0.0154824	0.0473596	0.0	-0.000901407	0.0	0.000596601	0.00110871	2.0393	0.0	1.02775	0.0343786	0.96223	0.864187	0.836882	0.909454	0.338543	0.366761	0.0707011	3.79762e-06	0.186968	0.0332804	0.0704628	0.182891	-3038.44	4.0	1.68219e-07	-11535.7	3.0	9.07333e-07	1.0	764.111	33.0572	431.211	26.6053	0.360749	0.0192228	1096.91	15.3428	
0.0-2.4	13.0-30.0	0.0-100.0	0.000-0.393	0.008	0.064	941.0	936.0	732.235	29.0608	203.742	17.7784	-0.20382	0.283191	-0.05	0.0	0.496689	0.0	3.09377	0.0	0.0225495	0.0	0.0483598	0.0	0.03	0.0	1.492	0.0	5.0	0.0	1.733	0.0	0.0378105	0.0	0.000100096	0.000341831	0.319459	0.0210439	0.858188	0.20333	0.00132389	0.00290195	0.00131512	7.42771e-08	1.21927	0.0856541	0.661311	0.116146	0.86939	0.777641	0.999616	0.177539	0.538428	0.351955	0.0704425	1.19411	0.253749	0.0418334	0.0706124	3.61109e-06	-1805.16	4.0	0.833569	-6482.07	3.0	7.43597e-07	1.0	430.555	23.8844	301.68	20.5383	0.411999	0.0227897	1156.64	60.4136	
0.0-2.4	13.0-30.0	0.0-100.0	0.000-1.571	0.008	0.105	3538.0	3538.0	2696.32	58.221	841.72	39.1794	-0.652147	0.145185	-0.05	0.0	0.496689	0.0753787	3.09377	0.000726701	0.0225495	0.00171458	0.0483598	0.00394923	0.03	0.0	1.492	0.0	5.0	0.0	1.733	0.0	0.0378105	0.00158503	2.10356e-05	0.0045896	0.243946	0.00903192	0.0347602	0.122355	-0.00537756	0.015369	-0.000279039	0.000633265	1.80759	0.989032	0.981329	0.0225767	0.905067	0.0870387	0.969375	0.713542	0.410019	0.0407506	0.0706015	1.15958e-06	0.262553	0.0210997	0.070572	1.7009e-06	-7049.69	4.0	2.77588e-07	-29023.7	7.0	4.11103e-06	1.0	1626.06	49.7349	1070.26	42.1287	0.396932	0.0130639	1021.33	76.1468	
0.0-2.4	13.0-30.0	0.0-100.0	0.393-0.785	0.008	0.064	916.0	910.0	661.302	27.9424	248.605	19.185	-0.493068	0.254559	-0.05	0.0	0.496689	0.0	3.09377	0.0	0.0225495	0.0	0.0483598	0.0	0.03	0.0	1.492	0.0	5.0	0.0	1.733	0.0	0.0378105	0.0	1.12306e-05	0.00159264	0.234857	0.0186667	0.703851	0.324382	0.00687232	0.0111474	-0.00863077	0.00209693	1.16624	0.0727715	0.670051	0.075018	0.828828	0.300697	0.993403	0.031433	0.479934	0.221557	0.0705165	1.26318e-07	0.196588	0.030714	0.0704594	3.7126e-08	-1851.36	4.0	8.61599e-06	-6148.2	3.0	6.3878e-05	1.0	448.641	24.4617	212.661	17.8819	0.32158	0.0233785	1044.16	76.6592	
0.0-2.4	13.0-30.0	0.0-100.0	0.785-1.178	0.008	0.056	833.0	820.0	620.678	26.5568	199.323	16.85	-1.05749	0.290821	-0.05	0.0	0.496689	0.0	3.09377	0.0	0.0225495	0.0	0.0483598	0.0	0.03	0.0	1.492	0.0	5.0	0.0	1.733	0.0	0.0378105	0.0	3.98792e-05	0.000279455	0.212032	0.0161981	0.0591112	0.0890247	-0.00987308	0.0151467	0.000364797	0.00128459	2.19428	0.854214	0.952708	0.0466925	1.0	0.0183563	0.708224	0.114795	0.287375	0.0977876	0.297199	0.00207019	0.373356	0.0515591	0.0705561	0.0340469	-1705.15	4.0	2.3298e-07	-5564.49	3.0	6.50354e-08	1.0	381.736	23.5502	238.943	19.808	0.38497	0.0273342	1067.06	98.5976	
0.0-2.4	13.0-30.0	0.0-100.0	1.178-1.571	0.008	0.08	846.0	845.0	666.175	27.6843	178.837	16.7061	-0.921255	0.307556	-0.05	0.0	0.496689	0.0	3.09377	0.0	0.0225495	0.0	0.0483598	0.0	0.03	0.0	1.492	0.0	5.0	0.0	1.733	0.0	0.0378105	0.0	1.03545e-05	0.00459451	0.226045	0.0162455	0.858094	0.102806	-0.0014856	0.00231549	0.00244804	0.00472071	1.25528	0.0777394	0.6	0.313772	1.0	0.011496	1.0	1.04748	0.304483	0.0599485	0.0704597	0.0732157	0.238392	0.0294052	0.0709694	6172.62	-1673.7	4.0	1.31319e-06	-5739.8	3.0	2.37765e-06	1.0	384.788	23.624	281.386	20.9554	0.422391	0.0261033	1184.57	45.5214	
0.0-2.4	13.0-30.0	10.0-60.0	0.000-0.393	0.008	0.064	596.0	591.0	472.516	23.1427	118.477	13.4733	-0.538818	0.372185	-0.05	0.0	0.496689	0.0	3.09377	0.0	0.0225495	0.0	0.0474252	0.0	0.03	0.0	1.492	0.0	5.0	0.0	1.733	0.0	0.0372099	0.0	0.000100096	0.000341831	0.364042	0.0310408	0.0347602	0.0	-0.00537756	0.0	0.000619733	0.00138867	1.80759	0.0	0.954567	0.0471704	0.987451	0.138924	0.916471	0.153558	0.572826	0.0798112	0.0704518	3.17525e-08	0.232019	0.0449749	0.0704519	6.05211e-08	-1253.01	4.0	4.16157e-05	-3854.2	3.0	1.72637e-05	1.0	296.023	19.6767	176.493	15.8647	0.373517	0.0281533	996.544	21.8064	
0.0-2.4	13.0-30.0	10.0-60.0	0.000-1.571	0.008	0.08	2283.0	2278.0	1755.38	46.0339	522.599	29.7727	-0.553965	0.17746	-0.05	0.0	0.496689	0.0	3.09377	0.0	0.0225495	0.0	0.0474252	0.00217966	0.03	0.0	1.492	0.0	5.0	0.0	1.733	0.0	0.0372099	0.000699109	1.04426e-05	0.00602457	0.266626	0.0125458	0.0347602	0.0	-0.00537756	0.0	-0.000374884	0.000758951	1.80759	0.0	0.97972	0.0276391	0.899498	0.202244	0.92412	0.897488	0.393658	0.196675	0.0706031	1.35765e-06	0.272109	0.04733	0.07079	1.05703	-4667.41	4.0	7.40578e-05	-17743.5	4.0	8.85172e-06	1.0	1110.47	39.8693	644.914	32.0552	0.367392	0.0155126	1019.83	12.8145	
0.0-2.4	13.0-30.0	10.0-60.0	0.393-0.785	0.008	0.064	577.0	575.0	423.463	22.2758	151.479	14.974	-0.341082	0.3247	-0.05	0.0	0.496689	0.0	3.09377	0.0	0.0225495	0.0	0.0474252	0.0	0.03	0.0	1.492	0.0	5.0	0.0	1.733	0.0	0.0372099	0.0	1.12306e-05	0.00159264	0.199769	0.0207444	0.0347602	0.0	-0.00537756	0.0	-0.00167659	0.00150975	1.80759	0.0	1.01478	0.0564111	0.858098	2.74008	0.989403	2.07237	0.444977	0.449107	0.0705082	5.19624e-08	0.198918	0.111885	0.0710181	17.1502	-1218.79	4.0	7.30862e-07	-3638.71	3.0	5.39619e-05	1.0	284.261	20.5068	139.202	15.8288	0.328724	0.0331392	1052.41	26.2518	
0.0-2.4	13.0-30.0	10.0-60.0	0.785-1.178	0.012	0.044	535.0	520.0	393.732	21.1241	126.279	13.3702	-0.797412	0.359874	-0.05	0.0	0.496689	0.0	3.09377	0.0	0.0225495	0.0	0.0474252	0.0	0.03	0.0	1.492	0.0	5.0	0.0	1.733	0.0	0.0372099	0.0	1.72143e-05	0.000568696	0.223698	0.0220836	0.0347602	0.0	-0.00537756	0.0	-0.000407916	0.0015409	1.80759	0.0	0.970109	0.0599895	0.999999	6.49032	0.667588	0.240335	0.190439	0.125721	0.0706343	0.818791	0.430633	0.144276	0.0705338	1.43296e-09	-1071.18	4.0	1.3445e-05	-3289.49	3.0	4.565e-06	1.0	254.661	18.7065	139.071	14.7964	0.353212	0.0324521	1010.93	27.7832	
0.0-2.4	13.0-30.0	10.0-60.0	1.178-1.571	0.008	0.08	573.0	572.0	454.058	22.8345	117.921	13.6119	-0.706271	0.374781	-0.05	0.0	0.496689	0.0	3.09377	0.0	0.0225495	0.0	0.0474252	0.0	0.03	0.0	1.492	0.0	5.0	0.0	1.733	0.0	0.0372099	0.0	1.03545e-05	0.00459451	0.256755	0.0216959	0.0347602	0.0	-0.00537756	0.0	-0.00179789	0.00166127	1.80759	0.0	0.960315	0.0570475	1.0	0.00320366	0.960856	0.979445	0.264938	0.182724	0.0704523	7.44058e-08	0.213118	0.0323235	0.0707962	4.94969	-1140.89	4.0	7.63675e-05	-3674.01	3.0	2.77938e-06	1.0	259.687	19.7403	194.371	17.7391	0.428076	0.0326013	1001.86	26.3905	
0.0-2.4	6.5-10.0	0.0-100.0	0.000-0.393	0.016	0.176	11167.0	11164.0	5638.57	86.6054	5525.3	85.9487	-0.0654345	0.0526556	-0.05	0.0	0.383414	0.0	3.09196	0.0	0.0512024	0.0	0.0253096	0.0	0.03	0.0	1.492	0.0	5.0	0.0	1.733	0.0	0.0374187	0.0	8.61526e-05	0.000304753	0.365931	0.0114076	0.229673	0.0853887	0.00955478	0.0179797	0.00134296	0.000558963	1.9197	0.184703	0.924321	0.0130121	0.900403	0.16241	0.550493	0.116798	0.616085	0.199008	0.159887	0.0392898	0.225098	0.0164469	0.0707227	0.0974621	-15839.4	4.0	4.89447e-05	-98876.6	3.0	9.56275e-06	1.0	4160.57	79.0136	1478.0	51.7181	0.262123	0.00824136	1226.6	59.5272	
0.0-2.4	6.5-10.0	0.0-100.0	0.000-1.571	0.016	0.136	39829.0	39757.0	20702.9	191.743	19054.1	187.38	-0.114151	0.0292149	-0.05	0.0	0.383414	0.033331	3.09196	0.000304032	0.0512024	0.00182471	0.0253096	0.000653887	0.03	0.0	1.492	0.0	5.0	0.0	1.733	0.0	0.0374187	0.000665092	7.98293e-05	0.000176368	0.326379	0.00547056	0.239612	0.0894154	0.0062101	0.00335034	0.00231217	0.000314163	1.68288	0.117187	0.939192	0.00776137	0.600066	0.0287938	0.924649	0.0153264	0.573978	0.0202776	0.0707389	0.00626505	0.213669	0.00707764	0.34252	0.0439835	-56741.2	4.0	4.24997e-05	-403565.0	7.0	3.96487e-05	1.0	15303.2	167.958	5399.71	103.066	0.260819	0.00435298	1161.61	42.7504	
0.0-2.4	6.5-10.0	0.0-100.0	0.393-0.785	0.016	0.145	10425.0	10417.0	5280.84	83.6671	5135.75	82.795	-0.283397	0.0547816	-0.05	0.0	0.383414	0.0	3.09196	0.0	0.0512024	0.0	0.0253096	0.0	0.03	0.0	1.492	0.0	5.0	0.0	1.733	0.0	0.0374187	0.0	2.35595e-05	0.00458844	0.312933	0.0101802	0.518497	0.764936	0.0035218	0.00428896	0.00288302	0.00092499	1.41682	0.222188	0.852628	0.0232007	0.623437	0.0339715	0.902671	0.0350601	0.516278	0.0253035	0.0705784	2.43917e-09	0.188845	0.0105694	0.267265	0.0524695	-14341.2	4.0	1.87946e-06	-91564.7	3.0	2.12203e-05	1.0	3856.32	76.752	1424.52	51.646	0.269753	0.00879662	1179.34	218.886	
0.0-2.4	6.5-10.0	0.0-100.0	0.785-1.178	0.016	0.152	9584.0	9582.0	5154.99	82.0437	4426.95	77.4794	0.0497234	0.0589198	-0.05	0.0	0.383414	0.0	3.09196	0.0	0.0512024	0.0	0.0253096	0.0	0.03	0.0	1.492	0.0	5.0	0.0	1.733	0.0	0.0374187	0.0	6.88744e-05	0.000959106	0.381867	0.0123944	0.111526	0.0960542	0.00999997	0.016016	0.00167767	0.000568438	1.868	0.326587	0.984153	0.014181	0.662007	0.130342	0.63147	0.226457	0.540723	0.0396273	0.0705141	3.80406e-07	0.221685	0.0223128	0.0916081	0.0136716	-13838.5	4.0	7.97685e-05	-83900.7	3.0	1.51383e-06	1.0	3799.33	74.3123	1355.66	48.2855	0.262981	0.00837963	1117.9	62.363	
0.0-2.4	6.5-10.0	0.0-100.0	1.178-1.571	0.016	0.152	8651.0	8647.0	4625.81	77.6773	4021.06	73.681	-0.152927	0.0618538	-0.05	0.0	0.383414	0.0	3.09196	0.0	0.0512024	0.0	0.0253096	0.0	0.03	0.0	1.492	0.0	5.0	0.0	1.733	0.0	0.0374187	0.0	0.000188434	0.000544939	0.227695	0.00862414	0.374742	0.211643	0.00265475	0.00433016	0.00164492	0.0007155	1.50231	0.158008	0.811062	0.0181143	0.581239	0.0312085	0.845537	0.0322771	0.571531	0.0233812	0.0705122	3.92359e-09	0.293969	0.0221505	0.44343	0.0674282	-12805.5	4.0	2.27968e-05	-74775.2	3.0	2.76688e-05	1.0	3416.56	73.4223	1209.25	50.1166	0.261413	0.009905	1121.2	85.3545	
0.0-2.4	6.5-10.0	10.0-60.0	0.000-0.393	0.016	0.128	6658.0	6648.0	3617.34	68.275	3030.6	63.8332	-0.12715	0.0712575	-0.05	0.0	0.383414	0.0	3.09196	0.0	0.0512024	0.0	0.0253606	0.0	0.03	0.0	1.492	0.0	5.0	0.0	1.733	0.0	0.03744	0.0	8.49577e-05	0.000305158	0.286824	0.0114164	0.239612	0.0	0.0062101	0.0	0.000175482	0.00071278	1.68288	0.0	0.892728	0.0162871	0.729637	0.278963	0.916556	0.815343	0.607123	0.0980212	0.070554	0.0146118	0.189582	0.0471126	0.0704799	5.87713e-07	-10440.8	4.0	7.02362e-05	-55863.0	3.0	1.47232e-05	1.0	2665.88	63.2996	951.464	42.3977	0.263029	0.0106173	1133.4	4.87735	
0.0-2.4	6.5-10.0	10.0-60.0	0.000-1.571	0.016	0.16	23122.0	23118.0	13274.1	131.363	9843.96	117.585	-0.166664	0.0396426	-0.05	0.0	0.383414	0.0	3.09196	0.0	0.0512024	0.0	0.0253606	0.000411075	0.03	0.0	1.492	0.0	5.0	0.0	1.733	0.0	0.03744	8.58437e-05	8.22954e-05	0.000174121	0.299093	0.00645702	0.239612	0.0	0.0062101	0.0	0.000956355	0.000391897	1.68288	0.0	0.906015	0.00941862	0.644087	0.0251926	0.902777	0.0173691	0.581606	0.0166567	0.0704972	3.07473e-07	0.222391	0.0100252	0.418853	0.0496912	-35569.0	4.0	2.93388e-07	-224109.0	4.0	1.14503e-07	1.0	9770.45	121.22	3503.6	80.9162	0.263944	0.00550783	1141.39	2.84245	
0.0-2.4	6.5-10.0	10.0-60.0	0.393-0.785	0.016	0.128	6075.0	6052.0	3473.7	66.334	2578.19	59.1994	-0.207457	0.0774876	-0.05	0.0	0.383414	0.0	3.09196	0.0	0.0512024	0.0	0.0253606	0.0	0.03	0.0	1.492	0.0	5.0	0.0	1.733	0.0	0.03744	0.0	1.37048e-05	0.000223793	0.279792	0.0119658	0.239612	0.0	0.0062101	0.0	0.00138165	0.000851147	1.68288	0.0	0.999419	0.0208998	0.64259	0.0684346	0.947811	0.0420136	0.583197	0.0402175	0.0705569	2.43007e-09	0.235088	0.0175055	0.26487	0.113311	-9467.27	4.0	2.45311e-08	-50577.8	3.0	3.49358e-05	1.0	2605.01	62.809	868.692	41.7797	0.250077	0.0110387	1199.21	6.62215	
0.0-2.4	6.5-10.0	10.0-60.0	0.785-1.178	0.016	0.152	5374.0	5372.0	3217.09	63.7833	2154.88	54.8277	-0.123798	0.0848138	-0.05	0.0	0.383414	0.0	3.09196	0.0	0.0512024	0.0	0.0253606	0.0	0.03	0.0	1.492	0.0	5.0	0.0	1.733	0.0	0.03744	0.0	6.88744e-05	0.000959106	0.394092	0.0161414	0.239612	0.0	0.0062101	0.0	0.00118357	0.000762981	1.68288	0.0	0.876785	0.0182094	0.999972	0.383724	0.400954	0.0682573	0.59375	0.0463577	0.0707626	1.54259e-09	0.29055	0.0295684	0.103783	0.0136922	-8228.6	4.0	9.38641e-05	-44424.4	3.0	7.03012e-06	1.0	2343.89	57.3514	873.198	37.8069	0.271425	0.0104474	1123.9	5.40089	
0.0-2.4	6.5-10.0	10.0-60.0	1.178-1.571	0.016	0.136	5014.0	5010.0	2973.15	61.2498	2036.79	53.0577	-0.210395	0.0872335	-0.05	0.0	0.383414	0.0	3.09196	0.0	0.0512024	0.0	0.0253606	0.0	0.03	0.0	1.492	0.0	5.0	0.0	1.733	0.0	0.03744	0.0	0.000177731	0.000547176	0.242479	0.0106379	0.239612	0.0	0.0062101	0.0	7.11647e-05	0.000825153	1.68288	0.0	0.840665	0.0205512	0.562487	0.0492557	0.802283	0.0397114	0.498582	0.0427062	0.0705666	0.0115359	0.260247	0.0333466	0.543289	0.0789574	-7615.54	4.0	2.61534e-05	-41049.5	3.0	2.06501e-05	1.0	2126.1	57.3814	847.049	40.972	0.2849	0.0124683	1102.72	5.95665	
0.0-2.4	6.5-30.0	0.0-10.0	0.000-0.393	0.008	0.16	5157.0	5154.0	2436.31	57.4886	2717.83	59.8868	0.0277355	0.0748811	-0.05	0.0	0.400857	0.0	3.09235	0.0	0.0490123	0.0	0.0245829	0.0	0.03	0.0	1.492	0.0	5.0	0.0	1.733	0.0	0.0364007	0.0	1.26048e-05	0.000103248	0.421632	0.0178657	0.192669	0.0	0.00388019	0.0	0.00380545	0.000879342	1.71096	0.0	1.03992	0.022472	0.999702	0.0744168	0.389532	0.0650011	0.644101	0.0389133	0.0708298	0.77282	0.265059	0.0266659	0.108992	0.0144876	-6567.02	4.0	4.70294e-07	-41454.4	3.0	1.29856e-05	1.0	1671.36	50.3319	764.949	36.1071	0.313979	0.0128357	1198.79	7.86903	
0.0-2.4	6.5-30.0	0.0-10.0	0.000-1.571	0.008	0.184	19174.0	19174.0	8971.58	112.391	10203.5	117.742	-0.115785	0.038675	-0.05	0.0	0.400857	0.0	3.09235	0.0	0.0490123	0.0	0.0245829	0.000549329	0.03	0.0	1.492	0.0	5.0	0.0	1.733	0.0	0.0364008	0.000111136	3.80561e-05	6.9663e-05	0.319083	0.00772497	0.192669	0.0	0.00388019	0.0	0.00193875	0.000448931	1.71096	0.0	1.00143	0.0121222	0.897402	0.154792	0.427379	0.106163	0.539526	0.0538632	0.070665	0.956044	0.255577	0.0239794	0.0948363	0.0393402	-25428.8	4.0	6.19422e-07	-179288.0	4.0	7.17804e-05	1.0	6383.77	101.385	2587.81	70.2451	0.288445	0.00694604	1172.03	4.18103	
0.0-2.4	6.5-30.0	0.0-10.0	0.393-0.785	0.016	0.145	4991.0	4976.0	2172.41	55.0881	2803.72	60.5457	-0.405969	0.074069	-0.05	0.0	0.400857	0.0	3.09235	0.0	0.0490123	0.0	0.0245829	0.0	0.03	0.0	1.492	0.0	5.0	0.0	1.733	0.0	0.0364007	0.0	1.59709e-05	0.00459193	0.302136	0.0140653	0.192669	0.0	0.00388019	0.0	0.000997219	0.000922046	1.71096	0.0	0.997058	0.0251925	0.747706	0.0866991	0.875613	0.73036	0.488471	0.0408038	0.0943347	0.0492109	0.160759	0.0119176	0.153358	0.0637684	-6128.02	4.0	1.07964e-05	-39567.5	3.0	2.02427e-05	1.0	1470.64	49.4346	701.765	37.0097	0.323036	0.0149376	1169.02	8.67344	
0.0-2.4	6.5-30.0	0.0-10.0	0.785-1.178	0.016	0.128	4750.0	4742.0	2299.32	55.3811	2442.68	56.6603	0.114123	0.0790112	-0.05	0.0	0.400857	0.0	3.09235	0.0	0.0490123	0.0	0.0245829	0.0	0.03	0.0	1.492	0.0	5.0	0.0	1.733	0.0	0.0364007	0.0	1.21148e-05	0.0045937	0.292229	0.0141635	0.192669	0.0	0.00388019	0.0	0.00209777	0.000912211	1.71096	0.0	0.994851	0.0247283	0.523069	0.0552303	0.99992	0.0563405	0.464741	0.0552236	0.0705713	0.00821193	0.169457	0.0113384	0.071526	4.74946e-10	-6613.15	4.0	4.84616e-06	-37869.1	3.0	1.13167e-06	1.0	1650.81	50.8957	648.509	35.4034	0.282044	0.0138177	1167.5	8.50584	
0.0-2.4	6.5-30.0	0.0-10.0	1.178-1.571	0.016	0.152	4275.0	4261.0	2041.38	52.3549	2219.74	54.0326	-0.180906	0.0830018	-0.05	0.0	0.400857	0.0	3.09235	0.0	0.0490123	0.0	0.0245829	0.0	0.03	0.0	1.492	0.0	5.0	0.0	1.733	0.0	0.0364007	0.0	1.3619e-05	0.00459301	0.214689	0.0129946	0.192669	0.0	0.00388019	0.0	0.00137029	0.000907984	1.71096	0.0	0.962678	0.0247293	0.936583	0.160166	0.427319	0.138989	0.550519	0.0488573	0.070859	1.45708	0.375926	0.0170408	0.0839756	0.0635159	-6221.47	4.0	1.09675e-06	-33517.0	3.0	1.62959e-05	1.0	1530.9	50.2185	510.484	33.9376	0.250068	0.0153379	1145.52	8.38906	
0.0-2.4	6.5-30.0	0.0-100.0	0.000-0.393	0.008	0.176	13800.0	13798.0	7567.51	98.4542	6230.48	91.4113	-0.0605588	0.0496535	-0.05	0.0	0.400857	0.0	3.09235	0.0	0.0490123	0.0	0.024585	0.0	0.03	0.0	1.492	0.0	5.0	0.0	1.733	0.0	0.0364016	0.0	1.25807e-05	0.000103636	0.345989	0.00868689	0.193973	0.0877401	0.0020486	0.00464833	0.00147692	0.000460015	1.87594	0.189891	0.928846	0.0115492	0.877169	0.0522619	0.651578	0.110048	0.599219	0.0302309	0.133641	0.0281277	0.213166	0.0120845	0.0706066	6.28313e-07	-20650.1	4.0	4.89611e-05	-126231.0	3.0	2.05473e-06	1.0	5339.78	88.4093	2227.73	61.8868	0.29438	0.0072257	1173.89	57.8235	
0.0-2.4	6.5-30.0	0.0-100.0	0.000-1.571	0.008	0.136	49959.0	49885.0	28074.7	214.422	21811.0	199.275	-0.187707	0.0273496	-0.05	0.0	0.400857	0.0276768	3.09235	0.000251224	0.0490123	0.00132874	0.024585	0.000541437	0.03	0.0	1.492	0.0	5.0	0.0	1.733	0.0	0.0364016	0.000507301	3.37928e-05	7.02542e-05	0.311452	0.00424071	0.192669	0.0807587	0.00388019	0.00252376	0.00170513	0.000250252	1.71096	0.124629	0.945063	0.00664668	0.647685	0.0156772	0.940954	0.011052	0.542234	0.0117433	0.0705799	1.82676e-07	0.217171	0.00581888	0.351143	0.0446544	-75237.1	4.0	4.09357e-05	-521550.0	7.0	6.83666e-05	1.0	20029.3	186.513	8045.34	123.131	0.28657	0.00380068	1133.61	40.5703	
0.0-2.4	6.5-30.0	0.0-100.0	0.393-0.785	0.008	0.145	13036.0	13028.0	7167.23	95.6582	5860.57	88.568	-0.343781	0.0514121	-0.05	0.0	0.400857	0.0	3.09235	0.0	0.0490123	0.0	0.024585	0.0	0.03	0.0	1.492	0.0	5.0	0.0	1.733	0.0	0.0364016	0.0	1.89238e-05	0.00459057	0.302458	0.00803682	0.0431777	0.107987	0.00997815	0.0195849	0.000937491	0.000478627	1.89503	0.83285	1.06303	0.0128304	0.66886	0.0314122	0.927622	0.0263731	0.478575	0.0253661	0.0705752	2.24196e-09	0.184957	0.00828376	0.270524	0.0533117	-19197.9	4.0	1.02207e-06	-118451.0	3.0	2.61819e-05	1.0	5063.47	87.6776	2103.76	62.5193	0.293525	0.00779374	1111.89	67.4111	
0.0-2.4	6.5-30.0	0.0-100.0	0.785-1.178	0.008	0.152	12001.0	11999.0	6909.64	93.4806	5089.3	83.1775	-0.0887249	0.0550487	-0.05	0.0	0.400857	0.0	3.09235	0.0	0.0490123	0.0	0.024585	0.0	0.03	0.0	1.492	0.0	5.0	0.0	1.733	0.0	0.0364016	0.0	2.75139e-05	0.00458662	0.342855	0.00963703	0.0918396	0.0685565	0.00342668	0.00702651	0.00266506	8.43165e-10	2.01375	0.316371	0.978674	0.012302	0.755341	0.285259	0.569101	0.212428	0.478496	0.0483475	0.0704403	0.0751251	0.270536	0.0185654	0.0838873	0.0317304	-18200.5	4.0	7.00702	-108611.0	3.0	4.67454e-06	1.0	4993.55	83.9081	1916.09	56.1115	0.277307	0.00720219	1114.57	54.6041	
0.0-2.4	6.5-30.0	0.0-100.0	1.178-1.571	0.008	0.152	11119.0	11115.0	6430.97	90.0807	4683.95	79.7964	-0.275354	0.0574978	-0.05	0.0	0.400857	0.0	3.09235	0.0	0.0490123	0.0	0.024585	0.0	0.03	0.0	1.492	0.0	5.0	0.0	1.733	0.0	0.0364016	0.0	1.96612e-05	0.00459023	0.241755	0.00717337	0.449361	0.193671	0.00205439	0.00260759	0.00135732	0.000640027	1.48015	0.117135	0.775565	0.0167579	0.657873	0.0375475	0.878206	0.0249402	0.544484	0.0286811	0.0706124	0.00972503	0.269819	0.0160019	0.450058	0.0666906	-17261.4	4.0	8.69662e-06	-99789.6	3.0	9.71566e-06	1.0	4593.62	83.5358	1837.35	59.1641	0.285703	0.00828384	1147.04	75.2591	
0.0-2.4	6.5-30.0	10.0-20.0	0.000-0.393	0.016	0.152	3401.0	3394.0	1787.91	48.3185	1606.08	46.3986	0.0999132	0.0976107	-0.05	0.0	0.400857	0.0	3.09235	0.0	0.0490123	0.0	0.024698	0.0	0.03	0.0	1.492	0.0	5.0	0.0	1.733	0.0	0.0364474	0.0	1.22174e-05	0.000115125	0.275545	0.0135535	0.192669	0.0	0.00388019	0.0	-0.00138079	0.00100533	1.71096	0.0	0.961339	0.0239265	0.840786	0.0542854	0.961234	0.14193	0.656527	0.0405955	0.118579	0.0260848	0.183038	0.0163389	0.0704497	1.7429e-08	-4933.64	4.0	7.82352e-08	-26157.4	3.0	2.7934e-06	1.0	1168.26	43.1979	619.655	33.9071	0.34658	0.0164903	1144.61	8.11185	
0.0-2.4	6.5-30.0	10.0-20.0	0.000-1.571	0.008	0.16	12057.0	12055.0	6480.15	92.9772	5574.14	87.9698	-0.175925	0.0525197	-0.05	0.0	0.400857	0.0	3.09235	0.0	0.0490123	0.0	0.024698	0.000632852	0.03	0.0	1.492	0.0	5.0	0.0	1.733	0.0	0.0364474	0.000128469	1.00282e-05	0.000232918	0.28953	0.00794406	0.192669	0.0	0.00388019	0.0	0.000184152	0.000540848	1.71096	0.0	0.965396	0.0138868	0.704294	0.0422037	0.813469	0.0328686	0.550292	0.0259777	0.0704555	3.17384e-11	0.181024	0.0136384	0.371602	0.0395496	-17197.5	4.0	0.000107019	-108379.0	4.0	4.34656e-05	1.0	4459.51	83.8855	2020.64	61.508	0.31182	0.00837118	1147.36	4.71661	
0.0-2.4	6.5-30.0	10.0-20.0	0.393-0.785	0.008	0.128	3045.0	3033.0	1609.39	45.7815	1423.47	43.7042	-0.139395	0.103818	-0.05	0.0	0.400857	0.0	3.09235	0.0	0.0490123	0.0	0.024698	0.0	0.03	0.0	1.492	0.0	5.0	0.0	1.733	0.0	0.0364474	0.0	1.64982e-05	0.00459169	0.314356	0.0191862	0.192669	0.0	0.00388019	0.0	3.40699e-05	0.00109579	1.71096	0.0	0.95887	0.0288464	0.628043	0.0588351	0.937817	0.0493693	0.345996	0.0670312	0.0705966	3.88553e-10	0.140046	0.0121974	0.2423	0.0906041	-4497.55	4.0	5.44387e-06	-23051.2	3.0	6.21976e-06	1.0	1211.35	42.8895	398.034	27.9339	0.24732	0.015867	1142.94	9.76901	
0.0-2.4	6.5-30.0	10.0-20.0	0.785-1.178	0.008	0.152	2949.0	2947.0	1599.51	45.4368	1347.39	42.571	-0.247574	0.106902	-0.05	0.0	0.400857	0.0	3.09235	0.0	0.0490123	0.0	0.024698	0.0	0.03	0.0	1.492	0.0	5.0	0.0	1.733	0.0	0.0364474	0.0	2.75139e-05	0.00458662	0.321477	0.018382	0.192669	0.0	0.00388019	0.0	0.000370813	0.00103435	1.71096	0.0	0.954535	0.0268912	0.999996	0.246907	0.440264	0.082245	0.587975	0.0628099	0.0704436	7.63941e-12	0.44974	0.0505156	0.119414	0.0216123	-4126.34	4.0	0.000201408	-22372.2	3.0	1.97047e-05	1.0	1113.88	40.7665	485.63	29.1723	0.303612	0.0160702	1140.0	9.08905	
0.0-2.4	6.5-30.0	10.0-20.0	1.178-1.571	0.008	0.12	2660.0	2652.0	1479.9	43.5486	1172.03	39.8577	-0.516925	0.11555	-0.05	0.0	0.400857	0.0	3.09235	0.0	0.0490123	0.0	0.024698	0.0	0.03	0.0	1.492	0.0	5.0	0.0	1.733	0.0	0.0364474	0.0	2.02273e-05	0.00458997	0.25507	0.0135343	0.192669	0.0	0.00388019	0.0	-0.000487744	0.00121471	1.71096	0.0	0.938166	0.0329747	0.719219	0.046065	0.626376	0.111467	0.464085	0.0611715	0.486858	0.0830675	0.181264	0.0204997	0.0705274	3.43396e-08	-3734.13	4.0	2.80268e-06	-19904.2	3.0	5.49188e-06	1.0	949.073	39.3031	530.823	31.7608	0.358689	0.0186866	1128.98	11.061	
0.0-2.4	6.5-30.0	10.0-30.0	0.000-0.393	0.016	0.152	5759.0	5746.0	3163.63	63.6653	2582.36	58.9239	-0.00957352	0.0770809	-0.05	0.0	0.400857	0.0	3.09235	0.0	0.0490123	0.0	0.0243085	0.0	0.03	0.0	1.492	0.0	5.0	0.0	1.733	0.0	0.0362902	0.0	1.22174e-05	0.000115125	0.305473	0.0118324	0.192669	0.0	0.00388019	0.0	-0.000651224	0.000730856	1.71096	0.0	0.91904	0.0176422	0.978327	11.598	0.490551	8.62801	0.534194	1.64712	0.173334	14.4142	0.18635	0.429447	0.0704751	2.07692e-07	-8865.35	4.0	0.00010247	-47552.3	3.0	1.924e-06	1.0	2196.89	57.3646	966.741	41.4079	0.305579	0.0115541	1116.21	5.86361	
0.0-2.4	6.5-30.0	10.0-30.0	0.000-1.571	0.008	0.16	20334.0	20332.0	11555.0	122.453	8777.0	110.528	-0.174814	0.0419157	-0.05	0.0	0.400857	0.0	3.09235	0.0	0.0490123	0.0	0.0243085	0.000447545	0.03	0.0	1.492	0.0	5.0	0.0	1.733	0.0	0.0362902	8.98062e-05	1.00282e-05	0.000232918	0.323595	0.00672281	0.192669	0.0	0.00388019	0.0	0.00064106	0.000388738	1.71096	0.0	0.939448	0.0100849	0.687153	0.0270396	0.887202	0.0200986	0.556677	0.0184709	0.0706558	8.95142e-10	0.185696	0.0084297	0.370993	0.040132	-30702.4	4.0	2.21246e-06	-194513.0	4.0	5.49887e-07	1.0	8126.05	110.0	3428.95	77.4901	0.296751	0.00592313	1129.84	3.38494	
0.0-2.4	6.5-30.0	10.0-30.0	0.393-0.785	0.008	0.128	5229.0	5205.0	2937.64	60.912	2267.33	55.1354	-0.156912	0.0824024	-0.05	0.0	0.400857	0.0	3.09235	0.0	0.0490123	0.0	0.0243085	0.0	0.03	0.0	1.492	0.0	5.0	0.0	1.733	0.0	0.0362902	0.0	1.64982e-05	0.00459169	0.288237	0.012132	0.192669	0.0	0.00388019	0.0	0.00080003	0.000796088	1.71096	0.0	0.965745	0.0212591	0.68276	0.0683668	0.947705	0.0472384	0.501958	0.0506662	0.0704462	2.51157e-11	0.159628	0.0114945	0.227039	0.0889885	-8189.77	4.0	3.53861e-07	-42706.7	3.0	1.04355e-05	1.0	2110.64	56.3541	826.999	39.4275	0.281518	0.0120856	1147.6	7.22168	
0.0-2.4	6.5-30.0	10.0-30.0	0.785-1.178	0.008	0.152	4826.0	4823.0	2812.33	59.65	2010.57	52.5034	-0.281532	0.0877578	-0.05	0.0	0.400857	0.0	3.09235	0.0	0.0490123	0.0	0.0243085	0.0	0.03	0.0	1.492	0.0	5.0	0.0	1.733	0.0	0.0362902	0.0	2.75139e-05	0.00458662	0.421661	0.0176931	0.192669	0.0	0.00388019	0.0	0.000698442	0.000770909	1.71096	0.0	0.933288	0.0201972	1.0	0.093326	0.461703	0.0724231	0.583386	0.0492524	0.0704437	2.41974e-12	0.356223	0.0327231	0.106436	0.0156077	-6909.12	4.0	1.20023e-06	-39289.8	3.0	1.78759e-05	1.0	1964.29	52.4903	848.039	36.6465	0.301543	0.0113531	1125.71	6.75931	
0.0-2.4	6.5-30.0	10.0-30.0	1.178-1.571	0.008	0.145	4520.0	4518.0	2632.95	57.6144	1884.98	50.7097	-0.302585	0.0906836	-0.05	0.0	0.400857	0.0	3.09235	0.0	0.0490123	0.0	0.0243085	0.0	0.03	0.0	1.492	0.0	5.0	0.0	1.733	0.0	0.0362902	0.0	1.49137e-05	0.00459242	0.247742	0.0106308	0.192669	0.0	0.00388019	0.0	-0.000120484	0.000837084	1.71096	0.0	0.903325	0.0228091	0.617466	0.0435512	0.791645	0.0477122	0.507808	0.0368386	0.0705337	4.94061e-09	0.18408	0.0181187	0.416409	0.0601467	-6898.68	4.0	9.374e-07	-36519.9	3.0	1.22915e-05	1.0	1789.77	52.7785	843.18	39.9022	0.320242	0.0134375	1105.8	7.52138	
0.0-2.4	6.5-30.0	10.0-60.0	0.000-0.393	0.016	0.128	8366.0	8340.0	4871.83	78.0085	3467.94	68.4218	-0.129439	0.0667019	-0.05	0.0	0.400857	0.0	3.09235	0.0	0.0490123	0.0	0.0246978	0.0	0.03	0.0	1.492	0.0	5.0	0.0	1.733	0.0	0.0364473	0.0	1.21948e-05	0.000116701	0.303474	0.00952202	0.192669	0.0	0.00388019	0.0	0.00132667	0.000565049	1.71096	0.0	0.834498	0.013896	0.560294	0.227299	0.930751	0.163542	0.342497	0.225841	0.0705063	0.0862889	0.135171	0.00654086	0.0704496	5.30028e-09	-13578.2	4.0	3.62392e-05	-72627.5	3.0	1.93493e-05	1.0	3457.78	70.5097	1414.05	49.1816	0.29025	0.00896166	1061.24	4.41085	
0.0-2.4	6.5-30.0	10.0-60.0	0.000-1.571	0.008	0.16	29628.0	29625.0	18126.4	150.969	11498.7	127.138	-0.251259	0.0367718	-0.05	0.0	0.400857	0.0	3.09235	0.0	0.0490123	0.0	0.0246978	0.000347709	0.03	0.0	1.492	0.0	5.0	0.0	1.733	0.0	0.0364473	7.05843e-05	1.00282e-05	0.000232918	0.300074	0.00515738	0.192669	0.0	0.00388019	0.0	0.000794509	0.000308961	1.71096	0.0	0.915496	0.00806072	0.682305	0.0207499	0.92743	0.0123132	0.536114	0.0152467	0.0705674	1.68804e-09	0.221429	0.00825093	0.452085	0.0538435	-47778.2	4.0	1.69231e-07	-296794.0	4.0	6.89421e-07	1.0	12924.2	137.45	5202.12	95.8276	0.286992	0.00471542	1113.85	2.67439	
0.0-2.4	6.5-30.0	10.0-60.0	0.393-0.785	0.008	0.128	7738.0	7714.0	4717.74	76.1805	2996.14	63.8908	-0.291167	0.0720693	-0.05	0.0	0.400857	0.0	3.09235	0.0	0.0490123	0.0	0.0246978	0.0	0.03	0.0	1.492	0.0	5.0	0.0	1.733	0.0	0.0364473	0.0	1.64982e-05	0.00459169	0.291015	0.00993349	0.192669	0.0	0.00388019	0.0	0.000538884	0.000641032	1.71096	0.0	0.970737	0.0173692	0.674802	0.0416296	0.971808	0.0220526	0.511715	0.0331206	0.0704792	3.02925e-07	0.210182	0.0120277	0.285607	0.121384	-12680.9	4.0	8.8479e-05	-66938.9	3.0	5.0664e-06	1.0	3438.34	70.8874	1279.4	48.6748	0.27119	0.00934196	1150.99	5.9133	
0.0-2.4	6.5-30.0	10.0-60.0	0.785-1.178	0.008	0.152	6932.0	6930.0	4379.6	73.3658	2550.28	59.612	-0.26482	0.0782219	-0.05	0.0	0.400857	0.0	3.09235	0.0	0.0490123	0.0	0.0246978	0.0	0.03	0.0	1.492	0.0	5.0	0.0	1.733	0.0	0.0364473	0.0	2.75139e-05	0.00458662	0.353163	0.0127981	0.192669	0.0	0.00388019	0.0	0.000875161	0.000616401	1.71096	0.0	0.89484	0.0159121	0.999997	0.0911402	0.448536	0.0577555	0.514938	0.0480392	0.0712438	0.772347	0.345825	0.0257528	0.095577	0.0115128	-11072.3	4.0	2.44718e-07	-59559.2	3.0	2.79014e-05	1.0	3125.57	66.0073	1254.02	45.3522	0.286333	0.00917748	1100.22	5.22417	
0.0-2.4	6.5-30.0	10.0-60.0	1.178-1.571	0.008	0.152	6591.0	6589.0	4147.1	71.3806	2441.66	58.2217	-0.348386	0.0799869	-0.05	0.0	0.400857	0.0	3.09235	0.0	0.0490123	0.0	0.0246978	0.0	0.03	0.0	1.492	0.0	5.0	0.0	1.733	0.0	0.0364473	0.0	1.96612e-05	0.00459023	0.255153	0.00882995	0.192669	0.0	0.00388019	0.0	0.000526888	0.000667911	1.71096	0.0	0.888806	0.0178055	0.624835	0.0330445	0.847149	0.0291254	0.463591	0.0313774	0.0704696	4.21801e-09	0.226286	0.0210352	0.563496	0.0770971	-10531.3	4.0	3.34516e-06	-56269.1	3.0	4.79145e-05	1.0	2869.16	65.6517	1277.94	48.5298	0.308152	0.0104311	1096.26	5.82732	
0.0-2.4	6.5-30.0	20.0-30.0	0.000-0.393	0.016	0.105	2357.0	2346.0	1377.64	41.467	968.342	36.1963	-0.161604	0.126205	-0.05	0.0	0.400857	0.0	3.09235	0.0	0.0490123	0.0	0.0238563	0.0	0.03	0.0	1.492	0.0	5.0	0.0	1.733	0.0	0.0361099	0.0	1.20125e-05	0.000129932	0.357496	0.0221408	0.192669	0.0	0.00388019	0.0	0.00161646	0.00105471	1.71096	0.0	0.907082	0.0257803	0.617962	0.0135521	0.999992	12.5446	0.530838	0.0096503	0.0706343	0.00156787	0.13645	0.00378472	0.0716723	45.0165	-3943.21	4.0	6.19623e-05	-17472.7	3.0	5.28246e-06	1.0	1023.26	37.5586	354.388	23.9958	0.257242	0.0156024	1108.28	8.51738	
0.0-2.4	6.5-30.0	20.0-30.0	0.000-1.571	0.008	0.145	8277.0	8275.0	5070.6	79.6962	3204.22	66.9734	-0.172106	0.0695264	-0.05	0.0	0.400857	0.0	3.09235	0.0	0.0490123	0.0	0.0238563	0.000634259	0.03	0.0	1.492	0.0	5.0	0.0	1.733	0.0	0.0361099	0.000125529	3.69686e-05	0.0287936	0.380321	0.0118071	0.192669	0.0	0.00388019	0.0	0.00371588	0.000591229	1.71096	0.0	0.910891	0.0148899	0.675415	0.115244	0.990422	0.00847374	0.563738	0.0815238	0.0704389	0.0242637	0.181445	0.0106064	0.474876	0.261053	-13563.4	4.0	25.6903	-72410.0	4.0	1.69546e-05	1.0	3678.59	71.1538	1392.01	46.8899	0.274525	0.00817907	1110.8	4.92882	
0.0-2.4	6.5-30.0	20.0-30.0	0.393-0.785	0.016	0.145	2184.0	2176.0	1315.85	40.0398	860.154	33.8746	-0.175466	0.133965	-0.05	0.0	0.400857	0.0	3.09235	0.0	0.0490123	0.0	0.0238563	0.0	0.03	0.0	1.492	0.0	5.0	0.0	1.733	0.0	0.0361099	0.0	1.59709e-05	0.00459193	0.264846	0.0155259	0.192669	0.0	0.00388019	0.0	0.00207376	0.00115967	1.71096	0.0	0.945739	0.0313929	0.769788	0.197817	0.949479	0.0431406	0.64695	0.0989097	0.0706838	0.0486904	0.18398	0.021225	0.445056	0.238764	-3657.49	4.0	7.37583e-08	-16144.5	3.0	2.68597e-08	1.0	895.026	36.4899	420.824	27.4548	0.319812	0.0184562	1134.07	10.5678	
0.0-2.4	6.5-30.0	20.0-30.0	0.785-1.178	0.016	0.12	1876.0	1865.0	1207.04	38.4769	657.962	30.519	-0.347804	0.154084	-0.05	0.0	0.400857	0.0	3.09235	0.0	0.0490123	0.0	0.0238563	0.0	0.03	0.0	1.492	0.0	5.0	0.0	1.733	0.0	0.0361099	0.0	1.13479e-05	0.00459405	0.578513	0.0323045	0.192669	0.0	0.00388019	0.0	0.000680519	0.00113635	1.71096	0.0	0.878858	0.0298603	0.787491	0.161155	0.99968	3.27918	0.538515	0.0993572	0.0704556	0.0353849	0.153049	0.0183258	0.0717712	0.000244544	-2815.87	4.0	1.61974e-06	-13616.7	3.0	9.07043e-07	1.0	820.826	32.6674	386.212	23.1104	0.319967	0.0162034	1089.77	9.72077	
0.0-2.4	6.5-30.0	20.0-30.0	1.178-1.571	0.008	0.128	1859.0	1855.0	1150.67	37.6673	704.296	31.1844	0.0257408	0.148079	-0.05	0.0	0.400857	0.0	3.09235	0.0	0.0490123	0.0	0.0238563	0.0	0.03	0.0	1.492	0.0	5.0	0.0	1.733	0.0	0.0361099	0.0	3.66622e-05	0.000202958	0.243978	0.0173059	0.192669	0.0	0.00388019	0.0	-0.00111053	0.00113635	1.71096	0.0	0.852819	0.0312243	0.615426	0.0552226	1.0	0.0119063	0.520066	0.0520951	0.0705239	8.92046e-08	0.261732	0.0291981	0.266499	0.0544383	-3185.99	4.0	3.17467e-05	-13475.9	3.0	1.37652e-05	1.0	837.875	35.1129	312.796	24.1965	0.271838	0.0190526	1072.93	10.0184	
0.0-2.4	6.5-30.0	30.0-60.0	0.000-0.393	0.016	0.12	2606.0	2598.0	1703.1	44.9989	894.854	34.8825	-0.495971	0.132938	-0.05	0.0	0.400857	0.0	3.09235	0.0	0.0490123	0.0	0.0252202	0.0	0.03	0.0	1.492	0.0	5.0	0.0	1.733	0.0	0.036661	0.0	1.21545e-05	0.000118996	0.273489	0.0152998	0.192669	0.0	0.00388019	0.0	0.000250503	0.000873805	1.71096	0.0	0.819991	0.0224312	0.865625	0.909319	0.993986	0.97816	0.595318	0.252289	0.0710941	0.190716	0.233095	0.0254467	0.070451	2.61397e-08	-4825.35	4.0	2.50975e-05	-19964.2	3.0	1.15793e-05	1.0	1244.14	41.5621	458.961	28.1756	0.269485	0.014933	1052.07	7.05729	
0.0-2.4	6.5-30.0	30.0-60.0	0.000-1.571	0.008	0.145	9293.0	9289.0	6559.86	88.1486	2728.8	62.7653	-0.503509	0.0765731	-0.05	0.0	0.400857	0.0	3.09235	0.0	0.0490123	0.0	0.0252202	0.000548377	0.03	0.0	1.492	0.0	5.0	0.0	1.733	0.0	0.036661	0.000113012	3.69686e-05	0.0287936	0.260209	0.00764529	0.192669	0.0	0.00388019	0.0	0.000457861	0.000504281	1.71096	0.0	0.856061	0.0132197	0.774813	0.0997333	0.782638	0.186619	0.425698	0.0536583	0.0706143	4.56756e-07	0.327699	0.0234742	0.0704689	6.79384e-11	-17342.5	4.0	3.63137e-05	-83983.1	4.0	1.83122e-05	1.0	4756.1	82.0347	1803.76	56.8563	0.274969	0.00784027	1075.02	4.24945	
0.0-2.4	6.5-30.0	30.0-60.0	0.393-0.785	0.016	0.096	2509.0	2486.0	1759.73	45.3945	726.252	32.0496	-0.726187	0.149597	-0.05	0.0	0.400857	0.0	3.09235	0.0	0.0490123	0.0	0.0252202	0.0	0.03	0.0	1.492	0.0	5.0	0.0	1.733	0.0	0.036661	0.0	1.00324e-05	0.000766952	0.285485	0.0174342	0.192669	0.0	0.00388019	0.0	-0.0016576	0.00107143	1.71096	0.0	0.935526	0.029667	0.999678	9.37765	0.494662	0.432081	0.36242	0.191431	0.0711603	17.9967	0.35236	0.0646334	0.0705108	1.61132e-09	-4559.04	4.0	1.65335e-05	-19205.4	3.0	2.9066e-06	1.0	1311.51	42.8673	448.227	28.7524	0.254713	0.0149597	1127.21	9.9391	
0.0-2.4	6.5-30.0	30.0-60.0	0.785-1.178	0.008	0.12	2106.0	2102.0	1560.43	42.5267	541.559	28.1023	-0.230975	0.171677	-0.05	0.0	0.400857	0.0	3.09235	0.0	0.0490123	0.0	0.0252202	0.0	0.03	0.0	1.492	0.0	5.0	0.0	1.733	0.0	0.036661	0.0	1.26912e-05	0.00459344	0.218801	0.012984	0.192669	0.0	0.00388019	0.0	0.00272441	9.11678e-09	1.71096	0.0	0.840955	0.025324	0.983452	1.21036	0.466301	0.252589	0.274611	0.0732075	0.0704403	0.176588	0.30998	0.0441859	0.0705374	1.32993e-07	-4251.95	4.0	4.78337	-16025.9	3.0	3.23837e-06	1.0	1139.94	39.4716	420.486	26.9103	0.269469	0.0156037	1065.35	8.06929	
0.0-2.4	6.5-30.0	30.0-60.0	1.178-1.571	0.008	0.105	2070.0	2062.0	1505.01	41.9251	556.987	28.4553	-0.499276	0.169371	-0.05	0.0	0.400857	0.0	3.09235	0.0	0.0490123	0.0	0.0252202	0.0	0.03	0.0	1.492	0.0	5.0	0.0	1.733	0.0	0.036661	0.0	4.85093e-05	0.000406753	0.268705	0.0156332	0.192669	0.0	0.00388019	0.0	0.0010393	0.00110815	1.71096	0.0	0.857502	0.028316	0.826089	1.0395	0.652364	0.440196	0.278824	0.278581	0.0705807	0.143941	0.457663	0.0612046	0.0705068	8.93896e-10	-3729.27	4.0	3.99605e-05	-15610.6	3.0	1.02944e-06	1.0	1064.77	38.7568	440.235	27.7972	0.292513	0.0165751	1075.94	9.10959	
0.0-2.4	6.5-8.0	0.0-100.0	0.000-0.393	0.024	0.136	7330.0	7305.0	3242.24	67.386	4062.88	73.2216	-0.132122	0.0612867	-0.05	0.0	0.375219	0.0	3.09119	0.0	0.050893	0.0	0.0269009	0.0	0.03	0.0	1.492	0.0	5.0	0.0	1.733	0.0	0.0377357	0.0	0.000283738	0.00239569	0.466676	0.0192191	0.38234	0.121499	0.01	0.00341549	0.00216094	0.000841945	1.80181	0.174803	0.892288	0.0178039	0.999989	0.131465	0.588269	0.0694153	0.756723	0.0209905	0.078113	0.764737	0.202322	0.0182729	0.148864	0.0235476	-9394.41	4.0	4.73652e-05	-60919.4	3.0	3.39482e-05	1.0	2422.56	60.7012	819.673	37.9437	0.252811	0.0104571	1316.45	72.8166	
0.0-2.4	6.5-8.0	0.0-100.0	0.000-1.571	0.016	0.16	25788.0	25782.0	11725.4	156.909	14055.2	164.13	-0.0779497	0.0341185	-0.05	0.0	0.375219	0.0547952	3.09119	0.00043194	0.050893	0.00289064	0.0269009	0.00097501	0.03	0.0	1.492	0.0	5.0	0.0	1.733	0.0	0.0377357	0.00102038	2.99332e-05	0.00458551	0.338441	0.00800899	0.247328	0.092515	0.00999999	0.0035556	0.00690499	7.95884e-08	1.76918	0.144226	0.956517	0.009724	0.558611	0.0236958	0.878774	0.0227478	0.586338	0.0165318	0.0704344	4.63895e-07	0.17405	0.00842948	0.310929	0.0319425	-34447.0	4.0	0.00327899	-247897.0	7.0	0.000145791	1.0	9095.71	137.552	2629.71	73.0989	0.224275	0.00546427	1209.45	49.8339	
0.0-2.4	6.5-8.0	0.0-100.0	0.393-0.785	0.016	0.145	6701.0	6695.0	2843.2	63.6166	3852.06	71.1032	-0.200631	0.062965	-0.05	0.0	0.375219	0.0	3.09119	0.0	0.050893	0.0	0.0269009	0.0	0.03	0.0	1.492	0.0	5.0	0.0	1.733	0.0	0.0377357	0.0	5.71468e-05	0.0356234	0.263382	0.0133787	0.840202	0.0613475	0.00435761	0.0029239	-0.00384044	0.00274877	1.29411	0.0495922	0.632869	0.0565563	0.738644	0.0802115	0.757773	0.163069	0.616733	0.0333157	0.0736501	0.0297572	0.157666	0.0122887	0.164594	0.0368983	-8804.21	4.0	1.28595e-06	-55067.9	3.0	0.000106485	1.0	2195.19	60.0402	648.012	37.4505	0.227916	0.0121447	1212.89	27.555	
0.0-2.4	6.5-8.0	0.0-100.0	0.785-1.178	0.016	0.152	6228.0	6226.0	3003.94	63.8252	3222.05	65.5119	0.108544	0.0688979	-0.05	0.0	0.375219	0.0	3.09119	0.0	0.050893	0.0	0.0269009	0.0	0.03	0.0	1.492	0.0	5.0	0.0	1.733	0.0	0.0377357	0.0	0.000162346	0.00052087	0.250628	0.0116418	0.125882	0.127257	0.00999964	0.014763	0.0031075	0.000774719	1.93842	0.430428	0.982324	0.0181937	0.46507	0.0300944	1.0	25.0818	0.533955	0.033569	0.0757166	0.00587069	0.201377	0.0148422	0.213883	100.191	-8890.03	4.0	1.44049e-05	-51285.7	3.0	8.55804e-08	1.0	2248.55	60.1377	755.389	39.8957	0.251466	0.012159	1147.38	90.203	
0.0-2.4	6.5-8.0	0.0-100.0	1.178-1.571	0.024	0.152	5528.0	5521.0	2638.48	60.1072	2882.53	62.1045	-0.0631458	0.0728128	-0.05	0.0	0.375219	0.0	3.09119	0.0	0.050893	0.0	0.0269009	0.0	0.03	0.0	1.492	0.0	5.0	0.0	1.733	0.0	0.0377357	0.0	0.00037077	0.135166	0.27467	0.0144579	0.647993	0.791046	0.00754216	0.00408385	-0.00140481	0.00116681	1.39667	0.230068	0.611915	0.0243842	0.523851	0.0461811	0.742558	0.0556911	0.597383	0.0277252	0.0705893	3.35345e-08	0.208999	0.0273002	0.391979	0.050634	-7551.9	4.0	9.44715e-06	-44735.9	3.0	1.36178e-06	1.0	2049.6	56.4115	588.879	34.3816	0.223189	0.0119979	1181.46	278.18	
0.0-2.4	6.5-8.0	10.0-60.0	0.000-0.393	0.016	0.128	4245.0	4238.0	2032.15	52.4279	2206.0	54.0601	-0.15622	0.0832829	-0.05	0.0	0.375219	0.0	3.09119	0.0	0.050893	0.0	0.0262775	0.0	0.03	0.0	1.492	0.0	5.0	0.0	1.733	0.0	0.0374602	0.0	0.000280358	0.0026809	0.335778	0.0179806	0.247328	0.0	0.00999999	0.0	-0.000466564	0.000968463	1.76918	0.0	0.936499	0.0205996	0.999988	0.226283	0.603133	0.12141	0.733334	0.0439548	0.0707423	2.21451e-05	0.236915	0.0250153	0.104841	0.033566	-6019.59	4.0	4.50314e-07	-33265.2	3.0	7.82346e-06	1.0	1506.64	48.1792	525.505	31.5301	0.258596	0.0140081	1197.6	6.06217	
0.0-2.4	6.5-8.0	10.0-60.0	0.000-1.571	0.016	0.16	14587.0	14583.0	7490.56	101.049	7092.55	99.0614	-0.0928537	0.0465178	-0.05	0.0	0.375219	0.0	3.09119	0.0	0.050893	0.0	0.0262775	0.000566206	0.03	0.0	1.492	0.0	5.0	0.0	1.733	0.0	0.0374602	0.000124075	2.99332e-05	0.00458551	0.273364	0.00815225	0.247328	0.0	0.00999999	0.0	0.000558944	0.000531585	1.76918	0.0	0.924077	0.0117313	0.631083	0.0405165	0.80391	0.0397567	0.648916	0.0198556	0.0705827	2.87591e-08	0.211318	0.0130686	0.326699	0.035515	-21274.5	4.0	2.636e-05	-133195.0	4.0	2.99782e-06	1.0	5646.7	94.8422	1843.86	61.734	0.246158	0.00754296	1190.32	3.4274	
0.0-2.4	6.5-8.0	10.0-60.0	0.393-0.785	0.016	0.128	3801.0	3778.0	1937.8	50.7017	1840.1	49.7291	-0.0606167	0.0913005	-0.05	0.0	0.375219	0.0	3.09119	0.0	0.050893	0.0	0.0262775	0.0	0.03	0.0	1.492	0.0	5.0	0.0	1.733	0.0	0.0374602	0.0	3.68991e-05	0.00458231	0.249052	0.0157736	0.247328	0.0	0.00999999	0.0	0.000789448	0.00115132	1.76918	0.0	1.00815	0.0249094	0.610474	0.116209	0.890447	0.170444	0.61112	0.0546707	0.0706731	1.37223e-09	0.174609	0.0240128	0.149352	0.114058	-5730.79	4.0	1.87804e-05	-29391.3	3.0	1.07679e-05	1.0	1514.25	49.2335	423.552	31.2575	0.218573	0.0150826	1240.62	7.61778	
0.0-2.4	6.5-8.0	10.0-60.0	0.785-1.178	0.016	0.152	3342.0	3340.0	1834.08	48.7022	1505.93	45.2073	0.0302858	0.101065	-0.05	0.0	0.375219	0.0	3.09119	0.0	0.050893	0.0	0.0262775	0.0	0.03	0.0	1.492	0.0	5.0	0.0	1.733	0.0	0.0374602	0.0	0.000162346	0.00052087	0.212761	0.0139557	0.247328	0.0	0.00999999	0.0	0.00010727	0.00103528	1.76918	0.0	0.844984	0.0226271	0.741044	0.353496	0.477284	0.336368	0.541019	0.273356	0.155137	0.0394553	0.31205	0.126959	0.070496	0.157446	-5271.79	4.0	5.12476e-05	-25783.4	3.0	1.87302e-07	1.0	1369.77	46.8715	464.31	32.0306	0.253157	0.0161185	1145.23	6.28291	
0.0-2.4	6.5-8.0	10.0-60.0	1.178-1.571	0.024	0.136	3197.0	3191.0	1691.49	47.2332	1499.49	45.1554	-0.158415	0.101219	-0.05	0.0	0.375219	0.0	3.09119	0.0	0.050893	0.0	0.0262775	0.0	0.03	0.0	1.492	0.0	5.0	0.0	1.733	0.0	0.0374602	0.0	1.00919e-05	0.00212113	0.271787	0.0161148	0.247328	0.0	0.00999999	0.0	0.000424973	0.00108536	1.76918	0.0	0.846277	0.0258517	0.472591	0.061039	0.659558	0.080035	0.574601	0.0370967	0.0705012	1.95019e-08	0.245757	0.0348045	0.406968	0.0555733	-4409.12	4.0	6.55119e-07	-24361.2	3.0	1.74088e-06	1.0	1232.23	43.9264	459.262	30.1667	0.271513	0.0161426	1145.94	7.1848	
0.0-2.4	8.0-10.0	0.0-100.0	0.000-0.393	0.016	0.16	3836.0	3834.0	2391.11	54.204	1442.91	44.6079	0.094834	0.103585	-0.05	0.0	0.403017	0.0	3.09295	0.0	0.0506931	0.0	0.0230118	0.0	0.03	0.0	1.492	0.0	5.0	0.0	1.733	0.0	0.0367668	0.0	2.05538e-05	0.00458982	0.228844	0.0107647	0.482702	0.335463	0.000111624	0.00436177	0.000849702	0.0010997	1.46636	0.216501	0.759645	0.0267238	0.857576	0.152382	0.612233	0.206977	0.489687	0.0440262	0.0704892	3.7149e-07	0.259467	0.0277548	0.0705768	1.23361e-09	-6591.34	4.0	3.05493e-05	-30667.5	3.0	3.53798e-07	1.0	1695.72	50.3027	695.39	36.0724	0.290824	0.0135693	1156.04	132.054	
0.0-2.4	8.0-10.0	0.0-100.0	0.000-1.571	0.016	0.184	14040.0	14040.0	8954.05	114.117	5086.1	95.6701	-0.222796	0.0565934	-0.05	0.0	0.403017	0.0383416	3.09295	0.000420039	0.0506931	0.00210166	0.0230118	0.000835842	0.03	0.0	1.492	0.0	5.0	0.0	1.733	0.0	0.0367668	0.000805151	8.20597e-05	0.000220638	0.316234	0.0078192	0.223696	0.161641	0.000490403	0.00440363	0.00171193	0.000471444	1.60773	0.189769	0.922729	0.0128466	0.799775	0.252456	0.745798	0.108824	0.508599	0.158822	0.0708739	0.100123	0.30183	0.0148868	0.0705989	7.17479e-07	-22676.4	4.0	1.39147e-07	-130911.0	7.0	3.28263e-05	1.0	6304.33	100.075	2649.72	68.5548	0.295924	0.00666294	1113.18	70.1155	
0.0-2.4	8.0-10.0	0.0-100.0	0.393-0.785	0.016	0.105	3724.0	3702.0	2431.54	54.0458	1270.39	41.9518	-0.499961	0.111468	-0.05	0.0	0.403017	0.0	3.09295	0.0	0.0506931	0.0	0.0230118	0.0	0.03	0.0	1.492	0.0	5.0	0.0	1.733	0.0	0.0367668	0.0	0.000172932	0.00146308	0.349091	0.0149138	0.0247845	0.0475261	0.00888237	0.0102477	0.000753829	0.000957105	2.45426	1.19584	1.24947	0.0265208	0.999649	0.0291503	0.982366	0.0534817	0.651693	0.0337247	0.0887587	0.754366	0.289246	0.0231635	0.0707204	1.24324e-06	-5659.45	4.0	2.68738e-05	-29723.8	3.0	7.74829e-06	1.0	1642.26	48.6753	789.282	36.6692	0.324602	0.0132428	1292.97	51.2717	
0.0-2.4	8.0-10.0	0.0-100.0	0.785-1.178	0.016	0.112	3355.0	3344.0	2158.04	51.4789	1185.97	40.964	-0.0676606	0.11447	-0.05	0.0	0.403017	0.0	3.09295	0.0	0.0506931	0.0	0.0230118	0.0	0.03	0.0	1.492	0.0	5.0	0.0	1.733	0.0	0.0367668	0.0	0.000152887	0.000500196	0.517215	0.0228961	0.147918	0.306458	0.00609956	0.0178534	0.000935939	0.000876136	1.66745	0.638129	0.977201	0.0243149	0.823177	0.144245	0.917562	0.919956	0.593564	0.10755	0.0705057	0.23411	0.187734	0.0249727	0.147916	0.0913288	-5129.51	4.0	2.34833e-06	-26399.3	3.0	8.31774e-07	1.0	1513.07	44.7811	644.97	30.6483	0.298868	0.0122828	1106.77	145.284	
0.0-2.4	8.0-10.0	0.0-100.0	1.178-1.571	0.016	0.12	3122.0	3116.0	1982.37	49.0699	1133.59	39.4877	-0.378239	0.117559	-0.05	0.0	0.403017	0.0	3.09295	0.0	0.0506931	0.0	0.0230118	0.0	0.03	0.0	1.492	0.0	5.0	0.0	1.733	0.0	0.0367668	0.0	0.000146321	0.00058429	0.196578	0.0103611	0.269545	0.253374	-0.00295314	0.00745284	0.00226217	0.00105926	1.54166	0.265325	0.905243	0.0292612	0.768208	0.767763	0.944026	0.614377	0.5779	0.168392	0.0705832	3.24545e-07	0.436573	0.0863547	0.0706452	0.0840415	-5399.97	4.0	6.98936e-06	-24385.1	3.0	2.17121e-05	1.0	1382.21	46.6831	600.155	35.0627	0.302747	0.0160213	1113.2	101.881	
0.0-2.4	8.0-10.0	10.0-60.0	0.000-0.393	0.016	0.145	2412.0	2411.0	1577.68	43.5592	833.316	33.9569	-0.054394	0.136601	-0.05	0.0	0.403017	0.0	3.09295	0.0	0.0506931	0.0	0.0239073	0.0	0.03	0.0	1.492	0.0	5.0	0.0	1.733	0.0	0.0371063	0.0	8.51781e-05	0.000319537	0.218452	0.0129077	0.223696	0.0	0.000490403	0.0	0.000304822	0.00105573	1.60773	0.0	0.848172	0.026282	0.721286	2.5724	1.0	18718.1	0.436596	1.6659	0.0704852	0.150672	0.165303	0.580464	0.0705553	51957.8	-4501.08	4.0	1.24001e-06	-18314.8	3.0	1.03786e-07	1.0	1139.78	41.0538	437.899	29.005	0.277559	0.0167113	1066.15	8.11569	
0.0-2.4	8.0-10.0	10.0-60.0	0.000-1.571	0.016	0.145	8535.0	8533.0	5770.53	83.6613	2762.32	63.1742	-0.357456	0.075561	-0.05	0.0	0.403017	0.0	3.09295	0.0	0.0506931	0.0	0.0239073	0.000604994	0.03	0.0	1.492	0.0	5.0	0.0	1.733	0.0	0.0371063	0.00011635	8.96232e-05	0.000224682	0.320257	0.0100472	0.223696	0.0	0.000490403	0.0	0.00117464	0.000572294	1.60773	0.0	0.871271	0.0154369	0.812623	0.31545	0.664837	0.317915	0.425746	0.0367092	0.0708292	0.129995	0.296025	0.0197815	0.0706512	0.0572113	-14600.4	4.0	8.67204e-05	-75871.2	4.0	2.16152e-05	1.0	4094.4	75.7653	1676.13	52.9829	0.290463	0.00815897	1080.51	4.83153	
0.0-2.4	8.0-10.0	10.0-60.0	0.393-0.785	0.016	0.096	2274.0	2260.0	1530.01	42.5732	729.971	31.82	-0.490743	0.147285	-0.05	0.0	0.403017	0.0	3.09295	0.0	0.0506931	0.0	0.0239073	0.0	0.03	0.0	1.492	0.0	5.0	0.0	1.733	0.0	0.0371063	0.0	0.000180695	0.000966505	0.304254	0.0175052	0.223696	0.0	0.000490403	0.0	0.00133607	0.00121438	1.60773	0.0	0.941813	0.0374238	0.764815	5.17538	0.939722	13.3252	0.47705	5.99503	0.0705285	1.43193e-07	0.305552	1.4544	0.0705404	82.4966	-3867.94	4.0	4.77866e-05	-17136.8	3.0	3.79835e-06	1.0	1074.54	39.043	455.478	28.1249	0.297695	0.0164099	1125.52	12.1551	
0.0-2.4	8.0-10.0	10.0-60.0	0.785-1.178	0.008	0.112	2031.0	2026.0	1389.99	41.1109	635.973	30.5976	-0.464188	0.158093	-0.05	0.0	0.403017	0.0	3.09295	0.0	0.0506931	0.0	0.0239073	0.0	0.03	0.0	1.492	0.0	5.0	0.0	1.733	0.0	0.0371063	0.0	0.000152887	0.000500196	0.545084	0.0277663	0.223696	0.0	0.000490403	0.0	0.00229738	0.00114405	1.60773	0.0	0.907697	0.0311536	0.783152	0.0525162	0.999995	5.7725	0.635762	0.0342106	0.07055	1.02507e-06	0.204118	0.0190138	0.246856	19.5772	-3085.79	4.0	6.5549e-08	-15070.3	3.0	6.65022e-06	1.0	919.697	34.664	470.292	25.596	0.338342	0.0154582	1103.55	9.94626	
0.0-2.4	8.0-10.0	10.0-60.0	1.178-1.571	0.016	0.112	1816.0	1812.0	1276.34	38.7674	535.615	27.6096	-0.395814	0.172163	-0.05	0.0	0.403017	0.0	3.09295	0.0	0.0506931	0.0	0.0239073	0.0	0.03	0.0	1.492	0.0	5.0	0.0	1.733	0.0	0.0371063	0.0	0.000191479	0.00117239	0.211488	0.013314	0.223696	0.0	0.000490403	0.0	-0.00108444	0.00128114	1.60773	0.0	0.826796	0.0331502	0.915185	1.36269	0.463787	1.23697	0.23954	0.0778097	0.0705737	1.3302	0.4779	0.176217	0.0705248	2.84086e-09	-3297.46	4.0	8.0048e-07	-13407.9	3.0	1.04405e-05	1.0	881.998	36.7313	394.345	27.8383	0.308965	0.0196888	1053.04	10.1028	
1.2-1.6	6.5-30.0	0.0-100.0	0.000-0.393	0.016	0.136	3354.0	3349.0	1711.12	47.4029	1637.86	46.6238	0.00544717	0.096522	-0.05	0.0	0.510831	0.0	3.09132	0.0	0.0447369	0.0	0.0315768	0.0	0.03	0.0	1.492	0.0	5.0	0.0	1.733	0.0	0.0388603	0.0	5.81655e-05	0.00099804	0.252113	0.015042	0.0854046	0.0675458	0.01	0.0144498	0.000541519	0.000956999	2.14981	0.498095	1.03062	0.0238998	1.0	0.196597	0.518258	0.267465	0.554849	0.205027	0.0704494	1.89147e-12	0.206532	0.024221	0.0706343	0.0334147	-5020.24	4.0	1.61586e-06	-25620.8	3.0	2.41791e-06	1.0	1255.87	44.7333	455.246	30.817	0.266052	0.0164327	1168.84	65.3289	
1.2-1.6	6.5-30.0	0.0-100.0	0.000-1.571	0.008	0.136	12189.0	12173.0	6440.83	110.373	5732.62	107.097	-0.128058	0.0555	-0.05	0.0	0.510831	0.0937057	3.09132	0.000641593	0.0447369	0.00218326	0.0315768	0.00187482	0.03	0.0	1.492	0.0	5.0	0.0	1.733	0.0	0.0388603	0.000957863	2.31047e-05	0.000294422	0.260297	0.00773015	0.103775	0.0507441	0.00999984	0.0195355	0.0020103	0.000495954	2.09199	0.256609	0.980671	0.012804	0.803143	0.10268	0.514785	0.0706064	0.502872	0.0291913	0.0706656	0.310567	0.267483	0.0143734	0.0791664	0.0607196	-17851.2	4.0	4.17599e-05	-109093.0	7.0	6.13667e-05	1.0	4616.39	96.1286	1824.45	62.9286	0.283263	0.00847912	1147.21	45.1604	
1.2-1.6	6.5-30.0	0.0-100.0	0.393-0.785	0.016	0.128	3305.0	3295.0	1634.25	46.7601	1660.7	47.042	-0.311209	0.0961989	-0.05	0.0	0.510831	0.0	3.09132	0.0	0.0447369	0.0	0.0315768	0.0	0.03	0.0	1.492	0.0	5.0	0.0	1.733	0.0	0.0388603	0.0	1.09472e-05	0.0189014	0.2563	0.0147992	0.139434	0.19412	-0.00369318	0.0130019	0.0026255	0.00103478	1.86952	0.551235	1.02194	0.0266245	0.741319	0.804478	0.826482	0.118733	0.609858	0.261798	0.0705879	0.204499	0.239967	0.0221828	0.207885	0.0653654	-4593.0	4.0	1.56958e-05	-25056.4	3.0	8.30404e-07	1.0	1149.77	43.5633	484.485	31.7438	0.296457	0.0174741	1177.32	118.442	
1.2-1.6	6.5-30.0	0.0-100.0	0.785-1.178	0.016	0.136	2852.0	2847.0	1570.68	44.932	1276.32	41.5276	0.0177903	0.109643	-0.05	0.0	0.510831	0.0	3.09132	0.0	0.0447369	0.0	0.0315768	0.0	0.03	0.0	1.492	0.0	5.0	0.0	1.733	0.0	0.0388603	0.0	8.69929e-05	0.000637912	0.26316	0.0159299	0.0299165	0.0282526	0.00329113	0.0119193	0.00297017	0.000920059	3.12894	1.03768	0.967268	0.0244672	0.56386	0.0198274	0.999691	0.949528	0.484725	0.0184433	0.0704755	0.00350964	0.164921	0.00782602	0.0704767	5.4901	-4469.14	4.0	5.82994e-07	-21479.0	3.0	3.31597e-09	1.0	1150.57	41.8225	420.108	28.4643	0.267469	0.0164278	1095.68	73.0255	
1.2-1.6	6.5-30.0	0.0-100.0	1.178-1.571	0.008	0.128	2675.0	2671.0	1517.81	43.9494	1153.16	39.5847	-0.22736	0.115707	-0.05	0.0	0.510831	0.0	3.09132	0.0	0.0447369	0.0	0.0315768	0.0	0.03	0.0	1.492	0.0	5.0	0.0	1.733	0.0	0.0388603	0.0	0.000198875	0.00213097	0.272189	0.0159357	0.3282	0.164716	0.00999997	0.0148928	0.00304343	0.00122971	1.65422	0.213923	0.852584	0.0332818	0.622292	0.0831298	0.636835	0.163779	0.418433	0.0931319	0.0738012	0.0165072	0.378555	0.0427428	0.070595	0.0243276	-3776.09	4.0	2.80621e-05	-20035.9	3.0	6.20184e-06	1.0	1050.92	40.2026	466.887	29.5467	0.307605	0.0173095	1177.47	86.2376	
1.2-1.6	6.5-30.0	10.0-60.0	0.000-0.393	0.016	0.12	2133.0	2130.0	1164.51	38.5865	965.482	35.9147	0.0216875	0.125892	-0.05	0.0	0.510831	0.0	3.09132	0.0	0.0447369	0.0	0.0314277	0.0	0.03	0.0	1.492	0.0	5.0	0.0	1.733	0.0	0.0388011	0.0	3.25785e-05	0.00458429	0.274419	0.0201163	0.103775	0.0	0.00999984	0.0	0.000969858	0.00120245	2.09199	0.0	1.06244	0.0294323	0.918168	0.805169	0.732668	0.197601	0.617809	0.342363	0.14418	0.162762	0.217141	0.0295678	0.0712781	0.792584	-3308.73	4.0	3.99017e-09	-15455.2	3.0	2.44713e-06	1.0	870.923	36.3203	293.586	24.1038	0.252112	0.018938	1210.71	11.5739	
1.2-1.6	6.5-30.0	10.0-60.0	0.000-1.571	0.008	0.128	7189.0	7180.0	4180.93	73.9334	2999.16	65.4555	-0.273804	0.071866	-0.05	0.0	0.510831	0.0	3.09132	0.0	0.0447369	0.0	0.0314277	0.00125342	0.03	0.0	1.492	0.0	5.0	0.0	1.733	0.0	0.0388011	0.00024831	2.94195e-05	0.000284662	0.253827	0.00957458	0.103775	0.0	0.00999984	0.0	0.00262466	0.000643717	2.09199	0.0	1.02508	0.0163953	0.612764	0.0201569	0.99958	0.504653	0.55647	0.0143211	0.070647	0.0105283	0.248286	0.00897971	0.232356	3.96515	-11316.0	4.0	6.34811e-08	-61159.0	4.0	3.01356e-06	1.0	3051.27	69.0875	1129.66	47.5476	0.270194	0.0103201	1181.48	6.37433	
1.2-1.6	6.5-30.0	10.0-60.0	0.393-0.785	0.008	0.112	1902.0	1888.0	1029.28	36.4205	858.629	33.9971	-0.456204	0.134542	-0.05	0.0	0.510831	0.0	3.09132	0.0	0.0447369	0.0	0.0314277	0.0	0.03	0.0	1.492	0.0	5.0	0.0	1.733	0.0	0.0388011	0.0	1.71581e-05	0.00459138	0.213173	0.0163767	0.103775	0.0	0.00999984	0.0	0.00240322	0.00138329	2.09199	0.0	1.11052	0.0338421	0.68367	0.328958	0.868395	0.27597	0.663024	0.105956	0.0707347	2.01874e-08	0.338549	0.0571321	0.16291	0.147771	-2841.58	4.0	1.95701e-07	-13453.2	3.0	9.47702e-06	1.0	731.203	35.1804	298.074	26.0668	0.289595	0.0231596	1248.77	13.4861	
1.2-1.6	6.5-30.0	10.0-60.0	0.785-1.178	0.016	0.128	1610.0	1604.0	981.366	34.9132	622.537	29.3288	-0.473785	0.158765	-0.05	0.0	0.510831	0.0	3.09132	0.0	0.0447369	0.0	0.0314277	0.0	0.03	0.0	1.492	0.0	5.0	0.0	1.733	0.0	0.0388011	0.0	6.66906e-05	0.00456861	0.213151	0.0176034	0.103775	0.0	0.00999984	0.0	0.000343351	0.00123443	2.09199	0.0	0.931965	0.0317408	0.652992	0.100307	0.999972	9.06685	0.476519	0.0888378	0.0704484	1.77697e-10	0.16716	0.0241085	0.0728579	15.2166	-2831.66	4.0	2.1173e-07	-11329.4	3.0	1.85801e-05	1.0	744.91	33.8887	236.456	22.7356	0.240946	0.0215231	1110.22	11.9398	
1.2-1.6	6.5-30.0	10.0-60.0	1.178-1.571	0.008	0.128	1543.0	1541.0	998.781	34.921	542.134	27.62	-0.319161	0.169864	-0.05	0.0	0.510831	0.0	3.09132	0.0	0.0447369	0.0	0.0314277	0.0	0.03	0.0	1.492	0.0	5.0	0.0	1.733	0.0	0.0388011	0.0	0.000198875	0.00213097	0.287642	0.0200232	0.103775	0.0	0.00999984	0.0	0.00386957	0.00135401	2.09199	0.0	0.985446	0.0352913	0.562247	0.0598892	1.0	0.153233	0.430687	0.0634742	0.0788964	0.0144452	0.303828	0.0369416	0.07059	0.000544958	-2388.9	4.0	3.15163e-05	-10909.4	3.0	5.02281e-06	1.0	690.147	31.852	308.634	23.4251	0.309011	0.020817	1150.87	13.5414	
1.2-2.4	6.5-30.0	0.0-100.0	0.000-0.393	0.016	0.176	8059.0	8053.0	3860.06	73.309	4193.33	75.5461	-0.21288	0.0605619	-0.05	0.0	0.566827	0.0	3.09113	0.0	0.0533144	0.0	0.03133	0.0	0.03	0.0	1.492	0.0	5.0	0.0	1.733	0.0	0.045126	0.0	6.78336e-05	0.000213869	0.233588	0.00993488	0.0963751	0.0496203	0.00999985	0.0172865	0.00189194	0.000619545	2.28013	0.33818	0.974855	0.0142508	0.999989	0.634021	0.48598	0.0709495	0.586478	0.0491681	0.07078	1.62113e-05	0.20321	0.014206	0.0761872	0.0115039	-11533.7	4.0	4.78523e-05	-68002.5	3.0	4.36412e-05	1.0	2907.1	70.5216	952.958	47.4618	0.246877	0.0113666	1166.11	55.5616	
1.2-2.4	6.5-30.0	0.0-100.0	0.000-1.571	0.008	0.136	28585.0	28512.0	14803.5	179.166	13708.3	176.065	-0.300573	0.0359499	-0.05	0.0	0.566827	0.0632852	3.09113	0.000477814	0.0533144	0.0018006	0.03133	0.00169246	0.03	0.0	1.492	0.0	5.0	0.0	1.733	0.0	0.045126	0.000924085	3.57977e-05	0.000122825	0.240401	0.00507302	0.162	0.0758409	0.00567672	0.00416199	0.00203226	0.000354305	1.80204	0.164543	0.963678	0.00853721	0.830037	0.0726288	0.609902	0.139164	0.549464	0.0925401	0.115265	0.0325649	0.224042	0.0100808	0.0706299	0.0359087	-40784.2	4.0	1.10858e-07	-278253.0	7.0	1.65411e-05	1.0	10988.7	157.677	3814.84	96.4686	0.257698	0.00572176	1142.06	43.9679	
1.2-2.4	6.5-30.0	0.0-100.0	0.393-0.785	0.016	0.145	7429.0	7409.0	3706.15	71.2254	3702.7	71.2011	-0.482202	0.0649713	-0.05	0.0	0.566827	0.0	3.09113	0.0	0.0533144	0.0	0.03133	0.0	0.03	0.0	1.492	0.0	5.0	0.0	1.733	0.0	0.045126	0.0	2.82607e-05	0.000316533	0.239958	0.0101434	0.0580234	0.109466	-0.000448482	0.014584	0.00323086	0.000709418	1.94469	0.715948	1.08501	0.0167795	0.744354	0.0647222	0.835011	0.0581735	0.567133	0.0350215	0.0706276	3.35763e-09	0.194922	0.0135768	0.265416	0.0507355	-10014.2	4.0	9.9269e-05	-62140.2	3.0	3.26525e-06	1.0	2721.87	68.4577	984.276	48.0415	0.265579	0.0119155	1152.55	71.4717	
1.2-2.4	6.5-30.0	0.0-100.0	0.785-1.178	0.016	0.152	6747.0	6740.0	3638.49	69.8225	3101.48	65.8644	-0.206427	0.0706675	-0.05	0.0	0.566827	0.0	3.09113	0.0	0.0533144	0.0	0.03133	0.0	0.03	0.0	1.492	0.0	5.0	0.0	1.733	0.0	0.045126	0.0	0.000107249	0.000427742	0.246904	0.010851	0.0345428	0.0432258	-0.00870037	0.0135123	0.00283563	0.000682168	2.43775	0.716471	1.03838	0.0169344	0.640024	0.552197	0.758349	2.31597	0.469253	1.0366	0.0704641	3.81567e-10	0.187493	0.141795	0.0708395	0.353825	-9933.26	4.0	1.55879e-05	-56229.5	3.0	2.37746e-07	1.0	2772.6	66.7938	865.888	43.6648	0.23798	0.0110979	1116.36	54.8196	
1.2-2.4	6.5-30.0	0.0-100.0	1.178-1.571	0.008	0.152	6348.0	6344.0	3583.75	68.4647	2760.24	62.1609	-0.310621	0.0750929	-0.05	0.0	0.566827	0.0	3.09113	0.0	0.0533144	0.0	0.03133	0.0	0.03	0.0	1.492	0.0	5.0	0.0	1.733	0.0	0.045126	0.0	0.000157903	0.000565848	0.247287	0.0101587	0.464978	0.183587	0.0060662	0.00379409	0.00187858	0.000888931	1.49675	0.126405	0.727369	0.0220287	0.689513	0.0734819	0.687067	0.159243	0.519862	0.048776	0.0769308	0.0136141	0.286006	0.0239468	0.0707253	1.14942e-06	-9252.07	4.0	1.78563e-05	-52785.0	3.0	6.94251e-08	1.0	2605.25	63.9897	978.501	44.3503	0.273038	0.0112224	1150.97	78.2985	
1.2-2.4	6.5-30.0	10.0-60.0	0.000-0.393	0.016	0.128	4936.0	4926.0	2593.32	58.774	2332.66	56.5138	-0.253234	0.0814073	-0.05	0.0	0.566827	0.0	3.09113	0.0	0.0533144	0.0	0.0308813	0.0	0.03	0.0	1.492	0.0	5.0	0.0	1.733	0.0	0.0449918	0.0	6.81256e-05	0.000214927	0.250532	0.0122586	0.162	0.0	0.00567672	0.0	0.00522941	0.000766226	1.80204	0.0	0.822854	0.0173465	0.402195	0.109381	0.702932	0.794584	0.29644	0.208193	0.0742964	0.143873	0.140151	0.0105115	0.0704521	6.75455e-09	-7548.95	4.0	8.76363e-07	-39515.1	3.0	1.55323e-06	1.0	1963.6	55.0774	629.729	35.4509	0.242827	0.0125133	1045.69	5.71932	
1.2-2.4	6.5-30.0	10.0-60.0	0.000-1.571	0.008	0.16	16855.0	16852.0	9579.96	113.352	7272.17	102.668	-0.398008	0.0464142	-0.05	0.0	0.566827	0.0	3.09113	0.0	0.0533144	0.0	0.0308813	0.000922808	0.03	0.0	1.492	0.0	5.0	0.0	1.733	0.0	0.0449918	0.000137184	2.84753e-05	0.00013348	0.226387	0.00588	0.162	0.0	0.00567672	0.0	0.00202966	0.000444144	1.80204	0.0	0.95522	0.0104472	0.746574	0.0371777	1.0	0.00052561	0.623365	0.0232526	0.10075	0.0138054	0.211209	0.00833349	4.20348	8.66025	-25915.1	4.0	7.78573e-06	-156813.0	4.0	5.28381e-06	1.0	7055.09	108.179	2524.87	75.011	0.263558	0.00718219	1136.09	3.6805	
1.2-2.4	6.5-30.0	10.0-60.0	0.393-0.785	0.016	0.128	4313.0	4280.0	2405.97	55.9695	1873.86	50.9975	-0.503403	0.0916546	-0.05	0.0	0.566827	0.0	3.09113	0.0	0.0533144	0.0	0.0308813	0.0	0.03	0.0	1.492	0.0	5.0	0.0	1.733	0.0	0.0449918	0.0	2.93303e-05	0.000179133	0.196587	0.0106159	0.162	0.0	0.00567672	0.0	0.00305638	0.000993802	1.80204	0.0	1.05467	0.0229502	0.766596	0.799827	0.898779	0.116699	0.647367	0.235538	0.0705658	0.204619	0.247258	0.0198275	0.265726	0.0889126	-6489.68	4.0	9.74746e-06	-33945.2	3.0	2.78419e-05	1.0	1754.5	55.5491	651.463	40.6145	0.27077	0.0156615	1207.56	8.39864	
1.2-2.4	6.5-30.0	10.0-60.0	0.785-1.178	0.016	0.152	3883.0	3876.0	2275.21	54.299	1600.55	47.6823	-0.410843	0.09912	-0.05	0.0	0.566827	0.0	3.09113	0.0	0.0533144	0.0	0.0308813	0.0	0.03	0.0	1.492	0.0	5.0	0.0	1.733	0.0	0.0449918	0.0	0.000107249	0.000427742	0.213522	0.0116663	0.162	0.0	0.00567672	0.0	0.00145722	0.000936358	1.80204	0.0	0.958589	0.0222788	0.722746	0.176376	0.854871	0.83731	0.538402	0.153206	0.0708345	0.150361	0.178688	0.0399804	0.111409	0.0695865	-6140.56	4.0	7.62152e-07	-30450.0	3.0	7.54056e-05	1.0	1708.97	52.7315	566.236	36.0524	0.248872	0.0146905	1138.47	7.85994	
1.2-2.4	6.5-30.0	10.0-60.0	1.178-1.571	0.008	0.152	3722.0	3720.0	2299.82	54.0442	1420.14	45.1794	-0.464236	0.105519	-0.05	0.0	0.566827	0.0	3.09113	0.0	0.0533144	0.0	0.0308813	0.0	0.03	0.0	1.492	0.0	5.0	0.0	1.733	0.0	0.0449918	0.0	0.000157903	0.000565848	0.250312	0.0119542	0.162	0.0	0.00567672	0.0	0.00287921	0.000918166	1.80204	0.0	0.903975	0.0229237	0.674104	0.0476951	0.999999	0.110216	0.575522	0.0399481	0.0704481	1.66182e-11	0.255636	0.0213086	0.0705072	2.17017e-08	-5695.34	4.0	1.69753e-06	-29244.5	3.0	4.63286e-06	1.0	1603.29	50.2341	696.529	37.0388	0.302862	0.0144472	1100.39	7.89056	
1.6-2.4	3.0-6.5	0.0-100.0	0.000-0.393	0.032	0.184	62380.0	62122.0	10003.3	165.39	52119.3	263.56	-0.011468	0.0169934	-0.05	0.0	5.30536e-08	0.0	3.08978	0.0	0.0478657	0.0	0.0505439	0.0	0.03	0.0	1.86	0.0	5.0	0.0	1.38	0.0	0.0505439	0.0	9.26994e-05	0.19503	0.244811	0.0100049	0.269	0.146095	0.004349	0.0116028	0.00992487	0.000438254	1.77988	0.237194	0.978632	0.0057637	1.0	0.0102001	0.778073	0.0169477	0.780997	0.0108717	0.0710451	1.95112e-05	0.135554	0.00640683	0.32992	0.0154489	-53000.0	4.0	3.01356e-06	-632510.0	3.0	1.04319e-05	1.0	8202.21	167.456	1801.09	102.653	0.180049	0.00982064	1245.9	79.234	
1.6-2.4	3.0-6.5	0.0-100.0	0.000-1.571	0.032	0.136	237489.0	228478.0	37745.1	369.659	190733.0	538.15	0.179231	0.00894968	-0.05	0.0	5.30536e-08	0.0112464	3.08978	0.000508152	0.0478657	0.054551	0.0505439	0.000509013	0.03	0.0	1.86	0.0	5.0	0.0	1.38	0.0	0.0505439	0.000254928	1.41936e-05	0.00459275	0.228093	0.00512061	0.342453	0.252255	0.0157318	0.00949993	0.00896581	0.000253581	1.52985	0.175655	0.972986	0.00355529	0.853863	0.0255712	0.797766	0.0723045	0.753943	0.0117315	0.094731	0.043297	0.152357	0.00385054	0.227607	0.0229493	-204625.0	4.0	1.01181e-06	-2624570.0	7.0	0.000101056	1.0	31841.7	364.112	5903.42	196.657	0.156402	0.00497988	1193.31	83.1434	
1.6-2.4	3.0-6.5	0.0-100.0	0.393-0.785	0.024	0.264	60903.0	60895.0	9821.34	165.312	51074.5	261.867	-0.0414994	0.0171744	-0.05	0.0	5.30536e-08	0.0	3.08978	0.0	0.0478657	0.0	0.0505439	0.0	0.03	0.0	1.86	0.0	5.0	0.0	1.38	0.0	0.0505439	0.0	0.000137229	0.000596044	0.237689	0.0116411	0.360581	0.290949	0.011093	0.0173416	0.00513028	0.000488383	1.52994	0.217466	0.856821	0.00689415	0.8718	0.0252937	0.847562	0.01888	0.62996	0.0139875	0.0705716	2.36233e-08	0.134487	0.00391584	0.273891	0.0156677	-50237.3	4.0	5.96895e-05	-618748.0	3.0	1.49197e-05	1.0	8466.25	173.149	1355.09	100.964	0.137974	0.0100143	1146.06	114.626	
1.6-2.4	3.0-6.5	0.0-100.0	0.785-1.178	0.032	0.24	58870.0	58837.0	8708.92	158.54	50129.7	257.972	0.0863539	0.017304	-0.05	0.0	5.30536e-08	0.0	3.08978	0.0	0.0478657	0.0	0.0505439	0.0	0.03	0.0	1.86	0.0	5.0	0.0	1.38	0.0	0.0505439	0.0	4.38349e-05	0.00457912	0.195321	0.012738	0.116489	0.08518	0.05	0.0704757	0.0128494	0.00041619	1.75192	0.2622	1.12415	0.00589804	0.704474	0.0968859	0.711197	0.0525232	0.780454	0.0257547	0.0709269	0.0228387	0.185053	0.0109594	0.273529	0.0220256	-50029.8	4.0	7.70197e-06	-595557.0	3.0	9.2173e-05	1.0	7585.48	169.851	1123.44	100.991	0.128999	0.011356	1214.1	38.6563	
1.6-2.4	3.0-6.5	0.0-100.0	1.178-1.571	0.032	0.136	55335.0	53316.0	9223.56	155.314	44092.8	242.871	0.408479	0.0185309	-0.05	0.0	5.30536e-08	0.0	3.08978	0.0	0.0478657	0.0	0.0505439	0.0	0.03	0.0	1.86	0.0	5.0	0.0	1.38	0.0	0.0505439	0.0	1.00838e-05	0.00109709	0.241038	0.00899611	0.124013	1.77303	0.0193793	0.201764	0.0110022	0.00045475	1.33124	9.31402	1.13473	0.00654498	1.0	58.8686	0.230788	0.0231301	0.70286	0.00591993	0.176827	48.2134	0.26067	0.00668692	0.0917434	0.0029629	-48190.8	4.0	2.10462e-05	-535300.0	3.0	1.01212e-05	1.0	7404.9	153.457	1818.66	94.5476	0.197175	0.00969806	1160.9	687.637	
1.6-2.4	3.0-6.5	10.0-60.0	0.000-0.393	0.024	0.176	29719.0	29551.0	6568.58	122.627	22982.7	177.34	0.00838852	0.0256655	-0.05	0.0	5.30536e-08	0.0	3.08978	0.0	0.0478657	0.0	0.0528953	0.0	0.03	0.0	1.86	0.0	5.0	0.0	1.38	0.0	0.0528953	0.0	9.26481e-05	0.000607196	0.249221	0.0132578	0.342453	0.0	0.0157318	0.0	0.00756395	0.000682755	1.52985	0.0	0.948236	0.00941693	0.784252	0.109974	0.839334	0.0318388	0.727196	0.0392205	0.0708548	0.024941	0.129594	0.00808232	0.364528	0.0303425	-27868.4	4.0	3.96393e-07	-279808.0	3.0	3.19274e-06	1.0	5663.84	124.485	904.74	67.836	0.137737	0.0100021	1180.14	2.48765	
1.6-2.4	3.0-6.5	10.0-60.0	0.000-1.571	0.024	0.136	105880.0	102624.0	22083.8	262.695	80541.1	356.987	0.127585	0.0137099	-0.05	0.0	5.30536e-08	0.0	3.08978	0.0	0.0478657	0.0	0.0528953	0.000660035	0.03	0.0	1.86	0.0	5.0	0.0	1.38	0.0	0.0528953	0.000330017	1.41936e-05	0.00459275	0.237693	0.00634125	0.342453	0.0	0.0157318	0.0	0.00841125	0.000362335	1.52985	0.0	0.948754	0.00508489	0.999997	0.0241092	0.492091	0.0344414	0.738924	0.00882425	0.0708147	0.00198933	0.161687	0.00488179	0.124801	0.00569198	-99233.5	4.0	1.54345e-06	-1099080.0	4.0	8.61777e-05	1.0	18596.5	255.656	3487.23	134.706	0.157909	0.00580333	1180.41	1.34369	
1.6-2.4	3.0-6.5	10.0-60.0	0.393-0.785	0.032	0.192	27336.0	27262.0	5298.98	115.368	21963.2	173.056	-0.0698672	0.0262426	-0.05	0.0	5.30536e-08	0.0	3.08978	0.0	0.0478657	0.0	0.0528953	0.0	0.03	0.0	1.86	0.0	5.0	0.0	1.38	0.0	0.0528953	0.0	0.000122183	0.000722923	0.233462	0.011141	0.342453	0.0	0.0157318	0.0	0.0100812	0.000699154	1.52985	0.0	0.879665	0.0100016	0.67612	0.0335823	0.873706	0.0330586	0.636239	0.0209585	0.0705793	2.63129e-08	0.125826	0.00635733	0.245067	0.0276657	-24627.0	4.0	3.5621e-07	-255494.0	3.0	2.73517e-06	1.0	4224.04	114.943	1074.94	72.816	0.202857	0.0130124	1144.69	2.52696	
1.6-2.4	3.0-6.5	10.0-60.0	0.785-1.178	0.032	0.168	25070.0	24940.0	5101.31	110.828	19839.1	164.316	0.0537472	0.0275938	-0.05	0.0	5.30536e-08	0.0	3.08978	0.0	0.0478657	0.0	0.0528953	0.0	0.03	0.0	1.86	0.0	5.0	0.0	1.38	0.0	0.0528953	0.0	4.75667e-05	0.0045774	0.21438	0.0123762	0.342453	0.0	0.0157318	0.0	0.00852589	0.000742389	1.52985	0.0	0.935323	0.010246	1.0	0.0521677	0.497126	0.0563639	0.725481	0.0174516	0.0713155	0.00220692	0.15179	0.0124038	0.139739	0.014075	-23567.3	4.0	7.10534e-07	-231676.0	3.0	1.36467e-05	1.0	4212.51	114.445	888.807	71.3786	0.174231	0.0134705	1173.34	2.68527	
1.6-2.4	3.0-6.5	10.0-60.0	1.178-1.571	0.024	0.16	23754.0	23570.0	5305.82	110.486	18264.2	158.577	0.254856	0.0288128	-0.05	0.0	5.30536e-08	0.0	3.08978	0.0	0.0478657	0.0	0.0528953	0.0	0.03	0.0	1.86	0.0	5.0	0.0	1.38	0.0	0.0528953	0.0	2.20625e-05	0.000302496	0.276153	0.0162729	0.342453	0.0	0.0157318	0.0	0.00765413	0.00076546	1.52985	0.0	0.972258	0.0105728	0.707894	0.0664965	0.927728	0.0243051	0.729196	0.0276973	0.0746101	0.0134842	0.143416	0.00748989	0.368317	0.0603131	-22527.5	4.0	4.10527e-06	-217915.0	3.0	2.98365e-07	1.0	4635.96	110.515	669.859	55.5754	0.12625	0.0101391	1192.92	2.83305	
1.6-2.4	6.5-30.0	0.0-100.0	0.000-0.393	0.016	0.16	4705.0	4700.0	2160.1	56.1513	2540.17	59.4392	-0.362681	0.0782854	-0.05	0.0	0.625676	0.0	3.09084	0.0	0.0586561	0.0	0.0320728	0.0	0.03	0.0	1.492	0.0	5.0	0.0	1.733	0.0	0.0503757	0.0	1.49215e-05	0.00459241	0.215243	0.0128687	0.107923	0.0743285	0.00551994	0.010032	0.00383369	0.000813746	2.33372	0.45354	0.958404	0.017602	0.739636	0.0550594	0.998941	0.128327	0.690921	0.0312804	0.0922896	0.0165435	0.182486	0.0142165	0.071715	2.8413	-6574.14	4.0	4.46493e-06	-36919.0	3.0	0.000117218	1.0	1657.3	54.7666	502.803	36.2523	0.232768	0.015654	1186.25	85.9577	
1.6-2.4	6.5-30.0	0.0-100.0	0.000-1.571	0.008	0.128	16396.0	16316.0	8395.8	153.89	7919.86	152.283	-0.424541	0.0493745	-0.05	0.0	0.625676	0.110566	3.09084	0.00070464	0.0586561	0.00301129	0.0320728	0.00403172	0.03	0.0	1.492	0.0	5.0	0.0	1.733	0.0	0.0503757	0.00178477	3.84507e-05	0.0045816	0.222772	0.00669303	0.405627	0.235272	0.00407839	0.00332593	0.00225545	0.000600878	1.50117	0.148056	0.862988	0.0136011	0.743432	0.0222916	0.999339	0.956332	0.625093	0.00715051	0.105333	0.0105252	0.183291	0.0038507	0.190518	2.87035	-23041.4	4.0	1.07677e-06	-149557.0	7.0	2.55184e-05	1.0	6441.14	134.362	1954.65	73.4712	0.232813	0.00763996	1164.8	85.5056	
1.6-2.4	6.5-30.0	0.0-100.0	0.393-0.785	0.016	0.145	4124.0	4112.0	2073.66	53.7277	2038.26	53.3975	-0.627849	0.0883986	-0.05	0.0	0.625676	0.0	3.09084	0.0	0.0586561	0.0	0.0320728	0.0	0.03	0.0	1.492	0.0	5.0	0.0	1.733	0.0	0.0503757	0.0	6.26145e-05	0.000292015	0.223844	0.0139656	0.0207152	0.0665382	-0.00295026	0.0130055	0.00363361	0.000988331	2.01766	1.24434	1.11696	0.0218403	0.817855	0.121422	0.787508	0.0911084	0.542309	0.065275	0.0705539	0.0405393	0.164119	0.0158084	0.265484	0.0563704	-5446.24	4.0	0.000169878	-31986.6	3.0	1.76664e-06	1.0	1571.78	53.2153	501.877	36.64	0.242025	0.0165191	1142.84	48.1231	
1.6-2.4	6.5-30.0	0.0-100.0	0.785-1.178	0.016	0.145	3894.0	3890.0	2083.34	53.642	1806.68	50.9983	-0.378828	0.0932608	-0.05	0.0	0.625676	0.0	3.09084	0.0	0.0586561	0.0	0.0320728	0.0	0.03	0.0	1.492	0.0	5.0	0.0	1.733	0.0	0.0503757	0.0	0.000193155	0.0006043	0.229537	0.0146646	0.673815	0.791439	0.00192041	0.00413127	4.86487e-05	0.00210913	1.37046	0.186063	0.789696	0.04752	0.869345	0.252343	0.689549	0.653883	0.586368	0.0835797	0.0951656	0.0475996	0.199334	0.031519	0.089766	0.0374368	-5498.31	4.0	7.3059e-06	-30163.0	3.0	1.87186e-07	1.0	1642.84	52.2967	440.501	32.7766	0.21144	0.0147607	1212.0	216.782	
1.6-2.4	6.5-30.0	0.0-100.0	1.178-1.571	0.016	0.152	3672.0	3669.0	2071.99	52.5644	1596.72	47.8288	-0.382285	0.0990963	-0.05	0.0	0.625676	0.0	3.09084	0.0	0.0586561	0.0	0.0320728	0.0	0.03	0.0	1.492	0.0	5.0	0.0	1.733	0.0	0.0503757	0.0	6.86081e-05	0.00142632	0.226157	0.0130034	0.638321	0.260967	0.0027691	0.00406591	0.00113824	0.00139079	1.39092	0.124988	0.600002	0.0275181	0.769496	0.141846	0.909007	0.860121	0.603372	0.074716	0.0903983	0.023421	0.191643	0.0240198	0.0704504	9.91479e-09	-5512.73	4.0	6.55762e-05	-28408.0	3.0	8.4718e-05	1.0	1568.06	50.1242	503.933	33.0668	0.243212	0.0147179	1168.39	99.9646	
1.6-2.4	6.5-30.0	10.0-60.0	0.000-0.393	0.016	0.128	2802.0	2796.0	1432.85	44.4287	1363.03	43.6362	-0.454034	0.107403	-0.05	0.0	0.625676	0.0	3.09084	0.0	0.0586561	0.0	0.0313977	0.0	0.03	0.0	1.492	0.0	5.0	0.0	1.733	0.0	0.0502163	0.0	1.09841e-05	0.00459422	0.215517	0.0157929	0.405627	0.0	0.00407839	0.0	0.0017899	0.00112329	1.50117	0.0	0.722723	0.0224001	0.825391	0.0381161	1.0	0.836597	0.688128	0.0232989	0.114765	0.0203344	0.170051	0.012182	0.14107	6.34586	-4377.32	4.0	5.31506e-05	-20708.4	3.0	5.83685e-06	1.0	1115.83	42.8944	317.018	27.1933	0.22125	0.0176952	1106.59	4.34775	
1.6-2.4	6.5-30.0	10.0-60.0	0.000-1.571	0.016	0.16	9665.0	9656.0	5403.79	86.1727	4251.98	79.2076	-0.495728	0.0610546	-0.05	0.0	0.625676	0.0	3.09084	0.0	0.0586561	0.0	0.0313977	0.00148646	0.03	0.0	1.492	0.0	5.0	0.0	1.733	0.0	0.0502163	0.00017395	7.1128e-05	0.0211424	0.205071	0.00741012	0.405627	0.0	0.00407839	0.0	0.00189552	0.000718936	1.50117	0.0	0.787946	0.0157309	0.825415	0.292471	0.886409	0.0998667	0.619835	0.16112	0.0707255	0.189476	0.17697	0.0115846	0.261357	0.06605	-14646.2	4.0	1.50151e-06	-84048.1	4.0	2.13848e-05	1.0	4035.77	83.5375	1368.02	57.5549	0.253159	0.00985608	1132.74	3.25197	
1.6-2.4	6.5-30.0	10.0-60.0	0.393-0.785	0.016	0.12	2411.0	2375.0	1370.99	42.331	1003.69	37.7464	-0.523938	0.125745	-0.05	0.0	0.625676	0.0	3.09084	0.0	0.0586561	0.0	0.0313977	0.0	0.03	0.0	1.492	0.0	5.0	0.0	1.733	0.0	0.0502163	0.0	7.78825e-05	0.000273021	0.169407	0.0131348	0.405627	0.0	0.00407839	0.0	0.00255423	0.00169125	1.50117	0.0	0.899546	0.0377616	0.850459	0.860381	0.895691	0.765866	0.568327	0.106051	0.0897324	0.113453	0.190605	0.0465968	0.0705836	3.95254e-06	-3705.06	4.0	5.62044e-05	-17421.2	3.0	7.9794e-05	1.0	1023.86	43.6284	347.139	31.9212	0.253203	0.0219315	1181.12	8.54692	
1.6-2.4	6.5-30.0	10.0-60.0	0.785-1.178	0.016	0.145	2273.0	2269.0	1299.46	41.6962	969.544	37.5325	-0.390873	0.127543	-0.05	0.0	0.625676	0.0	3.09084	0.0	0.0586561	0.0	0.0313977	0.0	0.03	0.0	1.492	0.0	5.0	0.0	1.733	0.0	0.0502163	0.0	0.000193155	0.0006043	0.213568	0.0155168	0.405627	0.0	0.00407839	0.0	0.00146317	0.00174115	1.50117	0.0	0.914164	0.038083	1.0	0.00589413	0.656137	0.114492	0.643391	0.0591995	1.40304	0.310259	0.190685	0.0256317	0.139275	0.0427887	-3326.81	4.0	8.18372e-06	-16485.8	3.0	1.35802e-08	1.0	966.376	40.4552	333.08	28.0948	0.256322	0.0199949	1187.77	8.71067	
1.6-2.4	6.5-30.0	10.0-60.0	1.178-1.571	0.016	0.152	2178.0	2176.0	1303.01	41.2941	872.893	35.7088	-0.567025	0.135138	-0.05	0.0	0.625676	0.0	3.09084	0.0	0.0586561	0.0	0.0313977	0.0	0.03	0.0	1.492	0.0	5.0	0.0	1.733	0.0	0.0502163	0.0	6.86081e-05	0.00142632	0.220615	0.0145252	0.405627	0.0	0.00407839	0.0	0.00192528	0.00138747	1.50117	0.0	0.715248	0.0346519	1.0	0.0677832	1.0	0.323982	0.743704	0.000318758	0.0709329	177606.0	0.225502	0.000275661	0.227615	136.922	-3313.19	4.0	1.14249e-05	-15803.7	3.0	1.95483e-05	1.0	920.617	38.9109	382.394	28.4553	0.293469	0.0197587	1103.7	6.67362	
