ctau2mm
rap	pT	cent	dPhi	ctauErrMin	ctauErrMax	NoCutEntry	CutEntry	NSig	NSigErr	NBkg	NBkgErr	coefExp	coefExpErr	coefPol1	coefPol1Err	coeffGaus	coeffGausErr	meanSig1	meanSig1Err	sigmaSig1	sigmaSig1Err	sigmaSig2	sigmaSig2Err	sigmaSig3	sigmaSig3Err	alpha	alphaErr	enne	enneErr	enneW	enneWErr	sigWidth	sigWidthErr	Gmc	GmcErr	bTau	bTauErr	fracRes	fracResErr	meanResSigW	meanResSigWErr	meanResSigN	meanResSigNErr	sigmaResSigW	sigmaResSigWErr	sigmaResSigN	sigmaResSigNErr	fpm	fpmErr	fLiving	fLivingErr	fbkgCtTot	fbkgCtTotErr	lambdam	lambdamErr	lambdap	lambdapErr	lambdasym	lambdasymErr	NLL	nFitPar	EDM	NLLMass	nFitParMass	EDMMass	Prob	PROMPT	PROMPTErr	NON-PROMPT	NON-PROMPTErr	Bfraction	BfractionErr	Resolution	ResolutionErr	
0.0-0.4	6.5-30.0	0.0-100.0	0.000-1.571	0.008	0.064	5255.0	5252.0	3462.81	178.319	1789.59	145.463	-0.144517	0.250559	-0.05	0.0	0.526336	0.134843	3.09308	0.00116936	0.0190375	0.007241	0.0185833	0.00951862	0.03	0.0	1.492	0.04	5.0	0.0	1.733	0.07	0.0188238	0.00294417	1.86511e-05	9.62505e-05	0.436261	0.101152	0.650386	0.167133	-0.000266231	0.00113589	0.00237329	0.00181081	1.30969	0.063225	0.72748	0.0391492	0.587336	1.56376	0.983532	0.331144	0.355568	1.65232	0.0574125	0.240345	0.254463	0.862661	4.99999	182558.0	-14682.1	4.0	10033.2	-199187.0	7.0	97237.4	1.0	2254.82	155.0	1207.99	120.051	0.348847	0.0296516	1.14045	0.0496474	
0.0-1.2	6.5-30.0	0.0-10.0	0.000-1.571	0.008	0.088	7312.0	7309.0	3870.67	136.589	3438.22	136.202	0.0215184	0.134794	-0.05	0.0	0.509922	0.0	3.0925	0.0	0.0193556	0.0	0.0365224	0.0025234	0.03	0.0	1.492	0.04	5.0	0.0	1.733	0.07	0.0290645	0.000776995	1.48841e-05	2.84191e-05	0.303414	0.0503654	0.236177	0.0	5.83622e-05	0.0	0.00261992	0.00132648	1.60413	0.0	0.977649	0.0352263	0.641193	0.154589	1.0	0.00119023	0.580102	0.0817102	0.0957291	0.0278671	0.226414	0.046661	0.700843	97.9773	-23133.7	4.0	5332.72	-227894.0	4.0	160.205	1.0	2614.75	141.596	1255.92	116.188	0.32447	0.0277481	1.15663	0.0113715	
0.0-1.2	6.5-30.0	0.0-100.0	0.000-1.571	0.008	0.105	20032.0	20028.0	12472.9	319.97	7554.55	287.741	0.0232966	0.157491	-0.05	0.0	0.509922	0.406819	3.0925	0.000751716	0.0193556	0.00418115	0.035422	0.0138965	0.03	0.0	1.492	0.04	5.0	0.0	1.733	0.07	0.0283892	0.00431045	1.87255e-05	2.6751e-05	0.394709	0.0508407	0.236177	0.079527	5.83622e-05	0.00144617	0.00098017	0.00065225	1.60413	0.0920545	0.895728	0.0189866	0.609083	0.204874	0.935463	0.0894356	0.464732	0.173191	0.0596361	0.0379763	0.219896	0.0335244	1.22247	5.93047	-14237.2	4.0	46534.6	-842487.0	7.0	1087300.0	1.0	8480.47	302.869	3992.47	234.289	0.320091	0.0168939	1.1048	0.0360461	
0.0-1.2	6.5-30.0	10.0-20.0	0.000-1.571	0.008	0.088	4901.0	4899.0	2993.99	130.494	1904.98	106.505	0.098688	0.221396	-0.05	0.0	0.509922	0.0	3.0925	0.0	0.0193556	0.0	0.0353444	0.00221986	0.03	0.0	1.492	0.04	5.0	0.0	1.733	0.07	0.0283417	0.00067835	1.48841e-05	2.84191e-05	0.485274	0.136769	0.236177	0.0	5.83622e-05	0.0	0.001282	0.00139219	1.60413	0.0	0.914198	0.0399709	0.451508	4.22587	0.844783	0.944283	0.320889	4.8177	0.0353465	0.22184	0.27343	0.246816	0.583376	1.63093	-3592.64	4.0	11296.2	-198482.0	4.0	517.669	1.0	1896.44	133.955	1097.55	115.76	0.366585	0.0352083	1.11629	0.0125017	
0.0-1.2	6.5-30.0	20.0-30.0	0.000-1.571	0.008	0.105	3438.0	3436.0	2250.75	117.216	1185.67	94.4268	0.321941	0.438312	-0.05	0.0	0.509922	0.0	3.0925	0.0	0.0193556	0.0	0.0357519	0.00375061	0.03	0.0	1.492	0.04	5.0	0.0	1.733	0.07	0.0285911	0.00114922	1.87255e-05	2.6751e-05	0.571088	0.349069	0.236177	0.0	5.83622e-05	0.0	0.00157707	0.00158302	1.60413	0.0	0.860561	0.0451101	0.538369	0.00704245	1.0	98.381	0.38839	0.00962504	0.0446205	0.000633457	0.186239	0.00270038	0.0327507	436.157	23346.7	4.0	18833.2	-164526.0	4.0	945544.0	1.0	1534.8	147.134	715.956	129.034	0.318096	0.0548838	1.08324	0.0136866	
0.0-1.2	6.5-30.0	30.0-40.0	0.000-1.571	0.008	0.064	2014.0	2012.0	1450.63	79.0318	562.337	51.5258	-0.468209	0.292989	-0.05	0.0	0.509922	0.0	3.0925	0.0	0.0193556	0.0	0.0370657	0.00244535	0.03	0.0	1.492	0.04	5.0	0.0	1.733	0.07	0.0293996	0.000755452	2.67574e-05	4.09709e-05	0.324327	0.0911256	0.236177	0.0	5.83622e-05	0.0	-0.000854247	0.00174816	1.60413	0.0	0.848752	0.0480338	0.588891	3.74958	0.999999	147.28	0.422001	2.6512	0.0663934	0.444576	0.199684	0.387166	0.0591158	630.334	-10119.2	4.0	2143.51	-55685.2	4.0	187.043	1.0	1033.92	82.4966	416.704	64.4058	0.287257	0.0415488	1.0761	0.014469	
0.0-1.2	6.5-30.0	40.0-50.0	0.000-1.571	0.016	0.048	1213.0	1199.0	918.733	64.5371	280.507	45.6856	-0.23609	0.628413	-0.05	0.0	0.509922	0.0	3.0925	0.0	0.0193556	0.0	0.035298	0.000452325	0.03	0.0	1.492	0.04	5.0	0.0	1.733	0.07	0.0283134	0.00013818	1.07336e-05	8.63113e-05	0.29775	0.0641224	0.236177	0.0	5.83622e-05	0.0	-0.00317645	0.00222288	1.60413	0.0	0.920525	0.074191	0.805227	1.2183	0.999999	0.0683949	0.368532	0.989307	0.0010046	0.968004	0.859601	0.969549	4.94274	1.34619	-4051.47	4.0	408.927	-27295.5	4.0	340.396	1.0	632.635	57.8256	286.099	42.1045	0.311406	0.0402712	1.12026	0.0232826	
0.0-1.2	6.5-30.0	50.0-100.0	0.000-1.571	0.008	0.056	1151.0	1149.0	984.731	60.8779	164.32	37.2572	-0.897461	0.749664	-0.05	0.0	0.509922	0.0	3.0925	0.0	0.0193556	0.0	0.0317204	0.00219375	0.03	0.0	1.492	0.04	5.0	0.0	1.733	0.07	0.0261562	0.000651908	1.7457e-05	3.13754e-05	0.386505	0.131359	0.236177	0.0	5.83622e-05	0.0	0.00176331	0.00154689	1.60413	0.0	0.775863	0.0615883	0.510879	0.215419	1.0	5.31679	9.37378e-07	1.77288	0.0152835	0.0274365	0.228513	0.0613809	0.0200075	576.838	-5818.18	4.0	1358.36	-30619.4	4.0	1761.78	1.0	714.345	61.4189	270.386	45.8411	0.274579	0.0433466	1.03321	0.0176626	
0.0-2.4	10.0-13.0	0.0-100.0	0.000-1.571	0.008	0.136	6519.0	6517.0	4717.19	257.604	1800.73	198.006	-0.740206	0.251527	-0.05	0.0	0.496672	0.344683	3.09221	0.00183961	0.0422144	0.00551392	0.0218492	0.00763381	0.03	0.0	1.492	0.04	5.0	0.0	1.733	0.07	0.0335467	0.00212949	1.21637e-05	1.85867	0.4028	0.0769877	0.294117	0.0867943	0.000270012	0.00176522	0.000229834	0.000900452	1.60695	0.0922641	0.796313	0.0253691	0.878267	0.301346	0.526531	0.234396	4.43315e-08	8.88855	0.0869253	0.100844	0.286902	0.0638358	0.0269681	0.0174085	-7928.2	4.0	12768.1	-178481.0	7.0	55047.8	1.0	3184.61	207.975	1532.57	141.468	0.324891	0.0241786	1.09868	0.0437756	
0.0-2.4	10.0-30.0	0.0-100.0	0.000-1.571	0.004	0.144	10142.0	10141.0	7406.7	240.902	2734.35	182.798	-0.77048	0.157199	-0.05	0.0	0.502971	0.188065	3.09312	0.00109455	0.0431053	0.00388465	0.0212659	0.00412342	0.03	0.0	1.492	0.04	5.0	0.0	1.733	0.07	0.0340489	0.00139257	1.70873e-05	5.44529e-05	0.371797	0.0473998	0.236071	0.0672041	0.00122446	0.0014114	0.000133381	0.000652475	1.62051	0.0854295	0.861917	0.0201865	0.90418	0.442065	0.742167	0.869308	0.278983	0.539289	0.0781203	0.127384	0.291189	0.0673355	0.036659	0.0736149	-13224.8	4.0	16733.6	-267447.0	7.0	243603.0	1.0	4813.24	205.379	2593.46	157.441	0.35015	0.0179484	1.0897	0.0332422	
0.0-2.4	11.0-13.0	0.0-100.0	0.000-1.571	0.008	0.105	3470.0	3469.0	2602.7	184.766	866.631	141.207	-0.916913	0.309041	-0.05	0.0	0.489057	0.428046	3.09224	0.00247533	0.0442588	0.0131674	0.021122	0.0092236	0.03	0.0	1.492	0.04	5.0	0.0	1.733	0.07	0.0344374	0.0043832	1.31317e-05	0.000141526	0.479902	0.142307	0.127384	0.054916	-0.0011181	0.00400296	0.00170432	0.00129049	1.9166	0.182182	0.914823	0.0373178	0.825336	0.293523	0.586667	0.187591	1.96607e-09	11.0974	0.0749602	0.0690757	0.291223	0.0793958	0.02	0.238498	-3308.38	4.0	10272.5	-111451.0	7.0	1021400.0	1.0	1636.89	150.012	965.801	117.052	0.371077	0.0364505	1.09463	0.0431686	
0.0-2.4	13.0-16.0	0.0-100.0	0.000-1.571	0.008	0.08	2189.0	2183.0	1662.93	131.265	520.939	103.982	-0.643843	0.363862	-0.05	0.0	0.63516	0.47971	3.09446	0.00243212	0.0445744	0.0140559	0.0164569	0.0137864	0.03	0.0	1.492	0.04	5.0	0.0	1.733	0.07	0.0368889	0.00550931	3.22941e-05	7.28178e-05	0.440715	0.116802	0.190435	0.151414	0.000860929	0.00325109	0.00250911	0.0014369	1.61744	0.225591	0.943634	0.0456471	0.909554	0.87371	0.766442	1.2723	0.13835	0.270497	0.0471596	0.0395862	0.221264	0.101157	0.0377187	0.0455323	-3765.96	4.0	2923.17	-46014.3	7.0	426814.0	1.0	1093.76	104.639	569.174	74.2549	0.342272	0.035552	1.10412	0.0688459	
0.0-2.4	13.0-30.0	0.0-100.0	0.000-1.571	0.008	0.105	3623.0	3623.0	2693.36	161.249	930.054	131.713	-0.837035	0.282596	-0.05	0.0	0.512724	0.363766	3.09475	0.00173189	0.0448009	0.0121475	0.0202186	0.00663115	0.03	0.0	1.492	0.04	5.0	0.0	1.733	0.07	0.035047	0.0040885	1.00009e-05	0.0022258	0.328494	0.0485444	0.132772	0.0920488	0.00351245	0.00313808	0.000116352	0.000921768	1.67468	0.204192	0.936591	0.0330604	0.87649	0.805939	0.920864	1.60717	0.349658	0.41106	0.0430096	0.0263293	0.298839	0.116169	0.0394051	0.0379257	-5831.31	4.0	3754.11	-71471.0	7.0	355980.0	1.0	1631.58	119.431	1061.78	93.6107	0.394222	0.0255136	1.06447	0.0484763	
0.0-2.4	16.0-30.0	0.0-100.0	0.000-1.571	0.008	0.064	1434.0	1432.0	1036.04	49.96	396.382	38.8555	-1.02256	0.323173	-0.05	0.0	0.322914	0.327821	3.0938	0.00173411	0.0208936	0.00599189	0.0365828	0.00806695	0.03	0.0	1.492	0.04	5.0	0.0	1.733	0.07	0.0323591	0.00315003	1.03669e-05	0.000212641	0.219096	0.025132	0.0950778	0.106211	0.00728087	0.00535444	-0.00158098	0.00108486	1.70142	0.346312	0.882891	0.0437463	0.559104	6.90215	0.97436	0.380754	0.111164	11.8563	0.00717907	0.0232298	0.391089	0.118848	0.0564041	0.0738199	-3001.46	4.0	299.915	-19955.6	7.0	70.3758	1.0	549.951	41.5696	486.091	39.6759	0.469181	0.0308979	0.990261	0.0657931	
0.0-2.4	6.5-30.0	0.0-10.0	0.000-1.571	0.008	0.184	18478.0	18478.0	8575.73	199.327	9903.89	215.654	-0.149064	0.0699789	-0.05	0.0	0.421533	0.0	3.09252	0.0	0.0490548	0.0	0.0247455	0.00108052	0.03	0.0	1.492	0.04	5.0	0.0	1.733	0.07	0.0369944	0.000209047	1.10484e-05	0.188378	0.294426	0.0306129	0.197932	0.0	0.00209112	0.0	0.00216331	0.000816475	1.70729	0.0	0.963164	0.0205957	0.87337	0.468878	0.407627	0.39646	0.470495	0.256214	0.1838	0.344221	0.315349	0.121329	0.0651513	0.0614569	-40929.1	4.0	7083.79	-569057.0	4.0	420.503	1.0	6110.86	209.449	2464.87	164.246	0.287424	0.0179495	1.14935	0.00692158	
0.0-2.4	6.5-30.0	0.0-100.0	0.000-1.571	0.004	0.184	48190.0	48190.0	26994.3	584.565	21196.7	572.327	-0.204279	0.0545299	-0.05	0.0	0.421533	0.13702	3.09252	0.000495274	0.0490548	0.00676909	0.0243302	0.00202071	0.03	0.0	1.492	0.04	5.0	0.0	1.733	0.07	0.0368347	0.00193884	1.10484e-05	0.188378	0.331429	0.02529	0.197932	0.0374389	0.00209112	0.00129423	0.00254782	0.000450781	1.70729	0.0620358	0.944819	0.0115445	0.608808	0.331071	0.933243	0.161742	0.535314	0.229514	0.0592677	0.0620483	0.251311	0.0888359	0.465657	1.6661	-68442.1	4.0	58573.3	-1703140.0	7.0	20700.4	1.0	19339.3	515.282	7654.94	342.936	0.283577	0.0111213	1.13707	0.0194123	
0.0-2.4	6.5-30.0	0.0-5.0	0.000-1.571	0.008	0.184	10029.0	10029.0	4629.45	148.53	5400.91	155.312	-0.0221824	0.0964261	-0.05	0.0	0.421533	0.0	3.09252	0.0	0.0490548	0.0	0.024012	0.00162646	0.03	0.0	1.492	0.04	5.0	0.0	1.733	0.07	0.0367137	0.000307675	1.10484e-05	0.188378	0.315103	0.0523507	0.197932	0.0	0.00209112	0.0	0.00396824	0.00119234	1.70729	0.0	1.05843	0.0292891	0.717082	0.000324589	0.999998	0.470363	0.658071	7.02257e-05	0.108244	0.000144173	0.202513	6.03015e-05	0.189887	93.4933	-25874.7	4.0	4879.37	-282250.0	4.0	44.3021	1.0	3329.95	163.511	1299.51	130.615	0.280704	0.0267379	1.21469	0.0102349	
0.0-2.4	6.5-30.0	10.0-15.0	0.000-1.571	0.008	0.152	6389.0	6388.0	3293.63	113.649	3094.48	113.219	-0.131083	0.128471	-0.05	0.0	0.421533	0.0	3.09252	0.0	0.0490548	0.0	0.023859	0.00116805	0.03	0.0	1.492	0.04	5.0	0.0	1.733	0.07	0.0366559	0.000219896	2.54256e-05	2.68579e-05	0.326855	0.050527	0.197932	0.0	0.00209112	0.0	0.00491277	0.00134707	1.70729	0.0	0.945762	0.0310533	0.406846	0.0993598	0.850496	0.139948	0.338865	0.171223	0.0293423	0.0104875	0.171644	0.0414095	0.187303	0.11276	-17001.3	4.0	2415.6	-156765.0	4.0	144.979	1.0	2311.5	118.707	982.128	94.2242	0.29819	0.0266936	1.1377	0.0103524	
0.0-2.4	6.5-30.0	10.0-20.0	0.000-1.571	0.008	0.16	11731.0	11729.0	6348.98	173.058	5379.73	157.002	-0.15783	0.100379	-0.05	0.0	0.421533	0.0	3.09252	0.0	0.0490548	0.0	0.0239292	0.000663514	0.03	0.0	1.492	0.04	5.0	0.0	1.733	0.07	0.0366824	0.00012519	1.13588e-05	0.0219528	0.371377	0.0623317	0.197932	0.0	0.00209112	0.0	0.00297188	0.00101258	1.70729	0.0	0.96026	0.0246786	0.479765	9.66487	0.855109	2.29459	0.403495	9.51015	0.0349001	0.568687	0.191409	1.0121	0.428788	5.64281	-16303.0	4.0	14059.0	-365831.0	4.0	3138.17	1.0	4395.74	196.246	1953.24	164.288	0.307646	0.0244799	1.1474	0.00828277	
0.0-2.4	6.5-30.0	15.0-20.0	0.000-1.571	0.008	0.16	5341.0	5341.0	3052.51	741.32	2288.38	624.66	-0.193205	1.25977	-0.05	0.0	0.421533	0.0	3.09252	0.0	0.0490548	0.0	0.0240013	0.00261639	0.03	0.0	1.492	0.04	5.0	0.0	1.733	0.07	0.0367097	0.000494772	1.13588e-05	0.0219528	0.420267	0.125071	0.197932	0.0	0.00209112	0.0	-0.000442544	0.00151541	1.70729	0.0	0.97794	0.0378406	0.711975	1.61101	0.773647	0.749588	0.526028	0.99513	0.0534274	0.225172	0.219913	0.457339	0.620703	3.56906	-1777.82	4.0	11193.0	-180925.0	4.0	1581470000.0	1.0	2070.77	518.024	981.731	268.856	0.321615	0.0407065	1.15932	0.0128012	
0.0-2.4	6.5-30.0	20.0-25.0	0.000-1.571	0.008	0.145	4289.0	4289.0	2581.77	96.8739	1708.09	79.9044	-0.246081	0.156501	-0.05	0.0	0.421533	0.0	3.09252	0.0	0.0490548	0.0	0.023234	0.00149817	0.03	0.0	1.492	0.04	5.0	0.0	1.733	0.07	0.036423	0.000276412	1.27502e-05	0.000164255	0.33776	0.0633931	0.197932	0.0	0.00209112	0.0	0.00246807	0.00115491	1.70729	0.0	0.854021	0.028252	0.472256	0.0715366	0.970849	0.0575096	0.373251	0.136893	0.0421521	0.0099665	0.173107	0.0315921	0.670414	1.98615	-13584.9	4.0	2037.51	-99750.9	4.0	67.3494	1.0	1897.49	100.505	684.278	75.4408	0.265042	0.0274762	1.07793	0.00897655	
0.0-2.4	6.5-30.0	20.0-30.0	0.000-1.571	0.008	0.152	7948.0	7948.0	4879.04	144.485	3069.28	117.563	-0.117986	0.157769	-0.05	0.0	0.421533	0.0	3.09252	0.0	0.0490548	0.0	0.0234593	0.000869749	0.03	0.0	1.492	0.04	5.0	0.0	1.733	0.07	0.0365064	0.000161655	2.54256e-05	2.68579e-05	0.427045	0.129618	0.197932	0.0	0.00209112	0.0	0.00260734	0.00103643	1.70729	0.0	0.87268	0.0263741	0.496525	0.959684	0.97997	0.128082	0.401809	1.13989	0.0403416	0.0681152	0.171084	0.0629158	0.540541	3.96966	10476.6	4.0	23975.5	-280414.0	4.0	1676.39	1.0	3517.44	192.693	1361.6	167.053	0.279071	0.0332265	1.08985	0.00846931	
0.0-2.4	6.5-30.0	25.0-30.0	0.000-1.571	0.008	0.136	3658.0	3654.0	2295.34	108.059	1359.39	85.5713	0.0441646	0.298779	-0.05	0.0	0.421533	0.0	3.09252	0.0	0.0490548	0.0	0.0237283	0.000707925	0.03	0.0	1.492	0.04	5.0	0.0	1.733	0.07	0.0366069	0.000132721	1.61666e-05	1.68756e-05	0.525133	0.332308	0.197932	0.0	0.00209112	0.0	0.000781185	0.00191318	1.70729	0.0	0.902524	0.0493457	0.996182	86.4802	0.499976	9.7999	0.505395	9.77461	0.00114951	352.629	0.189347	0.0850445	0.0512738	0.135359	19562.0	4.0	19211.7	-157021.0	4.0	195835.0	1.0	1608.31	165.252	687.033	150.405	0.299316	0.0639932	1.10917	0.0161024	
0.0-2.4	6.5-30.0	30.0-35.0	0.000-1.571	0.008	0.128	2778.0	2776.0	1694.19	76.5834	1082.07	66.4587	-0.413391	0.203217	-0.05	0.0	0.421533	0.0	3.09252	0.0	0.0490548	0.0	0.0247607	0.00193961	0.03	0.0	1.492	0.04	5.0	0.0	1.733	0.07	0.0370003	0.000375422	1.79639e-05	0.125254	0.304989	0.0744659	0.197932	0.0	0.00209112	0.0	0.00205203	0.00162215	1.70729	0.0	0.907098	0.0422636	0.63212	1.62739	0.85416	58.7028	0.420871	21.7651	0.055853	0.184229	0.300807	0.585214	0.0200178	3.05291	-8168.55	4.0	957.415	-58950.3	4.0	28.9498	1.0	1292.88	80.1759	401.318	57.8079	0.236879	0.0323975	1.11216	0.013824	
0.0-2.4	6.5-30.0	30.0-40.0	0.000-1.571	0.008	0.128	4794.0	4792.0	3110.57	108.413	1681.27	87.9779	-0.412367	0.167483	-0.05	0.0	0.421533	0.0	3.09252	0.0	0.0490548	0.0	0.0240994	0.00113389	0.03	0.0	1.492	0.04	5.0	0.0	1.733	0.07	0.0367468	0.000215084	1.79639e-05	0.125254	0.260762	0.0464678	0.197932	0.0	0.00209112	0.0	0.00131968	0.00121472	1.70729	0.0	0.849112	0.0308106	0.760505	0.585226	0.638914	1.21083	0.391441	0.554364	0.0654577	0.0328113	0.389563	0.234029	0.0560606	0.0516712	-13118.6	4.0	3285.97	-122167.0	4.0	494.521	1.0	2256.37	119.687	854.197	95.0101	0.274611	0.029006	1.07481	0.00976141	
0.0-2.4	6.5-30.0	35.0-40.0	0.000-1.571	0.008	0.12	2015.0	2015.0	1412.51	76.3491	603.103	56.9568	-0.406067	0.290795	-0.05	0.0	0.421533	0.0	3.09252	0.0	0.0490548	0.0	0.0233205	0.00122922	0.03	0.0	1.492	0.04	5.0	0.0	1.733	0.07	0.0364549	0.000227436	2.47093e-05	3.60563e-05	0.233661	0.0584578	0.197932	0.0	0.00209112	0.0	0.0011533	0.00178092	1.70729	0.0	0.795828	0.0438385	1.0	741.236	0.452459	0.0943382	0.374616	0.0328238	0.10493	793.545	0.556284	0.107378	0.0775543	0.00536342	-5436.59	4.0	2119.86	-52966.2	4.0	1552.57	1.0	963.569	86.7727	448.936	73.5234	0.31783	0.0491351	1.0416	0.0134325	
0.0-2.4	6.5-30.0	40.0-45.0	0.000-1.571	0.008	0.12	1520.0	1519.0	1086.68	57.6698	432.778	43.8381	-0.419083	0.362914	-0.05	0.0	0.421533	0.0	3.09252	0.0	0.0490548	0.0	0.0232425	0.00236445	0.03	0.0	1.492	0.04	5.0	0.0	1.733	0.07	0.0364261	0.000436364	2.47093e-05	3.60563e-05	0.260852	0.0536793	0.197932	0.0	0.00209112	0.0	-0.00199697	0.00182885	1.70729	0.0	0.925639	0.049609	0.99851	150.452	1.0	0.269699	0.64101	9.26062	0.001064	3.88861	0.845362	10.0212	0.974989	20.8914	-4133.85	4.0	321.427	-28706.3	4.0	140.063	1.0	799.383	57.3019	287.294	41.4276	0.264378	0.0354475	1.12435	0.0163788	
0.0-2.4	6.5-30.0	40.0-50.0	0.000-1.571	0.008	0.136	2716.0	2713.0	1978.48	77.9866	734.973	55.786	-0.929341	0.262696	-0.05	0.0	0.421533	0.0	3.09252	0.0	0.0490548	0.0	0.0246746	0.00177686	0.03	0.0	1.492	0.04	5.0	0.0	1.733	0.07	0.036967	0.000343035	1.61666e-05	1.68756e-05	0.2766	0.0389303	0.197932	0.0	0.00209112	0.0	-0.000716888	0.00133685	1.70729	0.0	0.82654	0.0385713	0.499613	15.9568	1.0	0.109384	0.0957182	24.9154	0.0211539	0.169727	0.4545	0.328726	4.98142	618.718	-8384.87	4.0	515.031	-56511.6	4.0	109.379	1.0	1405.73	76.3521	572.75	57.1755	0.28949	0.0265505	1.06061	0.0120547	
0.0-2.4	6.5-30.0	45.0-50.0	0.000-1.571	0.008	0.136	1195.0	1193.0	896.534	52.4482	297.413	33.747	-1.73213	0.416082	-0.05	0.0	0.421533	0.0	3.09252	0.0	0.0490548	0.0	0.0268297	0.00249628	0.03	0.0	1.492	0.04	5.0	0.0	1.733	0.07	0.0378255	0.000512121	1.61666e-05	1.68756e-05	0.292785	0.0541581	0.197932	0.0	0.00209112	0.0	-0.00322064	0.00202203	1.70729	0.0	0.750005	0.0523567	0.819402	2.65291	0.626233	2.02782	4.01448e-05	45.913	0.0284528	0.0577528	0.280413	0.100113	0.0264184	0.0280833	-4542.77	4.0	223.152	-22866.2	4.0	0.888785	1.0	593.32	50.848	303.214	41.1752	0.338207	0.0414468	1.01396	0.015531	
0.0-2.4	6.5-30.0	5.0-10.0	0.000-1.571	0.008	0.112	8448.0	8416.0	3946.54	133.502	4470.22	149.511	-0.289467	0.10539	-0.05	0.0	0.421533	0.0	3.09252	0.0	0.0490548	0.0	0.025471	0.00142813	0.03	0.0	1.492	0.04	5.0	0.0	1.733	0.07	0.0372781	0.000282232	1.67157e-05	3.06522e-05	0.279888	0.034213	0.197932	0.0	0.00209112	0.0	0.000775435	0.00115042	1.70729	0.0	0.941331	0.0290983	0.999997	98.0355	0.298981	0.248691	0.459506	0.203742	0.0196373	3.54422	0.461995	0.271254	0.089827	0.0233952	-16468.2	4.0	1777.15	-243680.0	4.0	1196.7	1.0	2792.68	132.231	1153.86	100.419	0.292372	0.023444	1.13475	0.00968036	
0.0-2.4	6.5-30.0	50.0-100.0	0.000-1.571	0.008	0.088	2522.0	2503.0	2071.84	81.4261	431.849	49.5871	-0.746805	0.356136	-0.05	0.0	0.421533	0.0	3.09252	0.0	0.0490548	0.0	0.0248202	0.00146876	0.03	0.0	1.492	0.04	5.0	0.0	1.733	0.07	0.0370233	0.000284793	2.59256e-05	2.3357e-05	0.329908	0.0712055	0.197932	0.0	0.00209112	0.0	0.0031608	0.00121336	1.70729	0.0	0.853207	0.042936	0.544157	0.232095	0.999998	140.857	6.28263e-05	6.05812	0.0113318	0.0318754	0.249209	0.0488191	0.0293574	883.77	-9861.8	4.0	1704.63	-58081.1	4.0	1016.24	1.0	1557.05	86.4117	514.789	64.2773	0.248469	0.0294473	1.07741	0.0136357	
0.0-2.4	6.5-30.0	50.0-55.0	0.000-1.571	0.008	0.08	885.0	876.0	720.382	44.4045	155.812	23.9554	-0.363413	0.471081	-0.05	0.0	0.421533	0.0	3.09252	0.0	0.0490548	0.0	0.0260373	0.00255534	0.03	0.0	1.492	0.04	5.0	0.0	1.733	0.07	0.0375037	0.000513118	1.06333e-05	0.0003574	0.261641	0.0764928	0.197932	0.0	0.00209112	0.0	0.00291083	0.00265496	1.70729	0.0	0.905962	0.0745373	0.54905	2.72851	0.906398	8.43159	9.96439e-05	23.8189	0.027072	0.0850334	0.211558	0.139916	0.0225588	0.476538	-4089.72	4.0	194.692	-14690.8	4.0	21.8424	1.0	551.662	48.4697	168.72	36.0716	0.234209	0.0479466	1.11142	0.0243662	
0.0-2.4	6.5-30.0	50.0-60.0	0.000-1.571	0.008	0.08	1416.0	1404.0	1169.75	54.9433	234.996	29.7057	-0.45892	0.385474	-0.05	0.0	0.421533	0.0	3.09252	0.0	0.0490548	0.0	0.0265621	0.00196884	0.03	0.0	1.492	0.04	5.0	0.0	1.733	0.07	0.037716	0.000401046	1.06333e-05	0.0003574	0.233777	0.0463477	0.197932	0.0	0.00209112	0.0	0.00336356	0.00189218	1.70729	0.0	0.864908	0.0511997	0.731984	13.3366	0.670931	14.0968	0.000141171	82.0536	0.0201534	0.0777165	0.294993	0.202374	0.0200001	0.398239	-6360.52	4.0	195.397	-23945.4	4.0	21.8981	1.0	888.342	57.8767	281.407	42.2303	0.24057	0.0342881	1.08487	0.0163697	
0.0-2.4	6.5-30.0	55.0-60.0	0.000-1.571	0.008	0.073	531.0	526.0	448.536	32.2994	78.1217	17.506	-0.671099	0.700292	-0.05	0.0	0.421533	0.0	3.09252	0.0	0.0490548	0.0	0.027333	0.00310077	0.03	0.0	1.492	0.04	5.0	0.0	1.733	0.07	0.0380333	0.000644526	1.72071e-05	2.22879e-05	0.191634	0.0385	0.197932	0.0	0.00209112	0.0	0.0046239	0.00254032	1.70729	0.0	0.799027	0.0690827	0.589557	8.55631	0.931324	19.0478	0.00064141	60.0178	0.00622675	0.232695	0.43942	0.703331	0.0200055	2.15635	-2328.01	4.0	5.2266	-7147.87	4.0	27.6965	1.0	335.567	31.4263	112.969	21.6765	0.251861	0.0447948	1.04356	0.0212127	
0.0-2.4	6.5-30.0	60.0-100.0	0.000-1.571	0.008	0.088	1105.0	1095.0	898.287	59.974	197.021	39.5833	-1.10195	0.744595	-0.05	0.0	0.421533	0.0	3.09252	0.0	0.0490548	0.0	0.0219504	0.00183904	0.03	0.0	1.492	0.04	5.0	0.0	1.733	0.07	0.0359595	0.00032469	2.59256e-05	2.3357e-05	0.435744	0.168652	0.197932	0.0	0.00209112	0.0	0.00274506	0.00159111	1.70729	0.0	0.799539	0.0584415	0.56889	0.243807	1.0	192.743	3.68778e-07	0.00807409	0.0171507	0.00766049	0.215808	0.0535314	0.0219851	874.524	-4103.38	4.0	1544.85	-28928.9	4.0	1181.36	1.0	651.426	61.0588	246.861	45.9155	0.274813	0.047708	1.04387	0.0179512	
0.0-2.4	6.5-30.0	60.0-70.0	0.000-1.571	0.008	0.088	742.0	733.0	600.9	52.2101	133.026	36.4185	-1.42425	1.20276	-0.05	0.0	0.421533	0.0	3.09252	0.0	0.0490548	0.0	0.0189347	0.00151929	0.03	0.0	1.492	0.04	5.0	0.0	1.733	0.07	0.0349537	0.000238043	2.59256e-05	2.3357e-05	0.497534	0.278086	0.197932	0.0	0.00209112	0.0	0.00207836	0.00287189	1.70729	0.0	0.834957	0.096469	0.432189	369.374	0.999993	101204.0	0.000429175	5460.31	0.00709455	0.0935522	0.247645	103.247	0.0200161	491390.0	-2791.57	4.0	110610.0	-21071.0	4.0	1776.94	1.0	422.836	53.9134	178.063	42.3824	0.296328	0.0656644	1.06588	0.0303057	
0.0-2.4	6.5-30.0	70.0-100.0	0.000-1.571	0.016	0.073	362.0	359.0	296.483	29.8071	62.6615	15.4397	-0.47088	0.732957	-0.05	0.0	0.421533	0.0	3.09252	0.0	0.0490548	0.0	0.0280246	0.00651443	0.03	0.0	1.492	0.04	5.0	0.0	1.733	0.07	0.0383234	0.00137785	1.00217e-05	0.000162887	0.294711	0.144814	0.197932	0.0	0.00209112	0.0	0.00284946	0.00360983	1.70729	0.0	0.823506	0.0912517	0.806515	0.0928176	0.999998	8.36719	8.025e-10	0.356819	0.0444796	0.0271685	0.16745	0.0323684	0.113727	23.0531	-1571.07	4.0	160.262	-5687.73	4.0	37.7052	1.0	224.996	31.2005	71.4868	22.6595	0.241116	0.0724815	1.05871	0.028465	
0.0-2.4	6.5-7.5	0.0-100.0	0.000-1.571	0.016	0.16	18503.0	18499.0	7802.77	345.195	10697.1	368.57	-0.0182291	0.0844581	-0.05	0.0	0.338228	0.269818	3.09099	0.0011336	0.0558801	0.0177824	0.0277867	0.00430877	0.03	0.0	1.492	0.04	5.0	0.0	1.733	0.07	0.0395866	0.00436138	3.66049e-05	0.000137318	0.241321	0.0252678	0.380238	0.138046	0.00427683	0.00352717	0.00320668	0.00114025	1.5828	0.116516	0.907684	0.0229852	0.547471	6.45357	0.889386	3.15671	0.649212	3.5484	0.0725379	0.979992	0.201853	2.98957	0.59268	23.8329	-67557.2	4.0	2570.61	-665107.0	7.0	416.881	1.0	6066.55	307.325	1736.23	168.282	0.222514	0.0191892	1.20963	0.0563017	
0.0-2.4	6.5-8.0	0.0-100.0	0.000-1.571	0.016	0.16	24792.0	24787.0	11205.9	370.217	13581.7	387.705	-0.0785243	0.0783059	-0.05	0.0	0.36997	0.208763	3.09164	0.000988264	0.0525601	0.00828509	0.0271231	0.00371113	0.03	0.0	1.492	0.04	5.0	0.0	1.733	0.07	0.0385429	0.00224608	2.57968e-05	9.0559e-05	0.289559	0.0310183	0.307488	0.0880482	0.00439684	0.00310131	0.00319719	0.000868664	1.63221	0.0944826	0.914574	0.0184912	0.539973	46.6064	0.893539	2.9325	0.595472	18.9409	0.0652692	5.51929	0.190675	5.58077	0.477956	30.9614	-80177.2	4.0	8431.19	-880276.0	7.0	10363.1	1.0	8556.84	340.484	2649.01	208.973	0.236396	0.0169344	1.18255	0.0397981	
0.0-2.4	6.5-8.5	0.0-100.0	0.000-1.571	0.016	0.16	29619.0	29604.0	14084.2	714.629	15520.5	721.837	-0.110253	0.079782	-0.05	0.0	0.384217	0.31257	3.09147	0.000929095	0.0525648	0.0189649	0.0262468	0.00452263	0.03	0.0	1.492	0.04	5.0	0.0	1.733	0.07	0.0385464	0.00505797	2.24999e-05	6.2246e-05	0.31386	0.042954	0.244453	0.0703637	0.00606182	0.00301279	0.0035909	0.000773785	1.69089	0.0957886	0.953934	0.0167991	0.526887	0.191783	0.893729	0.297288	0.593302	0.185135	0.0616221	0.0522055	0.243742	0.121854	0.369071	0.998761	-43619.9	4.0	50317.5	-1121870.0	7.0	471028.0	1.0	10793.9	607.269	3290.35	310.962	0.233619	0.0186268	1.17748	0.0340147	
0.0-2.4	7.5-8.5	0.0-100.0	0.000-1.571	0.008	0.184	11115.0	11115.0	6299.45	488.791	4816.94	472.319	-0.318136	0.167139	-0.05	0.0	0.436505	0.536971	3.09193	0.00149839	0.0495738	0.0246141	0.0243978	0.0087288	0.03	0.0	1.492	0.04	5.0	0.0	1.733	0.07	0.0375255	0.00727481	3.64523e-05	0.000133371	0.399698	0.112377	0.180395	0.0713788	0.00786448	0.00437943	0.00365088	0.00114159	1.76532	0.139846	0.9358	0.0275539	0.513396	0.75127	0.890941	0.32138	0.436738	0.711222	0.0460448	0.0716259	0.259269	0.125695	0.264329	0.621017	13673.1	4.0	34475.8	-382340.0	7.0	878519.0	1.0	4689.1	415.389	1610.35	236.182	0.255633	0.0318159	1.13134	0.041517	
0.0-2.4	8.0-10.0	0.0-100.0	0.000-1.571	0.008	0.184	13255.0	13255.0	8426.42	490.59	4828.68	469.281	-0.237876	0.146117	-0.05	0.0	0.411969	0.351878	3.09306	0.000956957	0.051295	0.0219587	0.0234539	0.00551834	0.03	0.0	1.492	0.04	5.0	0.0	1.733	0.07	0.0375157	0.0062671	2.86287e-05	7.39866e-05	0.330607	0.048608	0.101319	0.038551	0.00371713	0.00401088	0.00282869	0.00080477	1.94164	0.153292	0.988482	0.0201046	0.604514	1.34745	0.960371	0.14827	0.475927	1.1203	0.0454417	0.105604	0.323738	0.144809	0.473388	2.86559	13334.9	4.0	61082.0	-397868.0	7.0	621828.0	1.0	6031.7	392.998	2394.72	224.87	0.284192	0.0209379	1.12253	0.0286128	
0.0-2.4	8.5-9.5	0.0-100.0	0.000-1.571	0.008	0.12	6185.0	6176.0	3939.85	111.379	2236.48	92.4031	-0.173721	0.136787	-0.05	0.0	0.497583	0.0337994	3.09446	0.000916091	0.0438242	0.0023793	0.0230516	0.00160142	0.03	0.0	1.492	0.04	5.0	0.0	1.733	0.07	0.0349658	0.000856434	3.2051e-05	0.000103207	0.280884	0.0285012	0.0787498	0.0409311	0.00669735	0.00605873	0.00122659	0.000969767	2.08685	0.243496	0.983982	0.0258476	0.66932	1.48038	0.847598	3.17212	0.43116	0.953837	0.0483692	0.0775412	0.262857	0.158304	0.0468427	0.130355	-15603.2	4.0	1320.36	-124271.0	7.0	155.59	1.0	2711.96	110.158	1227.89	86.383	0.311659	0.0200773	1.11127	0.0375213	
0.0-2.4	9.5-11.0	0.0-100.0	0.000-1.571	0.008	0.136	5292.0	5289.0	3698.4	139.68	1590.87	122.371	-0.365602	0.1717	-0.05	0.0	0.385732	0.205187	3.09265	0.000976423	0.0493558	0.0110853	0.023659	0.0034519	0.03	0.0	1.492	0.04	5.0	0.0	1.733	0.07	0.0358257	0.0030275	5.20639e-05	9.66049e-05	0.324646	0.0471007	0.492672	0.116015	-0.000315795	0.00154696	0.00101756	0.00110795	1.43747	0.0670787	0.679563	0.0305524	0.961237	0.0735067	0.475907	0.672658	0.189417	1.09811	0.311315	0.532258	0.37059	0.114774	0.0396524	0.0587625	-8562.33	4.0	3446.69	-107524.0	7.0	237.048	1.0	2640.99	125.008	1057.42	85.2824	0.285912	0.0203747	1.11906	0.0469258	
0.4-0.8	6.5-30.0	0.0-100.0	0.000-1.571	0.008	0.073	6099.0	6099.0	4015.09	255.701	2083.89	218.994	0.16138	0.471772	-0.05	0.0	0.542135	0.726946	3.09313	0.0015243	0.01795	0.00802233	0.0382968	0.033608	0.03	0.0	1.492	0.04	5.0	0.0	1.733	0.07	0.0290896	0.0102177	1.74651e-05	0.000239484	0.484883	0.149514	0.117942	0.0622417	-0.00405725	0.00414574	-0.000439408	0.00120489	1.86917	0.210931	0.969763	0.0354168	0.74652	0.409938	0.869738	0.381132	0.491605	0.287293	0.0671123	0.197967	0.230271	0.0602574	1.27141	11.9056	17137.4	4.0	29745.1	-330565.0	7.0	4983750.0	1.0	2620.85	216.396	1394.24	163.868	0.34725	0.0343022	1.11427	0.0434926	
0.8-1.2	6.5-30.0	0.0-100.0	0.000-1.571	0.008	0.105	8677.0	8673.0	4954.41	141.96	3719.1	135.023	0.00503778	0.111013	-0.05	0.0	0.449732	0.229842	3.0921	0.00132491	0.0289802	0.00872646	0.0344749	0.013734	0.03	0.0	1.492	0.04	5.0	0.0	1.733	0.07	0.0321202	0.00442528	1.45333e-05	7.48505e-05	0.281713	0.029849	0.403107	0.16806	0.0021768	0.00196872	0.00181182	0.00100891	1.46305	0.101114	0.7832	0.0285795	0.524003	0.197479	0.938873	0.14255	0.487363	0.259568	0.0551457	0.0334664	0.205897	0.0952331	0.519118	2.02533	-28198.1	4.0	1945.44	-215630.0	7.0	223.993	1.0	3550.47	136.1	1403.94	98.9549	0.283372	0.0182482	1.1086	0.0641048	
1.2-1.6	6.5-30.0	0.0-10.0	0.000-1.571	0.008	0.136	4729.0	4724.0	1996.23	97.7155	2728.71	115.958	-0.0578385	0.11166	-0.05	0.0	0.530089	0.0	3.0913	0.0	0.0443447	0.0	0.0318575	0.00307314	0.03	0.0	1.492	0.04	5.0	0.0	1.733	0.07	0.0389783	0.000590143	1.03021e-05	0.137313	0.2914	0.0493578	0.0999774	0.0	0.00921681	0.0	0.00478286	0.00141385	2.02628	0.0	0.901563	0.0365962	0.455536	1.55705	0.45806	0.731191	0.261087	1.41976	0.0204662	0.125423	0.485382	0.481466	0.0828511	0.0442163	-2551.41	4.0	1132.16	-120874.0	4.0	1864.82	1.0	1374.35	95.495	621.881	74.2974	0.311528	0.0339515	1.06866	0.0138936	
1.2-1.6	6.5-30.0	0.0-100.0	0.000-1.571	0.008	0.136	11763.0	11751.0	6156.06	203.141	5595.53	211.069	-0.187014	0.0836214	-0.05	0.0	0.530089	0.169303	3.0913	0.0011666	0.0443447	0.00559885	0.0316085	0.00170645	0.03	0.0	1.492	0.04	5.0	0.0	1.733	0.07	0.0388829	0.00172349	1.03021e-05	0.137313	0.274466	0.0260478	0.0999774	0.0369937	0.00921681	0.0152857	0.00355461	0.000811099	2.02628	0.173102	0.972738	0.0204734	0.551306	3.6761	0.567411	1.74191	0.37012	2.16176	0.0273996	0.137001	0.40201	0.20944	0.0853314	0.0776313	-16532.2	4.0	2749.61	-290108.0	7.0	10853.0	1.0	4430.37	182.361	1725.69	122.984	0.280324	0.017707	1.12344	0.0313652	
1.2-1.6	6.5-30.0	10.0-20.0	0.000-1.571	0.008	0.128	2675.0	2669.0	1386.58	67.3478	1283.51	66.0833	-0.223067	0.161935	-0.05	0.0	0.530089	0.0	3.0913	0.0	0.0443447	0.0	0.0373375	0.00513187	0.03	0.0	1.492	0.04	5.0	0.0	1.733	0.07	0.0412006	0.0010927	1.05393e-05	0.000462059	0.221673	0.0330172	0.0999774	0.0	0.00921681	0.0	0.00319508	0.00175711	2.02628	0.0	1.06963	0.0435207	0.596347	0.00013564	1.0	56.4107	0.616293	9.13783e-05	0.0947699	3.16303e-05	0.211487	8.48496e-05	0.134716	427.326	-6801.69	4.0	235.841	-44417.5	4.0	17.7211	1.0	950.491	68.9321	436.094	55.3983	0.314509	0.0369173	1.20009	0.0174558	
1.2-1.6	6.5-30.0	20.0-30.0	0.000-1.571	0.008	0.105	1938.0	1934.0	1142.17	59.3238	791.935	49.6501	-0.0934946	0.206012	-0.05	0.0	0.530089	0.0	3.0913	0.0	0.0443447	0.0	0.0273721	0.00362942	0.03	0.0	1.492	0.04	5.0	0.0	1.733	0.07	0.0373425	0.000625067	2.15115e-05	5.46744e-05	0.308938	0.0784815	0.0999774	0.0	0.00921681	0.0	0.000315166	0.00172282	2.02628	0.0	0.969055	0.0412785	0.485095	1.46915	0.77038	5.83092	0.283358	0.917533	0.0282562	0.0218359	0.15	0.0853786	0.027703	0.0316334	-5814.5	4.0	620.171	-33605.3	4.0	51.2342	1.0	838.525	63.6096	303.64	48.97	0.265846	0.0405904	1.12057	0.0160641	
1.2-1.6	6.5-30.0	30.0-40.0	0.000-1.571	0.008	0.12	1189.0	1180.0	672.831	49.8644	507.778	54.007	-0.223774	0.309406	-0.05	0.0	0.530089	0.0	3.0913	0.0	0.0443447	0.0	0.030116	0.00493461	0.03	0.0	1.492	0.04	5.0	0.0	1.733	0.07	0.0383222	0.00091114	1.02701e-05	1.42054	0.233004	0.0802495	0.0999774	0.0	0.00921681	0.0	0.0052225	0.00237014	2.02628	0.0	0.913056	0.0586779	0.928877	1.60134	0.565218	1.48903	0.23997	0.299688	0.0996641	0.10354	0.630483	0.910854	0.0626875	0.142698	-400.939	4.0	235.72	-23759.9	4.0	752.925	1.0	539.158	52.1572	133.672	34.9556	0.198671	0.049823	1.07741	0.0223776	
1.2-1.6	6.5-30.0	40.0-50.0	0.000-1.571	0.016	0.064	627.0	613.0	455.007	34.5073	159.03	23.9348	-1.99775	0.621491	-0.05	0.0	0.530089	0.0	3.0913	0.0	0.0443447	0.0	0.0305596	0.00711739	0.03	0.0	1.492	0.04	5.0	0.0	1.733	0.07	0.0384869	0.00132783	1.70248e-05	0.000290648	0.28222	0.0790616	0.0999774	0.0	0.00921681	0.0	-0.0036558	0.00293638	2.02628	0.0	1.01947	0.0860168	0.610959	0.414557	0.93933	0.204096	1.14077e-05	79.0016	0.00752659	0.0142482	0.278571	0.115567	0.109778	0.147252	-1909.16	4.0	75.7862	-8725.26	4.0	10.4272	1.0	332.365	35.391	122.642	26.5269	0.269539	0.0545988	1.16013	0.0340154	
1.2-1.6	6.5-30.0	50.0-100.0	0.000-1.571	0.016	0.073	602.0	598.0	487.081	36.5086	110.971	20.3013	-1.22889	0.628368	-0.05	0.0	0.530089	0.0	3.0913	0.0	0.0443447	0.0	0.0296668	0.00515803	0.03	0.0	1.492	0.04	5.0	0.0	1.733	0.07	0.0381572	0.000942244	1.14193e-05	0.000494472	0.33293	0.127404	0.0999774	0.0	0.00921681	0.0	0.00556454	0.00299509	2.02628	0.0	0.98443	0.0784444	0.862268	10.2094	0.621852	13.1815	4.72761e-06	79.992	0.0210323	0.203266	0.326883	0.187159	0.0200005	0.547696	-1904.0	4.0	254.23	-9627.56	4.0	10.8839	1.0	368.232	38.5148	118.849	28.3012	0.244002	0.0551504	1.13256	0.0306837	
1.6-2.0	6.5-30.0	0.0-100.0	0.000-1.571	0.008	0.16	11972.0	11961.0	6074.32	161.977	5887.2	163.897	-0.412921	0.0859204	-0.05	0.0	0.534148	0.0997992	3.091	0.00125057	0.0545871	0.00356139	0.0340422	0.00406758	0.03	0.0	1.492	0.04	5.0	0.0	1.733	0.07	0.0461681	0.00164957	1.05212e-05	1.333	0.257419	0.0226579	0.352951	0.0860114	0.000933856	0.00217292	0.00429136	0.00106048	1.59661	0.0857668	0.921027	0.0236979	0.705012	0.151851	0.86879	0.287972	0.633964	0.0891047	0.0643746	0.0504288	0.216623	0.0381885	0.299618	0.409693	-34464.3	4.0	668.128	-266998.0	7.0	16.7638	1.0	4667.52	159.914	1406.8	107.185	0.231598	0.0165296	1.20358	0.036891	
1.6-2.4	3.0-30.0	0.0-100.0	0.000-1.571	0.008	0.264	182171.0	182162.0	35375.4	5961.74	146793.0	6853.99	0.0262321	0.085243	-0.05	0.0	0.941645	0.714011	3.09025	0.00399548	0.0520185	0.0305663	0.0162195	0.0950133	0.03	0.0	1.89	0.19	5.0	0.0	1.44	0.32	0.0506297	0.0148127	2.36546e-05	4.62758e-05	0.27471	0.0204266	0.355594	0.0730674	0.00274748	0.0018247	0.0088416	0.000866514	1.59365	0.0691909	0.912287	0.00903136	0.874777	12.2547	0.821254	6.41451	0.733177	7.01148	0.0932698	8.89797	0.14892	4.65627	1.59184	218.735	-185117.0	4.0	67452.0	-13450300.0	7.0	90387500.0	1.0	29090.9	4932.59	6284.49	1190.13	0.177652	0.0153453	1.19976	0.0307855	
1.6-2.4	3.0-4.5	0.0-100.0	0.000-1.571	0.016	0.264	112658.0	112652.0	15295.8	729.566	97357.9	1102.95	0.272423	0.037249	-0.05	0.0	0.929045	0.0690299	3.08899	0.00220347	0.0555945	0.00404598	0.014428	0.00624015	0.03	0.0	1.86	0.19	5.0	0.0	1.38	0.32	0.0537235	0.0021549	4.04496e-05	0.00458068	0.276252	0.0442701	0.30075	0.291762	-0.00999977	0.00417148	0.00984279	0.00213096	1.6808	0.353874	0.915358	0.0121048	0.999999	610.098	0.837507	0.114373	0.704762	1.16426	0.00163874	108775.0	0.114302	0.456065	1.1269	1.07525	-346665.0	4.0	2874.08	-9349890.0	7.0	5380.85	1.0	12984.5	761.467	2311.25	456.53	0.151104	0.0289635	1.19814	0.142193	
1.6-2.4	3.0-5.5	0.0-100.0	0.000-1.571	0.016	0.264	148804.0	148795.0	22336.3	1669.88	126459.0	2273.62	0.105418	0.0454515	-0.05	0.0	0.939002	0.0808622	3.08967	0.00273474	0.0531685	0.00583455	0.0141497	0.0110018	0.03	0.0	1.86	0.19	5.0	0.0	1.38	0.32	0.0516398	0.00300342	7.85643e-05	0.00045627	0.295573	0.0400076	0.0303489	0.0401161	-0.00999982	0.0183667	0.00967495	0.00122256	2.51883	0.855689	1.08974	0.00892272	0.807503	15.7591	0.833641	5.50973	0.702175	8.43423	0.0843635	6.02271	0.136331	3.74495	2.05567	400.004	-111820.0	4.0	289185.0	-12100900.0	7.0	1067840.0	1.0	18786.0	1516.65	3550.3	631.024	0.158947	0.0256303	1.15933	0.0529396	
1.6-2.4	3.0-6.5	0.0-10.0	0.000-1.571	0.016	0.264	78592.0	78583.0	9242.65	491.117	69339.8	857.758	0.0652874	0.0414351	-0.05	0.0	0.947656	0.0	3.09036	0.0	0.0525863	0.0	0.0166224	0.00105048	0.03	0.0	1.86	0.19	5.0	0.0	1.38	0.32	0.0513326	8.90276e-06	1.10324e-05	0.0465138	0.251116	0.0481979	0.306676	0.0	-0.00606766	0.0	0.01	0.000561636	1.65447	0.0	0.963071	0.0141921	1.0	9882550.0	0.747531	51515.0	0.748121	85055.1	0.00157112	18732600.0	0.152143	71210.9	1.96041	489353.0	57233.4	4.0	2334.26	-6314790.0	4.0	37181.6	1.0	7640.35	529.47	1602.3	350.384	0.173359	0.0367733	1.21759	0.00389146	
1.6-2.4	3.0-6.5	0.0-100.0	0.000-1.571	0.016	0.264	165776.0	165767.0	27283.4	2236.16	138484.0	2982.31	0.056109	0.0530021	-0.05	0.0	0.947656	0.0947701	3.09036	0.00283507	0.0525863	0.00664182	0.0146525	0.0120453	0.03	0.0	1.86	0.19	5.0	0.0	1.38	0.32	0.0513012	0.00343544	1.10324e-05	0.0465138	0.285163	0.0367717	0.306676	0.207312	-0.00606766	0.0158233	0.00999999	0.00118614	1.65447	0.204252	0.939736	0.0119177	1.0	12654800.0	0.785719	225609.0	0.742465	288256.0	0.00106557	22091600.0	0.131325	94023.4	1.32879	335934.0	-152350.0	4.0	136985.0	-12846400.0	7.0	1047000.0	1.0	22812.5	2049.67	4470.94	916.286	0.16387	0.0307814	1.20488	0.0906706	
1.6-2.4	3.0-6.5	0.0-20.0	0.000-1.571	0.016	0.264	129525.0	129516.0	17331.9	623.702	112186.0	1070.01	0.0675946	0.0319036	-0.05	0.0	0.947656	0.0	3.09036	0.0	0.0525863	0.0	0.0129386	0.00615451	0.03	0.0	1.86	0.19	5.0	0.0	1.38	0.32	0.051277	4.06438e-05	1.10324e-05	0.0465138	0.254414	0.0338198	0.306676	0.0	-0.00606766	0.0	0.01	0.000738144	1.65447	0.0	0.948754	0.0108796	0.999993	3687790.0	0.778196	14069.4	0.743643	29855.6	0.00100483	7809150.0	0.134036	18431.4	1.61779	114267.0	-120965.0	4.0	3093.43	-10630400.0	4.0	4244.18	1.0	14537.4	665.513	2794.51	423.493	0.161235	0.0237354	1.20977	0.00295782	
1.6-2.4	3.0-6.5	10.0-20.0	0.000-1.571	0.016	0.209	50932.0	50885.0	8110.5	390.897	42776.0	644.283	0.0760789	0.0498771	-0.05	0.0	0.947656	0.0	3.09036	0.0	0.0525863	0.0	0.0116455	0.00373747	0.03	0.0	1.86	0.19	5.0	0.0	1.38	0.32	0.0512608	2.22221e-05	2.44459e-05	0.000226863	0.24873	0.0447386	0.306676	0.0	-0.00606766	0.0	0.01	0.0127907	1.65447	0.0	0.931613	0.0168631	1.0	4375860.0	0.836037	90605.5	0.743837	157432.0	0.00132329	6304360.0	0.117618	41134.8	1.15519	158536.0	-190858.0	4.0	866.836	-3663180.0	4.0	879.068	1.0	6902.44	411.633	1208.05	249.321	0.14895	0.0298905	1.2005	0.00453646	
1.6-2.4	3.0-6.5	20.0-30.0	0.000-1.571	0.016	0.192	19916.0	19911.0	4123.96	253.559	15786.2	359.493	-0.0200097	0.0662976	-0.05	0.0	0.947656	0.0	3.09036	0.0	0.0525863	0.0	0.062008	0.0633542	0.03	0.0	1.86	0.19	5.0	0.0	1.38	0.32	0.0531209	0.0019355	3.37661e-05	0.00022371	0.261938	0.0405011	0.306676	0.0	-0.00606766	0.0	0.00775783	0.00140409	1.65447	0.0	0.893712	0.0219737	0.313767	179.945	0.936255	37.2487	0.107577	495.412	0.00676628	3.65912	0.0994899	0.380697	0.829143	14.6952	-26689.3	4.0	259.36	-899659.0	4.0	1254.84	1.0	3289.57	245.502	834.392	148.309	0.202328	0.0337427	1.18035	0.00576761	
1.6-2.4	3.0-6.5	20.0-40.0	0.000-1.571	0.016	0.192	29723.0	29712.0	6927.84	278.694	22785.0	393.893	0.0115334	0.0574705	-0.05	0.0	0.947656	0.0	3.09036	0.0	0.0525863	0.0	0.0193582	0.0018358	0.03	0.0	1.86	0.19	5.0	0.0	1.38	0.32	0.0513827	1.81013e-05	3.37661e-05	0.00022371	0.401466	0.19294	0.306676	0.0	-0.00606766	0.0	0.00612434	0.00157247	1.65447	0.0	0.90017	0.0199513	0.276045	146.662	0.949138	32.1554	0.000657399	1648.76	0.00226023	1.033	0.103357	28.2761	0.641638	145.613	-27663.6	4.0	26472.0	-1457120.0	4.0	2640980.0	1.0	5723.19	455.765	1204.66	396.312	0.173886	0.0567764	1.18375	0.00525947	
1.6-2.4	3.0-6.5	30.0-40.0	0.000-1.571	0.016	0.152	9807.0	9735.0	2775.14	382.323	6960.28	453.963	0.110042	0.209034	-0.05	0.0	0.808614	0.0642463	3.09036	0.0	0.0525863	0.0	0.02	0.327986	0.03	0.0	1.86	0.19	5.0	0.32	0.0480898	0.0130769	2.09228e-05	0.00043611	0.759574	1.54302	0.306676	0.0	-0.00606766	0.0	0.00757096	0.0035293	1.65447	0.0	0.90696	0.0434783	1.0	1.34893	0.857871	0.00106873	0.742177	0.000551795	0.00107472	67.0937	0.1239	0.000230075	0.202149	0.00108989	-18928.0	4.0	16330.1	-457540.0	5.0	1429190000.0	1.0	2324.04	473.639	451.104	354.52	0.162552	0.12577	1.18734	0.0115131	
1.6-2.4	3.0-6.5	40.0-100.0	0.000-1.571	0.016	0.168	6528.0	6524.0	3027.41	122.668	3497.02	130.598	0.00171536	0.130658	-0.05	0.0	0.947656	0.0	3.09036	0.0	0.0525863	0.0	0.0161815	0.00747724	0.03	0.0	1.86	0.19	5.0	0.0	1.38	0.32	0.0513252	6.16973e-05	3.29575e-05	0.000302831	0.283779	0.049683	0.306676	0.0	-0.00606766	0.0	0.00707794	0.00240137	1.65447	0.0	0.825533	0.0306385	0.999277	252.277	0.779723	2.21679	0.741551	3.00532	0.00101958	229.199	0.203567	1.44184	0.285404	1.39908	-24296.1	4.0	207.493	-188316.0	4.0	81.8873	1.0	2488.9	135.132	538.509	92.5547	0.177878	0.0297105	1.14541	0.00765506	
1.6-2.4	3.0-6.5	40.0-50.0	0.000-1.571	0.016	0.145	3789.0	3767.0	1539.28	90.5017	2228.44	104.159	0.0383531	0.164566	-0.05	0.0	0.947656	0.0	3.09036	0.0	0.0525863	0.0	0.0257767	0.0260572	0.03	0.0	1.86	0.19	5.0	0.0	1.38	0.32	0.0515301	0.000341139	2.68027e-05	0.46819	0.264174	0.0558605	0.306676	0.0	-0.00606766	0.0	0.00154919	0.00266829	1.65447	0.0	0.680163	0.0419031	0.692792	22.4285	0.897681	1.7091	6.61419e-07	917.756	0.0161322	0.188164	0.0509794	0.505679	0.324092	0.948084	-13484.3	4.0	106.616	-100943.0	4.0	59.2923	1.0	1196.26	97.7216	343.017	70.7768	0.222843	0.0440743	1.07713	0.00917274	
1.6-2.4	3.0-6.5	50.0-100.0	0.000-1.571	0.016	0.168	2738.0	2738.0	1496.8	83.0282	1241.46	78.1055	-0.000586492	0.218309	-0.05	0.0	0.947656	0.0	3.09036	0.0	0.0525863	0.0	0.0135784	0.00606755	0.03	0.0	1.86	0.19	5.0	0.0	1.38	0.32	0.0512857	4.20438e-05	3.29575e-05	0.000302831	0.311875	0.0834352	0.306676	0.0	-0.00606766	0.0	0.00368654	0.00344849	1.65447	0.0	0.846216	0.0439823	0.999266	1.99182	0.753333	0.303071	0.657715	0.187334	0.00106928	16.3147	0.18851	0.0765659	0.268701	0.255961	-11147.2	4.0	101.28	-71239.8	4.0	27.3179	1.0	1253.91	93.0759	242.891	63.299	0.162273	0.0413204	1.15583	0.0111628	
1.6-2.4	4.5-5.5	0.0-100.0	0.000-1.571	0.016	0.192	36145.0	36013.0	7224.27	6233.15	28789.1	7240.52	-0.435779	0.446696	-0.05	0.0	0.999969	23.0454	3.08975	0.0197549	0.0482192	0.0596858	0.0423303	10.2027	0.03	0.0	1.86	0.19	1.38	0.32	0.048219	0.0298424	6.47859e-05	0.000417763	0.334582	0.126433	0.00904143	0.0167101	-0.00999986	0.0162899	0.01	0.0411403	3.71443	3.4468	1.17949	0.0167616	0.76864	57.8502	0.780719	307.757	0.770003	32.3057	0.123086	137.241	0.239371	126.465	5.0	5113950.0	164452.0	4.0	16352700.0	-2104630.0	7.0	392.456	1.0	5894.88	5099.17	1329.39	1203.47	0.184018	0.0504279	1.22611	0.0638647	
1.6-2.4	5.5-6.5	0.0-100.0	0.000-1.571	0.016	0.168	16972.0	16950.0	5288.3	357.04	11662.6	388.53	-0.421876	0.0767066	-0.05	0.0	0.18954	0.697295	3.09325	0.00198056	0.0398742	0.0324451	0.0535881	0.00383807	0.03	0.0	1.86	0.19	5.0	0.0	1.38	0.32	0.0512713	0.00289153	1.17885e-05	0.00076077	0.227181	0.0288902	0.629208	0.099315	-0.00318522	0.00429654	0.01	0.000908643	1.49264	0.0754895	0.723719	0.0261665	0.999999	11.1539	0.586875	0.0199435	0.754494	0.00820429	0.00100011	123.151	0.253586	0.00583128	0.145048	0.00361694	-51884.1	4.0	246.614	-502065.0	7.0	17.3551	1.0	4347.59	316.943	940.716	135.382	0.177886	0.0226082	1.26336	0.0437816	
1.6-2.4	6.5-30.0	0.0-10.0	0.000-1.571	0.008	0.184	6436.0	6436.0	2746.22	113.137	3690.73	124.725	-0.395091	0.110404	-0.05	0.0	0.662704	0.0	3.0908	0.0	0.0567628	0.0	0.0317549	0.00441416	0.03	0.0	1.492	0.04	5.0	0.0	1.733	0.07	0.049753	0.000475139	3.57761e-05	7.18959e-05	0.291789	0.0460051	0.337019	0.0	0.00343684	0.0	0.00315662	0.00170236	1.60396	0.0	1.0209	0.0379657	0.929291	77.4428	0.448969	1.35339	0.629636	11.5122	0.00103099	85.6645	0.291487	3.05678	0.121514	3.0286	-17712.9	4.0	347.767	-154799.0	4.0	11.4595	1.0	2196.98	114.857	549.25	74.2433	0.200002	0.0257485	1.24821	0.0102934	
1.6-2.4	6.5-30.0	0.0-100.0	0.000-1.571	0.008	0.152	16395.0	16378.0	8420.14	229.84	7958.44	228.0	-0.447575	0.0770476	-0.05	0.0	0.662704	0.144856	3.0908	0.00113658	0.0567628	0.00398959	0.0312808	0.0055842	0.03	0.0	1.492	0.04	5.0	0.0	1.733	0.07	0.0496516	0.00230514	1.37144e-05	0.000327844	0.249751	0.0183349	0.337019	0.0765519	0.00343684	0.00197833	0.00315501	0.000883653	1.60396	0.0792233	0.890579	0.0195526	0.754268	0.245892	0.85229	0.437722	0.636468	0.109573	0.068314	0.1059	0.211909	0.0396695	0.248035	0.368424	-51014.3	4.0	776.809	-399661.0	7.0	14.2851	1.0	6440.32	213.365	1979.83	132.439	0.23513	0.0143598	1.1802	0.0344357	
1.6-2.4	6.5-30.0	10.0-20.0	0.000-1.571	0.008	0.16	4154.0	4154.0	2038.99	88.7247	2115.08	89.0744	-0.369093	0.136499	-0.05	0.0	0.662704	0.0	3.0908	0.0	0.0567628	0.0	0.033555	0.00519722	0.03	0.0	1.492	0.04	5.0	0.0	1.733	0.07	0.05015	0.000586461	3.34301e-05	6.81326e-05	0.219167	0.0298775	0.337019	0.0	0.00343684	0.0	0.00324603	0.00187737	1.60396	0.0	0.887257	0.03956	0.536469	1.77697	0.871995	0.418945	0.373854	1.75959	0.0185981	0.0475016	0.129863	0.0288185	0.258327	0.125206	-13698.1	4.0	112.3	-83790.5	4.0	5.17143	1.0	1542.13	92.0472	496.864	66.6121	0.243681	0.0309004	1.17854	0.0098726	
1.6-2.4	6.5-30.0	20.0-30.0	0.000-1.571	0.008	0.152	2571.0	2571.0	1463.76	68.6773	1107.76	61.4188	-0.651656	0.186479	-0.05	0.0	0.662704	0.0	3.0908	0.0	0.0567628	0.0	0.0262277	0.00363983	0.03	0.0	1.492	0.04	5.0	0.0	1.733	0.07	0.0486546	0.000330902	1.37144e-05	0.000327844	0.270462	0.0433861	0.337019	0.0	0.00343684	0.0	0.00391292	0.00180798	1.60396	0.0	0.793692	0.0425649	0.271867	0.127609	0.884013	0.102771	0.283119	0.291859	0.00100007	356.962	0.19744	0.0624496	0.297157	0.226143	-8433.98	4.0	145.875	-46693.1	4.0	3.02866	1.0	1098.01	68.8269	365.747	48.7607	0.249868	0.0311809	1.13344	0.00988042	
1.6-2.4	6.5-30.0	30.0-40.0	0.000-1.571	0.008	0.12	1589.0	1587.0	987.208	55.8936	600.46	46.3497	-0.547239	0.251994	-0.05	0.0	0.662704	0.0	3.0908	0.0	0.0567628	0.0	0.0276978	0.0046965	0.03	0.0	1.492	0.04	5.0	0.0	1.733	0.07	0.0489286	0.000448371	2.16233e-05	4.66746e-05	0.207039	0.0361715	0.337019	0.0	0.00343684	0.0	0.00104453	0.00238044	1.60396	0.0	0.792366	0.0507915	0.362257	0.0842131	0.999951	16.4546	0.244018	0.187023	0.00149427	0.00225753	0.264795	0.0300049	0.0205434	112.93	-5524.82	4.0	97.5421	-27321.6	4.0	2.10936	1.0	679.865	58.651	307.343	47.5506	0.311326	0.0448257	1.13283	0.0117767	
1.6-2.4	6.5-30.0	40.0-50.0	0.000-1.571	0.008	0.136	874.0	873.0	578.375	39.6635	295.217	30.9692	-0.978619	0.355976	-0.05	0.0	0.662704	0.0	3.0908	0.0	0.0567628	0.0	0.0303994	0.00554703	0.03	0.0	1.492	0.04	5.0	0.0	1.733	0.07	0.0494666	0.000574903	2.39456e-05	0.218028	0.227893	0.0496206	0.337019	0.0	0.00343684	0.0	0.000515117	0.00246133	1.60396	0.0	0.615482	0.0611239	0.625833	3.19697	0.987118	11.6229	0.306322	7.54546	0.0411874	0.347105	0.247089	0.98809	0.0200012	61.5487	-2965.95	4.0	28.2746	-12531.8	4.0	1.4161	1.0	432.642	39.6867	145.733	28.1893	0.25197	0.0455728	1.05745	0.0117934	
1.6-2.4	6.5-30.0	50.0-100.0	0.000-1.571	0.008	0.088	768.0	752.0	597.081	39.4257	155.696	23.8771	-0.272416	0.469552	-0.05	0.0	0.662704	0.0	3.0908	0.0	0.0567628	0.0	0.0448738	0.00826376	0.03	0.0	1.492	0.04	5.0	0.0	1.733	0.07	0.0530513	0.00117884	2.43092e-05	6.66999e-05	0.214825	0.0536975	0.337019	0.0	0.00343684	0.0	0.00432772	0.00321519	1.60396	0.0	0.763224	0.0665063	0.775634	1.4922	0.890006	7.82882	0.20705	1.28152	0.0500067	0.0538172	0.222117	0.226477	0.0390855	0.0875401	-3103.12	4.0	27.5552	-10864.6	4.0	0.704717	1.0	472.052	41.4198	125.029	28.499	0.2094	0.0456839	1.11948	0.0150304	
2.0-2.4	6.5-30.0	0.0-100.0	0.000-1.571	0.008	0.152	4422.0	4420.0	2397.65	114.011	2023.5	109.04	-0.545751	0.158781	-0.05	0.0	0.848635	0.0989676	3.09098	0.00256195	0.0627211	0.00495264	0.023641	0.00790891	0.03	0.0	1.492	0.04	5.0	0.0	1.733	0.07	0.058507	0.00267786	1.78875e-05	0.00273266	0.231905	0.0309863	0.349037	0.147135	0.00999999	0.0029756	0.00049011	0.00167569	1.55328	0.141848	0.787007	0.036081	0.821074	0.0210677	1.0	106.806	0.632689	0.0548931	0.126579	0.0177142	0.192298	0.0135281	0.0218533	811.37	-16701.7	4.0	134.745	-105724.0	7.0	3.44194	1.0	1815.07	109.968	582.578	73.5601	0.242979	0.0284214	1.11593	0.0689203	
