noWeight
rap	pT	cent	dPhi	ctauErrMin	ctauErrMax	NoCutEntry	CutEntry	NSig	NSigErr	NBkg	NBkgErr	coefExp	coefExpErr	coefPol1	coefPol1Err	coeffGaus	coeffGausErr	meanSig1	meanSig1Err	sigmaSig1	sigmaSig1Err	sigmaSig2	sigmaSig2Err	sigmaSig3	sigmaSig3Err	alpha	alphaErr	enne	enneErr	enneW	enneWErr	sigWidth	sigWidthErr	Gmc	GmcErr	bTau	bTauErr	fracRes	fracResErr	meanResSigW	meanResSigWErr	meanResSigN	meanResSigNErr	sigmaResSigW	sigmaResSigWErr	sigmaResSigN	sigmaResSigNErr	fpm	fpmErr	fLiving	fLivingErr	fbkgCtTot	fbkgCtTotErr	lambdam	lambdamErr	lambdap	lambdapErr	lambdasym	lambdasymErr	NLL	nFitPar	EDM	NLLMass	nFitParMass	EDMMass	Prob	PROMPT	PROMPTErr	NON-PROMPT	NON-PROMPTErr	Bfraction	BfractionErr	Resolution	ResolutionErr	
0.0-0.4	6.5-30.0	0.0-100.0	0.000-1.571	0.008	0.064	2387.0	2385.0	1679.36	45.2481	705.613	32.7671	-0.300415	0.1511	-0.05	0.0	0.304436	0.114769	3.09412	0.000570541	0.0216346	0.00253935	0.0175232	0.00120199	0.03	0.0	1.492	0.0	5.0	0.0	1.733	0.0	0.0188699	0.000589146	1.86511e-05	9.62505e-05	0.199097	0.0106634	0.650386	0.167133	-0.000266231	0.00113589	0.000261324	0.00155949	1.30969	0.063225	0.673457	0.0415827	0.643154	0.0755626	0.920156	0.227533	0.332179	0.0775721	0.0523168	0.0222037	0.176514	0.0221605	0.1009	0.077616	-5476.09	4.0	4.63801e-07	-19053.5	7.0	5.01532e-06	1.0	1158.78	41.0547	520.578	30.1235	0.309987	0.0158744	1.12879	0.0526236	
0.0-1.2	6.5-30.0	0.0-10.0	0.000-1.571	0.008	0.088	3019.0	3018.0	1773.99	48.9016	1243.97	43.1415	-0.113705	0.11101	-0.05	0.0	0.574242	0.0	3.09294	0.0	0.0208532	0.0	0.0368613	0.00254746	0.03	0.0	1.492	0.0	5.0	0.0	1.733	0.0	0.0287787	0.000694608	1.48841e-05	2.84191e-05	0.170463	0.00910986	0.236177	0.0	5.83622e-05	0.0	-0.000520131	0.000983738	1.60413	0.0	0.885959	0.0296451	0.811591	0.132533	0.576844	0.195353	0.359539	0.171901	0.11318	0.0419929	0.156504	0.0199636	0.0445683	0.0314829	-5723.83	4.0	2.27453e-05	-23573.5	4.0	2.44762e-06	1.0	1181.77	45.6099	592.223	35.8545	0.333836	0.0179947	1.09876	0.00912903	
0.0-1.2	6.5-30.0	0.0-100.0	0.000-1.571	0.008	0.105	8803.0	8801.0	5853.08	88.408	2947.87	70.0736	-0.132117	0.0758518	-0.05	0.0	0.574242	0.0756861	3.09294	0.00040846	0.0208532	0.000873964	0.0360601	0.00303999	0.03	0.0	1.492	0.0	5.0	0.0	1.733	0.0	0.0283432	0.00102265	1.87255e-05	2.6751e-05	0.192744	0.00589415	0.236177	0.079527	5.83622e-05	0.00144617	-0.000569143	0.000502046	1.60413	0.0920545	0.850799	0.0151358	0.648715	0.047069	0.982844	0.0124309	0.400707	0.0459757	0.0571366	0.00829542	0.148352	0.0083987	0.681195	0.560158	-18493.0	4.0	1.46753e-06	-79626.0	7.0	4.17152e-05	1.0	4129.5	81.0585	1723.58	57.9458	0.294474	0.00884461	1.07733	0.0380482	
0.0-1.2	6.5-30.0	10.0-20.0	0.000-1.571	0.008	0.088	2134.0	2133.0	1365.5	41.1392	767.427	33.0809	-0.152706	0.141565	-0.05	0.0	0.574242	0.0	3.09294	0.0	0.0208532	0.0	0.0349878	0.0022741	0.03	0.0	1.492	0.0	5.0	0.0	1.733	0.0	0.0277651	0.000610042	1.48841e-05	2.84191e-05	0.216762	0.0133476	0.236177	0.0	5.83622e-05	0.0	-0.00103629	0.00104697	1.60413	0.0	0.845376	0.0327675	0.540419	0.112698	0.950453	0.0334397	0.296131	0.136861	0.039606	0.0106039	0.141988	0.0184317	0.393889	0.217653	-4241.81	4.0	7.56679e-05	-16174.8	4.0	5.80524e-06	1.0	948.425	37.614	417.079	27.5	0.30544	0.0179138	1.07406	0.00984976	
0.0-1.2	6.5-30.0	20.0-30.0	0.000-1.571	0.008	0.105	1542.0	1541.0	1054.41	36.0066	486.321	26.9889	0.167939	0.178568	-0.05	0.0	0.574242	0.0	3.09294	0.0	0.0208532	0.0	0.0350773	0.0028531	0.03	0.0	1.492	0.0	5.0	0.0	1.733	0.0	0.0278131	0.000765995	1.87255e-05	2.6751e-05	0.207528	0.0151462	0.236177	0.0	5.83622e-05	0.0	0.00159219	0.00112009	1.60413	0.0	0.820931	0.0340652	0.504956	0.0113635	1.0	18.6019	0.297257	0.0141198	0.0463124	0.00153181	0.162328	0.00450172	0.0479787	98.5012	-3349.91	4.0	1.51225e-06	-11329.3	4.0	7.42127e-05	1.0	764.534	33.2859	289.878	22.8982	0.274919	0.0195824	1.05948	0.0100806	
0.0-1.2	6.5-30.0	30.0-40.0	0.000-1.571	0.008	0.064	953.0	952.0	701.007	28.9432	250.976	19.6895	-0.682114	0.253373	-0.05	0.0	0.574242	0.0	3.09294	0.0	0.0208532	0.0	0.0386563	0.00354216	0.03	0.0	1.492	0.0	5.0	0.0	1.733	0.0	0.0297645	0.000979316	2.67574e-05	4.09709e-05	0.172175	0.0155666	0.236177	0.0	5.83622e-05	0.0	-0.00130301	0.00147088	1.60413	0.0	0.853034	0.0406102	0.636007	0.0081318	1.0	0.942797	0.411534	0.00824899	0.061159	0.00160584	0.161476	0.0027852	0.0802425	4.89571	-2238.87	4.0	2.39439e-07	-6636.2	4.0	4.53565e-06	1.0	508.735	27.3855	192.272	19.2818	0.274279	0.0250665	1.07868	0.0122651	
0.0-1.2	6.5-30.0	40.0-50.0	0.000-1.571	0.016	0.048	581.0	572.0	458.142	23.1878	113.84	13.9068	-0.440314	0.375931	-0.05	0.0	0.574242	0.0	3.09294	0.0	0.0208532	0.0	0.0407127	0.00477676	0.03	0.0	1.492	0.0	5.0	0.0	1.733	0.0	0.0309098	0.00133937	1.07336e-05	8.63113e-05	0.206925	0.0231267	0.236177	0.0	5.83622e-05	0.0	-0.00283963	0.00173221	1.60413	0.0	0.810324	0.0506473	0.845064	0.767551	0.625711	0.331607	2.86827e-05	0.719398	0.0156994	0.0223286	0.250577	0.0507181	0.0200005	0.10097	-1400.55	4.0	7.1411e-07	-3782.35	4.0	6.37254e-06	1.0	336.953	21.6642	121.189	14.7009	0.264523	0.0291616	1.05323	0.0148818	
0.0-1.2	6.5-30.0	50.0-100.0	0.000-1.571	0.008	0.056	574.0	573.0	499.508	23.5087	73.4982	11.2542	0.0916812	0.469423	-0.05	0.0	0.574242	0.0	3.09294	0.0	0.0208532	0.0	0.0343871	0.00325342	0.03	0.0	1.492	0.0	5.0	0.0	1.733	0.0	0.0274438	0.000867811	1.7457e-05	3.13754e-05	0.195691	0.0217946	0.236177	0.0	5.83622e-05	0.0	-0.000591624	0.00143678	1.60413	0.0	0.758311	0.0454498	0.859512	0.175253	0.999999	9.92822	0.22411	0.161123	0.00100024	0.0817913	0.181482	0.0346817	0.0402016	45.9029	-1651.4	4.0	5.76265e-05	-3937.07	4.0	3.74825e-06	1.0	377.942	22.4102	121.566	14.7838	0.243371	0.0272905	1.02321	0.012864	
0.0-2.4	10.0-13.0	0.0-100.0	0.000-1.571	0.008	0.136	3638.0	3637.0	2632.96	58.5051	1004.07	42.3545	-0.587176	0.129482	-0.05	0.0	0.439579	0.0824655	3.09335	0.000727111	0.0421646	0.00244043	0.0230208	0.00164931	0.03	0.0	1.492	0.0	5.0	0.0	1.733	0.0	0.0328406	0.00109221	1.21637e-05	1.85867	0.195018	0.00892497	0.294117	0.0867943	0.000270012	0.00176522	-0.000710829	0.000786247	1.60695	0.0922641	0.785325	0.0229716	0.802265	0.0828594	0.599951	0.0814501	5.08344e-06	0.152776	0.0719804	0.0193213	0.167751	0.0135143	0.0206042	0.0162533	-7807.03	4.0	4.86378e-06	-29799.9	7.0	1.57003e-05	1.0	1886.01	54.0166	746.948	37.9078	0.283691	0.0129441	1.09309	0.0442059	
0.0-2.4	10.0-30.0	0.0-100.0	0.000-1.571	0.004	0.144	5840.0	5839.0	4312.17	74.5241	1526.86	52.6163	-0.57718	0.105162	-0.05	0.0	0.427338	0.0631725	3.09398	0.000562864	0.0423474	0.00199194	0.0229524	0.00121704	0.03	0.0	1.492	0.0	5.0	0.0	1.733	0.0	0.0326807	0.000859449	1.70873e-05	5.44529e-05	0.183803	0.00631706	0.236071	0.0672041	0.00122446	0.0014114	-0.000771759	0.000563872	1.62051	0.0854295	0.843541	0.0179566	0.810917	0.0872067	0.872885	0.207017	0.317568	0.114825	0.0629107	0.0147404	0.17715	0.0125863	0.0331609	0.0353897	-12861.9	4.0	8.25105e-06	-50810.7	7.0	5.62764e-07	1.0	2964.49	68.2598	1347.68	50.7645	0.312529	0.0104602	1.07866	0.0338742	
0.0-2.4	11.0-13.0	0.0-100.0	0.000-1.571	0.008	0.105	1942.0	1941.0	1442.72	42.7689	498.714	29.7475	-0.693744	0.183793	-0.05	0.0	0.432664	0.0972528	3.09405	0.000988881	0.04465	0.00360619	0.0224774	0.00199241	0.03	0.0	1.492	0.0	5.0	0.0	1.733	0.0	0.0338999	0.00152831	1.31317e-05	0.000141526	0.207471	0.0121807	0.127384	0.054916	-0.0011181	0.00400296	0.00121586	0.000974295	1.9166	0.182182	0.90992	0.0295309	0.685128	0.0809821	0.9243	0.214922	0.274605	0.145228	0.0463163	0.0393854	0.172576	0.0192616	0.119638	0.0846045	-4159.99	4.0	8.65892e-06	-14748.6	7.0	0.000140808	1.0	1001.26	39.0562	441.455	28.5591	0.305989	0.0175947	1.09106	0.042578	
0.0-2.4	13.0-16.0	0.0-100.0	0.000-1.571	0.008	0.08	1308.0	1305.0	1007.92	35.7166	296.953	23.7639	-0.402768	0.236871	-0.05	0.0	0.507232	0.119832	3.09457	0.00117411	0.0434008	0.00390793	0.0208454	0.00271146	0.03	0.0	1.492	0.0	5.0	0.0	1.733	0.0	0.0341988	0.00183282	3.22941e-05	7.28178e-05	0.192657	0.014186	0.190435	0.151414	0.000860929	0.00325109	0.00137178	0.00120426	1.61744	0.225591	0.927028	0.0401121	0.873565	0.194931	0.779677	0.302152	0.142979	0.0877546	0.0460414	0.0211944	0.160431	0.0248362	0.041653	0.0188842	-3023.13	4.0	3.12105e-06	-9501.46	7.0	6.34322e-05	1.0	715.367	33.2208	292.557	23.8431	0.290257	0.0213025	1.09267	0.0700326	
0.0-2.4	13.0-30.0	0.0-100.0	0.000-1.571	0.008	0.105	2202.0	2202.0	1679.77	45.9315	522.265	30.8445	-0.562049	0.179575	-0.05	0.0	0.408953	0.0905591	3.09498	0.000887756	0.0428492	0.00335178	0.0227253	0.00166936	0.03	0.0	1.492	0.0	5.0	0.0	1.733	0.0	0.0324977	0.00133446	1.00009e-05	0.0022258	0.169079	0.00885758	0.132772	0.0920488	0.00351245	0.00313808	-0.000854495	0.00080435	1.67468	0.204192	0.908614	0.0292089	0.804259	0.016673	0.999914	0.696986	0.372443	0.0185727	0.0430737	0.00345778	0.191421	0.00650716	0.0200143	3.84583	-5067.35	4.0	4.33491e-05	-17146.2	7.0	3.46414e-05	1.0	1080.21	41.7457	599.56	33.7496	0.35693	0.0175621	1.04323	0.0500079	
0.0-2.4	16.0-30.0	0.0-100.0	0.000-1.571	0.008	0.064	894.0	893.0	677.643	28.8957	215.302	19.3008	-0.709213	0.286268	-0.05	0.0	0.228373	0.226033	3.09495	0.00152377	0.0193122	0.00577549	0.033165	0.00514249	0.03	0.0	1.492	0.0	5.0	0.0	1.733	0.0	0.0305597	0.00219314	1.03669e-05	0.000212641	0.155018	0.0113566	0.0950778	0.106211	0.00728087	0.00535444	-0.00217861	0.00103645	1.70142	0.346312	0.859262	0.0414013	0.505967	0.729605	0.961675	0.0718481	0.120017	0.809572	0.00671375	0.00836179	0.231132	0.0335275	0.05776	0.0579202	-2061.08	4.0	1.0293e-07	-6130.6	7.0	7.84903e-05	1.0	388.9	24.7424	288.743	22.1083	0.426098	0.0270976	0.97127	0.0676905	
0.0-2.4	6.5-30.0	0.0-10.0	0.000-1.571	0.008	0.184	7245.0	7245.0	3580.91	69.8631	3664.01	70.4546	-0.112163	0.064557	-0.05	0.0	0.414602	0.0	3.09295	0.0	0.0469519	0.0	0.0239133	0.000848873	0.03	0.0	1.492	0.0	5.0	0.0	1.733	0.0	0.0353375	0.000168139	1.10484e-05	0.188378	0.186767	0.00789427	0.197932	0.0	0.00209112	0.0	0.000818022	0.000690147	1.70729	0.0	0.962229	0.0189318	0.945761	0.686746	0.4177	0.640298	0.513498	0.0992737	0.136455	0.302705	0.183898	0.0508901	0.0786697	0.0717658	-11297.2	4.0	4.17095e-05	-61039.7	4.0	3.6725e-06	1.0	2559.47	67.2193	1021.44	49.2146	0.285246	0.0125665	1.14872	0.00635972	
0.0-2.4	6.5-30.0	0.0-100.0	0.000-1.571	0.004	0.184	20709.0	20709.0	12119.3	140.268	8589.62	126.963	-0.2035	0.0436094	-0.05	0.0	0.414602	0.0440279	3.09295	0.000377008	0.0469519	0.0019563	0.0243905	0.000796722	0.03	0.0	1.492	0.0	5.0	0.0	1.733	0.0	0.035528	0.000749359	1.10484e-05	0.188378	0.192701	0.00443512	0.197932	0.0374389	0.00209112	0.00129423	0.000896923	0.000365308	1.70729	0.0620358	0.902011	0.0099422	0.634471	0.0380954	0.97357	0.0158421	0.482434	0.0321066	0.0602117	0.00719473	0.152292	0.00613827	0.374423	0.147889	-36472.8	4.0	1.25306e-05	-199266.0	7.0	1.21081e-05	1.0	8859.45	128.683	3259.82	86.4213	0.268978	0.00641545	1.10884	0.0203582	
0.0-2.4	6.5-30.0	0.0-5.0	0.000-1.571	0.008	0.184	3929.0	3929.0	1915.82	51.3746	2013.14	52.3127	-0.0521024	0.0869875	-0.05	0.0	0.414602	0.0	3.09295	0.0	0.0469519	0.0	0.0229505	0.00118819	0.03	0.0	1.492	0.0	5.0	0.0	1.733	0.0	0.0349618	0.000228301	1.10484e-05	0.188378	0.188259	0.0113324	0.197932	0.0	0.00209112	0.0	0.00244276	0.000955759	1.70729	0.0	1.00904	0.0263682	0.501214	9.79523	0.683075	3.22103	0.400348	5.41735	0.00273764	0.25439	0.166206	0.0261327	0.0982276	0.0389619	-6083.4	4.0	3.89908e-06	-30673.4	4.0	1.19895e-06	1.0	1400.03	49.7832	515.79	35.4991	0.269227	0.0170651	1.1805	0.00903866	
0.0-2.4	6.5-30.0	10.0-15.0	0.000-1.571	0.008	0.152	2827.0	2826.0	1503.37	44.7934	1322.51	42.7265	-0.177187	0.107695	-0.05	0.0	0.414602	0.0	3.09295	0.0	0.0469519	0.0	0.0244646	0.00130713	0.03	0.0	1.492	0.0	5.0	0.0	1.733	0.0	0.0355577	0.000263236	2.54256e-05	2.68579e-05	0.198997	0.0123603	0.197932	0.0	0.00209112	0.0	0.00341957	0.00103961	1.70729	0.0	0.897061	0.0284934	0.426296	0.0631386	0.892599	0.0668662	0.292271	0.10653	0.0316698	0.00813337	0.131111	0.0177608	0.165145	0.063614	-4635.88	4.0	2.95634e-05	-21298.3	4.0	5.53839e-06	1.0	1076.91	42.3529	426.46	30.4246	0.283669	0.0183881	1.10561	0.00927139	
0.0-2.4	6.5-30.0	10.0-20.0	0.000-1.571	0.008	0.16	5132.0	5131.0	2841.42	60.9647	2289.4	56.2555	-0.197805	0.08197	-0.05	0.0	0.414602	0.0	3.09295	0.0	0.0469519	0.0	0.024918	0.000967583	0.03	0.0	1.492	0.0	5.0	0.0	1.733	0.0	0.0357416	0.000197446	1.13588e-05	0.0219528	0.199601	0.00916051	0.197932	0.0	0.00209112	0.0	0.000797635	0.000781281	1.70729	0.0	0.916611	0.0212742	0.539516	0.118079	0.900453	0.0410827	0.379785	0.11239	0.0369551	0.00999412	0.131648	0.0123802	0.235942	0.0605615	-8534.54	4.0	1.28071e-05	-41911.4	4.0	6.35767e-06	1.0	2039.6	58.1798	801.822	42.0218	0.28219	0.0134928	1.1184	0.00699235	
0.0-2.4	6.5-30.0	15.0-20.0	0.000-1.571	0.008	0.16	2305.0	2305.0	1336.7	41.3133	968.309	36.584	-0.224855	0.126174	-0.05	0.0	0.414602	0.0	3.09295	0.0	0.0469519	0.0	0.0254125	0.00143557	0.03	0.0	1.492	0.0	5.0	0.0	1.733	0.0	0.0359448	0.00029707	1.13588e-05	0.0219528	0.201388	0.0135987	0.197932	0.0	0.00209112	0.0	-0.00243633	0.00118008	1.70729	0.0	0.94383	0.0318145	0.74859	0.109103	0.894483	0.068098	0.491743	0.0800869	0.0575215	0.0266364	0.135063	0.0169715	0.313713	0.130118	-3907.5	4.0	6.9657e-07	-17086.5	4.0	2.48694e-06	1.0	962.398	39.8244	374.299	28.8973	0.280018	0.0198105	1.13641	0.0105965	
0.0-2.4	6.5-30.0	20.0-25.0	0.000-1.571	0.008	0.145	1975.0	1975.0	1201.64	38.6737	773.636	32.6754	-0.275275	0.141542	-0.05	0.0	0.414602	0.0	3.09295	0.0	0.0469519	0.0	0.0232783	0.00134117	0.03	0.0	1.492	0.0	5.0	0.0	1.733	0.0	0.0350884	0.000260432	1.27502e-05	0.000164255	0.202724	0.015217	0.197932	0.0	0.00209112	0.0	0.00260279	0.00107023	1.70729	0.0	0.829553	0.028917	0.465751	0.0488615	0.99147	0.0140006	0.28688	0.0927613	0.0438547	0.00658445	0.1371	0.0162811	0.604662	0.970086	-3739.08	4.0	8.75119e-05	-14465.0	4.0	7.73164e-05	1.0	914.305	36.8705	287.334	24.0635	0.239118	0.0184878	1.06249	0.00905424	
0.0-2.4	6.5-30.0	20.0-30.0	0.000-1.571	0.008	0.152	3598.0	3598.0	2227.88	52.4771	1370.07	43.5449	-0.182935	0.106276	-0.05	0.0	0.414602	0.0	3.09295	0.0	0.0469519	0.0	0.0231994	0.000964192	0.03	0.0	1.492	0.0	5.0	0.0	1.733	0.0	0.0350578	0.000186757	2.54256e-05	2.68579e-05	0.205904	0.0109282	0.197932	0.0	0.00209112	0.0	0.00226221	0.00080571	1.70729	0.0	0.846384	0.0219387	0.492812	0.0723786	0.989411	0.0193312	0.343211	0.0911797	0.0434176	0.00723298	0.142369	0.0121188	0.336031	0.372608	-6793.11	4.0	8.28515e-07	-28584.2	4.0	3.25562e-06	1.0	1655.12	49.9461	572.766	34.0108	0.25709	0.0140135	1.07309	0.00693945	
0.0-2.4	6.5-30.0	25.0-30.0	0.000-1.571	0.008	0.136	1623.0	1621.0	1024.58	35.4489	596.389	28.7837	-0.062325	0.160892	-0.05	0.0	0.414602	0.0	3.09295	0.0	0.0469519	0.0	0.023116	0.00138416	0.03	0.0	1.492	0.0	5.0	0.0	1.733	0.0	0.0350256	0.000267384	1.61666e-05	1.68756e-05	0.208209	0.0157401	0.197932	0.0	0.00209112	0.0	0.000158826	0.00122673	1.70729	0.0	0.87448	0.0333844	0.998471	0.488973	0.473867	0.141805	0.47966	0.128408	0.00110711	0.825888	0.16979	0.0251878	0.0610372	0.0179881	-3055.36	4.0	1.08707e-06	-11626.1	4.0	3.6936e-06	1.0	736.663	33.8185	287.916	24.358	0.281009	0.0216947	1.09101	0.0107312	
0.0-2.4	6.5-30.0	30.0-35.0	0.000-1.571	0.008	0.128	1267.0	1266.0	803.292	31.5975	462.633	25.6469	-0.381021	0.183718	-0.05	0.0	0.414602	0.0	3.09295	0.0	0.0469519	0.0	0.0241391	0.00169902	0.03	0.0	1.492	0.0	5.0	0.0	1.733	0.0	0.0354273	0.000338846	1.79639e-05	0.125254	0.177139	0.0172211	0.197932	0.0	0.00209112	0.0	0.00145814	0.00143338	1.70729	0.0	0.908116	0.037546	0.557234	0.0275578	0.999966	2.34655	0.4905	0.0272935	0.0488203	0.00411087	0.199325	0.0114876	0.0326494	9.64395	-2441.38	4.0	1.81424e-05	-8753.39	4.0	5.90181e-06	1.0	608.021	30.8022	195.272	20.8752	0.243089	0.0241639	1.11283	0.0122874	
0.0-2.4	6.5-30.0	30.0-40.0	0.000-1.571	0.008	0.128	2186.0	2185.0	1465.76	42.0888	719.141	32.0139	-0.408845	0.147905	-0.05	0.0	0.414602	0.0	3.09295	0.0	0.0469519	0.0	0.0249731	0.00123053	0.03	0.0	1.492	0.0	5.0	0.0	1.733	0.0	0.0357641	0.000251501	1.79639e-05	0.125254	0.167142	0.0115621	0.197932	0.0	0.00209112	0.0	0.000871064	0.0010423	1.70729	0.0	0.850399	0.0271765	0.704628	0.217065	0.711985	0.348341	0.4346	0.120317	0.058138	0.0209435	0.201183	0.0334591	0.0587455	0.0267635	-4393.82	4.0	1.1666e-06	-16449.1	4.0	5.91441e-06	1.0	1077.44	41.5124	388.317	29.84	0.264926	0.0188834	1.07563	0.00861657	
0.0-2.4	6.5-30.0	35.0-40.0	0.000-1.571	0.008	0.12	919.0	919.0	660.118	27.7426	258.946	19.1983	-0.454928	0.247375	-0.05	0.0	0.414602	0.0	3.09295	0.0	0.0469519	0.0	0.0256861	0.00174971	0.03	0.0	1.492	0.0	5.0	0.0	1.733	0.0	0.0360585	0.000364819	2.47093e-05	3.60563e-05	0.15761	0.0152161	0.197932	0.0	0.00209112	0.0	0.00095128	0.00149729	1.70729	0.0	0.793407	0.0394352	1.0	11.9554	0.456582	0.0154181	0.401535	0.0102536	0.0799106	18.0891	0.205033	0.00561307	0.0752744	0.00258718	-1958.35	4.0	1.1474e-06	-6214.12	4.0	6.64154e-05	1.0	468.024	27.5612	192.094	20.9262	0.290999	0.0292467	1.04011	0.0120637	
0.0-2.4	6.5-30.0	40.0-45.0	0.000-1.571	0.008	0.12	740.0	739.0	543.627	25.0937	195.391	16.778	-0.544216	0.286163	-0.05	0.0	0.414602	0.0	3.09295	0.0	0.0469519	0.0	0.0228114	0.00179043	0.03	0.0	1.492	0.0	5.0	0.0	1.733	0.0	0.0349084	0.000342452	2.47093e-05	3.60563e-05	0.201196	0.0225915	0.197932	0.0	0.00209112	0.0	-0.00132118	0.00164969	1.70729	0.0	0.825449	0.0460631	0.540454	0.0940195	0.97136	0.0210584	0.111038	0.140712	0.0316166	0.0101347	0.16399	0.0286153	4.99915	4.91676	-1604.62	4.0	4.93389e-05	-4882.01	4.0	5.14838e-06	1.0	419.35	24.2274	124.278	15.6582	0.228608	0.0268005	1.05993	0.0143863	
0.0-2.4	6.5-30.0	40.0-50.0	0.000-1.571	0.008	0.136	1308.0	1306.0	969.445	33.4746	336.702	22.0857	-0.940864	0.222683	-0.05	0.0	0.414602	0.0	3.09295	0.0	0.0469519	0.0	0.0243638	0.00143554	0.03	0.0	1.492	0.0	5.0	0.0	1.733	0.0	0.0355172	0.000288232	1.61666e-05	1.68756e-05	0.204139	0.0162097	0.197932	0.0	0.00209112	0.0	-0.00176817	0.00120327	1.70729	0.0	0.78165	0.0337656	0.576021	0.141488	0.984831	0.0126624	0.103154	0.161702	0.0328581	0.00840975	0.178172	0.022968	4.99998	4.87908	-2766.19	4.0	1.58815e-05	-9363.93	4.0	5.31705e-05	1.0	720.123	32.0601	249.322	21.9924	0.25718	0.0208752	1.03295	0.0102468	
0.0-2.4	6.5-30.0	45.0-50.0	0.000-1.571	0.008	0.136	568.0	567.0	426.703	22.1664	140.303	14.3171	-1.52206	0.359826	-0.05	0.0	0.414602	0.0	3.09295	0.0	0.0469519	0.0	0.0266663	0.00249202	0.03	0.0	1.492	0.0	5.0	0.0	1.733	0.0	0.0364726	0.000533296	1.61666e-05	1.68756e-05	0.206129	0.022887	0.197932	0.0	0.00209112	0.0	-0.00265777	0.00173979	1.70729	0.0	0.721857	0.0486588	0.673151	0.236081	0.856561	0.758822	0.0786475	0.163442	0.0334162	0.0146307	0.199463	0.0407987	0.0374708	0.0297105	-1169.52	4.0	7.47751e-05	-3591.14	4.0	8.17207e-06	1.0	299.501	20.9771	127.201	15.5446	0.298103	0.0329744	0.997437	0.0141224	
0.0-2.4	6.5-30.0	5.0-10.0	0.000-1.571	0.008	0.112	3316.0	3301.0	1664.13	47.3358	1636.84	47.0465	-0.166175	0.096693	-0.05	0.0	0.414602	0.0	3.09295	0.0	0.0469519	0.0	0.0248727	0.0012197	0.03	0.0	1.492	0.0	5.0	0.0	1.733	0.0	0.0357231	0.000248571	1.67157e-05	3.06522e-05	0.189193	0.0112254	0.197932	0.0	0.00209112	0.0	0.000257289	0.00100313	1.70729	0.0	0.946849	0.027533	0.607794	0.0633132	0.977336	0.0310338	0.498613	0.0613263	0.0748293	0.0145349	0.146682	0.0196102	0.433235	0.36224	-5207.84	4.0	7.67343e-05	-25253.4	4.0	7.55444e-07	1.0	1170.23	45.0129	493.894	33.3991	0.296789	0.0182082	1.13843	0.00918356	
0.0-2.4	6.5-30.0	50.0-100.0	0.000-1.571	0.008	0.088	1240.0	1231.0	1027.44	33.8963	203.555	18.0326	-0.19617	0.283606	-0.05	0.0	0.414602	0.0	3.09295	0.0	0.0469519	0.0	0.0257679	0.00150279	0.03	0.0	1.492	0.0	5.0	0.0	1.733	0.0	0.0360926	0.000314036	2.59256e-05	2.3357e-05	0.187997	0.0157998	0.197932	0.0	0.00209112	0.0	0.00134483	0.0011943	1.70729	0.0	0.845916	0.0332546	0.856288	0.0609871	0.999947	3.40542	0.36105	0.0466648	0.00173983	0.0357232	0.199844	0.0118352	0.0202997	9.7069	-3013.03	4.0	5.25951e-07	-9007.69	4.0	2.62479e-05	1.0	790.429	33.3001	237.011	22.1365	0.230681	0.0201564	1.07279	0.0105159	
0.0-2.4	6.5-30.0	50.0-55.0	0.000-1.571	0.008	0.08	441.0	436.0	356.761	20.1	79.2675	11.2491	-0.243235	0.450218	-0.05	0.0	0.414602	0.0	3.09295	0.0	0.0469519	0.0	0.0270297	0.00268621	0.03	0.0	1.492	0.0	5.0	0.0	1.733	0.0	0.0366289	0.0005802	1.06333e-05	0.0003574	0.157711	0.0236462	0.197932	0.0	0.00209112	0.0	0.000665176	0.00235033	1.70729	0.0	0.909993	0.069448	0.591157	0.776734	0.914647	0.663952	0.134574	0.786495	0.0261966	0.0306918	0.19021	0.0563564	0.022542	0.376663	-1048.08	4.0	1.62717e-05	-2712.43	4.0	2.25094e-05	1.0	272.66	20.7419	84.1011	14.7206	0.235735	0.0390658	1.11406	0.0227495	
0.0-2.4	6.5-30.0	50.0-60.0	0.000-1.571	0.008	0.08	715.0	708.0	591.8	25.777	116.215	13.7438	-0.220454	0.375026	-0.05	0.0	0.414602	0.0	3.09295	0.0	0.0469519	0.0	0.0272775	0.0020493	0.03	0.0	1.492	0.0	5.0	0.0	1.733	0.0	0.0367363	0.000445385	1.06333e-05	0.0003574	0.163123	0.0183452	0.197932	0.0	0.00209112	0.0	0.00173015	0.0017018	1.70729	0.0	0.868163	0.0482355	0.825896	9.3578	0.583029	8.31909	0.0549555	1.11255	0.0167615	0.0668786	0.23085	0.239391	0.0200003	0.105729	-1719.12	4.0	2.24956e-05	-4776.33	4.0	6.5756e-06	1.0	448.714	25.9104	143.086	18.1162	0.24178	0.0287436	1.08695	0.0154504	
0.0-2.4	6.5-30.0	55.0-60.0	0.000-1.571	0.008	0.073	274.0	271.0	234.313	16.0891	36.6858	7.82512	-0.18661	0.665323	-0.05	0.0	0.414602	0.0	3.09295	0.0	0.0469519	0.0	0.0273896	0.00310532	0.03	0.0	1.492	0.0	5.0	0.0	1.733	0.0	0.0367851	0.00067677	1.72071e-05	2.22879e-05	0.171401	0.028831	0.197932	0.0	0.00209112	0.0	0.00398714	0.00237307	1.70729	0.0	0.794878	0.0662187	0.686608	0.781834	0.681832	0.733455	1.22143e-05	0.54976	0.00700412	0.0627408	0.303861	0.129363	0.0200091	0.293558	-673.861	4.0	4.41324e-06	-1588.0	4.0	1.96124e-05	1.0	175.302	15.6269	59.0112	10.7576	0.251848	0.0425299	1.04101	0.0202771	
0.0-2.4	6.5-30.0	60.0-100.0	0.000-1.571	0.008	0.088	525.0	521.0	433.254	21.9488	87.869	11.6795	-0.174463	0.427635	-0.05	0.0	0.414602	0.0	3.09295	0.0	0.0469519	0.0	0.0230223	0.00207064	0.03	0.0	1.492	0.0	5.0	0.0	1.733	0.0	0.0349894	0.000398785	2.59256e-05	2.3357e-05	0.221678	0.028259	0.197932	0.0	0.00209112	0.0	0.000946028	0.00163428	1.70729	0.0	0.776199	0.0445157	0.893005	0.0470347	0.999998	1.07664	0.232711	0.0680939	0.0739227	0.03056	0.172409	0.0200161	0.02	5.18635	-1298.75	4.0	3.15333e-06	-3378.64	4.0	9.48404e-05	1.0	337.348	21.1687	95.9055	13.4033	0.221361	0.0288322	1.02965	0.013458	
0.0-2.4	6.5-30.0	60.0-70.0	0.000-1.571	0.008	0.088	345.0	342.0	288.755	17.8232	53.2008	9.06706	-0.241652	0.547865	-0.05	0.0	0.414602	0.0	3.09295	0.0	0.0469519	0.0	0.0216626	0.00247506	0.03	0.0	1.492	0.0	5.0	0.0	1.733	0.0	0.0344774	0.000455181	2.59256e-05	2.3357e-05	0.239702	0.0365857	0.197932	0.0	0.00209112	0.0	0.00156951	0.00197141	1.70729	0.0	0.760744	0.0541786	0.932709	0.518368	1.0	0.104031	0.375286	0.662529	0.00100012	0.960371	0.187608	0.0586449	0.0838194	2.03493	-873.561	4.0	5.00574e-06	-2090.96	4.0	9.26616e-05	1.0	223.086	17.0342	65.6686	10.8159	0.22742	0.0347273	1.02035	0.0161993	
0.0-2.4	6.5-30.0	70.0-100.0	0.000-1.571	0.016	0.073	180.0	178.0	143.227	12.7539	34.7475	7.36249	-0.0805483	0.666985	-0.05	0.0	0.414602	0.0	3.09295	0.0	0.0469519	0.0	0.0252078	0.00411208	0.03	0.0	1.492	0.0	5.0	0.0	1.733	0.0	0.0358603	0.000846063	1.00217e-05	0.000162887	0.181213	0.0418599	0.197932	0.0	0.00209112	0.0	6.27527e-05	0.00307141	1.70729	0.0	0.846375	0.0862256	0.803025	0.157021	0.99985	0.161295	1.08257e-07	0.163183	0.0364441	0.04921	0.148762	0.0440027	0.0516985	1.12185	-424.399	4.0	1.10567e-06	-947.271	4.0	7.18536e-06	1.0	112.433	12.5315	30.7947	8.02018	0.215005	0.0526215	1.07308	0.027274	
0.0-2.4	6.5-7.5	0.0-100.0	0.000-1.571	0.016	0.16	6176.0	6174.0	2585.68	87.7566	3588.08	93.1493	-0.0422069	0.0680895	-0.05	0.0	0.338679	0.145078	3.09071	0.00101314	0.0560404	0.0109726	0.0289056	0.00238088	0.03	0.0	1.492	0.0	5.0	0.0	1.733	0.0	0.0402018	0.00265127	3.66049e-05	0.000137318	0.205285	0.0129143	0.380238	0.138046	0.00427683	0.00352717	0.00276334	0.00100533	1.5828	0.116516	0.885606	0.0215287	0.573994	0.0444285	0.950451	0.0462579	0.6184	0.0446276	0.0749658	0.0129231	0.13418	0.0135333	0.325258	0.160686	-8747.75	4.0	4.3948e-05	-50148.9	7.0	9.25965e-05	1.0	2092.35	79.1402	493.335	38.7383	0.190795	0.0135101	1.19945	0.057712	
0.0-2.4	6.5-8.0	0.0-100.0	0.000-1.571	0.016	0.16	8652.0	8649.0	3901.26	96.5547	4747.2	100.718	-0.0943794	0.0589613	-0.05	0.0	0.366392	0.104891	3.09165	0.000789999	0.0533696	0.0064103	0.0281463	0.00177502	0.03	0.0	1.492	0.0	5.0	0.0	1.733	0.0	0.0393135	0.00214114	2.57968e-05	9.0559e-05	0.208643	0.00998558	0.307488	0.0880482	0.00439684	0.00310131	0.00224033	0.000761514	1.63221	0.0944826	0.891863	0.0171119	0.582725	0.0553539	0.939571	0.0563999	0.577465	0.042751	0.0696796	0.0135442	0.136836	0.0106291	0.256965	0.109959	-12643.2	4.0	8.62214e-05	-73573.6	7.0	0.000208496	1.0	3076.97	87.7729	824.293	48.1757	0.211289	0.0111868	1.17048	0.0408132	
0.0-2.4	6.5-8.5	0.0-100.0	0.000-1.571	0.016	0.16	10705.0	10700.0	5089.71	100.77	5610.6	103.307	-0.101624	0.0539874	-0.05	0.0	0.405837	0.0805667	3.09159	0.000659991	0.0501659	0.00384381	0.0267484	0.00146891	0.03	0.0	1.492	0.0	5.0	0.0	1.733	0.0	0.0380322	0.00143616	2.24999e-05	6.2246e-05	0.203073	0.00846903	0.244453	0.0703637	0.00606182	0.00301279	0.002548	0.0006297	1.69089	0.0957886	0.915221	0.0147636	0.540356	0.0524689	0.939498	0.0395861	0.54545	0.0433626	0.0617648	0.00911564	0.142569	0.0102746	0.260923	0.0895945	-16319.3	4.0	2.27049e-06	-93769.0	7.0	0.000119255	1.0	4004.14	93.5806	1085.57	54.1708	0.213287	0.00976964	1.15403	0.0355429	
0.0-2.4	7.5-8.5	0.0-100.0	0.000-1.571	0.008	0.184	4529.0	4529.0	2512.46	63.9905	2016.55	59.9795	-0.210351	0.0902387	-0.05	0.0	0.479936	0.10439	3.09237	0.000864765	0.0459134	0.00337124	0.0244164	0.00222646	0.03	0.0	1.492	0.0	5.0	0.0	1.733	0.0	0.0363561	0.00154038	3.64523e-05	0.000133371	0.200526	0.0111352	0.180395	0.0713788	0.00786448	0.00437943	0.00241391	0.000851108	1.76532	0.139846	0.900444	0.021924	0.50052	0.0788874	0.937879	0.0494675	0.418024	0.081871	0.0491024	0.00959772	0.154578	0.0150085	0.229203	0.117579	-7640.09	4.0	6.23979e-06	-36434.1	7.0	4.04984e-05	1.0	1919.82	60.3076	592.645	38.3925	0.235882	0.0140503	1.10757	0.0428646	
0.0-2.4	8.0-10.0	0.0-100.0	0.000-1.571	0.008	0.184	6217.0	6217.0	3920.18	76.578	2296.88	65.1143	-0.182531	0.0842627	-0.05	0.0	0.456593	0.0683525	3.09291	0.000629673	0.0461581	0.00279778	0.0223877	0.00144194	0.03	0.0	1.492	0.0	5.0	0.0	1.733	0.0	0.0352869	0.00117577	2.86287e-05	7.39866e-05	0.19549	0.00794501	0.101319	0.038551	0.00371713	0.00401088	0.00175347	0.000636796	1.94164	0.153292	0.957384	0.0172984	0.564244	0.0905302	0.984548	0.013705	0.449688	0.0854902	0.0461428	0.00821305	0.17486	0.013209	0.525066	0.470114	-11575.0	4.0	1.37506e-05	-52927.7	7.0	2.93703e-05	1.0	2877.19	71.2227	1042.99	48.2587	0.266057	0.0111594	1.09804	0.0293553	
0.0-2.4	8.5-9.5	0.0-100.0	0.000-1.571	0.008	0.12	2999.0	2993.0	1908.04	52.5149	1085.09	43.9841	-0.197771	0.122021	-0.05	0.0	0.475523	0.0909071	3.09393	0.000882738	0.0449583	0.00361742	0.0219502	0.00186883	0.03	0.0	1.492	0.0	5.0	0.0	1.733	0.0	0.0348403	0.00152824	3.2051e-05	0.000103207	0.196577	0.010674	0.0787498	0.0409311	0.00669735	0.00605873	0.000750709	0.000916724	2.08685	0.243496	0.974595	0.0251562	0.595432	0.117618	0.999207	0.901921	0.441086	0.120401	0.0454114	0.00660993	0.17561	0.0355145	0.0448707	2.66669	-5542.86	4.0	2.00353e-06	-23355.8	7.0	0.000109324	1.0	1353.98	48.4299	554.059	34.4859	0.290381	0.016211	1.10363	0.0378178	
0.0-2.4	9.5-11.0	0.0-100.0	0.000-1.571	0.008	0.136	2861.0	2859.0	2005.75	53.5641	853.211	41.4039	-0.332436	0.140848	-0.05	0.0	0.384084	0.102842	3.09252	0.000846907	0.0449377	0.00422547	0.023829	0.00196727	0.03	0.0	1.492	0.0	5.0	0.0	1.733	0.0	0.0335462	0.00161385	5.20639e-05	9.66049e-05	0.192557	0.0108961	0.492672	0.116015	-0.000315795	0.00154696	0.000116556	0.00106204	1.43747	0.0670787	0.679217	0.0297834	0.968454	0.0439163	0.496565	0.117422	0.27306	0.154973	0.224783	0.210311	0.193024	0.0199459	0.0443768	0.0156541	-5986.3	4.0	1.747e-06	-22551.0	7.0	1.3621e-06	1.0	1490.87	49.2962	514.884	32.1563	0.256703	0.0144924	1.11896	0.0469291	
0.4-0.8	6.5-30.0	0.0-100.0	0.000-1.571	0.008	0.073	2558.0	2558.0	1768.04	47.6997	789.847	36.0155	-0.234637	0.14316	-0.05	0.0	0.78202	0.0963845	3.09361	0.00066384	0.0220097	0.00109639	0.0392432	0.00754512	0.03	0.0	1.492	0.0	5.0	0.0	1.733	0.0	0.0267306	0.00157721	1.74651e-05	0.000239484	0.198733	0.0111945	0.117942	0.0622417	-0.00405725	0.00414574	-0.00125205	0.000817932	1.86917	0.210931	0.92891	0.0253749	0.755127	0.0732687	0.97682	0.0305726	0.451268	0.0645778	0.0713064	0.0240507	0.157852	0.0166022	0.868882	1.45328	-5765.35	4.0	9.18342e-08	-20314.2	7.0	2.63774e-05	1.0	1256.47	43.7089	511.571	30.8523	0.289343	0.0156066	1.08313	0.0445135	
0.8-1.2	6.5-30.0	0.0-100.0	0.000-1.571	0.008	0.105	3858.0	3856.0	2399.52	60.6441	1456.49	52.2599	-0.00289326	0.10904	-0.05	0.0	0.475831	0.122867	3.09228	0.000827596	0.0271248	0.00196937	0.0386723	0.00372773	0.03	0.0	1.492	0.0	5.0	0.0	1.733	0.0	0.0336751	0.00137169	1.45333e-05	7.48505e-05	0.185466	0.00917343	0.403107	0.16806	0.0021768	0.00196872	-5.03134e-05	0.000894513	1.46305	0.101114	0.759333	0.0257666	0.591658	0.0688847	0.972566	0.0252799	0.427097	0.0658996	0.0514116	0.00952197	0.138897	0.0130846	0.333411	0.219722	-7421.08	4.0	9.91844e-06	-30952.8	7.0	2.32683e-06	1.0	1729.68	55.0754	669.837	37.5353	0.279155	0.0139615	1.09865	0.0658935	
1.2-1.6	6.5-30.0	0.0-10.0	0.000-1.571	0.008	0.136	1874.0	1872.0	844.493	35.319	1027.43	37.8197	0.180541	0.121799	-0.05	0.0	0.45576	0.0	3.09129	0.0	0.0460781	0.0	0.032766	0.00257902	0.03	0.0	1.492	0.0	5.0	0.0	1.733	0.0	0.039395	0.00058371	1.03021e-05	0.137313	0.201392	0.0175122	0.0999774	0.0	0.00921681	0.0	0.00422331	0.00125102	2.02628	0.0	0.916162	0.0348393	0.476893	0.0496354	0.984732	0.0187622	0.381292	0.0854401	0.0529723	0.00833786	0.137237	0.0181925	0.448677	0.491571	-2742.82	4.0	3.17747e-07	-13053.6	4.0	1.41648e-05	1.0	608.576	33.353	235.917	23.7055	0.279359	0.0255237	1.07978	0.0133024	
1.2-1.6	6.5-30.0	0.0-100.0	0.000-1.571	0.008	0.136	5263.0	5256.0	2904.23	75.6983	2351.8	71.8755	-0.0365207	0.086695	-0.05	0.0	0.45576	0.138395	3.09129	0.000966276	0.0460781	0.00424628	0.0317832	0.00218244	0.03	0.0	1.492	0.0	5.0	0.0	1.733	0.0	0.0389544	0.00124294	1.03021e-05	0.137313	0.188946	0.00928119	0.0999774	0.0369937	0.00921681	0.0152857	0.00244438	0.000729853	2.02628	0.173102	0.968312	0.0194372	0.595012	0.187802	0.627579	0.239377	0.443613	0.0994481	0.0444541	0.0197086	0.183695	0.022904	0.081087	0.0185444	-8755.03	4.0	1.91869e-06	-42854.3	7.0	7.49458e-05	1.0	2155.72	68.5946	748.514	43.9172	0.257732	0.0135477	1.11999	0.0314119	
1.2-1.6	6.5-30.0	10.0-20.0	0.000-1.571	0.008	0.128	1298.0	1294.0	686.387	31.2475	607.838	29.9651	-0.158703	0.159036	-0.05	0.0	0.45576	0.0	3.09129	0.0	0.0460781	0.0	0.0360582	0.00335679	0.03	0.0	1.492	0.0	5.0	0.0	1.733	0.0	0.0409302	0.000804718	1.05393e-05	0.000462059	0.172115	0.0161643	0.0999774	0.0	0.00921681	0.0	0.00259701	0.00162476	2.02628	0.0	1.0435	0.0423435	0.571165	0.00772438	1.0	35.6421	0.585434	0.00600486	0.0898187	0.00196072	0.148167	0.00235551	0.14325	96.7021	-2055.04	4.0	2.6908e-06	-8664.76	4.0	4.92194e-05	1.0	482.523	30.3715	203.864	22.9353	0.29701	0.0305566	1.17921	0.0168623	
1.2-1.6	6.5-30.0	20.0-30.0	0.000-1.571	0.008	0.105	935.0	933.0	544.128	26.47	388.88	23.3516	-0.0143776	0.198771	-0.05	0.0	0.45576	0.0	3.09129	0.0	0.0460781	0.0	0.0274285	0.00259876	0.03	0.0	1.492	0.0	5.0	0.0	1.733	0.0	0.0371094	0.000522691	2.15115e-05	5.46744e-05	0.194807	0.0216552	0.0999774	0.0	0.00921681	0.0	0.00063898	0.00161082	2.02628	0.0	0.967233	0.0397406	0.46591	0.138883	1.0	0.615326	0.347027	0.187301	0.0300881	0.0102752	0.125482	0.0215757	0.0242607	1.05577	-1711.6	4.0	2.74217e-05	-6063.08	4.0	6.15934e-05	1.0	410.811	25.5617	133.317	17.2069	0.245011	0.0292907	1.11915	0.0154561	
1.2-1.6	6.5-30.0	30.0-40.0	0.000-1.571	0.008	0.12	544.0	543.0	346.831	20.9327	196.274	16.9581	-0.00605223	0.280352	-0.05	0.0	0.45576	0.0	3.09129	0.0	0.0460781	0.0	0.0312283	0.00375829	0.03	0.0	1.492	0.0	5.0	0.0	1.733	0.0	0.0387093	0.000825055	1.02701e-05	1.42054	0.16293	0.0296997	0.0999774	0.0	0.00921681	0.0	0.00476319	0.00204901	2.02628	0.0	0.90794	0.0550266	0.999997	5.08989	0.331345	0.063338	0.316985	0.0567633	0.08053	7.51275	0.277264	0.0448207	0.0672932	0.00979624	-1041.18	4.0	1.9606e-05	-3272.78	4.0	5.41764e-05	1.0	277.565	21.6412	69.2664	14.3242	0.199712	0.039502	1.07351	0.0209434	
1.2-1.6	6.5-30.0	40.0-50.0	0.000-1.571	0.016	0.064	311.0	306.0	233.325	16.412	72.6294	10.4234	-1.90609	0.527702	-0.05	0.0	0.45576	0.0	3.09129	0.0	0.0460781	0.0	0.0296057	0.00450192	0.03	0.0	1.492	0.0	5.0	0.0	1.733	0.0	0.0380091	0.000954215	1.70248e-05	0.000290648	0.209506	0.0370188	0.0999774	0.0	0.00921681	0.0	-0.00458548	0.00282802	2.02628	0.0	1.01821	0.0821602	0.757422	0.690791	0.926127	0.161759	0.206299	0.893214	0.00385272	0.0658227	0.184715	0.046269	0.12242	0.155308	-641.496	4.0	0.000124387	-1749.82	4.0	9.63356e-05	1.0	179.368	16.2869	53.9563	10.9766	0.23125	0.044143	1.15913	0.032478	
1.2-1.6	6.5-30.0	50.0-100.0	0.000-1.571	0.016	0.073	301.0	298.0	245.915	16.5266	52.0588	8.90403	-0.904389	0.562261	-0.05	0.0	0.45576	0.0	3.09129	0.0	0.0460781	0.0	0.0296007	0.0035186	0.03	0.0	1.492	0.0	5.0	0.0	1.733	0.0	0.038007	0.000745708	1.14193e-05	0.000494472	0.1926	0.0348815	0.0999774	0.0	0.00921681	0.0	0.00532314	0.00262707	2.02628	0.0	0.9765	0.0750621	0.690295	0.747527	0.582338	0.403453	3.94584e-05	0.918598	0.0293113	0.0515603	0.253756	0.0875017	0.0201531	0.926621	-685.182	4.0	4.43844e-06	-1744.02	4.0	4.36338e-06	1.0	193.027	16.3582	52.8887	10.5804	0.215069	0.0405242	1.12637	0.0292844	
1.6-2.0	6.5-30.0	0.0-100.0	0.000-1.571	0.008	0.16	5092.0	5089.0	2603.39	77.8971	2485.58	77.1181	-0.39956	0.0869124	-0.05	0.0	0.510839	0.170878	3.09113	0.00120243	0.0556097	0.00488788	0.0339527	0.0045621	0.03	0.0	1.492	0.0	5.0	0.0	1.733	0.0	0.0462994	0.00170823	1.05212e-05	1.333	0.203364	0.0118194	0.352951	0.0860114	0.000933856	0.00217292	0.00353457	0.00100254	1.59661	0.0857668	0.896629	0.0230178	0.695455	0.0971214	0.914947	0.0921797	0.594793	0.0614966	0.0646617	0.0277675	0.156169	0.0144033	0.240144	0.125243	-7553.97	4.0	4.43974e-08	-40777.9	7.0	4.0555e-05	1.0	2042.94	71.0819	560.443	39.9655	0.215275	0.0139346	1.1916	0.0378747	
1.6-2.4	3.0-30.0	0.0-100.0	0.000-1.571	0.008	0.264	38680.0	38678.0	9911.09	3342.82	28766.9	3278.96	-0.177256	0.113453	-0.05	0.0	0.0882039	5.68561	3.0903	0.00193239	0.100519	1.78731	0.0474314	0.0734719	0.03	0.0	1.89	0.0	5.0	0.0	1.44	0.0	0.0542451	0.148972	2.36546e-05	4.62758e-05	0.214559	0.00822196	0.355594	0.0730674	0.00274748	0.0018247	0.00711132	0.000507072	1.59365	0.0691909	0.892619	0.00812863	0.791736	0.0359313	0.892251	0.0317575	0.700142	0.0235245	0.0777158	0.0207704	0.131685	0.0070055	0.35649	0.0580027	-39615.9	4.0	4.82739e-07	-377591.0	7.0	0.00013518	1.0	8120.93	2740.4	1790.16	609.955	0.180622	0.00872977	1.19019	0.0314768	
1.6-2.4	3.0-4.5	0.0-100.0	0.000-1.571	0.016	0.264	17458.0	17457.0	2777.58	145.892	14679.3	181.943	0.0719049	0.0329085	-0.05	0.0	0.141784	0.162074	3.08824	0.00206662	0.109025	0.0535464	0.0488203	0.00436926	0.03	0.0	1.86	0.0	5.0	0.0	1.38	0.0	0.0610801	0.0069394	4.04496e-05	0.00458068	0.226259	0.0211841	0.108394	0.133316	-0.0499874	0.0991692	0.00861222	0.000761276	1.95905	0.562453	1.02425	0.00998835	0.999961	0.0238368	0.891883	0.0201971	0.709056	0.0276571	0.188226	0.60464	0.115515	0.00775579	0.412839	0.0613133	-15335.7	4.0	8.59288e-07	-155514.0	7.0	6.13654e-05	1.0	2354.73	135.897	422.849	60.531	0.152236	0.0202727	1.16249	0.0951171	
1.6-2.4	3.0-5.5	0.0-100.0	0.000-1.571	0.016	0.264	26571.0	26569.0	4705.44	235.78	21863.6	250.754	-0.0916579	0.18728	-0.05	0.0	0.0579041	8.20804	3.08933	0.00770289	0.110131	3.52596	0.0494532	0.116021	0.03	0.0	1.86	0.0	5.0	0.0	1.38	0.0	0.0548299	0.210887	7.85643e-05	0.00045627	0.231978	0.0152932	0.03134	0.030385	-0.0499983	0.0727918	0.00923476	0.000567555	2.42154	0.631738	1.09127	0.00801516	0.80592	0.047932	0.920321	0.0338777	0.715585	0.0280927	0.0979374	0.027027	0.131286	0.00881287	0.445462	0.119835	-24295.7	4.0	6.99986e-05	-248117.0	7.0	0.000406316	1.0	3962.62	209.393	742.824	76.1924	0.157865	0.0141287	1.15643	0.0372199	
1.6-2.4	3.0-6.5	0.0-10.0	0.000-1.571	0.016	0.264	13741.0	13739.0	1850.12	87.9274	11888.8	133.298	-0.139776	0.0356417	-0.05	0.0	0.0334341	0.0	3.09042	0.0	0.0162099	0.0	0.0513534	0.00254705	0.03	0.0	1.86	0.0	5.0	0.0	1.38	0.0	0.0505746	0.0012499	1.10324e-05	0.0465138	0.220426	0.0244634	0.306432	0.0	-0.0061124	0.0	0.0124121	0.000954709	1.65457	0.0	0.970528	0.0139173	0.839004	0.752287	0.81443	0.0798966	0.732949	0.105422	0.0300884	0.0468294	0.135808	0.0142651	0.346236	0.0449038	-11925.7	4.0	9.96554e-07	-119006.0	4.0	3.01383e-05	1.0	1529.62	86.6881	320.495	49.6201	0.173229	0.0255251	1.22155	0.00383452	
1.6-2.4	3.0-6.5	0.0-100.0	0.000-1.571	0.016	0.264	32037.0	32035.0	6369.73	143.487	25665.0	199.674	-0.144921	0.0245327	-0.05	0.0	0.0334341	0.0252445	3.09042	0.00115019	0.0162099	0.00607227	0.0524245	0.00174174	0.03	0.0	1.86	0.0	5.0	0.0	1.38	0.0	0.0516258	0.000855372	1.10324e-05	0.0465138	0.226653	0.0124136	0.306432	0.206303	-0.0061124	0.00979476	0.00992656	0.00059388	1.65457	0.203248	0.934451	0.00852409	0.905492	0.040862	0.87782	0.0444558	0.744047	0.0205389	0.105151	0.0432712	0.128512	0.00881375	0.372748	0.0705054	-30535.8	4.0	3.81828e-07	-305546.0	7.0	0.000845956	1.0	5355.53	141.482	1014.2	77.3621	0.159222	0.0116036	1.20188	0.090797	
1.6-2.4	3.0-6.5	0.0-20.0	0.000-1.571	0.016	0.264	22549.0	22547.0	3451.12	116.503	19095.7	170.922	-0.139169	0.0281567	-0.05	0.0	0.0334341	0.0	3.09042	0.0	0.0162099	0.0	0.0521053	0.00189054	0.03	0.0	1.86	0.0	5.0	0.0	1.38	0.0	0.0513125	0.000927783	1.10324e-05	0.0465138	0.216551	0.017717	0.306432	0.0	-0.0061124	0.0	0.0117522	0.00072747	1.65457	0.0	0.955176	0.010415	0.892678	0.0519084	0.869867	0.0469559	0.75402	0.0253845	0.0981092	0.0516094	0.133197	0.0112553	0.400051	0.0830299	-20498.2	4.0	1.23254e-05	-206633.0	4.0	4.00417e-05	1.0	2915.37	115.003	535.748	62.1844	0.155239	0.0172397	1.21313	0.00284377	
1.6-2.4	3.0-6.5	10.0-20.0	0.000-1.571	0.016	0.209	8808.0	8804.0	1609.4	77.2715	7194.42	107.474	-0.136664	0.0459719	-0.05	0.0	0.0334341	0.0	3.09042	0.0	0.0162099	0.0	0.053498	0.00292503	0.03	0.0	1.86	0.0	5.0	0.0	1.38	0.0	0.0526795	0.00143558	2.44459e-05	0.000226863	0.208395	0.0248372	0.306432	0.0	-0.0061124	0.0	0.0119243	0.00112334	1.65457	0.0	0.926735	0.0157624	0.807956	0.0882319	0.931467	0.0360668	0.735687	0.0428215	0.0780798	0.0294874	0.125299	0.0131509	0.469887	0.182345	-8607.32	4.0	1.19235e-07	-72519.1	4.0	1.12095e-05	1.0	1392.6	76.0788	216.801	37.7592	0.134709	0.0225525	1.19773	0.00422941	
1.6-2.4	3.0-6.5	20.0-30.0	0.000-1.571	0.016	0.192	4979.0	4977.0	1145.25	58.6694	3831.72	78.2828	-0.177968	0.0631644	-0.05	0.0	0.0334341	0.0	3.09042	0.0	0.0162099	0.0	0.0558305	0.00304572	0.03	0.0	1.86	0.0	5.0	0.0	1.38	0.0	0.0549692	0.00149501	3.37661e-05	0.00022371	0.228728	0.0254433	0.306432	0.0	-0.0061124	0.0	0.0130138	0.00147311	1.65457	0.0	0.907524	0.0211937	0.228433	0.0759152	0.952194	0.0228212	0.0054025	0.999758	0.00887705	0.00902553	0.107179	0.0154999	0.273716	0.0632909	-4983.76	4.0	5.08698e-05	-38269.7	4.0	9.97273e-06	1.0	947.312	56.7019	197.941	31.0298	0.172836	0.0256067	1.18748	0.00561692	
1.6-2.4	3.0-6.5	20.0-40.0	0.000-1.571	0.016	0.192	7431.0	7427.0	1872.83	70.8646	5554.07	93.2754	-0.159874	0.0524571	-0.05	0.0	0.0334341	0.0	3.09042	0.0	0.0162099	0.0	0.0525497	0.0021416	0.03	0.0	1.86	0.0	5.0	0.0	1.38	0.0	0.0517487	0.00105102	3.37661e-05	0.00022371	0.230755	0.0205929	0.306432	0.0	-0.0061124	0.0	0.00677557	0.00119226	1.65457	0.0	0.901939	0.0169502	0.88148	0.0845247	0.913781	0.100945	0.706612	0.0440017	0.103536	0.0590092	0.114701	0.0138151	0.302187	0.152651	-7680.21	4.0	6.74946e-08	-60218.7	4.0	1.18292e-05	1.0	1547.45	69.9869	325.382	40.2658	0.173738	0.0204703	1.18453	0.00447574	
1.6-2.4	3.0-6.5	30.0-40.0	0.000-1.571	0.016	0.152	2452.0	2438.0	727.577	40.0746	1710.39	50.8749	-0.104376	0.0944729	-0.05	0.0	0.0334341	0.0	3.09042	0.0	0.0162099	0.0	0.0475814	0.00280678	0.03	0.0	1.86	0.0	5.0	0.0	1.38	0.0	0.046873	0.00137697	2.09228e-05	0.00043611	0.244977	0.0356869	0.306432	0.0	-0.0061124	0.0	0.00725921	0.00199984	1.65457	0.0	0.880434	0.0287643	0.829512	0.0275207	0.99995	0.862908	0.689265	0.0192889	0.105242	0.0147416	0.120804	0.00585569	0.0204735	2.80021	-2724.44	4.0	7.52794e-07	-17160.8	4.0	3.28709e-06	1.0	609.02	40.3601	118.557	23.3741	0.162948	0.0308468	1.17325	0.00748547	
1.6-2.4	3.0-6.5	40.0-100.0	0.000-1.571	0.016	0.168	2057.0	2056.0	1044.63	41.0924	1011.41	40.6844	-0.143554	0.124388	-0.05	0.0	0.0334341	0.0	3.09042	0.0	0.0162099	0.0	0.0527468	0.00207531	0.03	0.0	1.86	0.0	5.0	0.0	1.38	0.0	0.0519421	0.0010185	3.29575e-05	0.000302831	0.237927	0.0279393	0.306432	0.0	-0.0061124	0.0	0.00467628	0.00194434	1.65457	0.0	0.809047	0.0289937	0.823748	1.00411	0.874678	0.188618	0.646678	0.450597	0.00100104	0.230309	0.14283	0.0314552	0.251023	0.111538	-2674.06	4.0	3.81806e-05	-14509.8	4.0	1.05198e-05	1.0	875.637	42.3524	168.989	25.5237	0.16177	0.0235902	1.13704	0.00715416	
1.6-2.4	3.0-6.5	40.0-50.0	0.000-1.571	0.016	0.145	1195.0	1188.0	530.998	30.2293	657.034	32.2457	-0.146734	0.153653	-0.05	0.0	0.0334341	0.0	3.09042	0.0	0.0162099	0.0	0.0521506	0.00288171	0.03	0.0	1.86	0.0	5.0	0.0	1.38	0.0	0.051357	0.0014142	2.68027e-05	0.46819	0.211748	0.0295257	0.306432	0.0	-0.0061124	0.0	0.00996885	0.00262779	1.65457	0.0	0.836674	0.0442983	0.923906	1.11683	0.867574	0.796201	0.881293	0.0574914	0.225746	0.256453	0.200158	0.0920834	0.216002	0.202545	-1455.1	4.0	6.42901e-06	-7654.52	4.0	5.05743e-06	1.0	417.996	30.2485	113.002	19.751	0.212811	0.0351676	1.15083	0.0111684	
1.6-2.4	3.0-6.5	50.0-100.0	0.000-1.571	0.016	0.168	862.0	862.0	516.394	27.8236	345.616	24.5637	-0.0691524	0.214187	-0.05	0.0	0.0334341	0.0	3.09042	0.0	0.0162099	0.0	0.0538867	0.00302953	0.03	0.0	1.86	0.0	5.0	0.0	1.38	0.0	0.0530611	0.0014869	3.29575e-05	0.000302831	0.263403	0.0495458	0.306432	0.0	-0.0061124	0.0	0.00255712	0.00308706	1.65457	0.0	0.850045	0.0418917	0.96491	0.478439	0.845747	0.176084	0.635921	0.318259	0.00100001	1.20957	0.1623	0.0359373	0.219722	0.110374	-1225.26	4.0	1.04277e-07	-5427.04	4.0	3.68153e-06	1.0	448.999	29.0367	67.3947	16.4636	0.13051	0.0310967	1.1576	0.0106677	
1.6-2.4	4.5-5.5	0.0-100.0	0.000-1.571	0.016	0.192	9113.0	9101.0	1969.57	141.998	7131.41	159.123	-0.433847	0.0602335	-0.05	0.0	0.13774	0.865751	3.09052	0.00194808	0.0637179	0.0630826	0.0475265	0.0112086	0.03	0.0	1.86	0.0	5.0	0.0	1.38	0.0	0.0500686	0.00718394	6.47859e-05	0.000417763	0.226483	0.0199956	0.0136624	0.0217837	-0.0499998	0.085235	0.00920172	0.000899319	3.0708	1.57081	1.13558	0.0139866	0.854775	0.153461	0.519984	0.20146	0.727022	0.0805273	0.208042	0.10087	0.198681	0.0245688	0.0827884	0.0545136	-9061.79	4.0	1.5624e-07	-75489.8	7.0	0.00813245	1.0	1613.83	122.995	355.738	47.4149	0.180617	0.0202479	1.18353	0.0471377	
1.6-2.4	5.5-6.5	0.0-100.0	0.000-1.571	0.016	0.168	5466.0	5459.0	1697.76	78.0104	3761.23	90.2396	-0.469551	0.0688411	-0.05	0.0	0.190167	0.589864	3.0932	0.00189623	0.0410334	0.0159835	0.0536175	0.0060953	0.03	0.0	1.86	0.0	5.0	0.0	1.38	0.0	0.0514619	0.00284269	1.17885e-05	0.00076077	0.204813	0.0188054	0.629091	0.0991769	-0.00318596	0.00445285	0.0117286	0.0016267	1.49269	0.0754044	0.669566	0.0260093	0.840869	0.0620704	0.35443	0.197519	0.495379	0.276468	0.160249	0.0444026	0.190089	0.0189036	0.0318325	0.0179361	-6302.84	4.0	1.72114e-05	-42840.3	7.0	0.000746257	1.0	1406.52	72.307	291.243	35.0799	0.171545	0.0190999	1.25219	0.0452549	
1.6-2.4	6.5-30.0	0.0-10.0	0.000-1.571	0.008	0.184	2352.0	2352.0	991.158	39.5027	1360.75	43.931	-0.356652	0.106598	-0.05	0.0	0.652922	0.0	3.0911	0.0	0.056929	0.0	0.0309007	0.00372847	0.03	0.0	1.492	0.0	5.0	0.0	1.733	0.0	0.0494719	0.000404145	3.57761e-05	7.18959e-05	0.228533	0.0238215	0.337019	0.0	0.00343684	0.0	0.00317502	0.00164101	1.60396	0.0	1.01579	0.0383293	0.946312	1.07738	0.391027	0.755386	0.615139	0.0663867	0.106504	0.210334	0.210778	0.0602797	0.0975491	0.0316785	-3033.53	4.0	3.45708e-06	-16754.1	4.0	9.09537e-06	1.0	810.904	38.6812	180.254	22.4354	0.181862	0.0214437	1.24544	0.0103629	
1.6-2.4	6.5-30.0	0.0-100.0	0.000-1.571	0.008	0.152	6643.0	6637.0	3419.55	91.9882	3217.44	90.877	-0.424331	0.0755334	-0.05	0.0	0.652922	0.150889	3.0911	0.00108638	0.056929	0.00395122	0.0308406	0.00590293	0.03	0.0	1.492	0.0	5.0	0.0	1.733	0.0	0.0494589	0.00237958	1.37144e-05	0.000327844	0.199274	0.00999808	0.337019	0.0765519	0.00343684	0.00197833	0.00291353	0.0008482	1.60396	0.0792233	0.87583	0.0191787	0.720222	0.082148	0.901199	0.143801	0.61203	0.0495468	0.0690962	0.0338036	0.163811	0.0130825	0.201315	0.115848	-9820.65	4.0	4.49522e-05	-54918.1	7.0	3.65021e-06	1.0	2661.79	83.0725	757.761	46.7915	0.221597	0.0123168	1.17286	0.0349842	
1.6-2.4	6.5-30.0	10.0-20.0	0.000-1.571	0.008	0.16	1700.0	1700.0	814.516	34.9002	885.599	35.9023	-0.309083	0.132221	-0.05	0.0	0.652922	0.0	3.0911	0.0	0.056929	0.0	0.0325118	0.00464238	0.03	0.0	1.492	0.0	5.0	0.0	1.733	0.0	0.049829	0.00052565	3.34301e-05	6.81326e-05	0.186638	0.0192153	0.337019	0.0	0.00343684	0.0	0.00393384	0.00181638	1.60396	0.0	0.878409	0.039559	0.493164	0.139027	0.917604	0.0492798	0.28089	0.225899	0.0200505	0.00986764	0.114983	0.0180453	0.243789	0.0855529	-2409.98	4.0	4.06963e-07	-11665.5	4.0	5.31512e-05	1.0	633.647	34.7511	180.87	23.0339	0.222058	0.0266306	1.17414	0.00981055	
1.6-2.4	6.5-30.0	20.0-30.0	0.000-1.571	0.008	0.152	1121.0	1121.0	628.027	28.8506	493.009	26.4051	-0.710919	0.180404	-0.05	0.0	0.652922	0.0	3.0911	0.0	0.056929	0.0	0.0258402	0.00361307	0.03	0.0	1.492	0.0	5.0	0.0	1.733	0.0	0.0484542	0.000334378	1.37144e-05	0.000327844	0.217424	0.0236036	0.337019	0.0	0.00343684	0.0	0.00394061	0.0017654	1.60396	0.0	0.780258	0.0418922	0.265568	1.07471	0.805529	0.154529	0.224751	1.06802	0.00100855	1.8613	0.169939	0.10109	0.124967	0.152872	-1818.29	4.0	1.23571e-07	-7372.43	4.0	7.57304e-05	1.0	482.2	27.8484	145.827	18.1582	0.232198	0.0268734	1.12724	0.00961228	
1.6-2.4	6.5-30.0	30.0-40.0	0.000-1.571	0.008	0.12	689.0	688.0	423.481	23.4451	264.434	19.7649	-0.514111	0.244878	-0.05	0.0	0.652922	0.0	3.0911	0.0	0.056929	0.0	0.0281243	0.0047041	0.03	0.0	1.492	0.0	5.0	0.0	1.733	0.0	0.0488937	0.000469573	2.16233e-05	4.66746e-05	0.166704	0.0209011	0.337019	0.0	0.00343684	0.0	0.000428398	0.00230527	1.60396	0.0	0.793477	0.0503116	0.999662	0.00219599	0.999998	0.870796	0.736421	0.0031011	0.00103136	0.0865551	0.197173	0.00223232	0.020143	2.49218	-1183.23	4.0	1.03882e-06	-4236.35	4.0	1.60116e-05	1.0	298.731	23.5396	124.749	18.1187	0.294581	0.0395549	1.13334	0.0116765	
1.6-2.4	6.5-30.0	40.0-50.0	0.000-1.571	0.008	0.136	416.0	415.0	275.253	18.3982	139.745	14.2474	-0.94321	0.343293	-0.05	0.0	0.652922	0.0	3.0911	0.0	0.056929	0.0	0.0297689	0.00495036	0.03	0.0	1.492	0.0	5.0	0.0	1.733	0.0	0.0492305	0.000519473	2.39456e-05	0.218028	0.180369	0.0287255	0.337019	0.0	0.00343684	0.0	0.00025726	0.00241327	1.60396	0.0	0.606371	0.113387	0.579489	0.758127	0.813398	0.757452	0.22074	0.817951	0.0413244	0.0418325	0.227629	0.0559706	0.0252576	1.11155	-744.717	4.0	3.94334e-05	-2379.42	4.0	1.91415e-07	1.0	204.184	18.0762	71.0694	12.7691	0.258196	0.0430608	1.05395	0.0216248	
1.6-2.4	6.5-30.0	50.0-100.0	0.000-1.571	0.008	0.088	365.0	358.0	283.513	18.2706	74.463	11.1685	-0.0921779	0.464378	-0.05	0.0	0.652922	0.0	3.0911	0.0	0.056929	0.0	0.0451266	0.00791672	0.03	0.0	1.492	0.0	5.0	0.0	1.733	0.0	0.0531306	0.00116689	2.43092e-05	6.66999e-05	0.181892	0.0328227	0.337019	0.0	0.00343684	0.0	0.00529404	0.0030784	1.60396	0.0	0.76279	0.0660826	0.622539	0.742959	0.7309	0.765364	2.95331e-09	0.791129	0.0478366	0.0467076	0.212569	0.0666921	0.0211837	0.477135	-737.327	4.0	5.66638e-07	-2064.96	4.0	4.79572e-05	1.0	226.523	18.3947	56.9899	11.7793	0.201014	0.0394767	1.11928	0.0149287	
2.0-2.4	6.5-30.0	0.0-100.0	0.000-1.571	0.008	0.152	1551.0	1550.0	838.866	38.3451	711.142	36.6407	-0.492267	0.153189	-0.05	0.0	0.86548	0.0853756	3.09194	0.00250966	0.0622723	0.00460426	0.0229298	0.00711019	0.03	0.0	1.492	0.0	5.0	0.0	1.733	0.0	0.0585399	0.00245377	1.78875e-05	0.00273266	0.187644	0.0183668	0.349037	0.147135	0.00999999	0.0029756	0.00131845	0.00163812	1.55328	0.141848	0.778089	0.0357611	0.783242	0.0176715	0.999996	0.976068	0.652433	0.00874384	0.105712	0.00667574	0.178326	0.00473925	0.134024	2.74151	-2284.41	4.0	3.52827e-07	-10560.8	7.0	1.91916e-06	1.0	635.799	36.2197	203.067	23.524	0.242073	0.0257672	1.11185	0.0695498	
