rap0.0-1.2_pT6.5-30.0_cent0.0-100.0
12646.8
3491.95 3243.27 3191.45 2715.43
134.773 126.84 148.773 100.931
7553.94
1895.54 1992.72 1894.9 1767.63
102.24 99.0371 123.737 96.6447
8462.74
2242.36 2227.72 2039.22 1933.29
135.449 141.54 162.178 97.1999
4184.03
1249.59 1015.55 1152.23 782.14
114.814 118.408 141.951 71.6188
0.330838
0.357848 0.313126 0.361037 0.288035
0.0298384 0.0343937 0.0411715 0.0241041
rap0.0-1.2_pT6.5-30.0_cent10.0-60.0
8298.15
2216.66 2209.56 2082.19 1777.82
101.177 109.625 133.213 83.8219
4007.25
1038.82 1057.08 943.719 966.188
69.0146 75.3988 96.1709 78.8157
5524.42
1410.14 1570.23 1294.62 1217.59
100.792 121.97 134.114 80.7116
2773.73
806.527 639.332 787.57 560.235
85.8577 99.0634 116.898 62.5815
0.334259
0.363847 0.289348 0.378242 0.315124
0.0349918 0.0424735 0.0506591 0.031912
rap0.0-2.4_pT10.0-13.0_cent0.0-100.0
4751.25
1196.0 1252.35 1188.12 1112.64
58.8545 84.2694 88.316 52.851
1777.54
445.009 437.403 430.836 445.298
37.4588 45.5113 51.0148 36.506
3190.47
794.659 827.63 797.49 769.89
59.3629 92.1175 107.275 52.6607
1560.78
401.343 424.717 390.627 342.748
48.8347 78.7461 94.0047 41.2411
0.328498
0.33557 0.339137 0.328779 0.30805
0.0373435 0.0585917 0.0752518 0.0340556
rap0.0-2.4_pT10.0-13.0_cent10.0-60.0
3158.28
786.167 845.139 820.017 689.14
42.7071 77.9583 83.1144 41.5878
1056.3
281.422 241.471 250.164 269.882
28.54 37.4152 44.1163 28.1651
2089.89
507.189 549.861 527.909 474.056
40.5739 84.7569 92.4198 42.2939
1068.39
278.978 295.277 292.108 215.083
33.4185 73.1641 80.9628 33.7465
0.338283
0.354858 0.349383 0.356222 0.312104
0.0378858 0.080348 0.0918946 0.0452019
rap0.0-2.4_pT10.0-30.0_cent0.0-100.0
7437.93
1963.59 1896.08 1801.97 1776.14
81.6706 92.0292 95.0461 66.8872
2703.63
686.218 707.152 651.066 644.927
49.719 53.0771 56.9926 45.0522
4826.48
1225.12 1241.49 1186.8 1161.39
81.3348 103.845 110.418 65.5208
2611.45
738.466 654.599 615.175 614.748
70.4431 90.3459 96.5734 54.0003
0.3511
0.37608 0.345237 0.341389 0.346114
0.0322849 0.0446051 0.0504775 0.0274675
rap0.0-2.4_pT10.0-30.0_cent10.0-60.0
4935.34
1299.59 1257.01 1213.4 1155.26
65.6084 83.1205 87.7752 54.5396
1627.3
415.356 406.406 393.964 398.199
38.0711 43.4368 49.3362 35.1165
3211.92
817.021 842.467 791.363 744.48
65.1574 93.3655 94.3456 54.925
1723.42
482.569 414.545 422.032 410.777
56.0154 79.7815 80.9692 46.4492
0.3492
0.371324 0.329786 0.347811 0.355572
0.0388124 0.0596052 0.0618044 0.036535
rap0.0-2.4_pT13.0-30.0_cent0.0-100.0
2692.66
773.01 643.195 600.349 661.981
56.9626 36.4354 35.6509 40.8753
920.089
229.345 263.519 219.58 195.357
31.6609 25.9293 26.1725 25.9361
1637.2
428.677 416.67 372.83 388.266
54.0362 34.6068 33.6072 37.9162
1055.47
344.333 226.525 227.519 273.714
50.6545 28.3756 28.6672 33.8898
0.391979
0.445445 0.352187 0.378978 0.413478
0.0567149 0.0393478 0.0421149 0.0443739
rap0.0-2.4_pT13.0-30.0_cent10.0-60.0
1774.97
514.739 409.922 381.649 458.044
50.0144 28.3644 28.5717 35.0563
567.757
128.364 164.985 139.007 127.101
23.9856 20.2233 21.4051 20.7282
1119.52
298.742 280.354 250.396 264.408
48.3406 27.6087 26.4661 33.9954
655.445
215.997 129.568 131.254 193.636
43.9853 21.594 21.1095 31.0774
0.369271
0.419624 0.316081 0.343911 0.422745
0.0750971 0.0479234 0.0489537 0.0596366
rap0.0-2.4_pT6.5-10.0_cent0.0-100.0
19549.6
5298.59 4959.1 4922.91 4355.86
157.161 144.675 164.384 134.45
18009.3
5166.53 4873.39 4232.08 3835.3
149.427 145.34 154.648 142.072
14523.8
3897.56 3717.4 3586.38 3264.55
178.749 153.98 215.232 131.643
5025.84
1401.03 1241.69 1336.54 1091.31
142.526 115.154 184.324 91.1636
0.257081
0.264415 0.250387 0.271493 0.250539
0.0257301 0.0220419 0.036328 0.0194478
rap0.0-2.4_pT6.5-10.0_cent10.0-60.0
12579.0
3434.09 3269.02 3082.88 2795.37
118.145 112.127 133.287 104.354
9267.79
2806.6 2476.68 2040.3 1936.03
102.767 103.752 108.802 101.218
9243.29
2514.62 2488.0 2198.25 2017.75
128.996 120.453 180.093 103.607
3335.74
919.471 781.025 884.632 777.618
100.779 89.1295 157.682 76.8326
0.265183
0.267748 0.238917 0.28695 0.278181
0.0278633 0.0260042 0.0496203 0.0254484
rap0.0-2.4_pT6.5-30.0_cent0.0-10.0
8533.04
2277.23 2100.69 2204.86 1950.07
108.11 95.2461 101.285 89.9414
9716.44
2598.01 2668.34 2350.06 2130.23
111.985 104.628 104.707 102.851
6113.46
1594.13 1434.67 1602.0 1466.5
122.374 98.7379 110.987 87.3199
2419.58
683.095 666.025 602.862 483.571
101.487 80.186 87.5745 59.5592
0.283554
0.299968 0.31705 0.273424 0.247976
0.0422296 0.0353609 0.0376806 0.0283198
rap0.0-2.4_pT6.5-30.0_cent0.0-100.0
26910.5
7252.7 6843.63 6698.99 6117.73
177.074 171.569 190.456 150.366
20886.9
5867.54 5593.69 4909.97 4502.85
156.747 154.861 164.587 148.309
19269.8
5116.93 4943.63 4780.08 4403.47
192.688 197.429 239.625 146.297
7640.65
2135.76 1899.99 1918.91 1714.26
155.693 160.894 204.763 107.07
0.283929
0.294479 0.277629 0.286447 0.280211
0.0202272 0.0224562 0.0294613 0.0160896
rap0.0-2.4_pT6.5-30.0_cent10.0-20.0
6357.6
1752.18 1583.21 1615.74 1407.56
84.921 97.951 109.445 70.1659
5295.85
1502.33 1353.69 1301.98 1117.69
75.525 80.1073 93.4786 67.0612
4384.45
1139.1 1202.92 1086.71 925.806
91.4103 132.574 122.456 69.0698
1973.15
613.075 380.291 529.03 481.749
78.6819 112.208 104.216 56.7225
0.310361
0.349894 0.240202 0.327422 0.34226
0.0415802 0.0692981 0.0605676 0.0365087
rap0.0-2.4_pT6.5-30.0_cent10.0-30.0
11222.8
3115.14 2837.94 2763.66 2504.18
116.375 117.993 137.934 96.2227
8347.87
2402.03 2182.51 1927.57 1828.58
96.3929 98.13 111.689 95.1488
7877.29
2136.84 2072.29 1887.93 1731.81
123.664 146.141 173.718 93.4462
3345.49
978.305 765.652 875.738 772.366
101.272 122.259 152.347 72.0055
0.298098
0.314048 0.269792 0.316876 0.308431
0.0303189 0.0415942 0.0528078 0.0261981
rap0.0-2.4_pT6.5-30.0_cent10.0-60.0
17479.2
4725.71 4517.82 4283.77 3953.58
135.068 139.688 160.419 118.038
10931.6
3235.2 2892.57 2447.81 2350.04
109.384 113.339 119.869 106.757
12464.9
3340.47 3341.69 2995.07 2763.28
143.735 167.83 197.856 116.65
5014.25
1385.24 1176.13 1288.69 1190.3
114.507 137.164 169.989 89.7987
0.28687
0.293128 0.260332 0.300832 0.301069
0.022736 0.0292741 0.0380493 0.0208589
rap0.0-2.4_pT6.5-30.0_cent20.0-30.0
4865.99
1363.02 1261.4 1149.33 1095.67
79.3359 64.4295 86.8402 65.9704
3022.3
895.683 781.426 620.292 702.997
60.0098 51.2703 57.5803 67.1715
3488.39
988.4 868.748 791.024 803.064
83.0031 66.1416 137.243 64.0051
1377.59
374.617 392.649 358.308 292.607
63.6802 52.9896 126.477 45.4871
0.283107
0.274844 0.311281 0.311753 0.267057
0.0438958 0.0388836 0.107493 0.0382749
rap0.0-2.4_pT6.5-30.0_cent30.0-60.0
6245.7
1605.01 1684.68 1513.31 1439.44
67.9138 74.4155 77.4824 67.6391
2591.96
832.008 705.308 524.398 521.795
52.7609 56.3461 48.5665 48.7094
4517.37
1179.39 1258.06 1061.45 1017.2
68.9695 79.6139 89.2039 68.5393
1728.33
425.613 426.617 451.861 422.244
50.8986 60.0447 74.4246 52.9779
0.276724
0.265178 0.253234 0.298591 0.293338
0.029661 0.0338409 0.0467434 0.0341258
rap0.0-2.4_pT6.5-8.0_cent0.0-100.0
11101.7
3038.54 2691.76 2881.26 2490.73
134.131 114.117 127.103 112.746
13461.4
3856.74 3673.58 3105.79 2809.26
136.445 128.869 131.315 129.396
8470.81
2291.39 2136.84 2098.88 1930.79
159.433 119.637 137.571 110.785
2630.91
747.145 554.919 782.375 559.946
127.575 81.6064 107.444 72.6435
0.236983
0.24589 0.206155 0.271539 0.224812
0.0405585 0.02903 0.0353144 0.0273326
rap0.0-2.4_pT6.5-8.0_cent10.0-60.0
7187.84
1955.05 1842.54 1792.43 1597.08
99.8916 90.532 100.412 86.8601
6737.34
2054.12 1783.66 1448.47 1441.83
92.8026 91.2363 92.2104 91.8919
5322.88
1419.87 1450.35 1265.79 1172.08
112.732 95.7676 119.143 85.8057
1864.96
535.176 392.193 526.641 425.0
90.5161 66.8171 100.186 61.9144
0.259461
0.27374 0.212855 0.293813 0.266111
0.0441355 0.0347227 0.0534156 0.0359644
rap0.0-2.4_pT8.0-10.0_cent0.0-100.0
8407.95
2251.64 2258.99 2046.46 1859.68
79.6995 87.7316 108.694 72.0896
4679.83
1309.04 1190.74 1121.45 1030.25
64.6049 67.9661 77.6018 61.1333
6001.68
1596.59 1558.59 1425.31 1335.52
81.2673 93.6112 155.441 71.1656
2406.27
655.053 700.394 621.154 524.159
62.835 76.4134 139.712 52.8884
0.28619
0.290922 0.310048 0.303526 0.281855
0.0259369 0.0316106 0.0663394 0.026257
rap0.0-2.4_pT8.0-10.0_cent10.0-60.0
5375.99
1471.02 1418.22 1298.31 1193.03
61.2055 65.4821 92.145 56.7609
2544.0
755.178 698.162 579.769 498.153
46.4521 50.8662 52.9558 44.1972
3868.0
1081.06 1009.23 870.341 837.155
62.675 72.3233 134.56 57.4602
1507.99
389.957 408.99 427.965 355.875
46.5637 58.4454 123.342 44.7434
0.280504
0.265093 0.288382 0.329634 0.298295
0.0296702 0.0389999 0.0920769 0.0347151
rap1.2-1.6_pT6.5-30.0_cent0.0-100.0
6023.2
1612.43 1543.5 1473.24 1390.41
71.407 71.8366 74.8161 71.1348
5397.82
1495.46 1557.29 1230.51 1109.44
69.2787 73.6348 72.2196 75.9182
4403.64
1212.51 1103.47 1103.58 973.334
75.9829 73.5391 84.3216 67.2364
1619.56
399.916 440.035 369.651 417.074
56.6015 56.4793 65.739 49.9632
0.268886
0.24802 0.285089 0.250911 0.299965
0.0333406 0.0341013 0.0427642 0.0324923
rap1.2-1.6_pT6.5-30.0_cent10.0-60.0
3856.77
1082.58 954.556 904.728 907.93
56.7017 53.1333 48.5396 50.6288
2727.16
862.53 788.0 569.612 490.397
51.2962 52.1399 41.5469 40.6193
2846.74
818.231 682.843 702.373 642.24
60.8103 55.3447 49.5992 50.9506
1010.03
264.351 271.712 202.355 265.69
45.3097 42.9778 34.0285 39.1521
0.261886
0.244186 0.284648 0.223664 0.292633
0.0398513 0.0421439 0.0356462 0.0399156
rap1.2-2.4_pT6.5-30.0_cent0.0-100.0
14329.0
3759.45 3606.14 3514.91 3437.05
115.012 115.151 113.271 111.46
13142.8
3970.47 3593.38 3003.58 2697.72
116.977 118.143 108.479 111.12
10837.7
2866.64 2711.18 2742.01 2507.94
121.549 121.438 126.592 108.99
3491.24
892.814 894.959 772.9 929.105
88.482 89.8274 94.01 78.5626
0.243649
0.237485 0.248177 0.219892 0.270321
0.0223864 0.0236154 0.0257903 0.0211098
rap1.2-2.4_pT6.5-30.0_cent10.0-60.0
9206.73
2509.13 2310.01 2189.52 2202.78
89.1143 86.3254 80.6045 82.2172
6894.62
2190.71 1831.75 1510.13 1352.53
83.9297 83.4148 70.7265 68.551
6894.76
1937.32 1722.98 1660.77 1556.15
94.7072 91.5192 81.9942 84.1147
2311.97
571.804 587.033 528.753 646.636
68.1734 68.6384 57.9996 65.4543
0.251117
0.22789 0.254126 0.241492 0.293554
0.0259366 0.028155 0.0249532 0.0276206
rap1.6-2.4_pT3.0-6.5_cent0.0-100.0
27024.2
7387.21 6590.86 6419.96 6623.26
362.813 323.278 343.284 327.908
135840.0
36605.8 34931.0 32960.3 31333.7
593.549 533.265 568.973 533.899
22660.7
6329.58 5410.37 5339.08 5601.48
404.712 382.162 414.534 381.154
4363.56
1057.63 1180.49 1080.89 1021.78
264.292 281.028 306.065 266.327
0.161468
0.14317 0.179111 0.168363 0.154271
0.0350792 0.0417241 0.0468162 0.0394789
rap1.6-2.4_pT3.0-6.5_cent10.0-60.0
17172.7
5004.64 4139.98 3951.52 4080.91
262.741 231.988 233.814 228.198
67367.6
18741.8 17745.1 16026.1 14850.1
406.386 367.03 365.176 344.73
14331.6
4322.4 3207.4 3257.92 3531.02
276.894 290.645 248.753 253.198
2841.07
682.236 932.578 693.6 549.897
162.662 234.312 162.484 161.459
0.165441
0.136321 0.225261 0.175527 0.134749
0.0317045 0.0551719 0.039786 0.0388402
rap1.6-2.4_pT6.5-30.0_cent0.0-100.0
8267.0
2142.65 2048.17 2040.1 2038.24
90.0914 89.6489 84.9811 84.9986
7888.79
2477.89 2049.39 1772.3 1586.68
94.2901 92.3388 81.1594 79.903
6424.15
1657.93 1596.8 1634.11 1525.57
93.2954 95.7559 86.2965 84.741
1842.85
484.713 451.366 405.989 512.664
65.2672 68.3707 55.6744 59.9221
0.222917
0.226222 0.220376 0.199005 0.251523
0.0289378 0.0319574 0.0260005 0.0274642
rap1.6-2.4_pT6.5-30.0_cent10.0-60.0
5330.5
1422.74 1342.27 1282.18 1283.77
68.6204 67.5195 64.2915 64.2423
4181.05
1330.56 1046.53 941.151 857.402
66.4022 64.8048 57.2137 54.8177
4032.69
1113.55 1034.82 954.571 913.548
70.4388 74.1845 64.9516 65.0178
1297.82
309.195 307.444 327.611 370.218
47.9533 55.0715 46.8782 49.8057
0.24347
0.217323 0.229049 0.25551 0.288384
0.0320335 0.0393777 0.0342429 0.0360126
