v2W
rap	pT	cent	dPhi	ctauErrMin	ctauErrMax	NoCutEntry	CutEntry	NSig	NSigErr	NBkg	NBkgErr	coefExp	coefExpErr	coefPol1	coefPol1Err	coeffGaus	coeffGausErr	meanSig1	meanSig1Err	sigmaSig1	sigmaSig1Err	sigmaSig2	sigmaSig2Err	sigmaSig3	sigmaSig3Err	alpha	alphaErr	enne	enneErr	enneW	enneWErr	sigWidth	sigWidthErr	Gmc	GmcErr	bTau	bTauErr	fracRes	fracResErr	meanResSigW	meanResSigWErr	meanResSigN	meanResSigNErr	sigmaResSigW	sigmaResSigWErr	sigmaResSigN	sigmaResSigNErr	fpm	fpmErr	fLiving	fLivingErr	fbkgCtTot	fbkgCtTotErr	lambdam	lambdamErr	lambdap	lambdapErr	lambdasym	lambdasymErr	NLL	nFitPar	EDM	NLLMass	nFitParMass	EDMMass	Prob	PROMPT	PROMPTErr	NON-PROMPT	NON-PROMPTErr	Bfraction	BfractionErr	Resolution	ResolutionErr	
0.0-1.2	6.5-30.0	0.0-100.0	0.000-0.393	0.008	0.088	5399.0	5396.0	3499.81	136.426	1896.5	102.809	0.280366	0.197989	-0.05	0.0	0.524498	0.0	3.0924	0.0	0.0195471	0.0	0.0362307	0.0	0.03	0.0	1.492	0.04	5.0	0.0	1.733	0.07	0.0287155	0.0	2.21795e-05	1.43176	0.427919	0.0902353	0.245908	0.0821935	-0.000109909	0.00257936	0.00137614	0.00126258	1.688	0.125228	0.887716	0.0340423	0.657723	2.92968	0.777016	1.00599	0.551031	1.33295	0.0377098	0.193945	0.230694	0.124357	0.173391	0.334557	-15695.3	4.0	9388.92	-209831.0	3.0	90.3205	1.0	2245.37	138.33	1254.44	117.751	0.358432	0.0306068	1.13795	0.0448038	
0.0-1.2	6.5-30.0	0.0-100.0	0.000-1.571	0.008	0.105	20225.0	20221.0	12661.7	293.023	7559.32	254.822	0.0180445	0.146685	-0.05	0.0	0.524498	0.361143	3.0924	0.000698492	0.0195471	0.00374353	0.0362307	0.0133077	0.03	0.0	1.492	0.04	5.0	0.0	1.733	0.07	0.0287154	0.00404752	1.87255e-05	2.6751e-05	0.406693	0.0530173	0.236177	0.079527	5.83622e-05	0.00144617	0.000994019	0.000657335	1.60413	0.0920545	0.895752	0.0189509	0.607054	0.239684	0.933105	0.0920198	0.467643	0.199951	0.0588601	0.0409862	0.229346	0.0462292	1.25616	6.84293	-11040.4	4.0	51780.0	-908703.0	7.0	1138400.0	1.0	8463.27	293.667	4198.44	239.414	0.331585	0.0172814	1.10481	0.0360432	
0.0-1.2	6.5-30.0	0.0-100.0	0.393-0.785	0.008	0.096	5229.0	5227.0	3235.09	121.59	1992.54	97.2115	-0.102003	0.17003	-0.05	0.0	0.524498	0.0	3.0924	0.0	0.0195471	0.0	0.0362307	0.0	0.03	0.0	1.492	0.04	5.0	0.0	1.733	0.07	0.0287155	0.0	1.00937e-05	0.00103092	0.407401	0.0953776	0.0755589	0.0712515	0.0054884	0.00636296	-0.000620649	0.00117692	1.88269	0.329588	0.990676	0.0383809	0.620959	1.01346	0.96243	12.7799	0.329359	1.61055	0.0570137	0.0653049	0.163362	0.107369	0.0410983	0.148867	-16450.5	4.0	6727.55	-166584.0	3.0	89.906	1.0	2224.88	132.246	1010.2	109.261	0.312265	0.0316691	1.08402	0.0500436	
0.0-1.2	6.5-30.0	0.0-100.0	0.785-1.178	0.008	0.08	5093.0	5089.0	3192.48	145.12	1896.85	122.964	0.05376	0.245985	-0.05	0.0	0.524498	0.0	3.0924	0.0	0.0195471	0.0	0.0362307	0.0	0.03	0.0	1.492	0.04	5.0	0.0	1.733	0.07	0.0287155	0.0	4.10143e-05	0.000107112	0.453559	0.153227	0.187448	0.146811	0.00147636	0.00343833	0.000946671	0.00135243	1.59152	0.210616	0.892703	0.037995	0.694369	5.22388	0.538404	1.99793	0.418865	2.29627	0.0357832	0.389087	0.490407	0.42006	0.0985128	0.081627	24318.2	4.0	34939.9	-277174.0	3.0	833.139	1.0	2038.23	156.486	1154.25	136.588	0.361552	0.0395018	1.0594	0.0683072	
0.0-1.2	6.5-30.0	0.0-100.0	1.178-1.571	0.008	0.088	4502.0	4500.0	2730.07	103.193	1770.14	97.8	-0.167899	0.227817	-0.05	0.0	0.524498	0.0	3.0924	0.0	0.0195471	0.0	0.0362307	0.0	0.03	0.0	1.492	0.04	5.0	0.0	1.733	0.07	0.0287155	0.0	1.37041e-05	2.80645	0.290709	0.0456117	0.822701	0.0724277	-0.00109986	0.000962734	-5.39648e-06	0.00352794	1.28762	0.0347594	0.6	0.241784	0.695159	0.169935	0.829457	0.270723	0.491476	0.156802	0.0547887	0.0416138	0.231691	0.0361446	1.68071	12.2074	-12535.5	4.0	1774.07	-125287.0	3.0	1562.72	1.0	1939.45	101.315	790.623	76.0498	0.289598	0.0256154	1.19492	0.0272042	
0.0-1.2	6.5-30.0	10.0-60.0	0.000-0.393	0.008	0.073	3262.0	3257.0	2217.27	100.524	1039.74	68.8794	0.170289	0.24049	-0.05	0.0	0.524498	0.0	3.0924	0.0	0.0195471	0.0	0.036385	0.0	0.03	0.0	1.492	0.04	5.0	0.0	1.733	0.07	0.0288081	0.0	1.05857e-05	4.67892e-05	0.378778	0.0735051	0.236177	0.0	5.83622e-05	0.0	-0.00155064	0.00138535	1.60413	0.0	0.871303	0.0421529	0.962705	26.9731	0.465383	5.01783	0.436739	5.17448	0.00100626	0.442413	0.231129	0.0607423	0.0473852	0.0237962	-11503.6	4.0	4069.94	-105744.0	3.0	124.905	1.0	1410.91	100.214	806.365	85.3674	0.363674	0.034792	1.08977	0.0128713	
0.0-1.2	6.5-30.0	10.0-60.0	0.000-1.571	0.008	0.105	12321.0	12317.0	8304.9	195.54	4012.66	140.862	0.0627609	0.165081	-0.05	0.0	0.524498	0.0	3.0924	0.0	0.0195471	0.0	0.036385	0.000882991	0.03	0.0	1.492	0.04	5.0	0.0	1.733	0.07	0.0288081	0.000265147	1.87255e-05	2.6751e-05	0.434474	0.0752335	0.236177	0.0	5.83622e-05	0.0	0.000258409	0.000773245	1.60413	0.0	0.861035	0.0217852	0.566416	0.414403	0.918375	0.0760113	0.385934	0.424524	0.0498438	0.0396625	0.232635	0.0510489	4.99988	1172.61	7855.4	4.0	43118.4	-580084.0	4.0	1822360.0	1.0	5522.79	220.843	2782.11	190.141	0.334996	0.0214935	1.08352	0.0066116	
0.0-1.2	6.5-30.0	10.0-60.0	0.393-0.785	0.008	0.073	3260.0	3258.0	2201.22	103.423	1057.08	73.2263	0.0983734	0.24237	-0.05	0.0	0.524498	0.0	3.0924	0.0	0.0195471	0.0	0.036385	0.0	0.03	0.0	1.492	0.04	5.0	0.0	1.733	0.07	0.0288081	0.0	2.45136e-05	0.0594659	0.468284	0.165056	0.236177	0.0	5.83622e-05	0.0	1.70114e-05	0.00147586	1.60413	0.0	0.861464	0.0505292	0.539642	0.021133	0.999998	61.3116	0.217194	0.0348113	0.0476969	0.00261347	0.163981	0.00939275	0.0371774	264.97	-11719.2	4.0	5434.92	-107173.0	3.0	173.458	1.0	1568.3	112.12	632.924	89.5858	0.287533	0.0383906	1.08378	0.0153391	
0.0-1.2	6.5-30.0	10.0-60.0	0.785-1.178	0.008	0.064	3034.0	3028.0	2082.27	129.002	946.105	95.364	0.029168	0.427054	-0.05	0.0	0.524498	0.0	3.0924	0.0	0.0195471	0.0	0.036385	0.0	0.03	0.0	1.492	0.04	5.0	0.0	1.733	0.07	0.0288081	0.0	3.78823e-05	8.58329e-05	0.521728	0.261123	0.236177	0.0	5.83622e-05	0.0	0.00141081	0.00168031	1.60413	0.0	0.765535	0.0394137	0.819424	5.1633	0.400469	27.2045	0.0202836	179.743	0.136542	2.29808	0.633649	4.15776	0.02477	1.98422	25515.0	4.0	30307.5	-199360.0	3.0	912.745	1.0	1294.05	128.742	788.213	111.945	0.378536	0.0483768	1.02731	0.0112169	
0.0-1.2	6.5-30.0	10.0-60.0	1.178-1.571	0.008	0.064	2764.0	2760.0	1792.22	86.5913	968.281	80.1068	-0.0610295	0.3792	-0.05	0.0	0.524498	0.0	3.0924	0.0	0.0195471	0.0	0.036385	0.0	0.03	0.0	1.492	0.04	5.0	0.0	1.733	0.07	0.0288081	0.0	2.4668e-05	4.15522	0.324796	0.0652564	0.236177	0.0	5.83622e-05	0.0	-0.00169796	0.0017803	1.60413	0.0	0.872558	0.0383969	0.579154	3.39299	0.824548	2.18849	0.300188	2.98154	0.0511263	0.340192	0.163773	0.669215	4.99931	10299.1	-6247.23	4.0	1989.79	-80038.1	3.0	1986.76	1.0	1221.89	85.3166	570.338	67.4764	0.318229	0.034367	1.09054	0.011733	
0.0-2.4	10.0-13.0	0.0-100.0	0.000-0.393	0.016	0.08	1648.0	1641.0	1194.23	57.5028	446.92	37.0814	0.131607	0.256123	-0.05	0.0	0.504376	0.0	3.09185	0.0	0.0419218	0.0	0.0218697	0.0	0.03	0.0	1.492	0.04	5.0	0.0	1.733	0.07	0.033518	0.0	1.71938e-05	0.0002901	0.36066	0.0848568	0.274398	0.109498	-0.00249292	0.00355003	0.0010046	0.00152129	1.69599	0.15967	0.828973	0.042388	0.816584	0.0444206	0.999996	16.4176	0.54439	0.0305006	0.120438	0.0181534	0.205224	0.0183485	0.132618	99.7778	-3943.85	4.0	1267.8	-29404.5	3.0	26.9813	1.0	793.015	57.2625	401.216	46.8421	0.335961	0.0357325	1.13486	0.0631387	
0.0-2.4	10.0-13.0	0.0-100.0	0.000-1.571	0.008	0.136	6551.0	6549.0	4750.65	284.3	1799.21	217.932	-0.761475	0.270206	-0.05	0.0	0.504376	0.371833	3.09185	0.00203397	0.0419218	0.00618409	0.0218697	0.00799669	0.03	0.0	1.492	0.04	5.0	0.0	1.733	0.07	0.033518	0.00234021	1.21637e-05	1.85867	0.418756	0.0832973	0.294117	0.0867943	0.000270012	0.00176522	0.000237364	0.000904338	1.60695	0.0922641	0.793502	0.0253969	0.876527	0.375776	0.527903	0.289467	1.70731e-07	15.2454	0.0850355	0.120397	0.301752	0.0782711	0.026819	0.0221659	-6703.87	4.0	14629.9	-192176.0	7.0	117105.0	1.0	3175.71	223.703	1574.94	151.023	0.331521	0.0248393	1.09725	0.0439083	
0.0-2.4	10.0-13.0	0.0-100.0	0.393-0.785	0.008	0.088	1684.0	1683.0	1251.16	76.0871	432.421	41.5902	-0.807114	0.278451	-0.05	0.0	0.504376	0.0	3.09185	0.0	0.0419218	0.0	0.0218697	0.0	0.03	0.0	1.492	0.04	5.0	0.0	1.733	0.07	0.033518	0.0	1.60627e-05	0.00013147	0.48045	0.218139	0.680848	0.179328	0.0030049	0.00163927	-0.00171219	0.0023137	1.30469	0.0810495	0.60477	0.0733944	0.83588	0.0226638	1.0	40.8366	0.41543	0.0272997	0.0495636	0.00233053	0.207427	0.00732876	0.0339713	359.674	-2888.57	4.0	5163.57	-49926.7	3.0	692.703	1.0	822.371	81.2358	428.789	69.1239	0.342713	0.051166	1.12946	0.0622038	
0.0-2.4	10.0-13.0	0.0-100.0	0.785-1.178	0.008	0.105	1627.0	1626.0	1178.77	80.2879	447.691	51.2601	-1.32138	0.401099	-0.05	0.0	0.504376	0.0	3.09185	0.0	0.0419218	0.0	0.0218697	0.0	0.03	0.0	1.492	0.04	5.0	0.0	1.733	0.07	0.033518	0.0	8.5376e-05	0.000184274	0.51756	0.316338	0.118034	0.0934839	0.00630016	0.00594207	0.000459991	0.00233757	1.90173	0.316188	0.953238	0.0720993	0.813157	0.49865	0.999984	614.523	0.284639	1.99192	0.0608194	0.524411	0.427583	0.435091	0.0844845	1526.16	494.911	4.0	6239.29	-55312.5	3.0	486.697	1.0	791.384	93.8298	387.389	81.2082	0.328637	0.0651543	1.10828	0.0709499	
0.0-2.4	10.0-13.0	0.0-100.0	1.178-1.571	0.008	0.088	1590.0	1575.0	1123.35	56.0242	452.175	38.6053	-1.0448	0.293063	-0.05	0.0	0.504376	0.0	3.09185	0.0	0.0419218	0.0	0.0218697	0.0	0.03	0.0	1.492	0.04	5.0	0.0	1.733	0.07	0.033518	0.0	1.34644e-05	0.00253279	0.331725	0.0765164	0.547296	0.182925	-0.00213568	0.00229779	0.00301344	0.00243305	1.46442	0.108951	0.716921	0.0649076	0.999998	463.462	0.505695	0.367346	0.0870502	0.47129	0.0010987	361.207	0.28405	0.0847734	0.0425692	0.0262118	-3354.24	4.0	983.412	-27669.5	3.0	10.9172	1.0	769.2	57.0533	354.155	45.7757	0.315265	0.0375936	1.18591	0.0734028	
0.0-2.4	10.0-13.0	10.0-60.0	0.000-0.393	0.016	0.08	1076.0	1071.0	789.733	43.5366	281.578	28.7491	0.140175	0.320527	-0.05	0.0	0.504376	0.0	3.09185	0.0	0.0419218	0.0	0.0220955	0.0	0.03	0.0	1.492	0.04	5.0	0.0	1.733	0.07	0.0335913	0.0	1.71938e-05	0.0002901	0.296889	0.0603781	0.294117	0.0	0.000270012	0.0	9.40019e-05	0.00177319	1.60695	0.0	0.745301	0.0507725	0.847037	0.0342428	1.0	47.4471	0.510708	0.0341509	0.136766	0.0263933	0.215894	0.0221152	0.162516	292.952	-2635.27	4.0	420.053	-15974.1	3.0	5.20409	1.0	507.868	41.6607	281.865	34.5426	0.356912	0.0390641	1.07312	0.0124455	
0.0-2.4	10.0-13.0	10.0-60.0	0.000-1.571	0.008	0.136	4230.0	4228.0	3152.99	120.434	1075.47	71.7516	-0.896374	0.202069	-0.05	0.0	0.504376	0.0	3.09185	0.0	0.0419218	0.0	0.0220955	0.00145851	0.03	0.0	1.492	0.04	5.0	0.0	1.733	0.07	0.0335913	0.000237743	1.21637e-05	1.85867	0.469565	0.13249	0.294117	0.0	0.000270012	0.0	0.000856109	0.00114143	1.60695	0.0	0.809487	0.0310418	0.931385	0.428667	0.549394	0.392288	0.0868821	0.403163	0.11278	0.314952	0.332949	0.124145	0.0369541	0.0517688	-2352.31	4.0	12607.5	-137475.0	4.0	2982.01	1.0	2080.24	128.735	1072.75	109.262	0.340233	0.0321243	1.10546	0.00802264	
0.0-2.4	10.0-13.0	10.0-60.0	0.393-0.785	0.016	0.088	1077.0	1076.0	834.723	68.2337	241.819	33.7262	-1.0665	0.37123	-0.05	0.0	0.504376	0.0	3.09185	0.0	0.0419218	0.0	0.0220955	0.0	0.03	0.0	1.492	0.04	5.0	0.0	1.733	0.07	0.0335913	0.0	1.60627e-05	0.00013147	0.587338	0.434091	0.294117	0.0	0.000270012	0.0	0.0010901	0.0020661	1.60695	0.0	0.796832	0.0592665	0.71275	0.0453645	1.0	285.616	0.301872	0.0486878	0.0496739	0.00817845	0.18774	0.0208249	0.02	1141.37	-2018.45	4.0	4472.84	-37415.0	3.0	721.839	1.0	546.945	73.3187	287.778	62.6903	0.344758	0.069615	1.09895	0.015167	
0.0-2.4	10.0-13.0	10.0-60.0	0.785-1.178	0.016	0.105	1073.0	1072.0	811.046	74.4618	261.251	44.0403	-1.60575	0.655595	-0.05	0.0	0.504376	0.0	3.09185	0.0	0.0419218	0.0	0.0220955	0.0	0.03	0.0	1.492	0.04	5.0	0.0	1.733	0.07	0.0335913	0.0	8.5376e-05	0.000184274	0.677979	0.65343	0.294117	0.0	0.000270012	0.0	-4.67616e-05	0.00302172	1.60695	0.0	0.947654	0.0818911	0.983168	0.165341	0.99997	650.044	0.414186	4.2482	0.194195	0.453134	0.559886	0.491541	0.0200271	197.116	227.892	4.0	5222.46	-44701.9	3.0	451.252	1.0	524.588	79.3894	286.458	68.3721	0.353196	0.0778151	1.18043	0.0232033	
0.0-2.4	10.0-13.0	10.0-60.0	1.178-1.571	0.016	0.056	1002.0	977.0	700.883	45.6328	276.311	30.7103	-1.13413	0.377059	-0.05	0.0	0.504376	0.0	3.09185	0.0	0.0419218	0.0	0.0220955	0.0	0.03	0.0	1.492	0.04	5.0	0.0	1.733	0.07	0.0335913	0.0	1.27211e-05	0.00181467	0.339157	0.107804	0.294117	0.0	0.000270012	0.0	0.00360409	0.00256054	1.60695	0.0	0.887935	0.0702768	0.793294	5.52785	0.585085	2.25661	2.09963e-05	218.864	0.0114562	0.383647	0.278293	0.25055	0.0447592	0.14507	-1752.73	4.0	875.972	-17027.7	3.0	33.5048	1.0	474.497	47.487	226.386	38.9598	0.323001	0.0514552	1.14719	0.0191983	
0.0-2.4	10.0-30.0	0.0-100.0	0.000-0.393	0.008	0.088	2664.0	2659.0	1963.99	80.5337	694.996	49.5776	-0.0728634	0.227735	-0.05	0.0	0.501711	0.0	3.09293	0.0	0.0430551	0.0	0.0213608	0.0	0.03	0.0	1.492	0.04	5.0	0.0	1.733	0.07	0.0340206	0.0	1.1122e-05	0.00169269	0.446259	0.101914	0.286858	0.0918796	0.000915639	0.00224089	0.00101895	0.00123133	1.62833	0.118442	0.849205	0.0362823	0.842278	1.45157	0.987943	30.1826	0.518779	11.4866	0.103148	0.572822	0.243744	0.14331	0.0202841	122.727	-4113.13	4.0	3734.14	-60945.6	3.0	89.3452	1.0	1224.85	80.1154	739.138	69.3866	0.376345	0.0317807	1.1291	0.0472966	
0.0-2.4	10.0-30.0	0.0-100.0	0.000-1.571	0.008	0.136	10182.0	10181.0	7447.26	262.673	2733.94	201.806	-0.781549	0.166684	-0.05	0.0	0.501711	0.21269	3.09293	0.00117207	0.0430551	0.00446499	0.0213608	0.00459772	0.03	0.0	1.492	0.04	5.0	0.0	1.733	0.07	0.0340206	0.00158954	1.52572e-05	0.000100154	0.387736	0.0515534	0.236663	0.0682407	0.00122367	0.00140879	0.000166458	0.000653503	1.62012	0.0865195	0.859215	0.0201564	0.904303	0.473874	0.742772	0.943512	0.280789	0.586398	0.0769235	0.13308	0.307198	0.0758667	0.0367457	0.0769505	-11524.3	4.0	19033.0	-286223.0	7.0	287738.0	1.0	4809.01	217.854	2638.25	165.374	0.354258	0.018357	1.08845	0.0338149	
0.0-2.4	10.0-30.0	0.0-100.0	0.393-0.785	0.008	0.105	2601.0	2600.0	1897.37	84.7035	702.767	49.5907	-0.735354	0.21651	-0.05	0.0	0.501711	0.0	3.09293	0.0	0.0430551	0.0	0.0213608	0.0	0.03	0.0	1.492	0.04	5.0	0.0	1.733	0.07	0.0340206	0.0	1.01316e-05	0.00876397	0.385943	0.111523	0.100919	0.169121	0.00498796	0.00652429	-0.000808067	0.00113827	1.74041	0.515379	0.882428	0.0386844	0.697673	0.04654	0.999995	14.479	0.31449	0.0739303	0.0360864	0.00463813	0.207339	0.0156239	0.0200005	129.535	-4155.34	4.0	6012.9	-65810.1	3.0	528.689	1.0	1232.62	92.6793	664.751	80.2628	0.350353	0.0393044	1.00289	0.106167	
0.0-2.4	10.0-30.0	0.0-100.0	0.785-1.178	0.008	0.105	2460.0	2459.0	1790.76	87.6111	668.572	56.973	-1.35314	0.310728	-0.05	0.0	0.501711	0.0	3.09293	0.0	0.0430551	0.0	0.0213608	0.0	0.03	0.0	1.492	0.04	5.0	0.0	1.733	0.07	0.0340206	0.0	2.91026e-05	5.76628e-05	0.393784	0.138567	0.122074	0.0686439	0.00470031	0.00433712	0.000400696	0.00153516	1.84586	0.2159	0.927236	0.0496687	0.851769	0.333935	0.800719	1.83366	0.166513	1.62187	0.0684638	0.0788235	0.443057	0.19342	0.0302449	0.135166	77.3759	4.0	7707.04	-70687.3	3.0	424.469	1.0	1177.95	98.6499	612.802	85.495	0.342203	0.0447106	1.08201	0.0498687	
0.0-2.4	10.0-30.0	0.0-100.0	1.178-1.571	0.008	0.105	2456.0	2446.0	1793.1	70.8637	653.082	47.2994	-1.00268	0.247669	-0.05	0.0	0.501711	0.0	3.09293	0.0	0.0430551	0.0	0.0213608	0.0	0.03	0.0	1.492	0.04	5.0	0.0	1.733	0.07	0.0340206	0.0	3.2121e-05	7.73774e-05	0.324818	0.0568737	0.662879	0.127118	-0.000594368	0.00123554	0.00262992	0.0022655	1.36549	0.0619482	0.690183	0.0636319	1.0	255.184	0.646268	0.157565	0.179276	0.162512	0.0274812	627.247	0.281473	0.044658	0.0435016	0.0203149	-4959.5	4.0	1764.85	-46261.4	3.0	5.40384	1.0	1160.91	70.7211	632.185	59.3358	0.352566	0.0300148	1.18176	0.044673	
0.0-2.4	10.0-30.0	10.0-60.0	0.000-0.393	0.008	0.088	1729.0	1724.0	1303.84	65.5187	420.779	38.2932	-0.123725	0.292863	-0.05	0.0	0.501711	0.0	3.09293	0.0	0.0430551	0.0	0.0211799	0.0	0.03	0.0	1.492	0.04	5.0	0.0	1.733	0.07	0.0339642	0.0	1.1122e-05	0.00169269	0.465388	0.136559	0.236663	0.0	0.00122367	0.0	8.08262e-05	0.00135522	1.62012	0.0	0.815125	0.0397269	0.983269	19.9752	0.805701	3.14066	0.481657	8.04872	0.00100626	12.6479	0.244566	0.070163	0.141648	0.104616	-2653.18	4.0	2620.52	-37939.2	3.0	70.3295	1.0	816.869	65.1353	486.972	56.1825	0.373491	0.038788	1.06225	0.0116351	
0.0-2.4	10.0-30.0	10.0-60.0	0.000-1.571	0.008	0.136	6592.0	6591.0	4936.53	141.412	1654.84	84.5819	-0.838432	0.157933	-0.05	0.0	0.501711	0.0	3.09293	0.0	0.0430551	0.0	0.0211799	0.00102624	0.03	0.0	1.492	0.04	5.0	0.0	1.733	0.07	0.0339642	0.000159442	1.52572e-05	0.000100154	0.444336	0.0858796	0.236663	0.0	0.00122367	0.0	0.000417533	0.000806239	1.62012	0.0	0.85137	0.0247162	0.9023	0.612164	0.607548	0.565929	0.122545	0.278905	0.0816413	0.22291	0.332355	0.100683	0.0312455	0.0463929	-5469.98	4.0	16106.4	-201068.0	4.0	2953.49	1.0	3200.4	148.391	1736.13	126.839	0.351691	0.0236365	1.08373	0.00741077	
0.0-2.4	10.0-30.0	10.0-60.0	0.393-0.785	0.008	0.105	1655.0	1654.0	1246.75	74.0473	407.283	39.936	-0.806601	0.28224	-0.05	0.0	0.501711	0.0	3.09293	0.0	0.0430551	0.0	0.0211799	0.0	0.03	0.0	1.492	0.04	5.0	0.0	1.733	0.07	0.0339642	0.0	1.01316e-05	0.00876397	0.459632	0.214274	0.236663	0.0	0.00122367	0.0	0.000711043	0.00150027	1.62012	0.0	0.844829	0.0497606	0.618859	0.071417	1.0	3.54756	0.275784	0.0783886	0.0412017	0.0090338	0.200183	0.0344696	0.0336973	17.7098	-2395.76	4.0	5255.69	-46813.8	3.0	599.76	1.0	837.566	81.7824	409.179	69.3136	0.328198	0.0520665	1.07982	0.014859	
0.0-2.4	10.0-30.0	10.0-60.0	0.785-1.178	0.008	0.105	1611.0	1610.0	1203.64	79.6595	406.99	49.0513	-1.45312	0.455628	-0.05	0.0	0.501711	0.0	3.09293	0.0	0.0430551	0.0	0.0211799	0.0	0.03	0.0	1.492	0.04	5.0	0.0	1.733	0.07	0.0339642	0.0	2.91026e-05	5.76628e-05	0.496384	0.261154	0.236663	0.0	0.00122367	0.0	9.87943e-05	0.00186647	1.62012	0.0	0.910523	0.0570919	0.93604	1.36313	0.758662	55.156	0.186025	33.6884	0.0895508	0.584137	0.571369	0.444139	0.0200032	30.1085	566.237	4.0	6479.58	-54870.8	3.0	457.717	1.0	786.151	83.7385	417.492	71.1938	0.346857	0.0545123	1.11984	0.0177173	
0.0-2.4	10.0-30.0	10.0-60.0	1.178-1.571	0.008	0.08	1595.0	1578.0	1172.81	59.3607	405.678	37.8045	-0.983244	0.312337	-0.05	0.0	0.501711	0.0	3.09293	0.0	0.0430551	0.0	0.0211799	0.0	0.03	0.0	1.492	0.04	5.0	0.0	1.733	0.07	0.0339642	0.0	1.97786e-05	7.38276e-05	0.358728	0.0851208	0.236663	0.0	0.00122367	0.0	0.00184093	0.00177907	1.62012	0.0	0.909742	0.0542684	0.770122	1.95512	0.65987	0.770335	1.50353e-05	152.072	0.013297	0.0372128	0.252385	0.114096	0.0420273	0.0415607	-2996.67	4.0	1532.85	-30223.9	3.0	36.3385	1.0	745.037	60.665	427.776	52.2211	0.364743	0.0405189	1.11935	0.0168339	
0.0-2.4	13.0-30.0	0.0-100.0	0.000-0.393	0.008	0.064	1015.0	1011.0	774.916	56.8447	236.442	31.9896	-0.493275	0.432894	-0.05	0.0	0.498454	0.0	3.09484	0.0	0.0452718	0.0	0.0204072	0.0	0.03	0.0	1.492	0.04	5.0	0.0	1.733	0.07	0.0350781	0.0	5.42312e-05	0.000155716	0.558392	0.246199	0.320965	0.160542	0.00391952	0.00307986	0.000570303	0.00216586	1.50857	0.163159	0.889298	0.0702388	0.997451	121.688	0.838126	3.18488	0.452113	10.5868	0.00100162	17.9767	0.308851	0.114877	0.0375552	0.0598619	-872.085	4.0	2221.96	-26147.5	3.0	77.7398	1.0	428.999	54.0867	345.917	50.7831	0.446393	0.0567661	1.12581	0.066244	
0.0-2.4	13.0-30.0	0.0-100.0	0.000-1.571	0.008	0.105	3631.0	3631.0	2700.71	154.482	930.62	125.521	-0.831351	0.273832	-0.05	0.0	0.498454	0.340822	3.09484	0.00164753	0.0452718	0.011829	0.0204072	0.00625281	0.03	0.0	1.492	0.04	5.0	0.0	1.733	0.07	0.0350781	0.00391264	1.00009e-05	0.0022258	0.343768	0.0528434	0.132772	0.0920488	0.00351245	0.00313808	0.000172182	0.000918152	1.67468	0.204192	0.934517	0.0329216	0.882497	0.87218	0.912339	1.72462	0.351571	0.453121	0.0427706	0.0305432	0.316911	0.130292	0.0385278	0.041132	-5428.53	4.0	4166.12	-75466.4	7.0	317031.0	1.0	1635.98	116.735	1064.73	92.6242	0.394242	0.0258397	1.06289	0.0485997	
0.0-2.4	13.0-30.0	0.0-100.0	0.393-0.785	0.008	0.064	916.0	910.0	645.392	36.9009	264.797	26.0329	-0.565462	0.34134	-0.05	0.0	0.498454	0.0	3.09484	0.0	0.0452718	0.0	0.0204072	0.0	0.03	0.0	1.492	0.04	5.0	0.0	1.733	0.07	0.0350781	0.0	1.55008e-05	0.000878565	0.239161	0.0420738	0.00883941	0.0082002	0.00999995	0.0180256	-0.00177565	0.00140782	3.31245	1.28622	0.911823	0.0543357	0.653442	4.85505	1.0	3.50095	0.315176	4.45535	0.0303338	0.200674	0.198502	0.275611	0.0203471	175.109	-2517.5	4.0	152.13	-11393.3	3.0	1.829	1.0	415.301	35.2061	230.091	29.1326	0.356513	0.0402747	0.959719	0.0388425	
0.0-2.4	13.0-30.0	0.0-100.0	0.785-1.178	0.008	0.056	832.0	819.0	598.896	35.3251	220.25	25.6653	-1.4088	0.467558	-0.05	0.0	0.498454	0.0	3.09484	0.0	0.0452718	0.0	0.0204072	0.0	0.03	0.0	1.492	0.04	5.0	0.0	1.733	0.07	0.0350781	0.0	3.39658e-05	0.000104935	0.223846	0.0365144	0.131789	0.1171	0.00298802	0.00557481	0.000142762	0.00170372	1.76077	0.331988	0.91939	0.0624495	0.999918	87.6549	0.715894	42.0129	0.255589	0.44643	0.0773253	166.91	0.483815	7.4799	0.057628	4.21524	-1969.28	4.0	103.92	-10460.5	3.0	88.46	1.0	371.352	33.3585	227.544	28.5158	0.37994	0.0420103	1.06886	0.0752142	
0.0-2.4	13.0-30.0	0.0-100.0	1.178-1.571	0.008	0.08	866.0	864.0	667.69	43.2284	197.145	26.925	-0.964291	0.461861	-0.05	0.0	0.498454	0.0	3.09484	0.0	0.0452718	0.0	0.0204072	0.0	0.03	0.0	1.492	0.04	5.0	0.0	1.733	0.07	0.0350781	0.0	1.65646e-05	0.000171567	0.314719	0.0828378	0.867045	0.0572375	0.000445439	0.00122049	0.000647068	0.00630813	1.22585	0.0404956	0.600048	1.59036	0.930465	22.5748	0.999999	9.08498	0.263926	18.7293	0.00100043	67.3494	0.276498	0.225369	0.02	72.0776	-1639.39	4.0	794.893	-14644.7	3.0	0.66962	1.0	388.465	40.6402	279.225	36.6864	0.418196	0.0478112	1.16224	0.0593305	
0.0-2.4	13.0-30.0	10.0-60.0	0.000-0.393	0.008	0.064	653.0	649.0	515.893	49.3081	133.15	24.1396	-0.771973	0.551125	-0.05	0.0	0.498454	0.0	3.09484	0.0	0.0452718	0.0	0.0195897	0.0	0.03	0.0	1.492	0.04	5.0	0.0	1.733	0.07	0.0348435	0.0	5.42312e-05	0.000155716	0.74737	0.638529	0.132772	0.0	0.00351245	0.0	0.000735188	0.00226539	1.67468	0.0	0.924901	0.0745239	0.703257	12.9487	0.964619	1.38034	0.353785	9.95	0.00108954	0.601064	0.297564	0.161379	0.0646922	0.183893	-1027.09	4.0	1729.2	-18353.0	3.0	153.638	1.0	298.166	47.9514	217.726	43.8206	0.422038	0.0747522	1.05557	0.0283144	
0.0-2.4	13.0-30.0	10.0-60.0	0.000-1.571	0.008	0.08	2362.0	2357.0	1780.98	74.1987	576.351	44.845	-0.740965	0.252255	-0.05	0.0	0.498454	0.0	3.09484	0.0	0.0452718	0.0	0.0195897	0.000704531	0.03	0.0	1.492	0.04	5.0	0.0	1.733	0.07	0.0348435	9.93316e-05	1.60278e-05	0.000108096	0.406414	0.0928359	0.132772	0.0	0.00351245	0.0	0.000366472	0.00111011	1.67468	0.0	0.924659	0.041246	0.789012	0.862985	0.812871	0.979909	0.218515	0.600815	0.032465	0.0445126	0.332282	0.112588	0.0295418	0.0460401	-3551.79	4.0	3352.16	-50206.0	4.0	1776.98	1.0	1118.57	74.5044	662.409	64.3491	0.371936	0.0326399	1.05539	0.0156695	
0.0-2.4	13.0-30.0	10.0-60.0	0.393-0.785	0.008	0.064	577.0	575.0	410.125	28.5113	165.461	20.1982	-0.432802	0.423739	-0.05	0.0	0.498454	0.0	3.09484	0.0	0.0452718	0.0	0.0195897	0.0	0.03	0.0	1.492	0.04	5.0	0.0	1.733	0.07	0.0348435	0.0	1.55008e-05	0.000878565	0.213339	0.0473359	0.132772	0.0	0.00351245	0.0	-0.000318023	0.00193631	1.67468	0.0	0.917027	0.0774589	0.559414	0.101104	1.0	242.165	0.28759	0.109541	0.0378222	0.0112441	0.21812	0.0587183	0.106025	1165.79	-1661.05	4.0	61.4856	-6323.56	3.0	2.73365	1.0	279.86	27.8734	130.265	21.9185	0.317622	0.0486686	1.0496	0.029345	
0.0-2.4	13.0-30.0	10.0-60.0	0.785-1.178	0.012	0.044	538.0	522.0	381.658	28.5016	140.6	21.2117	-1.26605	0.595278	-0.05	0.0	0.498454	0.0	3.09484	0.0	0.0452718	0.0	0.0195897	0.0	0.03	0.0	1.492	0.04	5.0	0.0	1.733	0.07	0.0348435	0.0	3.14561e-05	0.000114974	0.232834	0.0492765	0.132772	0.0	0.00351245	0.0	-1.2028e-05	0.00199446	1.67468	0.0	0.923539	0.0777313	0.848345	0.319667	0.999999	0.155167	0.209466	0.390015	0.0502844	0.0670829	0.504181	0.287112	4.60888	124.649	-1120.38	4.0	73.6346	-6371.02	3.0	104.654	1.0	249.677	26.4615	131.981	21.2062	0.34581	0.0491974	1.05454	0.0295184	
0.0-2.4	13.0-30.0	10.0-60.0	1.178-1.571	0.008	0.08	593.0	591.0	463.625	37.7156	128.55	21.8862	-0.687821	0.541703	-0.05	0.0	0.498454	0.0	3.09484	0.0	0.0452718	0.0	0.0195897	0.0	0.03	0.0	1.492	0.04	5.0	0.0	1.733	0.07	0.0348435	0.0	1.65646e-05	0.000171567	0.385037	0.137221	0.132772	0.0	0.00351245	0.0	-0.000465047	0.00237288	1.67468	0.0	0.905123	0.0869685	0.735966	3.29704	0.99687	11.1894	0.0335374	8.16684	0.0124816	0.06189	0.188346	0.399986	0.0200003	22.1783	-1280.93	4.0	663.549	-10372.7	3.0	11.3982	1.0	264.786	36.957	198.839	34.1099	0.428879	0.0647736	1.0406	0.0328013	
0.0-2.4	6.5-10.0	0.0-100.0	0.000-0.393	0.016	0.152	10491.0	10483.0	5311.95	160.355	5171.29	150.563	-0.0445662	0.10011	-0.05	0.0	0.400981	0.0	3.09231	0.0	0.0514002	0.0	0.0253224	0.0	0.03	0.0	1.492	0.04	5.0	0.0	1.733	0.07	0.0379933	0.0	1.90055e-05	0.000117681	0.324722	0.0595883	0.138357	0.0473332	0.00466897	0.00498227	0.0027492	0.00102722	1.9815	0.167728	0.947832	0.0219548	0.598336	3.54649	0.670637	1.7588	0.563327	1.64699	0.0237839	0.0947764	0.227605	0.0968581	0.109108	0.133359	-29817.2	4.0	9504.44	-330522.0	3.0	434.09	1.0	3889.79	186.152	1422.16	150.69	0.267728	0.0271924	1.14775	0.0379062	
0.0-2.4	6.5-10.0	0.0-100.0	0.000-1.571	0.008	0.136	37767.0	37683.0	19560.0	665.945	18123.9	666.967	-0.127296	0.0628567	-0.05	0.0	0.400981	0.205407	3.09231	0.00064899	0.0514002	0.0122124	0.0253224	0.00291555	0.03	0.0	1.492	0.04	5.0	0.0	1.733	0.07	0.0379933	0.00336323	2.70702e-05	5.76409e-05	0.317485	0.0287791	0.173814	0.044334	0.00399264	0.00245512	0.00368027	0.000578428	1.78243	0.0904393	0.957023	0.0132033	0.489323	2.74738	0.68076	0.966694	0.513196	1.89566	0.0329083	0.178709	0.356019	0.248921	0.141145	0.155927	-37346.2	4.0	59351.6	-1435310.0	7.0	349416.0	1.0	14454.0	560.396	5105.95	319.523	0.261041	0.0137063	1.14408	0.0255071	
0.0-2.4	6.5-10.0	0.0-100.0	0.393-0.785	0.016	0.145	9851.0	9840.0	4955.95	145.952	4884.06	147.128	-0.31149	0.0999103	-0.05	0.0	0.400981	0.0	3.09231	0.0	0.0514002	0.0	0.0253224	0.0	0.03	0.0	1.492	0.04	5.0	0.0	1.733	0.07	0.0379933	0.0	1.01928e-05	2.11886	0.327649	0.048084	0.175237	0.0863871	0.00684653	0.00488837	0.00480434	0.00122036	1.78736	0.174703	1.024	0.0283403	0.512856	2.11431	0.872092	0.388625	0.493494	1.51836	0.0510996	0.175631	0.234739	0.151403	0.366684	0.89697	-24209.0	4.0	3325.96	-278024.0	3.0	84.1126	1.0	3703.95	156.527	1252.0	118.159	0.252625	0.0226514	1.19359	0.0461931	
0.0-2.4	6.5-10.0	0.0-100.0	0.785-1.178	0.016	0.152	9179.0	9177.0	4931.35	163.902	4246.06	153.977	0.0658893	0.132525	-0.05	0.0	0.400981	0.0	3.09231	0.0	0.0514002	0.0	0.0253224	0.0	0.03	0.0	1.492	0.04	5.0	0.0	1.733	0.07	0.0379933	0.0	6.29812e-05	0.000142295	0.418202	0.127739	0.099274	0.0560735	0.00969724	0.0193283	0.00157195	0.00118062	1.94297	0.233692	0.976676	0.0280078	0.768448	5.04801	0.414635	2.72531	0.525232	0.646742	0.046691	0.241803	0.310356	0.253634	0.0837987	0.0891766	13110.2	4.0	30287.8	-371461.0	3.0	6.67863	1.0	3570.95	211.28	1360.39	180.547	0.275867	0.0354454	1.11084	0.0424522	
0.0-2.4	6.5-10.0	0.0-100.0	1.178-1.571	0.016	0.152	8245.0	8241.0	4356.2	141.181	3885.16	157.809	-0.229401	0.118175	-0.05	0.0	0.400981	0.0	3.09231	0.0	0.0514002	0.0	0.0253224	0.0	0.03	0.0	1.492	0.04	5.0	0.0	1.733	0.07	0.0379933	0.0	5.59521e-05	0.000206186	0.231395	0.0233516	0.652049	0.158969	-0.000734564	0.0019028	0.00214456	0.00152972	1.37047	0.0645511	0.621244	0.0528842	0.673055	0.372498	0.867803	0.603008	0.623335	0.196188	0.0711209	0.0954028	0.498478	0.653087	0.600574	4.86767	-7276.12	4.0	823.35	-259107.0	3.0	5530.85	1.0	3250.56	135.995	1105.64	93.1683	0.253808	0.0197425	1.16574	0.0567821	
0.0-2.4	6.5-10.0	10.0-60.0	0.000-0.393	0.016	0.152	6252.0	6250.0	3440.41	119.132	2810.48	103.026	-0.11621	0.125466	-0.05	0.0	0.400981	0.0	3.09231	0.0	0.0514002	0.0	0.025167	0.0	0.03	0.0	1.492	0.04	5.0	0.0	1.733	0.07	0.0379314	0.0	1.90055e-05	0.000117681	0.27576	0.0424137	0.173814	0.0	0.00399264	0.0	0.00239919	0.00116136	1.78243	0.0	0.869566	0.0261707	0.419693	1.18445	0.757827	0.718844	0.338052	1.35516	0.0227273	0.0403642	0.196415	0.0744454	0.0722956	0.0868609	-22665.8	4.0	3157.91	-166189.0	3.0	343.052	1.0	2513.72	131.033	926.691	103.067	0.269355	0.0284688	1.08487	0.00866544	
0.0-2.4	6.5-10.0	10.0-60.0	0.000-1.571	0.008	0.16	21911.0	21908.0	12600.4	235.928	9308.56	210.786	-0.132751	0.0835689	-0.05	0.0	0.400981	0.0	3.09231	0.0	0.0514002	0.0	0.025167	0.000577654	0.03	0.0	1.492	0.04	5.0	0.0	1.733	0.07	0.0379314	0.000114792	1.92169e-05	7.62105e-05	0.302297	0.0344213	0.173814	0.0	0.00399264	0.0	0.00261836	0.000711274	1.78243	0.0	0.917076	0.0158834	0.497387	0.671227	0.908687	0.138127	0.502406	0.614192	0.0453105	0.0615256	0.253689	0.101311	0.573036	1.46942	-20610.9	4.0	57571.7	-778872.0	4.0	579.07	1.0	9228.63	285.324	3371.77	235.663	0.267592	0.0180192	1.11672	0.00538831	
0.0-2.4	6.5-10.0	10.0-60.0	0.393-0.785	0.016	0.145	5752.0	5750.0	3261.89	112.937	2488.93	106.119	-0.234184	0.138146	-0.05	0.0	0.400981	0.0	3.09231	0.0	0.0514002	0.0	0.025167	0.0	0.03	0.0	1.492	0.04	5.0	0.0	1.733	0.07	0.0379314	0.0	1.01928e-05	2.11886	0.283985	0.0485884	0.173814	0.0	0.00399264	0.0	0.00392284	0.00151543	1.78243	0.0	1.01728	0.0358625	0.472336	0.550335	0.878186	0.255083	0.480301	0.647206	0.0391288	0.0585122	0.302324	0.241942	0.517677	1.51553	-15700.5	4.0	1763.44	-148268.0	3.0	195.453	1.0	2482.39	122.026	779.503	90.7285	0.238973	0.0265556	1.18626	0.0127043	
0.0-2.4	6.5-10.0	10.0-60.0	0.785-1.178	0.016	0.152	5151.0	5148.0	3100.6	135.144	2047.84	109.587	-0.0209678	0.217357	-0.05	0.0	0.400981	0.0	3.09231	0.0	0.0514002	0.0	0.025167	0.0	0.03	0.0	1.492	0.04	5.0	0.0	1.733	0.07	0.0379314	0.0	6.29812e-05	0.000142295	0.42283	0.183508	0.173814	0.0	0.00399264	0.0	0.00196084	0.00164435	1.78243	0.0	0.906165	0.0335075	1.0	101.827	0.404225	0.0509379	0.603429	0.0132825	0.168579	262.15	0.346009	0.03693	0.0996382	0.00615193	21592.6	4.0	29391.9	-227361.0	3.0	189.559	1.0	2191.31	179.535	909.283	157.102	0.293261	0.0490294	1.10934	0.0113067	
0.0-2.4	6.5-10.0	10.0-60.0	1.178-1.571	0.016	0.136	4755.0	4752.0	2800.19	105.185	1952.5	102.486	-0.146231	0.207837	-0.05	0.0	0.400981	0.0	3.09231	0.0	0.0514002	0.0	0.025167	0.0	0.03	0.0	1.492	0.04	5.0	0.0	1.733	0.07	0.0379314	0.0	5.49261e-05	0.000220802	0.254132	0.0319672	0.173814	0.0	0.00399264	0.0	0.000705775	0.00134819	1.78243	0.0	0.856873	0.0286483	0.49575	0.158935	0.869033	0.278595	0.452736	0.216324	0.0524562	0.026131	0.273242	0.115078	1.79291	20.1795	-13634.0	4.0	883.115	-123513.0	3.0	1414.46	1.0	2011.11	104.386	789.075	77.8977	0.281793	0.0257262	1.07649	0.00942005	
0.0-2.4	6.5-30.0	0.0-10.0	0.000-0.393	0.008	0.136	4894.0	4880.0	2279.81	111.275	2601.2	113.14	0.0374634	0.148699	-0.05	0.0	0.432473	0.0	3.09249	0.0	0.0484579	0.0	0.0244331	0.0	0.03	0.0	1.492	0.04	5.0	0.0	1.733	0.07	0.0368011	0.0	2.92627e-05	6.86787e-05	0.380093	0.123775	0.19835	0.0	0.00208889	0.0	0.00377822	0.00184518	1.70743	0.0	1.0147	0.0390189	1.0	6.98763	0.466481	0.00443942	0.6724	0.00221163	0.00182399	68.143	0.280724	0.00157314	0.123568	0.000639953	-9722.65	4.0	6253.79	-152105.0	3.0	88.0946	1.0	1591.09	129.616	688.72	109.085	0.302096	0.0455197	1.18476	0.0133949	
0.0-2.4	6.5-30.0	0.0-10.0	0.000-1.571	0.008	0.136	18347.0	18306.0	8532.71	207.116	9774.5	226.752	-0.167553	0.0684583	-0.05	0.0	0.432473	0.0	3.09249	0.0	0.0484579	0.0	0.0244331	0.00118374	0.03	0.0	1.492	0.04	5.0	0.0	1.733	0.07	0.0368011	0.000223013	1.61666e-05	1.68756e-05	0.312005	0.0372948	0.19835	0.0	0.00208889	0.0	0.00229628	0.000824456	1.70743	0.0	0.949344	0.0205051	0.881786	0.537504	0.392501	0.426004	0.469735	0.399666	0.178876	0.338782	0.362285	0.192043	0.0651133	0.083072	-20449.7	4.0	11676.0	-610480.0	4.0	2847.74	1.0	6080.98	220.034	2451.73	173.694	0.287333	0.0191241	1.1405	0.00684139	
0.0-2.4	6.5-30.0	0.0-10.0	0.393-0.785	0.008	0.145	4786.0	4777.0	2116.87	96.8727	2660.47	104.456	-0.424142	0.13429	-0.05	0.0	0.432473	0.0	3.09249	0.0	0.0484579	0.0	0.0244331	0.0	0.03	0.0	1.492	0.04	5.0	0.0	1.733	0.07	0.0368011	0.0	2.84864e-05	5.39292e-05	0.349159	0.0657068	0.19835	0.0	0.00208889	0.0	0.00161477	0.0015507	1.70743	0.0	0.987762	0.0396999	0.787873	1.28399	0.778524	2.72906	0.514947	0.210059	0.0817722	0.211674	0.171028	0.136958	0.169399	0.720358	-10383.4	4.0	1722.96	-120975.0	3.0	9.80176	1.0	1421.8	101.522	695.063	84.1725	0.328345	0.0368145	1.16636	0.0134761	
0.0-2.4	6.5-30.0	0.0-10.0	0.785-1.178	0.008	0.128	4554.0	4552.0	2191.74	98.303	2360.33	103.047	0.0711105	0.150035	-0.05	0.0	0.432473	0.0	3.09249	0.0	0.0484579	0.0	0.0244331	0.0	0.03	0.0	1.492	0.04	5.0	0.0	1.733	0.07	0.0368011	0.0	2.19419e-05	6.75748	0.323419	0.0672542	0.19835	0.0	0.00208889	0.0	0.00341898	0.00164407	1.70743	0.0	0.969252	0.043414	0.476077	0.818365	0.866372	1.69277	0.425479	0.536401	0.0570191	0.0541512	0.237932	0.168552	0.0705562	0.0793513	-11413.2	4.0	1651.82	-119843.0	3.0	25.231	1.0	1591.42	103.369	600.318	79.4692	0.2739	0.034114	1.15385	0.0146175	
0.0-2.4	6.5-30.0	0.0-10.0	1.178-1.571	0.008	0.152	4112.0	4110.0	1948.21	98.5358	2162.44	122.551	-0.383529	0.140358	-0.05	0.0	0.432473	0.0	3.09249	0.0	0.0484579	0.0	0.0244331	0.0	0.03	0.0	1.492	0.04	5.0	0.0	1.733	0.07	0.0368011	0.0	1.0825e-05	4.3417e-05	0.205599	0.0282943	0.19835	0.0	0.00208889	0.0	0.0021144	0.001483	1.70743	0.0	0.879576	0.0387211	0.820381	1.17113	0.394728	1.72882	0.323814	3.4957	0.126853	0.301492	0.747984	1.19889	0.0441055	0.239248	3307.2	4.0	234.498	-127143.0	3.0	14345.9	1.0	1460.76	92.8208	487.449	61.3595	0.250203	0.0288412	1.09474	0.01247	
0.0-2.4	6.5-30.0	0.0-100.0	0.000-0.393	0.008	0.152	13155.0	13147.0	7267.1	179.33	5880.44	157.707	-0.0510622	0.0918728	-0.05	0.0	0.432473	0.0	3.09249	0.0	0.0484579	0.0	0.0241238	0.0	0.03	0.0	1.492	0.04	5.0	0.0	1.733	0.07	0.0366851	0.0	1.87871e-05	0.000150437	0.365569	0.0516516	0.188773	0.046412	0.00195616	0.00245764	0.00228025	0.000809576	1.81358	0.104055	0.915913	0.0192757	0.688135	2.37767	0.711918	1.06551	0.574612	0.975997	0.0268922	0.104393	0.224605	0.0724465	0.118602	0.141036	-33195.1	4.0	12416.5	-411523.0	3.0	378.247	1.0	5105.63	197.128	2161.47	160.719	0.297432	0.0208625	1.1408	0.0300703	
0.0-2.4	6.5-30.0	0.0-100.0	0.000-1.571	0.004	0.164	47950.0	47935.0	26944.1	570.047	20991.3	556.575	-0.21427	0.0547681	-0.05	0.0	0.432473	0.134682	3.09249	0.000507645	0.0484579	0.00615167	0.0241238	0.0020796	0.03	0.0	1.492	0.04	5.0	0.0	1.733	0.07	0.0366851	0.00179944	1.00456e-05	6.70688e-06	0.343249	0.027063	0.19835	0.0380118	0.00208889	0.00129289	0.00260899	0.00045039	1.70743	0.0628596	0.938379	0.0113822	0.610506	0.501505	0.924393	0.308409	0.547658	0.337737	0.0578985	0.0968432	0.284855	0.153314	0.396335	1.97335	-42163.4	4.0	68159.1	-1801770.0	7.0	14748.7	1.0	19196.9	507.45	7747.19	345.57	0.287529	0.0112911	1.1332	0.0198409	
0.0-2.4	6.5-30.0	0.0-100.0	0.393-0.785	0.008	0.145	12453.0	12441.0	6843.32	168.787	5598.51	154.824	-0.365914	0.0917443	-0.05	0.0	0.432473	0.0	3.09249	0.0	0.0484579	0.0	0.0241238	0.0	0.03	0.0	1.492	0.04	5.0	0.0	1.733	0.07	0.0366851	0.0	2.84864e-05	5.39292e-05	0.348519	0.0504724	0.147166	0.0720109	0.00527986	0.00343352	0.00220959	0.000881229	1.76284	0.161967	0.992067	0.0237963	0.604756	0.605388	0.896667	0.226348	0.471025	0.465227	0.0526199	0.0708149	0.215574	0.0739334	0.372973	0.783469	-25696.1	4.0	9407.35	-362474.0	3.0	62.2076	1.0	4919.05	188.797	1924.27	152.239	0.281189	0.0211377	1.13872	0.0393132	
0.0-2.4	6.5-30.0	0.0-100.0	0.785-1.178	0.008	0.152	11640.0	11637.0	6697.07	186.329	4940.77	163.61	-0.121523	0.117713	-0.05	0.0	0.432473	0.0	3.09249	0.0	0.0484579	0.0	0.0241238	0.0	0.03	0.0	1.492	0.04	5.0	0.0	1.733	0.07	0.0366851	0.0	1.02728e-05	0.00383331	0.405653	0.094733	0.110192	0.0438595	0.00642572	0.00380672	0.00235398	0.000950774	1.89395	0.158315	0.989155	0.0247399	0.614498	0.289122	1.0	0.00146779	0.55067	0.204505	0.0746115	0.0369336	0.306721	0.0698623	0.446074	115.138	14500.8	4.0	39518.9	-464566.0	3.0	1.69314	1.0	4758.29	229.208	1938.78	194.73	0.289496	0.027939	1.12511	0.0309117	
0.0-2.4	6.5-30.0	0.0-100.0	1.178-1.571	0.008	0.152	10701.0	10698.0	6139.55	158.196	4558.36	163.807	-0.338334	0.110771	-0.05	0.0	0.432473	0.0	3.09249	0.0	0.0484579	0.0	0.0241238	0.0	0.03	0.0	1.492	0.04	5.0	0.0	1.733	0.07	0.0366851	0.0	1.0825e-05	4.3417e-05	0.260274	0.0238736	0.588479	0.127844	-0.000847859	0.00122532	0.00258269	0.00118867	1.39348	0.0566297	0.685722	0.0345983	0.705931	0.295717	0.90347	0.349172	0.574682	0.1939	0.0676321	0.0729085	0.416192	0.330883	0.638264	4.63039	-9376.68	4.0	2594.59	-321959.0	3.0	4881.85	1.0	4393.69	153.275	1745.86	112.695	0.284363	0.0168298	1.15594	0.0455722	
0.0-2.4	6.5-30.0	10.0-20.0	0.000-0.393	0.008	0.128	3258.0	3256.0	1750.11	83.6216	1505.94	75.1565	0.150378	0.181166	-0.05	0.0	0.432473	0.0	3.09249	0.0	0.0484579	0.0	0.0234677	0.0	0.03	0.0	1.492	0.04	5.0	0.0	1.733	0.07	0.0364428	0.0	1.21272e-05	9.04109	0.324593	0.065924	0.19835	0.0	0.00208889	0.0	-0.000869938	0.00161617	1.70743	0.0	0.941064	0.037174	0.97795	34.9314	0.715518	4.80519	0.662355	5.69767	0.00102415	5.36577	0.191189	0.0543	0.136276	0.082331	-7862.29	4.0	2298.61	-81523.0	3.0	88.1733	1.0	1135.02	89.4653	615.086	76.9846	0.351456	0.040657	1.13499	0.0123544	
0.0-2.4	6.5-30.0	10.0-20.0	0.000-1.571	0.008	0.16	11670.0	11668.0	6348.76	178.71	5318.65	159.363	-0.146972	0.104318	-0.05	0.0	0.432473	0.0	3.09249	0.0	0.0484579	0.0	0.0234677	0.000548669	0.03	0.0	1.492	0.04	5.0	0.0	1.733	0.07	0.0364428	0.00010026	1.13588e-05	0.0219528	0.386162	0.0676499	0.19835	0.0	0.00208889	0.0	0.00293755	0.00100938	1.70743	0.0	0.951393	0.0241609	0.476138	1.41344	0.847725	0.418526	0.41739	1.46531	0.0347167	0.095098	0.203751	0.238182	0.438094	1.31533	-13182.0	4.0	16862.0	-389354.0	4.0	6061.84	1.0	4358.85	201.693	1989.91	169.597	0.313432	0.0252144	1.14187	0.00806885	
0.0-2.4	6.5-30.0	10.0-20.0	0.393-0.785	0.008	0.128	2935.0	2924.0	1566.1	89.9792	1358.55	77.1268	-0.129259	0.187627	-0.05	0.0	0.432473	0.0	3.09249	0.0	0.0484579	0.0	0.0234677	0.0	0.03	0.0	1.492	0.04	5.0	0.0	1.733	0.07	0.0364428	0.0	2.00232e-05	3.80084e-05	0.480476	0.285683	0.19835	0.0	0.00208889	0.0	0.00348718	0.00225034	1.70743	0.0	0.952187	0.059251	0.460014	0.809239	0.897711	0.140205	0.167616	0.961501	0.0363046	0.0338465	0.137265	0.0279905	0.237795	0.174087	-5533.07	4.0	4929.88	-81652.7	3.0	469.025	1.0	1195.12	117.029	370.973	97.1349	0.236878	0.060512	1.1424	0.019795	
0.0-2.4	6.5-30.0	10.0-20.0	0.785-1.178	0.008	0.152	2923.0	2921.0	1610.97	104.154	1310.46	92.4677	-0.159434	0.255578	-0.05	0.0	0.432473	0.0	3.09249	0.0	0.0484579	0.0	0.0234677	0.0	0.03	0.0	1.492	0.04	5.0	0.0	1.733	0.07	0.0364428	0.0	1.02728e-05	0.00383331	0.490823	0.229194	0.19835	0.0	0.00208889	0.0	0.00153383	0.00191094	1.70743	0.0	0.970738	0.0467979	0.90439	80.8392	0.482927	83.9133	0.56294	70.8221	0.0010004	22.6453	0.651529	0.951894	0.112293	0.103969	1060.43	4.0	8006.41	-110736.0	3.0	369.17	1.0	1080.81	112.739	530.157	94.8789	0.329092	0.0549181	1.15485	0.0157673	
0.0-2.4	6.5-30.0	10.0-20.0	1.178-1.571	0.008	0.12	2551.0	2544.0	1423.27	72.7432	1120.93	68.1683	-0.540236	0.212945	-0.05	0.0	0.432473	0.0	3.09249	0.0	0.0484579	0.0	0.0234677	0.0	0.03	0.0	1.492	0.04	5.0	0.0	1.733	0.07	0.0364428	0.0	1.01172e-05	3.47073	0.282835	0.0528159	0.19835	0.0	0.00208889	0.0	0.00176087	0.00189429	1.70743	0.0	0.938394	0.0513714	0.548591	0.200007	0.748111	0.404432	0.447796	0.27674	0.0462656	0.0353008	0.158607	0.0386493	0.453866	0.671072	-5183.5	4.0	809.562	-55829.2	3.0	46.6451	1.0	925.596	74.626	497.673	63.0719	0.349669	0.0405513	1.13321	0.017051	
0.0-2.4	6.5-30.0	10.0-30.0	0.000-0.393	0.008	0.128	5532.0	5527.0	3120.1	116.769	2407.14	96.587	0.0316114	0.137879	-0.05	0.0	0.432473	0.0	3.09249	0.0	0.0484579	0.0	0.0233877	0.0	0.03	0.0	1.492	0.04	5.0	0.0	1.733	0.07	0.0364136	0.0	1.21272e-05	9.04109	0.38253	0.0699683	0.19835	0.0	0.00208889	0.0	0.00136177	0.00117886	1.70743	0.0	0.899382	0.0286509	0.566305	1.64384	0.726701	0.886534	0.456196	1.11221	0.0221368	0.0570261	0.180823	0.0725362	0.0927982	0.106903	-15140.1	4.0	5049.33	-156416.0	3.0	541.881	1.0	2134.87	124.595	985.228	102.469	0.315768	0.0306416	1.10756	0.00932543	
0.0-2.4	6.5-30.0	10.0-30.0	0.000-1.571	0.004	0.164	19603.0	19601.0	11234.2	231.088	8367.4	199.01	-0.135748	0.088436	-0.05	0.0	0.432473	0.0	3.09249	0.0	0.0484579	0.0	0.0233877	0.000539085	0.03	0.0	1.492	0.04	5.0	0.0	1.733	0.07	0.0364136	9.82513e-05	1.00456e-05	6.70688e-06	0.405619	0.0638489	0.19835	0.0	0.00208889	0.0	0.00268912	0.000716939	1.70743	0.0	0.914977	0.0175679	0.490013	1.05446	0.89356	0.202305	0.428587	1.08566	0.037251	0.0737432	0.201221	0.071881	0.433926	0.785501	-1138.84	4.0	43551.0	-735034.0	4.0	721.618	1.0	7847.27	278.695	3386.94	237.632	0.301484	0.020223	1.11776	0.00576417	
0.0-2.4	6.5-30.0	10.0-30.0	0.393-0.785	0.008	0.145	4994.0	4993.0	2819.24	110.387	2173.84	93.1077	-0.141562	0.143958	-0.05	0.0	0.432473	0.0	3.09249	0.0	0.0484579	0.0	0.0233877	0.0	0.03	0.0	1.492	0.04	5.0	0.0	1.733	0.07	0.0364136	0.0	2.84864e-05	5.39292e-05	0.365087	0.102771	0.19835	0.0	0.00208889	0.0	0.00364814	0.00153163	1.70743	0.0	0.932473	0.0396395	0.465826	0.261323	0.897914	0.111056	0.304239	0.340244	0.0339618	0.0164882	0.148583	0.0212859	0.358826	0.31192	-12017.6	4.0	5811.53	-132559.0	3.0	357.775	1.0	2060.37	132.203	758.868	108.868	0.269174	0.03715	1.12929	0.0131194	
0.0-2.4	6.5-30.0	10.0-30.0	0.785-1.178	0.008	0.152	4708.0	4706.0	2767.37	134.042	1938.62	111.159	-0.208314	0.226064	-0.05	0.0	0.432473	0.0	3.09249	0.0	0.0484579	0.0	0.0233877	0.0	0.03	0.0	1.492	0.04	5.0	0.0	1.733	0.07	0.0364136	0.0	1.02728e-05	0.00383331	0.553889	0.299861	0.19835	0.0	0.00208889	0.0	0.00139112	0.00159681	1.70743	0.0	0.886693	0.0384383	0.824806	0.348958	0.414612	1.4904	0.334241	2.53192	0.155192	0.183935	0.414013	0.265183	0.0371942	0.138752	26442.7	4.0	28173.4	-227533.0	3.0	131.21	1.0	1872.78	166.069	894.589	145.698	0.323263	0.0502662	1.09933	0.0124269	
0.0-2.4	6.5-30.0	10.0-30.0	1.178-1.571	0.008	0.145	4367.0	4366.0	2525.7	99.2188	1840.55	96.5927	-0.260317	0.203979	-0.05	0.0	0.432473	0.0	3.09249	0.0	0.0484579	0.0	0.0233877	0.0	0.03	0.0	1.492	0.04	5.0	0.0	1.733	0.07	0.0364136	0.0	1.38171e-05	4.85666e-05	0.293613	0.0449727	0.19835	0.0	0.00208889	0.0	0.000979071	0.00135934	1.70743	0.0	0.888866	0.0328382	0.518	0.0770477	0.84902	0.226906	0.448922	0.143161	0.0430252	0.0129871	0.222819	0.0643307	0.495559	0.771996	-11499.0	4.0	1812.22	-111181.0	3.0	1124.33	1.0	1731.53	99.4978	794.171	79.0335	0.314436	0.0287505	1.10074	0.0106289	
0.0-2.4	6.5-30.0	10.0-60.0	0.000-0.393	0.008	0.152	7982.0	7980.0	4736.75	135.855	3244.04	109.737	-0.122642	0.115117	-0.05	0.0	0.432473	0.0	3.09249	0.0	0.0484579	0.0	0.0239957	0.0	0.03	0.0	1.492	0.04	5.0	0.0	1.733	0.07	0.0366374	0.0	1.87871e-05	0.000150437	0.341169	0.0477729	0.19835	0.0	0.00208889	0.0	0.00152083	0.000898896	1.70743	0.0	0.860663	0.0223191	0.563423	1.55894	0.786713	0.688036	0.44426	1.22287	0.02409	0.0719571	0.202345	0.0673368	0.0911353	0.131233	-23874.8	4.0	5670.85	-216335.0	3.0	368.421	1.0	3337.31	144.999	1399.45	116.077	0.295444	0.022994	1.08262	0.00711193	
0.0-2.4	6.5-30.0	10.0-60.0	0.000-1.571	0.004	0.164	28504.0	28501.0	17505.0	275.857	10996.7	227.024	-0.237282	0.0738015	-0.05	0.0	0.432473	0.0	3.09249	0.0	0.0484579	0.0	0.0239957	0.000475148	0.03	0.0	1.492	0.04	5.0	0.0	1.733	0.07	0.0366374	8.83069e-05	1.00456e-05	6.70688e-06	0.353221	0.0370026	0.19835	0.0	0.00208889	0.0	0.00216333	0.000546214	1.70743	0.0	0.89694	0.0136453	0.555156	0.688026	0.928828	0.106491	0.459703	0.61746	0.0452671	0.0672856	0.258814	0.116563	0.675657	2.67817	-22449.7	4.0	55265.2	-1030930.0	4.0	495.016	1.0	12424.7	320.014	5080.25	265.483	0.290218	0.0144601	1.10598	0.00443564	
0.0-2.4	6.5-30.0	10.0-60.0	0.393-0.785	0.008	0.145	7407.0	7406.0	4501.53	135.104	2904.73	113.538	-0.316319	0.126415	-0.05	0.0	0.432473	0.0	3.09249	0.0	0.0484579	0.0	0.0239957	0.0	0.03	0.0	1.492	0.04	5.0	0.0	1.733	0.07	0.0366374	0.0	2.84864e-05	5.39292e-05	0.346609	0.0714504	0.19835	0.0	0.00208889	0.0	0.00287855	0.00116298	1.70743	0.0	0.950436	0.0322997	0.487573	0.661428	0.916728	0.166609	0.373328	0.762254	0.038599	0.044871	0.252046	0.13809	0.5414	1.67416	-14823.7	4.0	7575.67	-207448.0	3.0	64.1796	1.0	3327.18	156.441	1174.35	125.476	0.260878	0.0267519	1.14123	0.0107821	
0.0-2.4	6.5-30.0	10.0-60.0	0.785-1.178	0.008	0.152	6762.0	6760.0	4291.32	157.35	2468.94	119.897	-0.249501	0.18389	-0.05	0.0	0.432473	0.0	3.09249	0.0	0.0484579	0.0	0.0239957	0.0	0.03	0.0	1.492	0.04	5.0	0.0	1.733	0.07	0.0366374	0.0	1.02728e-05	0.00383331	0.428337	0.138809	0.19835	0.0	0.00208889	0.0	0.00138967	0.00124772	1.70743	0.0	0.860923	0.0289112	0.832435	0.433518	0.459247	0.957455	0.297506	1.61398	0.133066	0.180991	0.406271	0.190143	0.0389643	0.108431	22091.0	4.0	39227.1	-298845.0	3.0	131.871	1.0	2975.32	190.144	1316.0	163.037	0.306665	0.0362901	1.08279	0.00921389	
0.0-2.4	6.5-30.0	10.0-60.0	1.178-1.571	0.008	0.152	6351.0	6350.0	3977.33	121.057	2372.71	108.971	-0.282439	0.176653	-0.05	0.0	0.432473	0.0	3.09249	0.0	0.0484579	0.0	0.0239957	0.0	0.03	0.0	1.492	0.04	5.0	0.0	1.733	0.07	0.0366374	0.0	1.0825e-05	4.3417e-05	0.293972	0.0349582	0.19835	0.0	0.00208889	0.0	0.00132463	0.00105154	1.70743	0.0	0.871062	0.0258408	0.555935	0.119044	0.898605	0.182406	0.414465	0.180034	0.049168	0.0199126	0.260101	0.0708769	1.69482	15.5163	-14879.3	4.0	2310.68	-164224.0	3.0	1399.26	1.0	2760.09	121.494	1217.24	95.2679	0.306045	0.0220672	1.08927	0.00828276	
0.0-2.4	6.5-30.0	20.0-30.0	0.000-0.393	0.008	0.105	2273.0	2267.0	1369.93	81.1905	897.306	60.6319	-0.148651	0.214086	-0.05	0.0	0.432473	0.0	3.09249	0.0	0.0484579	0.0	0.0232866	0.0	0.03	0.0	1.492	0.04	5.0	0.0	1.733	0.07	0.0363768	0.0	1.01047e-05	0.00333619	0.479241	0.167607	0.19835	0.0	0.00208889	0.0	0.00352714	0.00151713	1.70743	0.0	0.879337	0.0426611	0.425083	0.242701	0.876472	0.901418	0.367576	0.391164	0.0368031	0.0629034	0.146434	0.0873045	0.087893	0.16695	-7437.59	4.0	2846.76	-62225.9	3.0	537.254	1.0	988.419	85.744	381.51	66.5708	0.278489	0.0457055	1.09458	0.013737	
0.0-2.4	6.5-30.0	20.0-30.0	0.000-1.571	0.008	0.136	7933.0	7917.0	4882.16	148.58	3035.67	118.737	-0.129995	0.159057	-0.05	0.0	0.432473	0.0	3.09249	0.0	0.0484579	0.0	0.0232866	0.000970562	0.03	0.0	1.492	0.04	5.0	0.0	1.733	0.07	0.0363768	0.000176304	1.61666e-05	1.68756e-05	0.440777	0.132097	0.19835	0.0	0.00208889	0.0	0.00188	0.00103252	1.70743	0.0	0.856483	0.0259759	0.594866	0.949485	0.699658	2.31474	0.366986	1.21863	0.0471162	0.0589192	0.20499	0.115766	0.0355499	0.127203	10389.5	4.0	24871.0	-291620.0	4.0	1390.44	1.0	3478.18	193.452	1403.98	167.466	0.287573	0.0331663	1.07996	0.00825726	
0.0-2.4	6.5-30.0	20.0-30.0	0.393-0.785	0.008	0.105	2059.0	2038.0	1255.89	63.7993	782.268	51.03	-0.153926	0.22164	-0.05	0.0	0.432473	0.0	3.09249	0.0	0.0484579	0.0	0.0232866	0.0	0.03	0.0	1.492	0.04	5.0	0.0	1.733	0.07	0.0363768	0.0	1.22898e-05	0.163554	0.267155	0.0482922	0.19835	0.0	0.00208889	0.0	0.00283551	0.00194879	1.70743	0.0	0.911931	0.0517797	0.6474	4.74122	0.999999	17.9965	0.597527	3.06408	0.0502625	0.465094	0.18272	0.271453	0.0235835	84.6606	-8167.67	4.0	369.269	-39578.7	3.0	30.0846	1.0	863.189	64.9588	392.699	51.9112	0.312686	0.0381602	1.11576	0.0169631	
0.0-2.4	6.5-30.0	20.0-30.0	0.785-1.178	0.008	0.12	1784.0	1780.0	1158.34	87.5522	622.254	57.9048	-0.306538	0.442839	-0.05	0.0	0.432473	0.0	3.09249	0.0	0.0484579	0.0	0.0232866	0.0	0.03	0.0	1.492	0.04	5.0	0.0	1.733	0.07	0.0363768	0.0	1.50151e-05	1.29092	0.75857	1.17119	0.19835	0.0	0.00208889	0.0	0.00197832	0.00260735	1.70743	0.0	0.831658	0.0653338	0.54677	2.71028	0.95842	0.273503	0.335954	2.80332	0.0345623	0.107236	0.15082	0.0631389	0.131146	0.304774	22903.3	4.0	15042.0	-96182.4	3.0	13.0679	1.0	785.27	134.182	373.074	123.601	0.322075	0.103891	1.06429	0.0204633	
0.0-2.4	6.5-30.0	20.0-30.0	1.178-1.571	0.008	0.128	1816.0	1813.0	1101.44	67.5475	711.867	68.0896	0.157487	0.459193	-0.05	0.0	0.432473	0.0	3.09249	0.0	0.0484579	0.0	0.0232866	0.0	0.03	0.0	1.492	0.04	5.0	0.0	1.733	0.07	0.0363768	0.0	2.47983e-05	5.01035e-05	0.311886	0.0832651	0.19835	0.0	0.00208889	0.0	-0.00198621	0.00220246	1.70743	0.0	0.797555	0.0443301	0.79765	28.7504	0.449101	19.4244	0.240546	4.84661	0.0418181	0.543863	0.327859	1.97203	0.0343085	0.53128	-6469.63	4.0	1236.94	-45455.5	3.0	1293.3	1.0	803.138	67.009	298.304	48.9792	0.27083	0.04125	1.04316	0.0135852	
0.0-2.4	6.5-30.0	30.0-60.0	0.000-0.393	0.008	0.12	2450.0	2446.0	1610.96	68.7488	835.887	53.1804	-0.539223	0.21553	-0.05	0.0	0.432473	0.0	3.09249	0.0	0.0484579	0.0	0.0248391	0.0	0.03	0.0	1.492	0.04	5.0	0.0	1.733	0.07	0.036955	0.0	1.00028e-05	2.85792e-05	0.249242	0.042969	0.19835	0.0	0.00208889	0.0	0.00104824	0.00132804	1.70743	0.0	0.752646	0.0352041	0.622778	53.4028	0.628603	271.007	0.198166	183.224	0.036181	8.18076	0.244555	4.37703	0.020025	80.3742	-9228.95	4.0	456.907	-45848.5	3.0	0.00561611	1.0	1179.19	70.2845	431.77	52.4123	0.26802	0.0304579	1.01606	0.0104525	
0.0-2.4	6.5-30.0	30.0-60.0	0.000-1.571	0.008	0.145	8901.0	8897.0	6260.34	147.632	2637.18	110.606	-0.565271	0.138254	-0.05	0.0	0.432473	0.0	3.09249	0.0	0.0484579	0.0	0.0248391	0.000923896	0.03	0.0	1.492	0.04	5.0	0.0	1.733	0.07	0.036955	0.000176215	1.27502e-05	0.000164255	0.26632	0.0267447	0.19835	0.0	0.00208889	0.0	0.000551729	0.00080708	1.70743	0.0	0.808654	0.0213885	0.778508	1.34298	0.523888	0.975441	0.150237	0.25521	0.0510015	0.0645482	0.444635	0.186573	0.0418601	0.0316765	-26346.8	4.0	4111.32	-236309.0	4.0	340.44	1.0	4514.04	155.521	1746.29	120.628	0.278946	0.0181109	1.04999	0.0066026	
0.0-2.4	6.5-30.0	30.0-60.0	0.393-0.785	0.008	0.12	2413.0	2413.0	1687.33	77.929	725.835	64.0809	-0.860878	0.310877	-0.05	0.0	0.432473	0.0	3.09249	0.0	0.0484579	0.0	0.0248391	0.0	0.03	0.0	1.492	0.04	5.0	0.0	1.733	0.07	0.036955	0.0	1.0132e-05	0.0868918	0.293104	0.0720664	0.19835	0.0	0.00208889	0.0	-0.000878979	0.00176043	1.70743	0.0	0.883295	0.0530575	0.799463	8.52818	0.474111	5.43532	0.0710207	0.765202	0.0403996	0.207001	0.551251	0.575958	0.0441515	0.0600929	-4476.19	4.0	2090.09	-59488.6	3.0	778.674	1.0	1256.27	83.2048	431.063	62.873	0.25547	0.0353445	1.09714	0.0171217	
0.0-2.4	6.5-30.0	30.0-60.0	0.785-1.178	0.008	0.12	2054.0	2051.0	1517.42	78.1343	534.261	49.5408	-0.423539	0.274826	-0.05	0.0	0.432473	0.0	3.09249	0.0	0.0484579	0.0	0.0248391	0.0	0.03	0.0	1.492	0.04	5.0	0.0	1.733	0.07	0.036955	0.0	1.50151e-05	1.29092	0.23352	0.0499997	0.19835	0.0	0.00208889	0.0	0.00073705	0.00191463	1.70743	0.0	0.818802	0.0437063	0.92498	1.65194	0.561973	1.46223	0.244533	0.237593	0.0723494	0.113153	0.404904	0.313666	0.0577432	0.110756	-9574.33	4.0	1736.23	-53082.0	3.0	130.483	1.0	1062.49	89.1475	454.93	74.1815	0.299805	0.0463852	1.05627	0.0135801	
0.0-2.4	6.5-30.0	30.0-60.0	1.178-1.571	0.008	0.12	1983.0	1972.0	1439.99	68.4019	532.22	50.7694	-0.355948	0.351039	-0.05	0.0	0.432473	0.0	3.09249	0.0	0.0484579	0.0	0.0248391	0.0	0.03	0.0	1.492	0.04	5.0	0.0	1.733	0.07	0.036955	0.0	1.01172e-05	3.47073	0.294754	0.0545585	0.19835	0.0	0.00208889	0.0	0.00176103	0.001697	1.70743	0.0	0.8251	0.042916	0.709618	0.517084	0.628335	0.770824	0.155507	0.33778	0.0440724	0.0929114	0.631296	0.742147	0.0614394	0.0529403	-4755.1	4.0	662.277	-40808.2	3.0	250.821	1.0	1013.01	68.7804	426.988	53.1662	0.29652	0.0341289	1.06019	0.0133874	
0.0-2.4	6.5-8.0	0.0-100.0	0.000-0.393	0.016	0.136	6923.0	6912.0	3056.0	137.689	3856.82	137.642	-0.106165	0.122802	-0.05	0.0	0.402191	0.0	3.09166	0.0	0.0508833	0.0	0.0267292	0.0	0.03	0.0	1.492	0.04	5.0	0.0	1.733	0.07	0.03832	0.0	5.8071e-05	0.000360109	0.391928	0.126593	0.313059	0.129726	0.00413537	0.00521731	0.0030573	0.00170869	1.71404	0.172071	0.905502	0.0311465	0.999976	447.885	0.576687	1.13681	0.746121	0.518738	0.0020476	443.641	0.207526	0.281441	0.144572	0.202889	-19931.6	4.0	8353.09	-244022.0	3.0	951.253	1.0	2284.48	166.548	771.521	135.471	0.252461	0.0428453	1.21778	0.0684255	
0.0-2.4	6.5-8.0	0.0-100.0	0.000-1.571	0.016	0.16	24630.0	24625.0	11124.2	364.456	13500.9	385.081	-0.091071	0.0759517	-0.05	0.0	0.402191	0.190526	3.09166	0.00103465	0.0508833	0.00623522	0.0267292	0.00349041	0.03	0.0	1.492	0.04	5.0	0.0	1.733	0.07	0.03832	0.00181705	2.57968e-05	9.0559e-05	0.292092	0.0348189	0.307488	0.0880482	0.00439684	0.00310131	0.00334289	0.000882575	1.63221	0.0944826	0.914265	0.0182912	0.544482	0.35766	0.890176	0.476989	0.626974	0.357096	0.0686344	0.102469	0.241397	0.368041	0.492581	3.56379	-55600.2	4.0	14203.5	-942833.0	7.0	1580.37	1.0	8452.81	343.539	2671.37	221.328	0.240141	0.0182744	1.18239	0.0398058	
0.0-2.4	6.5-8.0	0.0-100.0	0.393-0.785	0.016	0.145	6367.0	6363.0	2696.14	114.003	3667.89	127.491	-0.208387	0.119405	-0.05	0.0	0.402191	0.0	3.09166	0.0	0.0508833	0.0	0.0267292	0.0	0.03	0.0	1.492	0.04	5.0	0.0	1.733	0.07	0.03832	0.0	3.35609e-05	0.000234572	0.276828	0.0515068	0.488577	0.194943	0.00546084	0.00439552	0.00146102	0.00231296	1.47132	0.124323	0.873633	0.0502849	0.636148	0.165006	0.822028	0.358505	0.520206	0.107865	0.065259	0.0332575	0.136285	0.0234768	0.248146	0.258466	-23208.1	4.0	654.06	-175317.0	3.0	4.39375	1.0	2132.8	121.015	563.339	84.1366	0.208943	0.0299296	1.20333	0.0684705	
0.0-2.4	6.5-8.0	0.0-100.0	0.785-1.178	0.016	0.152	6006.0	6004.0	2884.05	127.485	3120.16	131.975	0.133014	0.149996	-0.05	0.0	0.402191	0.0	3.09166	0.0	0.0508833	0.0	0.0267292	0.0	0.03	0.0	1.492	0.04	5.0	0.0	1.733	0.07	0.03832	0.0	4.17642e-05	0.79061	0.250888	0.041611	0.230575	0.110068	0.00708186	0.0153869	0.00244014	0.00159288	1.73111	0.184706	0.883124	0.0347452	0.392269	4.20629	0.431961	2.652	0.385816	2.44367	0.0343806	0.208959	0.38661	0.451807	0.0827924	0.0689048	-22170.2	4.0	2653.49	-199301.0	3.0	70.0826	1.0	2093.34	137.04	790.713	106.955	0.274167	0.0350488	1.13625	0.0635819	
0.0-2.4	6.5-8.0	0.0-100.0	1.178-1.571	0.016	0.152	5332.0	5328.0	2488.86	119.719	2839.87	145.35	-0.160047	0.137721	-0.05	0.0	0.402191	0.0	3.09166	0.0	0.0508833	0.0	0.0267292	0.0	0.03	0.0	1.492	0.04	5.0	0.0	1.733	0.07	0.03832	0.0	6.96199e-05	0.00138898	0.250796	0.0399566	0.599664	0.33064	-4.6222e-05	0.00372	0.00159889	0.00208015	1.40906	0.147928	0.651771	0.0553327	0.611588	0.728987	0.793835	1.04976	0.645959	0.345164	0.0708145	0.155204	0.507995	1.23946	0.554658	4.2925	-1061.04	4.0	705.264	-186994.0	3.0	5835.78	1.0	1921.25	115.411	567.618	74.3265	0.228063	0.0277757	1.16647	0.123042	
0.0-2.4	6.5-8.0	10.0-60.0	0.000-0.393	0.016	0.128	4028.0	4022.0	1968.27	101.333	2054.14	93.1285	-0.148281	0.157107	-0.05	0.0	0.402191	0.0	3.09166	0.0	0.0508833	0.0	0.0259487	0.0	0.03	0.0	1.492	0.04	5.0	0.0	1.733	0.07	0.0379979	0.0	5.95546e-05	0.000344739	0.308472	0.0727662	0.307488	0.0	0.00439684	0.0	-0.000195304	0.00187621	1.63221	0.0	0.888739	0.0373183	0.998825	70.6442	0.605096	4.69537	0.744131	2.78625	0.00272915	120.39	0.222065	1.14437	0.105265	1.08429	-14523.8	4.0	3132.23	-119741.0	3.0	639.96	1.0	1420.05	114.582	548.211	92.6321	0.278525	0.044825	1.16883	0.00982521	
0.0-2.4	6.5-8.0	10.0-60.0	0.000-1.571	0.016	0.16	13949.0	13946.0	7201.97	191.651	6744.4	185.15	-0.0356998	0.101729	-0.05	0.0	0.402191	0.0	3.09166	0.0	0.0508833	0.0	0.0259487	0.000872005	0.03	0.0	1.492	0.04	5.0	0.0	1.733	0.07	0.0379979	0.000177995	2.57968e-05	9.0559e-05	0.262243	0.0292844	0.307488	0.0	0.00439684	0.0	0.00142606	0.00105484	1.63221	0.0	0.877779	0.0210817	0.534587	0.975573	0.811368	0.373337	0.613633	0.610213	0.047721	0.109364	0.22041	0.0983621	0.366214	0.536778	-51479.6	4.0	5868.92	-473486.0	4.0	1007.84	1.0	5317.66	209.661	1884.31	162.627	0.261638	0.0214808	1.16308	0.00550906	
0.0-2.4	6.5-8.0	10.0-60.0	0.393-0.785	0.016	0.145	3618.0	3617.0	1840.79	89.445	1776.29	88.5997	-0.038166	0.174158	-0.05	0.0	0.402191	0.0	3.09166	0.0	0.0508833	0.0	0.0259487	0.0	0.03	0.0	1.492	0.04	5.0	0.0	1.733	0.07	0.0379979	0.0	3.35609e-05	0.000234572	0.242789	0.0475044	0.307488	0.0	0.00439684	0.0	0.00273642	0.00244822	1.63221	0.0	0.953613	0.0512228	0.462527	0.78518	0.831973	0.288778	0.491961	0.692188	0.0388774	0.0532538	0.141793	0.0654726	0.350661	0.330532	-15915.3	4.0	249.415	-91505.4	3.0	17.8591	1.0	1449.46	95.2388	391.326	66.8698	0.212586	0.0348271	1.20372	0.014051	
0.0-2.4	6.5-8.0	10.0-60.0	0.785-1.178	0.016	0.152	3249.0	3247.0	1791.78	100.509	1455.39	92.4081	0.161702	0.258049	-0.05	0.0	0.402191	0.0	3.09166	0.0	0.0508833	0.0	0.0259487	0.0	0.03	0.0	1.492	0.04	5.0	0.0	1.733	0.07	0.0379979	0.0	4.17642e-05	0.79061	0.212371	0.0517773	0.307488	0.0	0.00439684	0.0	9.93382e-05	0.00197809	1.63221	0.0	0.826393	0.0353254	0.957136	90.1313	0.34861	19.9789	0.589208	1.09551	0.154008	3.76441	0.430009	6.27882	0.101394	2.38474	-11859.4	4.0	2602.36	-105117.0	3.0	371.373	1.0	1265.26	117.69	526.521	98.4169	0.293854	0.0523952	1.13671	0.00889244	
0.0-2.4	6.5-8.0	10.0-60.0	1.178-1.571	0.016	0.136	3052.0	3049.0	1600.61	87.3068	1449.26	92.2391	-0.0554593	0.257829	-0.05	0.0	0.402191	0.0	3.09166	0.0	0.0508833	0.0	0.0259487	0.0	0.03	0.0	1.492	0.04	5.0	0.0	1.733	0.07	0.0379979	0.0	1.20568e-05	0.0173859	0.280735	0.0539218	0.307488	0.0	0.00439684	0.0	0.000794926	0.00208058	1.63221	0.0	0.778516	0.0434073	0.40223	0.163408	0.759739	0.393528	0.528622	0.1643	0.0455748	0.0175934	0.266952	0.118934	0.480538	0.693043	-10779.6	4.0	1069.09	-85054.9	3.0	983.323	1.0	1168.16	86.3435	432.455	62.862	0.270181	0.0364039	1.11306	0.0105126	
0.0-2.4	8.0-10.0	0.0-100.0	0.000-0.393	0.008	0.152	3567.0	3561.0	2248.86	79.7603	1312.46	64.5865	0.152641	0.17411	-0.05	0.0	0.409882	0.0	3.09316	0.0	0.0510535	0.0	0.0232727	0.0	0.03	0.0	1.492	0.04	5.0	0.0	1.733	0.07	0.0372553	0.0	1.01039e-05	0.487899	0.249477	0.0321845	0.0783534	0.0380246	0.00336464	0.00777792	0.00125875	0.00119075	2.21072	0.285123	0.933164	0.0301444	0.558719	0.775355	0.999822	104.791	0.437898	1.45319	0.0483429	0.0990133	0.226844	0.307894	0.0201063	1022.88	-10774.9	4.0	556.543	-65176.5	3.0	12.8052	1.0	1596.64	81.5745	652.221	63.1093	0.290023	0.0261096	1.08881	0.0434262	
0.0-2.4	8.0-10.0	0.0-100.0	0.000-1.571	0.008	0.152	13137.0	13124.0	8405.97	502.724	4718.02	480.05	-0.238374	0.150688	-0.05	0.0	0.409882	0.363018	3.09316	0.00099439	0.0510535	0.0224855	0.0232727	0.0057668	0.03	0.0	1.492	0.04	5.0	0.0	1.733	0.07	0.0372553	0.00640377	1.04463e-05	0.772766	0.350845	0.0534517	0.0999374	0.0382996	0.00376099	0.00404766	0.00282178	0.000788409	1.94825	0.155484	0.979626	0.01966	0.604583	1.71083	0.960919	0.234806	0.487225	1.39763	0.0436676	0.130096	0.350098	0.178721	0.338757	1.9488	14629.1	4.0	51034.0	-406979.0	7.0	642909.0	1.0	5985.61	397.651	2420.36	225.688	0.287934	0.0205989	1.11494	0.0289469	
0.0-2.4	8.0-10.0	0.0-100.0	0.393-0.785	0.016	0.105	3483.0	3456.0	2251.86	89.9991	1204.8	73.463	-0.578286	0.193171	-0.05	0.0	0.409882	0.0	3.09316	0.0	0.0510535	0.0	0.0232727	0.0	0.03	0.0	1.492	0.04	5.0	0.0	1.733	0.07	0.0372553	0.0	4.92988e-05	0.000250796	0.36684	0.0777606	0.0871788	0.0543777	0.00869349	0.0183421	0.00477507	0.00161523	2.08798	0.303036	1.05277	0.0404589	0.499659	1.93317	0.959195	0.20179	0.295236	2.55444	0.0264111	0.189006	0.410124	0.339557	0.374323	1.76635	-3987.11	4.0	2867.36	-82483.3	3.0	455.736	1.0	1556.64	95.3893	695.221	77.4638	0.308732	0.0321108	1.17973	0.0471362	
0.0-2.4	8.0-10.0	0.0-100.0	0.785-1.178	0.008	0.145	3173.0	3173.0	2052.61	107.384	1120.59	75.0687	-0.1215	0.277299	-0.05	0.0	0.409882	0.0	3.09316	0.0	0.0510535	0.0	0.0232727	0.0	0.03	0.0	1.492	0.04	5.0	0.0	1.733	0.07	0.0372553	0.0	6.83076e-05	0.000188408	0.721275	0.672852	0.0494462	0.0365968	0.00997806	0.0194271	0.00143306	0.00183511	2.17557	0.39497	1.03323	0.0466148	0.8343	0.620345	0.999967	245.306	0.639675	0.251595	0.096315	0.11345	0.223696	0.165163	0.109316	1056.41	24000.3	4.0	18347.5	-141926.0	3.0	51.7341	1.0	1426.4	152.808	626.209	137.313	0.30508	0.0649652	1.11751	0.0410075	
0.0-2.4	8.0-10.0	0.0-100.0	1.178-1.571	0.008	0.128	2912.0	2911.0	1862.54	73.5629	1048.91	64.5234	-0.417946	0.209646	-0.05	0.0	0.409882	0.0	3.09316	0.0	0.0510535	0.0	0.0232727	0.0	0.03	0.0	1.492	0.04	5.0	0.0	1.733	0.07	0.0372553	0.0	1.54046e-05	0.000145821	0.216734	0.0265309	0.681636	0.163444	-0.00101435	0.00214303	0.00217083	0.00223501	1.35029	0.0690844	0.6	0.152102	0.930927	2.51814	0.597339	2.70234	0.473516	0.740725	0.0539413	0.0927438	0.586907	0.702469	0.0577651	0.0775203	-6805.3	4.0	201.99	-54815.9	3.0	204.267	1.0	1331.45	72.3655	531.093	53.9572	0.285144	0.0266909	1.16509	0.0594455	
0.0-2.4	8.0-10.0	10.0-60.0	0.000-0.393	0.008	0.145	2224.0	2223.0	1464.21	60.579	758.937	46.3985	0.00498835	0.203493	-0.05	0.0	0.409882	0.0	3.09316	0.0	0.0510535	0.0	0.0238844	0.0	0.03	0.0	1.492	0.04	5.0	0.0	1.733	0.07	0.0374831	0.0	1.40048e-05	1.03758	0.22397	0.0302565	0.0999374	0.0	0.00376099	0.0	0.00108085	0.00141896	1.94825	0.0	0.879033	0.0356774	0.571447	1.84898	1.0	0.919477	0.317056	1.98413	0.0426188	0.123872	0.162771	0.141359	0.0262806	123.978	-8029.51	4.0	108.34	-34817.0	3.0	1.62625	1.0	1077.35	61.088	386.86	44.7341	0.264211	0.0285292	1.03673	0.0136137	
0.0-2.4	8.0-10.0	10.0-60.0	0.000-1.571	0.008	0.145	7962.0	7961.0	5382.71	141.103	2578.14	101.947	-0.387718	0.15119	-0.05	0.0	0.409882	0.0	3.09316	0.0	0.0510535	0.0	0.0238844	0.000722314	0.03	0.0	1.492	0.04	5.0	0.0	1.733	0.07	0.0374831	0.000135804	1.82514e-05	0.000157912	0.341892	0.0733045	0.0999374	0.0	0.00376099	0.0	0.00189205	0.00101371	1.94825	0.0	0.899599	0.0255787	0.645367	1.99053	0.594973	1.849	0.20738	0.593768	0.0401424	0.0572227	0.388664	0.180571	0.0472178	0.0405724	22663.6	4.0	96159.6	-252127.0	4.0	2658.85	1.0	3859.99	181.7	1522.71	156.107	0.28289	0.0280375	1.05249	0.00983903	
0.0-2.4	8.0-10.0	10.0-60.0	0.393-0.785	0.008	0.12	2133.0	2128.0	1413.14	68.3049	715.65	58.7736	-0.670535	0.264458	-0.05	0.0	0.409882	0.0	3.09316	0.0	0.0510535	0.0	0.0238844	0.0	0.03	0.0	1.492	0.04	5.0	0.0	1.733	0.07	0.0374831	0.0	1.00002e-05	8.80711e-05	0.317624	0.0856598	0.0999374	0.0	0.00376099	0.0	0.00150542	0.00188817	1.94825	0.0	0.955485	0.0554621	0.775176	1.24702	0.593698	2.27394	0.181575	1.75394	0.0433577	0.0631723	0.493484	0.444926	0.0382034	0.0543557	-1688.36	4.0	1787.38	-45075.6	3.0	792.135	1.0	1005.17	74.6986	407.972	60.0683	0.288699	0.0401511	1.09592	0.0217612	
0.0-2.4	8.0-10.0	10.0-60.0	0.785-1.178	0.008	0.112	1901.0	1897.0	1316.87	94.8794	580.429	53.8663	-0.457464	0.451979	-0.05	0.0	0.409882	0.0	3.09316	0.0	0.0510535	0.0	0.0238844	0.0	0.03	0.0	1.492	0.04	5.0	0.0	1.733	0.07	0.0374831	0.0	1.4617e-05	0.013384	0.765407	1.01994	0.0999374	0.0	0.00376099	0.0	0.001951	0.00257604	1.94825	0.0	0.954779	0.0642142	0.969744	16.2696	0.617919	5.99695	0.582823	6.45985	0.00104305	9.25207	0.216247	0.0569905	0.0586089	0.0438068	22243.1	4.0	15682.9	-101428.0	3.0	114.118	1.0	867.808	135.893	449.059	124.917	0.341005	0.0916224	1.09537	0.0251893	
0.0-2.4	8.0-10.0	10.0-60.0	1.178-1.571	0.008	0.12	1702.0	1701.0	1194.48	57.6	507.031	46.2149	-0.429996	0.332626	-0.05	0.0	0.409882	0.0	3.09316	0.0	0.0510535	0.0	0.0238844	0.0	0.03	0.0	1.492	0.04	5.0	0.0	1.733	0.07	0.0374831	0.0	4.81487e-05	1.07517	0.2226	0.0329313	0.0999374	0.0	0.00376099	0.0	4.88342e-05	0.0017359	1.94825	0.0	0.904958	0.0448162	0.665068	0.276701	1.0	0.0961374	0.360116	0.377188	0.0570366	0.0349572	0.507766	0.386684	4.99812	2031.43	-3847.9	4.0	132.892	-29363.1	3.0	231.897	1.0	839.945	57.5621	354.533	44.3297	0.29681	0.0342412	1.05662	0.0172739	
1.2-1.6	6.5-30.0	0.0-100.0	0.000-0.393	0.008	0.136	3130.0	3127.0	1624.12	74.2486	1503.81	70.3228	0.00630704	0.157573	-0.05	0.0	0.582763	0.0	3.09131	0.0	0.0436412	0.0	0.0308478	0.0	0.03	0.0	1.492	0.04	5.0	0.0	1.733	0.07	0.0388193	0.0	8.70362e-05	0.000270698	0.31748	0.0810374	0.130197	0.0694199	0.00814269	0.0161506	0.00262615	0.00153889	1.98675	0.266132	0.886426	0.0377475	0.477208	2.52447	0.444058	6.70999	0.00150475	178.978	0.0173553	0.310536	0.220508	0.421954	0.0473068	0.601398	-7628.96	4.0	1327.15	-61654.1	3.0	20.6003	1.0	1212.65	83.1767	411.48	64.7991	0.253355	0.0381797	1.09424	0.060667	
1.2-1.6	6.5-30.0	0.0-100.0	0.000-1.571	0.008	0.136	11514.0	11502.0	6006.39	201.141	5496.37	222.487	-0.235952	0.0759724	-0.05	0.0	0.582763	0.148	3.09131	0.0012219	0.0436412	0.00523973	0.0308478	0.00273473	0.03	0.0	1.492	0.04	5.0	0.0	1.733	0.07	0.0388194	0.00199414	1.03021e-05	0.137313	0.287013	0.0302468	0.0999774	0.0369937	0.00921681	0.0152857	0.00367822	0.000803778	2.02628	0.173102	0.94733	0.0198725	0.529197	132.166	0.580953	80.556	0.346949	70.3155	0.0234738	3.76135	0.487245	2.48655	0.0835641	3.94865	-1105.41	4.0	3810.94	-314911.0	7.0	181476.0	1.0	4380.47	181.979	1625.92	120.674	0.270698	0.0179296	1.10372	0.0321564	
1.2-1.6	6.5-30.0	0.0-100.0	0.393-0.785	0.008	0.128	3134.0	3130.0	1550.66	76.7842	1580.22	81.0402	-0.366929	0.158646	-0.05	0.0	0.582763	0.0	3.09131	0.0	0.0436412	0.0	0.0308478	0.0	0.03	0.0	1.492	0.04	5.0	0.0	1.733	0.07	0.0388193	0.0	1.40773e-05	0.000247178	0.294551	0.060459	0.0978918	0.063768	0.00830884	0.017385	0.00381841	0.00161776	2.07462	0.34261	1.00463	0.0395705	0.563226	35.8348	0.80777	15.1938	0.516753	23.3836	0.0391971	1.82263	0.391523	3.39849	0.188836	5.91545	-3702.7	4.0	1043.81	-68174.4	3.0	461.657	1.0	1099.35	80.1478	451.312	62.9265	0.291045	0.0379351	1.15404	0.0567602	
1.2-1.6	6.5-30.0	0.0-100.0	0.785-1.178	0.008	0.136	2688.0	2686.0	1450.7	69.4399	1236.03	68.4232	-0.0547225	0.189079	-0.05	0.0	0.582763	0.0	3.09131	0.0	0.0436412	0.0	0.0308478	0.0	0.03	0.0	1.492	0.04	5.0	0.0	1.733	0.07	0.0388193	0.0	1.0973e-05	0.00459423	0.309775	0.0741324	0.0383419	0.0282596	0.00999981	0.0173776	0.00358357	0.00149302	2.63905	0.579204	0.960121	0.0387744	0.54181	0.0945676	1.0	0.000142898	0.48026	0.121356	0.0571081	0.0133374	0.222391	0.0614141	0.872499	25.8015	-4255.6	4.0	862.931	-53179.6	3.0	64.067	1.0	1095.47	73.2982	355.235	53.9649	0.244871	0.0353043	1.07402	0.0510116	
1.2-1.6	6.5-30.0	0.0-100.0	1.178-1.571	0.008	0.12	2560.0	2546.0	1376.99	83.2562	1169.44	103.603	-0.57451	0.237536	-0.05	0.0	0.582763	0.0	3.09131	0.0	0.0436412	0.0	0.0308478	0.0	0.03	0.0	1.492	0.04	5.0	0.0	1.733	0.07	0.0388193	0.0	3.21269e-05	0.000513866	0.255015	0.0402624	0.429426	0.219667	0.00289074	0.00368548	0.00392491	0.0022215	1.45696	0.14329	0.762183	0.060428	0.776086	1.07277	0.610831	2.24637	0.332655	2.19985	0.0834555	0.133857	0.95433	2.2995	0.0484648	0.292006	8508.55	4.0	361.235	-81247.2	3.0	17249.0	1.0	966.882	73.8102	410.104	51.4314	0.297827	0.0327232	1.11491	0.0867351	
1.2-1.6	6.5-30.0	10.0-60.0	0.000-0.393	0.008	0.12	1963.0	1960.0	1092.64	59.495	867.552	52.3118	0.0131475	0.20595	-0.05	0.0	0.582763	0.0	3.09131	0.0	0.0436412	0.0	0.0305554	0.0	0.03	0.0	1.492	0.04	5.0	0.0	1.733	0.07	0.0387227	0.0	9.39567e-05	0.000265483	0.345098	0.115354	0.0999774	0.0	0.00921681	0.0	0.0010123	0.00187371	2.02628	0.0	1.04749	0.0435288	0.503529	4175.48	0.817424	784.98	0.40977	4022.35	0.00100215	5389.91	0.223223	34.3221	0.113856	90.3048	-4407.82	4.0	1072.82	-35658.5	3.0	31.7811	1.0	816.724	67.7445	275.919	53.2669	0.252525	0.0467712	1.18238	0.0173538	
1.2-1.6	6.5-30.0	10.0-60.0	0.000-1.571	0.008	0.128	6633.0	6625.0	3850.47	110.565	2775.64	102.96	-0.339185	0.115721	-0.05	0.0	0.582763	0.0	3.09131	0.0	0.0436412	0.0	0.0305554	0.00250362	0.03	0.0	1.492	0.04	5.0	0.0	1.733	0.07	0.0387227	0.000412139	1.05393e-05	0.000462059	0.26811	0.0330243	0.0999774	0.0	0.00921681	0.0	0.00193405	0.000986718	2.02628	0.0	0.979848	0.0245759	0.746322	0.893831	0.609342	2.67604	0.41697	2.68958	0.0893659	0.14591	0.360341	0.189149	0.0368052	0.267427	-11882.4	4.0	1765.89	-138931.0	4.0	384.804	1.0	2840.51	115.938	1009.96	87.3492	0.262295	0.0213986	1.12898	0.00959851	
1.2-1.6	6.5-30.0	10.0-60.0	0.393-0.785	0.008	0.112	1768.0	1758.0	947.249	56.5005	811.056	61.1352	-0.585437	0.240288	-0.05	0.0	0.582763	0.0	3.09131	0.0	0.0436412	0.0	0.0305554	0.0	0.03	0.0	1.492	0.04	5.0	0.0	1.733	0.07	0.0387227	0.0	2.07034e-05	0.000129572	0.220489	0.0424102	0.0999774	0.0	0.00921681	0.0	0.00205161	0.00213159	2.02628	0.0	1.1047	0.0492939	0.774087	25.1895	0.998629	215.324	0.675048	40.1431	0.106258	13.8906	0.580919	14.8591	0.0270072	1610.35	-1110.24	4.0	200.795	-34054.5	3.0	890.068	1.0	677.006	57.625	270.242	44.1566	0.285292	0.0433987	1.22835	0.0199498	
1.2-1.6	6.5-30.0	10.0-60.0	0.785-1.178	0.008	0.128	1478.0	1477.0	898.533	48.6438	578.439	42.5941	-0.601471	0.24491	-0.05	0.0	0.582763	0.0	3.09131	0.0	0.0436412	0.0	0.0305554	0.0	0.03	0.0	1.492	0.04	5.0	0.0	1.733	0.07	0.0387227	0.0	2.57361e-05	0.000145696	0.209071	0.0368614	0.0999774	0.0	0.00921681	0.0	0.000713377	0.00177739	2.02628	0.0	0.921686	0.0471163	0.623973	1.44521	0.999869	279.148	0.459526	2.75133	0.0592433	0.20669	0.22852	0.567844	0.0200029	718.891	-4684.22	4.0	27.3211	-22182.4	3.0	39.158	1.0	699.436	49.6275	199.097	33.8421	0.22158	0.0357024	1.084	0.018028	
1.2-1.6	6.5-30.0	10.0-60.0	1.178-1.571	0.008	0.105	1422.0	1405.0	903.61	51.1417	501.485	42.3239	-0.281507	0.285569	-0.05	0.0	0.582763	0.0	3.09131	0.0	0.0436412	0.0	0.0305554	0.0	0.03	0.0	1.492	0.04	5.0	0.0	1.733	0.07	0.0387227	0.0	3.08551e-05	0.00051849	0.289025	0.0597166	0.0999774	0.0	0.00921681	0.0	0.00371228	0.00204364	2.02628	0.0	0.959779	0.0514715	0.620225	0.66118	0.902508	29.1027	0.37403	9.04966	0.0779683	0.157441	0.384798	0.475182	0.0200056	2.15481	-3271.08	4.0	252.586	-23474.1	3.0	17.3896	1.0	638.975	51.2188	264.635	39.2409	0.292865	0.0401391	1.11336	0.0199676	
1.2-2.4	6.5-30.0	0.0-100.0	0.000-0.393	0.008	0.152	7756.0	7747.0	3760.31	116.546	3988.11	117.767	-0.211987	0.0987251	-0.05	0.0	0.618507	0.0	3.09108	0.0	0.0515833	0.0	0.0308003	0.0	0.03	0.0	1.492	0.04	5.0	0.0	1.733	0.07	0.0448068	0.0	3.42723e-05	0.000135506	0.279594	0.0408262	0.147506	0.0525668	0.00656579	0.00470592	0.00238657	0.00101512	1.94036	0.171727	0.935954	0.0225426	0.355215	9.50757	0.752697	5.58692	0.271913	15.651	0.00100011	3.33886	0.226052	0.127145	0.0810355	0.0757312	-21416.2	4.0	1572.35	-170421.0	3.0	12.6403	1.0	2851.57	127.331	908.734	95.8924	0.241665	0.0243764	1.14112	0.0404088	
1.2-2.4	6.5-30.0	0.0-100.0	0.000-1.571	0.008	0.128	27725.0	27615.0	14316.8	321.622	13298.2	335.815	-0.34954	0.0566528	-0.05	0.0	0.618507	0.086638	3.09108	0.000843559	0.0515833	0.00346848	0.0308003	0.000869795	0.03	0.0	1.492	0.04	5.0	0.0	1.733	0.07	0.0448069	0.00149095	1.38621e-05	0.000134836	0.271674	0.0178899	0.186805	0.0404235	0.00562667	0.0022307	0.00228444	0.000571852	1.79346	0.0844886	0.913244	0.0134559	0.86862	0.333017	0.453616	0.508529	0.455313	0.598462	0.162151	0.211785	0.336766	0.105621	0.0491432	0.0691223	-44669.0	4.0	4979.43	-766145.0	7.0	20123.2	1.0	10709.8	293.747	3607.09	187.002	0.251947	0.0117717	1.13096	0.0250866	
1.2-2.4	6.5-30.0	0.0-100.0	0.393-0.785	0.008	0.145	7223.0	7212.0	3609.1	116.909	3603.26	120.145	-0.515421	0.109528	-0.05	0.0	0.618507	0.0	3.09108	0.0	0.0515833	0.0	0.0308003	0.0	0.03	0.0	1.492	0.04	5.0	0.0	1.733	0.07	0.0448068	0.0	2.65486e-05	7.2402e-05	0.282833	0.0393562	0.215726	0.105061	0.00712779	0.00410469	0.00413494	0.00126922	1.7141	0.172696	0.991338	0.0290357	0.662264	1.5492	0.791388	0.566558	0.571139	0.821976	0.0484065	0.172856	0.26541	0.179992	0.369838	0.770385	-12894.7	4.0	1500.32	-169317.0	3.0	233.193	1.0	2684.79	124.592	924.311	94.1071	0.256106	0.02472	1.18515	0.0519084	
1.2-2.4	6.5-30.0	0.0-100.0	0.785-1.178	0.008	0.152	6546.0	6544.0	3506.44	111.418	3037.81	107.945	-0.244386	0.117853	-0.05	0.0	0.618507	0.0	3.09108	0.0	0.0515833	0.0	0.0308003	0.0	0.03	0.0	1.492	0.04	5.0	0.0	1.733	0.07	0.0448068	0.0	1.03152e-05	0.00396442	0.291079	0.0425123	0.127095	0.057169	0.00999999	0.014517	0.00112895	0.00111214	1.93778	0.197975	0.967992	0.0274659	0.998503	174.361	0.396942	2.80432	0.467875	2.21331	0.00148713	141.59	0.282532	0.0817873	0.0660954	0.0336485	-15804.0	4.0	1239.79	-146538.0	3.0	39.5987	1.0	2715.3	118.27	791.137	84.7082	0.225624	0.0230696	1.13805	0.0426062	
1.2-2.4	6.5-30.0	0.0-100.0	1.178-1.571	0.008	0.152	6198.0	6195.0	3439.43	120.409	2755.64	131.36	-0.47265	0.12883	-0.05	0.0	0.618507	0.0	3.09108	0.0	0.0515833	0.0	0.0308003	0.0	0.03	0.0	1.492	0.04	5.0	0.0	1.733	0.07	0.0448068	0.0	3.88875e-05	0.000353399	0.251253	0.0265156	0.376887	0.131541	0.000173054	0.00284995	0.00286394	0.00130504	1.54336	0.106566	0.738474	0.0322817	0.826062	2.25062	0.487057	2.82071	0.39423	5.40086	0.0941643	0.258213	0.57159	1.08191	0.0487291	0.750923	976.658	4.0	594.466	-172143.0	3.0	10826.3	1.0	2487.58	114.794	951.847	81.8787	0.276745	0.0217452	1.11245	0.0613879	
1.2-2.4	6.5-30.0	10.0-60.0	0.000-0.393	0.008	0.152	4719.0	4718.0	2516.22	91.0003	2201.82	84.6847	-0.264953	0.128924	-0.05	0.0	0.618507	0.0	3.09108	0.0	0.0515833	0.0	0.0303247	0.0	0.03	0.0	1.492	0.04	5.0	0.0	1.733	0.07	0.0446829	0.0	3.42723e-05	0.000135506	0.292234	0.0554369	0.186805	0.0	0.00562667	0.0	0.00227288	0.00119189	1.79346	0.0	0.862665	0.0258221	0.703093	2.63354	0.789149	1.04007	0.564195	1.30248	0.0265583	0.124645	0.191313	0.077567	0.118113	0.196455	-13691.7	4.0	1198.76	-93206.1	3.0	22.9403	1.0	1933.7	100.364	582.521	75.0069	0.231506	0.0286094	1.09819	0.00824744	
1.2-2.4	6.5-30.0	10.0-60.0	0.000-1.571	0.008	0.16	16182.0	16179.0	9214.79	173.81	6965.55	159.885	-0.420846	0.0743354	-0.05	0.0	0.618507	0.0	3.09108	0.0	0.0515833	0.0	0.0303247	0.00157926	0.03	0.0	1.492	0.04	5.0	0.0	1.733	0.07	0.0446829	0.00020444	1.04253e-05	6.6059e-05	0.252814	0.0188317	0.186805	0.0	0.00562667	0.0	0.00327426	0.000697455	1.79346	0.0	0.916122	0.0160921	0.601564	0.331212	0.898407	0.158017	0.545992	0.279902	0.0409596	0.0386113	0.260952	0.0724331	0.316221	0.400226	-41241.8	4.0	2370.04	-374073.0	4.0	163.283	1.0	6861.13	182.034	2353.66	135.495	0.255422	0.0138924	1.13285	0.00529123	
1.2-2.4	6.5-30.0	10.0-60.0	0.393-0.785	0.008	0.145	4147.0	4146.0	2300.18	86.9929	1845.71	86.3317	-0.550857	0.152263	-0.05	0.0	0.618507	0.0	3.09108	0.0	0.0515833	0.0	0.0303247	0.0	0.03	0.0	1.492	0.04	5.0	0.0	1.733	0.07	0.0446829	0.0	2.65486e-05	7.2402e-05	0.208688	0.0270842	0.186805	0.0	0.00562667	0.0	0.00461147	0.00157914	1.79346	0.0	1.0151	0.0356336	0.550437	1.15293	0.835188	0.409444	0.540115	0.910805	0.032858	0.0859147	0.347568	0.306706	0.579111	1.56459	-7605.6	4.0	305.648	-84752.1	3.0	458.727	1.0	1708.09	91.3279	592.083	68.3302	0.257408	0.028066	1.1995	0.0122612	
1.2-2.4	6.5-30.0	10.0-60.0	0.785-1.178	0.008	0.152	3728.0	3726.0	2194.25	81.9342	1531.61	72.138	-0.437052	0.155805	-0.05	0.0	0.618507	0.0	3.09108	0.0	0.0515833	0.0	0.0303247	0.0	0.03	0.0	1.492	0.04	5.0	0.0	1.733	0.07	0.0446829	0.0	1.03152e-05	0.00396442	0.239003	0.032236	0.186805	0.0	0.00562667	0.0	0.00092933	0.00142724	1.79346	0.0	0.908562	0.0340791	0.74633	0.240158	0.614659	1.77605	0.352982	1.66939	0.0942159	0.0700943	0.21297	0.0672749	0.0280745	0.0661577	-11534.1	4.0	271.76	-69863.1	3.0	8.27302	1.0	1653.29	85.4554	540.96	62.4459	0.246535	0.0269288	1.12789	0.0111619	
1.2-2.4	6.5-30.0	10.0-60.0	1.178-1.571	0.008	0.152	3586.0	3585.0	2208.53	83.6235	1376.64	70.5347	-0.476978	0.16982	-0.05	0.0	0.618507	0.0	3.09108	0.0	0.0515833	0.0	0.0303247	0.0	0.03	0.0	1.492	0.04	5.0	0.0	1.733	0.07	0.0446829	0.0	3.88875e-05	0.000353399	0.271553	0.0355413	0.186805	0.0	0.00562667	0.0	0.00117652	0.00140029	1.79346	0.0	0.775308	0.0377968	0.99974	243.046	0.283988	7.71745	0.0607433	9.20089	0.001	21.0404	0.33172	0.222681	0.0345285	0.041383	-9547.55	4.0	458.576	-70373.1	3.0	2.93961	1.0	1544.08	85.7423	664.451	67.5764	0.300857	0.0283983	1.04387	0.0114142	
1.6-2.4	3.0-6.5	0.0-100.0	0.000-0.393	0.016	0.232	43804.0	43796.0	7515.33	340.892	36281.3	549.49	0.0313162	0.0524583	-0.05	0.0	0.95026	0.0	3.08995	0.0	0.0529652	0.0	0.0152077	0.0	0.03	0.0	1.86	0.19	5.0	0.0	1.38	0.32	0.0517424	0.0	0.000149401	0.0117133	0.346983	0.0951676	0.473976	0.263955	-0.00707842	0.0107562	0.01	1.76526	1.54049	0.193925	0.798309	0.0194352	1.0	52.2447	0.775445	0.0011553	0.705648	0.00806383	0.00110279	173152.0	0.123049	0.00422834	0.739248	0.00195714	-132094.0	4.0	5176.05	-2723090.0	3.0	402.514	1.0	6375.94	394.313	1139.39	272.967	0.151609	0.0356644	1.20832	0.111494	
1.6-2.4	3.0-6.5	0.0-100.0	0.000-1.571	0.016	0.264	162584.0	162575.0	27157.7	780.948	135420.0	1157.33	0.0684839	0.0279988	-0.05	0.0	0.95026	0.0517754	3.08995	0.00135329	0.0529652	0.00270998	0.0152077	0.00699147	0.03	0.0	1.86	0.19	5.0	0.0	1.38	0.32	0.0517425	0.00146779	1.10324e-05	0.0465138	0.309568	0.0360801	0.306676	0.207312	-0.00606766	0.0158233	0.01	0.00875222	1.65447	0.204252	0.920148	0.00888218	1.0	438.605	0.773325	0.0394184	0.756659	0.165995	0.00167691	142765.0	0.139122	0.119351	0.775514	0.0272353	-503326.0	4.0	12894.4	-11556300.0	7.0	4453.58	1.0	22680.0	812.55	4477.66	501.466	0.164876	0.0178459	1.19435	0.0928369	
1.6-2.4	3.0-6.5	0.0-100.0	0.393-0.785	0.016	0.264	41625.0	41619.0	6559.52	329.28	35060.7	544.081	-0.0242895	0.0544618	-0.05	0.0	0.95026	0.0	3.08995	0.0	0.0529652	0.0	0.0152077	0.0	0.03	0.0	1.86	0.19	5.0	0.0	1.38	0.32	0.0517424	0.0	0.000104776	0.00436801	0.299427	0.0595619	0.434071	0.259887	-0.00999985	0.0153683	0.01	0.00299825	1.61272	0.231443	0.802401	0.0188127	1.0	0.0806627	0.813506	0.000141982	0.731004	7.10645e-05	0.00103338	80.0379	0.14263	3.16984e-05	0.444071	0.000490466	-119681.0	4.0	2711.56	-2570240.0	3.0	1502.97	1.0	5334.02	362.052	1225.5	251.337	0.186828	0.0371508	1.22202	0.123423	
1.6-2.4	3.0-6.5	0.0-100.0	0.785-1.178	0.016	0.24	39226.0	39223.0	6455.09	322.805	32768.0	528.952	0.0490016	0.0556825	-0.05	0.0	0.95026	0.0	3.08995	0.0	0.0529652	0.0	0.0152077	0.0	0.03	0.0	1.86	0.19	5.0	0.0	1.38	0.32	0.0517424	0.0	2.10511e-05	0.000549047	0.244702	0.0585546	0.0818643	0.0702753	-0.01	0.0192987	0.01	0.00139679	2.29979	0.540786	1.08604	0.0156702	0.999993	506632.0	0.766601	7623.07	0.812498	8020.49	0.00211533	691089.0	0.164645	7322.05	1.20855	19281.8	-122426.0	4.0	2904.05	-2443360.0	3.0	688.955	1.0	5393.5	370.113	1061.59	258.948	0.164457	0.0392633	1.23123	0.0720315	
1.6-2.4	3.0-6.5	0.0-100.0	1.178-1.571	0.016	0.24	37928.0	37925.0	6623.54	322.599	31300.8	520.118	0.236148	0.0610767	-0.05	0.0	0.95026	0.0	3.08995	0.0	0.0529652	0.0	0.0152077	0.0	0.03	0.0	1.86	0.19	5.0	0.0	1.38	0.32	0.0517424	0.0	3.20725e-05	0.0130815	0.338923	0.0774459	0.862746	0.0705318	0.0058369	0.00486993	0.01	0.00494919	1.3149	0.0586406	0.6	0.0477773	1.0	5831590.0	0.733656	42933.3	0.793411	54345.9	0.00131578	8537930.0	0.145746	62065.7	1.09036	130872.0	-128325.0	4.0	2583.87	-2382500.0	3.0	2120.88	1.0	5587.95	343.716	1035.59	215.902	0.15635	0.0316941	1.24139	0.0331439	
1.6-2.4	3.0-6.5	10.0-60.0	0.000-0.393	0.016	0.209	23638.0	23608.0	5023.25	249.371	18585.3	380.437	-0.0059278	0.0705575	-0.05	0.0	0.95026	0.0	3.08995	0.0	0.0529652	0.0	0.015311	0.0	0.03	0.0	1.86	0.19	5.0	0.0	1.38	0.32	0.051744	0.0	0.000129268	0.000932346	0.291399	0.0675195	0.306676	0.0	-0.00606766	0.0	0.0075507	0.0017167	1.65447	0.0	0.895294	0.0218203	0.999997	2.78655	0.778776	0.00187035	0.721964	0.00210917	0.00174327	83.0307	0.109898	0.000890737	0.774955	0.0191475	-98507.0	4.0	526.794	-1262350.0	3.0	425.873	1.0	4361.78	266.768	661.466	159.238	0.131681	0.0310189	1.18118	0.00573345	
1.6-2.4	3.0-6.5	10.0-60.0	0.000-1.571	0.016	0.209	84368.0	84310.0	17189.3	467.874	67122.5	720.587	0.0618277	0.0377381	-0.05	0.0	0.95026	0.0	3.08995	0.0	0.0529652	0.0	0.015311	0.00350411	0.03	0.0	1.86	0.19	5.0	0.0	1.38	0.32	0.051744	2.57869e-05	2.44459e-05	0.000226863	0.295983	0.0341873	0.306676	0.0	-0.00606766	0.0	0.00861749	0.00098692	1.65447	0.0	0.899074	0.0117918	0.988907	1.26744	0.816619	0.474816	0.745896	0.389539	0.0560977	0.534683	0.118536	0.0658356	0.538375	0.787338	-377232.0	4.0	3002.78	-5141850.0	4.0	1870.12	1.0	14322.1	508.65	2867.15	335.924	0.166798	0.019008	1.18317	0.00310624	
1.6-2.4	3.0-6.5	10.0-60.0	0.393-0.785	0.016	0.209	21897.0	21871.0	4131.11	232.68	17740.7	367.377	-0.0241942	0.0725922	-0.05	0.0	0.95026	0.0	3.08995	0.0	0.0529652	0.0	0.015311	0.0	0.03	0.0	1.86	0.19	5.0	0.0	1.38	0.32	0.051744	0.0	0.000185134	0.00079819	0.297173	0.055342	0.306676	0.0	-0.00606766	0.0	0.00857369	0.00225043	1.65447	0.0	0.869458	0.0236304	0.439467	2.30392	0.900101	0.368771	0.427449	2.11247	0.00136507	0.298133	0.112035	0.120047	0.287888	0.199846	-92002.2	4.0	1014.18	-1142190.0	3.0	574.546	1.0	3151.43	249.62	979.68	183.98	0.237147	0.042485	1.16772	0.00609939	
1.6-2.4	3.0-6.5	10.0-60.0	0.785-1.178	0.016	0.2	19900.0	19900.0	3960.6	224.151	15939.6	346.356	0.0820201	0.0774076	-0.05	0.0	0.95026	0.0	3.08995	0.0	0.0529652	0.0	0.015311	0.0	0.03	0.0	1.86	0.19	5.0	0.0	1.38	0.32	0.051744	0.0	3.10689e-05	0.000375227	0.244485	0.0563619	0.306676	0.0	-0.00606766	0.0	0.00612749	0.00172488	1.65447	0.0	0.836075	0.0245088	0.359081	1.64407	0.938862	0.409364	1.09008e-05	11.0378	0.00399693	0.0309052	0.0809418	0.193195	0.376928	0.250393	-100681.0	4.0	546.539	-1041710.0	3.0	399.78	1.0	3261.86	253.623	698.742	178.351	0.176423	0.0439104	1.1507	0.00617324	
1.6-2.4	3.0-6.5	10.0-60.0	1.178-1.571	0.016	0.2	18932.0	18913.0	4082.0	227.505	14830.7	344.041	0.233964	0.083871	-0.05	0.0	0.95026	0.0	3.08995	0.0	0.0529652	0.0	0.015311	0.0	0.03	0.0	1.86	0.19	5.0	0.0	1.38	0.32	0.051744	0.0	1.12763e-05	0.178932	0.356538	0.104483	0.306676	0.0	-0.00606766	0.0	0.00874602	0.00196715	1.65447	0.0	0.936776	0.0247678	1.0	0.478385	0.860545	7.47378e-05	0.791757	7.06755e-05	0.00124794	24.5331	0.143622	3.74555e-05	0.557424	0.000501918	-88609.0	4.0	1040.34	-1016190.0	3.0	645.957	1.0	3510.98	246.002	571.015	152.445	0.139886	0.0365228	1.20328	0.0066844	
1.6-2.4	6.5-30.0	0.0-100.0	0.000-0.393	0.008	0.152	4625.0	4618.0	2136.41	89.9065	2482.51	94.5445	-0.354095	0.127101	-0.05	0.0	0.692622	0.0	3.09081	0.0	0.0557986	0.0	0.0306683	0.0	0.03	0.0	1.492	0.04	5.0	0.0	1.733	0.07	0.0494527	0.0	3.15307e-05	0.000173778	0.250193	0.0379165	0.171695	0.085994	0.00507026	0.00583142	0.00363925	0.00133906	1.8838	0.229153	0.911911	0.0283918	0.983814	2.36921	0.57506	0.524062	0.697758	0.251645	0.00111559	5.80253	0.239505	0.0646111	0.102942	0.0366764	-14164.3	4.0	250.676	-95275.9	3.0	2.25147	1.0	1643.26	92.9395	493.149	65.4694	0.23083	0.0290642	1.13934	0.0614425	
1.6-2.4	6.5-30.0	0.0-100.0	0.000-1.571	0.008	0.152	16210.0	16191.0	8303.94	275.064	7887.71	274.044	-0.450065	0.078077	-0.05	0.0	0.692622	0.164678	3.09081	0.00119779	0.0557986	0.0052156	0.0306683	0.00395755	0.03	0.0	1.492	0.04	5.0	0.0	1.733	0.07	0.0494527	0.00275102	1.37144e-05	0.000327844	0.261974	0.0212016	0.337019	0.0765519	0.00343684	0.00197833	0.00324948	0.000878875	1.60396	0.0792233	0.882914	0.0193216	0.753442	0.30563	0.844063	0.381	0.646611	0.126291	0.0662917	0.100224	0.227593	0.0458539	0.27781	0.390816	-47131.1	4.0	1294.06	-399009.0	7.0	68.7198	1.0	6370.45	244.193	1933.49	138.577	0.23284	0.0147989	1.17638	0.0347192	
1.6-2.4	6.5-30.0	0.0-100.0	0.393-0.785	0.008	0.145	4089.0	4080.0	2049.92	87.6832	2030.37	88.1269	-0.639442	0.147305	-0.05	0.0	0.692622	0.0	3.09081	0.0	0.0557986	0.0	0.0306683	0.0	0.03	0.0	1.492	0.04	5.0	0.0	1.733	0.07	0.0494527	0.0	1.91191e-05	0.000301555	0.275448	0.0505297	0.653479	0.0874734	0.00512757	0.00198312	0.00340925	0.00300738	1.36098	0.0597214	0.791655	0.0688001	0.822857	1.44284	0.687021	0.471964	0.580268	0.560041	0.0426396	0.284749	0.185758	0.0579533	0.347648	0.290589	-9921.57	4.0	473.873	-87165.9	3.0	4.70767	1.0	1577.83	92.8547	472.091	66.8943	0.230297	0.0311103	1.19482	0.032551	
1.6-2.4	6.5-30.0	0.0-100.0	0.785-1.178	0.008	0.145	3858.0	3855.0	2060.95	87.3629	1794.23	83.6268	-0.395077	0.152501	-0.05	0.0	0.692622	0.0	3.09081	0.0	0.0557986	0.0	0.0306683	0.0	0.03	0.0	1.492	0.04	5.0	0.0	1.733	0.07	0.0494527	0.0	1.00081e-05	0.000130579	0.273558	0.0475045	0.283905	0.121121	0.00876046	0.0144238	0.00188108	0.00183443	1.63893	0.152102	0.967375	0.0420439	0.48505	8.59622	0.689013	3.94563	0.358369	8.04444	0.0145556	0.530487	0.28555	0.119587	0.0885158	0.0967489	-11366.7	4.0	332.899	-81366.4	3.0	13.9197	1.0	1633.05	90.786	427.898	61.4742	0.207622	0.0285001	1.19697	0.0546128	
1.6-2.4	6.5-30.0	0.0-100.0	1.178-1.571	0.008	0.152	3638.0	3636.0	2059.23	85.0011	1577.34	76.9252	-0.419749	0.16039	-0.05	0.0	0.692622	0.0	3.09081	0.0	0.0557986	0.0	0.0306683	0.0	0.03	0.0	1.492	0.04	5.0	0.0	1.733	0.07	0.0494527	0.0	2.89134e-05	0.000256279	0.254611	0.0352183	0.350351	0.133684	-0.00427118	0.00495361	0.00233116	0.00166164	1.6055	0.129976	0.763794	0.0375354	0.999781	6.31745	0.586949	0.919351	0.645895	0.76091	0.00320712	7.6893	0.271021	0.0769033	0.0958643	0.0713324	-12222.6	4.0	242.89	-75035.4	3.0	5.7637	1.0	1515.91	86.1018	543.32	63.2535	0.263846	0.0287214	1.13229	0.0676371	
1.6-2.4	6.5-30.0	10.0-60.0	0.000-0.393	0.008	0.152	2756.0	2756.0	1422.52	68.7615	1334.12	66.5299	-0.455286	0.166933	-0.05	0.0	0.692622	0.0	3.09081	0.0	0.0557986	0.0	0.0300985	0.0	0.03	0.0	1.492	0.04	5.0	0.0	1.733	0.07	0.049345	0.0	3.15307e-05	0.000173778	0.242051	0.0427899	0.337019	0.0	0.00343684	0.0	0.00205907	0.00160298	1.60396	0.0	0.744513	0.0324547	0.958903	11.2049	0.721037	3.02107	0.706794	3.15101	0.00101868	8.44095	0.187359	0.0428499	0.128242	0.0623163	-9683.17	4.0	124.69	-49705.4	3.0	3.30023	1.0	1108.07	70.5881	314.453	48.4239	0.221053	0.0323204	1.1111	0.0072089	
1.6-2.4	6.5-30.0	10.0-60.0	0.000-1.571	0.008	0.16	9549.0	9548.0	5358.66	134.014	4189.38	121.836	-0.490707	0.0961651	-0.05	0.0	0.692622	0.0	3.09081	0.0	0.0557986	0.0	0.0300985	0.00233341	0.03	0.0	1.492	0.04	5.0	0.0	1.733	0.07	0.049345	0.000218744	3.34301e-05	6.81326e-05	0.242315	0.0216709	0.337019	0.0	0.00343684	0.0	0.00345381	0.00102547	1.60396	0.0	0.800199	0.0225791	0.601317	0.393242	0.884202	0.109643	0.523918	0.284265	0.0290509	0.0201785	0.193149	0.0285502	0.340316	0.207605	-30513.9	4.0	684.594	-207697.0	4.0	9.63201	1.0	4009.14	139.276	1349.52	102.391	0.251839	0.0180397	1.13647	0.00527009	
1.6-2.4	6.5-30.0	10.0-60.0	0.393-0.785	0.008	0.145	2379.0	2377.0	1343.85	65.474	1033.48	60.0345	-0.546406	0.196554	-0.05	0.0	0.692622	0.0	3.09081	0.0	0.0557986	0.0	0.0300985	0.0	0.03	0.0	1.492	0.04	5.0	0.0	1.733	0.07	0.049345	0.0	1.91191e-05	0.000301555	0.194974	0.0352624	0.337019	0.0	0.00343684	0.0	0.00478048	0.00234695	1.60396	0.0	0.901153	0.0536716	0.569003	0.411626	0.821651	0.237451	0.436104	0.467077	0.0284271	0.0240509	0.179737	0.0530749	0.573512	0.677616	-7260.33	4.0	107.767	-42912.2	3.0	3.19212	1.0	1028.53	71.6279	315.314	53.4359	0.234635	0.0380847	1.18551	0.0135241	
1.6-2.4	6.5-30.0	10.0-60.0	0.785-1.178	0.008	0.145	2249.0	2247.0	1297.05	66.0399	949.901	58.1344	-0.363903	0.203132	-0.05	0.0	0.692622	0.0	3.09081	0.0	0.0557986	0.0	0.0300985	0.0	0.03	0.0	1.492	0.04	5.0	0.0	1.733	0.07	0.049345	0.0	1.00081e-05	0.000130579	0.260207	0.0476011	0.337019	0.0	0.00343684	0.0	0.00144687	0.00243881	1.60396	0.0	0.917281	0.0524573	0.999396	4.65854	0.673347	0.33778	0.642716	0.193102	0.00161803	1.03175	0.197061	0.0561186	0.142735	0.132144	-6972.12	4.0	241.263	-41828.5	3.0	3.65956	1.0	948.965	69.162	348.08	52.5636	0.268364	0.0381527	1.19368	0.0133626	
1.6-2.4	6.5-30.0	10.0-60.0	1.178-1.571	0.008	0.152	2163.0	2162.0	1295.66	65.5753	866.782	55.9206	-0.606725	0.212346	-0.05	0.0	0.692622	0.0	3.09081	0.0	0.0557986	0.0	0.0300985	0.0	0.03	0.0	1.492	0.04	5.0	0.0	1.733	0.07	0.049345	0.0	2.89134e-05	0.000256279	0.262633	0.043681	0.337019	0.0	0.00343684	0.0	0.00174522	0.00194847	1.60396	0.0	0.640818	0.0528789	0.887212	1.56535	0.287522	0.668024	6.54808e-09	1.34256	0.0252911	0.0384692	0.258768	0.0925616	0.0227089	0.00700468	-6976.87	4.0	219.09	-40212.7	3.0	7.18374	1.0	906.17	66.9084	389.493	52.5544	0.300613	0.0376003	1.06738	0.0105237	
