ctau1mm
rap	pT	cent	dPhi	ctauErrMin	ctauErrMax	NoCutEntry	CutEntry	NSig	NSigErr	NBkg	NBkgErr	coefExp	coefExpErr	coefPol1	coefPol1Err	coeffGaus	coeffGausErr	meanSig1	meanSig1Err	sigmaSig1	sigmaSig1Err	sigmaSig2	sigmaSig2Err	sigmaSig3	sigmaSig3Err	alpha	alphaErr	enne	enneErr	enneW	enneWErr	sigWidth	sigWidthErr	Gmc	GmcErr	bTau	bTauErr	fracRes	fracResErr	meanResSigW	meanResSigWErr	meanResSigN	meanResSigNErr	sigmaResSigW	sigmaResSigWErr	sigmaResSigN	sigmaResSigNErr	fpm	fpmErr	fLiving	fLivingErr	fbkgCtTot	fbkgCtTotErr	lambdam	lambdamErr	lambdap	lambdapErr	lambdasym	lambdasymErr	NLL	nFitPar	EDM	NLLMass	nFitParMass	EDMMass	Prob	PROMPT	PROMPTErr	NON-PROMPT	NON-PROMPTErr	Bfraction	BfractionErr	Resolution	ResolutionErr	
0.0-0.4	6.5-30.0	0.0-100.0	0.000-1.571	0.008	0.064	5268.0	5265.0	3469.85	179.279	1795.79	145.165	-0.149707	0.245062	-0.05	0.0	0.536153	0.134765	3.09301	0.00120371	0.0190074	0.00732975	0.0186725	0.0101189	0.03	0.0	1.492	0.04	5.0	0.0	1.733	0.07	0.0188528	0.00305414	1.86511e-05	9.62505e-05	0.444647	0.110827	0.650386	0.167133	-0.000266231	0.00113589	0.00232738	0.00182895	1.30969	0.063225	0.711231	0.0401608	0.644944	0.951956	0.544499	0.460447	0.248599	0.602782	0.0281281	0.0997144	0.368889	0.182006	0.0736704	0.0222265	-13901.0	4.0	11862.0	-209451.0	7.0	119924.0	1.0	2253.69	157.967	1216.17	123.868	0.350496	0.030764	1.13686	0.050559	
0.0-1.2	6.5-30.0	0.0-10.0	0.000-1.571	0.008	0.088	7316.0	7313.0	3873.2	137.627	3439.89	136.509	0.0249754	0.135127	-0.05	0.0	0.508845	0.0	3.09245	0.0	0.0193171	0.0	0.0363885	0.00243166	0.03	0.0	1.492	0.04	5.0	0.0	1.733	0.07	0.0289867	0.00074965	1.48841e-05	2.84191e-05	0.307186	0.0530283	0.236177	0.0	5.83622e-05	0.0	0.00264256	0.00133444	1.60413	0.0	0.97819	0.0353827	0.640603	0.150687	1.0	1.2575e-05	0.580442	0.0809824	0.095736	0.0274289	0.225975	0.0462606	0.873618	15.9125	-22521.4	4.0	5900.61	-230751.0	4.0	142.385	1.0	2616.23	143.918	1256.97	118.597	0.324529	0.0283655	1.15698	0.0114248	
0.0-1.2	6.5-30.0	0.0-100.0	0.000-1.571	0.008	0.105	20043.0	20039.0	12481.7	391.38	7557.18	357.966	0.0244311	0.184615	-0.05	0.0	0.508845	0.524773	3.09245	0.000870126	0.0193171	0.00561923	0.0352406	0.0172915	0.03	0.0	1.492	0.04	5.0	0.0	1.733	0.07	0.0282815	0.00538066	1.87255e-05	2.6751e-05	0.399838	0.0539422	0.236177	0.079527	5.83622e-05	0.00144617	0.000979928	0.000657423	1.60413	0.0920545	0.895597	0.0190946	0.609893	0.188248	0.935894	0.0871373	0.464119	0.160168	0.0598619	0.0360341	0.217588	0.029512	1.32414	6.66704	-13129.4	4.0	49736.9	-862053.0	7.0	1036690.0	1.0	8484.44	342.994	3997.29	250.155	0.320251	0.0173445	1.10472	0.0360578	
0.0-1.2	6.5-30.0	10.0-20.0	0.000-1.571	0.008	0.088	4903.0	4901.0	2996.09	136.057	1904.81	107.532	0.104882	0.222345	-0.05	0.0	0.508845	0.0	3.09245	0.0	0.0193171	0.0	0.0347471	0.00111847	0.03	0.0	1.492	0.04	5.0	0.0	1.733	0.07	0.02798	0.000341103	1.48841e-05	2.84191e-05	0.498079	0.155726	0.236177	0.0	5.83622e-05	0.0	0.0013075	0.00142569	1.60413	0.0	0.913456	0.0408685	0.450615	3.89572	0.844769	0.872651	0.318397	4.46199	0.0352785	0.204268	0.266635	0.225607	0.574841	1.50365	-3536.03	4.0	13589.8	-211466.0	4.0	433.894	1.0	1897.2	141.841	1098.89	123.233	0.366774	0.0376082	1.11583	0.0127774	
0.0-1.2	6.5-30.0	20.0-30.0	0.000-1.571	0.008	0.105	3437.0	3434.0	2250.5	110.456	1184.08	88.8316	0.323339	0.424581	-0.05	0.0	0.508845	0.0	3.09245	0.0	0.0193171	0.0	0.0359804	0.00408507	0.03	0.0	1.492	0.04	5.0	0.0	1.733	0.07	0.0287354	0.00125614	1.87255e-05	2.6751e-05	0.564202	0.339788	0.236177	0.0	5.83622e-05	0.0	0.00156227	0.00158167	1.60413	0.0	0.860459	0.0450138	0.538369	0.00704245	1.0	98.381	0.38839	0.00962504	0.0446205	0.000633457	0.186239	0.00270038	0.0327507	436.157	23402.3	4.0	18719.2	-163080.0	4.0	738822.0	1.0	1534.96	144.267	715.534	127.948	0.317945	0.0546696	1.08317	0.0136565	
0.0-1.2	6.5-30.0	30.0-40.0	0.000-1.571	0.008	0.064	2014.0	2012.0	1450.07	78.8524	562.142	51.4712	-0.467523	0.292999	-0.05	0.0	0.508845	0.0	3.09245	0.0	0.0193171	0.0	0.0370862	0.00246361	0.03	0.0	1.492	0.04	5.0	0.0	1.733	0.07	0.0294177	0.000762717	2.67574e-05	4.09709e-05	0.321301	0.0891364	0.236177	0.0	5.83622e-05	0.0	-0.000863539	0.00174788	1.60413	0.0	0.848423	0.0480129	0.587953	0.0428696	0.999976	32.372	0.421406	0.0540142	0.0663016	0.00477187	0.199654	0.0215018	0.058167	83.6799	-10175.7	4.0	2088.45	-55442.6	4.0	176.276	1.0	1033.32	82.2472	416.742	64.1933	0.287395	0.0414189	1.0759	0.0144598	
0.0-1.2	6.5-30.0	40.0-50.0	0.000-1.571	0.016	0.048	1213.0	1199.0	917.166	65.9381	282.244	46.99	-0.293644	0.619473	-0.05	0.0	0.508845	0.0	3.09245	0.0	0.0193171	0.0	0.0352488	0.000471258	0.03	0.0	1.492	0.04	5.0	0.0	1.733	0.07	0.0282865	0.000144216	1.07336e-05	8.63113e-05	0.296567	0.0639237	0.236177	0.0	5.83622e-05	0.0	-0.00277489	0.00215524	1.60413	0.0	0.902616	0.0704476	0.725486	29.8603	1.0	0.0477256	0.282381	24.7665	0.0081696	0.279598	0.876536	2.5188	4.98973	224.254	-4037.23	4.0	401.288	-27293.5	4.0	798.947	1.0	632.838	58.4846	284.328	42.0516	0.310008	0.0400681	1.10907	0.0218964	
0.0-1.2	6.5-30.0	50.0-100.0	0.000-1.571	0.008	0.056	1158.0	1156.0	992.052	63.6798	164.243	37.8279	-0.893636	0.749378	-0.05	0.0	0.508845	0.0	3.09245	0.0	0.0193171	0.0	0.0315798	0.00203744	0.03	0.0	1.492	0.04	5.0	0.0	1.733	0.07	0.026071	0.000606072	1.7457e-05	3.13754e-05	0.416055	0.164857	0.236177	0.0	5.83622e-05	0.0	0.00181583	0.00157023	1.60413	0.0	0.777109	0.062208	0.510879	0.215419	1.0	5.31679	9.37378e-07	1.77288	0.0152835	0.0274365	0.228513	0.0613809	0.0200075	576.838	-5663.56	4.0	1862.15	-33417.7	4.0	1931.19	1.0	716.676	65.2898	275.376	49.5873	0.277582	0.0467009	1.03393	0.0178567	
0.0-2.4	10.0-13.0	0.0-100.0	0.000-1.571	0.008	0.136	6519.0	6518.0	4725.27	333.625	1793.09	255.03	-0.704518	0.31056	-0.05	0.0	0.48839	0.452435	3.09216	0.00239813	0.0422562	0.00754724	0.0218031	0.00968917	0.03	0.0	1.492	0.04	5.0	0.0	1.733	0.07	0.0333956	0.00283842	1.21637e-05	1.85867	0.420909	0.0912254	0.294117	0.0867943	0.000270012	0.00176522	0.000286876	0.000922524	1.60695	0.0922641	0.797927	0.0258826	0.87426	0.314552	0.530121	0.242227	8.56055e-08	7.20242	0.0858056	0.0991484	0.278035	0.0588166	0.0265918	0.0215415	-6945.91	4.0	16081.4	-194072.0	7.0	29887.6	1.0	3194.7	257.115	1530.56	164.038	0.323911	0.0261174	1.09951	0.0437199	
0.0-2.4	10.0-30.0	0.0-100.0	0.000-1.571	0.004	0.144	10141.0	10140.0	7415.47	297.982	2724.55	227.535	-0.741605	0.187335	-0.05	0.0	0.48923	0.24356	3.0931	0.0013388	0.0434118	0.00503826	0.0214118	0.00529921	0.03	0.0	1.492	0.04	5.0	0.0	1.733	0.07	0.0340025	0.00178945	1.70873e-05	5.44529e-05	0.379285	0.0526611	0.236071	0.0672041	0.00122446	0.0014114	0.00016625	0.00066526	1.62051	0.0854295	0.863005	0.0205031	0.910058	0.447073	0.732302	0.800407	0.281082	0.47632	0.0797087	0.135264	0.291947	0.0674798	0.0379422	0.0715821	-11983.5	4.0	19961.0	-282230.0	7.0	235526.0	1.0	4824.71	239.326	2590.77	174.721	0.349373	0.0189224	1.09036	0.033216	
0.0-2.4	11.0-13.0	0.0-100.0	0.000-1.571	0.008	0.105	3479.0	3478.0	2615.66	219.492	862.234	167.351	-0.899343	0.340436	-0.05	0.0	0.478891	0.511639	3.09216	0.00291996	0.0444517	0.0164339	0.0209073	0.0108379	0.03	0.0	1.492	0.04	5.0	0.0	1.733	0.07	0.0342644	0.0053879	1.31317e-05	0.000141526	0.509907	0.175577	0.127384	0.054916	-0.0011181	0.00400296	0.0017842	0.00135538	1.9166	0.182182	0.916901	0.0392106	0.822319	0.285096	0.588874	0.206823	7.5838e-06	8.59602	0.0743466	0.0655677	0.281921	0.0712908	0.02	0.138607	-3002.49	4.0	13028.3	-127309.0	7.0	1691810.0	1.0	1643.43	172.736	972.227	132.193	0.371695	0.0397663	1.09615	0.0433027	
0.0-2.4	13.0-16.0	0.0-100.0	0.000-1.571	0.008	0.08	2176.0	2171.0	1658.44	108.504	513.015	82.9593	-0.616762	0.319949	-0.05	0.0	0.618121	0.370036	3.09456	0.00219479	0.0450098	0.011046	0.0171285	0.0100921	0.03	0.0	1.492	0.04	5.0	0.0	1.733	0.07	0.0369361	0.00425499	3.22941e-05	7.28178e-05	0.419178	0.101461	0.190435	0.151414	0.000860929	0.00325109	0.00242594	0.0014143	1.61744	0.225591	0.941568	0.045027	0.913869	0.682775	0.753956	0.981081	0.138768	0.195902	0.0471909	0.0301699	0.21681	0.0796176	0.0381781	0.0337736	-4334.04	4.0	2481.98	-43538.7	7.0	224602.0	1.0	1092.05	91.3061	566.395	67.8621	0.341523	0.03428	1.10269	0.0689935	
0.0-2.4	13.0-30.0	0.0-100.0	0.000-1.571	0.008	0.105	3621.0	3621.0	2696.55	104.035	925.637	80.672	-0.826116	0.206498	-0.05	0.0	0.488758	0.220332	3.09481	0.00122907	0.0458409	0.00749735	0.0206736	0.00417749	0.03	0.0	1.492	0.04	5.0	0.0	1.733	0.07	0.0352927	0.00246063	1.00009e-05	0.0022258	0.321146	0.045046	0.132772	0.0920488	0.00351245	0.00313808	3.05416e-05	0.000913665	1.67468	0.204192	0.934663	0.0327908	0.905335	0.87835	0.861053	1.48833	0.341697	0.344734	0.0429625	0.0301759	0.315218	0.12201	0.0409397	0.0310789	-6072.88	4.0	3329.06	-70162.5	7.0	191965.0	1.0	1632.08	92.0361	1064.47	78.6919	0.394753	0.0248932	1.063	0.0485772	
0.0-2.4	16.0-30.0	0.0-100.0	0.000-1.571	0.008	0.064	1445.0	1443.0	1039.87	50.9621	403.267	40.4347	-1.01479	0.33525	-0.05	0.0	0.302691	0.378602	3.09386	0.00181411	0.0201668	0.00673882	0.0365778	0.00964831	0.03	0.0	1.492	0.04	5.0	0.0	1.733	0.07	0.032497	0.00383888	1.03669e-05	0.000212641	0.226329	0.0280505	0.0950778	0.106211	0.00728087	0.00535444	-0.001521	0.00108773	1.70142	0.346312	0.884819	0.0439286	0.56853	7.70581	0.97216	0.4304	0.115291	12.7766	0.0071698	0.0258153	0.421074	0.145983	0.0550496	0.0787739	-2461.65	4.0	461.066	-21074.1	7.0	103.48	1.0	553.646	42.5086	486.228	40.4796	0.467583	0.031468	0.991817	0.0656414	
0.0-2.4	6.5-30.0	0.0-10.0	0.000-1.571	0.008	0.184	18537.0	18537.0	8603.83	203.729	9934.97	219.55	-0.142101	0.0718424	-0.05	0.0	0.409554	0.0	3.09253	0.0	0.0494645	0.0	0.0249793	0.00115927	0.03	0.0	1.492	0.04	5.0	0.0	1.733	0.07	0.0370201	0.000230928	1.10484e-05	0.188378	0.307736	0.0357242	0.197932	0.0	0.00209112	0.0	0.00213723	0.000826482	1.70729	0.0	0.966259	0.0205837	0.906898	0.356091	0.386949	0.284193	0.471216	0.229304	0.282775	0.877741	0.319673	0.102935	0.067074	0.0549689	-32634.2	4.0	9321.97	-588612.0	4.0	236.671	1.0	6154.13	218.11	2449.7	172.342	0.284721	0.0188621	1.15143	0.00692722	
0.0-2.4	6.5-30.0	0.0-100.0	0.000-1.571	0.004	0.184	48211.0	48211.0	27015.2	582.116	21196.5	566.539	-0.194307	0.0558223	-0.05	0.0	0.409554	0.137589	3.09253	0.000499961	0.0494645	0.00690946	0.024487	0.00209572	0.03	0.0	1.492	0.04	5.0	0.0	1.733	0.07	0.0368254	0.00194454	1.10484e-05	0.188378	0.337898	0.027311	0.197932	0.0374389	0.00209112	0.00129423	0.00255599	0.000454022	1.70729	0.0620358	0.943167	0.0115898	0.603876	0.226805	0.92681	0.0898804	0.526695	0.16517	0.0582598	0.0372964	0.238035	0.0428624	0.614588	1.35099	-58808.8	4.0	63618.0	-1736120.0	7.0	8835.43	1.0	19401.9	519.808	7613.36	349.763	0.281817	0.0114344	1.13597	0.0194548	
0.0-2.4	6.5-30.0	0.0-5.0	0.000-1.571	0.008	0.184	10088.0	10088.0	4643.05	152.184	5445.7	160.187	-0.0354848	0.0961548	-0.05	0.0	0.409554	0.0	3.09253	0.0	0.0494645	0.0	0.0241115	0.001631	0.03	0.0	1.492	0.04	5.0	0.0	1.733	0.07	0.0366788	0.000316528	1.10484e-05	0.188378	0.324593	0.0586626	0.197932	0.0	0.00209112	0.0	0.00454394	0.001229	1.70729	0.0	1.06912	0.0291723	0.714014	0.856917	0.869921	1.52812	0.657964	0.415145	0.0785136	0.394845	0.225591	0.128943	0.280077	1.70009	-18815.7	4.0	5952.96	-296490.0	4.0	46.9938	1.0	3357.55	168.893	1285.5	134.867	0.276865	0.0275932	1.22217	0.010234	
0.0-2.4	6.5-30.0	10.0-15.0	0.000-1.571	0.008	0.152	6379.0	6378.0	3288.15	113.964	3089.95	113.414	-0.130949	0.128	-0.05	0.0	0.409554	0.0	3.09253	0.0	0.0494645	0.0	0.0239418	0.00119893	0.03	0.0	1.492	0.04	5.0	0.0	1.733	0.07	0.0366131	0.000231453	2.54256e-05	2.68579e-05	0.321201	0.0489965	0.197932	0.0	0.00209112	0.0	0.00491286	0.0013463	1.70729	0.0	0.947223	0.0310745	0.407669	0.101802	0.848331	0.151819	0.344226	0.169528	0.0293276	0.0108628	0.176849	0.0445203	0.178476	0.113722	-17531.7	4.0	2278.46	-155815.0	4.0	178.468	1.0	2313.61	118.505	974.535	93.5645	0.296378	0.0265363	1.13867	0.0103666	
0.0-2.4	6.5-30.0	10.0-20.0	0.000-1.571	0.008	0.16	11717.0	11715.0	6351.86	177.92	5363.0	158.598	-0.151196	0.100794	-0.05	0.0	0.409554	0.0	3.09253	0.0	0.0494645	0.0	0.0239934	0.000709968	0.03	0.0	1.492	0.04	5.0	0.0	1.733	0.07	0.0366331	0.00013728	1.13588e-05	0.0219528	0.37843	0.069814	0.197932	0.0	0.00209112	0.0	0.0030153	0.0010363	1.70729	0.0	0.961503	0.0251463	0.480056	0.625899	0.857936	0.285151	0.405448	0.849576	0.0350516	0.0610963	0.191316	0.159452	0.417782	0.987882	-14818.9	4.0	16942.8	-377705.0	4.0	5124.1	1.0	4411.39	206.26	1940.48	173.865	0.305498	0.0260004	1.14823	0.00844453	
0.0-2.4	6.5-30.0	15.0-20.0	0.000-1.571	0.008	0.16	5337.0	5337.0	3060.69	136.3	2276.35	110.124	-0.177908	0.161063	-0.05	0.0	0.409554	0.0	3.09253	0.0	0.0494645	0.0	0.0240385	0.000260435	0.03	0.0	1.492	0.04	5.0	0.0	1.733	0.07	0.0366505	5.04286e-05	1.13588e-05	0.0219528	0.439958	0.148636	0.197932	0.0	0.00209112	0.0	-0.000454234	0.0015666	1.70729	0.0	0.976608	0.0389147	0.710309	11.1915	0.777321	3.59909	0.520526	5.08337	0.0532833	1.33072	0.206694	2.6286	0.623653	12.9488	-533.572	4.0	13832.2	-192949.0	4.0	572469.0	1.0	2081.24	163.444	979.448	141.515	0.320009	0.0439853	1.15841	0.0131568	
0.0-2.4	6.5-30.0	20.0-25.0	0.000-1.571	0.008	0.145	4292.0	4292.0	2570.98	96.7634	1721.18	82.6094	-0.19632	0.167401	-0.05	0.0	0.409554	0.0	3.09253	0.0	0.0494645	0.0	0.023447	0.00151693	0.03	0.0	1.492	0.04	5.0	0.0	1.733	0.07	0.0364235	0.000288283	1.27502e-05	0.000164255	0.3225	0.0551981	0.197932	0.0	0.00209112	0.0	0.00243326	0.00114671	1.70729	0.0	0.849898	0.0281153	0.459125	0.0923972	0.927758	0.13564	0.345471	0.224698	0.0398185	0.01298	0.156052	0.0369319	0.797272	2.88145	-12197.7	4.0	1614.57	-99856.5	4.0	56.4503	1.0	1890.6	98.6462	680.379	72.9631	0.264638	0.0265743	1.07531	0.00891161	
0.0-2.4	6.5-30.0	20.0-30.0	0.000-1.571	0.008	0.152	7951.0	7951.0	4873.09	144.617	3078.25	119.454	-0.0900923	0.161671	-0.05	0.0	0.409554	0.0	3.09253	0.0	0.0494645	0.0	0.0237644	0.000927913	0.03	0.0	1.492	0.04	5.0	0.0	1.733	0.07	0.0365448	0.000178139	2.54256e-05	2.68579e-05	0.418827	0.124788	0.197932	0.0	0.00209112	0.0	0.00264287	0.0010336	1.70729	0.0	0.871105	0.0263203	0.484732	0.991712	0.954609	0.243002	0.384724	1.22897	0.0385242	0.0640465	0.163362	0.0647518	0.705151	5.91952	12297.8	4.0	25034.3	-280969.0	4.0	1728.26	1.0	3519.69	190.39	1353.4	164.168	0.277729	0.032665	1.08884	0.00844461	
0.0-2.4	6.5-30.0	25.0-30.0	0.000-1.571	0.008	0.136	3659.0	3655.0	2299.87	108.568	1355.35	85.6332	0.046141	0.299439	-0.05	0.0	0.409554	0.0	3.09253	0.0	0.0494645	0.0	0.0241328	0.000947572	0.03	0.0	1.492	0.04	5.0	0.0	1.733	0.07	0.0366871	0.000184017	1.61666e-05	1.68756e-05	0.536491	0.345338	0.197932	0.0	0.00209112	0.0	0.00181527	0.00186971	1.70729	0.0	0.909862	0.0494077	0.664175	0.0243743	0.999598	10.3694	0.556772	0.0145539	0.0495773	0.00423397	0.171182	0.00626394	0.0842007	48.8727	19277.1	4.0	18962.4	-157369.0	4.0	13967.9	1.0	1615.95	165.03	683.922	149.861	0.297374	0.0636303	1.11397	0.0161837	
0.0-2.4	6.5-30.0	30.0-35.0	0.000-1.571	0.008	0.128	2767.0	2765.0	1686.13	75.8704	1079.0	66.2648	-0.413506	0.202593	-0.05	0.0	0.409554	0.0	3.09253	0.0	0.0494645	0.0	0.0248863	0.00192651	0.03	0.0	1.492	0.04	5.0	0.0	1.733	0.07	0.0369831	0.000382717	1.79639e-05	0.125254	0.293975	0.0700636	0.197932	0.0	0.00209112	0.0	0.00200499	0.00161754	1.70729	0.0	0.907438	0.0421925	0.643013	0.402804	0.861484	2.93432	0.454246	1.53718	0.0555812	0.0287059	0.318081	0.171901	0.0397103	0.197202	-8436.42	4.0	894.714	-57762.0	4.0	38.4999	1.0	1291.12	79.1363	395.006	56.5974	0.234268	0.0318683	1.11238	0.0138032	
0.0-2.4	6.5-30.0	30.0-40.0	0.000-1.571	0.008	0.128	4770.0	4767.0	3101.42	107.068	1666.28	85.4438	-0.403703	0.164894	-0.05	0.0	0.409554	0.0	3.09253	0.0	0.0494645	0.0	0.0242775	0.00112505	0.03	0.0	1.492	0.04	5.0	0.0	1.733	0.07	0.0367434	0.000219455	1.79639e-05	0.125254	0.256687	0.0456388	0.197932	0.0	0.00209112	0.0	0.00130643	0.0012136	1.70729	0.0	0.848806	0.030841	0.759454	0.530352	0.624653	1.03956	0.393233	0.468832	0.0652055	0.0317391	0.378459	0.201753	0.0565795	0.0442762	-14578.1	4.0	3060.36	-118199.0	4.0	403.179	1.0	2256.71	118.893	844.715	94.4274	0.272364	0.0289583	1.07462	0.00976929	
0.0-2.4	6.5-30.0	35.0-40.0	0.000-1.571	0.008	0.12	2002.0	2002.0	1411.26	75.2059	591.352	53.4928	-0.381839	0.280695	-0.05	0.0	0.409554	0.0	3.09253	0.0	0.0494645	0.0	0.0235499	0.00125377	0.03	0.0	1.492	0.04	5.0	0.0	1.733	0.07	0.0364627	0.00023906	2.47093e-05	3.60563e-05	0.233373	0.0590035	0.197932	0.0	0.00209112	0.0	0.00118295	0.00177994	1.70729	0.0	0.796074	0.0438956	1.0	421.946	0.429594	0.0689348	0.383506	0.0453348	0.0330818	535.531	0.501393	0.124928	0.0782646	0.00651826	-6518.23	4.0	2056.06	-50652.1	4.0	1293.4	1.0	965.54	86.4974	445.722	73.4747	0.315832	0.0492676	1.04175	0.0134522	
0.0-2.4	6.5-30.0	40.0-45.0	0.000-1.571	0.008	0.12	1521.0	1520.0	1088.53	57.7518	431.547	43.8409	-0.426577	0.357817	-0.05	0.0	0.409554	0.0	3.09253	0.0	0.0494645	0.0	0.0233341	0.00231697	0.03	0.0	1.492	0.04	5.0	0.0	1.733	0.07	0.0363807	0.000438723	2.47093e-05	3.60563e-05	0.261174	0.0532752	0.197932	0.0	0.00209112	0.0	-0.0019711	0.00183251	1.70729	0.0	0.926817	0.0497598	0.999342	27.9672	1.0	0.154089	0.648389	1.11299	0.00100116	0.345934	0.93423	1.4889	0.576239	0.644441	-4153.42	4.0	320.449	-28748.8	4.0	115.603	1.0	798.279	57.3	290.255	41.5536	0.266648	0.0354557	1.12513	0.0164381	
0.0-2.4	6.5-30.0	40.0-50.0	0.000-1.571	0.008	0.136	2716.0	2713.0	1982.34	78.3594	731.273	55.7317	-0.933177	0.262513	-0.05	0.0	0.409554	0.0	3.09253	0.0	0.0494645	0.0	0.0247544	0.00175375	0.03	0.0	1.492	0.04	5.0	0.0	1.733	0.07	0.0369308	0.000347042	1.61666e-05	1.68756e-05	0.278561	0.0399355	0.197932	0.0	0.00209112	0.0	-0.000736358	0.00134034	1.70729	0.0	0.828406	0.0387123	0.499434	1.74069	1.0	0.0263003	0.105771	3.12876	0.0209752	0.118633	0.469776	0.273083	4.8072	552.623	-8407.72	4.0	568.842	-56874.4	4.0	82.2766	1.0	1405.89	76.9426	576.455	57.8882	0.290795	0.0268445	1.06177	0.0121127	
0.0-2.4	6.5-30.0	45.0-50.0	0.000-1.571	0.008	0.136	1194.0	1193.0	898.372	52.9176	295.111	33.6697	-1.73424	0.413158	-0.05	0.0	0.409554	0.0	3.09253	0.0	0.0494645	0.0	0.0268568	0.00258082	0.03	0.0	1.492	0.04	5.0	0.0	1.733	0.07	0.0377882	0.000541508	1.61666e-05	1.68756e-05	0.297024	0.0575867	0.197932	0.0	0.00209112	0.0	-0.00319877	0.00202715	1.70729	0.0	0.750672	0.0526183	0.816774	1.67202	0.628681	1.3243	2.39507e-05	36.8609	0.0284874	0.0578661	0.277463	0.0958124	0.0264346	0.0258082	-4570.19	4.0	266.722	-23152.7	4.0	0.353319	1.0	594.645	51.7127	303.728	42.0405	0.338087	0.0423474	1.01435	0.0156163	
0.0-2.4	6.5-30.0	5.0-10.0	0.000-1.571	0.008	0.112	8449.0	8417.0	3959.25	135.87	4458.67	149.964	-0.259294	0.109597	-0.05	0.0	0.409554	0.0	3.09253	0.0	0.0494645	0.0	0.0258085	0.00163802	0.03	0.0	1.492	0.04	5.0	0.0	1.733	0.07	0.0373545	0.00033411	1.67157e-05	3.06522e-05	0.293793	0.0420101	0.197932	0.0	0.00209112	0.0	0.000823412	0.00116703	1.70729	0.0	0.924291	0.0298255	0.907421	0.389526	0.320217	0.282771	0.395137	0.252988	0.217175	0.470968	0.400117	0.209655	0.0697889	0.0393799	-14792.1	4.0	3075.63	-247595.0	4.0	537.163	1.0	2806.81	138.478	1152.43	107.062	0.291074	0.0251284	1.12346	0.00984059	
0.0-2.4	6.5-30.0	50.0-100.0	0.000-1.571	0.008	0.088	2518.0	2501.0	2071.96	82.7369	429.691	49.9255	-0.74206	0.356238	-0.05	0.0	0.409554	0.0	3.09253	0.0	0.0494645	0.0	0.0247125	0.00136837	0.03	0.0	1.492	0.04	5.0	0.0	1.733	0.07	0.0369142	0.000270442	2.59256e-05	2.3357e-05	0.340506	0.0825695	0.197932	0.0	0.00209112	0.0	0.00322214	0.00123139	1.70729	0.0	0.855116	0.0433435	0.541929	0.946217	1.0	301.475	4.72043e-05	8.61191	0.0112455	0.208777	0.248705	0.0894808	0.0304439	1037.36	-9539.24	4.0	2159.58	-59805.7	4.0	1214.15	1.0	1562.33	89.5282	509.635	67.3602	0.245967	0.0309912	1.07862	0.0137803	
0.0-2.4	6.5-30.0	50.0-55.0	0.000-1.571	0.008	0.08	880.0	871.0	717.224	43.7757	154.475	23.7042	-0.347809	0.471688	-0.05	0.0	0.409554	0.0	3.09253	0.0	0.0494645	0.0	0.0263136	0.00251448	0.03	0.0	1.492	0.04	5.0	0.0	1.733	0.07	0.0375619	0.000520033	1.06333e-05	0.0003574	0.250292	0.0694765	0.197932	0.0	0.00209112	0.0	0.00287278	0.0026373	1.70729	0.0	0.90613	0.0742962	0.548138	2.34336	0.895277	7.17735	0.000143217	20.2013	0.0270127	0.0708575	0.209972	0.123053	0.0224806	0.501929	-4118.72	4.0	145.501	-14240.2	4.0	15.943	1.0	551.25	47.4236	165.974	34.9228	0.231411	0.0465981	1.11153	0.0242894	
0.0-2.4	6.5-30.0	50.0-60.0	0.000-1.571	0.008	0.08	1412.0	1400.0	1166.92	54.4423	233.161	29.4963	-0.447579	0.385791	-0.05	0.0	0.409554	0.0	3.09253	0.0	0.0494645	0.0	0.0267825	0.00196036	0.03	0.0	1.492	0.04	5.0	0.0	1.733	0.07	0.0377571	0.000410524	1.06333e-05	0.0003574	0.226345	0.0426149	0.197932	0.0	0.00209112	0.0	0.0032754	0.00188184	1.70729	0.0	0.865067	0.0510332	0.763277	16.4072	0.638113	16.9452	0.000204371	112.765	0.0201313	0.0800831	0.295119	0.196518	0.02	0.443571	-6398.63	4.0	147.382	-23464.6	4.0	18.6555	1.0	887.761	56.9223	279.158	41.1619	0.239227	0.0334617	1.08497	0.016318	
0.0-2.4	6.5-30.0	55.0-60.0	0.000-1.571	0.008	0.073	531.0	526.0	448.91	32.3137	77.6517	17.4847	-0.668059	0.702264	-0.05	0.0	0.409554	0.0	3.09253	0.0	0.0494645	0.0	0.0274553	0.0030746	0.03	0.0	1.492	0.04	5.0	0.0	1.733	0.07	0.0380414	0.000655103	1.72071e-05	2.22879e-05	0.191605	0.0384843	0.197932	0.0	0.00209112	0.0	0.00462102	0.00254215	1.70729	0.0	0.802223	0.0690719	0.556401	70.6825	0.995927	92.2122	0.00518867	81.3861	0.00539264	3.21709	0.437272	10.2939	0.0200177	340.813	-2328.02	4.0	5.20381	-7145.04	4.0	27.7782	1.0	335.998	31.4408	112.911	21.6706	0.251523	0.0447501	1.04552	0.0212542	
0.0-2.4	6.5-30.0	60.0-100.0	0.000-1.571	0.008	0.088	1106.0	1097.0	901.266	62.1603	196.521	40.1578	-1.10396	0.746958	-0.05	0.0	0.409554	0.0	3.09253	0.0	0.0494645	0.0	0.0214858	0.00183526	0.03	0.0	1.492	0.04	5.0	0.0	1.733	0.07	0.0357021	0.000326065	2.59256e-05	2.3357e-05	0.465216	0.211365	0.197932	0.0	0.00209112	0.0	0.00281356	0.00161759	1.70729	0.0	0.800887	0.058936	0.568821	0.0825431	1.0	319.449	7.16956e-07	0.00297437	0.0171514	0.00438359	0.215749	0.0187338	0.0222219	2503.84	-4023.67	4.0	1946.77	-31018.7	4.0	1552.62	1.0	653.987	64.4104	247.279	49.0414	0.274369	0.0510175	1.0447	0.0181193	
0.0-2.4	6.5-30.0	60.0-70.0	0.000-1.571	0.008	0.088	747.0	740.0	607.967	55.3187	132.251	36.9895	-1.42881	1.21087	-0.05	0.0	0.409554	0.0	3.09253	0.0	0.0494645	0.0	0.0187916	0.00169891	0.03	0.0	1.492	0.04	5.0	0.0	1.733	0.07	0.0347933	0.000270888	2.59256e-05	2.3357e-05	0.546383	0.372457	0.197932	0.0	0.00209112	0.0	0.002145	0.00297866	1.70729	0.0	0.836373	0.097301	0.431754	538.068	0.999986	112607.0	0.000521784	5347.13	0.00708168	0.0651793	0.247569	151.292	0.0200109	503413.0	-2764.87	4.0	112544.0	-23637.6	4.0	1709.03	1.0	424.543	58.2482	183.424	46.6819	0.3017	0.0717087	1.06677	0.0305933	
0.0-2.4	6.5-30.0	70.0-100.0	0.000-1.571	0.016	0.073	359.0	355.0	292.549	28.3494	62.8993	15.0221	-0.473697	0.71961	-0.05	0.0	0.409554	0.0	3.09253	0.0	0.0494645	0.0	0.0273652	0.00548196	0.03	0.0	1.492	0.04	5.0	0.0	1.733	0.07	0.038003	0.00116538	1.00217e-05	0.000162887	0.269367	0.110053	0.197932	0.0	0.00209112	0.0	0.00281132	0.00354818	1.70729	0.0	0.822982	0.0910656	0.806754	0.0925771	0.999999	8.5864	2.25685e-08	0.359461	0.0445885	0.0273015	0.167217	0.0323752	0.109904	32.8911	-1667.31	4.0	72.3142	-5177.49	4.0	17.8439	1.0	224.527	28.8238	68.0219	20.0215	0.232515	0.0646228	1.05839	0.0283976	
0.0-2.4	6.5-7.5	0.0-100.0	0.000-1.571	0.016	0.16	18488.0	18484.0	7785.51	365.371	10699.1	387.612	-0.0100679	0.0860107	-0.05	0.0	0.327355	0.2806	3.09098	0.00112029	0.0568738	0.020525	0.02791	0.00446351	0.03	0.0	1.492	0.04	5.0	0.0	1.733	0.07	0.0397849	0.0049166	3.66049e-05	0.000137318	0.238317	0.0244551	0.380238	0.138046	0.00427683	0.00352717	0.00301356	0.00113094	1.5828	0.116516	0.89082	0.0227016	0.535898	75.787	0.856552	17.4536	0.608879	5.41668	0.0644097	3.6459	0.158499	28.7139	0.630246	15.4074	-66910.5	4.0	2222.97	-663354.0	7.0	519.197	1.0	6072.29	320.985	1713.22	168.19	0.220053	0.0189747	1.20184	0.0573955	
0.0-2.4	6.5-8.0	0.0-100.0	0.000-1.571	0.016	0.16	24766.0	24761.0	11186.0	351.475	13575.2	368.201	-0.0708693	0.0772317	-0.05	0.0	0.358233	0.199624	3.09163	0.000964905	0.0533795	0.00846735	0.0271906	0.00356855	0.03	0.0	1.492	0.04	5.0	0.0	1.733	0.07	0.038668	0.00224316	2.57968e-05	9.0559e-05	0.286919	0.0315092	0.307488	0.0880482	0.00439684	0.00310131	0.00309862	0.000866735	1.63221	0.0944826	0.907654	0.0184127	0.53523	23.7584	0.877497	2.97347	0.576109	10.2245	0.0616255	2.49053	0.17106	2.75183	0.519231	13.9817	-78951.8	4.0	8612.64	-879346.0	7.0	20334.1	1.0	8573.64	330.448	2612.35	208.234	0.233538	0.0171083	1.17886	0.0401171	
0.0-2.4	6.5-8.5	0.0-100.0	0.000-1.571	0.016	0.16	29597.0	29562.0	14068.3	695.942	15494.5	702.591	-0.0995459	0.0795621	-0.05	0.0	0.372641	0.301587	3.09149	0.000907141	0.0532087	0.0193414	0.0263411	0.00439986	0.03	0.0	1.492	0.04	5.0	0.0	1.733	0.07	0.0386045	0.00505547	2.24999e-05	6.2246e-05	0.316054	0.0446429	0.244453	0.0703637	0.00606182	0.00301279	0.00359313	0.000772553	1.69089	0.0957886	0.950206	0.0167902	0.519122	0.152882	0.890382	0.197515	0.581881	0.165147	0.0601259	0.0368554	0.223903	0.0820607	0.438305	0.907059	-43599.0	4.0	49655.7	-1117450.0	7.0	496931.0	1.0	10825.7	597.394	3242.62	309.539	0.230491	0.0188176	1.1752	0.0341683	
0.0-2.4	7.5-8.5	0.0-100.0	0.000-1.571	0.008	0.184	11109.0	11109.0	6304.08	462.327	4805.76	445.381	-0.318305	0.159017	-0.05	0.0	0.434477	0.507351	3.09193	0.00144101	0.0497021	0.0236102	0.0243202	0.00828322	0.03	0.0	1.492	0.04	5.0	0.0	1.733	0.07	0.0375203	0.00696183	3.64523e-05	0.000133371	0.410043	0.118772	0.180395	0.0713788	0.00786448	0.00437943	0.00362785	0.00114038	1.76532	0.139846	0.933205	0.0276534	0.507063	0.422782	0.897305	0.158899	0.427194	0.416902	0.0467021	0.0383956	0.230115	0.0601329	0.370949	0.583268	14070.7	4.0	33171.5	-383656.0	7.0	1002790.0	1.0	4703.16	400.25	1600.92	234.554	0.25395	0.0322099	1.12958	0.0416486	
0.0-2.4	8.0-10.0	0.0-100.0	0.000-1.571	0.008	0.184	13303.0	13303.0	8458.28	495.187	4845.31	474.242	-0.23283	0.146979	-0.05	0.0	0.401073	0.356012	3.09314	0.00095544	0.0514454	0.0228492	0.0237526	0.00544473	0.03	0.0	1.492	0.04	5.0	0.0	1.733	0.07	0.0374085	0.00638592	2.86287e-05	7.39866e-05	0.34609	0.0548369	0.101319	0.038551	0.00371713	0.00401088	0.00291243	0.000811788	1.94164	0.153292	0.98826	0.0202746	0.596887	0.788308	0.952273	0.0990606	0.466038	0.670142	0.0449743	0.0582262	0.309413	0.0890266	0.821787	4.43436	18148.2	4.0	51267.6	-413227.0	7.0	719432.0	1.0	6058.16	397.77	2400.12	228.412	0.28376	0.0212901	1.12235	0.0286387	
0.0-2.4	8.5-9.5	0.0-100.0	0.000-1.571	0.008	0.12	6231.0	6222.0	3947.3	135.448	2274.82	118.335	-0.167122	0.16855	-0.05	0.0	0.496642	0.109719	3.09447	0.00100385	0.0432563	0.00164717	0.0233638	0.00336181	0.03	0.0	1.492	0.04	5.0	0.0	1.733	0.07	0.0346992	0.00129693	3.2051e-05	0.000103207	0.296291	0.037421	0.0787498	0.0409311	0.00669735	0.00605873	0.00128776	0.00100076	2.08685	0.243496	0.98618	0.0260948	0.691828	1.63175	0.80727	3.08329	0.423832	0.921225	0.0483058	0.0865542	0.288048	0.17053	0.047419	0.107309	-9790.29	4.0	2875.1	-138230.0	7.0	1653.07	1.0	2721.22	128.268	1226.09	97.4868	0.310614	0.0222788	1.11307	0.0374629	
0.0-2.4	9.5-11.0	0.0-100.0	0.000-1.571	0.008	0.136	5280.0	5277.0	3698.63	138.399	1579.17	120.055	-0.325764	0.173772	-0.05	0.0	0.373434	0.204445	3.09274	0.000976985	0.0492978	0.0110287	0.0240037	0.00346817	0.03	0.0	1.492	0.04	5.0	0.0	1.733	0.07	0.0356169	0.00294279	5.20639e-05	9.66049e-05	0.326683	0.0473073	0.492672	0.116015	-0.000315795	0.00154696	0.0010203	0.00110742	1.43747	0.0670787	0.680215	0.0305907	0.964654	0.0718718	0.473753	0.622246	0.195342	1.015	0.289157	0.465904	0.361428	0.10763	0.0401156	0.0561354	-9318.41	4.0	3352.12	-106089.0	7.0	203.55	1.0	2642.09	124.336	1056.54	85.1378	0.285658	0.0203865	1.11927	0.046898	
0.4-0.8	6.5-30.0	0.0-100.0	0.000-1.571	0.008	0.073	6101.0	6101.0	4016.88	282.976	2084.05	242.42	0.160189	0.49876	-0.05	0.0	0.538528	0.767489	3.09308	0.00163968	0.0179008	0.00848566	0.0378424	0.0337916	0.03	0.0	1.492	0.04	5.0	0.0	1.733	0.07	0.0288689	0.0103182	1.74651e-05	0.000239484	0.487377	0.15385	0.117942	0.0622417	-0.00405725	0.00414574	-0.000428983	0.00121155	1.86917	0.210931	0.969547	0.0355662	0.745414	0.410802	0.869226	0.370183	0.491116	0.28675	0.0663245	0.190501	0.230298	0.0632099	1.18642	10.0367	16838.8	4.0	30543.7	-336785.0	7.0	5907460.0	1.0	2619.39	231.808	1397.49	171.396	0.347903	0.034928	1.1141	0.0435209	
0.8-1.2	6.5-30.0	0.0-100.0	0.000-1.571	0.008	0.105	8673.0	8669.0	4958.58	178.706	3710.32	171.572	0.0113569	0.115369	-0.05	0.0	0.450123	0.137315	3.092	0.00104343	0.0284038	0.00556414	0.035058	0.00502949	0.03	0.0	1.492	0.04	5.0	0.0	1.733	0.07	0.0322332	0.00186539	1.45333e-05	7.48505e-05	0.283843	0.0317302	0.403107	0.16806	0.0021768	0.00196872	0.00181503	0.00101109	1.46305	0.101114	0.782156	0.0285831	0.522614	0.159624	0.93851	0.134147	0.483889	0.225576	0.054833	0.0292856	0.20148	0.0763003	0.498366	1.64052	-28335.3	4.0	2281.4	-216586.0	7.0	107.267	1.0	3556.5	158.134	1402.08	105.502	0.282758	0.0186774	1.10816	0.0641855	
1.2-1.6	6.5-30.0	0.0-10.0	0.000-1.571	0.008	0.136	4736.0	4732.0	2009.51	101.773	2722.71	117.597	-0.0124241	0.126559	-0.05	0.0	0.509284	0.0	3.09145	0.0	0.044649	0.0	0.0322805	0.00381424	0.03	0.0	1.492	0.04	5.0	0.0	1.733	0.07	0.0390719	0.000773185	1.03021e-05	0.137313	0.315541	0.0680335	0.0999774	0.0	0.00921681	0.0	0.0049255	0.00146788	2.02628	0.0	0.905259	0.0374553	0.44582	1.18581	0.460173	0.589114	0.268076	1.10682	0.0211421	0.0987468	0.432537	0.367503	0.0836475	0.0391839	-799.896	4.0	2422.99	-125048.0	4.0	431.839	1.0	1386.6	103.888	622.913	82.8035	0.309982	0.0380978	1.07147	0.0142406	
1.2-1.6	6.5-30.0	0.0-100.0	0.000-1.571	0.008	0.136	11739.0	11727.0	6161.58	167.758	5565.63	175.941	-0.155914	0.0868251	-0.05	0.0	0.509284	0.118206	3.09145	0.00100988	0.044649	0.00402795	0.031803	0.00299173	0.03	0.0	1.492	0.04	5.0	0.0	1.733	0.07	0.0388793	0.00151829	1.03021e-05	0.137313	0.279207	0.0289745	0.0999774	0.0369937	0.00921681	0.0152857	0.00361012	0.000820154	2.02628	0.173102	0.973998	0.0206238	0.541073	55.9958	0.569846	28.408	0.375993	32.525	0.0280156	1.30327	0.369213	0.910725	0.0863371	1.03646	-16683.9	4.0	3707.46	-288031.0	7.0	871.863	1.0	4443.75	166.105	1717.83	123.046	0.278797	0.0184711	1.12442	0.0313387	
1.2-1.6	6.5-30.0	10.0-20.0	0.000-1.571	0.008	0.128	2674.0	2668.0	1391.17	66.3701	1277.58	64.6619	-0.215843	0.162349	-0.05	0.0	0.509284	0.0	3.09145	0.0	0.044649	0.0	0.0374151	0.0042732	0.03	0.0	1.492	0.04	5.0	0.0	1.733	0.07	0.041258	0.000950808	1.05393e-05	0.000462059	0.222916	0.0332486	0.0999774	0.0	0.00921681	0.0	0.00312392	0.00175548	2.02628	0.0	1.06766	0.0435408	0.596155	0.0119178	1.0	83.7671	0.614912	0.00931753	0.0946335	0.00193784	0.203865	0.00666357	0.09019	449.874	-6909.12	4.0	241.258	-44240.1	4.0	21.316	1.0	952.116	68.628	439.057	55.5452	0.315602	0.036979	1.19851	0.0174547	
1.2-1.6	6.5-30.0	20.0-30.0	0.000-1.571	0.008	0.105	1931.0	1927.0	1136.29	58.3239	790.892	49.4275	-0.0909494	0.204452	-0.05	0.0	0.509284	0.0	3.09145	0.0	0.044649	0.0	0.027441	0.00336516	0.03	0.0	1.492	0.04	5.0	0.0	1.733	0.07	0.0372127	0.000608855	2.15115e-05	5.46744e-05	0.291766	0.0658239	0.0999774	0.0	0.00921681	0.0	0.000259128	0.00170311	2.02628	0.0	0.968181	0.0410896	0.485094	1.46762	0.770319	5.82418	0.283356	0.916264	0.0282561	0.0218155	0.149974	0.0852873	0.0277049	0.0316088	-6136.72	4.0	401.787	-32375.7	4.0	21.7393	1.0	836.931	61.0986	299.361	46.084	0.263455	0.0382357	1.11989	0.0159859	
1.2-1.6	6.5-30.0	30.0-40.0	0.000-1.571	0.008	0.12	1173.0	1166.0	674.759	47.9572	491.772	49.1984	-0.159383	0.30195	-0.05	0.0	0.509284	0.0	3.09145	0.0	0.044649	0.0	0.0306377	0.00505856	0.03	0.0	1.492	0.04	5.0	0.0	1.733	0.07	0.0384174	0.000989818	1.02701e-05	1.42054	0.231138	0.0764157	0.0999774	0.0	0.00921681	0.0	0.00503271	0.00231135	2.02628	0.0	0.911123	0.0582908	0.999928	1104.98	0.476956	5.41567	0.250229	7.7102	0.00100877	33.4239	0.60482	0.528966	0.0681826	0.0294962	-1354.42	4.0	187.399	-21276.5	4.0	332.047	1.0	540.199	50.7751	134.56	34.5761	0.19942	0.0492429	1.07594	0.0222134	
1.2-1.6	6.5-30.0	40.0-50.0	0.000-1.571	0.016	0.064	625.0	612.0	455.072	34.3735	157.051	23.5577	-1.977	0.60616	-0.05	0.0	0.509284	0.0	3.09145	0.0	0.044649	0.0	0.0306514	0.00678918	0.03	0.0	1.492	0.04	5.0	0.0	1.733	0.07	0.0384227	0.00132886	1.70248e-05	0.000290648	0.281992	0.0787967	0.0999774	0.0	0.00921681	0.0	-0.00364584	0.00294377	2.02628	0.0	1.01982	0.0860989	0.607157	0.882954	0.937174	0.202773	9.0613e-05	67.3899	0.0075068	0.0146404	0.271378	0.114336	0.10871	0.143316	-1938.52	4.0	73.2936	-8621.57	4.0	7.50969	1.0	332.804	35.3013	122.268	26.4491	0.268679	0.0544624	1.16041	0.0340514	
1.2-1.6	6.5-30.0	50.0-100.0	0.000-1.571	0.016	0.073	596.0	592.0	481.282	34.9086	110.799	19.9132	-1.22426	0.626598	-0.05	0.0	0.509284	0.0	3.09145	0.0	0.044649	0.0	0.029443	0.00435851	0.03	0.0	1.492	0.04	5.0	0.0	1.733	0.07	0.0379562	0.000829541	1.14193e-05	0.000494472	0.308009	0.102381	0.0999774	0.0	0.00921681	0.0	0.00553483	0.0029027	2.02628	0.0	0.984271	0.0776844	0.865488	16.3294	0.61876	14.5265	2.1782e-06	75.2498	0.0210563	0.133788	0.326955	0.190923	0.0200002	0.632209	-1996.12	4.0	129.091	-8824.09	4.0	9.58295	1.0	368.102	36.0785	113.179	25.6162	0.235162	0.0504178	1.13244	0.0303848	
1.6-2.0	6.5-30.0	0.0-100.0	0.000-1.571	0.008	0.16	12034.0	12003.0	6075.69	195.823	5927.76	198.586	-0.400613	0.0915884	-0.05	0.0	0.525762	0.185622	3.09094	0.00126266	0.0547595	0.00534504	0.0340125	0.00520888	0.03	0.0	1.492	0.04	5.0	0.0	1.733	0.07	0.0460996	0.00190163	1.05212e-05	1.333	0.267537	0.027251	0.352951	0.0860114	0.000933856	0.00217292	0.00448757	0.00107575	1.59661	0.0857668	0.927728	0.0236487	0.705798	0.203634	0.859584	0.293217	0.637903	0.122032	0.0638991	0.0539075	0.229832	0.0473497	0.42074	0.77507	-27963.8	4.0	1254.75	-278861.0	7.0	37.9215	1.0	4695.03	184.486	1380.66	114.528	0.227243	0.0173691	1.20691	0.0366126	
1.6-2.4	3.0-30.0	0.0-100.0	0.000-1.571	0.008	0.264	182262.0	182253.0	35487.4	1781.68	146767.0	2316.79	0.0181207	0.038432	-0.05	0.0	0.939044	0.11245	3.09043	0.00141185	0.0526591	0.00578649	0.0175391	0.00970646	0.03	0.0	1.89	0.19	5.0	0.0	1.44	0.32	0.0512123	0.00310583	2.36546e-05	4.62758e-05	0.283023	0.0248523	0.355594	0.0730674	0.00274748	0.0018247	0.00844028	0.000781878	1.59365	0.0691909	0.922506	0.00904822	0.320289	445.183	0.898511	100.236	0.357534	609.555	0.00100074	15.2685	0.135383	36.0118	0.877582	35.211	-268235.0	4.0	31553.8	-13285900.0	7.0	28937.3	1.0	29166.3	1560.69	6321.09	626.277	0.178122	0.0152143	1.20479	0.0304196	
1.6-2.4	3.0-4.5	0.0-100.0	0.000-1.571	0.016	0.264	113087.0	113081.0	15290.3	758.987	97790.5	1139.07	0.23581	0.0334889	-0.05	0.0	0.928502	0.0729092	3.08935	0.00210192	0.0561464	0.0052127	0.0145747	0.00737279	0.03	0.0	1.86	0.19	5.0	0.0	1.38	0.32	0.0542422	0.00269367	4.04496e-05	0.00458068	0.289981	0.0582664	0.30075	0.291762	-0.00999977	0.00417148	0.00844347	0.00106744	1.6808	0.353874	0.907205	0.0119783	1.0	0.057613	0.822997	0.000338626	0.671592	0.000247293	0.00114704	41.1219	0.103381	5.42904e-05	1.77423	0.0400308	-191267.0	4.0	29238.8	-9748700.0	7.0	5947.57	1.0	13019.6	819.687	2270.64	516.641	0.148502	0.032975	1.19379	0.143482	
1.6-2.4	3.0-5.5	0.0-100.0	0.000-1.571	0.016	0.264	148739.0	148731.0	23614.9	2147330.0	125117.0	1584980.0	0.125534	37.4794	-0.05	0.0	9.23994e-08	2947.23	3.0899	0.317545	0.046869	361.827	0.0512324	6.91146	0.03	0.0	1.86	0.19	5.0	0.0	1.38	0.32	0.0512324	3.45573	7.85643e-05	0.00045627	0.300785	0.0448699	0.0303489	0.0401161	-0.00999982	0.0183667	0.00954324	0.00106008	2.51883	0.855689	1.08362	0.00888597	0.788376	8.50638	0.820414	3.12879	0.681922	5.49193	0.0676774	2.1189	0.126199	0.997042	1.24317	44.6012	-206145.0	4.0	49418.4	-11876700.0	7.0	173.315	1.0	19809.4	1801290.0	3805.44	346033.0	0.161146	0.0245577	1.15375	0.0532899	
1.6-2.4	3.0-6.5	0.0-10.0	0.000-1.571	0.016	0.264	78735.0	78726.0	9813.26	494.182	68913.6	860.506	0.0703393	0.0393828	-0.05	0.0	8.44397e-09	0.0	3.09057	0.0	0.0830696	0.0	0.050748	0.00221758	0.03	0.0	1.86	0.19	5.0	0.0	1.38	0.32	0.050748	0.00110879	1.10324e-05	0.0465138	0.287772	0.0785336	0.306676	0.0	-0.00606766	0.0	0.01	0.000680337	1.65447	0.0	0.96006	0.0154078	1.0	395.634	0.727425	0.0616501	0.742394	0.213748	0.00188198	102866.0	0.147157	0.188294	1.31193	0.322603	25524.5	4.0	7473080.0	-6267830.0	4.0	5354.17	1.0	8127.57	618.124	1685.69	470.917	0.171777	0.0472017	1.21594	0.00421729	
1.6-2.4	3.0-6.5	0.0-100.0	0.000-1.571	0.016	0.264	165833.0	165824.0	28909.4	1.79008	136914.0	1.12506	0.0773627	2.42459e-05	-0.05	0.0	8.44397e-09	0.240207	3.09057	9.10902e-07	0.0830696	20.8692	0.051085	6.57114e-06	0.03	0.0	1.86	0.19	5.0	0.0	1.38	0.32	0.051085	3.28869e-06	1.10324e-05	0.0465138	0.295222	0.0450826	0.306676	0.207312	-0.00606766	0.0158233	0.00999999	0.0017565	1.65447	0.204252	0.937192	0.0136797	1.0	234.046	0.771429	0.0092571	0.735337	0.044073	0.00105216	637038.0	0.125184	0.025669	1.05886	0.0418423	-236062.0	4.0	46115.8	-12664900.0	7.0	117720.0	1.0	24133.3	1025.01	4776.1	1025.01	0.165209	0.0354559	1.2035	0.0909728	
1.6-2.4	3.0-6.5	0.0-20.0	0.000-1.571	0.016	0.264	129557.0	129548.0	18472.1	684.596	111076.0	1100.68	0.0843235	0.0312106	-0.05	0.0	8.44397e-09	0.0	3.09057	0.0	0.0830696	0.0	0.0510553	0.00181877	0.03	0.0	1.86	0.19	5.0	0.0	1.38	0.32	0.0510553	0.000909386	1.10324e-05	0.0465138	0.286634	0.0496989	0.306676	0.0	-0.00606766	0.0	0.01	0.00101524	1.65447	0.0	0.94537	0.0109599	1.0	316.679	0.766655	0.0678595	0.734792	0.334526	0.00322732	68947.4	0.125766	0.20339	1.13749	0.390334	-187656.0	4.0	59436.6	-10487000.0	4.0	4087.18	1.0	15525.6	776.531	2946.5	532.77	0.159511	0.0282295	1.20793	0.00297354	
1.6-2.4	3.0-6.5	10.0-20.0	0.000-1.571	0.016	0.209	50822.0	50779.0	8701.23	484.516	42078.1	693.749	0.111817	0.0514325	-0.05	0.0	8.44397e-09	0.0	3.09057	0.0	0.0830696	0.0	0.0517721	0.00302739	0.03	0.0	1.86	0.19	5.0	0.0	1.38	0.32	0.0517721	0.0015137	2.44459e-05	0.000226863	0.270043	0.0823703	0.306676	0.0	-0.00606766	0.0	0.01	0.0114863	1.65447	0.0	0.929447	0.0264073	0.999999	3272.3	0.841339	33.677	0.734506	79.8015	0.00100777	3657.84	0.109269	22.6415	0.87987	70.5735	-229320.0	4.0	2452.84	-3578740.0	4.0	537.303	1.0	7432.71	781.218	1268.52	666.329	0.145786	0.0761472	1.19933	0.00709441	
1.6-2.4	3.0-6.5	20.0-30.0	0.000-1.571	0.016	0.192	19930.0	19925.0	4367.1	264.929	15559.0	368.656	0.00213152	0.0654054	-0.05	0.0	8.44397e-09	0.0	3.09057	0.0	0.0830696	0.0	0.053523	0.00306202	0.03	0.0	1.86	0.19	5.0	0.0	1.38	0.32	0.053523	0.00153101	3.37661e-05	0.00022371	0.264278	0.0430858	0.306676	0.0	-0.00606766	0.0	0.00774987	0.00145759	1.65447	0.0	0.893569	0.022073	0.290832	114.874	0.935523	24.2081	0.022201	930.87	0.00610691	2.18432	0.0958736	0.392964	0.923329	9.4329	-19192.1	4.0	374.774	-914522.0	4.0	2464.48	1.0	3516.05	260.783	851.053	158.671	0.194878	0.0343559	1.18028	0.00579311	
1.6-2.4	3.0-6.5	20.0-40.0	0.000-1.571	0.016	0.192	29660.0	29650.0	7186.03	310.721	22464.5	425.536	0.044818	0.0553203	-0.05	0.0	8.44397e-09	0.0	3.09057	0.0	0.0830696	0.0	0.0508932	0.00218929	0.03	0.0	1.86	0.19	5.0	0.0	1.38	0.32	0.0508932	0.00109464	3.37661e-05	0.00022371	0.277835	0.0394234	0.306676	0.0	-0.00606766	0.0	0.00583467	0.00123891	1.65447	0.0	0.895979	0.0178658	0.276811	141.646	0.945362	31.4768	0.00138242	1621.8	0.00244389	0.0523901	0.101737	17.6706	0.723592	94.5013	-52864.1	4.0	762.692	-1374770.0	4.0	1438.69	1.0	5839.52	319.605	1346.5	204.406	0.187378	0.0272666	1.18154	0.00469654	
1.6-2.4	3.0-6.5	30.0-40.0	0.000-1.571	0.016	0.152	9730.0	9651.0	2804.18	164.934	6847.16	214.458	0.168615	0.106775	-0.05	0.0	8.44397e-09	0.0	3.09057	0.0	0.0830696	0.0	0.0463285	0.00270181	0.03	0.0	1.86	0.19	5.0	0.0	1.38	0.32	0.0463285	0.0013509	2.09228e-05	0.00043611	0.341953	0.0929914	0.306676	0.0	-0.00606766	0.0	0.00674839	0.00208878	1.65447	0.0	0.891856	0.0305013	0.997977	83.3637	0.81076	4.71966	0.728373	6.20008	0.00100073	117.279	0.13259	1.41979	0.17175	1.45468	-40794.7	4.0	413.931	-365239.0	4.0	172.2	1.0	2330.62	180.867	473.555	121.232	0.168875	0.0420763	1.17938	0.0079959	
1.6-2.4	3.0-6.5	40.0-100.0	0.000-1.571	0.016	0.168	6615.0	6612.0	3243.45	148.307	3368.96	155.468	0.0829681	0.132331	-0.05	0.0	8.44397e-09	0.0	3.09057	0.0	0.0830696	0.0	0.0509585	0.00289078	0.03	0.0	1.86	0.19	5.0	0.0	1.38	0.32	0.0509585	0.00144539	3.29575e-05	0.000302831	0.339467	0.122037	0.306676	0.0	-0.00606766	0.0	0.00999998	0.544518	1.65447	0.0	0.853473	0.0307331	0.99999	90907.6	0.771488	61.978	0.777843	42.3643	0.00115487	103000.0	0.363647	44.8169	0.272804	44.5114	-4748.26	4.0	11002.0	-229407.0	4.0	563.063	1.0	2681.23	183.795	562.218	139.323	0.173339	0.0422175	1.15952	0.00784196	
1.6-2.4	3.0-6.5	40.0-50.0	0.000-1.571	0.016	0.145	3874.0	3810.0	1661.32	106.737	2148.93	113.305	0.162477	0.189816	-0.05	0.0	8.44397e-09	0.0	3.09057	0.0	0.0830696	0.0	0.050829	0.00472338	0.03	0.0	1.86	0.19	5.0	0.0	1.38	0.32	0.050829	0.00236169	2.68027e-05	0.46819	0.413218	0.24893	0.306676	0.0	-0.00606766	0.0	0.00246692	0.00325889	1.65447	0.0	0.688983	0.0455227	0.690556	24.9562	0.90218	4.11918	5.46965e-08	5300.04	0.0163613	0.208795	0.0515886	0.447308	0.319924	1.03895	-4381.16	4.0	5066.24	-122545.0	4.0	720.986	1.0	1292.85	152.883	368.473	130.515	0.221795	0.0772581	1.08101	0.0100581	
1.6-2.4	3.0-6.5	50.0-100.0	0.000-1.571	0.016	0.168	2741.0	2741.0	1611.65	92.9592	1129.6	83.7853	0.200858	0.241311	-0.05	0.0	8.44397e-09	0.0	3.09057	0.0	0.0830696	0.0	0.0519607	0.00292639	0.03	0.0	1.86	0.19	5.0	0.0	1.38	0.32	0.0519607	0.0014632	3.29575e-05	0.000302831	0.31532	0.0843405	0.306676	0.0	-0.00606766	0.0	0.00362791	0.00350682	1.65447	0.0	0.847137	0.0443512	0.998798	5.86526	0.762796	0.574162	0.660204	0.712102	0.0010312	2.87539	0.183141	0.0768574	0.26283	0.254123	-11217.1	4.0	160.212	-71776.8	4.0	24.9407	1.0	1334.4	103.598	277.25	71.1631	0.172029	0.0430262	1.15629	0.0112641	
1.6-2.4	4.5-5.5	0.0-100.0	0.000-1.571	0.016	0.192	35652.0	35609.0	7242.15	129591.0	28367.8	111672.0	-0.369336	2.71694	-0.05	0.0	0.999999	63.4285	3.09025	0.00776308	0.0492202	0.527893	0.209318	0.0971903	0.03	0.0	1.86	0.19	5.0	0.0	1.38	0.32	0.0492206	0.263944	6.47859e-05	0.000417763	0.305593	0.0602553	0.00904143	0.0167101	-0.00999986	0.0162899	0.01	0.0540857	3.71443	3.4468	1.19279	0.0139233	0.99995	4926.52	0.538928	1577.86	0.810292	35.9606	0.30684	6366.72	0.303478	111.248	0.233952	429.71	-35799.3	4.0	9485.63	-1637730.0	7.0	50793.8	1.0	5831.48	104348.0	1410.67	25243.4	0.194786	0.0312522	1.2388	0.0629945	
1.6-2.4	5.5-6.5	0.0-100.0	0.000-1.571	0.016	0.168	17093.0	17067.0	5275.84	464.19	11791.7	500.734	-0.44383	0.112011	-0.05	0.0	0.293839	1.38806	3.09328	0.00209272	0.0415421	0.0201999	0.0553565	0.0244777	0.03	0.0	1.86	0.19	5.0	0.0	1.38	0.32	0.0516819	0.00955955	1.17885e-05	0.00076077	0.242859	0.0368829	0.629208	0.099315	-0.00318522	0.00429654	0.01	0.000915474	1.49264	0.0754895	0.723914	0.0258415	0.999998	8108.27	0.551986	20.7176	0.744588	8.43143	0.00131536	116721.0	0.311071	7.0366	0.127907	2.79351	-36747.7	4.0	1100.43	-536604.0	7.0	171.884	1.0	4340.59	404.007	935.25	155.38	0.17727	0.0249821	1.2634	0.0437738	
1.6-2.4	6.5-30.0	0.0-10.0	0.000-1.571	0.008	0.184	6484.0	6484.0	2758.43	116.156	3725.84	129.644	-0.409177	0.112273	-0.05	0.0	0.639595	0.0	3.09076	0.0	0.0570978	0.0	0.0324578	0.00393238	0.03	0.0	1.492	0.04	5.0	0.0	1.733	0.07	0.0496475	0.000463275	3.57761e-05	7.18959e-05	0.309725	0.0595425	0.337019	0.0	0.00343684	0.0	0.00363071	0.00173741	1.60396	0.0	1.05756	0.036868	0.530655	85.6408	0.645631	42.7664	0.553795	84.1135	0.00100012	1.46048	0.314512	0.220618	0.184491	0.183094	-11546.9	4.0	697.785	-165230.0	4.0	78.3228	1.0	2231.81	120.118	526.611	78.0233	0.19091	0.027119	1.26828	0.0101908	
1.6-2.4	6.5-30.0	0.0-100.0	0.000-1.571	0.008	0.152	16428.0	16391.0	8409.37	216.818	7982.85	219.017	-0.432453	0.0742633	-0.05	0.0	0.639595	0.0896592	3.09076	0.00112894	0.0570978	0.00394383	0.0319945	0.0022238	0.03	0.0	1.492	0.04	5.0	0.0	1.733	0.07	0.0495389	0.00179002	1.37144e-05	0.000327844	0.25593	0.0210539	0.337019	0.0765519	0.00343684	0.00197833	0.00343437	0.000890053	1.60396	0.0792233	0.8959	0.0195253	0.738241	2.16659	0.861683	0.371263	0.638375	0.614363	0.0668465	0.435134	0.222101	0.131145	0.35025	0.761338	-44231.2	4.0	1259.4	-409499.0	7.0	48.676	1.0	6487.12	208.355	1922.25	133.765	0.228584	0.0147746	1.18287	0.0342324	
1.6-2.4	6.5-30.0	10.0-20.0	0.000-1.571	0.008	0.16	4139.0	4139.0	2032.84	88.2951	2106.6	88.8684	-0.360581	0.136446	-0.05	0.0	0.639595	0.0	3.09076	0.0	0.0570978	0.0	0.0346027	0.00494038	0.03	0.0	1.492	0.04	5.0	0.0	1.733	0.07	0.0501668	0.000614066	3.34301e-05	6.81326e-05	0.218107	0.0286683	0.337019	0.0	0.00343684	0.0	0.00343919	0.00186072	1.60396	0.0	0.890841	0.03958	0.534284	2.11575	0.877597	0.458623	0.383651	2.03752	0.0187292	0.0548321	0.133493	0.0292859	0.253254	0.124457	-13830.3	4.0	68.0049	-82533.4	4.0	3.38589	1.0	1553.47	90.391	479.379	63.6504	0.235817	0.0295883	1.18033	0.00990245	
1.6-2.4	6.5-30.0	20.0-30.0	0.000-1.571	0.008	0.152	2583.0	2583.0	1461.62	71.2283	1121.47	66.0758	-0.566311	0.203186	-0.05	0.0	0.639595	0.0	3.09076	0.0	0.0570978	0.0	0.0275486	0.00416923	0.03	0.0	1.492	0.04	5.0	0.0	1.733	0.07	0.0485665	0.000426167	1.37144e-05	0.000327844	0.285439	0.0549383	0.337019	0.0	0.00343684	0.0	0.00444565	0.00178318	1.60396	0.0	0.750214	0.0415918	0.596174	0.456148	0.816431	0.42497	0.556871	0.529118	0.041992	0.0412475	0.148706	0.08255	0.678548	1.93181	-6363.98	4.0	311.152	-49655.8	4.0	96.4951	1.0	1102.29	72.5056	359.337	51.7512	0.245848	0.0333181	1.11364	0.00928798	
1.6-2.4	6.5-30.0	30.0-40.0	0.000-1.571	0.008	0.12	1582.0	1579.0	977.146	55.4864	602.67	47.1634	-0.56714	0.252564	-0.05	0.0	0.639595	0.0	3.09076	0.0	0.0570978	0.0	0.0283831	0.00464552	0.03	0.0	1.492	0.04	5.0	0.0	1.733	0.07	0.0487394	0.000487502	2.16233e-05	4.66746e-05	0.194113	0.0313239	0.337019	0.0	0.00343684	0.0	0.00100243	0.00236134	1.60396	0.0	0.794163	0.0507596	0.371845	0.251353	0.999996	219.227	0.269029	0.548699	0.00100001	0.00173419	0.303847	0.088566	0.0224911	571.427	-5390.49	4.0	45.3325	-26877.9	4.0	11.0832	1.0	678.841	57.1548	298.305	45.472	0.305282	0.0431862	1.13366	0.0117873	
1.6-2.4	6.5-30.0	40.0-50.0	0.000-1.571	0.008	0.136	876.0	875.0	582.899	40.5526	292.595	31.04	-0.947547	0.354306	-0.05	0.0	0.639595	0.0	3.09076	0.0	0.0570978	0.0	0.0305396	0.00574033	0.03	0.0	1.492	0.04	5.0	0.0	1.733	0.07	0.0492069	0.000641999	2.39456e-05	0.218028	0.241037	0.0628813	0.337019	0.0	0.00343684	0.0	0.000435905	0.00255509	1.60396	0.0	0.606304	0.162998	0.632599	1.55977	0.840642	12.0419	0.213023	8.54852	0.041459	0.0748699	0.250931	0.156401	0.0218598	2.90091	-2934.05	4.0	85.1343	-12928.1	4.0	1.05804	1.0	433.419	42.1462	149.48	31.2287	0.256442	0.0505171	1.05393	0.0310837	
1.6-2.4	6.5-30.0	50.0-100.0	0.000-1.571	0.008	0.088	763.0	749.0	595.429	39.0508	154.035	23.6571	-0.249167	0.469938	-0.05	0.0	0.639595	0.0	3.09076	0.0	0.0570978	0.0	0.0445619	0.00755985	0.03	0.0	1.492	0.04	5.0	0.0	1.733	0.07	0.0529232	0.00114708	2.43092e-05	6.66999e-05	0.21078	0.0487318	0.337019	0.0	0.00343684	0.0	0.00434364	0.00317618	1.60396	0.0	0.763538	0.0663715	0.781043	1.27046	0.863906	6.381	0.203047	1.07704	0.0501404	0.0454423	0.221051	0.199649	0.0395214	0.0770806	-3136.64	4.0	13.3197	-10630.3	4.0	0.637221	1.0	472.722	40.4196	122.707	27.1535	0.206082	0.0435543	1.11962	0.0150042	
2.0-2.4	6.5-30.0	0.0-100.0	0.000-1.571	0.008	0.152	4394.0	4392.0	2372.71	114.124	2019.93	109.931	-0.534642	0.158682	-0.05	0.0	0.843869	0.110193	3.09109	0.00256392	0.0627755	0.00531413	0.024103	0.00903425	0.03	0.0	1.492	0.04	5.0	0.0	1.733	0.07	0.0584482	0.00289686	1.78875e-05	0.00273266	0.229758	0.030411	0.349037	0.147135	0.00999999	0.0029756	0.0011926	0.00167365	1.55328	0.141848	0.793398	0.0362155	0.275606	33.9573	0.891124	12.2727	4.78524e-05	77.4573	0.00173537	0.222563	0.201546	0.470696	0.145104	0.492829	-16705.9	4.0	99.5951	-103581.0	7.0	1.63196	1.0	1827.57	109.376	545.14	70.1686	0.229754	0.0274309	1.11888	0.0684664	
