polFunct_Eff3_binv0
rap	pT	cent	dPhi	ctauErrMin	ctauErrMax	NoCutEntry	CutEntry	NSig	NSigErr	NBkg	NBkgErr	coefExp	coefExpErr	coefPol1	coefPol1Err	coeffGaus	coeffGausErr	meanSig1	meanSig1Err	sigmaSig1	sigmaSig1Err	sigmaSig2	sigmaSig2Err	sigmaSig3	sigmaSig3Err	alpha	alphaErr	enne	enneErr	enneW	enneWErr	sigWidth	sigWidthErr	Gmc	GmcErr	bTau	bTauErr	fracRes	fracResErr	meanResSigW	meanResSigWErr	meanResSigN	meanResSigNErr	sigmaResSigW	sigmaResSigWErr	sigmaResSigN	sigmaResSigNErr	fpm	fpmErr	fLiving	fLivingErr	fbkgCtTot	fbkgCtTotErr	lambdam	lambdamErr	lambdap	lambdapErr	lambdasym	lambdasymErr	NLL	nFitPar	EDM	NLLMass	nFitParMass	EDMMass	Prob	PROMPT	PROMPTErr	NON-PROMPT	NON-PROMPTErr	Bfraction	BfractionErr	Resolution	ResolutionErr	
0.0-0.4	6.5-30.0	0.0-100.0	0.000-1.571	0.008	0.064	5617.0	5613.0	3737.91	68.053	1875.17	52.6098	-1.0	0.0	-0.125605	0.0345647	0.550954	0.0766333	3.09288	0.000374105	0.0190946	0.00100432	0.0188385	0.00146064	0.03	0.0	1.492	0.0	5.0	0.0	1.733	0.0	0.01898	0.000428392	3.59557e-05	0.000193278	0.431706	0.0131682	0.709974	0.264125	-0.00206547	0.00229629	0.00222219	0.00128586	1.32298	0.0992276	0.66709	0.0330053	0.844792	0.107241	0.551696	0.12285	0.346241	0.0342503	0.0707678	1.28966e-06	0.331688	0.0266061	0.0705339	6.03991e-09	-10246.8	4.0	2.52406e-06	-49296.5	7.0	5.07339e-05	1.0	2382.27	56.4514	1355.65	43.7583	0.362675	0.00966678	1171.2	83.7018	
0.0-1.2	6.5-30.0	0.0-10.0	0.000-1.571	0.008	0.088	7848.0	7845.0	4195.8	76.603	3649.4	72.9458	-1.0	0.0	0.00359259	0.0661922	0.500483	0.0	3.0924	0.0	0.0195474	0.0	0.035869	0.00138725	0.03	0.0	1.492	0.0	5.0	0.0	1.733	0.0	0.0288774	0.000430363	1.12992e-05	0.000388937	0.329569	0.0106021	0.282557	0.0	0.00228371	0.0	0.00158421	0.0006799	1.58042	0.0	0.941457	0.0202473	0.793183	0.57857	0.543934	0.682448	0.542864	0.0840677	0.071073	2.56144e-08	0.258996	0.0646182	0.105631	0.0541037	-12072.2	4.0	2.29276e-06	-67882.1	4.0	3.75868e-05	1.0	2830.61	66.0969	1365.19	48.1596	0.325371	0.00982131	1158.3	5.90344	
0.0-1.2	6.5-30.0	0.0-100.0	0.000-1.571	0.008	0.105	21342.0	21337.0	13406.8	134.51	7930.66	112.291	-1.0	0.0	-0.0127389	0.041398	0.500483	0.0433967	3.0924	0.000268938	0.0195474	0.000559285	0.0348401	0.00152059	0.03	0.0	1.492	0.0	5.0	0.0	1.733	0.0	0.0282412	0.000575317	1.16782e-05	0.000130175	0.396016	0.00700728	0.282557	0.19576	0.00228371	0.00264771	0.000433343	0.000365749	1.58042	0.170805	0.883307	0.0107189	0.650793	0.0215514	0.927736	0.0138404	0.515541	0.0165584	0.0705508	2.3121e-09	0.256594	0.0119091	0.467312	0.0745419	-35512.0	4.0	1.84651e-07	-210026.0	7.0	0.000153197	1.0	9084.58	114.297	4322.22	81.4665	0.32239	0.0051441	1124.95	82.1047	
0.0-1.2	6.5-30.0	10.0-20.0	0.000-1.571	0.008	0.088	5156.0	5155.0	3192.68	63.9218	1962.3	53.4361	-1.0	0.0	0.0416991	0.111097	0.500483	0.0	3.0924	0.0	0.0195474	0.0	0.0343916	0.00135827	0.03	0.0	1.492	0.0	5.0	0.0	1.733	0.0	0.0279653	0.000417197	1.12992e-05	0.000388937	0.468527	0.0153594	0.282557	0.0	0.00228371	0.0	-0.00172642	0.000788752	1.58042	0.0	0.901391	0.0234479	0.691946	0.387406	0.799283	0.101934	0.522367	0.259893	0.0708624	0.106016	0.289198	0.0352009	0.449533	0.0698844	-7607.18	4.0	0.000135171	-43378.8	4.0	2.70524e-05	1.0	2004.7	52.7246	1187.98	41.649	0.372095	0.0107087	1135.2	6.67887	
0.0-1.2	6.5-30.0	20.0-30.0	0.000-1.571	0.008	0.105	3666.0	3663.0	2414.87	55.7505	1247.9	44.0586	-1.0	0.0	0.254057	0.349879	0.500483	0.0	3.0924	0.0	0.0195474	0.0	0.0350474	0.00178893	0.03	0.0	1.492	0.0	5.0	0.0	1.733	0.0	0.028369	0.000551982	1.16782e-05	0.000130175	0.495045	0.0198042	0.282557	0.0	0.00228371	0.0	0.00083005	0.000819384	1.58042	0.0	0.849694	0.0235771	0.664219	0.0778094	0.999994	2.02061	0.508703	0.0612067	0.0705096	2.93015e-09	0.220003	0.0243009	0.0706393	113.659	-6171.99	4.0	5.13642e-05	-29787.6	4.0	2.70275e-05	1.0	1634.19	46.9344	780.685	33.2312	0.323282	0.0115613	1106.22	6.49634	
0.0-1.2	6.5-30.0	30.0-40.0	0.000-1.571	0.008	0.064	2140.0	2138.0	1531.78	43.1527	606.242	30.6042	-1.0	0.0	-0.177797	0.0323165	0.500483	0.0	3.0924	0.0	0.0195474	0.0	0.036693	0.00203724	0.03	0.0	1.492	0.0	5.0	0.0	1.733	0.0	0.02939	0.000635251	1.32366e-05	0.000329048	0.321184	0.017903	0.282557	0.0	0.00228371	0.0	-0.00131028	0.00103095	1.58042	0.0	0.829717	0.0270814	0.576883	0.00561668	1.0	3.06487	0.431226	0.00540701	0.0705978	0.000904449	0.192133	0.00254044	0.0723964	21.5018	-4479.48	4.0	2.10478e-05	-16530.5	4.0	5.15041e-05	1.0	1111.49	38.4785	420.282	25.3041	0.274376	0.0145995	1095.29	7.35919	
0.0-1.2	6.5-30.0	40.0-50.0	0.000-1.571	0.016	0.048	1319.0	1301.0	999.893	33.874	300.995	21.1793	-1.0	0.0	-0.126031	0.0864518	0.500483	0.0	3.0924	0.0	0.0195474	0.0	0.0335255	0.0021218	0.03	0.0	1.492	0.0	5.0	0.0	1.733	0.0	0.0274348	0.000647585	1.43354e-05	8.22848e-05	0.316626	0.0201114	0.282557	0.0	0.00228371	0.0	-0.00327182	0.00140949	1.58042	0.0	0.8863	0.0410375	1.0	0.0209072	1.0	0.00711925	0.464426	0.0431901	0.0721424	0.000150829	0.645236	0.0692507	3.46451	1.9352	-2569.94	4.0	1.24762e-05	-9604.55	4.0	0.000187063	1.0	673.651	29.7221	326.242	22.0166	0.326277	0.0190435	1126.64	11.5807	
0.0-1.2	6.5-30.0	50.0-100.0	0.000-1.571	0.008	0.056	1210.0	1208.0	1060.19	34.0547	147.833	15.7282	-1.0	0.0	-0.187337	0.06458	0.500483	0.0	3.0924	0.0	0.0195474	0.0	0.0322344	0.0017377	0.03	0.0	1.492	0.0	5.0	0.0	1.733	0.0	0.0266507	0.000524935	1.34486e-05	0.000306561	0.372029	0.0246306	0.282557	0.0	0.00228371	0.0	0.00100559	0.00111367	1.58042	0.0	0.766576	0.0337467	1.0	0.0214614	1.0	0.715824	0.400571	0.0494233	0.0704444	9.82482e-09	0.219342	0.0234214	0.171214	3.98646	-3132.65	4.0	8.09469e-05	-9239.62	4.0	1.68275e-06	1.0	769.858	30.5398	290.334	20.2023	0.27385	0.0169035	1061.77	8.74008	
0.0-2.4	10.0-13.0	0.0-100.0	0.000-1.571	0.008	0.136	6740.0	6738.0	4994.3	80.0827	1743.66	56.2312	-1.0	0.0	-0.213175	0.0116138	0.402775	0.0701985	3.09098	0.000546327	0.0215371	0.00166504	0.0422748	0.00236499	0.03	0.0	1.492	0.0	5.0	0.0	1.733	0.0	0.0354141	0.00108735	1.25623e-05	9.06713e-05	0.392795	0.0108371	0.0553454	0.0788853	0.000212513	0.0144851	0.000216184	0.000519677	2.09412	0.553674	0.947777	0.0156161	0.891655	0.246579	0.765182	0.327951	0.345454	0.101839	0.070565	0.130119	0.300034	0.0212096	0.0724607	0.0860079	-11869.0	4.0	1.55293e-07	-59374.7	7.0	1.53157e-05	1.0	3282.11	67.9572	1712.19	51.012	0.342829	0.00860857	1044.64	72.9506	
0.0-2.4	10.0-30.0	0.0-100.0	0.000-1.571	0.004	0.144	10411.0	10409.0	7781.03	99.4485	2628.09	68.8204	-1.0	0.0	-0.216672	0.00888269	0.435634	0.0503078	3.09197	0.000429899	0.0216221	0.00119796	0.0445104	0.00199414	0.03	0.0	1.492	0.0	5.0	0.0	1.733	0.0	0.0363562	0.000879138	1.0177e-05	0.00195203	0.369667	0.00798644	0.0477214	0.0592155	-0.000892962	0.00748279	0.000228301	0.000396853	2.03646	0.461587	0.965435	0.0128529	0.913475	0.146079	0.822749	0.745067	0.366698	0.147492	0.0705099	9.81614e-07	0.303797	0.0247683	0.0705429	0.0583113	-18559.8	4.0	3.20304e-07	-96359.7	7.0	2.19183e-05	1.0	4951.33	83.6387	2829.7	65.5648	0.363666	0.00702836	1041.87	50.819	
0.0-2.4	11.0-13.0	0.0-100.0	0.000-1.571	0.008	0.105	3578.0	3577.0	2735.19	58.6417	841.77	39.309	-1.0	0.0	-0.230999	0.0115271	0.501148	0.0726247	3.09052	0.0007213	0.0229126	0.00171081	0.0481126	0.00350433	0.03	0.0	1.492	0.0	5.0	0.0	1.733	0.0	0.0376543	0.00143533	4.93653e-05	0.000238442	0.457994	0.015723	0.0328637	0.0389686	-0.000371389	0.0145275	0.0019474	0.000714986	2.53131	0.734887	0.994828	0.0222563	0.787563	0.618363	0.958878	3.12568	0.368664	1.40734	0.0705208	2.26363e-07	0.304726	0.204813	0.0712816	16.0007	-6034.21	4.0	2.4712e-06	-29426.8	7.0	6.6647e-06	1.0	1679.48	47.9616	1055.71	38.937	0.385974	0.0115833	1080.62	57.3065	
0.0-2.4	13.0-16.0	0.0-100.0	0.000-1.571	0.008	0.08	2224.0	2219.0	1761.84	46.4503	457.272	29.2085	-1.0	0.0	-0.180874	0.0382055	0.423634	0.0664891	3.09383	0.000882529	0.0195627	0.0020051	0.0500036	0.00370266	0.03	0.0	1.492	0.0	5.0	0.0	1.733	0.0	0.0400406	0.00160984	1.00002e-05	0.000966722	0.421682	0.0189214	0.0326157	0.0670782	-0.00999634	0.0183094	0.00236387	0.000857475	1.86063	0.773549	1.02679	0.0282008	0.902325	1.6299	0.879072	7.08367	0.240325	0.891437	0.0705778	1.18261e-06	0.231482	0.160539	0.070663	5.13815e-07	-4092.82	4.0	4.45101e-05	-17253.6	7.0	4.64088e-05	1.0	1132.12	39.1559	629.724	30.2974	0.357423	0.0143846	1064.34	45.8096	
0.0-2.4	13.0-30.0	0.0-100.0	0.000-1.571	0.008	0.105	3671.0	3671.0	2794.13	59.1927	876.76	39.8319	-1.0	0.0	-0.222826	0.0137231	0.46665	0.067761	3.09384	0.000701032	0.0213093	0.00171307	0.048007	0.00337289	0.03	0.0	1.492	0.0	5.0	0.0	1.733	0.0	0.0379618	0.00142343	2.10356e-05	0.0045896	0.333641	0.0115919	0.0347602	0.122355	-0.00537756	0.015369	0.000261399	0.000617641	1.80759	0.989032	0.993369	0.0222914	0.907033	0.0911182	0.989504	0.539246	0.40561	0.0613358	0.0710234	0.0196596	0.307531	0.0253549	0.070786	4.06695	-6726.0	4.0	1.48477e-05	-30237.5	7.0	9.53888e-06	1.0	1669.43	48.8741	1124.7	41.2988	0.402521	0.0120727	1032.5	74.6843	
0.0-2.4	16.0-30.0	0.0-100.0	0.000-1.571	0.008	0.064	1446.0	1444.0	1033.7	36.6309	410.297	26.8024	-1.0	0.0	-0.244294	0.0124179	0.301511	0.194998	3.09381	0.0012279	0.0208888	0.00391287	0.0353627	0.00491175	0.03	0.0	1.492	0.0	5.0	0.0	1.733	0.0	0.0317023	0.00231946	5.46616e-05	1.05755	0.230344	0.0126821	0.461092	0.573416	0.00155876	0.00498774	5.97152e-05	2.10908e-08	1.33655	0.440517	0.780106	0.0424424	0.994208	0.900755	0.975868	0.988107	0.492417	0.0351165	0.0704441	1.43424	0.391462	0.0503441	0.0704467	5.57749e-07	-2694.16	4.0	8.93565	-10470.9	7.0	1.81513e-06	1.0	571.287	28.5474	462.411	25.9543	0.447337	0.0194713	1073.15	202.045	
0.0-2.4	6.5-30.0	0.0-10.0	0.000-1.571	0.008	0.184	19586.0	19586.0	8997.93	112.584	10587.5	119.433	-1.0	0.0	-0.116929	0.0156935	0.435322	0.0	3.09243	0.0	0.0477416	0.0	0.0243057	0.000577906	0.03	0.0	1.492	0.0	5.0	0.0	1.733	0.0	0.0364116	0.000108917	3.80561e-05	6.9663e-05	0.312316	0.00779883	0.19482	0.0	0.00388614	0.0	0.00202972	0.00043678	1.71004	0.0	0.989091	0.0116242	0.999419	0.0878955	0.369788	0.0290824	0.560119	0.0246273	0.0704716	6.94132e-10	0.380446	0.0165849	0.0990298	0.00644823	-25131.4	4.0	9.17973e-05	-183342.0	4.0	6.12833e-05	1.0	6442.26	101.619	2555.67	69.6523	0.284029	0.00687693	1165.08	3.97289	
0.0-2.4	6.5-30.0	0.0-100.0	0.000-1.571	0.004	0.128	50728.0	50600.0	28282.9	214.286	22316.9	199.881	-1.0	0.0	-0.13173	0.00964158	0.435322	0.0281488	3.09243	0.000252134	0.0477416	0.00117862	0.0241792	0.000563474	0.03	0.0	1.492	0.0	5.0	0.0	1.733	0.0	0.036364	0.000481846	3.69757e-05	6.79802e-05	0.339468	0.00462791	0.19482	0.0809237	0.00388614	0.00250476	0.00210369	0.000245538	1.71004	0.123875	0.946846	0.00648013	0.654894	0.0172588	0.927558	0.0159238	0.580494	0.0108841	0.0706062	1.12477e-09	0.285884	0.00719687	0.303577	0.044586	-74423.0	4.0	1.4035e-07	-529551.0	7.0	0.000142466	1.0	20269.5	185.592	8013.32	120.605	0.283328	0.00368453	1136.47	40.4645	
0.0-2.4	6.5-30.0	0.0-5.0	0.000-1.571	0.008	0.184	10664.0	10664.0	4886.47	83.318	5777.37	88.5038	-1.0	0.0	-0.0389883	0.0403124	0.435322	0.0	3.09243	0.0	0.0477416	0.0	0.0235018	0.000801939	0.03	0.0	1.492	0.0	5.0	0.0	1.733	0.0	0.0361124	0.000147352	3.80561e-05	6.9663e-05	0.335875	0.0110795	0.19482	0.0	0.00388614	0.0	0.00401025	0.00061007	1.71004	0.0	1.04529	0.0165145	0.70044	0.0934685	0.83044	0.119106	0.644158	0.0488373	0.0706395	0.0379222	0.215413	0.0138326	0.198542	0.0507196	-13797.9	4.0	4.47926e-05	-93345.2	4.0	4.99173e-05	1.0	3520.98	75.1139	1365.48	50.7929	0.279442	0.00923826	1203.93	5.77246	
0.0-2.4	6.5-30.0	10.0-15.0	0.000-1.571	0.008	0.152	6641.0	6639.0	3430.23	68.0463	3208.75	66.3993	-1.0	0.0	-0.111804	0.0307904	0.435322	0.0	3.09243	0.0	0.0477416	0.0	0.023754	0.000853791	0.03	0.0	1.492	0.0	5.0	0.0	1.733	0.0	0.0362054	0.000158156	1.79985e-05	0.004591	0.33247	0.0123272	0.19482	0.0	0.00388614	0.0	0.00177471	0.000703511	1.71004	0.0	0.949047	0.0179624	0.671089	0.28706	0.844463	0.21948	0.577594	0.197786	0.070734	0.1411	0.171899	0.0144378	0.210915	0.0516566	-9547.25	4.0	1.76731e-06	-55526.4	4.0	9.38028e-06	1.0	2399.55	60.6728	1030.68	42.8185	0.300471	0.0109677	1137.94	6.03106	
0.0-2.4	6.5-30.0	10.0-20.0	0.000-1.571	0.008	0.16	12217.0	12215.0	6602.5	93.3584	5612.5	87.8966	-1.0	0.0	-0.113368	0.0226588	0.435322	0.0	3.09243	0.0	0.0477416	0.0	0.0235514	0.000637068	0.03	0.0	1.492	0.0	5.0	0.0	1.733	0.0	0.0361306	0.000117246	1.00282e-05	0.000232918	0.379393	0.00993377	0.19482	0.0	0.00388614	0.0	0.000826791	0.000527224	1.71004	0.0	0.968733	0.0134944	0.700192	0.283541	0.80967	0.0365467	0.582892	0.163918	0.0706655	0.0884364	0.209496	0.0237372	0.379998	0.046493	-16932.4	4.0	0.000124284	-110114.0	4.0	2.71819e-05	1.0	4567.12	82.3875	2035.38	58.6994	0.308274	0.00774855	1151.22	4.57151	
0.0-2.4	6.5-30.0	15.0-20.0	0.000-1.571	0.008	0.16	5576.0	5576.0	3168.16	63.8316	2407.8	57.5697	-1.0	0.0	-0.115222	0.033447	0.435322	0.0	3.09243	0.0	0.0477416	0.0	0.0232433	0.000945265	0.03	0.0	1.492	0.0	5.0	0.0	1.733	0.0	0.0360178	0.000172228	1.00282e-05	0.000232918	0.426419	0.0155369	0.19482	0.0	0.00388614	0.0	-0.000674915	0.000792407	1.71004	0.0	0.984182	0.0202711	0.786993	0.0621298	0.721286	0.0560003	0.585307	0.0288941	0.0706517	8.95181e-09	0.264109	0.0280945	0.417719	0.0581299	-7457.25	4.0	2.83337e-08	-46177.5	4.0	3.48892e-05	1.0	2150.45	55.6751	1017.71	40.533	0.321229	0.0110361	1161.73	6.91372	
0.0-2.4	6.5-30.0	20.0-25.0	0.000-1.571	0.008	0.145	4549.0	4549.0	2707.44	58.2565	1841.51	50.2771	-1.0	0.0	-0.144227	0.0282313	0.435322	0.0	3.09243	0.0	0.0477416	0.0	0.023157	0.000900579	0.03	0.0	1.492	0.0	5.0	0.0	1.733	0.0	0.0359864	0.00016362	3.69686e-05	0.0287936	0.353043	0.0153344	0.19482	0.0	0.00388614	0.0	0.000962454	0.000728649	1.71004	0.0	0.886953	0.018881	0.65528	0.73719	0.937647	0.0523307	0.585587	0.291634	0.0706154	0.0942363	0.212345	0.0236941	0.491967	0.143298	-7485.08	4.0	5.17886e-05	-36981.1	4.0	4.03863e-05	1.0	1983.91	52.3471	723.532	34.0635	0.267239	0.0111905	1096.87	6.14658	
0.0-2.4	6.5-30.0	20.0-30.0	0.000-1.571	0.008	0.152	8386.0	8386.0	5126.83	80.011	3259.14	67.3347	-1.0	0.0	-0.11507	0.0286164	0.435322	0.0	3.09243	0.0	0.0477416	0.0	0.0233534	0.000656963	0.03	0.0	1.492	0.0	5.0	0.0	1.733	0.0	0.036058	0.000120133	1.79985e-05	0.004591	0.413056	0.0124586	0.19482	0.0	0.00388614	0.0	0.00143861	1.18651e-08	1.71004	0.0	0.894076	0.0141763	0.684196	0.165631	0.965011	0.0164691	0.589517	0.10647	0.0704421	0.0364704	0.195745	0.0123012	0.480715	0.139611	-13504.4	4.0	0.085287	-73491.1	4.0	5.54305e-05	1.0	3673.51	70.5687	1453.32	46.9855	0.283473	0.00802615	1101.52	4.63243	
0.0-2.4	6.5-30.0	25.0-30.0	0.000-1.571	0.008	0.136	3837.0	3833.0	2417.09	54.8271	1416.0	44.7775	-1.0	0.0	-0.0583591	0.0699632	0.435322	0.0	3.09243	0.0	0.0477416	0.0	0.0236015	0.000976454	0.03	0.0	1.492	0.0	5.0	0.0	1.733	0.0	0.0361491	0.000179997	3.37928e-05	7.02542e-05	0.469871	0.0193221	0.19482	0.0	0.00388614	0.0	0.00148219	0.000822105	1.71004	0.0	0.888219	0.0215782	0.718893	0.782302	0.875623	0.272439	0.560003	0.224168	0.0806109	0.190805	0.138006	0.010961	0.0704496	8.16439e-09	-6036.22	4.0	4.1923e-07	-30693.6	4.0	1.83587e-05	1.0	1662.77	47.54	754.322	33.6194	0.312078	0.0119729	1097.69	7.02939	
0.0-2.4	6.5-30.0	30.0-35.0	0.000-1.571	0.008	0.128	2929.0	2927.0	1781.38	47.4467	1145.67	40.1925	-1.0	0.0	-0.181144	0.0233152	0.435322	0.0	3.09243	0.0	0.0477416	0.0	0.0245013	0.00120128	0.03	0.0	1.492	0.0	5.0	0.0	1.733	0.0	0.0364856	0.000227764	3.69757e-05	6.79802e-05	0.325681	0.0191286	0.19482	0.0	0.00388614	0.0	0.00162514	0.000948108	1.71004	0.0	0.906488	0.0242094	0.651313	0.0703016	0.995416	0.117603	0.531427	0.0582491	0.0705965	0.015801	0.292412	0.0257317	0.0704583	2.17661e-08	-4812.55	4.0	1.45311e-05	-22526.2	4.0	3.33087e-06	1.0	1354.28	43.7388	427.094	27.228	0.239755	0.0138869	1109.65	7.96199	
0.0-2.4	6.5-30.0	30.0-40.0	0.000-1.571	0.008	0.128	5034.0	5031.0	3237.04	62.9416	1794.07	50.1873	-1.0	0.0	-0.181661	0.0183553	0.435322	0.0	3.09243	0.0	0.0477416	0.0	0.0241197	0.000838264	0.03	0.0	1.492	0.0	5.0	0.0	1.733	0.0	0.0363417	0.000157079	3.69757e-05	6.79802e-05	0.264457	0.0122186	0.19482	0.0	0.00388614	0.0	0.000464413	0.000691939	1.71004	0.0	0.840531	0.0174406	0.981711	1.6185	0.475813	0.473539	0.407432	0.0588764	0.0930434	2.19774	0.418091	0.0233076	0.0704569	2.14519e-10	-8680.63	4.0	6.67912e-05	-41809.3	4.0	1.13578e-05	1.0	2375.8	58.6085	861.24	39.7663	0.266057	0.0111424	1067.03	5.53096	
0.0-2.4	6.5-30.0	35.0-40.0	0.000-1.571	0.008	0.12	2104.0	2104.0	1452.07	41.3365	651.936	30.1437	-1.0	0.0	-0.182249	0.0298435	0.435322	0.0	3.09243	0.0	0.0477416	0.0	0.0236306	0.00114468	0.03	0.0	1.492	0.0	5.0	0.0	1.733	0.0	0.0361598	0.000211204	3.63218e-05	5.72307e-05	0.217031	0.0133354	0.19482	0.0	0.00388614	0.0	0.00101712	0.00101378	1.71004	0.0	0.797404	0.0253159	0.937085	0.162448	0.525971	0.14914	0.384948	0.0533355	0.0870697	0.0520565	0.505194	0.0599218	0.074234	0.0140065	-3893.62	4.0	3.77095e-07	-15875.4	4.0	3.45849e-06	1.0	1012.3	38.6403	439.77	28.6243	0.302857	0.0177274	1040.04	7.81423	
0.0-2.4	6.5-30.0	40.0-45.0	0.000-1.571	0.008	0.12	1599.0	1597.0	1136.88	36.3814	460.221	25.4353	-1.0	0.0	-0.169237	0.0422245	0.435322	0.0	3.09243	0.0	0.0477416	0.0	0.0232554	0.00117509	0.03	0.0	1.492	0.0	5.0	0.0	1.733	0.0	0.0360222	0.000214188	3.63218e-05	5.72307e-05	0.276112	0.0198433	0.19482	0.0	0.00388614	0.0	-0.00242693	0.00122095	1.71004	0.0	0.912825	0.0321951	0.999998	15.2	1.0	0.00696717	0.537976	0.105687	0.0707561	11741.1	0.56184	0.0562029	2.06166	2.06102	-2944.67	4.0	1.56748e-06	-11698.8	4.0	1.2853e-05	1.0	848.607	33.8397	288.268	22.198	0.253562	0.0177595	1113.83	10.6224	
0.0-2.4	6.5-30.0	40.0-50.0	0.000-1.571	0.008	0.136	2868.0	2865.0	2078.42	49.0738	786.653	33.414	-1.0	0.0	-0.236129	0.0104208	0.435322	0.0	3.09243	0.0	0.0477416	0.0	0.0249745	0.000944885	0.03	0.0	1.492	0.0	5.0	0.0	1.733	0.0	0.0366663	0.00018171	3.37928e-05	7.02542e-05	0.293273	0.0141569	0.19482	0.0	0.00388614	0.0	-0.00283793	0.000897674	1.71004	0.0	0.860127	0.0242533	0.999999	0.0123736	0.878588	0.276552	0.464549	0.162291	0.0705872	8.47031	0.456474	0.0604675	0.0705111	1.63064e-08	-5157.2	4.0	7.1059e-06	-22692.6	4.0	2.91574e-06	1.0	1467.51	44.664	610.91	31.6598	0.29393	0.0135598	1079.53	7.77968	
0.0-2.4	6.5-30.0	45.0-50.0	0.000-1.571	0.008	0.136	1269.0	1267.0	941.314	32.9192	325.772	21.6369	-1.0	0.0	-0.269536	0.00576828	0.435322	0.0	3.09243	0.0	0.0477416	0.0	0.0273472	0.00163422	0.03	0.0	1.492	0.0	5.0	0.0	1.733	0.0	0.0376101	0.000335498	3.37928e-05	7.02542e-05	0.311072	0.0201493	0.19482	0.0	0.00388614	0.0	-0.00367125	0.00130658	1.71004	0.0	0.800707	0.0368982	0.936932	0.0341641	0.99996	1.23301	0.42899	0.0378423	0.0706488	3.76703e-08	0.300156	0.0218012	0.0712027	7.23677	-2235.83	4.0	1.38671e-06	-9032.37	4.0	1.5401e-05	1.0	616.216	29.1552	325.097	22.691	0.345366	0.0208616	1042.08	11.4141	
0.0-2.4	6.5-30.0	5.0-10.0	0.000-1.571	0.008	0.112	8922.0	8886.0	4109.46	75.6584	4776.56	79.9441	-1.0	0.0	-0.164394	0.0138359	0.435322	0.0	3.09243	0.0	0.0477416	0.0	0.0251049	0.000819622	0.03	0.0	1.492	0.0	5.0	0.0	1.733	0.0	0.0367165	0.000158227	3.69703e-05	0.0265992	0.294109	0.0109136	0.19482	0.0	0.00388614	0.0	0.000582202	0.00063093	1.71004	0.0	0.940383	0.0166597	1.0	0.120753	0.330938	0.0294067	0.468932	0.0341486	0.0705407	0.0213453	0.495246	0.0286265	0.0879484	0.00621557	-11430.8	4.0	3.11388e-05	-76185.3	4.0	9.77425e-06	1.0	2919.71	68.2143	1189.75	47.3653	0.289515	0.0102194	1132.14	5.57103	
0.0-2.4	6.5-30.0	50.0-100.0	0.000-1.571	0.008	0.088	2634.0	2613.0	2185.18	49.2602	427.914	25.8716	-1.0	0.0	-0.203982	0.0273619	0.435322	0.0	3.09243	0.0	0.0477416	0.0	0.0249835	0.000989957	0.03	0.0	1.492	0.0	5.0	0.0	1.733	0.0	0.0366697	0.000190429	3.69533e-05	0.0259228	0.333067	0.0166102	0.19482	0.0	0.00388614	0.0	0.0024563	0.000856404	1.71004	0.0	0.859659	0.0233705	1.0	0.0442428	1.0	0.00432632	0.429321	0.0451168	0.0709036	4.52085e-05	0.247054	0.0235668	1.7314	5.4922	-5772.88	4.0	4.97088e-05	-21118.5	4.0	1.76366e-05	1.0	1639.0	45.4951	546.183	29.2621	0.249949	0.0121481	1079.23	7.49451	
0.0-2.4	6.5-30.0	50.0-55.0	0.000-1.571	0.008	0.08	932.0	923.0	758.741	29.1522	164.333	15.9845	-1.0	0.0	-0.175982	0.066883	0.435322	0.0	3.09243	0.0	0.0477416	0.0	0.0257671	0.00163959	0.03	0.0	1.492	0.0	5.0	0.0	1.733	0.0	0.0369747	0.000322602	1.00002e-05	2.73951e-05	0.274718	0.0250992	0.19482	0.0	0.00388614	0.0	0.00127533	0.00167831	1.71004	0.0	0.985278	0.0493171	1.0	0.0102601	0.999999	0.0809133	0.501702	0.0746383	1.20904	0.498885	0.223079	0.0375883	0.0706061	7.88077e-08	-2062.83	4.0	3.18024e-05	-6460.29	4.0	4.0799e-05	1.0	582.534	27.7992	176.207	17.8235	0.232236	0.0217303	1162.47	16.8281	
0.0-2.4	6.5-30.0	50.0-60.0	0.000-1.571	0.008	0.08	1493.0	1480.0	1230.07	37.0947	250.055	19.9005	-1.0	0.0	-0.188744	0.0457203	0.435322	0.0	3.09243	0.0	0.0477416	0.0	0.026333	0.00131997	0.03	0.0	1.492	0.0	5.0	0.0	1.733	0.0	0.0371991	0.000263818	1.00002e-05	2.73951e-05	0.247113	0.0177562	0.19482	0.0	0.00388614	0.0	0.00263986	0.00122487	1.71004	0.0	0.91004	0.0340892	0.999998	8.95756	0.999998	0.022191	0.499534	0.0401951	0.0711149	23.8756	0.28864	0.0218026	0.0705683	8.52207e-10	-3342.35	4.0	4.74883e-06	-11069.9	4.0	1.59255e-05	1.0	937.13	35.4147	292.936	23.0992	0.238147	0.0173513	1111.99	11.2315	
0.0-2.4	6.5-30.0	55.0-60.0	0.000-1.571	0.008	0.073	560.0	555.0	470.265	22.8833	84.7434	11.7527	-1.0	0.0	-0.210143	0.0573633	0.435322	0.0	3.09243	0.0	0.0477416	0.0	0.027197	0.00230608	0.03	0.0	1.492	0.0	5.0	0.0	1.733	0.0	0.0375485	0.000471599	3.34445e-05	6.9324e-05	0.204566	0.0238664	0.19482	0.0	0.00388614	0.0	0.00434872	0.00175529	1.71004	0.0	0.802021	0.0458066	0.909549	8.453	0.999551	0.387948	0.430433	10.5279	0.0704625	22.7185	0.388201	0.179417	0.0709609	6.63995e-08	-1291.75	4.0	6.94306e-06	-3618.42	4.0	9.00793e-07	1.0	351.778	21.9464	118.487	14.8954	0.251958	0.0292054	1042.89	14.182	
0.0-2.4	6.5-30.0	60.0-100.0	0.000-1.571	0.008	0.088	1141.0	1128.0	949.262	32.2985	178.733	16.5132	-1.0	0.0	-0.220737	0.0309135	0.435322	0.0	3.09243	0.0	0.0477416	0.0	0.0226915	0.00136598	0.03	0.0	1.492	0.0	5.0	0.0	1.733	0.0	0.0358185	0.000244327	3.69533e-05	0.0259228	0.418934	0.0290539	0.19482	0.0	0.00388614	0.0	0.0019112	0.00119112	1.71004	0.0	0.797254	0.0313377	0.999979	3.46229	0.999995	0.0547625	0.331042	0.0731661	0.0706861	3.54978	0.203346	0.0194067	0.0705814	6.62354e-06	-2446.79	4.0	3.52687e-07	-8223.86	4.0	1.45661e-06	1.0	686.754	28.88	262.508	19.1788	0.276539	0.0178791	1039.94	9.67201	
0.0-2.4	6.5-30.0	60.0-70.0	0.000-1.571	0.008	0.088	755.0	743.0	630.694	26.1884	112.165	12.9359	-1.0	0.0	-0.230684	0.0314327	0.435322	0.0	3.09243	0.0	0.0477416	0.0	0.0196432	0.00133407	0.03	0.0	1.492	0.0	5.0	0.0	1.733	0.0	0.0347864	0.000212692	3.69533e-05	0.0259228	0.460647	0.0377032	0.19482	0.0	0.00388614	0.0	0.00215654	0.00145857	1.71004	0.0	0.782556	0.0381028	0.986583	0.0216398	0.957382	0.955223	0.417697	0.244665	0.0704429	6.27359e-09	0.239931	0.0344288	0.0706348	4.5558	-1619.64	4.0	2.1291e-05	-5148.89	4.0	5.50986e-05	1.0	446.189	23.0968	184.505	15.7766	0.292543	0.0218672	1030.92	11.6443	
0.0-2.4	6.5-30.0	70.0-100.0	0.000-1.571	0.016	0.073	386.0	382.0	315.978	18.7962	65.9998	10.1657	-1.0	0.0	-0.197835	0.0778642	0.435322	0.0	3.09243	0.0	0.0477416	0.0	0.0283354	0.00265518	0.03	0.0	1.492	0.0	5.0	0.0	1.733	0.0	0.0380209	0.000558691	3.69173e-05	0.0282483	0.314154	0.0403691	0.19482	0.0	0.00388614	0.0	0.00245439	0.00216309	1.71004	0.0	0.827621	0.0571803	0.822194	0.0987648	1.0	0.834834	2.88264e-08	0.203219	0.070455	2.03682e-08	0.157092	0.0312378	0.0760308	5.62984	-832.316	4.0	2.30869e-07	-2336.65	4.0	5.26718e-06	1.0	235.873	17.2492	80.1048	11.1072	0.253514	0.0317526	1058.87	17.9927	
0.0-2.4	6.5-7.5	0.0-100.0	0.000-1.571	0.016	0.16	19526.0	19522.0	8080.76	136.402	11441.4	148.184	-1.0	0.0	-0.0537365	0.0265113	0.411099	0.0746316	3.09097	0.000556299	0.0499253	0.00335243	0.0273673	0.00133008	0.03	0.0	1.492	0.0	5.0	0.0	1.733	0.0	0.0382851	0.00126802	8.17783e-05	0.000350179	0.239308	0.00803642	0.206936	0.0943215	0.00999971	0.0031414	0.00374635	0.000473458	1.88995	0.200823	0.99336	0.0104729	0.510694	0.0301705	0.84903	0.0352142	0.677693	0.0191491	0.0704567	0.00743421	0.297781	0.0180346	0.347782	0.0549933	-25617.5	4.0	4.90896e-08	-181158.0	7.0	1.32231e-05	1.0	6395.8	123.077	1684.96	65.5868	0.208515	0.00731354	1233.58	58.8779	
0.0-2.4	6.5-8.0	0.0-100.0	0.000-1.571	0.016	0.16	26297.0	26291.0	11759.8	155.649	14531.3	164.273	-1.0	0.0	-0.0849485	0.0184103	0.420985	0.0566421	3.09154	0.000440786	0.0489074	0.00240011	0.0268725	0.00101242	0.03	0.0	1.492	0.0	5.0	0.0	1.733	0.0	0.0377504	0.000929651	2.99332e-05	0.00458551	0.303062	0.00759384	0.247328	0.092515	0.00999999	0.0035556	0.0031155	0.000406475	1.76918	0.144226	0.946336	0.00929382	0.52946	0.022827	0.871284	0.0248004	0.63806	0.0146195	0.0706261	1.52182e-08	0.263985	0.0128686	0.338882	0.0442618	-35040.7	4.0	1.09833e-06	-253048.0	7.0	0.00013245	1.0	9131.56	138.483	2628.27	76.0264	0.223495	0.00574847	1203.41	50.3921	
0.0-2.4	6.5-8.5	0.0-100.0	0.000-1.571	0.016	0.16	31441.0	31420.0	14853.5	166.295	16566.4	171.342	-1.0	0.0	-0.0992391	0.0151847	0.415626	0.0434152	3.09137	0.000380206	0.0498699	0.00196738	0.0259425	0.000833728	0.03	0.0	1.492	0.0	5.0	0.0	1.733	0.0	0.0377751	0.00076875	7.56762e-05	0.000240875	0.320279	0.00729402	0.226798	0.0773955	0.00999999	0.00269626	0.00308464	0.000358542	1.75627	0.126619	0.958116	0.00844447	0.548976	0.0226145	0.880148	0.0221399	0.631786	0.0135899	0.0704989	1.4975e-09	0.289907	0.0110592	0.331004	0.0392409	-42691.7	4.0	3.18327e-06	-309184.0	7.0	9.73025e-05	1.0	11490.6	148.736	3362.93	83.61	0.226406	0.00502596	1187.16	41.2915	
0.0-2.4	7.5-8.5	0.0-100.0	0.000-1.571	0.008	0.184	11914.0	11914.0	6758.57	101.596	5155.51	93.369	-1.0	0.0	-0.162924	0.0140456	0.440532	0.0526371	3.09169	0.000518219	0.0486823	0.00212276	0.0240689	0.00113658	0.03	0.0	1.492	0.0	5.0	0.0	1.733	0.0	0.0369886	0.000909586	8.69412e-05	0.000593911	0.397494	0.0116147	0.237333	0.116679	0.00999999	0.0164169	0.00183478	0.000542997	1.6166	0.148917	0.916667	0.0140468	0.626653	0.0320827	0.909072	0.0255039	0.554602	0.022599	0.0705944	2.09559e-09	0.279973	0.0137471	0.342524	0.061657	-17377.2	4.0	3.02657e-05	-107570.0	7.0	9.39946e-05	1.0	5007.71	89.7379	1750.86	55.489	0.259058	0.00722787	1122.99	52.7971	
0.0-2.4	8.0-10.0	0.0-100.0	0.000-1.571	0.008	0.184	14019.0	14019.0	8933.48	113.933	5086.05	95.5558	-1.0	0.0	-0.142827	0.0179702	0.413388	0.0386316	3.09315	0.000423155	0.050289	0.00205113	0.0229594	0.000842233	0.03	0.0	1.492	0.0	5.0	0.0	1.733	0.0	0.0368059	0.000797007	8.20597e-05	0.000220638	0.338462	0.00838652	0.223708	0.161679	0.000490489	0.00440365	0.00177712	0.000459597	1.60773	0.189825	0.905319	0.0124524	0.859021	38.4528	0.640949	12.0042	0.503567	27.8622	0.0704554	7.00729e-08	0.36825	4.8181	0.0705291	17.6836	-22222.8	4.0	1.45545e-06	-130684.0	7.0	0.000150377	1.0	6322.98	99.4295	2610.5	67.0216	0.292216	0.0065112	1102.04	71.8805	
0.0-2.4	8.5-9.5	0.0-100.0	0.000-1.571	0.008	0.12	6515.0	6505.0	4173.95	77.6347	2331.18	64.6789	-1.0	0.0	-0.1188	0.0341936	0.49919	0.0673069	3.09463	0.000608429	0.0430932	0.00227073	0.0226468	0.00126924	0.03	0.0	1.492	0.0	5.0	0.0	1.733	0.0	0.0344073	0.000989817	6.95629e-05	0.856416	0.298488	0.00959429	0.195257	0.140777	-0.00999932	0.0168172	0.00183709	0.000667831	1.55521	0.187671	0.911684	0.0178805	0.83713	0.305189	0.771467	0.806915	0.511759	0.101556	0.071121	0.0890948	0.265676	0.0279283	0.0706776	0.0821424	-10798.6	4.0	3.57482e-07	-55885.7	7.0	2.5971e-05	1.0	2814.4	66.6924	1359.55	48.4467	0.325722	0.00990034	1068.24	59.0316	
0.0-2.4	9.5-11.0	0.0-100.0	0.000-1.571	0.008	0.136	5521.0	5518.0	3844.54	72.9669	1673.42	56.1451	-1.0	0.0	-0.174018	0.0220137	0.391625	0.0624407	3.09266	0.000618919	0.0482295	0.00294698	0.0233492	0.0013521	0.03	0.0	1.492	0.0	5.0	0.0	1.733	0.0	0.035251	0.00114869	1.00134e-05	0.000394123	0.337631	0.0122517	0.411816	0.288493	0.0022233	0.00388478	0.000111513	0.000722459	1.51553	0.180886	0.743904	0.0205641	0.99996	0.117508	0.564003	0.0708279	0.366375	0.067785	0.0705747	0.793908	0.385756	0.0251196	0.0704569	0.0134994	-9620.77	4.0	7.98232e-07	-47007.5	7.0	4.02186e-05	1.0	2739.02	63.7345	1105.52	42.4253	0.287555	0.00959114	1127.55	122.304	
0.4-0.8	6.5-30.0	0.0-100.0	0.000-1.571	0.008	0.073	6335.0	6335.0	4238.73	73.8962	2096.25	57.6041	-1.0	0.0	0.0616315	0.123143	0.519713	0.0589185	3.09298	0.000448091	0.0181244	0.000788553	0.03636	0.00255148	0.03	0.0	1.492	0.0	5.0	0.0	1.733	0.0	0.0283846	0.000948151	1.07909e-05	6.48731e-06	0.450836	0.01353	0.164736	0.163076	-0.00113548	0.00593586	-0.00040437	0.000586675	1.82366	0.359661	0.943771	0.0176096	0.759429	0.0429452	0.83703	0.036599	0.500925	0.0282502	0.0706374	4.48494e-09	0.277253	0.0292783	0.497383	0.0994722	-10416.8	4.0	5.28558e-05	-55284.8	7.0	0.000123563	1.0	2761.8	61.5289	1476.93	46.1578	0.348437	0.00903784	1136.59	99.6274	
0.8-1.2	6.5-30.0	0.0-100.0	0.000-1.571	0.008	0.105	9390.0	9385.0	5355.03	95.9797	4030.23	88.7906	-1.0	0.0	0.00912157	0.0724702	0.452687	0.094748	3.09229	0.000590851	0.0325343	0.00574303	0.0310297	0.00547053	0.03	0.0	1.492	0.0	5.0	0.0	1.733	0.0	0.0317197	0.00198178	3.76156e-05	0.000218351	0.309624	0.00968045	0.510138	0.279061	0.00698866	0.00378923	-0.000330011	0.000667588	1.44442	0.131788	0.741282	0.0181973	0.580141	0.0333459	0.930285	0.0258585	0.574628	0.0248853	0.0705337	2.62816e-09	0.229873	0.0158357	0.342638	0.0932902	-15461.8	4.0	2.19725e-05	-82916.6	7.0	0.000100527	1.0	3898.92	82.4273	1456.11	50.9114	0.271915	0.00816303	1154.77	101.965	
1.2-1.6	6.5-30.0	0.0-10.0	0.000-1.571	0.008	0.136	5037.0	5031.0	2057.82	55.358	2973.28	63.0853	-1.0	0.0	-0.0925605	0.0365197	0.595924	0.0	3.0913	0.0	0.0434119	0.0	0.0312432	0.0020777	0.03	0.0	1.492	0.0	5.0	0.0	1.733	0.0	0.0389552	0.00033667	2.31047e-05	0.000294422	0.298675	0.0155638	0.103775	0.0	0.00999984	0.0	0.00227143	0.000766667	2.09199	0.0	0.882793	0.0200896	0.97245	5.93729	0.317056	0.63471	0.394882	0.154049	0.540461	6.11627	0.507807	0.0606746	0.0705244	1.75238e-07	-5864.5	4.0	1.99122e-05	-39827.9	4.0	2.97402e-05	1.0	1446.57	49.6028	611.252	34.878	0.297038	0.0149472	1073.6	7.40244	
1.2-1.6	6.5-30.0	0.0-100.0	0.000-1.571	0.008	0.136	12406.0	12391.0	6375.87	109.109	6015.13	107.433	-1.0	0.0	-0.135335	0.0184489	0.595924	0.0929293	3.0913	0.000648438	0.0434119	0.00179782	0.0308192	0.00205019	0.03	0.0	1.492	0.0	5.0	0.0	1.733	0.0	0.0388185	0.000883181	2.31047e-05	0.000294422	0.284269	0.00875125	0.103775	0.0507441	0.00999984	0.0195355	0.00184182	0.000473693	2.09199	0.256609	0.953452	0.0121485	0.949015	0.0488722	0.42832	0.0578882	0.48354	0.0805009	0.182769	0.0693999	0.436248	0.0216966	0.0704647	0.0163129	-17308.7	4.0	0.00011336	-111081.0	7.0	2.54636e-05	1.0	4651.48	95.0806	1724.39	59.7913	0.270456	0.00815606	1126.45	46.4493	
1.2-1.6	6.5-30.0	10.0-20.0	0.000-1.571	0.008	0.128	2792.0	2784.0	1428.79	45.8759	1355.2	45.0639	-1.0	0.0	-0.137874	0.0367332	0.595924	0.0	3.0913	0.0	0.0434119	0.0	0.0371151	0.0037596	0.03	0.0	1.492	0.0	5.0	0.0	1.733	0.0	0.0409842	0.000687876	2.94195e-05	0.000284662	0.22264	0.0136941	0.103775	0.0	0.00999984	0.0	0.0028915	0.0010798	2.09199	0.0	1.03435	0.0270148	0.596069	0.0737423	0.999995	0.641817	0.637963	0.0474373	0.0990357	0.0178044	0.217451	0.0232302	0.145879	2.17654	-4105.34	4.0	2.37513e-05	-20734.3	4.0	1.76862e-05	1.0	995.702	41.9692	433.089	30.54	0.303116	0.0190304	1188.71	10.5338	
1.2-1.6	6.5-30.0	20.0-30.0	0.000-1.571	0.008	0.105	2034.0	2029.0	1189.09	38.7121	839.892	33.9029	-1.0	0.0	-0.0732739	0.0816221	0.595924	0.0	3.0913	0.0	0.0434119	0.0	0.0261955	0.00220256	0.03	0.0	1.492	0.0	5.0	0.0	1.733	0.0	0.0374213	0.000311508	1.00889e-05	0.00459463	0.326811	0.0221861	0.103775	0.0	0.00999984	0.0	-0.00207745	0.00107499	2.09199	0.0	1.00269	0.0253173	1.0	0.00990325	0.820058	0.162269	0.706167	0.057668	0.266812	0.0175692	0.157822	0.0208858	0.0704582	1.99862e-08	-3497.77	4.0	3.91428e-06	-14790.0	4.0	3.9815e-06	1.0	882.9	35.4494	306.186	23.0178	0.257497	0.0174482	1164.14	9.77163	
1.2-1.6	6.5-30.0	30.0-40.0	0.000-1.571	0.008	0.12	1254.0	1244.0	697.61	29.9947	546.479	27.3623	-1.0	0.0	-0.159353	0.0447585	0.595924	0.0	3.0913	0.0	0.0434119	0.0	0.0283553	0.00325684	0.03	0.0	1.492	0.0	5.0	0.0	1.733	0.0	0.0380521	0.000490326	1.72747e-05	0.00459133	0.246835	0.0305543	0.103775	0.0	0.00999984	0.0	0.00534299	0.00137161	2.09199	0.0	0.900981	0.0355738	0.903134	0.104155	0.683808	0.192222	0.308507	0.119905	0.0922263	0.0383098	0.5353	0.0561412	0.0704686	0.025548	-1827.29	4.0	2.08022e-06	-8393.36	4.0	7.53444e-05	1.0	568.298	29.404	129.312	17.2757	0.185364	0.0234466	1087.05	13.2124	
1.2-1.6	6.5-30.0	40.0-50.0	0.000-1.571	0.016	0.064	654.0	641.0	464.802	23.1592	176.241	15.741	-1.0	0.0	-0.276674	0.00604635	0.595924	0.0	3.0913	0.0	0.0434119	0.0	0.030095	0.00403702	0.03	0.0	1.492	0.0	5.0	0.0	1.733	0.0	0.0385882	0.000636113	2.95545e-05	0.000300613	0.295119	0.0330818	0.103775	0.0	0.00999984	0.0	-0.00397666	0.00199487	2.09199	0.0	1.01072	0.0542459	0.998429	0.104417	0.983101	0.60896	0.468936	0.723861	0.070456	9.97171e-09	0.329072	0.093285	0.0810319	4.92567	-1173.18	4.0	8.51987e-08	-4110.4	4.0	6.24031e-06	1.0	343.47	21.822	121.332	14.828	0.26104	0.0291298	1170.34	20.9928	
1.2-1.6	6.5-30.0	50.0-100.0	0.000-1.571	0.016	0.073	633.0	627.0	512.202	23.7069	114.792	12.8303	-1.0	0.0	-0.249539	0.0178175	0.595924	0.0	3.0913	0.0	0.0434119	0.0	0.0289037	0.00280242	0.03	0.0	1.492	0.0	5.0	0.0	1.733	0.0	0.0382184	0.000428199	1.01642e-05	0.000817577	0.36252	0.0373539	0.103775	0.0	0.00999984	0.0	0.00529631	0.00187154	2.09199	0.0	0.996946	0.0524932	1.0	0.220327	1.0	0.257087	0.442607	0.226882	0.0707633	1.61033e-07	0.304574	0.106171	0.0706422	1.58652e-05	-1260.49	4.0	3.14111e-05	-4146.54	4.0	3.54892e-07	1.0	386.262	21.8759	125.94	13.8893	0.24588	0.0246133	1159.71	20.2215	
1.6-2.0	6.5-30.0	0.0-100.0	0.000-1.571	0.008	0.16	12565.0	12549.0	6221.08	123.155	6328.04	123.56	-1.0	0.0	-0.185564	0.010352	0.581745	0.123161	3.09089	0.000795178	0.0534263	0.00260964	0.0336124	0.00372012	0.03	0.0	1.492	0.0	5.0	0.0	1.733	0.0	0.046185	0.00155353	2.61437e-05	0.00458725	0.27628	0.00939895	0.462154	0.274076	0.00485629	0.00340939	0.00421682	5.63515e-07	1.4787	0.146906	0.882189	0.0167276	0.712225	0.0516956	0.836269	0.0459639	0.653581	0.0274185	0.0704382	0.0159106	0.239721	0.0134382	0.306739	0.047996	-16848.6	4.0	0.000918854	-111685.0	7.0	8.02168e-05	1.0	4823.25	107.522	1397.83	56.6545	0.224692	0.00794664	1195.45	91.0477	
1.6-2.4	3.0-30.0	0.0-100.0	0.000-1.571	0.008	0.264	303540.0	303530.0	52369.7	427.453	251161.0	616.855	-1.0	0.0	0.942772	0.112139	0.036608	0.00529714	3.09005	0.000410174	0.0141244	0.0011763	0.052	0.000741452	0.03	0.0	1.89	0.0	5.0	0.0	1.44	0.0	0.0511108	0.000369165	1.05692e-05	6.49144e-05	0.281155	0.00505901	0.19593	0.106578	0.00823221	0.0041731	0.00891297	0.000179045	1.71895	0.159922	1.00718	0.00256408	0.951391	0.016909	0.754225	0.00940902	0.766268	0.00582732	0.0706109	3.52488e-07	0.16858	0.00467765	0.452674	0.00869905	-250416.0	4.0	1.98901e-05	-3574540.0	7.0	0.0164467	1.0	43723.7	408.117	8646.06	210.178	0.165097	0.00378036	1180.93	49.3707	
1.6-2.4	3.0-4.5	0.0-100.0	0.000-1.571	0.016	0.264	226869.0	226863.0	29650.5	364.613	197213.0	547.672	-1.0	0.0	5.0	0.0851942	0.0541883	0.0142811	3.09041	0.000662795	0.02	0.000397886	0.053546	0.000969405	0.03	0.0	1.86	0.0	5.0	0.0	1.38	0.0	0.0522827	0.000498844	8.85777e-05	0.0369611	0.293261	0.00843291	0.101357	0.069759	0.0499991	0.0925249	0.00640517	0.000210848	1.84755	0.275177	1.04659	0.00277435	0.971706	0.0188117	0.746566	0.0106706	0.70957	0.0113945	0.070465	9.75749e-08	0.110481	0.00422909	0.450645	0.00842079	-176725.0	4.0	0.00011078	-2601950.0	7.0	1.038e-05	1.0	25802.1	352.582	3848.4	160.878	0.129792	0.00518574	1153.39	41.5791	
1.6-2.4	3.0-5.5	0.0-100.0	0.000-1.571	0.016	0.264	267520.0	267510.0	36646.8	747.194	230864.0	867.313	-1.0	0.0	2.17279	0.17348	0.917943	0.0352925	3.08988	0.000541507	0.0485525	0.000772489	0.129998	0.0071395	0.03	0.0	1.86	0.0	5.0	0.0	1.38	0.0	0.0595871	0.0022646	1.55371e-05	0.00459213	0.30021	0.00707834	0.125652	0.0884483	0.0251244	0.0167426	0.00836716	0.00019113	1.92178	0.271466	1.04525	0.00256643	0.999995	89.03	0.729473	5.89045	0.762581	1.74854	0.0710029	0.000280144	0.137055	1.24443	0.45915	2.78751	-212334.0	4.0	3.97868e-06	-3112940.0	7.0	0.000334035	1.0	31444.0	662.131	5202.78	196.578	0.141971	0.00451606	1191.36	55.5688	
1.6-2.4	3.0-6.5	0.0-10.0	0.000-1.571	0.016	0.264	156902.0	156892.0	16944.8	281.346	139947.0	449.253	-1.0	0.0	0.642268	0.0892591	7.69648e-07	0.0	3.09044	0.0	0.0759264	0.0	0.0489092	0.000781944	0.03	0.0	1.86	0.0	5.0	0.0	1.38	0.0	0.0489092	0.000390971	1.3729e-05	0.00459296	0.211481	0.00958511	0.173641	0.0	0.0248856	0.0	0.0122178	0.000269356	1.74699	0.0	1.07966	0.00369236	0.999999	0.208081	0.624377	0.0145577	0.833432	0.00299201	0.0705788	4.68093e-07	0.332486	0.00755023	0.337622	0.0113788	-112581.0	4.0	1.7408e-05	-1739890.0	4.0	2.48014e-07	1.0	14156.0	280.707	2788.85	160.301	0.164585	0.00905687	1221.97	1.34794	
1.6-2.4	3.0-6.5	0.0-100.0	0.000-1.571	0.016	0.264	286561.0	286551.0	43631.4	510.377	242920.0	735.615	-1.0	0.0	1.44959	0.302684	7.69648e-07	0.00834165	3.09044	0.000544985	0.0759264	0.936637	0.0503261	0.000607675	0.03	0.0	1.86	0.0	5.0	0.0	1.38	0.0	0.0503261	0.000332047	1.3729e-05	0.00459296	0.276783	0.00633821	0.173641	0.119565	0.0248856	0.0127773	0.0108055	0.000189319	1.74699	0.202734	1.04429	0.00261518	0.871282	0.0241417	0.728256	0.0131472	0.801266	0.00615313	0.0706904	7.02224e-09	0.211186	0.00753712	0.430328	0.0108571	-230319.0	4.0	1.27722e-05	-3355350.0	7.0	0.00726856	1.0	37450.3	475.761	6181.06	199.166	0.141666	0.00425333	1196.29	55.3493	
1.6-2.4	3.0-6.5	0.0-20.0	0.000-1.571	0.016	0.264	234730.0	234720.0	29384.8	361.65	205335.0	553.824	-1.0	0.0	1.32427	0.149156	7.69648e-07	0.0	3.09044	0.0	0.0759264	0.0	0.0494073	0.000627694	0.03	0.0	1.86	0.0	5.0	0.0	1.38	0.0	0.0494073	0.000313847	1.3729e-05	0.00459296	0.238637	0.00765777	0.173641	0.0	0.0248856	0.0	0.0129369	0.000214709	1.74699	0.0	1.07074	0.0029321	0.870942	0.0320965	0.705714	0.0181304	0.828266	0.00526911	0.0705594	6.83028e-09	0.274491	0.00686993	0.395271	0.0127827	-181982.0	4.0	1.78393e-06	-2699110.0	4.0	0.00149849	1.0	25204.7	354.882	4180.11	179.894	0.142254	0.00586633	1215.47	1.06724	
1.6-2.4	3.0-6.5	10.0-20.0	0.000-1.571	0.016	0.209	77828.0	77695.0	12654.4	225.448	65040.6	321.249	-1.0	0.0	2.0	0.0627877	7.69648e-07	0.0	3.09044	0.0	0.0759264	0.0	0.0512357	0.00101084	0.03	0.0	1.86	0.0	5.0	0.0	1.38	0.0	0.0512357	0.000505422	1.37782e-05	0.00459294	0.285508	0.0113546	0.173641	0.0	0.0248856	0.0	0.0116135	0.000355164	1.74699	0.0	1.02708	0.00478327	0.793172	0.0322344	0.829531	0.0159829	0.769946	0.0129078	0.0706967	2.31913e-08	0.13623	0.0079062	0.444707	0.0208786	-70074.2	4.0	3.64399e-07	-808821.0	4.0	1.0814e-05	1.0	11026.6	215.125	1627.86	92.3508	0.128639	0.00692871	1183.92	1.71453	
1.6-2.4	3.0-6.5	20.0-30.0	0.000-1.571	0.016	0.192	28301.0	28295.0	6407.8	140.492	21886.7	187.63	-1.0	0.0	0.662956	0.238201	7.69648e-07	0.0	3.09044	0.0	0.0759264	0.0	0.0587311	0.00123198	0.03	0.0	1.86	0.0	5.0	0.0	1.38	0.0	0.0587311	0.000615987	1.37746e-05	0.00459294	0.267747	0.0125473	0.173641	0.0	0.0248856	0.0	-0.00467878	0.000581506	1.74699	0.0	0.946854	0.00842331	0.987763	0.0551933	0.803173	0.0406822	0.533896	0.0637549	0.0704639	5.9462e-12	0.0772254	0.00618428	0.355463	0.0277007	-25601.8	4.0	0.000101104	-266585.0	4.0	2.58609e-05	1.0	5255.04	135.75	1152.76	76.1026	0.1799	0.0112025	1127.3	2.92324	
1.6-2.4	3.0-6.5	20.0-40.0	0.000-1.571	0.016	0.192	41601.0	41586.0	9999.86	169.676	31586.1	224.308	-1.0	0.0	0.806395	0.259156	7.69648e-07	0.0	3.09044	0.0	0.0759264	0.0	0.0552117	0.000947211	0.03	0.0	1.86	0.0	5.0	0.0	1.38	0.0	0.0552117	0.000473605	1.37746e-05	0.00459294	0.298212	0.0109056	0.173641	0.0	0.0248856	0.0	-0.00136772	0.000466078	1.74699	0.0	0.94272	0.00677674	0.943126	0.0405715	0.801228	0.0225388	0.600307	0.0254479	0.0708957	3.87415e-09	0.0869737	0.00418402	0.337047	0.0178279	-38457.2	4.0	3.96873e-05	-408349.0	4.0	7.88575e-08	1.0	8258.06	162.19	1741.8	86.8615	0.174182	0.00816801	1124.43	2.34752	
1.6-2.4	3.0-6.5	30.0-40.0	0.000-1.571	0.016	0.152	13299.0	13139.0	3503.3	91.4689	9635.78	120.329	-1.0	0.0	1.99996	2.2214	7.69648e-07	0.0	3.09044	0.0	0.0759264	0.0	0.0464029	0.00128056	0.03	0.0	1.86	0.0	5.0	0.0	1.38	0.0	0.0464029	0.00064028	1.3843e-05	0.00459291	0.355947	0.0207983	0.173641	0.0	0.0248856	0.0	0.00414043	0.000788444	1.74699	0.0	0.931572	0.0113791	0.847281	0.0780864	0.635638	0.215131	0.679014	0.0461626	0.139307	0.0360947	0.1566	0.0121008	0.0706221	4.19612e-09	-13397.5	4.0	4.18249e-06	-114332.0	4.0	1.82081e-05	1.0	2923.33	87.1809	579.972	44.7673	0.16555	0.0120254	1116.73	3.92207	
1.6-2.4	3.0-6.5	40.0-100.0	0.000-1.571	0.016	0.168	10229.0	10224.0	4307.81	84.9085	5916.21	93.9009	-1.0	0.0	2.0	0.196303	7.69648e-07	0.0	3.09044	0.0	0.0759264	0.0	0.0462893	0.000842102	0.03	0.0	1.86	0.0	5.0	0.0	1.38	0.0	0.0462893	0.00042105	1.33924e-05	0.00459311	0.294289	0.0160414	0.173641	0.0	0.0248856	0.0	0.00800348	0.000813639	1.74699	0.0	0.886479	0.0118789	0.93108	0.102254	0.746954	0.0711415	0.731065	0.0270513	0.0708815	2.4748e-06	0.260088	0.0174161	0.218782	0.0387969	-11613.9	4.0	1.99881e-05	-87886.3	4.0	3.49489e-07	1.0	3587.23	84.8542	720.572	49.0168	0.167271	0.0108905	1085.97	4.0065	
1.6-2.4	3.0-6.5	40.0-50.0	0.000-1.571	0.016	0.145	6104.0	6067.0	2097.33	61.5375	3969.68	75.2253	-1.0	0.0	2.0	0.219948	7.69648e-07	0.0	3.09044	0.0	0.0759264	0.0	0.0434199	0.00116327	0.03	0.0	1.86	0.0	5.0	0.0	1.38	0.0	0.0434199	0.000581633	1.39771e-05	0.00459285	0.284626	0.0223759	0.173641	0.0	0.0248856	0.0	0.0101339	0.00108832	1.74699	0.0	0.945521	0.0171973	0.999949	0.102012	0.856585	0.0663788	0.866876	0.0171014	0.0708375	1.56533e-06	0.33928	0.0330654	0.265388	0.0829487	-6523.34	4.0	2.57462e-06	-48601.8	4.0	2.00933e-07	1.0	1752.2	60.058	345.137	32.6562	0.16456	0.0148028	1126.38	5.96467	
1.6-2.4	3.0-6.5	50.0-100.0	0.000-1.571	0.016	0.168	4124.0	4124.0	2240.19	58.1238	1884.01	54.9731	-1.0	0.0	2.0	1.95115	7.69648e-07	0.0	3.09044	0.0	0.0759264	0.0	0.0497938	0.0012001	0.03	0.0	1.86	0.0	5.0	0.0	1.38	0.0	0.0497938	0.00060005	1.33924e-05	0.00459311	0.268286	0.0175032	0.173641	0.0	0.0248856	0.0	0.00218759	0.00133266	1.74699	0.0	0.884219	0.017469	0.999339	0.0918714	0.669667	0.0723811	0.7162	0.0256776	0.0704411	1.8524e-08	0.190425	0.019576	0.233947	0.0349919	-5218.86	4.0	7.39937	-32202.7	4.0	7.56725e-05	1.0	1719.82	61.2475	520.372	44.0726	0.232289	0.0187277	1084.45	5.88515	
1.6-2.4	4.5-5.5	0.0-100.0	0.000-1.571	0.016	0.192	40651.0	40587.0	8007.33	208.319	32581.6	291.693	-1.0	0.0	-0.181415	0.00530111	0.998291	0.0364678	3.08913	0.00117252	0.0483639	0.00130017	0.0100055	0.872446	0.03	0.0	1.86	0.0	5.0	0.0	1.38	0.0	0.0483243	0.000790008	2.24592e-05	0.000300031	0.319124	0.0118711	0.168306	0.155053	0.0139897	0.0158776	0.00939005	0.000444181	1.94031	0.379299	1.0631	0.00684463	0.963892	0.0992095	0.562676	0.0838183	0.841186	0.0104364	0.0720036	4.05533e-07	0.313622	0.0202716	0.25923	0.028856	-36407.7	4.0	2.22527e-05	-397215.0	7.0	0.475163	1.0	6436.39	180.916	1570.94	79.7609	0.196187	0.00855396	1254.43	95.2437	
1.6-2.4	5.5-6.5	0.0-100.0	0.000-1.571	0.016	0.168	19040.0	19000.0	5461.89	122.235	13538.1	151.576	-1.0	0.0	-0.19716	0.00531618	0.9345	0.108568	3.09311	0.00106497	0.0518174	0.00256596	0.0298487	0.0118965	0.03	0.0	1.86	0.0	5.0	0.0	1.38	0.0	0.0506708	0.00157464	1.49587e-05	0.00459239	0.280619	0.012335	0.433557	0.413492	0.016385	0.017632	0.00852242	0.000750161	1.45242	0.194727	0.870227	0.0134922	0.501405	0.0705337	0.841011	0.0844567	0.672667	0.0440205	0.07051	0.0196121	0.303819	0.0177631	0.201396	0.0451676	-19065.5	4.0	9.68985e-05	-172694.0	7.0	1.79617e-05	1.0	4460.53	111.622	1001.36	54.7422	0.183337	0.00914426	1159.12	131.715	
1.6-2.4	6.5-30.0	0.0-10.0	0.000-1.571	0.008	0.184	6701.0	6701.0	2781.91	65.8317	3919.24	73.9657	-1.0	0.0	-0.184655	0.011843	0.713151	0.0	3.09071	0.0	0.0553471	0.0	0.0304881	0.0025566	0.03	0.0	1.492	0.0	5.0	0.0	1.733	0.0	0.0495099	0.000225801	6.70809e-05	0.00017923	0.298161	0.0164111	0.211707	0.0	0.00199102	0.0	0.00445399	0.00087717	1.6767	0.0	1.09027	0.0197564	0.688987	0.0471824	0.899538	0.0817369	0.673902	0.0262715	0.102083	0.0230917	0.270555	0.018791	0.300051	0.107899	-7731.52	4.0	1.33466e-06	-54724.6	4.0	1.10841e-05	1.0	2231.77	62.3529	550.132	35.6108	0.197754	0.0119148	1237.82	6.85868	
1.6-2.4	6.5-30.0	0.0-100.0	0.000-1.571	0.008	0.152	16979.0	16956.0	8519.18	142.127	8436.98	141.797	-1.0	0.0	-0.190226	0.00801405	0.713151	0.0883968	3.09071	0.000696182	0.0553471	0.0021724	0.0299054	0.00382836	0.03	0.0	1.492	0.0	5.0	0.0	1.733	0.0	0.0494078	0.00134335	2.77437e-05	0.00458652	0.259965	0.00746336	0.211707	0.175346	0.00199102	0.00574194	0.00366353	0.000486254	1.6767	0.235346	0.92278	0.0111169	0.724787	0.0629464	0.655644	0.117226	0.548143	0.0263125	0.07051	5.46886e-07	0.25308	0.0138593	0.0706812	5.44771e-07	-22835.8	4.0	2.08134e-05	-156000.0	7.0	0.000117594	1.0	6491.53	124.594	2027.66	70.2788	0.238011	0.00723096	1125.36	84.9619	
1.6-2.4	6.5-30.0	10.0-20.0	0.000-1.571	0.008	0.16	4268.0	4268.0	2042.28	55.5446	2225.73	57.1718	-1.0	0.0	-0.172849	0.0188205	0.713151	0.0	3.09071	0.0	0.0553471	0.0	0.0315505	0.00428966	0.03	0.0	1.492	0.0	5.0	0.0	1.733	0.0	0.0497005	0.000390564	2.91966e-05	0.00458585	0.222723	0.0131038	0.211707	0.0	0.00199102	0.0	0.00133384	0.00101664	1.6767	0.0	0.965422	0.0214743	0.999973	0.163116	0.708989	0.0589295	0.641205	0.0354936	0.0706629	0.783675	0.137347	0.0153341	0.248642	0.0368471	-5814.9	4.0	4.46184e-06	-33226.8	4.0	2.98687e-06	1.0	1539.63	53.4085	502.654	35.8602	0.246124	0.0162329	1153.21	7.08573	
1.6-2.4	6.5-30.0	20.0-30.0	0.000-1.571	0.008	0.152	2685.0	2685.0	1492.1	44.2549	1192.79	40.7331	-1.0	0.0	-0.214277	0.0130783	0.713151	0.0	3.09071	0.0	0.0553471	0.0	0.0244379	0.00252802	0.03	0.0	1.492	0.0	5.0	0.0	1.733	0.0	0.0485377	0.000182553	2.77437e-05	0.00458652	0.290172	0.0176807	0.211707	0.0	0.00199102	0.0	0.00284667	0.00105702	1.6767	0.0	0.822309	0.0252644	0.873678	0.932486	0.617797	0.290423	0.587704	0.126918	0.070744	0.196247	0.0705799	0.853822	0.326029	0.116466	-4018.5	4.0	4.49159e-07	-19998.9	4.0	5.83037e-06	1.0	1091.07	40.6637	401.023	27.3457	0.268765	0.0165026	1062.17	7.70913	
1.6-2.4	6.5-30.0	30.0-40.0	0.000-1.571	0.008	0.12	1639.0	1637.0	1002.42	35.8428	634.638	30.2817	-1.0	0.0	-0.205377	0.0218182	0.713151	0.0	3.09071	0.0	0.0553471	0.0	0.0261746	0.00315378	0.03	0.0	1.492	0.0	5.0	0.0	1.733	0.0	0.0487967	0.00024263	7.90451e-05	0.000185159	0.216866	0.0157116	0.211707	0.0	0.00199102	0.0	0.00105362	0.00137032	1.6767	0.0	0.844088	0.0301247	1.0	0.235438	0.999999	0.272632	0.732786	0.0886889	0.0704561	7.86278e-05	0.268601	0.0830052	0.0791636	0.000171061	-2629.83	4.0	1.47975e-06	-11502.6	4.0	4.9639e-06	1.0	681.549	33.8846	320.866	26.1898	0.320093	0.0234863	1075.56	9.31826	
1.6-2.4	6.5-30.0	40.0-50.0	0.000-1.571	0.008	0.136	894.0	892.0	581.124	26.7455	310.893	21.097	-1.0	0.0	-0.23763	0.0155382	0.713151	0.0	3.09071	0.0	0.0553471	0.0	0.0299833	0.00379066	0.03	0.0	1.492	0.0	5.0	0.0	1.733	0.0	0.0494214	0.00032984	6.70209e-05	0.882424	0.238492	0.0249455	0.211707	0.0	0.00199102	0.0	0.000222133	0.00151996	1.6767	0.0	0.673842	0.0352073	0.789455	0.745712	0.907583	1.48941	0.395047	0.9984	0.0705955	1.48019e-08	0.248396	0.151455	0.0705679	10.91	-1509.91	4.0	4.74423e-05	-5786.16	4.0	6.84812e-07	1.0	434.821	25.3844	146.303	17.0066	0.251758	0.0268735	976.275	9.57804	
1.6-2.4	6.5-30.0	50.0-100.0	0.000-1.571	0.008	0.088	790.0	772.0	605.783	26.7508	166.098	16.613	-1.0	0.0	-0.144159	0.0976328	0.713151	0.0	3.09071	0.0	0.0553471	0.0	0.0454927	0.0065695	0.03	0.0	1.492	0.0	5.0	0.0	1.733	0.0	0.0527091	0.000813226	7.21792e-05	0.000182081	0.215558	0.0248833	0.211707	0.0	0.00199102	0.0	0.00404599	0.00194328	1.6767	0.0	0.822057	0.0421437	0.771753	255.349	0.999992	72919.7	0.259685	225.929	0.0705674	1.84556e-06	0.224068	77.5888	0.0705112	343537.0	-1529.75	4.0	1.90604e-05	-5044.61	4.0	5.14153e-05	1.0	477.81	26.3874	127.974	16.8236	0.211253	0.026158	1062.02	12.8576	
2.0-2.4	6.5-30.0	0.0-100.0	0.000-1.571	0.008	0.152	4413.0	4411.0	2367.09	65.151	2043.98	62.6148	-1.0	0.0	-0.199854	0.0134315	0.852709	0.0547565	3.09083	0.001486	0.0621388	0.00292331	0.0234865	0.00412551	0.03	0.0	1.492	0.0	5.0	0.0	1.733	0.0	0.058084	0.00154964	7.87116e-05	0.000484264	0.228051	0.0122626	0.0616687	0.0610904	-0.00999983	0.0176875	0.00204822	0.000826937	2.1655	0.541626	0.918472	0.0177162	0.808525	0.0472997	0.999998	0.204484	0.630653	0.0336699	0.121368	0.0238695	0.196956	0.01431	0.15139	3.00552	-6198.64	4.0	3.82851e-06	-34660.1	7.0	7.45876e-06	1.0	1757.76	59.4894	609.331	38.466	0.257418	0.0146244	1039.59	66.7546	
