sigG1G2
rap	pT	cent	dPhi	ctauErrMin	ctauErrMax	NoCutEntry	CutEntry	NSig	NSigErr	NBkg	NBkgErr	coefExp	coefExpErr	coefPol1	coefPol1Err	coeffGaus	coeffGausErr	meanSig1	meanSig1Err	sigmaSig1	sigmaSig1Err	sigmaSig2	sigmaSig2Err	sigmaSig3	sigmaSig3Err	alpha	alphaErr	enne	enneErr	enne	enneErr	sigWidth	sigWidthErr	Gmc	GmcErr	bTau	bTauErr	fracRes	fracResErr	meanResSigW	meanResSigWErr	meanResSigN	meanResSigNErr	sigmaResSigW	sigmaResSigWErr	sigmaResSigN	sigmaResSigNErr	fpm	fpmErr	fLiving	fLivingErr	fbkgCtTot	fbkgCtTotErr	lambdam	lambdamErr	lambdap	lambdapErr	lambdasym	lambdasymErr	NLL	nFitPar	EDM	NLLMass	nFitParMass	EDMMass	Prob	PROMPT	PROMPTErr	NON-PROMPT	NON-PROMPTErr	Bfraction	BfractionErr	Resolution	ResolutionErr	
0.0-0.4	6.5-30.0	0.0-100.0	0.000-1.571	0.008	0.105	8543.0	8531.0	7148.21	133.506	1382.95	61.8518	-1.18075	0.155226	-0.05	0.0	0.699002	0.210768	3.09337	0.000385864	0.0166367	0.00201001	0.0292123	0.00492809	0.03	0.0	1.696	0.05	1.718	0.07	1.718	0.07	0.0212209	0.00116004	1.68647e-05	3.60603e-05	0.362129	0.0117448	0.0412563	0.0187466	-0.00568417	0.00506639	0.000103633	0.00065782	1.9561	0.23217	0.970796	0.0194868	0.959892	0.0246884	0.905455	0.0387425	0.180549	0.0805004	0.344023	0.230123	0.353323	0.0227634	0.0703136	0.0919651	-56801.4	4.0	294.337	-196905.0	7.0	107.618	1.0	5199.29	118.439	1948.92	76.9616	0.272645	0.00948624	1.03025	0.0182282	
0.0-1.2	6.5-30.0	0.0-100.0	0.000-1.571	0.008	0.145	29871.0	29854.0	24993.5	249.224	4861.37	120.344	-1.26325	0.0876193	-0.05	0.0	0.534364	0.062625	3.0933	0.000272654	0.0195578	0.00106625	0.0356761	0.00107087	0.03	0.0	1.696	0.05	1.718	0.07	1.718	0.07	0.0282321	0.000618026	3.35891e-05	7.03403e-08	0.364872	0.00712517	0.0363835	0.00953099	-0.00179413	0.00321886	0.00019925	0.000345974	2.02745	0.140729	0.982862	0.0103279	0.976217	0.0248996	0.904385	0.0181384	0.242869	0.032508	0.279081	0.157744	0.410651	0.0154838	0.0788884	0.0667021	-173596.0	4.0	455.457	-750634.0	7.0	253.31	1.0	18208.2	222.832	6785.35	145.832	0.271484	0.00516877	1.03944	0.00995162	
0.0-2.4	10.0-13.0	0.0-100.0	0.000-1.571	0.008	0.145	11910.0	11900.0	10003.6	149.265	1897.63	91.4986	-1.38495	0.139198	-0.05	0.0	0.436902	0.133043	3.09238	0.000470642	0.0519513	0.00710566	0.0242387	0.00262862	0.03	0.0	1.696	0.05	1.718	0.07	1.718	0.07	0.0388587	0.00212596	5.4086e-05	1.12806e-09	0.385693	0.0107535	0.0847722	0.0318272	0.00318917	0.00280993	0.000704088	0.000481091	1.61951	0.135984	0.942747	0.0148776	0.83352	1.21499	0.976599	0.0228316	0.134743	1.05071	0.028361	0.0743116	0.397172	0.023716	0.15767	0.0887194	-43329.5	4.0	10.0468	-197650.0	7.0	55.3708	1.0	6986.72	127.794	3016.86	86.5421	0.301578	0.00738871	1.01773	0.0175412	
0.0-2.4	10.0-30.0	0.0-100.0	0.000-1.571	0.008	0.145	18734.0	18724.0	15478.1	187.67	3246.98	122.093	-1.38039	0.106847	-0.05	0.0	0.415077	0.112851	3.0925	0.000371796	0.0520769	0.00643637	0.0245141	0.0020944	0.03	0.0	1.696	0.05	1.718	0.07	1.718	0.07	0.0384343	0.00241452	1.34171e-05	1.68501e-09	0.373333	0.00763916	0.061429	0.0187332	-0.00106161	0.00252365	0.000273279	0.000361311	1.76588	0.127349	0.967864	0.0119363	0.944728	0.0348517	0.962578	0.0152493	0.238215	0.0244433	0.0260255	0.00872775	0.418833	0.0165624	0.170913	0.0524214	-63026.8	4.0	15.5555	-315478.0	7.0	86.2184	1.0	10092.7	154.304	5385.43	114.449	0.347939	0.00607265	1.03478	0.0130189	
0.0-2.4	11.0-13.0	0.0-100.0	0.000-1.571	0.008	0.145	6364.0	6361.0	5344.94	104.369	1016.33	59.7785	-1.54437	0.185372	-0.05	0.0	0.368395	0.0863197	3.09257	0.000640457	0.059404	0.00767102	0.0252277	0.00178632	0.03	0.0	1.696	0.05	1.718	0.07	1.718	0.07	0.0412551	0.00255883	1.95666e-05	9.68631e-08	0.393755	0.0142739	0.152755	0.0965681	0.00355134	0.00260494	0.000257616	0.000696845	1.43754	0.174684	0.947141	0.0224041	0.932594	0.127687	0.986752	0.0134875	0.224046	0.1008	0.0343862	0.0342548	0.388893	0.0261898	0.214601	0.151057	-21797.2	4.0	4.41633	-96797.1	7.0	41.7412	1.0	3591.16	88.867	1753.79	64.4422	0.328121	0.0102133	1.03717	0.0340306	
0.0-2.4	13.0-16.0	0.0-100.0	0.000-1.571	0.008	0.081	4042.0	4037.0	3259.3	78.1508	778.711	46.58	-1.18119	0.196276	-0.05	0.0	0.483267	0.148395	3.09248	0.000766518	0.0471659	0.00666674	0.0220638	0.00271051	0.03	0.0	1.696	0.05	1.718	0.07	1.718	0.07	0.0364231	0.00212874	2.62966e-05	2.93314e-11	0.370724	0.015491	0.0297848	0.0145497	-0.01	0.0133005	-0.000480829	0.000760933	2.21078	0.332015	1.01107	0.0259978	0.989666	30.9404	0.942354	1.38215	0.280698	15.762	0.0027963	78.2583	0.453614	0.354902	0.218595	0.283447	-12505.8	4.0	2.53547	-55392.4	7.0	18.4321	1.0	1998.11	64.7637	1261.19	53.0417	0.386951	0.01337	1.06649	0.020538	
0.0-2.4	13.0-30.0	0.0-100.0	0.000-1.571	0.008	0.081	6824.0	6818.0	5467.62	116.214	1351.42	84.2584	-1.37337	0.168958	-0.05	0.0	0.390645	0.237915	3.09273	0.000615246	0.0514907	0.0140583	0.0246632	0.00415382	0.03	0.0	1.696	0.05	1.718	0.07	1.718	0.07	0.0375016	0.00386099	1.00764e-05	1.42678e-08	0.362236	0.0109733	0.0330329	0.0174075	-0.00922003	0.0132591	-0.000202652	0.000553501	2.0516	0.269494	1.00568	0.020137	0.999092	19.4989	0.961002	0.457217	0.299957	7.64459	0.0021053	31.3477	0.446115	0.05104	0.23465	0.155586	-19915.3	4.0	2.10849	-97560.6	7.0	32.2464	1.0	3131.94	87.2593	2335.68	75.1487	0.427185	0.0103181	1.05689	0.0182714	
0.0-2.4	16.0-30.0	0.0-100.0	0.000-1.571	0.008	0.056	2782.0	2771.0	2269.92	83.3823	501.427	65.6303	-1.89826	0.351798	-0.05	0.0	0.1531	0.0409531	3.09291	0.000976367	0.1013	0.0389049	0.0306377	0.0016503	0.03	0.0	1.696	0.05	1.718	0.07	1.718	0.07	0.0486418	0.00652016	3.3375e-05	9.01575e-05	0.356803	0.0154911	0.109582	0.115936	-0.0012168	0.00405477	0.00020103	0.000855874	1.51989	0.290444	0.972818	0.0345832	0.99268	12.8067	0.985406	0.333319	0.306171	8.77718	0.00100125	33.1281	0.434888	0.066286	0.237389	0.416445	-7460.17	4.0	0.448219	-34725.2	7.0	14.2049	1.0	1168.34	56.0613	1101.58	54.2068	0.485294	0.0158899	1.04681	0.0465213	
0.0-2.4	6.5-30.0	0.0-100.0	0.000-1.571	0.004	0.224	66396.0	66374.0	55878.6	383.431	10495.6	202.593	-1.28239	0.0624075	-0.05	0.0	0.445081	0.0540438	3.09134	0.00025082	0.0521236	0.00216341	0.0261476	0.00119969	0.03	0.0	1.696	0.05	1.718	0.07	1.718	0.07	0.0398575	0.000958697	1.258e-05	6.33362e-07	0.36509	0.00528815	0.0395513	0.00542533	-0.00065644	0.00248699	0.000444013	0.000246025	2.1898	0.0895116	0.958806	0.00664202	0.975835	0.0513136	0.860288	0.0829616	0.289976	0.0389219	0.0437666	0.0692225	0.423401	0.0171547	0.133602	0.0397147	-341491.0	4.0	450.138	-1745280.0	7.0	49.4299	1.0	41835.4	347.383	14043.2	218.065	0.251316	0.00350077	1.03567	0.00696374	
0.0-2.4	6.5-7.5	0.0-100.0	0.000-1.571	0.008	0.168	19600.0	19587.0	16826.6	410.228	2760.54	332.439	-1.01441	0.201531	-0.05	0.0	0.274675	0.481543	3.08998	0.000780012	0.0648871	0.0423052	0.0319379	0.0101523	0.03	0.0	1.696	0.05	1.718	0.07	1.718	0.07	0.0435469	0.00906871	1.46325e-05	1.04365	0.391035	0.0153394	0.0274931	0.00809829	0.00662081	0.0166341	0.00067873	0.000657333	2.51531	0.251785	0.973093	0.0138024	0.985889	0.0141581	0.645269	0.0818563	0.278551	0.0853714	0.478798	0.524461	0.407806	0.0294001	0.0630899	0.0111952	-150277.0	4.0	90.4689	-647737.0	7.0	2443.42	1.0	13813.5	357.115	3013.17	139.696	0.179071	0.00706155	1.04634	0.0147155	
0.0-2.4	6.5-8.0	0.0-100.0	0.000-1.571	0.008	0.168	27402.0	27385.0	23288.8	328.302	4097.06	214.07	-1.02768	0.12481	-0.05	0.0	0.549026	0.343252	3.09031	0.000509493	0.0505724	0.010067	0.0258363	0.00883514	0.03	0.0	1.696	0.05	1.718	0.07	1.718	0.07	0.0412941	0.00360669	1.06819e-05	6.35669e-06	0.387482	0.0120566	0.0375559	0.00876698	-0.000429432	0.00619673	0.000825372	0.000519046	2.2911	0.169192	0.958823	0.0112495	0.988382	0.0146282	0.633054	0.0580763	0.268971	0.0585699	0.395618	0.441796	0.424364	0.0246254	0.0724071	0.0107525	-190727.0	4.0	107.507	-860313.0	7.0	1280.0	1.0	18897.2	298.876	4391.61	148.977	0.188572	0.00581843	1.04017	0.0125343	
0.0-2.4	6.5-8.5	0.0-100.0	0.000-1.571	0.008	0.168	34002.0	33983.0	28855.2	316.669	5127.98	172.634	-1.12179	0.100356	-0.05	0.0	0.512708	0.170202	3.09037	0.000421363	0.0511318	0.00513929	0.0264383	0.00415701	0.03	0.0	1.696	0.05	1.718	0.07	1.718	0.07	0.0410008	0.00176806	2.38435e-05	5.23465e-06	0.374247	0.0100656	0.0366796	0.00717041	-0.00262645	0.00533113	0.00118719	0.000439645	2.32876	0.146774	0.955558	0.00986278	0.984403	0.0118044	0.620684	0.0417593	0.221578	0.0423018	0.415467	0.272193	0.428997	0.0210582	0.0711424	0.00762052	-221798.0	4.0	119.421	-1027360.0	7.0	993.089	1.0	23251.8	294.943	5603.45	160.184	0.194192	0.00512592	1.03852	0.010777	
0.0-2.4	7.5-8.5	0.0-100.0	0.000-1.571	0.008	0.136	14402.0	14382.0	12134.0	176.353	2248.02	94.7328	-1.32789	0.136084	-0.05	0.0	0.561337	0.144823	3.09074	0.000537898	0.0485119	0.00440335	0.0244628	0.00348797	0.03	0.0	1.696	0.05	1.718	0.07	1.718	0.07	0.039794	0.00224514	3.5227e-05	4.17602e-05	0.357163	0.0128268	0.0451238	0.0121541	-0.0072094	0.00561322	0.00178943	0.000570159	2.1991	0.182947	0.940279	0.0136374	0.985081	0.0112352	0.599027	0.0662252	0.143799	0.0655856	0.39904	0.222398	0.449049	0.0319538	0.0768131	0.0112404	-71491.7	4.0	5.3837	-316639.0	7.0	3.29704	1.0	9525.0	164.293	2609.04	96.261	0.215018	0.0072917	1.03075	0.0157653	
0.0-2.4	8.0-10.0	0.0-100.0	0.000-1.571	0.008	0.136	20258.0	20245.0	17092.0	200.224	3153.64	111.741	-1.51018	0.112676	-0.05	0.0	0.348993	0.0880238	3.09158	0.000403432	0.054071	0.00547094	0.0276118	0.00147196	0.03	0.0	1.696	0.05	1.718	0.07	1.718	0.07	0.0389445	0.00183403	1.06093e-05	3.63822e-09	0.344518	0.00912583	0.0493876	0.0109542	0.000525422	0.00399226	0.000730948	0.000422611	2.11013	0.137345	0.93436	0.0108065	0.849597	0.0676158	0.863202	0.0349898	0.149746	0.0711457	0.0218432	0.00472996	0.447634	0.0220634	0.156237	0.0283971	-89227.0	4.0	10.6178	-409381.0	7.0	34.4417	1.0	13013.1	183.08	4078.93	112.084	0.238646	0.00593195	1.02461	0.0127383	
0.0-2.4	8.5-9.5	0.0-100.0	0.000-1.571	0.008	0.136	9993.0	9989.0	8466.08	136.296	1522.94	71.1875	-1.45579	0.156081	-0.05	0.0	0.274028	0.0295219	3.09215	0.000558567	0.0579568	0.0037066	0.0282896	0.000780045	0.03	0.0	1.696	0.05	1.718	0.07	1.718	0.07	0.0387486	0.000925879	1.61471e-05	3.66487e-06	0.35828	0.0133511	0.0510208	0.0152692	0.00361757	0.00549739	0.000635617	0.000587558	2.16101	0.191159	0.934856	0.0149193	0.973365	0.133061	0.919955	0.168323	0.252556	0.0503025	0.0544808	0.0644243	0.454209	0.0386425	0.168396	0.184219	-43789.6	4.0	5.09824	-185690.0	7.0	20.6103	1.0	6439.74	125.575	2026.34	78.0067	0.239348	0.00836962	1.03326	0.0184856	
0.0-2.4	9.5-11.0	0.0-100.0	0.000-1.571	0.008	0.128	9211.0	9203.0	7718.3	124.896	1485.11	67.0742	-1.38406	0.150105	-0.05	0.0	0.627817	0.0957527	3.09194	0.000546358	0.0438109	0.00318728	0.021057	0.00167782	0.03	0.0	1.696	0.05	1.718	0.07	1.718	0.07	0.0370143	0.00153139	4.61932e-05	1.75574e-06	0.358731	0.0123742	0.0946533	0.0370468	0.00139483	0.00321146	-0.000583214	0.000570527	1.57638	0.138864	0.912841	0.0161728	0.861266	0.0513555	0.920673	0.0388228	0.129234	0.0552163	0.0288369	0.0104468	0.427434	0.0271608	0.15899	0.0514342	-35991.3	4.0	9.16038	-154253.0	7.0	32.031	1.0	5623.54	111.762	2094.76	73.2042	0.271402	0.00840643	0.994795	0.0197498	
0.4-0.8	6.5-30.0	0.0-100.0	0.000-1.571	0.008	0.073	9553.0	9511.0	7943.27	153.731	1568.48	82.0964	-1.36783	0.173042	-0.05	0.0	0.678773	0.354164	3.09379	0.000472228	0.0205933	0.0035391	0.0347913	0.0111977	0.03	0.0	1.696	0.05	1.718	0.07	1.718	0.07	0.0260131	0.00258654	3.62012e-05	2.19645e-10	0.356839	0.0124439	0.0440704	0.0189422	-0.00335026	0.0047604	-0.000736738	0.000655559	1.94023	0.224231	0.98371	0.0199236	0.985807	0.70436	0.885648	0.81036	0.206009	0.100721	0.109607	0.114123	0.439755	0.105759	0.114373	0.0509288	-62915.2	4.0	258.016	-244204.0	7.0	2147.38	1.0	5619.01	134.241	2324.26	90.6526	0.292608	0.00990836	1.04448	0.0180408	
0.8-1.2	6.5-30.0	0.0-100.0	0.000-1.571	0.008	0.145	11774.0	11771.0	9915.04	155.599	1856.52	88.1582	-1.29689	0.142981	-0.05	0.0	0.0801113	0.0724182	3.09275	0.000509284	0.0638457	0.0254005	0.031473	0.00120386	0.03	0.0	1.696	0.05	1.718	0.07	1.718	0.07	0.0351817	0.00191167	2.63171e-05	3.12815e-11	0.376847	0.0124207	0.0252228	0.0123352	0.00474538	0.0064379	0.0010433	0.000517	2.22391	0.299687	1.00579	0.015138	0.953203	4.94254	0.951871	0.106228	0.337187	1.43134	0.00105098	12.0955	0.435263	0.0326516	0.219995	0.121687	-54859.1	4.0	31.7293	-232536.0	7.0	6.73985	1.0	7403.44	138.842	2511.59	85.6262	0.253312	0.00766664	1.05396	0.015674	
1.2-1.6	6.5-30.0	0.0-100.0	0.000-1.571	0.004	0.152	14638.0	14630.0	12515.6	187.73	2114.64	111.544	-1.20609	0.142229	-0.05	0.0	0.0914768	0.0362196	3.08922	0.000571597	0.0861276	0.0198401	0.0376214	0.00095324	0.03	0.0	1.696	0.05	1.718	0.07	1.718	0.07	0.0443223	0.00180128	3.02336e-05	2.07313e-10	0.371049	0.0116657	0.0605824	0.0181432	-0.00143211	0.00425656	0.00125424	0.00051519	1.97565	0.161837	0.951886	0.0136515	1.0	0.0431405	0.73855	0.0637954	0.292786	0.0498389	0.090575	33.5287	0.472814	0.0329667	0.0930395	0.0178243	-69007.1	4.0	22.7073	-312743.0	7.0	3.50488	1.0	9394.27	167.427	3121.35	101.823	0.249396	0.00722464	1.04291	0.0170413	
1.6-2.0	6.5-30.0	0.0-100.0	0.000-1.571	0.004	0.145	15172.0	15161.0	12852.0	196.022	2310.02	111.488	-1.48998	0.151082	-0.05	0.0	0.101144	0.0680724	3.08949	0.000692523	0.0839	0.0152711	0.0437094	0.00175278	0.03	0.0	1.696	0.05	1.718	0.07	1.718	0.07	0.0492874	0.00148873	1.47067e-05	3.70281e-07	0.354911	0.0116518	0.0692177	0.0151298	0.00589367	0.00445577	0.000867941	0.00055726	2.03396	0.13573	0.914596	0.0132716	0.879573	0.12752	0.944785	0.306752	0.338421	0.0845004	0.0653071	0.0812224	0.415997	0.0519433	0.180236	0.386324	-71594.1	4.0	38.5799	-334862.0	7.0	6.67186	1.0	9962.59	178.374	2889.38	103.295	0.22482	0.0072691	1.03196	0.0161874	
1.6-2.4	3.0-30.0	0.0-100.0	0.000-1.571	0.004	0.24	78321.0	78220.0	65958.4	1106.39	12262.0	1001.45	-0.671939	0.111709	-0.05	0.0	0.127585	0.0870262	3.08886	0.000436669	0.105369	0.0471316	0.0454691	0.00257178	0.03	0.0	2.059	0.08	1.41	0.1	1.41	0.1	0.0567468	0.00565473	1.74679e-05	5.09545e-05	0.361875	0.00734857	0.0595191	0.00808293	0.00568574	0.00364107	9.13745e-05	0.00040165	2.03068	0.0819978	0.91209	0.00748941	0.988227	0.0475621	0.600377	0.332454	0.33874	0.374532	1.04876	23.3493	0.43031	0.0341276	0.0693352	0.0601614	-639775.0	4.0	2133.85	-3635830.0	7.0	2552.73	1.0	56219.4	975.405	9738.92	298.0	0.147653	0.00377864	1.01382	0.00877366	
1.6-2.4	3.0-4.5	0.0-100.0	0.000-1.571	0.024	0.24	27435.0	27370.0	23114.9	1137.57	4255.25	1080.49	0.135428	0.203003	-0.05	0.0	0.840989	0.113821	3.08904	0.000956391	0.0449798	0.00482238	0.120933	0.0900335	0.03	0.0	2.04	0.08	1.31	0.1	1.31	0.1	0.0634585	0.0148352	3.3213e-05	6.84293e-05	0.380746	0.0201416	0.152039	0.0491521	0.00785331	0.0161368	-0.000537578	0.00127625	1.5157	0.113301	0.877098	0.0166081	0.952415	0.0279215	0.269935	0.255672	0.123454	0.745678	1.49997	9.01358	0.466983	0.0439286	0.044133	0.0423301	-343727.0	4.0	746.601	-1776150.0	7.0	1673.43	1.0	20755.0	1035.61	2359.83	206.5	0.102091	0.00738693	1.00081	0.0236692	
1.6-2.4	3.0-5.5	0.0-100.0	0.000-1.571	0.024	0.24	44073.0	43985.0	37209.1	1499.6	6776.41	1442.07	-0.271789	0.183113	-0.05	0.0	0.123471	0.0588625	3.08843	0.000675727	0.129412	0.0883047	0.0457184	0.00287211	0.03	0.0	2.04	0.08	1.31	0.1	1.31	0.1	0.0624494	0.0113346	1.33231e-05	0.0273667	0.369243	0.0143532	0.111931	0.0259431	0.00756512	0.0053187	-0.000354735	0.000825345	1.63454	0.0936064	0.895149	0.0115925	0.972957	0.0609073	0.426053	0.304077	0.28264	0.548053	1.09798	14.8656	0.437629	0.0329695	0.051006	0.0468451	-464564.0	4.0	879.663	-2505360.0	7.0	2202.48	1.0	33208.3	1353.64	4000.84	259.131	0.107523	0.00545174	1.00531	0.0154653	
1.6-2.4	3.0-6.5	0.0-100.0	0.000-1.571	0.016	0.24	56434.0	56338.0	47563.9	1423.61	8774.64	1361.65	-0.403169	0.157804	-0.05	0.0	0.135387	0.120907	3.08873	0.00057132	0.111597	0.0771627	0.0455429	0.00401273	0.03	0.0	2.04	0.08	1.31	0.1	1.31	0.1	0.0589868	0.00997254	1.16039e-05	1.83434e-07	0.375957	0.0117235	0.0726873	0.0143009	0.00892288	0.0115422	-2.0081e-05	0.000624742	1.85882	0.0987596	0.914484	0.00937906	0.979987	0.0782004	0.506404	0.598962	0.357164	0.78434	1.04748	24.8782	0.446561	0.0420186	0.0586356	0.0741081	-537824.0	4.0	1096.34	-2955760.0	7.0	2281.19	1.0	42175.1	1280.91	5388.75	270.727	0.113295	0.00457151	1.01323	0.0120066	
1.6-2.4	4.5-5.5	0.0-100.0	0.000-1.571	0.024	0.192	16637.0	16611.0	14367.7	1727.94	2243.95	1710.89	-1.12539	1.05245	-0.05	0.0	0.085912	0.0733857	3.0874	0.000876268	0.18408	0.231014	0.0467654	0.00164338	0.03	0.0	2.04	0.08	1.31	0.1	1.31	0.1	0.0700734	0.0260733	3.14986e-05	0.0195276	0.355543	0.0200084	0.086383	0.0293212	0.00796526	0.0109084	-0.000252715	0.0010251	1.73086	0.153055	0.921115	0.0152917	0.549032	27.5194	0.889986	3.86689	0.152337	24.4032	0.00360249	0.309423	0.410576	0.0458752	0.119516	0.0767011	-122008.0	4.0	92.1981	-589380.0	7.0	66.817	1.0	12662.7	1526.94	1704.96	233.209	0.118667	0.00773219	1.01684	0.0201573	
1.6-2.4	5.5-6.5	0.0-100.0	0.000-1.571	0.024	0.16	12361.0	12342.0	10541.3	191.429	1801.29	101.529	-1.02369	0.171432	-0.05	0.0	0.310807	0.202931	3.0899	0.000946519	0.0743545	0.0116755	0.0429731	0.00485334	0.03	0.0	2.04	0.08	1.31	0.1	1.31	0.1	0.0546905	0.002795	1.13031e-05	0.0014207	0.393118	0.0213378	0.121122	0.047319	0.00235778	0.00610226	0.000592965	0.000947678	1.59491	0.144361	0.892394	0.0164904	0.935981	0.489169	0.657584	0.598765	0.360219	0.14178	0.0898599	0.0938017	0.481872	0.0939709	0.073513	0.0465284	-73994.5	4.0	41.5834	-338752.0	7.0	15.3548	1.0	9101.75	185.362	1439.55	87.8796	0.136563	0.00795929	1.004	0.0256565	
1.6-2.4	6.5-30.0	0.0-100.0	0.000-1.571	0.008	0.188	21886.0	21879.0	18509.7	249.191	3369.64	153.782	-1.4357	0.131088	-0.05	0.0	0.127059	0.0610317	3.08919	0.000615435	0.087114	0.0154493	0.0450808	0.00157723	0.03	0.0	1.696	0.05	1.718	0.07	1.718	0.07	0.0523286	0.00173823	3.35396e-05	3.48851e-05	0.36197	0.0105503	0.0507427	0.00938907	0.00405901	0.004801	0.000293854	0.000488352	2.22561	0.1344	0.915414	0.0113406	0.931354	0.0797561	0.875288	0.141731	0.304065	0.0587984	0.0548158	0.052014	0.412089	0.0278078	0.122726	0.0384133	-104995.0	4.0	55.4659	-526168.0	7.0	10.9657	1.0	14418.7	226.358	4090.98	128.805	0.221019	0.00629054	1.02314	0.0129365	
2.0-2.4	6.5-30.0	0.0-100.0	0.000-1.571	0.008	0.144	6714.0	6704.0	5886.95	407.002	817.774	386.906	-1.80674	0.99152	-0.05	0.0	0.103079	0.0518157	3.08832	0.0013161	0.183052	0.0864036	0.051824	0.00144453	0.03	0.0	1.696	0.05	1.718	0.07	1.718	0.07	0.0765692	0.0106551	1.00319e-05	1.2166e-09	0.377578	0.0214987	0.0492998	0.0201944	-0.00605931	0.0114916	-0.00111987	0.00104038	1.99796	0.247395	0.896902	0.02269	0.999999	6.37618	0.870401	0.0257969	0.272849	0.0184239	0.10912	17.5501	0.393173	0.0153849	0.108018	0.0159267	-33547.2	4.0	15.994	-157480.0	7.0	5.46523	1.0	4575.35	324.551	1311.6	116.171	0.222798	0.0123351	0.980597	0.0228255	
