v2W_prof
rap	pT	cent	dPhi	ctauErrMin	ctauErrMax	NoCutEntry	CutEntry	NSig	NSigErr	NBkg	NBkgErr	coefExp	coefExpErr	coefPol1	coefPol1Err	coeffGaus	coeffGausErr	meanSig1	meanSig1Err	sigmaSig1	sigmaSig1Err	sigmaSig2	sigmaSig2Err	sigmaSig3	sigmaSig3Err	alpha	alphaErr	enne	enneErr	enneW	enneWErr	sigWidth	sigWidthErr	Gmc	GmcErr	bTau	bTauErr	fracRes	fracResErr	meanResSigW	meanResSigWErr	meanResSigN	meanResSigNErr	sigmaResSigW	sigmaResSigWErr	sigmaResSigN	sigmaResSigNErr	fpm	fpmErr	fLiving	fLivingErr	fbkgCtTot	fbkgCtTotErr	lambdam	lambdamErr	lambdap	lambdapErr	lambdasym	lambdasymErr	NLL	nFitPar	EDM	NLLMass	nFitParMass	EDMMass	Prob	PROMPT	PROMPTErr	NON-PROMPT	NON-PROMPTErr	Bfraction	BfractionErr	Resolution	ResolutionErr	
0.0-1.2	6.5-30.0	0.0-100.0	0.000-0.393	0.008	0.088	5431.0	5428.0	3527.86	138.456	1900.62	103.795	0.280119	0.199726	-0.05	0.0	0.53758	0.0	3.09226	0.0	0.0194907	0.0	0.0366721	0.0	0.03	0.0	1.492	0.04	5.0	0.0	1.733	0.07	0.028742	0.0	2.21795e-05	1.43176	0.42126	0.0814643	0.245908	0.0821935	-0.000109909	0.00257936	0.00131294	0.00125882	1.688	0.125228	0.887251	0.033783	0.657397	2.83594	0.777918	0.937935	0.554366	1.29888	0.0371984	0.185116	0.232976	0.12035	0.180639	0.32261	-17791.2	4.0	8997.22	-215759.0	3.0	114.021	1.0	2233.4	138.065	1294.46	118.152	0.366926	0.0302371	1.13768	0.0448088	
0.0-1.2	6.5-30.0	0.0-100.0	0.000-1.571	0.008	0.105	20432.0	20428.0	12833.5	565.32	7594.66	490.175	0.0157137	0.231716	-0.05	0.0	0.53758	0.589653	3.09226	0.00115363	0.0194907	0.00648009	0.0366721	0.0216756	0.03	0.0	1.492	0.04	5.0	0.0	1.733	0.07	0.028742	0.00650253	1.87255e-05	2.6751e-05	0.434124	0.0706689	0.236177	0.079527	5.83622e-05	0.00144617	0.00107459	0.000692294	1.60413	0.0920545	0.896907	0.019571	0.60572	0.225321	0.931535	0.0846899	0.466431	0.1877	0.057956	0.0363984	0.23873	0.0585342	1.10895	5.0967	1580.73	4.0	79928.1	-1097890.0	7.0	1201290.0	1.0	8468.02	453.136	4365.51	321.2	0.340164	0.020047	1.10553	0.03602	
0.0-1.2	6.5-30.0	0.0-100.0	0.393-0.785	0.008	0.096	5310.0	5309.0	3311.1	151.338	1997.87	108.259	-0.115686	0.174667	-0.05	0.0	0.53758	0.0	3.09226	0.0	0.0194907	0.0	0.0366721	0.0	0.03	0.0	1.492	0.04	5.0	0.0	1.733	0.07	0.028742	0.0	1.00937e-05	0.00103092	0.469135	0.174459	0.0755589	0.0712515	0.0054884	0.00636296	-0.000500674	0.00133672	1.88269	0.329588	0.99343	0.0426441	0.619613	1.83086	0.978018	21.8983	0.329322	3.1714	0.0561719	0.114128	0.165596	0.197684	0.0400779	0.329996	-11177.2	4.0	20362.1	-245059.0	3.0	2034.88	1.0	2237.32	177.558	1073.78	153.227	0.324298	0.0438387	1.08635	0.0504905	
0.0-1.2	6.5-30.0	0.0-100.0	0.785-1.178	0.008	0.08	5177.0	5173.0	3261.72	171.143	1911.66	132.988	0.0647834	0.255262	-0.05	0.0	0.53758	0.0	3.09226	0.0	0.0194907	0.0	0.0366721	0.0	0.03	0.0	1.492	0.04	5.0	0.0	1.733	0.07	0.028742	0.0	4.10143e-05	0.000107112	0.51087	0.229631	0.187448	0.146811	0.00147636	0.00343833	0.000978275	0.00147019	1.59152	0.210616	0.894303	0.0402605	0.713119	4.19213	0.545037	1.83084	0.423145	1.62274	0.0397297	0.315867	0.503799	0.430768	0.0977137	0.0896336	29051.4	4.0	43736.3	-357629.0	3.0	18.4964	1.0	2041.32	185.55	1220.4	164.49	0.374159	0.0464523	1.0605	0.0683064	
0.0-1.2	6.5-30.0	0.0-100.0	1.178-1.571	0.008	0.088	4512.0	4509.0	2728.06	103.302	1781.55	98.7767	-0.173513	0.227117	-0.05	0.0	0.53758	0.0	3.09226	0.0	0.0194907	0.0	0.0366721	0.0	0.03	0.0	1.492	0.04	5.0	0.0	1.733	0.07	0.028742	0.0	1.37041e-05	2.80645	0.285534	0.0424657	0.822701	0.0724277	-0.00109986	0.000962734	6.10012e-07	0.00353076	1.28762	0.0347594	0.6	0.248095	0.69775	0.136289	0.825399	0.226705	0.493877	0.129912	0.0538125	0.0278486	0.248264	0.0648557	1.35209	6.5991	-12421.3	4.0	1544.09	-126233.0	3.0	1613.45	1.0	1932.41	100.422	795.655	75.0872	0.291656	0.0252111	1.19492	0.0273166	
0.0-1.2	6.5-30.0	10.0-60.0	0.000-0.393	0.008	0.073	3291.0	3285.0	2241.84	105.755	1043.85	70.9839	0.158637	0.242387	-0.05	0.0	0.53758	0.0	3.09226	0.0	0.0194907	0.0	0.0367966	0.0	0.03	0.0	1.492	0.04	5.0	0.0	1.733	0.07	0.0288155	0.0	1.05857e-05	4.67892e-05	0.381478	0.0757557	0.236177	0.0	5.83622e-05	0.0	-0.00161923	0.00139285	1.60413	0.0	0.870784	0.0420642	0.991961	50.0113	0.466271	4.65014	0.448989	4.70783	0.00100172	7.9425	0.235557	0.0622332	0.0475601	0.0238533	-12386.0	4.0	5023.38	-115957.0	3.0	255.166	1.0	1405.3	105.311	836.547	90.8462	0.373151	0.0365001	1.08946	0.0128403	
0.0-1.2	6.5-30.0	10.0-60.0	0.000-1.571	0.008	0.105	12495.0	12491.0	8457.74	293.701	4032.93	202.368	0.0588138	0.197131	-0.05	0.0	0.53758	0.0	3.09226	0.0	0.0194907	0.0	0.0367966	0.000166801	0.03	0.0	1.492	0.04	5.0	0.0	1.733	0.07	0.0288155	4.92479e-05	1.87255e-05	2.6751e-05	0.477538	0.11092	0.236177	0.0	5.83622e-05	0.0	0.000337376	0.000827939	1.60413	0.0	0.863074	0.0229121	0.568626	0.374092	0.919041	0.11704	0.388007	0.372333	0.0497112	0.0397871	0.245052	0.0720022	4.63989	61.8432	17215.1	4.0	69726.9	-759925.0	4.0	1189240.0	1.0	5530.68	291.641	2927.06	241.868	0.346081	0.0259495	1.08476	0.00696212	
0.0-1.2	6.5-30.0	10.0-60.0	0.393-0.785	0.008	0.073	3325.0	3324.0	2266.76	136.366	1057.49	85.2532	0.0890003	0.250941	-0.05	0.0	0.53758	0.0	3.09226	0.0	0.0194907	0.0	0.0367966	0.0	0.03	0.0	1.492	0.04	5.0	0.0	1.733	0.07	0.0288155	0.0	2.45136e-05	0.0594659	0.5611	0.339385	0.236177	0.0	5.83622e-05	0.0	9.83995e-05	0.00163866	1.60413	0.0	0.863864	0.0542168	0.541119	0.0106617	1.0	3125.77	0.214251	0.0215924	0.047216	0.00142253	0.166198	0.00468113	0.0257721	10420.3	-8802.39	4.0	17688.7	-178977.0	3.0	2380.54	1.0	1577.51	158.174	689.245	133.161	0.304067	0.0558247	1.08524	0.0164822	
0.0-1.2	6.5-30.0	10.0-60.0	0.785-1.178	0.008	0.064	3109.0	3103.0	2148.69	157.926	954.637	106.38	0.0421852	0.445053	-0.05	0.0	0.53758	0.0	3.09226	0.0	0.0194907	0.0	0.0367966	0.0	0.03	0.0	1.492	0.04	5.0	0.0	1.733	0.07	0.0288155	0.0	3.78823e-05	8.58329e-05	0.609488	0.422251	0.236177	0.0	5.83622e-05	0.0	0.00146129	0.00182735	1.60413	0.0	0.769506	0.0421912	0.825486	4.66008	0.425215	19.8624	0.0722392	68.7239	0.134653	2.01096	0.666459	3.58663	0.0264443	1.69161	26950.0	4.0	36921.2	-274337.0	3.0	59.5115	1.0	1294.52	156.906	854.17	139.672	0.397532	0.0580668	1.02958	0.0120431	
0.0-1.2	6.5-30.0	10.0-60.0	1.178-1.571	0.008	0.064	2769.0	2764.0	1788.99	86.366	975.735	80.7885	-0.0709326	0.375672	-0.05	0.0	0.53758	0.0	3.09226	0.0	0.0194907	0.0	0.0367966	0.0	0.03	0.0	1.492	0.04	5.0	0.0	1.733	0.07	0.0288155	0.0	2.4668e-05	4.15522	0.317211	0.0595584	0.236177	0.0	5.83622e-05	0.0	-0.00167039	0.00177027	1.60413	0.0	0.872024	0.0380651	0.57506	4.02631	0.813687	3.28388	0.303719	3.45951	0.0503424	0.42161	0.171427	0.957779	2.96016	691.747	-6238.92	4.0	1761.01	-80091.7	3.0	2052.78	1.0	1216.52	84.0876	572.465	66.222	0.319994	0.0336389	1.09022	0.011628	
0.0-2.4	10.0-13.0	0.0-100.0	0.000-0.393	0.016	0.08	1670.0	1663.0	1207.37	60.1784	456.228	38.857	0.14241	0.263552	-0.05	0.0	0.500032	0.0	3.0915	0.0	0.0419575	0.0	0.0212078	0.0	0.03	0.0	1.492	0.04	5.0	0.0	1.733	0.07	0.0332437	0.0	1.71938e-05	0.0002901	0.369803	0.0942279	0.274398	0.109498	-0.00249292	0.00355003	0.000872943	0.00154089	1.69599	0.15967	0.836448	0.0432105	0.820163	0.0051121	1.0	40.7555	0.547079	0.00459068	0.122274	0.00257085	0.214145	0.00297026	0.0831876	328.543	-3787.99	4.0	1661.24	-32254.7	3.0	33.9226	1.0	793.693	60.3064	413.675	49.9701	0.342625	0.0377001	1.13883	0.0627264	
0.0-2.4	10.0-13.0	0.0-100.0	0.000-1.571	0.008	0.136	6704.0	6703.0	4891.08	7425.9	1812.16	6763.01	-0.732047	13.1614	-0.05	0.0	0.500032	16.3681	3.0915	0.0476596	0.0419575	0.33297	0.0212078	0.283628	0.03	0.0	1.492	0.04	5.0	0.0	1.733	0.07	0.0332437	0.114391	1.21637e-05	1.85867	0.502774	0.171002	0.294117	0.0867943	0.000270012	0.00176522	0.00028431	0.00105059	1.60695	0.0922641	0.80173	0.028754	0.872518	0.314652	0.523246	0.241016	2.60001e-06	6.50254	0.0850377	0.0985213	0.298883	0.0691267	0.0262417	0.0177819	1813.92	4.0	41156.4	-343493.0	7.0	973124000.0	1.0	3227.83	4903.79	1663.25	2531.27	0.340057	0.0357408	1.10146	0.0436607	
0.0-2.4	10.0-13.0	0.0-100.0	0.393-0.785	0.008	0.088	1751.0	1750.0	1304.55	115.98	445.798	58.3847	-0.750302	0.320893	-0.05	0.0	0.500032	0.0	3.0915	0.0	0.0419575	0.0	0.0212078	0.0	0.03	0.0	1.492	0.04	5.0	0.0	1.733	0.07	0.0332437	0.0	1.60627e-05	0.00013147	0.621933	0.557723	0.680848	0.179328	0.0030049	0.00163927	-0.00182283	0.00231414	1.30469	0.0810495	0.619332	0.0464697	0.843321	0.142389	0.999999	211.177	0.417116	0.366184	0.0497974	0.0406203	0.231727	0.0495082	0.0200065	961.387	-1773.02	4.0	16200.4	-115046.0	3.0	3465.15	1.0	837.845	127.23	466.709	111.178	0.357754	0.0790655	1.13197	0.0612797	
0.0-2.4	10.0-13.0	0.0-100.0	0.785-1.178	0.008	0.105	1683.0	1682.0	1244.68	119.446	437.916	63.9008	-1.29588	0.408602	-0.05	0.0	0.500032	0.0	3.0915	0.0	0.0419575	0.0	0.0212078	0.0	0.03	0.0	1.492	0.04	5.0	0.0	1.733	0.07	0.0332437	0.0	8.5376e-05	0.000184274	0.71946	0.928875	0.118034	0.0934839	0.00630016	0.00594207	-4.74581e-05	0.00347462	1.90173	0.316188	0.925527	0.113743	0.863303	0.467391	0.690924	0.71062	0.0870439	0.44108	0.0773457	0.10756	0.426526	0.242693	0.0332044	0.0620996	1755.99	4.0	16652.9	-119282.0	3.0	3028.48	1.0	805.522	148.77	439.154	133.913	0.352826	0.102122	1.08737	0.080042	
0.0-2.4	10.0-13.0	0.0-100.0	1.178-1.571	0.008	0.088	1598.0	1585.0	1133.08	55.2135	452.234	37.7782	-1.05527	0.286573	-0.05	0.0	0.500032	0.0	3.0915	0.0	0.0419575	0.0	0.0212078	0.0	0.03	0.0	1.492	0.04	5.0	0.0	1.733	0.07	0.0332437	0.0	1.34644e-05	0.00253279	0.331865	0.0699479	0.547296	0.182925	-0.00213568	0.00229779	0.00280921	0.00237548	1.46442	0.108951	0.721627	0.0671864	0.999991	27.2403	0.488822	0.0975986	0.0784404	0.127874	0.013303	63.1438	0.270878	0.0223895	0.0418619	0.00772939	-4022.38	4.0	670.616	-26907.3	3.0	5.55803	1.0	781.299	55.2217	351.783	43.5181	0.310465	0.0353018	1.1872	0.0731458	
0.0-2.4	10.0-13.0	10.0-60.0	0.000-0.393	0.016	0.08	1087.0	1081.0	794.695	43.9551	287.238	29.5587	0.131851	0.321732	-0.05	0.0	0.500032	0.0	3.0915	0.0	0.0419575	0.0	0.0211636	0.0	0.03	0.0	1.492	0.04	5.0	0.0	1.733	0.07	0.0332296	0.0	1.71938e-05	0.0002901	0.292566	0.0573919	0.294117	0.0	0.000270012	0.0	0.000144929	0.00177822	1.60695	0.0	0.751687	0.0506859	0.848698	0.0162665	1.0	20.2016	0.503876	0.0163727	0.138488	0.0127027	0.228903	0.0117632	0.179963	184.911	-2608.01	4.0	402.933	-16399.7	3.0	10.3426	1.0	508.73	41.7591	285.965	34.6733	0.359843	0.0388269	1.07626	0.0124942	
0.0-2.4	10.0-13.0	10.0-60.0	0.000-1.571	0.008	0.136	4354.0	4353.0	3282.45	174.121	1071.06	91.2092	-0.880023	0.21321	-0.05	0.0	0.500032	0.0	3.0915	0.0	0.0419575	0.0	0.0211636	0.00168972	0.03	0.0	1.492	0.04	5.0	0.0	1.733	0.07	0.0332296	0.000269023	1.21637e-05	1.85867	0.594658	0.310582	0.294117	0.0	0.000270012	0.0	0.000910621	0.00136408	1.60695	0.0	0.818724	0.0355808	0.925184	0.398882	0.542674	0.360912	0.0795621	0.421709	0.112448	0.273416	0.325244	0.116019	0.0357423	0.0498524	1327.28	4.0	35736.3	-279388.0	4.0	28781.1	1.0	2121.09	192.197	1161.36	167.557	0.353809	0.0474709	1.11025	0.00926051	
0.0-2.4	10.0-13.0	10.0-60.0	0.393-0.785	0.016	0.088	1138.0	1137.0	894.261	111.317	243.291	49.9553	-1.08733	0.424375	-0.05	0.0	0.500032	0.0	3.0915	0.0	0.0419575	0.0	0.0211636	0.0	0.03	0.0	1.492	0.04	5.0	0.0	1.733	0.07	0.0332296	0.0	1.60627e-05	0.00013147	0.822753	1.47867	0.294117	0.0	0.000270012	0.0	0.000977457	0.00261448	1.60695	0.0	0.807939	0.0704534	0.71407	0.00699283	1.0	108.788	0.301298	0.0074636	0.0495167	0.00122546	0.19686	0.00363845	0.0200036	469.869	-3906.64	4.0	13650.2	-99812.0	3.0	3491.29	1.0	557.602	122.713	336.659	109.531	0.376466	0.113163	1.10466	0.0181868	
0.0-2.4	10.0-13.0	10.0-60.0	0.785-1.178	0.016	0.105	1126.0	1125.0	871.986	115.223	253.04	56.4537	-1.551	0.649397	-0.05	0.0	0.500032	0.0	3.0915	0.0	0.0419575	0.0	0.0211636	0.0	0.03	0.0	1.492	0.04	5.0	0.0	1.733	0.07	0.0332296	0.0	8.5376e-05	0.000184274	1.0	337.319	0.294117	0.0	0.000270012	0.0	-0.000163014	0.00341821	1.60695	0.0	0.95484	0.0935072	0.980265	0.93181	0.999999	370.702	0.431529	4.83039	0.194794	4.12692	0.559956	1.21709	0.020085	1954.07	-1269.12	4.0	12598.1	-105944.0	3.0	2753.47	1.0	534.291	114.98	337.695	101.129	0.387271	0.104075	1.18451	0.0266036	
0.0-2.4	10.0-13.0	10.0-60.0	1.178-1.571	0.016	0.056	1002.0	977.0	702.796	43.6936	274.3	29.0901	-1.13138	0.35882	-0.05	0.0	0.500032	0.0	3.0915	0.0	0.0419575	0.0	0.0211636	0.0	0.03	0.0	1.492	0.04	5.0	0.0	1.733	0.07	0.0332296	0.0	1.27211e-05	0.00181467	0.32486	0.0894232	0.294117	0.0	0.000270012	0.0	0.00347109	0.00246679	1.60695	0.0	0.889636	0.072234	0.804375	4.02732	0.55595	1.70315	1.46405e-05	155.5	0.0106497	0.369205	0.251915	0.24775	0.0439114	0.125683	-2445.38	4.0	499.877	-15620.4	3.0	23.7949	1.0	482.359	44.5871	220.437	35.7282	0.313658	0.0469484	1.14811	0.0197547	
0.0-2.4	10.0-30.0	0.0-100.0	0.000-0.393	0.008	0.088	2694.0	2689.0	1987.32	84.8889	701.8	51.8296	-0.00265038	0.23355	-0.05	0.0	0.485886	0.0	3.09272	0.0	0.0436092	0.0	0.0211961	0.0	0.03	0.0	1.492	0.04	5.0	0.0	1.733	0.07	0.0339856	0.0	1.1122e-05	0.00169269	0.44775	0.105131	0.286858	0.0918796	0.000915639	0.00224089	0.000968043	0.00124832	1.62833	0.118442	0.854717	0.0368909	0.841475	1.72255	0.999009	125.413	0.530517	6.35752	0.104063	1.35462	0.240294	1.36125	0.0200009	813.861	-4928.04	4.0	4301.65	-66988.5	3.0	158.285	1.0	1230.81	84.1498	756.517	73.2216	0.380671	0.0330621	1.13207	0.0470621	
0.0-2.4	10.0-30.0	0.0-100.0	0.000-1.571	0.008	0.136	10368.0	10366.0	7616.42	752.747	2750.42	559.58	-0.746443	0.393613	-0.05	0.0	0.485886	0.589989	3.09272	0.00345731	0.0436092	0.0132033	0.0211961	0.0122436	0.03	0.0	1.492	0.04	5.0	0.0	1.733	0.07	0.0339856	0.00456005	1.52572e-05	0.000100154	0.436698	0.0903625	0.236663	0.0682407	0.00122367	0.00140879	0.000324619	0.00074855	1.62012	0.0865195	0.866313	0.0226594	0.90183	0.443593	0.729279	0.916393	0.277953	0.670834	0.0778309	0.126512	0.309734	0.0730635	0.0349959	0.0830835	-261.457	4.0	48026.8	-448247.0	7.0	574639.0	1.0	4897.01	519.712	2719.41	328.781	0.357045	0.0248638	1.09274	0.0336702	
0.0-2.4	10.0-30.0	0.0-100.0	0.393-0.785	0.008	0.105	2679.0	2678.0	1962.57	122.576	715.735	65.434	-0.681796	0.241983	-0.05	0.0	0.485886	0.0	3.09272	0.0	0.0436092	0.0	0.0211961	0.0	0.03	0.0	1.492	0.04	5.0	0.0	1.733	0.07	0.0339856	0.0	1.01316e-05	0.00876397	0.4727	0.245952	0.100919	0.169121	0.00498796	0.00652429	-0.000464151	0.00140139	1.74041	0.515379	0.893614	0.047613	0.691788	0.0137952	1.0	307.969	0.310215	0.0206352	0.0357965	0.000944191	0.224464	0.00439202	0.0200194	1087.09	-89.4646	4.0	19104.6	-134628.0	3.0	3128.5	1.0	1269.02	140.397	693.548	123.716	0.353387	0.0590476	1.01175	0.105103	
0.0-2.4	10.0-30.0	0.0-100.0	0.785-1.178	0.008	0.105	2527.0	2526.0	1863.09	124.526	663.028	69.0088	-1.35808	0.318694	-0.05	0.0	0.485886	0.0	3.09272	0.0	0.0436092	0.0	0.0211961	0.0	0.03	0.0	1.492	0.04	5.0	0.0	1.733	0.07	0.0339856	0.0	2.91026e-05	5.76628e-05	0.510799	0.320538	0.122074	0.0686439	0.00470031	0.00433712	0.000660626	0.00202228	1.84586	0.2159	0.938116	0.0669894	0.863083	0.347013	0.750671	1.52726	0.158272	1.52716	0.0719205	0.0824063	0.453102	0.202392	0.0310984	0.131194	4985.93	4.0	20908.7	-138151.0	3.0	2447.99	1.0	1206.68	146.567	656.403	130.007	0.35232	0.0656867	1.09021	0.0521584	
0.0-2.4	10.0-30.0	0.0-100.0	1.178-1.571	0.008	0.105	2467.0	2458.0	1803.98	69.5287	654.514	46.6907	-1.00136	0.245967	-0.05	0.0	0.485886	0.0	3.09272	0.0	0.0436092	0.0	0.0211961	0.0	0.03	0.0	1.492	0.04	5.0	0.0	1.733	0.07	0.0339856	0.0	3.2121e-05	7.73774e-05	0.320377	0.0509758	0.662879	0.127118	-0.000594368	0.00123554	0.00259138	0.00220194	1.36549	0.0619482	0.698343	0.0634901	1.0	166.635	0.633937	0.0860881	0.173084	0.0651834	0.0587992	483.576	0.276198	0.0378313	0.0426699	0.00648018	-5610.89	4.0	1233.47	-44730.6	3.0	2.03836	1.0	1178.29	68.1704	625.693	56.2706	0.34684	0.0281828	1.18338	0.0443666	
0.0-2.4	10.0-30.0	10.0-60.0	0.000-0.393	0.008	0.088	1745.0	1740.0	1316.83	68.7241	423.439	39.8126	-0.0673858	0.291904	-0.05	0.0	0.485886	0.0	3.09272	0.0	0.0436092	0.0	0.020946	0.0	0.03	0.0	1.492	0.04	5.0	0.0	1.733	0.07	0.0339057	0.0	1.1122e-05	0.00169269	0.457929	0.134452	0.236663	0.0	0.00122367	0.0	0.000178812	0.00137516	1.62012	0.0	0.818795	0.0403454	0.963681	23.3587	0.809361	3.30812	0.473557	8.61096	0.00100164	15.6658	0.24385	0.0675919	0.145778	0.11106	-3452.67	4.0	2893.61	-41291.9	3.0	129.061	1.0	823.507	67.9741	493.321	58.6192	0.374628	0.0399921	1.0644	0.0118454	
0.0-2.4	10.0-30.0	10.0-60.0	0.000-1.571	0.008	0.136	6737.0	6736.0	5086.76	190.647	1649.62	102.634	-0.818149	0.164901	-0.05	0.0	0.485886	0.0	3.09272	0.0	0.0436092	0.0	0.020946	0.00141527	0.03	0.0	1.492	0.04	5.0	0.0	1.733	0.07	0.0339058	0.000224748	1.52572e-05	0.000100154	0.517936	0.164668	0.236663	0.0	0.00122367	0.0	0.000498353	0.000937821	1.62012	0.0	0.858731	0.0280263	0.91364	0.529941	0.583345	0.446383	0.119868	0.260811	0.0886235	0.238357	0.334751	0.0976131	0.0317357	0.0446237	746.689	4.0	41566.7	-352390.0	4.0	16067.2	1.0	3266.25	207.731	1820.5	181.168	0.357891	0.0329932	1.08816	0.00844146	
0.0-2.4	10.0-30.0	10.0-60.0	0.393-0.785	0.008	0.105	1727.0	1725.0	1315.85	115.596	410.018	56.1115	-0.80625	0.318547	-0.05	0.0	0.485886	0.0	3.09272	0.0	0.0436092	0.0	0.020946	0.0	0.03	0.0	1.492	0.04	5.0	0.0	1.733	0.07	0.0339057	0.0	1.01316e-05	0.00876397	0.603757	0.543048	0.236663	0.0	0.00122367	0.0	0.00070987	0.00179925	1.62012	0.0	0.856405	0.0589012	0.61355	0.064251	1.0	116.895	0.276084	0.070819	0.0411375	0.00799173	0.206937	0.0343993	0.0526729	579.62	-1328.14	4.0	16630.1	-112566.0	3.0	3434.07	1.0	860.631	129.648	455.218	112.658	0.34595	0.0800405	1.08676	0.0177156	
0.0-2.4	10.0-30.0	10.0-60.0	0.785-1.178	0.008	0.105	1670.0	1669.0	1270.65	118.719	398.904	61.296	-1.4501	0.467565	-0.05	0.0	0.485886	0.0	3.09272	0.0	0.0436092	0.0	0.020946	0.0	0.03	0.0	1.492	0.04	5.0	0.0	1.733	0.07	0.0339057	0.0	2.91026e-05	5.76628e-05	0.68643	0.743475	0.236663	0.0	0.00122367	0.0	-6.08582e-05	0.00236657	1.62012	0.0	0.888066	0.0699658	0.971551	0.329063	0.608122	0.417865	0.0666722	0.396925	0.141806	0.802702	0.617139	0.421418	0.0401634	0.0474383	2122.08	4.0	17112.7	-119060.0	3.0	2532.82	1.0	808.019	128.243	462.632	112.317	0.364091	0.0815852	1.10599	0.0214421	
0.0-2.4	10.0-30.0	10.0-60.0	1.178-1.571	0.008	0.08	1594.0	1576.0	1172.59	56.7392	403.497	36.219	-0.98346	0.302848	-0.05	0.0	0.485886	0.0	3.09272	0.0	0.0436092	0.0	0.020946	0.0	0.03	0.0	1.492	0.04	5.0	0.0	1.733	0.07	0.0339057	0.0	1.97786e-05	7.38276e-05	0.345406	0.0721708	0.236663	0.0	0.00122367	0.0	0.00183609	0.00173501	1.62012	0.0	0.91102	0.054596	0.778478	0.781045	0.642921	0.573976	1.31477e-06	95.2325	0.0130964	0.0313182	0.234058	0.0847253	0.0412493	0.0335158	-3664.32	4.0	978.161	-27691.3	3.0	21.3597	1.0	755.33	56.9813	417.262	48.1529	0.355846	0.0372811	1.12015	0.0169473	
0.0-2.4	13.0-30.0	0.0-100.0	0.000-0.393	0.008	0.064	1023.0	1019.0	785.752	60.2482	233.423	33.2309	-0.336534	0.440457	-0.05	0.0	0.466568	0.0	3.095	0.0	0.0472175	0.0	0.0208707	0.0	0.03	0.0	1.492	0.04	5.0	0.0	1.733	0.07	0.035673	0.0	5.42312e-05	0.000155716	0.552582	0.242258	0.320965	0.160542	0.00391952	0.00307986	0.000679731	0.00219686	1.50857	0.163159	0.890875	0.0706945	0.997762	54.2569	0.834709	2.2246	0.473619	6.96045	0.00100747	9.48116	0.290693	0.0981883	0.0384608	0.0485316	-1724.69	4.0	2432.77	-28873.5	3.0	155.296	1.0	435.153	56.8562	350.6	53.3107	0.446196	0.0585891	1.12666	0.0661588	
0.0-2.4	13.0-30.0	0.0-100.0	0.000-1.571	0.008	0.105	3663.0	3663.0	2731.11	110.562	932.196	83.3487	-0.795179	0.219251	-0.05	0.0	0.466568	0.217876	3.095	0.00133645	0.0472175	0.00771428	0.0208707	0.00433506	0.03	0.0	1.492	0.04	5.0	0.0	1.733	0.07	0.0356731	0.0024762	1.00009e-05	0.0022258	0.341521	0.0526902	0.132772	0.0920488	0.00351245	0.00313808	0.000267367	0.000929113	1.67468	0.204192	0.937672	0.0337205	0.896933	0.932079	0.880624	1.68701	0.35479	0.423559	0.0427521	0.0326612	0.329039	0.136321	0.0397203	0.0368245	-6350.61	4.0	4115.5	-79498.9	7.0	267449.0	1.0	1665.74	97.9649	1065.37	83.1264	0.390088	0.0260196	1.0653	0.0484712	
0.0-2.4	13.0-30.0	0.0-100.0	0.393-0.785	0.008	0.064	927.0	921.0	657.439	38.2099	264.09	26.651	-0.524888	0.349543	-0.05	0.0	0.466568	0.0	3.095	0.0	0.0472175	0.0	0.0208707	0.0	0.03	0.0	1.492	0.04	5.0	0.0	1.733	0.07	0.035673	0.0	1.55008e-05	0.000878565	0.24154	0.0418955	0.00883941	0.0082002	0.00999995	0.0180256	-0.00147377	0.00144276	3.31245	1.28622	0.916626	0.0577362	0.645054	0.104602	1.0	0.500092	0.314336	0.11319	0.0307248	0.0109516	0.200459	0.0483059	0.02	3.50143	-2814.69	4.0	117.919	-12128.5	3.0	1.3736	1.0	429.551	36.034	227.888	29.1652	0.34663	0.0395235	0.964243	0.0398151	
0.0-2.4	13.0-30.0	0.0-100.0	0.785-1.178	0.008	0.056	843.0	829.0	604.544	36.3873	224.738	26.993	-1.47536	0.496401	-0.05	0.0	0.466568	0.0	3.095	0.0	0.0472175	0.0	0.0208707	0.0	0.03	0.0	1.492	0.04	5.0	0.0	1.733	0.07	0.035673	0.0	3.39658e-05	0.000104935	0.229741	0.0391178	0.131789	0.1171	0.00298802	0.00557481	0.000214553	0.00171244	1.76077	0.331988	0.920598	0.0636465	0.999995	34.218	0.716581	0.455537	0.260833	0.349089	0.076107	32.972	0.524863	0.367556	0.0567804	0.0607378	-1890.16	4.0	123.628	-11121.3	3.0	119.937	1.0	377.111	34.2807	227.433	29.1092	0.376206	0.0424942	1.06977	0.0752504	
0.0-2.4	13.0-30.0	0.0-100.0	1.178-1.571	0.008	0.08	868.0	866.0	669.145	42.1064	197.759	26.8903	-0.95388	0.471895	-0.05	0.0	0.466568	0.0	3.095	0.0	0.0472175	0.0	0.0208707	0.0	0.03	0.0	1.492	0.04	5.0	0.0	1.733	0.07	0.035673	0.0	1.65646e-05	0.000171567	0.304303	0.0725658	0.867045	0.0572375	0.000445439	0.00122049	0.00098639	0.00757895	1.22585	0.0404956	0.6045	1.95136	0.956558	0.57738	0.999999	176.119	0.282124	0.450949	0.00101161	0.470642	0.281999	0.0723943	0.0200415	660.812	-1628.38	4.0	584.441	-13960.9	3.0	10.9887	1.0	392.866	39.1517	276.278	34.9849	0.412883	0.0453708	1.16254	0.0713335	
0.0-2.4	13.0-30.0	10.0-60.0	0.000-0.393	0.008	0.064	658.0	653.0	522.938	52.9677	130.851	25.4086	-0.595345	0.548255	-0.05	0.0	0.466568	0.0	3.095	0.0	0.0472175	0.0	0.0200942	0.0	0.03	0.0	1.492	0.04	5.0	0.0	1.733	0.07	0.0354344	0.0	5.42312e-05	0.000155716	0.73171	0.60782	0.132772	0.0	0.00351245	0.0	0.000865172	0.00227625	1.67468	0.0	0.92142	0.0741379	0.690992	11.3787	0.964871	1.28843	0.359246	9.24296	0.00109291	0.352601	0.27756	0.140498	0.0676408	0.185996	-1865.23	4.0	1985.49	-20951.2	3.0	270.376	1.0	304.042	50.8849	218.896	46.1786	0.418589	0.077462	1.05293	0.0281322	
0.0-2.4	13.0-30.0	10.0-60.0	0.000-1.571	0.008	0.08	2382.0	2377.0	1801.45	76.875	575.846	46.2317	-0.722671	0.254302	-0.05	0.0	0.466568	0.0	3.095	0.0	0.0472175	0.0	0.0200942	0.000855185	0.03	0.0	1.492	0.04	5.0	0.0	1.733	0.07	0.0354344	0.000129347	1.60278e-05	0.000108096	0.400336	0.0912697	0.132772	0.0	0.00351245	0.0	0.000277921	0.00111701	1.67468	0.0	0.925415	0.041849	0.823885	0.93606	0.765738	1.00505	0.233421	0.490984	0.0331136	0.0466409	0.349043	0.127862	0.0311873	0.0358819	-4374.72	4.0	3400.08	-53245.1	4.0	1511.55	1.0	1138.1	76.8357	663.347	65.9263	0.36823	0.0330509	1.05596	0.0159029	
0.0-2.4	13.0-30.0	10.0-60.0	0.393-0.785	0.008	0.064	588.0	586.0	419.323	29.7979	167.079	21.0025	-0.408985	0.437025	-0.05	0.0	0.466568	0.0	3.095	0.0	0.0472175	0.0	0.0200942	0.0	0.03	0.0	1.492	0.04	5.0	0.0	1.733	0.07	0.0354344	0.0	1.55008e-05	0.000878565	0.214994	0.0471271	0.132772	0.0	0.00351245	0.0	-0.000465059	0.00197951	1.67468	0.0	0.920486	0.081882	0.557819	0.171167	0.999999	8.74249	0.303347	0.186948	0.0387022	0.019679	0.220828	0.0975819	0.0213055	51.1852	-1846.93	4.0	51.7612	-6893.0	3.0	3.11091	1.0	288.319	28.8506	131.004	22.3438	0.312418	0.0484402	1.05222	0.0310601	
0.0-2.4	13.0-30.0	10.0-60.0	0.785-1.178	0.012	0.044	544.0	527.0	386.346	29.2977	141.286	21.9752	-1.36783	0.639403	-0.05	0.0	0.466568	0.0	3.095	0.0	0.0472175	0.0	0.0200942	0.0	0.03	0.0	1.492	0.04	5.0	0.0	1.733	0.07	0.0354344	0.0	3.14561e-05	0.000114974	0.237617	0.0517591	0.132772	0.0	0.00351245	0.0	3.61778e-06	0.00200558	1.67468	0.0	0.926186	0.0799544	0.850814	1.34493	1.0	0.0469302	0.222139	1.75485	0.0504812	0.290665	0.558016	0.621561	4.83049	59.3835	-1084.21	4.0	80.9377	-6720.01	3.0	130.058	1.0	253.975	27.1349	132.371	21.5901	0.342623	0.0494755	1.05655	0.0303917	
0.0-2.4	13.0-30.0	10.0-60.0	1.178-1.571	0.008	0.08	591.0	590.0	461.892	35.9869	128.14	21.3432	-0.712125	0.545502	-0.05	0.0	0.466568	0.0	3.095	0.0	0.0472175	0.0	0.0200942	0.0	0.03	0.0	1.492	0.04	5.0	0.0	1.733	0.07	0.0354344	0.0	1.65646e-05	0.000171567	0.373144	0.119338	0.132772	0.0	0.00351245	0.0	-0.000326457	0.00232343	1.67468	0.0	0.91088	0.0860807	0.738735	12.0029	0.997176	36.2509	0.0307128	18.9805	0.0124528	0.230602	0.187534	1.68552	0.0203674	213.76	-1247.09	4.0	480.418	-9445.57	3.0	1.58362	1.0	267.378	34.8142	194.514	31.7448	0.421125	0.06039	1.04494	0.032537	
0.0-2.4	6.5-10.0	0.0-100.0	0.000-0.393	0.016	0.152	10545.0	10509.0	5388.72	178.363	5120.87	158.073	-0.0279055	0.11287	-0.05	0.0	0.378163	0.0	3.09281	0.0	0.0527441	0.0	0.0259951	0.0	0.03	0.0	1.492	0.04	5.0	0.0	1.733	0.07	0.0383697	0.0	1.90055e-05	0.000117681	0.367694	0.098348	0.138357	0.0473332	0.00466897	0.00498227	0.00284384	0.00111281	1.9815	0.167728	0.94681	0.0217823	0.596508	2.88488	0.705385	1.38153	0.569986	1.40432	0.0256545	0.0992165	0.226902	0.096664	0.117975	0.153171	7125.18	4.0	27350.4	-426255.0	3.0	1910.35	1.0	3914.69	233.79	1474.02	200.621	0.273539	0.0361122	1.14702	0.0379323	
0.0-2.4	6.5-10.0	0.0-100.0	0.000-1.571	0.008	0.136	37840.0	37631.0	19711.5	974.534	17919.3	962.154	-0.100664	0.0876787	-0.05	0.0	0.378163	0.269854	3.09281	0.000797582	0.0527441	0.0182405	0.0259951	0.00396439	0.03	0.0	1.492	0.04	5.0	0.0	1.733	0.07	0.0383696	0.00481402	2.70702e-05	5.76409e-05	0.352061	0.0437643	0.173814	0.044334	0.00399264	0.00245512	0.00346611	0.000607766	1.78243	0.0904393	0.961536	0.0135731	0.552629	0.45678	0.909598	0.463819	0.579687	0.30721	0.0579241	0.0946378	0.27601	0.167446	0.323183	1.50415	-4345.12	4.0	83352.9	-1593100.0	7.0	28419.7	1.0	14524.1	786.704	5187.4	411.162	0.263167	0.0163038	1.1472	0.0253931	
0.0-2.4	6.5-10.0	0.0-100.0	0.393-0.785	0.016	0.145	9913.0	9876.0	4991.44	156.063	4885.29	158.76	-0.283736	0.111389	-0.05	0.0	0.378163	0.0	3.09281	0.0	0.0527441	0.0	0.0259951	0.0	0.03	0.0	1.492	0.04	5.0	0.0	1.733	0.07	0.0383697	0.0	1.01928e-05	2.11886	0.357287	0.0649858	0.175237	0.0863871	0.00684653	0.00488837	0.00503683	0.00126709	1.78736	0.174703	1.02203	0.0287286	0.506817	0.506882	0.833676	0.362758	0.482287	0.485315	0.0489376	0.0557901	0.220111	0.096566	0.552677	1.47256	-11690.2	4.0	6489.01	-313578.0	3.0	124.116	1.0	3709.18	171.982	1282.26	133.175	0.256892	0.025443	1.1922	0.0463341	
0.0-2.4	6.5-10.0	0.0-100.0	0.785-1.178	0.016	0.152	9191.0	9188.0	4954.45	177.19	4233.91	162.857	0.0948968	0.14377	-0.05	0.0	0.378163	0.0	3.09281	0.0	0.0527441	0.0	0.0259951	0.0	0.03	0.0	1.492	0.04	5.0	0.0	1.733	0.07	0.0383697	0.0	6.29812e-05	0.000142295	0.447836	0.154656	0.099274	0.0560735	0.00969724	0.0193283	0.00156835	0.00121378	1.94297	0.233692	0.972688	0.0286076	0.770372	4.49861	0.422853	2.62984	0.52263	0.49436	0.050397	0.235393	0.308605	0.271256	0.0828584	0.0837436	23075.6	4.0	36342.0	-419746.0	3.0	161.177	1.0	3571.04	228.916	1383.4	196.315	0.279225	0.0383449	1.10769	0.0427061	
0.0-2.4	6.5-10.0	0.0-100.0	1.178-1.571	0.016	0.152	8189.0	8186.0	4350.18	138.717	3835.95	149.77	-0.196715	0.125072	-0.05	0.0	0.378163	0.0	3.09281	0.0	0.0527441	0.0	0.0259951	0.0	0.03	0.0	1.492	0.04	5.0	0.0	1.733	0.07	0.0383697	0.0	5.59521e-05	0.000206186	0.233615	0.0254941	0.652049	0.158969	-0.000734564	0.0019028	0.00212601	0.00150903	1.37047	0.0645511	0.614353	0.0524805	0.666583	0.256779	0.864658	0.377734	0.620328	0.14089	0.0689025	0.0558328	0.464084	0.381739	0.63942	3.3703	-13924.6	4.0	1094.64	-246024.0	3.0	2134.65	1.0	3263.52	136.522	1086.66	94.9165	0.249796	0.0203131	1.16447	0.0570968	
0.0-2.4	6.5-10.0	10.0-60.0	0.000-0.393	0.016	0.152	6303.0	6301.0	3519.12	145.698	2782.5	112.642	-0.087035	0.149987	-0.05	0.0	0.378163	0.0	3.09281	0.0	0.0527441	0.0	0.0260144	0.0	0.03	0.0	1.492	0.04	5.0	0.0	1.733	0.07	0.0383778	0.0	1.90055e-05	0.000117681	0.358163	0.126783	0.173814	0.0	0.00399264	0.0	0.00242932	0.00138316	1.78243	0.0	0.871199	0.0277795	0.448429	1.34713	0.739597	0.890046	0.369104	1.30069	0.0231771	0.0427759	0.202455	0.0761698	0.0700198	0.0865297	3348.55	4.0	24094.2	-253800.0	3.0	2786.25	1.0	2540.0	197.647	979.12	172.188	0.278229	0.0475542	1.08595	0.00920622	
0.0-2.4	6.5-10.0	10.0-60.0	0.000-1.571	0.008	0.16	21957.0	21954.0	12694.6	253.567	9258.83	220.573	-0.101644	0.0920369	-0.05	0.0	0.378163	0.0	3.09281	0.0	0.0527441	0.0	0.0260144	0.000865684	0.03	0.0	1.492	0.04	5.0	0.0	1.733	0.07	0.0383778	0.000182448	1.92169e-05	7.62105e-05	0.322832	0.0481304	0.173814	0.0	0.00399264	0.0	0.00266813	0.000754335	1.78243	0.0	0.912748	0.0163946	0.489554	0.796039	0.880271	0.223603	0.491187	0.75637	0.043301	0.0656189	0.240079	0.0899043	0.709771	1.95089	13937.8	4.0	79183.5	-908534.0	4.0	9276.35	1.0	9248.74	323.114	3445.91	273.883	0.271446	0.0208823	1.11379	0.00555006	
0.0-2.4	6.5-10.0	10.0-60.0	0.393-0.785	0.016	0.145	5788.0	5787.0	3279.96	119.252	2507.74	118.098	-0.176758	0.166618	-0.05	0.0	0.378163	0.0	3.09281	0.0	0.0527441	0.0	0.0260144	0.0	0.03	0.0	1.492	0.04	5.0	0.0	1.733	0.07	0.0383778	0.0	1.01928e-05	2.11886	0.288288	0.0502335	0.173814	0.0	0.00399264	0.0	0.00397987	0.00152065	1.78243	0.0	1.01585	0.0360261	0.446336	0.651726	0.792952	0.495404	0.457951	0.869004	0.035681	0.0609077	0.262726	0.218373	0.812857	3.01017	-7296.77	4.0	2097.13	-165653.0	3.0	740.448	1.0	2480.97	126.925	798.99	93.9003	0.243597	0.0272241	1.18524	0.0127552	
0.0-2.4	6.5-10.0	10.0-60.0	0.785-1.178	0.016	0.152	5133.0	5130.0	3089.11	136.8	2041.03	111.901	-0.00646606	0.224239	-0.05	0.0	0.378163	0.0	3.09281	0.0	0.0527441	0.0	0.0260144	0.0	0.03	0.0	1.492	0.04	5.0	0.0	1.733	0.07	0.0383778	0.0	6.29812e-05	0.000142295	0.402551	0.17281	0.173814	0.0	0.00399264	0.0	0.00190095	0.00165318	1.78243	0.0	0.899233	0.0333916	1.0	2419.02	0.408584	0.134902	0.598691	0.0408248	0.0829326	2008.66	0.361491	0.0393369	0.0971172	0.000539864	22719.2	4.0	33073.4	-231843.0	3.0	213.294	1.0	2183.79	181.134	905.315	158.317	0.293067	0.0495798	1.10467	0.0112286	
0.0-2.4	6.5-10.0	10.0-60.0	1.178-1.571	0.016	0.136	4731.0	4729.0	2807.95	106.907	1921.29	102.94	-0.126704	0.212681	-0.05	0.0	0.378163	0.0	3.09281	0.0	0.0527441	0.0	0.0260144	0.0	0.03	0.0	1.492	0.04	5.0	0.0	1.733	0.07	0.0383778	0.0	5.49261e-05	0.000220802	0.259897	0.0358773	0.173814	0.0	0.00399264	0.0	0.000661781	0.00134939	1.78243	0.0	0.847336	0.0283871	0.486987	0.12012	0.85995	0.241352	0.448158	0.172275	0.0514653	0.0191251	0.26361	0.0813746	1.51778	10.9391	-13186.9	4.0	1243.66	-126079.0	3.0	1355.16	1.0	2015.88	107.953	792.078	81.6862	0.282084	0.027036	1.07023	0.00928422	
0.0-2.4	6.5-30.0	0.0-10.0	0.000-0.393	0.008	0.136	4911.0	4869.0	2282.46	109.955	2587.25	114.869	0.0477185	0.154354	-0.05	0.0	0.416638	0.0	3.09278	0.0	0.0491633	0.0	0.0247035	0.0	0.03	0.0	1.492	0.04	5.0	0.0	1.733	0.07	0.0369192	0.0	2.92627e-05	6.86787e-05	0.364803	0.102223	0.19835	0.0	0.00208889	0.0	0.00340074	0.00173294	1.70743	0.0	1.01832	0.0328013	0.999936	507.079	0.477544	2.53761	0.678411	1.35257	0.00273375	709.787	0.278329	0.808542	0.129965	0.412081	1052.55	4.0	4205.64	-156377.0	3.0	2.41178	1.0	1592.7	122.182	689.767	100.725	0.302203	0.0416594	1.18724	0.0112769	
0.0-2.4	6.5-30.0	0.0-10.0	0.000-1.571	0.008	0.136	18415.0	18280.0	8578.35	217.005	9702.53	225.403	-0.125608	0.0753589	-0.05	0.0	0.416638	0.0	3.09278	0.0	0.0491633	0.0	0.0247035	0.00148433	0.03	0.0	1.492	0.04	5.0	0.0	1.733	0.07	0.0369193	0.000289698	1.61666e-05	1.68756e-05	0.345319	0.052087	0.19835	0.0	0.00208889	0.0	0.00232765	0.000844097	1.70743	0.0	0.947283	0.0202851	0.839249	0.451211	0.442838	0.454702	0.464354	0.297242	0.151116	0.199602	0.308822	0.109777	0.059074	0.0566825	-10842.5	4.0	19016.6	-646684.0	4.0	117.018	1.0	6124.36	243.599	2453.99	197.969	0.286068	0.0219138	1.13913	0.00676144	
0.0-2.4	6.5-30.0	0.0-10.0	0.393-0.785	0.008	0.145	4814.0	4779.0	2120.61	103.857	2658.92	108.916	-0.412811	0.138785	-0.05	0.0	0.416638	0.0	3.09278	0.0	0.0491633	0.0	0.0247035	0.0	0.03	0.0	1.492	0.04	5.0	0.0	1.733	0.07	0.0369192	0.0	2.84864e-05	5.39292e-05	0.398999	0.108421	0.19835	0.0	0.00208889	0.0	0.00255457	0.00165805	1.70743	0.0	0.992021	0.0400001	0.76621	1.67657	0.838349	4.94976	0.528789	0.282206	0.0896559	0.595738	0.192101	0.252148	0.171203	1.45653	-7067.37	4.0	4060.41	-135198.0	3.0	98.3348	1.0	1433.79	115.502	686.818	97.6798	0.323878	0.0432449	1.16926	0.0136027	
0.0-2.4	6.5-30.0	0.0-10.0	0.785-1.178	0.008	0.128	4594.0	4592.0	2230.45	116.18	2362.35	113.858	0.108804	0.175326	-0.05	0.0	0.416638	0.0	3.09278	0.0	0.0491633	0.0	0.0247035	0.0	0.03	0.0	1.492	0.04	5.0	0.0	1.733	0.07	0.0369192	0.0	2.19419e-05	6.75748	0.414248	0.169443	0.19835	0.0	0.00208889	0.0	0.00391891	0.00187922	1.70743	0.0	0.976184	0.046704	0.4629	1.92001	0.993019	120.09	0.435126	4.5924	0.0589468	0.360894	0.214598	2.08204	0.0705233	0.271924	618.05	4.0	9344.82	-160403.0	3.0	238.234	1.0	1603.38	141.549	627.074	118.861	0.281142	0.0512386	1.15852	0.0157738	
0.0-2.4	6.5-30.0	0.0-10.0	1.178-1.571	0.008	0.152	4094.0	4092.0	1939.58	93.8356	2152.92	112.129	-0.341656	0.143627	-0.05	0.0	0.416638	0.0	3.09278	0.0	0.0491633	0.0	0.0247035	0.0	0.03	0.0	1.492	0.04	5.0	0.0	1.733	0.07	0.0369192	0.0	1.0825e-05	4.3417e-05	0.20076	0.0271179	0.19835	0.0	0.00208889	0.0	0.00204985	0.00146052	1.70743	0.0	0.876555	0.0379541	0.81666	0.964086	0.409151	1.53136	0.330444	2.74646	0.119626	0.245278	0.679007	0.760833	0.0430109	0.175574	-2875.26	4.0	200.074	-113482.0	3.0	4991.14	1.0	1464.33	89.9054	475.252	59.9405	0.245028	0.0285398	1.09279	0.0122027	
0.0-2.4	6.5-30.0	0.0-100.0	0.000-0.393	0.008	0.152	13240.0	13204.0	7360.49	198.271	5843.49	165.222	-0.028938	0.101815	-0.05	0.0	0.416638	0.0	3.09278	0.0	0.0491633	0.0	0.0244571	0.0	0.03	0.0	1.492	0.04	5.0	0.0	1.733	0.07	0.0368234	0.0	1.87871e-05	0.000150437	0.39443	0.0749954	0.188773	0.046412	0.00195616	0.00245764	0.00232097	0.000857062	1.81358	0.104055	0.914511	0.0188292	0.678705	2.08348	0.736959	0.878102	0.576284	0.914161	0.0279869	0.104918	0.223983	0.0681857	0.126559	0.145813	1087.29	4.0	29300.6	-516553.0	3.0	1616.02	1.0	5120.89	237.25	2239.6	202.235	0.304273	0.0262247	1.13989	0.0300841	
0.0-2.4	6.5-30.0	0.0-100.0	0.000-1.571	0.004	0.164	48208.0	48139.0	27214.1	658.306	20925.7	621.386	-0.188118	0.0628037	-0.05	0.0	0.416638	0.128011	3.09278	0.00057362	0.0491633	0.00688673	0.0244571	0.00180751	0.03	0.0	1.492	0.04	5.0	0.0	1.733	0.07	0.0368234	0.00194714	1.00456e-05	6.70688e-06	0.380009	0.0416752	0.19835	0.0380118	0.00208889	0.00129289	0.00267942	0.000482402	1.70743	0.0628596	0.933547	0.0118087	0.605846	0.219983	0.917691	0.109124	0.537857	0.154552	0.0568837	0.0350525	0.268823	0.0585522	0.586924	1.37153	24675.2	4.0	129633.0	-2178760.0	7.0	47577.2	1.0	19317.8	601.162	7896.32	423.694	0.290155	0.013897	1.13	0.019986	
0.0-2.4	6.5-30.0	0.0-100.0	0.393-0.785	0.008	0.145	12593.0	12556.0	6937.67	198.528	5618.43	173.258	-0.335892	0.10271	-0.05	0.0	0.416638	0.0	3.09278	0.0	0.0491633	0.0	0.0244571	0.0	0.03	0.0	1.492	0.04	5.0	0.0	1.733	0.07	0.0368234	0.0	2.84864e-05	5.39292e-05	0.398833	0.0906897	0.147166	0.0720109	0.00527986	0.00343352	0.00250943	0.000985404	1.76284	0.161967	0.993515	0.0257033	0.599813	0.470191	0.864435	0.247377	0.462086	0.376702	0.0504591	0.0499473	0.212349	0.0430462	0.546968	1.22096	-2718.37	4.0	27985.5	-477153.0	3.0	747.191	1.0	4963.21	242.649	1974.47	204.693	0.284601	0.0283583	1.1398	0.039406	
0.0-2.4	6.5-30.0	0.0-100.0	0.785-1.178	0.008	0.152	11718.0	11715.0	6784.66	217.152	4930.79	178.125	-0.0963016	0.127438	-0.05	0.0	0.416638	0.0	3.09278	0.0	0.0491633	0.0	0.0244571	0.0	0.03	0.0	1.492	0.04	5.0	0.0	1.733	0.07	0.0368234	0.0	1.02728e-05	0.00383331	0.466325	0.146807	0.110192	0.0438595	0.00642572	0.00380672	0.00247826	0.00103953	1.89395	0.158315	0.988499	0.0267155	0.608079	0.390128	1.0	1.11384e-05	0.549062	0.260216	0.0737458	0.0450351	0.307729	0.0685123	0.81861	49.5947	32467.5	4.0	57730.0	-591325.0	3.0	1201.48	1.0	4780.91	274.557	2003.74	236.811	0.295334	0.0335995	1.1246	0.0311845	
0.0-2.4	6.5-30.0	0.0-100.0	1.178-1.571	0.008	0.152	10656.0	10653.0	6133.38	155.235	4519.89	156.098	-0.310869	0.113877	-0.05	0.0	0.416638	0.0	3.09278	0.0	0.0491633	0.0	0.0244571	0.0	0.03	0.0	1.492	0.04	5.0	0.0	1.733	0.07	0.0368234	0.0	1.0825e-05	4.3417e-05	0.260394	0.0238177	0.588479	0.127844	-0.000847859	0.00122532	0.00254747	0.00116677	1.39348	0.0566297	0.680863	0.0331906	0.702046	0.202892	0.899749	0.243245	0.573048	0.135642	0.0658486	0.0449905	0.392957	0.205627	0.665388	3.27352	-17424.6	4.0	2304.59	-306560.0	3.0	2157.93	1.0	4412.64	151.381	1720.74	111.085	0.280553	0.0166615	1.15476	0.045765	
0.0-2.4	6.5-30.0	10.0-20.0	0.000-0.393	0.008	0.128	3254.0	3251.0	1758.16	88.1898	1493.12	76.9136	0.17231	0.185392	-0.05	0.0	0.416638	0.0	3.09278	0.0	0.0491633	0.0	0.0230247	0.0	0.03	0.0	1.492	0.04	5.0	0.0	1.733	0.07	0.0362807	0.0	1.21272e-05	9.04109	0.331408	0.0739426	0.19835	0.0	0.00208889	0.0	-0.000767163	0.0016317	1.70743	0.0	0.937249	0.0372873	0.96802	15.9213	0.729246	6.05264	0.663163	7.34618	0.00110287	17.1219	0.194325	0.0578681	0.136764	0.0898732	-8003.51	4.0	3147.6	-88244.5	3.0	225.919	1.0	1133.05	95.5071	625.113	82.9137	0.355549	0.043657	1.13245	0.0123695	
0.0-2.4	6.5-30.0	10.0-20.0	0.000-1.571	0.008	0.16	11752.0	11751.0	6454.93	223.437	5296.25	179.383	-0.133108	0.110648	-0.05	0.0	0.416638	0.0	3.09278	0.0	0.0491633	0.0	0.0230247	0.000793974	0.03	0.0	1.492	0.04	5.0	0.0	1.733	0.07	0.0362807	0.000146972	1.13588e-05	0.0219528	0.449972	0.128869	0.19835	0.0	0.00208889	0.0	0.00301456	0.00116661	1.70743	0.0	0.960323	0.0271627	0.487237	0.42941	0.850436	0.24067	0.442104	0.570745	0.0356723	0.0472556	0.21704	0.172588	0.433467	0.957237	6068.51	4.0	46143.9	-550604.0	4.0	38237.9	1.0	4404.07	273.444	2050.86	237.847	0.31772	0.0351677	1.14785	0.00910882	
0.0-2.4	6.5-30.0	10.0-20.0	0.393-0.785	0.008	0.128	2982.0	2974.0	1631.84	126.843	1342.98	92.1838	-0.118761	0.20339	-0.05	0.0	0.416638	0.0	3.09278	0.0	0.0491633	0.0	0.0230247	0.0	0.03	0.0	1.492	0.04	5.0	0.0	1.733	0.07	0.0362807	0.0	2.00232e-05	3.80084e-05	0.653471	0.78647	0.19835	0.0	0.00208889	0.0	0.00362007	0.00284925	1.70743	0.0	0.96488	0.0730075	0.458843	0.609063	0.89641	0.123268	0.177365	0.727504	0.0361805	0.0271076	0.14014	0.0276646	0.21236	0.133992	-4.79739	4.0	16912.0	-149021.0	3.0	4836.5	1.0	1214.75	180.052	417.092	156.698	0.255596	0.0939476	1.15091	0.0245333	
0.0-2.4	6.5-30.0	10.0-20.0	0.785-1.178	0.008	0.152	2976.0	2974.0	1657.19	136.213	1316.78	106.444	-0.162556	0.276166	-0.05	0.0	0.416638	0.0	3.09278	0.0	0.0491633	0.0	0.0230247	0.0	0.03	0.0	1.492	0.04	5.0	0.0	1.733	0.07	0.0362807	0.0	1.02728e-05	0.00383331	0.616708	0.527016	0.19835	0.0	0.00208889	0.0	0.00164458	0.00237609	1.70743	0.0	0.976175	0.05705	0.96946	98.3542	0.476631	23.35	0.577579	19.0359	0.00100988	89.0063	0.667674	0.880856	0.109488	0.106007	7697.69	4.0	19940.2	-177890.0	3.0	2744.88	1.0	1091.21	158.347	565.981	138.539	0.341531	0.0787449	1.15852	0.019268	
0.0-2.4	6.5-30.0	10.0-20.0	1.178-1.571	0.008	0.12	2539.0	2532.0	1407.88	71.5919	1124.12	68.6952	-0.51819	0.216268	-0.05	0.0	0.416638	0.0	3.09278	0.0	0.0491633	0.0	0.0230247	0.0	0.03	0.0	1.492	0.04	5.0	0.0	1.733	0.07	0.0362807	0.0	1.01172e-05	3.47073	0.277938	0.0468706	0.19835	0.0	0.00208889	0.0	0.00157767	0.00183715	1.70743	0.0	0.932027	0.049957	0.538864	0.204376	0.744172	0.416548	0.44313	0.297748	0.045083	0.034937	0.15269	0.0426079	0.46132	0.699356	-5341.75	4.0	504.453	-54422.7	3.0	111.009	1.0	924.257	71.0503	483.622	58.6857	0.343511	0.0378472	1.12899	0.0165306	
0.0-2.4	6.5-30.0	10.0-30.0	0.000-0.393	0.008	0.128	5603.0	5598.0	3206.11	144.441	2392.45	106.822	0.0690913	0.168777	-0.05	0.0	0.416638	0.0	3.09278	0.0	0.0491633	0.0	0.0239793	0.0	0.03	0.0	1.492	0.04	5.0	0.0	1.733	0.07	0.0366396	0.0	1.21272e-05	9.04109	0.450413	0.154063	0.19835	0.0	0.00208889	0.0	0.00140373	0.00135806	1.70743	0.0	0.898647	0.0296966	0.589654	1.74307	0.728338	0.925632	0.474079	1.09279	0.0227877	0.0630085	0.183824	0.0729358	0.0938285	0.113408	4916.63	4.0	21999.7	-244924.0	3.0	3292.53	1.0	2139.74	177.966	1066.37	157.122	0.332606	0.04666	1.10709	0.00966206	
0.0-2.4	6.5-30.0	10.0-30.0	0.000-1.571	0.004	0.164	19802.0	19800.0	11439.4	277.73	8361.06	219.309	-0.100598	0.0994457	-0.05	0.0	0.416638	0.0	3.09278	0.0	0.0491633	0.0	0.0239793	0.000548232	0.03	0.0	1.492	0.04	5.0	0.0	1.733	0.07	0.0366396	0.000104654	1.00456e-05	6.70688e-06	0.460768	0.102625	0.19835	0.0	0.00208889	0.0	0.00270786	0.000794056	1.70743	0.0	0.913341	0.0188262	0.488571	11.4107	0.871553	2.43307	0.420669	11.0349	0.0363913	0.66876	0.187721	0.354139	0.552596	7.6361	43864.8	4.0	88454.6	-1016490.0	4.0	7361.83	1.0	7907.17	350.744	3532.26	305.814	0.308779	0.0256607	1.11668	0.00617191	
0.0-2.4	6.5-30.0	10.0-30.0	0.393-0.785	0.008	0.145	5104.0	5103.0	2908.65	146.198	2194.66	116.121	-0.0670164	0.188649	-0.05	0.0	0.416638	0.0	3.09278	0.0	0.0491633	0.0	0.0239793	0.0	0.03	0.0	1.492	0.04	5.0	0.0	1.733	0.07	0.0366396	0.0	2.84864e-05	5.39292e-05	0.447979	0.217108	0.19835	0.0	0.00208889	0.0	0.00370609	0.00179759	1.70743	0.0	0.945503	0.0447495	0.47417	0.777955	0.855227	0.359832	0.315617	1.01533	0.0337071	0.0428398	0.142865	0.0346558	0.604944	1.68661	4918.29	4.0	20777.5	-220163.0	3.0	2217.28	1.0	2097.12	189.761	811.529	162.98	0.279006	0.0542496	1.13794	0.0149034	
0.0-2.4	6.5-30.0	10.0-30.0	0.785-1.178	0.008	0.152	4750.0	4747.0	2806.13	160.933	1941.39	122.788	-0.209614	0.236345	-0.05	0.0	0.416638	0.0	3.09278	0.0	0.0491633	0.0	0.0239793	0.0	0.03	0.0	1.492	0.04	5.0	0.0	1.733	0.07	0.0366396	0.0	1.02728e-05	0.00383331	0.642911	0.480449	0.19835	0.0	0.00208889	0.0	0.00148814	0.00176988	1.70743	0.0	0.895894	0.042684	0.839109	0.40017	0.445271	1.75029	0.384261	2.62589	0.156537	0.205084	0.424589	0.294796	0.0401326	0.190923	31501.8	4.0	37416.3	-298200.0	3.0	1799.03	1.0	1883.57	200.684	922.553	177.212	0.328764	0.0602715	1.1053	0.0138675	
0.0-2.4	6.5-30.0	10.0-30.0	1.178-1.571	0.008	0.145	4344.0	4342.0	2515.91	98.0136	1826.68	96.8559	-0.237488	0.208132	-0.05	0.0	0.416638	0.0	3.09278	0.0	0.0491633	0.0	0.0239793	0.0	0.03	0.0	1.492	0.04	5.0	0.0	1.733	0.07	0.0366396	0.0	1.38171e-05	4.85666e-05	0.285842	0.0390583	0.19835	0.0	0.00208889	0.0	0.000917134	0.00133277	1.70743	0.0	0.87867	0.0319414	0.504772	0.0761072	0.841802	0.23287	0.445212	0.150559	0.0422604	0.012645	0.216177	0.0636172	0.508346	0.803169	-11790.5	4.0	1261.18	-108791.0	3.0	1332.82	1.0	1734.75	95.5285	781.164	74.0578	0.310489	0.0268357	1.09416	0.0102815	
0.0-2.4	6.5-30.0	10.0-60.0	0.000-0.393	0.008	0.152	8048.0	8047.0	4823.86	161.752	3223.25	118.692	-0.0913411	0.13329	-0.05	0.0	0.416638	0.0	3.09278	0.0	0.0491633	0.0	0.02443	0.0	0.03	0.0	1.492	0.04	5.0	0.0	1.733	0.07	0.0368129	0.0	1.87871e-05	0.000150437	0.3912	0.0973855	0.19835	0.0	0.00208889	0.0	0.00154533	0.00100948	1.70743	0.0	0.861268	0.0230343	0.595862	1.53763	0.784408	0.79648	0.471332	1.07978	0.0256282	0.0809045	0.205983	0.0743704	0.0915937	0.154819	-1618.14	4.0	24811.4	-310260.0	3.0	2423.93	1.0	3350.02	198.216	1473.85	170.627	0.305533	0.0338552	1.08301	0.00734238	
0.0-2.4	6.5-30.0	10.0-60.0	0.000-1.571	0.004	0.164	28694.0	28691.0	17732.2	319.418	10959.7	245.802	-0.208356	0.0807235	-0.05	0.0	0.416638	0.0	3.09278	0.0	0.0491633	0.0	0.02443	0.000553181	0.03	0.0	1.492	0.04	5.0	0.0	1.733	0.07	0.0368129	0.000107078	1.00456e-05	6.70688e-06	0.392365	0.0581894	0.19835	0.0	0.00208889	0.0	0.00227425	0.000597172	1.70743	0.0	0.895056	0.014491	0.544643	0.690011	0.905931	0.150505	0.447329	0.643996	0.0432988	0.0598041	0.244398	0.0809009	0.873483	3.19251	28993.9	4.0	107369.0	-1333390.0	4.0	3181.67	1.0	12510.9	392.541	5221.33	334.882	0.294455	0.0181254	1.10475	0.00470585	
0.0-2.4	6.5-30.0	10.0-60.0	0.393-0.785	0.008	0.145	7515.0	7514.0	4584.49	166.216	2930.22	133.364	-0.266959	0.151566	-0.05	0.0	0.416638	0.0	3.09278	0.0	0.0491633	0.0	0.02443	0.0	0.03	0.0	1.492	0.04	5.0	0.0	1.733	0.07	0.0368129	0.0	2.84864e-05	5.39292e-05	0.400171	0.132004	0.19835	0.0	0.00208889	0.0	0.00301011	0.00132737	1.70743	0.0	0.953172	0.0358076	0.471312	1.21448	0.854422	0.423822	0.351264	1.36307	0.0360341	0.0651779	0.224888	0.111909	0.829114	3.96486	4092.33	4.0	24054.9	-299941.0	3.0	511.734	1.0	3362.54	210.565	1221.95	177.307	0.266539	0.0374485	1.14306	0.0119683	
0.0-2.4	6.5-30.0	10.0-60.0	0.785-1.178	0.008	0.152	6803.0	6800.0	4343.59	182.411	2457.19	130.201	-0.233425	0.192215	-0.05	0.0	0.416638	0.0	3.09278	0.0	0.0491633	0.0	0.02443	0.0	0.03	0.0	1.492	0.04	5.0	0.0	1.733	0.07	0.0368129	0.0	1.02728e-05	0.00383331	0.479175	0.202462	0.19835	0.0	0.00208889	0.0	0.00143357	0.00134567	1.70743	0.0	0.868782	0.0308245	0.86503	0.984937	0.476796	1.17301	0.375563	2.46561	0.141804	0.327068	0.430924	0.372437	0.0486722	0.345213	29697.8	4.0	49977.7	-376686.0	3.0	1517.12	1.0	2993.62	223.184	1349.96	192.925	0.310795	0.0424549	1.08781	0.00986756	
0.0-2.4	6.5-30.0	10.0-60.0	1.178-1.571	0.008	0.152	6326.0	6325.0	3980.34	121.233	2344.42	108.761	-0.26781	0.178926	-0.05	0.0	0.416638	0.0	3.09278	0.0	0.0491633	0.0	0.02443	0.0	0.03	0.0	1.492	0.04	5.0	0.0	1.733	0.07	0.0368129	0.0	1.0825e-05	4.3417e-05	0.294825	0.0342731	0.19835	0.0	0.00208889	0.0	0.0013106	0.00104279	1.70743	0.0	0.865427	0.0255528	0.549255	0.0933405	0.89075	0.17402	0.413409	0.154456	0.0484612	0.0160808	0.246454	0.0502965	1.51122	10.0976	-15503.6	4.0	2122.81	-163935.0	3.0	1411.32	1.0	2769.3	121.036	1211.04	94.3173	0.304256	0.0218085	1.08566	0.00816451	
0.0-2.4	6.5-30.0	20.0-30.0	0.000-0.393	0.008	0.105	2349.0	2343.0	1450.65	117.55	892.952	73.9408	-0.0902572	0.308128	-0.05	0.0	0.416638	0.0	3.09278	0.0	0.0491633	0.0	0.0252172	0.0	0.03	0.0	1.492	0.04	5.0	0.0	1.733	0.07	0.0371213	0.0	1.01047e-05	0.00333619	0.634955	0.536634	0.19835	0.0	0.00208889	0.0	0.00139171	0.00207243	1.70743	0.0	0.888681	0.0463569	0.306268	13.2289	0.624816	7.22349	0.0829912	19.1955	0.001	0.0215835	0.179736	0.068561	0.0599296	0.0277187	8724.01	4.0	16834.9	-135837.0	3.0	3982.46	1.0	986.606	141.476	464.043	122.629	0.319887	0.0804618	1.10062	0.015003	
0.0-2.4	6.5-30.0	20.0-30.0	0.000-1.571	0.008	0.136	8049.0	8000.0	4993.6	170.038	3006.7	121.821	-0.109361	0.173354	-0.05	0.0	0.416638	0.0	3.09278	0.0	0.0491633	0.0	0.0252172	0.0017801	0.03	0.0	1.492	0.04	5.0	0.0	1.733	0.07	0.0371213	0.000352717	1.61666e-05	1.68756e-05	0.489212	0.177078	0.19835	0.0	0.00208889	0.0	0.00202388	0.00109342	1.70743	0.0	0.855982	0.0265611	0.596059	0.707917	0.736758	1.84801	0.395108	0.821922	0.0472909	0.0384922	0.204957	0.108043	0.0377943	0.107639	26877.1	4.0	39775.3	-380686.0	4.0	22423.7	1.0	3503.02	226.542	1490.58	199.171	0.298497	0.0385684	1.07964	0.00844084	
0.0-2.4	6.5-30.0	20.0-30.0	0.393-0.785	0.008	0.105	2121.0	2066.0	1289.57	67.3215	777.006	52.2451	-0.173783	0.225725	-0.05	0.0	0.416638	0.0	3.09278	0.0	0.0491633	0.0	0.0252172	0.0	0.03	0.0	1.492	0.04	5.0	0.0	1.733	0.07	0.0371213	0.0	1.22898e-05	0.163554	0.289851	0.0611497	0.19835	0.0	0.00208889	0.0	0.00227176	0.00199629	1.70743	0.0	0.929299	0.0525945	0.340709	18.4735	0.832427	19.2379	0.193629	25.3725	0.00100641	0.0671328	0.193974	0.0548215	0.0678096	0.326065	-8083.31	4.0	736.809	-43474.4	3.0	66.9154	1.0	878.712	70.6882	410.86	57.9014	0.318602	0.0417054	1.12719	0.0173802	
0.0-2.4	6.5-30.0	20.0-30.0	0.785-1.178	0.008	0.12	1773.0	1769.0	1149.73	87.8439	619.512	58.0047	-0.303579	0.443095	-0.05	0.0	0.416638	0.0	3.09278	0.0	0.0491633	0.0	0.0252172	0.0	0.03	0.0	1.492	0.04	5.0	0.0	1.733	0.07	0.0371213	0.0	1.50151e-05	1.29092	0.782542	1.31394	0.19835	0.0	0.00208889	0.0	0.00185924	0.00258466	1.70743	0.0	0.82849	0.0639389	0.581106	3.65392	0.95307	0.225686	0.356606	3.50436	0.0341404	0.147455	0.154547	0.0485236	0.130566	0.194207	22558.0	4.0	14867.4	-95978.1	3.0	20.0317	1.0	787.041	136.528	362.686	125.665	0.315454	0.106609	1.06231	0.0199874	
0.0-2.4	6.5-30.0	20.0-30.0	1.178-1.571	0.008	0.128	1804.0	1801.0	1105.97	67.0569	695.911	67.9528	0.197348	0.477246	-0.05	0.0	0.416638	0.0	3.09278	0.0	0.0491633	0.0	0.0252172	0.0	0.03	0.0	1.492	0.04	5.0	0.0	1.733	0.07	0.0371213	0.0	2.47983e-05	5.01035e-05	0.298621	0.0696663	0.19835	0.0	0.00208889	0.0	-0.00190435	0.00215765	1.70743	0.0	0.78655	0.0437593	0.795322	28.2853	0.444378	19.3773	0.254071	4.61781	0.0419134	0.517487	0.333032	2.11796	0.035018	0.482591	-6583.82	4.0	975.138	-44599.8	3.0	1379.41	1.0	807.45	64.8671	298.522	46.2445	0.269918	0.0384777	1.03644	0.0133109	
0.0-2.4	6.5-30.0	30.0-60.0	0.000-0.393	0.008	0.12	2445.0	2442.0	1611.0	69.7501	831.188	53.7308	-0.523815	0.219089	-0.05	0.0	0.416638	0.0	3.09278	0.0	0.0491633	0.0	0.0250219	0.0	0.03	0.0	1.492	0.04	5.0	0.0	1.733	0.07	0.0370441	0.0	1.00028e-05	2.85792e-05	0.253349	0.0469632	0.19835	0.0	0.00208889	0.0	0.0011258	0.00133423	1.70743	0.0	0.7551	0.0350551	0.633578	88.7151	0.633028	65.3721	0.228283	28.0197	0.0369603	4.32116	0.249473	0.797447	0.0200536	9.97968	-9068.24	4.0	615.58	-46981.5	3.0	0.54531	1.0	1179.41	72.0608	431.593	54.1702	0.267903	0.0315612	1.01751	0.0104273	
0.0-2.4	6.5-30.0	30.0-60.0	0.000-1.571	0.008	0.145	8892.0	8889.0	6282.26	151.056	2606.47	111.615	-0.559549	0.139231	-0.05	0.0	0.416638	0.0	3.09278	0.0	0.0491633	0.0	0.0250219	0.000980063	0.03	0.0	1.492	0.04	5.0	0.0	1.733	0.07	0.0370441	0.000193091	1.27502e-05	0.000164255	0.26965	0.0287056	0.19835	0.0	0.00208889	0.0	0.000522755	0.000812925	1.70743	0.0	0.808066	0.0214127	0.79632	1.47735	0.510118	1.03661	0.162515	0.23732	0.0508289	0.0679857	0.456364	0.20335	0.0430526	0.0298913	-26842.6	4.0	5009.99	-245246.0	4.0	273.437	1.0	4518.23	160.652	1764.02	125.721	0.280795	0.0188387	1.04962	0.00660756	
0.0-2.4	6.5-30.0	30.0-60.0	0.393-0.785	0.008	0.12	2411.0	2411.0	1682.8	78.3414	728.672	65.8127	-0.892183	0.320608	-0.05	0.0	0.416638	0.0	3.09278	0.0	0.0491633	0.0	0.0250219	0.0	0.03	0.0	1.492	0.04	5.0	0.0	1.733	0.07	0.0370441	0.0	1.0132e-05	0.0868918	0.281062	0.0630269	0.19835	0.0	0.00208889	0.0	-0.000921823	0.00174161	1.70743	0.0	0.877561	0.0523758	0.776431	7.85896	0.50321	5.10849	0.0724221	0.85842	0.0399516	0.195936	0.576159	0.598266	0.0431296	0.0644598	-4333.17	4.0	2120.07	-60344.9	3.0	1027.94	1.0	1251.72	82.3633	431.073	61.5686	0.256165	0.0345889	1.09344	0.0168487	
0.0-2.4	6.5-30.0	30.0-60.0	0.785-1.178	0.008	0.12	2053.0	2050.0	1530.69	81.2425	519.553	49.7286	-0.349784	0.278444	-0.05	0.0	0.416638	0.0	3.09278	0.0	0.0491633	0.0	0.0250219	0.0	0.03	0.0	1.492	0.04	5.0	0.0	1.733	0.07	0.0370441	0.0	1.50151e-05	1.29092	0.235186	0.0536345	0.19835	0.0	0.00208889	0.0	0.000527377	0.0019415	1.70743	0.0	0.814915	0.0437935	0.999912	263.04	0.485599	3.6284	0.267988	0.205599	0.07442	156.635	0.445892	0.717773	0.0653742	0.176824	-10021.2	4.0	2278.27	-56742.1	3.0	191.446	1.0	1062.0	94.27	468.683	79.5515	0.306191	0.0493648	1.05386	0.0135736	
0.0-2.4	6.5-30.0	30.0-60.0	1.178-1.571	0.008	0.12	1982.0	1972.0	1454.99	70.7131	517.597	49.7229	-0.373282	0.343163	-0.05	0.0	0.416638	0.0	3.09278	0.0	0.0491633	0.0	0.0250219	0.0	0.03	0.0	1.492	0.04	5.0	0.0	1.733	0.07	0.0370441	0.0	1.01172e-05	3.47073	0.308412	0.0640811	0.19835	0.0	0.00208889	0.0	0.00171731	0.00173237	1.70743	0.0	0.830996	0.0433464	0.76836	4.28829	0.579329	3.05634	0.178517	0.62031	0.0457573	0.314394	0.607153	0.67239	0.0614266	0.174315	-4988.63	4.0	1073.96	-43074.9	3.0	133.484	1.0	1020.61	72.8387	434.382	57.3656	0.298547	0.0366599	1.06388	0.0135711	
0.0-2.4	6.5-8.0	0.0-100.0	0.000-0.393	0.016	0.136	6979.0	6968.0	3137.15	156.106	3831.09	146.511	-0.10048	0.141867	-0.05	0.0	0.387357	0.0	3.09223	0.0	0.0523154	0.0	0.0276072	0.0	0.03	0.0	1.492	0.04	5.0	0.0	1.733	0.07	0.039078	0.0	5.8071e-05	0.000360109	0.461737	0.226552	0.313059	0.129726	0.00413537	0.00521731	0.00297048	0.0018225	1.71404	0.172071	0.900036	0.0300215	0.993137	143.63	0.585008	8.38151	0.743409	5.21393	0.00166321	133.452	0.205915	0.0719901	0.149414	0.0911746	13152.3	4.0	23779.9	-334312.0	3.0	3542.01	1.0	2306.14	217.222	831.012	189.015	0.264894	0.0587911	1.21499	0.0687619	
0.0-2.4	6.5-8.0	0.0-100.0	0.000-1.571	0.016	0.16	24684.0	24679.0	11221.5	828.101	13457.8	837.902	-0.0708167	0.109969	-0.05	0.0	0.387357	0.378381	3.09223	0.0011983	0.0523154	0.0237887	0.0276072	0.00512835	0.03	0.0	1.492	0.04	5.0	0.0	1.733	0.07	0.039078	0.00626711	2.57968e-05	9.0559e-05	0.31334	0.0504793	0.307488	0.0880482	0.00439684	0.00310131	0.0033552	0.000916188	1.63221	0.0944826	0.89758	0.0180939	0.529169	56.3112	0.851557	8.06221	0.59057	22.9322	0.060889	5.51935	0.197501	8.24625	0.594022	28.2889	-21276.1	4.0	37379.5	-1061240.0	7.0	74062.6	1.0	8497.71	675.954	2723.81	322.597	0.242731	0.0224853	1.1735	0.0405761	
0.0-2.4	6.5-8.0	0.0-100.0	0.393-0.785	0.016	0.145	6382.0	6378.0	2704.1	118.816	3674.63	137.354	-0.167713	0.136019	-0.05	0.0	0.387357	0.0	3.09223	0.0	0.0523154	0.0	0.0276072	0.0	0.03	0.0	1.492	0.04	5.0	0.0	1.733	0.07	0.039078	0.0	3.35609e-05	0.000234572	0.269291	0.0502647	0.488577	0.194943	0.00546084	0.00439552	0.00137239	0.0022926	1.47132	0.124323	0.864305	0.049403	0.644401	0.203388	0.813019	0.525205	0.494792	0.217286	0.0634475	0.0476367	0.11977	0.0451422	0.416434	1.01873	-14876.6	4.0	764.729	-190239.0	3.0	434.668	1.0	2125.96	125.121	578.146	87.0325	0.213803	0.0307838	1.19988	0.0691793	
0.0-2.4	6.5-8.0	0.0-100.0	0.785-1.178	0.016	0.152	5997.0	5994.0	2884.87	130.374	3109.24	134.452	0.143183	0.154933	-0.05	0.0	0.387357	0.0	3.09223	0.0	0.0523154	0.0	0.0276072	0.0	0.03	0.0	1.492	0.04	5.0	0.0	1.733	0.07	0.039078	0.0	4.17642e-05	0.79061	0.242952	0.0429363	0.230575	0.110068	0.00708186	0.0153869	0.00297427	0.00164018	1.73111	0.184706	0.936009	0.0362859	0.455931	3.2468	1.0	0.00175902	0.572157	2.57281	0.0729272	0.30851	0.265423	0.150331	1.07823	58.2671	-21359.7	4.0	3327.23	-206235.0	3.0	101.535	1.0	2103.4	142.94	781.462	112.441	0.270883	0.0370037	1.16837	0.0601246	
0.0-2.4	6.5-8.0	0.0-100.0	1.178-1.571	0.016	0.152	5325.0	5322.0	2495.73	117.662	2826.97	138.206	-0.133898	0.150921	-0.05	0.0	0.387357	0.0	3.09223	0.0	0.0523154	0.0	0.0276072	0.0	0.03	0.0	1.492	0.04	5.0	0.0	1.733	0.07	0.039078	0.0	6.96199e-05	0.00138898	0.251316	0.0440851	0.599664	0.33064	-4.6222e-05	0.00372	0.00163595	0.00204806	1.40906	0.147928	0.645723	0.0524861	0.611227	0.44379	0.79312	0.626988	0.638789	0.228294	0.0683464	0.0827907	0.477332	0.643652	0.576991	2.60696	-7037.34	4.0	967.648	-177769.0	3.0	1830.48	1.0	1932.78	116.2	562.948	76.8353	0.225564	0.0288918	1.16513	0.123666	
0.0-2.4	6.5-8.0	10.0-60.0	0.000-0.393	0.016	0.128	4092.0	4086.0	2046.1	128.965	2040.01	104.165	-0.125772	0.195433	-0.05	0.0	0.387357	0.0	3.09223	0.0	0.0523154	0.0	0.0271297	0.0	0.03	0.0	1.492	0.04	5.0	0.0	1.733	0.07	0.0388726	0.0	5.95546e-05	0.000344739	0.431968	0.246265	0.307488	0.0	0.00439684	0.0	0.000223664	0.00214069	1.63221	0.0	0.88546	0.038104	0.999126	79.0282	0.594458	3.647	0.74146	2.50256	0.00100386	207.874	0.230948	1.07545	0.100496	1.18614	8283.62	4.0	21137.2	-201412.0	3.0	4505.06	1.0	1440.0	178.999	606.099	158.941	0.296221	0.0754029	1.16711	0.0100098	
0.0-2.4	6.5-8.0	10.0-60.0	0.000-1.571	0.016	0.16	14064.0	14061.0	7326.93	211.633	6734.34	196.83	-0.00193155	0.11614	-0.05	0.0	0.387357	0.0	3.09223	0.0	0.0523154	0.0	0.0271297	0.00160062	0.03	0.0	1.492	0.04	5.0	0.0	1.733	0.07	0.0388725	0.00034219	2.57968e-05	9.0559e-05	0.299223	0.0590383	0.307488	0.0	0.00439684	0.0	0.00160497	0.00115463	1.63221	0.0	0.876236	0.0216251	0.521669	1.8974	0.773022	0.909646	0.598756	1.24782	0.0450126	0.177124	0.197777	0.110587	0.479702	1.37261	-12763.3	4.0	32298.2	-596897.0	4.0	6460.3	1.0	5374.58	269.444	1952.36	227.334	0.266463	0.0300574	1.16228	0.00564506	
0.0-2.4	6.5-8.0	10.0-60.0	0.393-0.785	0.016	0.145	3656.0	3655.0	1860.64	96.2159	1794.53	101.694	0.0427609	0.225854	-0.05	0.0	0.387357	0.0	3.09223	0.0	0.0523154	0.0	0.0271297	0.0	0.03	0.0	1.492	0.04	5.0	0.0	1.733	0.07	0.0388726	0.0	3.35609e-05	0.000234572	0.244012	0.0514525	0.307488	0.0	0.00439684	0.0	0.000560871	0.00244271	1.63221	0.0	0.923551	0.0513316	0.573182	0.800647	0.778926	0.64139	0.386835	1.79442	0.0367307	0.0798763	0.0856994	0.215029	0.567839	1.32419	-8426.92	4.0	399.077	-105915.0	3.0	729.554	1.0	1448.01	102.851	412.637	73.6676	0.221771	0.0378953	1.18737	0.0138247	
0.0-2.4	6.5-8.0	10.0-60.0	0.785-1.178	0.016	0.152	3266.0	3263.0	1803.38	104.213	1459.91	95.6991	0.171759	0.268251	-0.05	0.0	0.387357	0.0	3.09223	0.0	0.0523154	0.0	0.0271297	0.0	0.03	0.0	1.492	0.04	5.0	0.0	1.733	0.07	0.0388726	0.0	4.17642e-05	0.79061	0.207711	0.0540575	0.307488	0.0	0.00439684	0.0	0.000990811	0.00208764	1.63221	0.0	0.862579	0.0350474	0.665567	0.242629	1.0	0.000377665	0.680249	0.170238	0.122789	0.0775682	0.333277	0.232815	0.821898	88.165	-11424.2	4.0	3351.17	-111779.0	3.0	423.528	1.0	1266.51	124.54	536.87	105.433	0.297702	0.0558755	1.15518	0.00906155	
0.0-2.4	6.5-8.0	10.0-60.0	1.178-1.571	0.016	0.136	3049.0	3046.0	1614.67	89.5732	1431.96	93.7149	-0.0427475	0.265076	-0.05	0.0	0.387357	0.0	3.09223	0.0	0.0523154	0.0	0.0271297	0.0	0.03	0.0	1.492	0.04	5.0	0.0	1.733	0.07	0.0388726	0.0	1.20568e-05	0.0173859	0.285006	0.0599948	0.307488	0.0	0.00439684	0.0	0.000665734	0.00208479	1.63221	0.0	0.768425	0.0434393	0.396093	0.166541	0.74694	0.408111	0.527235	0.175688	0.0450982	0.016839	0.264369	0.126815	0.493276	0.72503	-9915.2	4.0	1358.46	-88334.0	3.0	980.021	1.0	1173.24	90.1691	441.431	67.0381	0.273388	0.038649	1.10819	0.0104296	
0.0-2.4	8.0-10.0	0.0-100.0	0.000-0.393	0.008	0.152	3566.0	3531.0	2240.3	80.7282	1291.43	64.7977	0.210547	0.181133	-0.05	0.0	0.374827	0.0	3.09361	0.0	0.051735	0.0	0.0237653	0.0	0.03	0.0	1.492	0.04	5.0	0.0	1.733	0.07	0.0368282	0.0	1.01039e-05	0.487899	0.259764	0.0357311	0.0783534	0.0380246	0.00336464	0.00777792	0.00103704	0.00119919	2.21072	0.285123	0.913792	0.0303913	0.597905	1.00415	0.697258	1.32884	0.345765	0.610527	0.0398234	0.06424	0.256437	0.135901	0.0533852	0.0425644	-10431.6	4.0	757.27	-66087.2	3.0	23.4002	1.0	1583.91	83.2957	656.39	65.1154	0.292992	0.0270802	1.07356	0.0442576	
0.0-2.4	8.0-10.0	0.0-100.0	0.000-1.571	0.008	0.152	13155.0	13088.0	8426.54	488.722	4661.44	464.168	-0.195705	0.147831	-0.05	0.0	0.374827	0.351154	3.09361	0.000917937	0.051735	0.024085	0.0237653	0.00558563	0.03	0.0	1.492	0.04	5.0	0.0	1.733	0.07	0.0368283	0.00644023	1.04463e-05	0.772766	0.389486	0.0729431	0.0999374	0.0382996	0.00376099	0.00404766	0.0029353	0.000816466	1.94825	0.155484	0.952562	0.0202506	0.578198	2.99276	0.779875	2.01557	0.3826	2.48721	0.0305529	0.144236	0.383593	0.244466	0.0804711	0.359958	24472.5	4.0	51198.1	-467947.0	7.0	672891.0	1.0	5970.29	395.174	2456.25	237.818	0.291489	0.0225987	1.09363	0.0299006	
0.0-2.4	8.0-10.0	0.0-100.0	0.393-0.785	0.016	0.105	3531.0	3482.0	2276.37	100.373	1205.83	79.4389	-0.602972	0.204477	-0.05	0.0	0.374827	0.0	3.09361	0.0	0.051735	0.0	0.0237653	0.0	0.03	0.0	1.492	0.04	5.0	0.0	1.733	0.07	0.0368282	0.0	4.92988e-05	0.000250796	0.421147	0.11765	0.0871788	0.0543777	0.00869349	0.0183421	0.00424038	0.00168934	2.08798	0.303036	0.997973	0.0426669	0.600265	1.2527	0.743692	4.89442	0.198984	3.71368	0.0360823	0.135726	0.456381	0.326951	0.0352435	0.225635	-1279.97	4.0	5684.28	-100837.0	3.0	574.372	1.0	1553.6	109.438	722.769	91.1022	0.317509	0.0374922	1.13543	0.0500496	
0.0-2.4	8.0-10.0	0.0-100.0	0.785-1.178	0.008	0.145	3194.0	3194.0	2072.16	124.596	1121.97	87.7377	-0.040202	0.32218	-0.05	0.0	0.374827	0.0	3.09361	0.0	0.051735	0.0	0.0237653	0.0	0.03	0.0	1.492	0.04	5.0	0.0	1.733	0.07	0.0368282	0.0	6.83076e-05	0.000188408	0.819959	0.996687	0.0494462	0.0365968	0.00997806	0.0194271	0.00144679	0.00201084	2.17557	0.39497	1.01374	0.0505973	0.827052	0.169219	0.999999	109.96	0.630347	0.163394	0.0933887	0.0547388	0.222534	0.0540687	0.0200448	358.056	30335.8	4.0	22924.9	-178169.0	3.0	178.561	1.0	1407.72	173.083	664.438	156.17	0.32065	0.0728578	1.10041	0.0425753	
0.0-2.4	8.0-10.0	0.0-100.0	1.178-1.571	0.008	0.128	2863.0	2862.0	1847.27	72.2562	1015.18	61.1538	-0.370121	0.207597	-0.05	0.0	0.374827	0.0	3.09361	0.0	0.051735	0.0	0.0237653	0.0	0.03	0.0	1.492	0.04	5.0	0.0	1.733	0.07	0.0368282	0.0	1.54046e-05	0.000145821	0.219657	0.0278938	0.681636	0.163444	-0.00101435	0.00214303	0.0021918	0.00221766	1.35029	0.0690844	0.6	0.101129	0.896377	1.83143	0.60825	2.07732	0.478098	0.590402	0.0523008	0.0759384	0.538288	0.513576	0.0571388	0.0646758	-7675.27	4.0	218.44	-51992.1	3.0	98.4651	1.0	1332.06	71.721	515.208	53.2469	0.278903	0.0266805	1.16509	0.0587113	
0.0-2.4	8.0-10.0	10.0-60.0	0.000-0.393	0.008	0.145	2211.0	2210.0	1463.39	61.9176	746.928	46.574	0.0578578	0.208445	-0.05	0.0	0.374827	0.0	3.09361	0.0	0.051735	0.0	0.0244064	0.0	0.03	0.0	1.492	0.04	5.0	0.0	1.733	0.07	0.0370894	0.0	1.40048e-05	1.03758	0.239664	0.0395956	0.0999374	0.0	0.00376099	0.0	0.00123044	0.00143743	1.94825	0.0	0.876898	0.0357262	0.56944	0.202124	0.999875	41.0327	0.323525	0.458434	0.0422106	0.0216961	0.165206	0.0677902	0.02	156.548	-7640.52	4.0	324.807	-36047.0	3.0	8.38169	1.0	1074.3	64.5928	389.082	48.7552	0.265878	0.03136	1.0351	0.0136206	
0.0-2.4	8.0-10.0	10.0-60.0	0.000-1.571	0.008	0.145	7893.0	7892.0	5348.57	140.558	2543.51	101.49	-0.364205	0.152459	-0.05	0.0	0.374827	0.0	3.09361	0.0	0.051735	0.0	0.0244064	0.000665277	0.03	0.0	1.492	0.04	5.0	0.0	1.733	0.07	0.0370894	0.000136844	1.82514e-05	0.000157912	0.342696	0.0719059	0.0999374	0.0	0.00376099	0.0	0.00179582	0.000996415	1.94825	0.0	0.892166	0.0251444	0.66415	1.93501	0.587285	1.78527	0.209756	0.555291	0.0401027	0.054928	0.395555	0.183823	0.0458078	0.036061	22917.1	4.0	114640.0	-252121.0	4.0	4047.6	1.0	3836.16	179.113	1512.41	153.29	0.282769	0.0276799	1.04678	0.00964441	
0.0-2.4	8.0-10.0	10.0-60.0	0.393-0.785	0.008	0.12	2132.0	2129.0	1411.96	69.822	717.507	60.895	-0.6954	0.274109	-0.05	0.0	0.374827	0.0	3.09361	0.0	0.051735	0.0	0.0244064	0.0	0.03	0.0	1.492	0.04	5.0	0.0	1.733	0.07	0.0370894	0.0	1.00002e-05	8.80711e-05	0.332823	0.091578	0.0999374	0.0	0.00376099	0.0	0.00149748	0.00186821	1.94825	0.0	0.95664	0.0548051	0.798629	1.44403	0.599294	2.66021	0.193691	2.06263	0.0438623	0.0800381	0.525646	0.500556	0.0373002	0.0626667	-1210.7	4.0	1773.59	-47234.0	3.0	1028.71	1.0	1004.26	74.9442	407.706	59.6398	0.288751	0.0397522	1.09683	0.0215116	
0.0-2.4	8.0-10.0	10.0-60.0	0.785-1.178	0.008	0.112	1866.0	1863.0	1292.2	92.5604	570.795	52.8545	-0.441085	0.463116	-0.05	0.0	0.374827	0.0	3.09361	0.0	0.051735	0.0	0.0244064	0.0	0.03	0.0	1.492	0.04	5.0	0.0	1.733	0.07	0.0370894	0.0	1.4617e-05	0.013384	0.750511	1.00396	0.0999374	0.0	0.00376099	0.0	0.00220665	0.00260352	1.94825	0.0	0.877844	0.0647876	0.586982	9.787	0.463571	11.0232	0.0402121	9.79322	0.00100154	1.43251	0.22372	0.0847143	0.0416876	0.0392691	23206.8	4.0	15860.0	-98742.3	3.0	30.6481	1.0	860.377	135.292	431.821	124.349	0.334176	0.0932057	1.03582	0.0247097	
0.0-2.4	8.0-10.0	10.0-60.0	1.178-1.571	0.008	0.12	1682.0	1681.0	1186.8	57.2235	494.647	44.614	-0.390279	0.327492	-0.05	0.0	0.374827	0.0	3.09361	0.0	0.051735	0.0	0.0244064	0.0	0.03	0.0	1.492	0.04	5.0	0.0	1.733	0.07	0.0370894	0.0	4.81487e-05	1.07517	0.228045	0.0361733	0.0999374	0.0	0.00376099	0.0	0.000159747	0.00173009	1.94825	0.0	0.895705	0.0445953	0.65129	0.242704	1.0	0.179287	0.35419	0.327012	0.0568274	0.0309938	0.482129	0.328164	4.79228	134.012	-4191.9	4.0	180.042	-28662.8	3.0	160.358	1.0	839.534	57.9038	347.264	44.6611	0.292606	0.0348868	1.0495	0.0171284	
1.2-1.6	6.5-30.0	0.0-100.0	0.000-0.393	0.008	0.136	3126.0	3123.0	1675.67	110.395	1448.13	82.3002	0.0502436	0.212993	-0.05	0.0	0.54694	0.0	3.09266	0.0	0.0432193	0.0	0.0339613	0.0	0.03	0.0	1.492	0.04	5.0	0.0	1.733	0.07	0.039296	0.0	8.70362e-05	0.000270698	0.478039	0.376805	0.130197	0.0694199	0.00814269	0.0161506	0.00316177	0.00205188	1.98675	0.266132	0.879554	0.0441225	0.450891	0.665986	0.486886	1.16897	0.03762	0.800248	0.0173454	0.0350681	0.222318	0.0969722	0.04952	0.0643822	11190.3	4.0	18432.5	-133371.0	3.0	3591.0	1.0	1230.0	161.321	445.672	142.549	0.265966	0.0832456	1.08941	0.0615981	
1.2-1.6	6.5-30.0	0.0-100.0	0.000-1.571	0.008	0.136	11354.0	11343.0	6070.35	591.464	5272.81	574.66	-0.168682	0.181877	-0.05	0.0	0.54694	0.550375	3.09266	0.00338345	0.0432193	0.0317882	0.0339613	0.030199	0.03	0.0	1.492	0.04	5.0	0.0	1.733	0.07	0.039296	0.0112414	1.03021e-05	0.137313	0.356881	0.0862615	0.0999774	0.0369937	0.00921681	0.0152857	0.00401718	0.000953013	2.02628	0.173102	0.927092	0.0219563	0.488177	2.27319	0.599665	0.943287	0.34157	1.95441	0.0232989	0.139147	0.419705	0.24198	0.0862219	0.0581131	17798.6	4.0	36453.5	-402147.0	7.0	20942.5	1.0	4419.39	467.536	1650.96	242.997	0.271971	0.0300031	1.08814	0.0330422	
1.2-1.6	6.5-30.0	0.0-100.0	0.393-0.785	0.008	0.128	3063.0	3060.0	1524.72	74.0145	1535.69	79.9856	-0.375361	0.160347	-0.05	0.0	0.54694	0.0	3.09266	0.0	0.0432193	0.0	0.0339613	0.0	0.03	0.0	1.492	0.04	5.0	0.0	1.733	0.07	0.039296	0.0	1.40773e-05	0.000247178	0.277383	0.0485479	0.0978918	0.063768	0.00830884	0.017385	0.00180178	0.00153107	2.07462	0.34261	0.961299	0.0383392	0.844886	0.484771	0.54089	1.99083	0.48509	1.6288	0.19749	0.456929	0.404242	0.299146	0.048061	0.127277	-3631.27	4.0	555.306	-63702.4	3.0	659.829	1.0	1086.37	75.01	438.346	57.4301	0.287494	0.0349853	1.12025	0.0591453	
1.2-1.6	6.5-30.0	0.0-100.0	0.785-1.178	0.008	0.136	2696.0	2695.0	1487.6	93.6989	1207.41	82.3769	0.0331646	0.253599	-0.05	0.0	0.54694	0.0	3.09266	0.0	0.0432193	0.0	0.0339613	0.0	0.03	0.0	1.492	0.04	5.0	0.0	1.733	0.07	0.039296	0.0	1.0973e-05	0.00459423	0.453784	0.275863	0.0383419	0.0282596	0.00999981	0.0173776	0.00352954	0.00188129	2.63905	0.579204	0.936818	0.046817	0.550004	0.209178	0.879272	1.39015	0.45234	0.345768	0.0577471	0.0129196	0.218848	0.125085	0.0534187	0.0285514	7237.45	4.0	8253.92	-88987.9	3.0	268.414	1.0	1098.35	117.812	389.246	98.4616	0.26166	0.0641035	1.05405	0.0532703	
1.2-1.6	6.5-30.0	0.0-100.0	1.178-1.571	0.008	0.12	2467.0	2454.0	1378.45	70.8513	1076.33	74.8088	-0.407032	0.190263	-0.05	0.0	0.54694	0.0	3.09266	0.0	0.0432193	0.0	0.0339613	0.0	0.03	0.0	1.492	0.04	5.0	0.0	1.733	0.07	0.039296	0.0	3.21269e-05	0.000513866	0.269124	0.0448106	0.429426	0.219667	0.00289074	0.00368548	0.00397231	0.00209825	1.45696	0.14329	0.744172	0.0595556	0.761098	0.981685	0.594291	1.47356	0.409553	0.827089	0.0801316	0.0695673	0.694735	1.03669	0.0574595	0.132656	-944.302	4.0	425.547	-54296.2	3.0	2860.97	1.0	967.951	67.3067	410.499	50.0012	0.297797	0.0328858	1.10794	0.0884013	
1.2-1.6	6.5-30.0	10.0-60.0	0.000-0.393	0.008	0.12	1995.0	1992.0	1157.3	104.387	834.985	68.4595	0.08743	0.312931	-0.05	0.0	0.54694	0.0	3.09266	0.0	0.0432193	0.0	0.0350472	0.0	0.03	0.0	1.492	0.04	5.0	0.0	1.733	0.07	0.0397257	0.0	9.39567e-05	0.000265483	0.579927	0.663299	0.0999774	0.0	0.00921681	0.0	0.00137514	0.00260957	2.02628	0.0	1.02685	0.0510177	0.347848	1666.01	0.860182	686.154	0.18511	3099.39	0.00100001	1728.45	0.226879	10.9693	0.113116	55.0082	11119.7	4.0	16593.9	-106116.0	3.0	4286.22	1.0	827.436	144.875	329.862	127.686	0.285028	0.107294	1.16597	0.0202191	
1.2-1.6	6.5-30.0	10.0-60.0	0.000-1.571	0.008	0.128	6585.0	6578.0	3918.34	159.329	2659.84	132.042	-0.316161	0.132366	-0.05	0.0	0.54694	0.0	3.09266	0.0	0.0432193	0.0	0.0350472	0.00845285	0.03	0.0	1.492	0.04	5.0	0.0	1.733	0.07	0.0397257	0.00168932	1.05393e-05	0.000462059	0.337645	0.108442	0.0999774	0.0	0.00921681	0.0	0.00207678	0.00125874	2.02628	0.0	0.965699	0.028099	0.752568	1.05022	0.611275	2.40254	0.432927	2.51878	0.0901152	0.158354	0.361702	0.229877	0.0391265	0.321348	10179.3	4.0	28295.6	-218586.0	4.0	2722.05	1.0	2882.1	194.963	1036.23	161.406	0.264457	0.0397641	1.11796	0.0109227	
1.2-1.6	6.5-30.0	10.0-60.0	0.393-0.785	0.008	0.112	1745.0	1736.0	947.773	56.9744	788.473	61.612	-0.592756	0.247644	-0.05	0.0	0.54694	0.0	3.09266	0.0	0.0432193	0.0	0.0350472	0.0	0.03	0.0	1.492	0.04	5.0	0.0	1.733	0.07	0.0397257	0.0	2.07034e-05	0.000129572	0.22273	0.0433333	0.0999774	0.0	0.00921681	0.0	0.00185885	0.00209528	2.02628	0.0	1.08112	0.048374	0.778995	22.8447	0.999915	2213.93	0.679043	33.4239	0.103697	11.2112	0.60827	19.0375	0.0200045	7389.35	-730.893	4.0	248.61	-34232.9	3.0	1039.33	1.0	675.552	57.8916	272.221	44.3852	0.287222	0.043532	1.20932	0.0194611	
1.2-1.6	6.5-30.0	10.0-60.0	0.785-1.178	0.008	0.128	1445.0	1443.0	897.701	47.9416	546.206	40.4752	-0.565505	0.246423	-0.05	0.0	0.54694	0.0	3.09266	0.0	0.0432193	0.0	0.0350472	0.0	0.03	0.0	1.492	0.04	5.0	0.0	1.733	0.07	0.0397257	0.0	2.57361e-05	0.000145696	0.209642	0.0367077	0.0999774	0.0	0.00921681	0.0	0.000263056	0.00174781	2.02628	0.0	0.903588	0.0459109	0.640936	0.0392936	0.999996	60.8908	0.469663	0.033228	0.061463	0.00137216	0.214735	0.0148453	0.0645454	329.687	-4858.82	4.0	24.4866	-21014.4	3.0	13.4086	1.0	701.564	49.0558	196.137	33.3528	0.218488	0.0352738	1.0702	0.0174439	
1.2-1.6	6.5-30.0	10.0-60.0	1.178-1.571	0.008	0.105	1398.0	1383.0	907.939	51.3597	475.13	40.3167	-0.311717	0.284445	-0.05	0.0	0.54694	0.0	3.09266	0.0	0.0432193	0.0	0.0350472	0.0	0.03	0.0	1.492	0.04	5.0	0.0	1.733	0.07	0.0397257	0.0	3.08551e-05	0.00051849	0.305193	0.0684878	0.0999774	0.0	0.00921681	0.0	0.00377573	0.0020259	2.02628	0.0	0.941216	0.050325	0.615913	0.651329	0.943985	35.0517	0.413652	9.22748	0.0771169	0.153245	0.364311	0.456798	0.0200012	2.2704	-3346.01	4.0	374.973	-23165.2	3.0	0.88758	1.0	640.338	52.1328	267.601	40.4343	0.294735	0.0412955	1.099	0.0193954	
1.2-2.4	6.5-30.0	0.0-100.0	0.000-0.393	0.008	0.152	7808.0	7772.0	3849.1	144.993	3923.3	128.466	-0.178031	0.115921	-0.05	0.0	0.551858	0.0	3.09179	0.0	0.0533093	0.0	0.0328983	0.0	0.03	0.0	1.492	0.04	5.0	0.0	1.733	0.07	0.0453138	0.0	3.42723e-05	0.000135506	0.360146	0.140268	0.147506	0.0525668	0.00656579	0.00470592	0.00237306	0.00125695	1.94036	0.171727	0.937358	0.023845	0.917136	40.5393	0.561105	10.7636	0.614224	9.524	0.00109948	47.6238	0.225746	0.0474316	0.0834526	0.034486	19356.2	4.0	22318.6	-265508.0	3.0	2066.57	1.0	2925.99	215.18	923.106	188.051	0.239824	0.0480133	1.1421	0.040443	
1.2-2.4	6.5-30.0	0.0-100.0	0.000-1.571	0.008	0.128	27776.0	27541.0	14505.6	663.173	13036.5	648.468	-0.305468	0.0865528	-0.05	0.0	0.551858	0.25384	3.09179	0.00108007	0.0533093	0.00990719	0.0328983	0.00642347	0.03	0.0	1.492	0.04	5.0	0.0	1.733	0.07	0.0453138	0.00338154	1.38621e-05	0.000134836	0.316159	0.0419501	0.186805	0.0404235	0.00562667	0.0022307	0.00254985	0.000640138	1.79346	0.0844886	0.917508	0.0140587	0.847298	0.322447	0.491945	0.493428	0.47788	0.426807	0.14036	0.150326	0.307865	0.0772748	0.0485747	0.0536118	-6205.94	4.0	42041.0	-904330.0	7.0	50673.9	1.0	10940.5	563.432	3565.09	306.332	0.245774	0.0178808	1.13376	0.0250052	
1.2-2.4	6.5-30.0	0.0-100.0	0.393-0.785	0.008	0.145	7282.0	7245.0	3638.73	128.246	3607.01	134.706	-0.455392	0.127009	-0.05	0.0	0.551858	0.0	3.09179	0.0	0.0533093	0.0	0.0328983	0.0	0.03	0.0	1.492	0.04	5.0	0.0	1.733	0.07	0.0453138	0.0	2.65486e-05	7.2402e-05	0.316565	0.0633182	0.215726	0.105061	0.00712779	0.00410469	0.00458096	0.00134501	1.7141	0.172696	0.994322	0.0296541	0.660705	1.37508	0.733985	0.650281	0.567016	0.715858	0.0464072	0.129015	0.25805	0.130451	0.557024	1.20127	-958.951	4.0	4534.37	-199013.0	3.0	321.507	1.0	2727.23	143.63	911.499	111.457	0.250499	0.0293307	1.18711	0.0517564	
1.2-2.4	6.5-30.0	0.0-100.0	0.785-1.178	0.008	0.152	6540.0	6537.0	3538.3	128.353	2999.52	117.715	-0.205989	0.133655	-0.05	0.0	0.551858	0.0	3.09179	0.0	0.0533093	0.0	0.0328983	0.0	0.03	0.0	1.492	0.04	5.0	0.0	1.733	0.07	0.0453138	0.0	1.03152e-05	0.00396442	0.357439	0.117606	0.127095	0.057169	0.00999999	0.014517	0.00135461	0.00128094	1.93778	0.197975	0.972293	0.03054	0.995681	184.447	0.39838	10.5522	0.480451	8.97205	0.00114149	109.183	0.268281	0.0682011	0.0670773	0.0303333	-3390.99	4.0	10298.5	-185115.0	3.0	115.479	1.0	2760.14	165.152	778.158	134.339	0.219924	0.0371195	1.14125	0.0427007	
1.2-2.4	6.5-30.0	0.0-100.0	1.178-1.571	0.008	0.152	6144.0	6141.0	3451.75	116.429	2689.4	120.013	-0.422367	0.127899	-0.05	0.0	0.551858	0.0	3.09179	0.0	0.0533093	0.0	0.0328983	0.0	0.03	0.0	1.492	0.04	5.0	0.0	1.733	0.07	0.0453138	0.0	3.88875e-05	0.000353399	0.252771	0.0274303	0.376887	0.131541	0.000173054	0.00284995	0.00279753	0.00127251	1.54336	0.106566	0.734254	0.0310155	0.843902	1.67116	0.469503	1.50096	0.410142	2.43202	0.0890399	0.177611	0.54414	0.690908	0.051911	0.359268	-6443.01	4.0	615.688	-156616.0	3.0	3858.91	1.0	2524.44	113.152	927.308	80.8161	0.268649	0.0215884	1.11071	0.0616153	
1.2-2.4	6.5-30.0	10.0-60.0	0.000-0.393	0.008	0.152	4757.0	4755.0	2596.26	125.544	2159.64	96.6949	-0.212331	0.15774	-0.05	0.0	0.551858	0.0	3.09179	0.0	0.0533093	0.0	0.0329993	0.0	0.03	0.0	1.492	0.04	5.0	0.0	1.733	0.07	0.0453467	0.0	3.42723e-05	0.000135506	0.412986	0.232278	0.186805	0.0	0.00562667	0.0	0.00187872	0.00151693	1.79346	0.0	0.869442	0.0284367	0.949135	31.6198	0.630342	0.34835	0.620773	5.45855	0.00100683	27.6266	0.203716	0.790822	0.0934338	1.81794	8342.48	4.0	20362.0	-173223.0	3.0	2853.58	1.0	1975.75	186.078	620.502	162.473	0.238999	0.0615034	1.10253	0.00911786	
1.2-2.4	6.5-30.0	10.0-60.0	0.000-1.571	0.008	0.16	16199.0	16196.0	9331.26	206.673	6865.37	182.268	-0.369344	0.0855399	-0.05	0.0	0.551858	0.0	3.09179	0.0	0.0533093	0.0	0.0329993	0.00336364	0.03	0.0	1.492	0.04	5.0	0.0	1.733	0.07	0.0453467	0.000548472	1.04253e-05	6.6059e-05	0.285451	0.0450714	0.186805	0.0	0.00562667	0.0	0.00345072	0.000807728	1.79346	0.0	0.91768	0.0172462	0.593899	0.238339	0.868834	0.178329	0.548427	0.211789	0.0399224	0.0246478	0.246529	0.0487829	0.511912	0.813124	-5451.97	4.0	29785.0	-482635.0	4.0	2078.19	1.0	6992.52	259.681	2338.74	214.782	0.250635	0.0223381	1.13388	0.00567522	
1.2-2.4	6.5-30.0	10.0-60.0	0.393-0.785	0.008	0.145	4190.0	4188.0	2323.75	95.1347	1864.85	101.479	-0.457962	0.190445	-0.05	0.0	0.551858	0.0	3.09179	0.0	0.0533093	0.0	0.0329993	0.0	0.03	0.0	1.492	0.04	5.0	0.0	1.733	0.07	0.0453467	0.0	2.65486e-05	7.2402e-05	0.216329	0.0304629	0.186805	0.0	0.00562667	0.0	0.00458927	0.0015777	1.79346	0.0	1.02036	0.03623	0.532161	1.55812	0.706379	0.929649	0.536704	1.15202	0.0298902	0.0957821	0.315593	0.286081	0.898964	3.07029	250.796	4.0	612.717	-100504.0	3.0	1230.55	1.0	1728.35	98.1633	595.395	72.2727	0.256222	0.0292795	1.20312	0.0124933	
1.2-2.4	6.5-30.0	10.0-60.0	0.785-1.178	0.008	0.152	3694.0	3691.0	2188.02	81.5651	1503.53	71.8263	-0.415032	0.157945	-0.05	0.0	0.551858	0.0	3.09179	0.0	0.0533093	0.0	0.0329993	0.0	0.03	0.0	1.492	0.04	5.0	0.0	1.733	0.07	0.0453467	0.0	1.03152e-05	0.00396442	0.229398	0.028151	0.186805	0.0	0.00562667	0.0	0.000863007	0.0014012	1.79346	0.0	0.911742	0.0339988	0.747698	0.567027	0.666653	1.85682	0.417587	1.35425	0.0937542	0.122861	0.207479	0.0585838	0.0297671	0.0770121	-12218.0	4.0	120.162	-68303.7	3.0	7.52578	1.0	1666.23	83.3327	521.792	58.8607	0.238477	0.02539	1.12998	0.011154	
1.2-2.4	6.5-30.0	10.0-60.0	1.178-1.571	0.008	0.152	3557.0	3555.0	2227.3	84.2967	1328.69	69.0472	-0.447249	0.171805	-0.05	0.0	0.551858	0.0	3.09179	0.0	0.0533093	0.0	0.0329993	0.0	0.03	0.0	1.492	0.04	5.0	0.0	1.733	0.07	0.0453467	0.0	3.88875e-05	0.000353399	0.279345	0.0385747	0.186805	0.0	0.00562667	0.0	0.00133185	0.00139264	1.79346	0.0	0.774126	0.0372898	0.999757	89.9325	0.270487	6.37799	0.0717686	10.988	0.00100007	141.372	0.315868	2.37756	0.0345409	0.256241	-10197.4	4.0	538.803	-70092.9	3.0	1.57784	1.0	1570.09	86.9779	657.201	68.2106	0.295067	0.0285161	1.04316	0.0112516	
1.6-2.4	3.0-6.5	0.0-100.0	0.000-0.393	0.016	0.232	42796.0	42789.0	7366.79	361.489	35422.9	581.884	0.00315447	0.0542606	-0.05	0.0	0.956024	0.0	3.08922	0.0	0.0525925	0.0	0.0142683	0.0	0.03	0.0	1.86	0.19	5.0	0.0	1.38	0.32	0.0515101	0.0	0.000149401	0.0117133	0.417089	0.195013	0.473976	0.263955	-0.00707842	0.0107562	0.00387563	0.00150958	1.54049	0.193925	0.719492	0.0198354	1.0	723.48	0.75494	0.0337779	0.592366	0.324954	0.00100375	306001.0	0.0863873	0.103338	1.02149	0.224624	50146.5	4.0	32204.0	-3053980.0	3.0	524.12	1.0	6195.35	476.052	1171.44	370.823	0.159016	0.0497287	1.18199	0.1197	
1.6-2.4	3.0-6.5	0.0-100.0	0.000-1.571	0.016	0.264	158768.0	158762.0	26422.5	921.239	132340.0	1328.21	0.0522087	0.0308133	-0.05	0.0	0.956024	0.0623459	3.08922	0.0015414	0.0525925	0.00339855	0.0142683	0.00918643	0.03	0.0	1.86	0.19	5.0	0.0	1.38	0.32	0.0515101	0.00183181	1.10324e-05	0.0465138	0.357721	0.0618324	0.306676	0.207312	-0.00606766	0.0158233	0.00694729	0.000727504	1.65447	0.204252	0.868055	0.00888078	0.999944	180692.0	0.747235	105.201	0.693854	486.803	0.00101085	3195220.0	0.106599	248.011	1.12535	613.182	73337.8	4.0	77534.4	-12613400.0	7.0	25843.7	1.0	21667.7	989.89	4754.79	660.791	0.179952	0.0242088	1.167	0.0986843	
1.6-2.4	3.0-6.5	0.0-100.0	0.393-0.785	0.016	0.264	40637.0	40633.0	6389.1	340.826	34245.3	567.787	-0.028586	0.0580548	-0.05	0.0	0.956024	0.0	3.08922	0.0	0.0525925	0.0	0.0142683	0.0	0.03	0.0	1.86	0.19	5.0	0.0	1.38	0.32	0.0515101	0.0	0.000104776	0.00436801	0.341583	0.0958222	0.434071	0.259887	-0.00999985	0.0153683	0.0095021	0.00236809	1.61272	0.231443	0.760635	0.0181413	0.999999	860.819	0.794447	0.135193	0.726286	0.825932	0.00177749	43865.8	0.140625	0.481121	0.540109	0.184638	38420.2	4.0	14639.5	-2795460.0	3.0	1639.73	1.0	5102.79	414.061	1286.32	319.465	0.20133	0.0488346	1.20681	0.127947	
1.6-2.4	3.0-6.5	0.0-100.0	0.785-1.178	0.016	0.24	38205.0	38202.0	6286.04	327.239	31916.3	539.233	0.0385451	0.057545	-0.05	0.0	0.956024	0.0	3.08922	0.0	0.0525925	0.0	0.0142683	0.0	0.03	0.0	1.86	0.19	5.0	0.0	1.38	0.32	0.0515101	0.0	2.10511e-05	0.000549047	0.329521	0.129152	0.0818643	0.0702753	-0.01	0.0192987	0.00653953	0.00131761	2.29979	0.540786	0.976216	0.0172499	0.791104	0.681137	0.849801	0.272094	0.582013	0.826018	0.0486457	0.0908772	0.090523	0.0970115	1.52322	6.21942	-20333.4	4.0	24377.5	-2568310.0	3.0	320.861	1.0	5182.01	434.942	1104.03	345.983	0.175632	0.0542751	1.14366	0.0803985	
1.6-2.4	3.0-6.5	0.0-100.0	1.178-1.571	0.016	0.24	37128.0	37126.0	6375.19	342.177	30750.3	556.255	0.213405	0.0649757	-0.05	0.0	0.956024	0.0	3.08922	0.0	0.0525925	0.0	0.0142683	0.0	0.03	0.0	1.86	0.19	5.0	0.0	1.38	0.32	0.0515101	0.0	3.20725e-05	0.0130815	0.366264	0.114121	0.862746	0.0705318	0.0058369	0.00486993	0.01	0.0264799	1.3149	0.0586406	0.6	0.0141828	0.999999	2263050.0	0.647148	52596.7	0.774467	36829.1	0.00193439	2448090.0	0.132171	51520.1	3.00526	432916.0	8976.96	4.0	11581.2	-2624370.0	3.0	3244.5	1.0	5312.95	386.288	1062.25	266.741	0.166622	0.0408735	1.24139	0.0331093	
1.6-2.4	3.0-6.5	10.0-60.0	0.000-0.393	0.016	0.209	22901.0	22872.0	4872.04	253.415	18000.4	387.502	-0.0305903	0.0700971	-0.05	0.0	0.956024	0.0	3.08922	0.0	0.0525925	0.0	0.0147523	0.0	0.03	0.0	1.86	0.19	5.0	0.0	1.38	0.32	0.0515161	0.0	0.000129268	0.000932346	0.344601	0.132869	0.306676	0.0	-0.00606766	0.0	0.00491885	0.0016228	1.65447	0.0	0.844444	0.021421	0.999403	63.2528	0.754592	0.0285138	0.662921	0.156681	0.00119276	104.861	0.0891025	0.0551756	1.11835	0.338286	-51556.2	4.0	6775.34	-1280610.0	3.0	812.165	1.0	4229.66	298.292	642.377	204.19	0.13185	0.0413456	1.15493	0.00542952	
1.6-2.4	3.0-6.5	10.0-60.0	0.000-1.571	0.016	0.209	81978.0	81910.0	16646.2	472.358	65262.8	729.301	0.0442563	0.0379795	-0.05	0.0	0.956024	0.0	3.08922	0.0	0.0525925	0.0	0.0147523	0.00482578	0.03	0.0	1.86	0.19	5.0	0.0	1.38	0.32	0.0515161	3.03858e-05	2.44459e-05	0.000226863	0.339194	0.0582871	0.306676	0.0	-0.00606766	0.0	0.00676968	0.000897673	1.65447	0.0	0.851482	0.0115098	0.275511	30.0899	0.940869	6.14981	0.0504462	182.824	0.00129173	0.283169	0.099561	0.0485962	0.801534	0.836909	-217818.0	4.0	17341.9	-5238010.0	4.0	703.766	1.0	13744.2	563.409	2902.03	414.853	0.174335	0.0244258	1.1585	0.00293259	
1.6-2.4	3.0-6.5	10.0-60.0	0.393-0.785	0.016	0.209	21310.0	21274.0	3986.5	234.814	17287.8	374.779	-0.0226836	0.0756704	-0.05	0.0	0.956024	0.0	3.08922	0.0	0.0525925	0.0	0.0147523	0.0	0.03	0.0	1.86	0.19	5.0	0.0	1.38	0.32	0.0515161	0.0	0.000185134	0.00079819	0.333566	0.086169	0.306676	0.0	-0.00606766	0.0	0.00841954	0.00209174	1.65447	0.0	0.819938	0.0224567	0.273285	11.2859	0.947665	2.13929	1.38952e-07	70.4496	0.00337593	0.155485	0.102441	0.275098	0.408711	0.532108	-31392.0	4.0	4820.76	-1199550.0	3.0	370.808	1.0	2981.74	274.68	1004.75	219.329	0.252039	0.0529773	1.14262	0.00558641	
1.6-2.4	3.0-6.5	10.0-60.0	0.785-1.178	0.016	0.2	19315.0	19315.0	3809.59	220.702	15506.3	342.872	0.0664622	0.0776996	-0.05	0.0	0.956024	0.0	3.08922	0.0	0.0525925	0.0	0.0147523	0.0	0.03	0.0	1.86	0.19	5.0	0.0	1.38	0.32	0.0515161	0.0	3.10689e-05	0.000375227	0.260241	0.0752734	0.306676	0.0	-0.00606766	0.0	0.00514506	0.00172622	1.65447	0.0	0.805534	0.0236675	0.373923	9.64911	0.944102	1.73074	4.15438e-06	62.4787	0.00397195	0.188986	0.080173	0.584014	0.423008	1.36593	-87864.7	4.0	1447.95	-1012910.0	3.0	230.59	1.0	3155.23	263.755	654.354	193.882	0.171765	0.049911	1.13549	0.00582047	
1.6-2.4	3.0-6.5	10.0-60.0	1.178-1.571	0.016	0.2	18450.0	18404.0	3990.42	231.725	14413.4	346.698	0.209659	0.083067	-0.05	0.0	0.956024	0.0	3.08922	0.0	0.0525925	0.0	0.0147523	0.0	0.03	0.0	1.86	0.19	5.0	0.0	1.38	0.32	0.0515161	0.0	1.12763e-05	0.178932	0.405548	0.182543	0.306676	0.0	-0.00606766	0.0	0.00812578	0.00198179	1.65447	0.0	0.912173	0.0248138	1.0	447.307	0.806437	0.00827882	0.788092	0.0383955	0.0027948	30267.2	0.138241	0.0243809	0.862099	0.0212778	-56088.7	4.0	6463.68	-1037540.0	3.0	100.159	1.0	3354.99	284.436	635.435	210.496	0.15924	0.0519336	1.1901	0.00659313	
1.6-2.4	6.5-30.0	0.0-100.0	0.000-0.393	0.008	0.152	4681.0	4647.0	2152.03	94.0379	2495.36	98.3362	-0.330101	0.135482	-0.05	0.0	0.688565	0.0	3.09083	0.0	0.0563199	0.0	0.0301293	0.0	0.03	0.0	1.492	0.04	5.0	0.0	1.733	0.07	0.0496668	0.0	3.15307e-05	0.000173778	0.258859	0.0444956	0.171695	0.085994	0.00507026	0.00583142	0.0035209	0.0013123	1.8838	0.229153	0.921587	0.0250038	0.926708	36.5355	0.602773	6.9181	0.682611	5.55669	0.00100631	2.35832	0.236808	0.0590751	0.101893	0.0421456	1136.76	4.0	532.175	-110152.0	3.0	9.98857	1.0	1666.0	98.3165	486.031	69.4075	0.225847	0.0307051	1.14577	0.0606703	
1.6-2.4	6.5-30.0	0.0-100.0	0.000-1.571	0.008	0.152	16421.0	16348.0	8314.47	318.893	8034.68	325.371	-0.424599	0.0882266	-0.05	0.0	0.688565	0.2488	3.09083	0.00113327	0.0563199	0.00672508	0.0301293	0.00896466	0.03	0.0	1.492	0.04	5.0	0.0	1.733	0.07	0.0496669	0.00275867	1.37144e-05	0.000327844	0.276322	0.0315685	0.337019	0.0765519	0.00343684	0.00197833	0.00367573	0.000910762	1.60396	0.0792233	0.900157	0.0192912	0.747726	0.331797	0.827623	0.414407	0.650504	0.166047	0.0638666	0.0804759	0.246398	0.0670716	0.470373	1.11044	-18199.4	4.0	4630.41	-470334.0	7.0	282.933	1.0	6461.24	286.42	1853.23	160.24	0.222892	0.0172726	1.18501	0.0340622	
1.6-2.4	6.5-30.0	0.0-100.0	0.393-0.785	0.008	0.145	4218.0	4184.0	2081.62	103.787	2102.68	108.116	-0.52992	0.181858	-0.05	0.0	0.688565	0.0	3.09083	0.0	0.0563199	0.0	0.0301293	0.0	0.03	0.0	1.492	0.04	5.0	0.0	1.733	0.07	0.0496668	0.0	1.91191e-05	0.000301555	0.361576	0.131265	0.653479	0.0874734	0.00512757	0.00198312	0.00460524	0.00345677	1.36098	0.0597214	0.789955	0.0683294	0.779784	0.317891	0.604858	1.45804	0.474107	1.11155	1.49952	738.298	0.274798	0.155634	0.049738	0.203519	957.432	4.0	3618.56	-119296.0	3.0	568.528	1.0	1607.41	122.214	474.21	95.2483	0.227808	0.0443247	1.19443	0.0325785	
1.6-2.4	6.5-30.0	0.0-100.0	0.785-1.178	0.008	0.145	3843.0	3840.0	2031.73	86.6992	1808.79	84.4123	-0.395246	0.152942	-0.05	0.0	0.688565	0.0	3.09083	0.0	0.0563199	0.0	0.0301293	0.0	0.03	0.0	1.492	0.04	5.0	0.0	1.733	0.07	0.0496668	0.0	1.00081e-05	0.000130579	0.250597	0.0383953	0.283905	0.121121	0.00876046	0.0144238	0.000847324	0.00183006	1.63893	0.152102	1.01494	0.0430308	0.740932	0.153546	0.999975	114.733	0.645428	0.0425869	0.0897068	0.0386475	0.240999	0.0431956	0.135165	366.908	-12542.9	4.0	97.8359	-80492.5	3.0	19.1047	1.0	1636.79	88.1713	394.939	56.3891	0.194386	0.0264857	1.22484	0.0517079	
1.6-2.4	6.5-30.0	0.0-100.0	1.178-1.571	0.008	0.152	3677.0	3676.0	2050.45	91.4426	1625.67	93.1391	-0.464863	0.171878	-0.05	0.0	0.688565	0.0	3.09083	0.0	0.0563199	0.0	0.0301293	0.0	0.03	0.0	1.492	0.04	5.0	0.0	1.733	0.07	0.0496668	0.0	2.89134e-05	0.000256279	0.237431	0.0335111	0.350351	0.133684	-0.00427118	0.00495361	0.00196322	0.00164342	1.6055	0.129976	0.702389	0.0344999	0.86924	3.21785	0.325919	7.18989	0.186492	18.1694	0.105854	0.876663	0.411954	0.995851	0.0312824	0.598381	-6065.2	4.0	225.029	-88913.7	3.0	1366.46	1.0	1530.81	90.169	519.646	63.3005	0.25343	0.0287282	1.10616	0.0714732	
1.6-2.4	6.5-30.0	10.0-60.0	0.000-0.393	0.008	0.152	2762.0	2762.0	1424.41	70.1103	1337.96	67.7141	-0.420295	0.169551	-0.05	0.0	0.688565	0.0	3.09083	0.0	0.0563199	0.0	0.0298167	0.0	0.03	0.0	1.492	0.04	5.0	0.0	1.733	0.07	0.049608	0.0	3.15307e-05	0.000173778	0.248135	0.0493779	0.337019	0.0	0.00343684	0.0	0.00239354	0.00162485	1.60396	0.0	0.748002	0.032535	0.946498	15.9646	0.72259	3.77683	0.697453	4.07726	0.00100363	15.7452	0.188687	0.0440665	0.120794	0.0625718	-9536.41	4.0	220.523	-51669.4	3.0	4.43254	1.0	1115.12	73.2395	309.29	50.8253	0.217135	0.0340434	1.11265	0.00725048	
1.6-2.4	6.5-30.0	10.0-60.0	0.000-1.571	0.008	0.16	9613.0	9612.0	5355.8	140.361	4256.55	134.933	-0.429364	0.10946	-0.05	0.0	0.688565	0.0	3.09083	0.0	0.0563199	0.0	0.0298167	0.00251941	0.03	0.0	1.492	0.04	5.0	0.0	1.733	0.07	0.049608	0.0002358	3.34301e-05	6.81326e-05	0.24253	0.0230923	0.337019	0.0	0.00343684	0.0	0.00351242	0.00102301	1.60396	0.0	0.815397	0.0226243	0.622414	0.504521	0.837919	0.274794	0.545785	0.418507	0.0295688	0.0298311	0.183258	0.0370911	0.541359	0.85649	-22136.4	4.0	791.125	-227581.0	4.0	493.53	1.0	4042.84	144.256	1312.95	103.768	0.245146	0.0182788	1.14361	0.00534733	
1.6-2.4	6.5-30.0	10.0-60.0	0.393-0.785	0.008	0.145	2444.0	2443.0	1353.77	75.2556	1089.05	80.019	-0.390259	0.28058	-0.05	0.0	0.688565	0.0	3.09083	0.0	0.0563199	0.0	0.0298167	0.0	0.03	0.0	1.492	0.04	5.0	0.0	1.733	0.07	0.049608	0.0	1.91191e-05	0.000301555	0.212841	0.0486525	0.337019	0.0	0.00343684	0.0	0.00425724	0.00242002	1.60396	0.0	0.968721	0.0552021	0.705797	0.200984	1.0	0.00132593	0.635158	0.153882	1.5	22.1362	0.255337	0.107016	0.703157	20.2973	-859.139	4.0	361.347	-57288.2	3.0	1383.0	1.0	1042.92	81.2565	310.856	59.4988	0.229622	0.0420559	1.22033	0.0145261	
1.6-2.4	6.5-30.0	10.0-60.0	0.785-1.178	0.008	0.145	2248.0	2245.0	1278.65	65.6006	966.917	59.3628	-0.369266	0.203473	-0.05	0.0	0.688565	0.0	3.09083	0.0	0.0563199	0.0	0.0298167	0.0	0.03	0.0	1.492	0.04	5.0	0.0	1.733	0.07	0.049608	0.0	1.00081e-05	0.000130579	0.243474	0.0401476	0.337019	0.0	0.00343684	0.0	0.00159287	0.00239396	1.60396	0.0	0.927848	0.0537876	0.999153	22.9915	0.681381	1.33569	0.659994	1.39573	0.00121174	26.79	0.201576	0.0577444	0.141862	0.129892	-7444.89	4.0	92.5321	-41609.4	3.0	0.172068	1.0	951.841	66.7755	326.81	48.532	0.25559	0.0356186	1.19909	0.0137968	
1.6-2.4	6.5-30.0	10.0-60.0	1.178-1.571	0.008	0.152	2158.0	2157.0	1299.46	65.9692	857.642	55.6319	-0.551253	0.214254	-0.05	0.0	0.688565	0.0	3.09083	0.0	0.0563199	0.0	0.0298167	0.0	0.03	0.0	1.492	0.04	5.0	0.0	1.733	0.07	0.049608	0.0	2.89134e-05	0.000256279	0.264383	0.0450477	0.337019	0.0	0.00343684	0.0	0.00153846	0.00193605	1.60396	0.0	0.649074	0.0470608	0.999999	13.5964	0.235592	0.352698	1.00426e-10	13.3144	0.00100054	4.95954	0.246301	0.332044	0.0231908	0.0222796	-7376.49	4.0	194.912	-40524.4	3.0	6.42592	1.0	921.418	67.1453	378.038	51.8525	0.29092	0.0370695	1.07068	0.00945725	
