rap0.0-1.2_pT6.5-30.0_cent0.0-100.0
12833.5
3527.86 3311.1 3261.72 2728.06
138.456 151.338 171.143 103.302
7594.66
1900.62 1997.87 1911.66 1781.55
103.795 108.259 132.988 98.7767
8468.02
2233.4 2237.32 2041.32 1932.41
138.065 177.558 185.55 100.422
4365.51
1294.46 1073.78 1220.4 795.655
118.152 153.227 164.49 75.0872
0.340164
0.366926 0.324298 0.374159 0.291656
0.0302371 0.0438387 0.0464523 0.0252111
rap0.0-1.2_pT6.5-30.0_cent10.0-60.0
8457.74
2241.84 2266.76 2148.69 1788.99
105.755 136.366 157.926 86.366
4032.93
1043.85 1057.49 954.637 975.735
70.9839 85.2532 106.38 80.7885
5530.68
1405.3 1577.51 1294.52 1216.52
105.311 158.174 156.906 84.0876
2927.06
836.547 689.245 854.17 572.465
90.8462 133.161 139.672 66.222
0.346081
0.373151 0.304067 0.397532 0.319994
0.0365001 0.0558247 0.0580668 0.0336389
rap0.0-2.4_pT10.0-13.0_cent0.0-100.0
4891.08
1207.37 1304.55 1244.68 1133.08
60.1784 115.98 119.446 55.2135
1812.16
456.228 445.798 437.916 452.234
38.857 58.3847 63.9008 37.7782
3227.83
793.693 837.845 805.522 781.299
60.3064 127.23 148.77 55.2217
1663.25
413.675 466.709 439.154 351.783
49.9701 111.178 133.913 43.5181
0.340057
0.342625 0.357754 0.352826 0.310465
0.0377001 0.0790655 0.102122 0.0353018
rap0.0-2.4_pT10.0-13.0_cent10.0-60.0
3282.45
794.695 894.261 871.986 702.796
43.9551 111.317 115.223 43.6936
1071.06
287.238 243.291 253.04 274.3
29.5587 49.9553 56.4537 29.0901
2121.09
508.73 557.602 534.291 482.359
41.7591 122.713 114.98 44.5871
1161.36
285.965 336.659 337.695 220.437
34.6733 109.531 101.129 35.7282
0.353809
0.359843 0.376466 0.387271 0.313658
0.0388269 0.113163 0.104075 0.0469484
rap0.0-2.4_pT10.0-30.0_cent0.0-100.0
7616.42
1987.32 1962.57 1863.09 1803.98
84.8889 122.576 124.526 69.5287
2750.42
701.8 715.735 663.028 654.514
51.8296 65.434 69.0088 46.6907
4897.01
1230.81 1269.02 1206.68 1178.29
84.1498 140.397 146.567 68.1704
2719.41
756.517 693.548 656.403 625.693
73.2216 123.716 130.007 56.2706
0.357045
0.380671 0.353387 0.35232 0.34684
0.0330621 0.0590476 0.0656867 0.0281828
rap0.0-2.4_pT10.0-30.0_cent10.0-60.0
5086.76
1316.83 1315.85 1270.65 1172.59
68.7241 115.596 118.719 56.7392
1649.62
423.439 410.018 398.904 403.497
39.8126 56.1115 61.296 36.219
3266.25
823.507 860.631 808.019 755.33
67.9741 129.648 128.243 56.9813
1820.5
493.321 455.218 462.632 417.262
58.6192 112.658 112.317 48.1529
0.357891
0.374628 0.34595 0.364091 0.355846
0.0399921 0.0800405 0.0815852 0.0372811
rap0.0-2.4_pT13.0-30.0_cent0.0-100.0
2731.11
785.752 657.439 604.544 669.145
60.2482 38.2099 36.3873 42.1064
932.196
233.423 264.09 224.738 197.759
33.2309 26.651 26.993 26.8903
1665.74
435.153 429.551 377.111 392.866
56.8562 36.034 34.2807 39.1517
1065.37
350.6 227.888 227.433 276.278
53.3107 29.1652 29.1092 34.9849
0.390088
0.446196 0.34663 0.376206 0.412883
0.0585891 0.0395235 0.0424942 0.0453708
rap0.0-2.4_pT13.0-30.0_cent10.0-60.0
1801.45
522.938 419.323 386.346 461.892
52.9677 29.7979 29.2977 35.9869
575.846
130.851 167.079 141.286 128.14
25.4086 21.0025 21.9752 21.3432
1138.1
304.042 288.319 253.975 267.378
50.8849 28.8506 27.1349 34.8142
663.347
218.896 131.004 132.371 194.514
46.1786 22.3438 21.5901 31.7448
0.36823
0.418589 0.312418 0.342623 0.421125
0.077462 0.0484402 0.0494755 0.06039
rap0.0-2.4_pT6.5-10.0_cent0.0-100.0
19711.5
5388.72 4991.44 4954.45 4350.18
178.363 156.063 177.19 138.717
17919.3
5120.87 4885.29 4233.91 3835.95
158.073 158.76 162.857 149.77
14524.1
3914.69 3709.18 3571.04 3263.52
233.79 171.982 228.916 136.522
5187.4
1474.02 1282.26 1383.4 1086.66
200.621 133.175 196.315 94.9165
0.263167
0.273539 0.256892 0.279225 0.249796
0.0361122 0.025443 0.0383449 0.0203131
rap0.0-2.4_pT6.5-10.0_cent10.0-60.0
12694.6
3519.12 3279.96 3089.11 2807.95
145.698 119.252 136.8 106.907
9258.83
2782.5 2507.74 2041.03 1921.29
112.642 118.098 111.901 102.94
9248.74
2540.0 2480.97 2183.79 2015.88
197.647 126.925 181.134 107.953
3445.91
979.12 798.99 905.315 792.078
172.188 93.9003 158.317 81.6862
0.271446
0.278229 0.243597 0.293067 0.282084
0.0475542 0.0272241 0.0495798 0.027036
rap0.0-2.4_pT6.5-30.0_cent0.0-10.0
8578.35
2282.46 2120.61 2230.45 1939.58
109.955 103.857 116.18 93.8356
9702.53
2587.25 2658.92 2362.35 2152.92
114.869 108.916 113.858 112.129
6124.36
1592.7 1433.79 1603.38 1464.33
122.182 115.502 141.549 89.9054
2453.99
689.767 686.818 627.074 475.252
100.725 97.6798 118.861 59.9405
0.286068
0.302203 0.323878 0.281142 0.245028
0.0416594 0.0432449 0.0512386 0.0285398
rap0.0-2.4_pT6.5-30.0_cent0.0-100.0
27214.1
7360.49 6937.67 6784.66 6133.38
198.271 198.528 217.152 155.235
20925.7
5843.49 5618.43 4930.79 4519.89
165.222 173.258 178.125 156.098
19317.8
5120.89 4963.21 4780.91 4412.64
237.25 242.649 274.557 151.381
7896.32
2239.6 1974.47 2003.74 1720.74
202.235 204.693 236.811 111.085
0.290155
0.304273 0.284601 0.295334 0.280553
0.0262247 0.0283583 0.0335995 0.0166615
rap0.0-2.4_pT6.5-30.0_cent10.0-20.0
6454.93
1758.16 1631.84 1657.19 1407.88
88.1898 126.843 136.213 71.5919
5296.25
1493.12 1342.98 1316.78 1124.12
76.9136 92.1838 106.444 68.6952
4404.07
1133.05 1214.75 1091.21 924.257
95.5071 180.052 158.347 71.0503
2050.86
625.113 417.092 565.981 483.622
82.9137 156.698 138.539 58.6857
0.31772
0.355549 0.255596 0.341531 0.343511
0.043657 0.0939476 0.0787449 0.0378472
rap0.0-2.4_pT6.5-30.0_cent10.0-30.0
11439.4
3206.11 2908.65 2806.13 2515.91
144.441 146.198 160.933 98.0136
8361.06
2392.45 2194.66 1941.39 1826.68
106.822 116.121 122.788 96.8559
7907.17
2139.74 2097.12 1883.57 1734.75
177.966 189.761 200.684 95.5285
3532.26
1066.37 811.529 922.553 781.164
157.122 162.98 177.212 74.0578
0.308779
0.332606 0.279006 0.328764 0.310489
0.04666 0.0542496 0.0602715 0.0268357
rap0.0-2.4_pT6.5-30.0_cent10.0-60.0
17732.2
4823.86 4584.49 4343.59 3980.34
161.752 166.216 182.411 121.233
10959.7
3223.25 2930.22 2457.19 2344.42
118.692 133.364 130.201 108.761
12510.9
3350.02 3362.54 2993.62 2769.3
198.216 210.565 223.184 121.036
5221.33
1473.85 1221.95 1349.96 1211.04
170.627 177.307 192.925 94.3173
0.294455
0.305533 0.266539 0.310795 0.304256
0.0338552 0.0374485 0.0424549 0.0218085
rap0.0-2.4_pT6.5-30.0_cent20.0-30.0
4993.6
1450.65 1289.57 1149.73 1105.97
117.55 67.3215 87.8439 67.0569
3006.7
892.952 777.006 619.512 695.911
73.9408 52.2451 58.0047 67.9528
3503.02
986.606 878.712 787.041 807.45
141.476 70.6882 136.528 64.8671
1490.58
464.043 410.86 362.686 298.522
122.629 57.9014 125.665 46.2445
0.298497
0.319887 0.318602 0.315454 0.269918
0.0804618 0.0417054 0.106609 0.0384777
rap0.0-2.4_pT6.5-30.0_cent30.0-60.0
6282.26
1611.0 1682.8 1530.69 1454.99
69.7501 78.3414 81.2425 70.7131
2606.47
831.188 728.672 519.553 517.597
53.7308 65.8127 49.7286 49.7229
4518.23
1179.41 1251.72 1062.0 1020.61
72.0608 82.3633 94.27 72.8387
1764.02
431.593 431.073 468.683 434.382
54.1702 61.5686 79.5515 57.3656
0.280795
0.267903 0.256165 0.306191 0.298547
0.0315612 0.0345889 0.0493648 0.0366599
rap0.0-2.4_pT6.5-8.0_cent0.0-100.0
11221.5
3137.15 2704.1 2884.87 2495.73
156.106 118.816 130.374 117.662
13457.8
3831.09 3674.63 3109.24 2826.97
146.511 137.354 134.452 138.206
8497.71
2306.14 2125.96 2103.4 1932.78
217.222 125.121 142.94 116.2
2723.81
831.012 578.146 781.462 562.948
189.015 87.0325 112.441 76.8353
0.242731
0.264894 0.213803 0.270883 0.225564
0.0587911 0.0307838 0.0370037 0.0288918
rap0.0-2.4_pT6.5-8.0_cent10.0-60.0
7326.93
2046.1 1860.64 1803.38 1614.67
128.965 96.2159 104.213 89.5732
6734.34
2040.01 1794.53 1459.91 1431.96
104.165 101.694 95.6991 93.7149
5374.58
1440.0 1448.01 1266.51 1173.24
178.999 102.851 124.54 90.1691
1952.36
606.099 412.637 536.87 441.431
158.941 73.6676 105.433 67.0381
0.266463
0.296221 0.221771 0.297702 0.273388
0.0754029 0.0378953 0.0558755 0.038649
rap0.0-2.4_pT8.0-10.0_cent0.0-100.0
8426.54
2240.3 2276.37 2072.16 1847.27
80.7282 100.373 124.596 72.2562
4661.44
1291.43 1205.83 1121.97 1015.18
64.7977 79.4389 87.7377 61.1538
5970.29
1583.91 1553.6 1407.72 1332.06
83.2957 109.438 173.083 71.721
2456.25
656.39 722.769 664.438 515.208
65.1154 91.1022 156.17 53.2469
0.291489
0.292992 0.317509 0.32065 0.278903
0.0270802 0.0374922 0.0728578 0.0266805
rap0.0-2.4_pT8.0-10.0_cent10.0-60.0
5348.57
1463.39 1411.96 1292.2 1186.8
61.9176 69.822 92.5604 57.2235
2543.51
746.928 717.507 570.795 494.647
46.574 60.895 52.8545 44.614
3836.16
1074.3 1004.26 860.377 839.534
64.5928 74.9442 135.292 57.9038
1512.41
389.082 407.706 431.821 347.264
48.7552 59.6398 124.349 44.6611
0.282769
0.265878 0.288751 0.334176 0.292606
0.03136 0.0397522 0.0932057 0.0348868
rap1.2-1.6_pT6.5-30.0_cent0.0-100.0
6070.35
1675.67 1524.72 1487.6 1378.45
110.395 74.0145 93.6989 70.8513
5272.81
1448.13 1535.69 1207.41 1076.33
82.3002 79.9856 82.3769 74.8088
4419.39
1230.0 1086.37 1098.35 967.951
161.321 75.01 117.812 67.3067
1650.96
445.672 438.346 389.246 410.499
142.549 57.4301 98.4616 50.0012
0.271971
0.265966 0.287494 0.26166 0.297797
0.0832456 0.0349853 0.0641035 0.0328858
rap1.2-1.6_pT6.5-30.0_cent10.0-60.0
3918.34
1157.3 947.773 897.701 907.939
104.387 56.9744 47.9416 51.3597
2659.84
834.985 788.473 546.206 475.13
68.4595 61.612 40.4752 40.3167
2882.1
827.436 675.552 701.564 640.338
144.875 57.8916 49.0558 52.1328
1036.23
329.862 272.221 196.137 267.601
127.686 44.3852 33.3528 40.4343
0.264457
0.285028 0.287222 0.218488 0.294735
0.107294 0.043532 0.0352738 0.0412955
rap1.2-2.4_pT6.5-30.0_cent0.0-100.0
14505.6
3849.1 3638.73 3538.3 3451.75
144.993 128.246 128.353 116.429
13036.5
3923.3 3607.01 2999.52 2689.4
128.466 134.706 117.715 120.013
10940.5
2925.99 2727.23 2760.14 2524.44
215.18 143.63 165.152 113.152
3565.09
923.106 911.499 778.158 927.308
188.051 111.457 134.339 80.8161
0.245774
0.239824 0.250499 0.219924 0.268649
0.0480133 0.0293307 0.0371195 0.0215884
rap1.2-2.4_pT6.5-30.0_cent10.0-60.0
9331.26
2596.26 2323.75 2188.02 2227.3
125.544 95.1347 81.5651 84.2967
6865.37
2159.64 1864.85 1503.53 1328.69
96.6949 101.479 71.8263 69.0472
6992.52
1975.75 1728.35 1666.23 1570.09
186.078 98.1633 83.3327 86.9779
2338.74
620.502 595.395 521.792 657.201
162.473 72.2727 58.8607 68.2106
0.250635
0.238999 0.256222 0.238477 0.295067
0.0615034 0.0292795 0.02539 0.0285161
rap1.6-2.4_pT3.0-6.5_cent0.0-100.0
26422.5
7366.79 6389.1 6286.04 6375.19
361.489 340.826 327.239 342.177
132340.0
35422.9 34245.3 31916.3 30750.3
581.884 567.787 539.233 556.255
21667.7
6195.35 5102.79 5182.01 5312.95
476.052 414.061 434.942 386.288
4754.79
1171.44 1286.32 1104.03 1062.25
370.823 319.465 345.983 266.741
0.179952
0.159016 0.20133 0.175632 0.166622
0.0497287 0.0488346 0.0542751 0.0408735
rap1.6-2.4_pT3.0-6.5_cent10.0-60.0
16646.2
4872.04 3986.5 3809.59 3990.42
253.415 234.814 220.702 231.725
65262.8
18000.4 17287.8 15506.3 14413.4
387.502 374.779 342.872 346.698
13744.2
4229.66 2981.74 3155.23 3354.99
298.292 274.68 263.755 284.436
2902.03
642.377 1004.75 654.354 635.435
204.19 219.329 193.882 210.496
0.174335
0.13185 0.252039 0.171765 0.15924
0.0413456 0.0529773 0.049911 0.0519336
rap1.6-2.4_pT6.5-30.0_cent0.0-100.0
8314.47
2152.03 2081.62 2031.73 2050.45
94.0379 103.787 86.6992 91.4426
8034.68
2495.36 2102.68 1808.79 1625.67
98.3362 108.116 84.4123 93.1391
6461.24
1666.0 1607.41 1636.79 1530.81
98.3165 122.214 88.1713 90.169
1853.23
486.031 474.21 394.939 519.646
69.4075 95.2483 56.3891 63.3005
0.222892
0.225847 0.227808 0.194386 0.25343
0.0307051 0.0443247 0.0264857 0.0287282
rap1.6-2.4_pT6.5-30.0_cent10.0-60.0
5355.8
1424.41 1353.77 1278.65 1299.46
70.1103 75.2556 65.6006 65.9692
4256.55
1337.96 1089.05 966.917 857.642
67.7141 80.019 59.3628 55.6319
4042.84
1115.12 1042.92 951.841 921.418
73.2395 81.2565 66.7755 67.1453
1312.95
309.29 310.856 326.81 378.038
50.8253 59.4988 48.532 51.8525
0.245146
0.217135 0.229622 0.25559 0.29092
0.0340434 0.0420559 0.0356186 0.0370695
