weighted
rap	pT	cent	dPhi	ctauErrMin	ctauErrMax	NoCutEntry	CutEntry	NSig	NSigErr	NBkg	NBkgErr	coefExp	coefExpErr	coefPol1	coefPol1Err	coeffGaus	coeffGausErr	meanSig1	meanSig1Err	sigmaSig1	sigmaSig1Err	sigmaSig2	sigmaSig2Err	sigmaSig3	sigmaSig3Err	alpha	alphaErr	enne	enneErr	enneW	enneWErr	sigWidth	sigWidthErr	Gmc	GmcErr	bTau	bTauErr	fracRes	fracResErr	meanResSigW	meanResSigWErr	meanResSigN	meanResSigNErr	sigmaResSigW	sigmaResSigWErr	sigmaResSigN	sigmaResSigNErr	fpm	fpmErr	fLiving	fLivingErr	fbkgCtTot	fbkgCtTotErr	lambdam	lambdamErr	lambdap	lambdapErr	lambdasym	lambdasymErr	NLL	nFitPar	EDM	NLLMass	nFitParMass	EDMMass	Prob	PROMPT	PROMPTErr	NON-PROMPT	NON-PROMPTErr	Bfraction	BfractionErr	Resolution	ResolutionErr	
0.0-0.4	6.5-30.0	0.0-100.0	0.000-1.571	0.008	0.064	5368.0	5365.0	3535.67	208.338	1829.4	169.358	-0.193664	0.265535	-0.05	0.0	0.572735	0.221765	3.09292	0.00129246	0.0190578	0.00698198	0.0187904	0.0109394	0.03	0.0	1.492	0.04	5.0	0.0	1.733	0.07	0.018944	0.00306908	1.86511e-05	9.62505e-05	0.448947	0.113181	0.650386	0.167133	-0.000266231	0.00113589	0.00208033	0.00184292	1.30969	0.063225	0.70888	0.0388837	0.679468	0.904969	0.562627	0.587552	0.253057	0.526829	0.0331355	0.120624	0.379984	0.209728	0.071737	0.0312935	-13457.3	4.0	14737.9	-237743.0	7.0	140772.0	1.0	2237.19	174.539	1298.48	137.623	0.367252	0.0323542	1.13635	0.0506767	
0.0-1.2	6.5-30.0	0.0-10.0	0.000-1.571	0.008	0.088	7334.0	7331.0	3901.0	138.51	3430.53	135.974	0.0163792	0.135389	-0.05	0.0	0.523027	0.0	3.09236	0.0	0.0194545	0.0	0.0369645	0.00246149	0.03	0.0	1.492	0.04	5.0	0.0	1.733	0.07	0.0291492	0.000744422	1.48841e-05	2.84191e-05	0.316857	0.0553126	0.236177	0.0	5.83622e-05	0.0	0.00226736	0.00130192	1.60413	0.0	0.94779	0.0347528	0.744687	2.00621	0.528004	1.57752	0.516351	0.28205	0.0440311	0.0848095	0.262077	0.147841	0.106494	0.139471	-22108.1	4.0	6454.69	-234239.0	4.0	101.637	1.0	2614.18	144.716	1286.82	120.062	0.329869	0.0284615	1.13749	0.011059	
0.0-1.2	6.5-30.0	0.0-100.0	0.000-1.571	0.008	0.105	20204.0	20200.0	12646.8	352.316	7553.94	309.705	0.0208013	0.16694	-0.05	0.0	0.523027	0.424735	3.09236	0.000802309	0.0194545	0.00447991	0.0360854	0.0152797	0.03	0.0	1.492	0.04	5.0	0.0	1.733	0.07	0.028619	0.00466319	1.87255e-05	2.6751e-05	0.40665	0.0551927	0.236177	0.079527	5.83622e-05	0.00144617	0.000978378	0.000661788	1.60413	0.0920545	0.894826	0.0190374	0.607088	0.207873	0.933634	0.0857356	0.465937	0.175289	0.0588011	0.0360479	0.224948	0.0380606	1.23013	5.83627	-10984.6	4.0	55023.6	-922403.0	7.0	1232330.0	1.0	8462.74	325.432	4184.03	252.806	0.330838	0.0177383	1.10424	0.0360917	
0.0-1.2	6.5-30.0	10.0-20.0	0.000-1.571	0.008	0.088	4975.0	4974.0	3071.02	147.837	1902.89	112.218	0.125863	0.239449	-0.05	0.0	0.523027	0.0	3.09236	0.0	0.0194545	0.0	0.036023	0.00219212	0.03	0.0	1.492	0.04	5.0	0.0	1.733	0.07	0.0285815	0.000658907	1.48841e-05	2.84191e-05	0.514967	0.170411	0.236177	0.0	5.83622e-05	0.0	0.00115499	0.00145174	1.60413	0.0	0.913638	0.0409255	0.463076	3.53385	0.844527	0.75559	0.333945	3.89219	0.0363785	0.203919	0.281163	0.249901	0.574749	1.66868	-1811.56	4.0	17624.2	-246855.0	4.0	1295.87	1.0	1896.36	153.051	1174.66	135.235	0.3825	0.0400014	1.11594	0.0127965	
0.0-1.2	6.5-30.0	20.0-30.0	0.000-1.571	0.008	0.105	3478.0	3475.0	2282.95	110.957	1192.72	85.9475	0.293626	0.409522	-0.05	0.0	0.523027	0.0	3.09236	0.0	0.0194545	0.0	0.0364627	0.00454515	0.03	0.0	1.492	0.04	5.0	0.0	1.733	0.07	0.0288462	0.00137016	1.87255e-05	2.6751e-05	0.556454	0.312511	0.236177	0.0	5.83622e-05	0.0	0.00147918	0.00157323	1.60413	0.0	0.861951	0.0442172	0.551628	0.147142	0.999988	35.4794	0.409463	0.221521	0.0457225	0.00980773	0.21327	0.0581867	0.0368002	251.519	23026.0	4.0	19814.7	-172760.0	4.0	687140.0	1.0	1527.78	142.635	755.166	127.194	0.330785	0.0533448	1.08408	0.0134269	
0.0-1.2	6.5-30.0	30.0-40.0	0.000-1.571	0.008	0.064	2015.0	2013.0	1454.88	80.2418	558.844	51.9233	-0.440451	0.296512	-0.05	0.0	0.523027	0.0	3.09236	0.0	0.0194545	0.0	0.0382092	0.00247726	0.03	0.0	1.492	0.04	5.0	0.0	1.733	0.07	0.029905	0.000754849	2.67574e-05	4.09709e-05	0.30069	0.0726434	0.236177	0.0	5.83622e-05	0.0	-0.000952175	0.0017397	1.60413	0.0	0.844115	0.0475165	0.565111	0.0268461	0.999999	29.2242	0.4194	0.0266327	0.0675211	0.00598475	0.193183	0.0128229	0.0693398	239.633	-11367.5	4.0	1887.55	-57146.2	4.0	194.912	1.0	1025.01	82.9185	429.872	65.1278	0.295468	0.0416934	1.07331	0.014272	
0.0-1.2	6.5-30.0	40.0-50.0	0.000-1.571	0.016	0.048	1242.0	1226.0	943.119	59.5788	283.441	40.9466	-0.310032	0.533714	-0.05	0.0	0.523027	0.0	3.09236	0.0	0.0194545	0.0	0.0363095	0.00457888	0.03	0.0	1.492	0.04	5.0	0.0	1.733	0.07	0.0287539	0.00137895	1.07336e-05	8.63113e-05	0.312295	0.072707	0.236177	0.0	5.83622e-05	0.0	-0.00282717	0.00216125	1.60413	0.0	0.897688	0.0698063	0.707231	19.2208	1.0	0.0030688	0.25286	20.7899	0.00832508	0.37536	0.86204	6.14975	1.86656	23.1217	-3872.17	4.0	736.87	-30703.3	4.0	153.961	1.0	631.663	57.3138	311.456	45.6038	0.330241	0.0436224	1.10601	0.0216383	
0.0-1.2	6.5-30.0	50.0-100.0	0.000-1.571	0.008	0.056	1157.0	1155.0	992.185	61.672	163.326	37.5119	-0.958909	0.782304	-0.05	0.0	0.523027	0.0	3.09236	0.0	0.0194545	0.0	0.0322959	0.00253887	0.03	0.0	1.492	0.04	5.0	0.0	1.733	0.07	0.0263714	0.000741514	1.7457e-05	3.13754e-05	0.401788	0.144936	0.236177	0.0	5.83622e-05	0.0	0.0017671	0.00155263	1.60413	0.0	0.774935	0.0613716	0.514884	0.241284	0.999999	120.154	3.49099e-07	0.228689	0.0152734	0.00809141	0.2212	0.0509182	0.021812	690.257	-5538.59	4.0	1525.9	-31247.1	4.0	1514.33	1.0	714.195	62.2243	277.99	46.9012	0.28018	0.0439456	1.03268	0.0175885	
0.0-2.4	10.0-13.0	0.0-100.0	0.000-1.571	0.008	0.136	6530.0	6528.0	4751.25	396.418	1777.54	300.792	-0.714611	0.355574	-0.05	0.0	0.487138	0.540152	3.0919	0.00286094	0.0421767	0.00910277	0.0218233	0.0113378	0.03	0.0	1.492	0.04	5.0	0.0	1.733	0.07	0.0333288	0.00339061	1.21637e-05	1.85867	0.439917	0.104286	0.294117	0.0867943	0.000270012	0.00176522	0.000315177	0.000938014	1.60695	0.0922641	0.795737	0.0261932	0.8704	0.300648	0.528695	0.23277	1.95432e-06	8.24477	0.0838929	0.0911393	0.28412	0.0603073	0.0264162	0.0172482	-5499.34	4.0	19687.1	-214137.0	7.0	15355.8	1.0	3190.47	296.91	1560.78	185.077	0.328498	0.0276795	1.09839	0.0438343	
0.0-2.4	10.0-30.0	0.0-100.0	0.000-1.571	0.004	0.144	10143.0	10141.0	7437.93	350.426	2703.63	267.105	-0.74222	0.211843	-0.05	0.0	0.481697	0.289066	3.09296	0.00157721	0.0435219	0.00621581	0.0214885	0.00607688	0.03	0.0	1.492	0.04	5.0	0.0	1.733	0.07	0.0339372	0.00216339	1.70873e-05	5.44529e-05	0.396294	0.059985	0.236071	0.0672041	0.00122446	0.0014114	0.000213781	0.000673873	1.62051	0.0854295	0.860883	0.0206789	0.910478	0.469024	0.727076	0.813985	0.283254	0.483606	0.0788182	0.137056	0.301287	0.0723163	0.0381221	0.0729893	-10005.6	4.0	24201.7	-306560.0	7.0	278580.0	1.0	4826.31	271.289	2611.62	192.441	0.351121	0.0198936	1.08908	0.0333114	
0.0-2.4	11.0-13.0	0.0-100.0	0.000-1.571	0.008	0.105	3501.0	3500.0	2640.39	252.324	860.202	192.154	-0.905702	0.372968	-0.05	0.0	0.48152	0.589485	3.09168	0.00335207	0.0445112	0.0190637	0.02096	0.0121877	0.03	0.0	1.492	0.04	5.0	0.0	1.733	0.07	0.0343772	0.00624722	1.31317e-05	0.000141526	0.536621	0.206064	0.127384	0.054916	-0.0011181	0.00400296	0.00187577	0.00140655	1.9166	0.182182	0.918018	0.0403898	0.813986	0.726233	0.588062	0.392378	1.84314e-05	10.7976	0.0724625	0.148905	0.29456	0.090672	0.0200019	0.194959	-2374.65	4.0	15850.6	-145497.0	7.0	2532270.0	1.0	1647.94	193.072	992.454	146.531	0.375874	0.0423033	1.09696	0.0433997	
0.0-2.4	13.0-16.0	0.0-100.0	0.000-1.571	0.008	0.08	2178.0	2173.0	1664.81	112.762	508.571	84.9639	-0.597642	0.336674	-0.05	0.0	0.600607	0.379708	3.09473	0.00226261	0.0454096	0.0113429	0.0172956	0.0103302	0.03	0.0	1.492	0.04	5.0	0.0	1.733	0.07	0.0368503	0.00430774	3.22941e-05	7.28178e-05	0.439792	0.113562	0.190435	0.151414	0.000860929	0.00325109	0.00242088	0.00141896	1.61744	0.225591	0.938596	0.0450278	0.957122	2.67784	0.687587	3.23514	0.135138	0.603396	0.0479337	0.143471	0.23598	0.262856	0.0388544	0.108024	-4188.48	4.0	2910.32	-46684.1	7.0	235709.0	1.0	1093.41	94.4861	571.395	70.2898	0.34322	0.0352446	1.10063	0.0692766	
0.0-2.4	13.0-30.0	0.0-100.0	0.000-1.571	0.008	0.105	3612.0	3612.0	2692.66	107.648	920.089	82.842	-0.811038	0.213995	-0.05	0.0	0.473241	0.22421	3.09491	0.00128401	0.0463583	0.00786237	0.0207826	0.00428043	0.03	0.0	1.492	0.04	5.0	0.0	1.733	0.07	0.0352782	0.00253331	1.00009e-05	0.0022258	0.334357	0.0497321	0.132772	0.0920488	0.00351245	0.00313808	0.000100726	0.000913482	1.67468	0.204192	0.933001	0.0327847	0.910377	0.928683	0.851517	1.54034	0.34548	0.365607	0.042695	0.0343165	0.329477	0.131763	0.0402956	0.0326114	-5815.04	4.0	3775.67	-73245.5	7.0	246026.0	1.0	1637.2	94.7234	1055.47	80.43	0.391979	0.0254293	1.06173	0.0486868	
0.0-2.4	16.0-30.0	0.0-100.0	0.000-1.571	0.008	0.064	1434.0	1432.0	1028.93	50.5413	403.36	40.4118	-0.999164	0.344619	-0.05	0.0	0.280417	0.42829	3.09387	0.00185201	0.019867	0.00804557	0.0359662	0.0106169	0.03	0.0	1.492	0.04	5.0	0.0	1.733	0.07	0.0322724	0.00431335	1.03669e-05	0.000212641	0.228865	0.0286037	0.0950778	0.106211	0.00728087	0.00535444	-0.00140734	0.00108071	1.70142	0.346312	0.882419	0.0437541	0.562435	7.99405	0.973445	0.444146	0.111767	13.6386	0.0074105	0.0286747	0.432855	0.15449	0.0549895	0.0784828	-2399.41	4.0	446.425	-20864.1	7.0	115.802	1.0	554.791	42.1722	474.136	39.7273	0.460806	0.0312797	0.98988	0.065836	
0.0-2.4	6.5-30.0	0.0-10.0	0.000-1.571	0.008	0.184	18323.0	18323.0	8531.22	202.642	9793.49	217.945	-0.149204	0.0713768	-0.05	0.0	0.415856	0.0	3.0925	0.0	0.0491038	0.0	0.0247243	0.00117574	0.03	0.0	1.492	0.04	5.0	0.0	1.733	0.07	0.0368753	0.000230244	1.10484e-05	0.188378	0.316761	0.0375116	0.197932	0.0	0.00209112	0.0	0.00410231	0.000842653	1.70729	0.0	0.989868	0.0200906	0.214391	246.609	0.728443	177.151	0.000218697	2632.36	0.00408637	5.03239	0.354048	10.0736	0.100898	23.1231	-30133.1	4.0	9639.71	-581351.0	4.0	360.385	1.0	6149.04	214.314	2382.18	166.732	0.279231	0.0183838	1.16741	0.00683171	
0.0-2.4	6.5-30.0	0.0-100.0	0.000-1.571	0.004	0.184	47830.0	47830.0	26912.2	551.284	20918.5	530.828	-0.191309	0.0568223	-0.05	0.0	0.415856	0.131677	3.0925	0.000515874	0.0491038	0.00615506	0.0243005	0.00214782	0.03	0.0	1.492	0.04	5.0	0.0	1.733	0.07	0.0367103	0.00176152	1.10484e-05	0.188378	0.345501	0.0288425	0.197932	0.0374389	0.00209112	0.00129423	0.00251774	0.000451332	1.70729	0.0620358	0.934284	0.011427	0.604006	0.238548	0.924133	0.0944708	0.534688	0.171146	0.0579142	0.0385106	0.24491	0.0489502	0.625065	1.46201	-54010.1	4.0	69469.1	-1772420.0	7.0	7224.39	1.0	19271.2	503.721	7641.01	349.854	0.283924	0.0116262	1.13007	0.0196574	
0.0-2.4	6.5-30.0	0.0-5.0	0.000-1.571	0.008	0.184	9982.0	9982.0	4605.54	150.93	5377.68	158.852	-0.039498	0.0962214	-0.05	0.0	0.415856	0.0	3.0925	0.0	0.0491038	0.0	0.0239179	0.00166636	0.03	0.0	1.492	0.04	5.0	0.0	1.733	0.07	0.0365633	0.000318373	1.10484e-05	0.188378	0.327191	0.0598826	0.197932	0.0	0.00209112	0.0	0.00486979	0.00121714	1.70729	0.0	1.05056	0.0288437	0.661611	0.939946	0.836924	0.72626	0.640418	0.421676	0.0612052	0.200107	0.231463	0.107232	0.278273	0.806538	-18252.1	4.0	6099.46	-291697.0	4.0	30.7945	1.0	3334.17	166.538	1271.37	132.408	0.276053	0.0272894	1.2092	0.0100497	
0.0-2.4	6.5-30.0	10.0-15.0	0.000-1.571	0.008	0.152	6331.0	6330.0	3284.69	115.49	3045.0	112.756	-0.126731	0.129416	-0.05	0.0	0.415856	0.0	3.0925	0.0	0.0491038	0.0	0.0237456	0.00120818	0.03	0.0	1.492	0.04	5.0	0.0	1.733	0.07	0.0364976	0.000229582	2.54256e-05	2.68579e-05	0.335176	0.0535026	0.197932	0.0	0.00209112	0.0	0.00478126	0.00132108	1.70729	0.0	0.935688	0.0302816	0.403132	0.0877692	0.844101	0.140718	0.347452	0.145207	0.0293786	0.00966703	0.17413	0.0403239	0.176131	0.102728	-17381.0	4.0	2690.44	-158039.0	4.0	218.292	1.0	2305.36	120.544	979.327	95.6363	0.298149	0.0271631	1.131	0.0100468	
0.0-2.4	6.5-30.0	10.0-20.0	0.000-1.571	0.008	0.16	11656.0	11654.0	6356.43	186.398	5297.01	161.758	-0.133315	0.105238	-0.05	0.0	0.415856	0.0	3.0925	0.0	0.0491038	0.0	0.0235375	0.000564745	0.03	0.0	1.492	0.04	5.0	0.0	1.733	0.07	0.0364188	0.000106605	1.13588e-05	0.0219528	0.39527	0.079521	0.197932	0.0	0.00209112	0.0	0.00298996	0.00104682	1.70729	0.0	0.95411	0.0249329	0.476782	2.07054	0.854307	0.453346	0.419592	1.93779	0.0350464	0.117934	0.201093	0.170244	0.419229	0.974888	-10815.3	4.0	21850.1	-409972.0	4.0	13735.9	1.0	4383.51	217.403	1972.91	184.628	0.310381	0.027583	1.14328	0.0083445	
0.0-2.4	6.5-30.0	15.0-20.0	0.000-1.571	0.008	0.16	5324.0	5324.0	3068.0	713.368	2255.98	573.534	-0.14172	1.89277	-0.05	0.0	0.415856	0.0	3.0925	0.0	0.0491038	0.0	0.0232236	0.00226484	0.03	0.0	1.492	0.04	5.0	0.0	1.733	0.07	0.0363009	0.000423194	1.13588e-05	0.0219528	0.459124	0.169242	0.197932	0.0	0.00209112	0.0	-0.000260636	0.00159017	1.70729	0.0	0.974682	0.0387393	0.717557	0.933801	0.771815	0.472205	0.547305	0.519938	0.0542343	0.132081	0.244686	0.30325	0.586708	2.01254	2297.09	4.0	17980.2	-220582.0	4.0	6952040000.0	1.0	2060.73	500.345	1007.27	274.966	0.328315	0.0469542	1.15711	0.0130864	
0.0-2.4	6.5-30.0	20.0-25.0	0.000-1.571	0.008	0.145	4285.0	4285.0	2572.33	101.511	1712.9	85.1584	-0.204387	0.16985	-0.05	0.0	0.415856	0.0	3.0925	0.0	0.0491038	0.0	0.0231556	0.00174259	0.03	0.0	1.492	0.04	5.0	0.0	1.733	0.07	0.0362755	0.000324884	1.27502e-05	0.000164255	0.33684	0.0619363	0.197932	0.0	0.00209112	0.0	0.00243402	0.00115479	1.70729	0.0	0.850309	0.0279249	0.457047	0.117752	0.913931	0.158679	0.379478	0.25783	0.0395881	0.0150489	0.177712	0.0473354	0.788635	2.69875	-11649.0	4.0	2466.76	-107850.0	4.0	87.2497	1.0	1878.39	104.509	693.947	78.597	0.269774	0.0286401	1.07557	0.00885342	
0.0-2.4	6.5-30.0	20.0-30.0	0.000-1.571	0.008	0.152	7916.0	7916.0	4860.39	147.596	3055.74	120.883	-0.084629	0.163211	-0.05	0.0	0.415856	0.0	3.0925	0.0	0.0491038	0.0	0.0235522	0.0010221	0.03	0.0	1.492	0.04	5.0	0.0	1.733	0.07	0.0364244	0.00019303	2.54256e-05	2.68579e-05	0.424384	0.124861	0.197932	0.0	0.00209112	0.0	0.00262709	0.00101946	1.70729	0.0	0.866755	0.025795	0.48693	1.12291	0.947369	0.279072	0.410955	1.32126	0.038492	0.0733945	0.177778	0.0774365	0.708132	5.77537	12372.2	4.0	25874.5	-288374.0	4.0	1263.32	1.0	3491.31	189.958	1369.08	163.01	0.281681	0.0324292	1.08605	0.00825586	
0.0-2.4	6.5-30.0	25.0-30.0	0.000-1.571	0.008	0.136	3630.0	3627.0	2286.32	108.089	1340.66	84.9656	0.069862	0.302944	-0.05	0.0	0.415856	0.0	3.0925	0.0	0.0491038	0.0	0.0240307	0.000824437	0.03	0.0	1.492	0.04	5.0	0.0	1.733	0.07	0.0366065	0.000158072	1.61666e-05	1.68756e-05	0.536137	0.341872	0.197932	0.0	0.00209112	0.0	0.00192068	0.00182833	1.70729	0.0	0.900009	0.0482884	0.657789	3.14386	0.986344	2.06334	0.56506	2.26716	0.0462212	0.55407	0.17665	0.123003	0.137416	2.17642	19244.6	4.0	18955.2	-156298.0	4.0	31865.6	1.0	1601.58	162.556	684.748	147.443	0.299498	0.0629157	1.10753	0.0157367	
0.0-2.4	6.5-30.0	30.0-35.0	0.000-1.571	0.008	0.128	2742.0	2739.0	1679.59	75.4649	1060.16	65.1495	-0.405613	0.203251	-0.05	0.0	0.415856	0.0	3.0925	0.0	0.0491038	0.0	0.0247727	0.00190095	0.03	0.0	1.492	0.04	5.0	0.0	1.733	0.07	0.0368943	0.000372799	1.79639e-05	0.125254	0.30416	0.0724319	0.197932	0.0	0.00209112	0.0	0.00197789	0.00159641	1.70729	0.0	0.896815	0.0415197	0.630367	0.503662	0.852155	3.33945	0.456896	1.64546	0.0566139	0.0407071	0.313813	0.226497	0.0424747	0.196095	-8540.39	4.0	891.717	-56947.4	4.0	25.0213	1.0	1282.25	78.2783	397.338	55.9198	0.236568	0.0315514	1.10545	0.0135082	
0.0-2.4	6.5-30.0	30.0-40.0	0.000-1.571	0.008	0.128	4721.0	4718.0	3084.53	106.897	1634.15	83.5806	-0.39299	0.164642	-0.05	0.0	0.415856	0.0	3.0925	0.0	0.0491038	0.0	0.0241298	0.000981686	0.03	0.0	1.492	0.04	5.0	0.0	1.733	0.07	0.0366445	0.000188802	1.79639e-05	0.125254	0.250056	0.0395483	0.197932	0.0	0.00209112	0.0	0.00119956	0.00119304	1.70729	0.0	0.83969	0.0302272	0.751754	0.494434	0.612548	0.946341	0.39928	0.426789	0.065141	0.0325813	0.371917	0.18813	0.0568247	0.0409132	-16486.3	4.0	2520.15	-117108.0	4.0	840.654	1.0	2232.3	117.288	852.231	92.972	0.276292	0.0285801	1.06886	0.00952307	
0.0-2.4	6.5-30.0	35.0-40.0	0.000-1.571	0.008	0.12	1979.0	1979.0	1401.09	288.06	578.07	199.745	-0.366127	1.97651	-0.05	0.0	0.415856	0.0	3.0925	0.0	0.0491038	0.0	0.023362	0.00114733	0.03	0.0	1.492	0.04	5.0	0.0	1.733	0.07	0.0363527	0.000215352	2.47093e-05	3.60563e-05	0.212321	0.0463593	0.197932	0.0	0.00209112	0.0	0.000956937	0.00177379	1.70729	0.0	0.787489	0.0431037	0.999976	575.694	0.4283	2.63795	0.400694	0.7442	0.0862374	670.759	0.48408	0.60529	0.0773607	0.0746439	-8514.26	4.0	1524.03	-50530.5	4.0	906509000.0	1.0	946.743	206.94	454.35	116.887	0.324282	0.0501471	1.0365	0.0131332	
0.0-2.4	6.5-30.0	40.0-45.0	0.000-1.571	0.008	0.12	1510.0	1509.0	1083.8	58.1083	425.562	43.8905	-0.393033	0.365336	-0.05	0.0	0.415856	0.0	3.0925	0.0	0.0491038	0.0	0.0234367	0.00241578	0.03	0.0	1.492	0.04	5.0	0.0	1.733	0.07	0.0363808	0.000454539	2.47093e-05	3.60563e-05	0.272711	0.0581743	0.197932	0.0	0.00209112	0.0	-0.00181949	0.00180726	1.70729	0.0	0.911082	0.0488491	0.940663	2.36898	0.999998	0.108469	0.619285	1.13411	0.00100011	0.860077	0.941645	1.52646	0.727877	3.82556	-3993.92	4.0	395.683	-29014.3	4.0	122.22	1.0	794.417	57.6645	289.382	41.854	0.267007	0.0358664	1.11477	0.0160107	
0.0-2.4	6.5-30.0	40.0-50.0	0.000-1.571	0.008	0.136	2713.0	2710.0	1984.51	80.4411	726.205	56.548	-0.926114	0.267126	-0.05	0.0	0.415856	0.0	3.0925	0.0	0.0491038	0.0	0.0250708	0.00197272	0.03	0.0	1.492	0.04	5.0	0.0	1.733	0.07	0.0370117	0.000390288	1.61666e-05	1.68756e-05	0.290072	0.0451147	0.197932	0.0	0.00209112	0.0	-0.00065836	0.00133377	1.70729	0.0	0.815828	0.0380215	0.503924	7.11541	1.0	0.0249112	0.0926873	11.1628	0.0212637	0.134677	0.477789	0.278111	4.71517	327.804	-8013.64	4.0	901.345	-59656.0	4.0	88.726	1.0	1397.81	79.708	586.699	60.8984	0.295639	0.0282503	1.05393	0.0118031	
0.0-2.4	6.5-30.0	45.0-50.0	0.000-1.571	0.008	0.136	1202.0	1201.0	905.761	55.6766	295.6	34.936	-1.75876	0.429403	-0.05	0.0	0.415856	0.0	3.0925	0.0	0.0491038	0.0	0.0275463	0.00336107	0.03	0.0	1.492	0.04	5.0	0.0	1.733	0.07	0.0380257	0.000711138	1.61666e-05	1.68756e-05	0.307733	0.0668706	0.197932	0.0	0.00209112	0.0	-0.00332907	0.00204052	1.70729	0.0	0.74574	0.0524008	0.835372	1.45098	0.625373	1.14382	1.26924e-05	70.9737	0.0280863	0.0644414	0.295132	0.104594	0.0256736	0.027253	-4381.02	4.0	497.546	-25423.9	4.0	25.1488	1.0	590.536	55.3342	315.225	46.0397	0.348022	0.0461088	1.01143	0.0154942	
0.0-2.4	6.5-30.0	5.0-10.0	0.000-1.571	0.008	0.112	8341.0	8311.0	3924.39	135.609	4386.88	149.051	-0.271933	0.108514	-0.05	0.0	0.415856	0.0	3.0925	0.0	0.0491038	0.0	0.0255006	0.00164746	0.03	0.0	1.492	0.04	5.0	0.0	1.733	0.07	0.0371828	0.000329999	1.67157e-05	3.06522e-05	0.306769	0.0453308	0.197932	0.0	0.00209112	0.0	0.00302714	0.00117823	1.70729	0.0	0.924915	0.0296528	0.246341	28.2357	0.61224	22.9124	1.76573e-07	127.065	0.00582846	0.658216	0.457742	1.83723	0.0868878	0.515436	-14293.8	4.0	3251.28	-245708.0	4.0	706.153	1.0	2807.65	136.775	1116.74	103.845	0.284563	0.0245665	1.12387	0.00978661	
0.0-2.4	6.5-30.0	50.0-100.0	0.000-1.571	0.008	0.088	2499.0	2482.0	2061.56	80.868	421.594	48.9048	-0.745757	0.358353	-0.05	0.0	0.415856	0.0	3.0925	0.0	0.0491038	0.0	0.0248995	0.00150236	0.03	0.0	1.492	0.04	5.0	0.0	1.733	0.07	0.0369441	0.00029574	2.59256e-05	2.3357e-05	0.338646	0.0768292	0.197932	0.0	0.00209112	0.0	0.00315192	0.00121385	1.70729	0.0	0.844858	0.0420611	0.545042	0.704093	0.999998	570.932	0.000492774	4.08677	0.0127364	0.00782613	0.242419	0.177943	0.0211064	4006.78	-9658.62	4.0	1781.53	-57121.3	4.0	1009.28	1.0	1552.4	85.9624	509.156	63.8762	0.246976	0.0294309	1.07212	0.0132924	
0.0-2.4	6.5-30.0	50.0-55.0	0.000-1.571	0.008	0.08	876.0	868.0	715.817	43.8911	152.355	23.5348	-0.35435	0.471903	-0.05	0.0	0.415856	0.0	3.0925	0.0	0.0491038	0.0	0.0261133	0.0025647	0.03	0.0	1.492	0.04	5.0	0.0	1.733	0.07	0.0374304	0.000522592	1.06333e-05	0.0003574	0.256633	0.0731085	0.197932	0.0	0.00209112	0.0	0.00244716	0.00260739	1.70729	0.0	0.900604	0.0732115	0.638425	1.00612	0.944354	9.4557	0.102619	0.871594	0.0358958	0.0176119	0.205221	0.272074	0.0347703	0.0535521	-4109.71	4.0	160.913	-14317.0	4.0	18.8041	1.0	551.201	47.7279	164.616	35.1791	0.229969	0.047079	1.10792	0.0238664	
0.0-2.4	6.5-30.0	50.0-60.0	0.000-1.571	0.008	0.08	1406.0	1395.0	1164.98	54.5376	230.239	29.0339	-0.426809	0.386093	-0.05	0.0	0.415856	0.0	3.0925	0.0	0.0491038	0.0	0.0266103	0.00195942	0.03	0.0	1.492	0.04	5.0	0.0	1.733	0.07	0.0376343	0.000404653	1.06333e-05	0.0003574	0.23468	0.0451853	0.197932	0.0	0.00209112	0.0	0.00317417	0.00186507	1.70729	0.0	0.860063	0.0507362	0.752048	11.961	0.662339	15.0242	0.000909165	81.4659	0.0217753	0.139439	0.286855	0.227009	0.020002	1.99357	-6420.51	4.0	169.333	-23524.4	4.0	15.981	1.0	885.672	57.104	279.309	41.3853	0.239754	0.0337047	1.08177	0.0161768	
0.0-2.4	6.5-30.0	55.0-60.0	0.000-1.571	0.008	0.073	530.0	525.0	448.311	32.3037	76.9071	16.913	-0.589522	0.68319	-0.05	0.0	0.415856	0.0	3.0925	0.0	0.0491038	0.0	0.0273236	0.00306813	0.03	0.0	1.492	0.04	5.0	0.0	1.733	0.07	0.0379317	0.000645504	1.72071e-05	2.22879e-05	0.204238	0.0445087	0.197932	0.0	0.00209112	0.0	0.00458731	0.00252823	1.70729	0.0	0.796217	0.0687056	0.557216	38.5662	0.996632	40.2537	0.00272777	22.8347	0.00563442	2.61104	0.410562	4.85847	0.0200212	172.636	-2342.49	4.0	11.6764	-7135.08	4.0	10.5207	1.0	335.538	31.6453	112.773	21.9749	0.25155	0.0455425	1.04184	0.0210575	
0.0-2.4	6.5-30.0	60.0-100.0	0.000-1.571	0.008	0.088	1092.0	1084.0	892.977	59.5929	191.147	39.1768	-1.1471	0.775685	-0.05	0.0	0.415856	0.0	3.0925	0.0	0.0491038	0.0	0.0222458	0.00216868	0.03	0.0	1.492	0.04	5.0	0.0	1.733	0.07	0.0359414	0.000392046	2.59256e-05	2.3357e-05	0.454555	0.191886	0.197932	0.0	0.00209112	0.0	0.00281416	0.00159653	1.70729	0.0	0.791049	0.0567652	0.562583	0.35056	0.999998	17.4787	8.67651e-07	0.0825838	0.0184383	0.074815	0.209646	0.0666822	0.020262	2882.17	-3947.19	4.0	1578.55	-28485.0	4.0	1042.54	1.0	649.262	60.777	243.715	45.6181	0.272924	0.0477283	1.03867	0.0173376	
0.0-2.4	6.5-30.0	60.0-70.0	0.000-1.571	0.008	0.088	733.0	726.0	598.49	52.3224	128.214	36.0626	-1.46936	1.26412	-0.05	0.0	0.415856	0.0	3.0925	0.0	0.0491038	0.0	0.0194903	0.00208868	0.03	0.0	1.492	0.04	5.0	0.0	1.733	0.07	0.0349943	0.000339768	2.59256e-05	2.3357e-05	0.530124	0.334213	0.197932	0.0	0.00209112	0.0	0.00210294	0.00279175	1.70729	0.0	0.821869	0.0929663	0.424783	185.745	0.99999	25533.4	2.36547e-05	18377.4	0.0079961	0.680167	0.240472	45.3923	0.0202708	195226.0	-2591.49	4.0	105153.0	-21076.2	4.0	1173.95	1.0	420.872	54.0987	177.617	42.5907	0.296776	0.0662654	1.05769	0.0289701	
0.0-2.4	6.5-30.0	70.0-100.0	0.000-1.571	0.016	0.073	358.0	355.0	293.509	28.6605	61.8317	14.9585	-0.527152	0.724787	-0.05	0.0	0.415856	0.0	3.0925	0.0	0.0491038	0.0	0.0277096	0.00577429	0.03	0.0	1.492	0.04	5.0	0.0	1.733	0.07	0.0380949	0.00122674	1.00217e-05	0.000162887	0.280569	0.117175	0.197932	0.0	0.00209112	0.0	0.00283561	0.00354604	1.70729	0.0	0.820845	0.0904349	0.802209	0.909724	1.0	4.03845	4.64492e-08	15.8103	0.0443319	0.235807	0.16103	0.283231	0.349319	53.0885	-1659.23	4.0	86.9422	-5278.14	4.0	22.093	1.0	223.856	29.1378	69.6533	20.4318	0.237312	0.0656419	1.05705	0.0281632	
0.0-2.4	6.5-7.5	0.0-100.0	0.000-1.571	0.016	0.16	18361.0	18358.0	7739.05	321.414	10619.5	343.933	-0.00943574	0.0852859	-0.05	0.0	0.358945	0.238761	3.09119	0.00117096	0.0546954	0.0140444	0.027312	0.00378439	0.03	0.0	1.492	0.04	5.0	0.0	1.733	0.07	0.0393955	0.00359911	3.66049e-05	0.000137318	0.234328	0.025583	0.380238	0.138046	0.00427683	0.00352717	0.00281438	0.00113714	1.5828	0.116516	0.869944	0.0221941	0.532732	276.173	0.84211	57.3632	0.597353	11.8896	0.0622132	14.3233	0.148838	87.1495	0.64937	16.9768	-62999.4	4.0	4224.96	-686943.0	7.0	997.81	1.0	5958.56	295.342	1780.49	177.356	0.230065	0.02083	1.19232	0.0587464	
0.0-2.4	6.5-8.0	0.0-100.0	0.000-1.571	0.016	0.16	24568.0	24563.0	11101.7	324.274	13461.4	341.328	-0.0684992	0.0752258	-0.05	0.0	0.37873	0.17315	3.09168	0.00096741	0.0520948	0.0062463	0.0269427	0.00314094	0.03	0.0	1.492	0.04	5.0	0.0	1.733	0.07	0.0384553	0.00174208	2.57968e-05	9.0559e-05	0.282064	0.0310134	0.307488	0.0880482	0.00439684	0.00310131	0.00309559	0.000865136	1.63221	0.0944826	0.900098	0.0180761	0.535026	24.8131	0.874377	3.3532	0.591509	10.6639	0.0626914	2.72402	0.186375	3.40901	0.538219	17.8571	-74479.0	4.0	10223.7	-897988.0	7.0	11479.2	1.0	8470.81	315.061	2630.91	209.641	0.236983	0.0175692	1.17484	0.0404582	
0.0-2.4	6.5-8.5	0.0-100.0	0.000-1.571	0.016	0.16	29320.0	29285.0	13978.4	681.364	15306.8	686.992	-0.0951225	0.0801374	-0.05	0.0	0.385601	0.299987	3.09149	0.000916866	0.0525008	0.0180978	0.0260926	0.00438302	0.03	0.0	1.492	0.04	5.0	0.0	1.733	0.07	0.0384856	0.0048467	2.24999e-05	6.2246e-05	0.312571	0.0427271	0.244453	0.0703637	0.00606182	0.00301279	0.00353785	0.000763456	1.69089	0.0957886	0.939395	0.0163932	0.514643	0.369812	0.888343	0.207272	0.589778	0.276548	0.0596878	0.0586587	0.231012	0.0993761	0.45872	1.09304	-40977.1	4.0	53790.1	-1130260.0	7.0	508056.0	1.0	10711.8	584.121	3266.58	306.469	0.233688	0.0187332	1.16861	0.0345984	
0.0-2.4	7.5-8.5	0.0-100.0	0.000-1.571	0.008	0.184	10958.0	10958.0	6250.16	460.863	4708.86	443.438	-0.310578	0.159586	-0.05	0.0	0.430517	0.505847	3.0917	0.00142774	0.0498085	0.0241388	0.0244381	0.00816323	0.03	0.0	1.492	0.04	5.0	0.0	1.733	0.07	0.0375256	0.00706104	3.64523e-05	0.000133371	0.419246	0.123494	0.180395	0.0713788	0.00786448	0.00437943	0.00371401	0.00111475	1.76532	0.139846	0.929116	0.0271121	0.493737	0.373007	0.906939	0.131751	0.437535	0.379122	0.0455787	0.0319124	0.23203	0.0524787	0.408887	0.631148	12679.4	4.0	32121.6	-372779.0	7.0	1077920.0	1.0	4687.94	397.593	1562.22	227.731	0.249949	0.031431	1.12681	0.0418039	
0.0-2.4	8.0-10.0	0.0-100.0	0.000-1.571	0.008	0.184	13118.0	13118.0	8409.09	511.107	4709.87	488.073	-0.227214	0.152264	-0.05	0.0	0.4017	0.370268	3.09312	0.000990102	0.0513252	0.0235835	0.0235121	0.00582724	0.03	0.0	1.492	0.04	5.0	0.0	1.733	0.07	0.0372685	0.00661539	2.86287e-05	7.39866e-05	0.35797	0.0576223	0.101319	0.038551	0.00371713	0.00401088	0.00287024	0.000791691	1.94164	0.153292	0.97623	0.0198242	0.586806	0.72091	0.95273	0.0921034	0.47296	0.616733	0.0436026	0.0505067	0.304479	0.0826835	1.05669	6.96137	15452.2	4.0	44944.7	-403671.0	7.0	772074.0	1.0	6009.09	405.543	2400.0	228.796	0.285406	0.0209611	1.11285	0.0289792	
0.0-2.4	8.5-9.5	0.0-100.0	0.000-1.571	0.008	0.12	6136.0	6127.0	3916.22	132.759	2211.14	112.94	-0.17244	0.164137	-0.05	0.0	0.504909	0.106113	3.09455	0.00100146	0.0427739	0.00150815	0.0229956	0.00344425	0.03	0.0	1.492	0.04	5.0	0.0	1.733	0.07	0.0344324	0.00124593	3.2051e-05	0.000103207	0.307776	0.0386603	0.0787498	0.0409311	0.00669735	0.00605873	0.00122377	0.00097449	2.08685	0.243496	0.967775	0.0252626	0.686864	1.45815	0.831319	3.27626	0.434598	1.06486	0.0499391	0.0846804	0.284703	0.164311	0.0446331	0.133141	-11026.0	4.0	2830.75	-133943.0	7.0	1823.83	1.0	2690.82	125.167	1225.4	95.2446	0.312904	0.0218854	1.09808	0.038104	
0.0-2.4	9.5-11.0	0.0-100.0	0.000-1.571	0.008	0.136	5258.0	5256.0	3694.03	142.565	1562.13	123.87	-0.318011	0.177318	-0.05	0.0	0.371132	0.219808	3.09272	0.00098889	0.0489566	0.0116134	0.0239891	0.00368685	0.03	0.0	1.492	0.04	5.0	0.0	1.733	0.07	0.0353753	0.00308429	5.20639e-05	9.66049e-05	0.33664	0.050645	0.492672	0.116015	-0.000315795	0.00154696	0.00101986	0.00110372	1.43747	0.0670787	0.673398	0.0309467	0.966332	0.0683657	0.472534	0.594424	0.197818	0.968134	0.292272	0.471654	0.364829	0.109837	0.0401734	0.0538511	-8831.21	4.0	3809.11	-107493.0	7.0	230.968	1.0	2628.85	127.21	1065.18	87.0572	0.288353	0.020774	1.11717	0.047199	
0.4-0.8	6.5-30.0	0.0-100.0	0.000-1.571	0.008	0.073	6193.0	6193.0	4101.18	226.883	2092.68	183.523	0.174582	0.427454	-0.05	0.0	0.543748	0.677195	3.0929	0.00149086	0.018069	0.00746963	0.0388925	0.0333334	0.03	0.0	1.492	0.04	5.0	0.0	1.733	0.07	0.0294562	0.0101172	1.74651e-05	0.000239484	0.486528	0.147846	0.117942	0.0622417	-0.00405725	0.00414574	-0.000610752	0.00121474	1.86917	0.210931	0.961611	0.0351554	0.740644	0.216689	0.865318	0.294203	0.477654	0.179464	0.0671815	0.105469	0.216324	0.0307495	1.32691	9.41939	16962.2	4.0	32602.4	-364056.0	7.0	3871090.0	1.0	2606.63	205.209	1494.55	167.787	0.364419	0.0355997	1.10802	0.0438529	
0.8-1.2	6.5-30.0	0.0-100.0	0.000-1.571	0.008	0.105	8642.0	8638.0	4947.35	149.61	3690.86	140.798	0.00900604	0.114652	-0.05	0.0	0.443002	0.163442	3.09228	0.000978302	0.0334125	0.00493541	0.0301884	0.00449903	0.03	0.0	1.492	0.04	5.0	0.0	1.733	0.07	0.0316572	0.001661	1.45333e-05	7.48505e-05	0.295339	0.0331284	0.403107	0.16806	0.0021768	0.00196872	0.0019303	0.00101352	1.46305	0.101114	0.790153	0.0289368	0.518438	0.184664	0.92867	0.201151	0.507527	0.259216	0.0524345	0.0326677	0.212388	0.127714	0.40062	1.52427	-28501.3	4.0	2239.6	-214978.0	7.0	77.8279	1.0	3549.6	140.58	1397.75	100.136	0.282525	0.0183488	1.11154	0.0635744	
1.2-1.6	6.5-30.0	0.0-10.0	0.000-1.571	0.008	0.136	4604.0	4600.0	1956.59	99.5718	2643.71	116.041	-0.0275637	0.120517	-0.05	0.0	0.528358	0.0	3.09144	0.0	0.0444753	0.0	0.03227	0.0039707	0.03	0.0	1.492	0.04	5.0	0.0	1.733	0.07	0.0391952	0.00077093	1.03021e-05	0.137313	0.322056	0.0711763	0.0999774	0.0	0.00921681	0.0	0.00506947	0.00141506	2.02628	0.0	0.883745	0.0364458	0.420706	1.3837	0.481547	0.650556	0.264432	1.41183	0.019904	0.116436	0.476783	0.477401	0.0829304	0.041385	-388.782	4.0	2292.51	-120248.0	4.0	973.629	1.0	1375.8	100.518	580.787	77.9449	0.296837	0.036862	1.05518	0.0137363	
1.2-1.6	6.5-30.0	0.0-100.0	0.000-1.571	0.008	0.136	11433.0	11421.0	6023.2	162.114	5397.82	168.461	-0.161762	0.0839821	-0.05	0.0	0.528358	0.106562	3.09144	0.00102756	0.0444753	0.00389173	0.03143	0.00310652	0.03	0.0	1.492	0.04	5.0	0.0	1.733	0.07	0.038872	0.00148159	1.03021e-05	0.137313	0.285008	0.0300844	0.0999774	0.0369937	0.00921681	0.0152857	0.00369555	0.000793156	2.02628	0.173102	0.950777	0.0199163	0.509217	52.5409	0.587642	26.8033	0.368945	34.5759	0.0257463	1.06931	0.385594	1.12522	0.0866449	0.903947	-16606.2	4.0	3450.59	-274473.0	7.0	1482.74	1.0	4403.64	160.102	1619.56	116.124	0.268886	0.0178696	1.10639	0.0320439	
1.2-1.6	6.5-30.0	10.0-20.0	0.000-1.571	0.008	0.128	2601.0	2595.0	1353.63	64.1621	1241.74	62.4588	-0.204241	0.162208	-0.05	0.0	0.528358	0.0	3.09144	0.0	0.0444753	0.0	0.036617	0.00418289	0.03	0.0	1.492	0.04	5.0	0.0	1.733	0.07	0.0409573	0.000881882	1.05393e-05	0.000462059	0.222848	0.0321584	0.0999774	0.0	0.00921681	0.0	0.00276589	0.001677	2.02628	0.0	1.03741	0.0413792	0.601316	0.000265093	1.0	62.5979	0.628408	0.000169432	0.0992344	6.85502e-05	0.205695	0.000149952	0.139832	401.988	-6955.65	4.0	176.755	-41508.1	4.0	12.3364	1.0	939.362	65.2376	414.267	51.5653	0.306042	0.0352239	1.17436	0.0164496	
1.2-1.6	6.5-30.0	20.0-30.0	0.000-1.571	0.008	0.105	1882.0	1878.0	1113.33	57.0242	765.386	47.8501	-0.0773994	0.204449	-0.05	0.0	0.528358	0.0	3.09144	0.0	0.0444753	0.0	0.0267488	0.00323499	0.03	0.0	1.492	0.04	5.0	0.0	1.733	0.07	0.037183	0.0005488	2.15115e-05	5.46744e-05	0.297151	0.0695339	0.0999774	0.0	0.00921681	0.0	0.000354263	0.00166397	2.02628	0.0	0.955073	0.0397426	0.480909	1.63815	0.811615	5.78529	0.337109	1.06094	0.0277495	0.0238744	0.153839	0.0912311	0.0273274	0.0188814	-6120.94	4.0	390.187	-30816.2	4.0	20.132	1.0	830.901	59.6449	282.433	44.222	0.253682	0.037535	1.10971	0.0153924	
1.2-1.6	6.5-30.0	30.0-40.0	0.000-1.571	0.008	0.12	1146.0	1139.0	664.657	46.2811	474.533	46.2308	-0.183567	0.29941	-0.05	0.0	0.528358	0.0	3.09144	0.0	0.0444753	0.0	0.0297245	0.00489438	0.03	0.0	1.492	0.04	5.0	0.0	1.733	0.07	0.038234	0.000897316	1.02701e-05	1.42054	0.239148	0.0777282	0.0999774	0.0	0.00921681	0.0	0.00519331	0.00223315	2.02628	0.0	0.898905	0.0566425	0.945275	1.77998	0.526537	1.54499	0.273423	0.245519	0.0985066	0.119161	0.56376	0.739181	0.0636505	0.140426	-1771.69	4.0	151.387	-19668.1	4.0	227.258	1.0	535.763	48.6011	128.893	32.4173	0.193925	0.0468665	1.06665	0.0214812	
1.2-1.6	6.5-30.0	40.0-50.0	0.000-1.571	0.016	0.064	611.0	599.0	446.199	34.1052	153.126	23.6708	-2.0018	0.648528	-0.05	0.0	0.528358	0.0	3.09144	0.0	0.0444753	0.0	0.0313594	0.00796372	0.03	0.0	1.492	0.04	5.0	0.0	1.733	0.07	0.038845	0.00151611	1.70248e-05	0.000290648	0.293124	0.0881078	0.0999774	0.0	0.00921681	0.0	-0.00351291	0.00288387	2.02628	0.0	0.997114	0.0841171	0.582502	2.5233	0.948216	0.264501	0.0001717	115.58	0.00604086	0.0228842	0.299256	0.171486	0.105354	0.168749	-1798.62	4.0	89.7838	-8396.68	4.0	15.8889	1.0	328.871	34.9696	117.328	25.9117	0.262951	0.0544832	1.14251	0.0330364	
1.2-1.6	6.5-30.0	50.0-100.0	0.000-1.571	0.016	0.073	586.0	581.0	476.001	34.6656	105.31	18.8364	-1.25728	0.613358	-0.05	0.0	0.528358	0.0	3.09144	0.0	0.0444753	0.0	0.0290832	0.00444001	0.03	0.0	1.492	0.04	5.0	0.0	1.733	0.07	0.0380007	0.00080134	1.14193e-05	0.000494472	0.325607	0.114198	0.0999774	0.0	0.00921681	0.0	0.00533434	0.00280431	2.02628	0.0	0.961564	0.0748027	0.863741	13.6744	0.616141	11.5925	9.60904e-06	46.291	0.0211456	0.144086	0.313394	0.169955	0.020012	12.7346	-2036.85	4.0	156.887	-8658.5	4.0	3.54274	1.0	364.443	35.9195	111.557	25.5299	0.234364	0.0508459	1.11474	0.0290365	
1.6-2.0	6.5-30.0	0.0-100.0	0.000-1.571	0.008	0.16	11954.0	11923.0	6010.06	196.413	5913.31	201.977	-0.393459	0.0944352	-0.05	0.0	0.541727	0.206115	3.09095	0.00125086	0.0543033	0.0047199	0.0338887	0.00603262	0.03	0.0	1.492	0.04	5.0	0.0	1.733	0.07	0.0460844	0.00181732	1.05212e-05	1.333	0.270016	0.0273943	0.352951	0.0860114	0.000933856	0.00217292	0.00458055	0.00106698	1.59661	0.0857668	0.927681	0.0235812	0.710547	0.209142	0.855559	0.299465	0.649811	0.118801	0.0648494	0.0519611	0.234387	0.0496756	0.436083	0.820792	-27949.2	4.0	1095.21	-276919.0	7.0	59.766	1.0	4680.24	183.798	1329.83	110.795	0.221267	0.0169576	1.20689	0.0366118	
1.6-2.4	3.0-30.0	0.0-100.0	0.000-1.571	0.008	0.264	179065.0	179056.0	36225.2	8678370.0	142832.0	8677010.0	0.0223111	58.5251	-0.05	0.0	0.864226	314.839	3.09019	0.732419	0.0473635	8.45067	0.11	683.21	0.03	0.0	1.89	0.19	5.0	0.0	1.44	0.32	0.0598463	85.2993	2.36546e-05	4.62758e-05	0.284087	0.0250142	0.355594	0.0730674	0.00274748	0.0018247	0.00828934	0.000722994	1.59365	0.0691909	0.904233	0.00883726	0.303422	624.651	0.901461	80.8532	0.34504	969.538	0.00100512	11.2592	0.137668	21.0746	0.795133	489.782	-281196.0	4.0	35338.6	-12803500.0	7.0	161391000.0	1.0	29879.5	7158150.0	6345.71	1520220.0	0.175174	0.015101	1.19583	0.0310711	
1.6-2.4	3.0-4.5	0.0-100.0	0.000-1.571	0.016	0.264	110866.0	110861.0	15066.9	755.03	95794.3	1119.98	0.241882	0.0334959	-0.05	0.0	0.929499	0.071568	3.08935	0.00205524	0.0561731	0.00527768	0.0147437	0.00518256	0.03	0.0	1.86	0.19	5.0	0.0	1.38	0.32	0.0542981	0.00271636	4.04496e-05	0.00458068	0.293893	0.0604566	0.30075	0.291762	-0.00999977	0.00417148	0.00782802	0.000969591	1.6808	0.353874	0.886045	0.0117276	0.999999	0.503367	0.824456	0.00101052	0.671891	0.00107603	0.0010342	152.439	0.102013	0.000305932	1.53223	0.0837817	-204755.0	4.0	31213.0	-9365900.0	7.0	7694.05	1.0	12884.3	812.235	2182.57	504.791	0.144859	0.0327075	1.18263	0.146834	
1.6-2.4	3.0-5.5	0.0-100.0	0.000-1.571	0.016	0.264	145709.0	145700.0	22059.8	1551.06	123641.0	2010.29	0.105728	0.0381392	-0.05	0.0	0.941307	0.193355	3.08996	0.00190779	0.0539486	0.0101363	0.0154658	0.0207922	0.03	0.0	1.86	0.19	5.0	0.0	1.38	0.32	0.0524754	0.00549021	7.85643e-05	0.00045627	0.301509	0.0461672	0.0303489	0.0401161	-0.00999982	0.0183667	0.00930428	0.000860402	2.51883	0.855689	1.10039	0.00834562	0.309959	1971.57	0.899368	1910.46	0.33564	13799.2	0.00353542	5204.16	0.123842	79.2015	0.80995	2362.81	-222027.0	4.0	42962.8	-11407300.0	7.0	22404.0	1.0	18626.9	1411.59	3432.9	579.291	0.155618	0.0238719	1.16905	0.0523142	
1.6-2.4	3.0-6.5	0.0-10.0	0.000-1.571	0.016	0.264	77237.0	77229.0	9188.39	479.385	68041.0	835.976	0.0580229	0.0393572	-0.05	0.0	0.949558	0.0	3.09062	0.0	0.0532254	0.0	0.0167921	0.00121275	0.03	0.0	1.86	0.19	5.0	0.0	1.38	0.32	0.0520026	9.87671e-06	1.10324e-05	0.0465138	0.293578	0.0858154	0.306676	0.0	-0.00606766	0.0	0.01	0.000665097	1.65447	0.0	0.942181	0.0149697	0.999999	1870.96	0.72687	0.482207	0.751741	1.5947	0.00157662	264199.0	0.15313	1.49986	1.08701	1.25308	11630.4	4.0	6949100.0	-6027610.0	4.0	26975.6	1.0	7661.61	593.811	1526.78	446.289	0.166164	0.047791	1.2062	0.00405354	
1.6-2.4	3.0-6.5	0.0-100.0	0.000-1.571	0.016	0.264	162872.0	162864.0	27024.2	796.739	135840.0	1201.82	0.0523399	0.0269073	-0.05	0.0	0.949558	0.0554405	3.09062	0.00122269	0.0532254	0.00310378	0.0158947	0.00591089	0.03	0.0	1.86	0.19	5.0	0.0	1.38	0.32	0.0519884	0.00165873	1.10324e-05	0.0465138	0.297197	0.0370051	0.306676	0.207312	-0.00606766	0.0158233	0.00964991	0.0011179	1.65447	0.204252	0.919306	0.00913426	0.999983	10375.9	0.768749	7.41816	0.741871	35.2709	0.0013315	581102.0	0.12692	21.2074	0.938351	28.0625	-250670.0	4.0	34359.4	-12201300.0	7.0	7777.64	1.0	22660.7	859.506	4363.56	555.838	0.161468	0.0200096	1.1939	0.092933	
1.6-2.4	3.0-6.5	0.0-20.0	0.000-1.571	0.016	0.264	127148.0	127139.0	17244.4	610.852	109895.0	1040.03	0.0658298	0.0310805	-0.05	0.0	0.949558	0.0	3.09062	0.0	0.0532254	0.0	0.0130391	0.00663899	0.03	0.0	1.86	0.19	5.0	0.0	1.38	0.32	0.0519482	4.20282e-05	1.10324e-05	0.0465138	0.292104	0.0536556	0.306676	0.0	-0.00606766	0.0	0.01	0.0013281	1.65447	0.0	0.926651	0.0106801	1.0	11793.0	0.76447	1.34652	0.741743	6.04899	0.00101398	2247830.0	0.127912	3.86752	0.984518	4.5157	-202210.0	4.0	47238.0	-10082500.0	4.0	3425.57	1.0	14583.4	711.157	2661.04	497.761	0.154313	0.0283427	1.19783	0.0028642	
1.6-2.4	3.0-6.5	10.0-20.0	0.000-1.571	0.016	0.209	49910.0	49867.0	8076.14	378.754	41791.7	618.783	0.0830947	0.050833	-0.05	0.0	0.949558	0.0	3.09062	0.0	0.0532254	0.0	0.0118306	0.00417821	0.03	0.0	1.86	0.19	5.0	0.0	1.38	0.32	0.0519336	2.40055e-05	2.44459e-05	0.000226863	0.27248	0.0587252	0.306676	0.0	-0.00606766	0.0	0.00999999	6.36939	1.65447	0.0	0.911396	0.0170515	1.0	44.5515	0.839598	3.29468	0.741357	5.59029	0.00179808	361.991	0.110917	0.123962	0.848559	5.07208	-228621.0	4.0	2268.95	-3438030.0	4.0	419.083	1.0	6942.27	423.62	1133.87	276.189	0.140398	0.0335583	1.18969	0.00452837	
1.6-2.4	3.0-6.5	20.0-30.0	0.000-1.571	0.016	0.192	19620.0	19616.0	4067.81	233.461	15548.7	345.851	-0.0300415	0.0651823	-0.05	0.0	0.949558	0.0	3.09062	0.0	0.0532254	0.0	0.053515	0.045493	0.03	0.0	1.86	0.19	5.0	0.0	1.38	0.32	0.05324	0.0011533	3.37661e-05	0.00022371	0.266099	0.0427322	0.306676	0.0	-0.00606766	0.0	0.00719004	0.00142715	1.65447	0.0	0.87962	0.0217022	0.287479	63.3396	0.935147	13.6178	0.0313684	437.271	0.00540832	1.18564	0.0957467	0.245422	0.899055	4.72887	-18843.8	4.0	257.854	-891636.0	4.0	2372.52	1.0	3273.6	231.993	794.214	143.526	0.195244	0.0334568	1.17299	0.00564171	
1.6-2.4	3.0-6.5	20.0-40.0	0.000-1.571	0.016	0.192	29208.0	29198.0	6760.11	262.595	22438.3	390.648	0.00493644	0.0549974	-0.05	0.0	0.949558	0.0	3.09062	0.0	0.0532254	0.0	0.0253287	0.0148577	0.03	0.0	1.86	0.19	5.0	0.0	1.38	0.32	0.0521767	0.000181907	3.37661e-05	0.00022371	0.270314	0.0365701	0.306676	0.0	-0.00606766	0.0	0.00536481	0.00120617	1.65447	0.0	0.880402	0.0175669	0.271489	914.031	0.945652	187.087	5.91804e-05	11240.1	0.00215056	34.0148	0.101823	44.3855	0.709498	363.98	-52617.0	4.0	522.937	-1339130.0	4.0	1359.26	1.0	5484.7	279.132	1275.41	187.025	0.188667	0.0266776	1.17339	0.00456917	
1.6-2.4	3.0-6.5	30.0-40.0	0.000-1.571	0.016	0.152	9587.0	9511.0	2719.87	146.522	6791.31	199.66	0.106631	0.105333	-0.05	0.0	0.949558	0.0	3.09062	0.0	0.0532254	0.0	0.0150561	0.00743644	0.03	0.0	1.86	0.19	5.0	0.0	1.38	0.32	0.0519757	5.43301e-05	2.09228e-05	0.00043611	0.302986	0.0787328	0.306676	0.0	-0.00606766	0.0	0.00609888	0.00204552	1.65447	0.0	0.87489	0.0301736	0.996879	48.8854	0.801791	0.294622	0.730915	6.91547	0.00107893	104.292	0.135352	1.15294	0.163706	2.2752	-40931.0	4.0	363.464	-354868.0	4.0	175.553	1.0	2243.68	169.916	476.193	122.148	0.175079	0.043908	1.17053	0.00781812	
1.6-2.4	3.0-6.5	40.0-100.0	0.000-1.571	0.016	0.168	6516.0	6513.0	3030.5	131.128	3482.75	142.597	-0.0526074	0.129844	-0.05	0.0	0.949558	0.0	3.09062	0.0	0.0532254	0.0	0.0155947	0.00649753	0.03	0.0	1.86	0.19	5.0	0.0	1.38	0.32	0.0519838	4.91609e-05	3.29575e-05	0.000302831	0.342651	0.123111	0.306676	0.0	-0.00606766	0.0	0.00999999	0.445465	1.65447	0.0	0.835377	0.0298311	0.999927	245761.0	0.761666	43178.2	0.781687	33493.6	0.00100418	498676.0	0.373375	11529.6	0.264207	11118.2	-4869.84	4.0	8463.16	-222840.0	4.0	266.934	1.0	2510.19	164.91	520.318	126.116	0.171693	0.040947	1.15035	0.00750982	
1.6-2.4	3.0-6.5	40.0-50.0	0.000-1.571	0.016	0.145	3819.0	3756.0	1565.92	94.875	2190.87	104.441	0.0423957	0.179052	-0.05	0.0	0.949558	0.0	3.09062	0.0	0.0532254	0.0	0.0419611	0.0510827	0.03	0.0	1.86	0.19	5.0	0.0	1.38	0.32	0.0527149	0.00102553	2.68027e-05	0.46819	0.417918	0.266396	0.306676	0.0	-0.00606766	0.0	0.00226289	0.00315685	1.65447	0.0	0.661434	0.0464141	0.686904	0.818333	0.903806	0.0668269	9.37299e-06	10.2185	0.0184965	0.0116699	0.052386	0.0220194	0.318952	0.186076	-4431.6	4.0	4977.6	-119195.0	4.0	765.171	1.0	1222.78	143.606	343.138	124.765	0.219129	0.0785615	1.06901	0.00995545	
1.6-2.4	3.0-6.5	50.0-100.0	0.000-1.571	0.016	0.168	2696.0	2696.0	1488.85	82.257	1207.4	76.2737	0.0114143	0.219773	-0.05	0.0	0.949558	0.0	3.09062	0.0	0.0532254	0.0	0.0131386	0.00647523	0.03	0.0	1.86	0.19	5.0	0.0	1.38	0.32	0.0519495	4.13033e-05	3.29575e-05	0.000302831	0.32517	0.0918183	0.306676	0.0	-0.00606766	0.0	0.00352994	0.00341138	1.65447	0.0	0.832253	0.0438429	0.998679	18.8924	0.758663	0.834052	0.671621	1.05561	0.00100045	20.5609	0.184727	0.0901292	0.26287	0.283376	-11094.0	4.0	152.826	-69179.4	4.0	26.2236	1.0	1240.2	93.4284	248.653	64.9823	0.16701	0.0426593	1.14877	0.011011	
1.6-2.4	4.5-5.5	0.0-100.0	0.000-1.571	0.016	0.192	34842.0	34811.0	7088.33	821.304	27724.1	1131.28	-0.36	0.111857	-0.05	0.0	0.996619	0.0235273	3.09036	0.00369497	0.0492098	0.00560669	0.0141057	0.976751	0.03	0.0	1.86	0.19	5.0	0.0	1.38	0.32	0.0491334	0.00285053	6.47859e-05	0.000417763	0.304913	0.0617727	0.00904143	0.0167101	-0.00999986	0.0162899	0.00940902	0.00185183	3.71443	3.4468	1.16258	0.0142867	0.999991	1151.89	0.535589	3.73142	0.804929	1.33177	0.00138571	8269.52	0.279481	1.50864	0.221829	1.11493	-37506.3	4.0	9409.14	-1570190.0	7.0	667.284	1.0	5723.67	703.794	1364.66	283.749	0.192522	0.033239	1.21001	0.0646565	
1.6-2.4	5.5-6.5	0.0-100.0	0.000-1.571	0.016	0.168	17163.0	17137.0	5288.44	467.359	11848.8	504.274	-0.453651	0.111643	-0.05	0.0	0.283703	1.38577	3.0933	0.00210458	0.0414222	0.0208944	0.0552494	0.0240247	0.03	0.0	1.86	0.19	5.0	0.0	1.38	0.32	0.0517037	0.00949613	1.17885e-05	0.00076077	0.241397	0.036608	0.629208	0.099315	-0.00318522	0.00429654	0.01	0.00103454	1.49264	0.0754895	0.71908	0.0256375	0.999991	35935.9	0.532149	132.775	0.730201	56.8154	0.0010141	221778.0	0.312781	45.5128	0.121859	16.4332	-34623.8	4.0	1265.95	-543572.0	7.0	217.707	1.0	4318.32	404.88	970.124	160.126	0.183442	0.0255729	1.26238	0.0439119	
1.6-2.4	6.5-30.0	0.0-10.0	0.000-1.571	0.008	0.184	6384.0	6384.0	2705.08	114.399	3679.2	128.426	-0.413182	0.112173	-0.05	0.0	0.661544	0.0	3.09079	0.0	0.0564239	0.0	0.0315146	0.00429881	0.03	0.0	1.492	0.04	5.0	0.0	1.733	0.07	0.0494194	0.000463912	3.57761e-05	7.18959e-05	0.31104	0.0595398	0.337019	0.0	0.00343684	0.0	0.00383457	0.00171585	1.60396	0.0	1.04988	0.0367055	0.340278	14.5587	0.740515	8.4422	0.414015	17.7096	0.0010291	3.17382	0.324193	0.47741	0.194187	0.227171	-11749.7	4.0	583.5	-160391.0	4.0	104.768	1.0	2206.58	117.362	498.506	74.2312	0.184285	0.0263114	1.26404	0.010106	
1.6-2.4	6.5-30.0	0.0-100.0	0.000-1.571	0.008	0.152	16192.0	16155.0	8267.0	237.871	7888.79	239.479	-0.423961	0.079884	-0.05	0.0	0.661544	0.16325	3.09079	0.00113358	0.0564239	0.00422323	0.0313758	0.00639121	0.03	0.0	1.492	0.04	5.0	0.0	1.733	0.07	0.0493894	0.00251426	1.37144e-05	0.000327844	0.257996	0.0211345	0.337019	0.0765519	0.00343684	0.00197833	0.00345899	0.000877262	1.60396	0.0792233	0.889086	0.0193055	0.737486	2.11464	0.858523	0.349376	0.648601	0.579502	0.0667953	0.408851	0.226856	0.132003	0.364141	0.755117	-43889.1	4.0	1079.4	-398386.0	7.0	45.3477	1.0	6424.15	220.007	1842.85	130.564	0.222917	0.0144323	1.17945	0.0344837	
1.6-2.4	6.5-30.0	10.0-20.0	0.000-1.571	0.008	0.16	4078.0	4078.0	2001.78	87.1948	2076.88	87.7111	-0.349762	0.13653	-0.05	0.0	0.661544	0.0	3.09079	0.0	0.0564239	0.0	0.0342624	0.00552639	0.03	0.0	1.492	0.04	5.0	0.0	1.733	0.07	0.0500345	0.000640417	3.34301e-05	6.81326e-05	0.220741	0.0295174	0.337019	0.0	0.00343684	0.0	0.00323522	0.00183322	1.60396	0.0	0.889895	0.0390514	0.562577	1.20487	0.86776	0.300869	0.440842	1.05479	0.0188027	0.0335389	0.136973	0.0289259	0.257157	0.126165	-13757.2	4.0	63.8727	-80316.3	4.0	3.92658	1.0	1542.84	89.0318	458.936	61.7243	0.229264	0.0291728	1.17986	0.00976374	
1.6-2.4	6.5-30.0	20.0-30.0	0.000-1.571	0.008	0.152	2554.0	2554.0	1435.35	70.2323	1119.6	66.1042	-0.5405	0.205668	-0.05	0.0	0.661544	0.0	3.09079	0.0	0.0564239	0.0	0.0268223	0.00422661	0.03	0.0	1.492	0.04	5.0	0.0	1.733	0.07	0.0484729	0.000395786	1.37144e-05	0.000327844	0.287298	0.0546478	0.337019	0.0	0.00343684	0.0	0.00451814	0.00176089	1.60396	0.0	0.746753	0.0412382	0.589038	0.490476	0.801803	0.470323	0.570644	0.540922	0.0415329	0.0430952	0.151017	0.0884859	0.697461	2.04998	-6067.02	4.0	266.951	-48734.9	4.0	130.254	1.0	1088.5	70.92	346.856	49.8097	0.241652	0.0326255	1.11209	0.00917924	
1.6-2.4	6.5-30.0	30.0-40.0	0.000-1.571	0.008	0.12	1559.0	1557.0	965.531	54.6434	591.434	46.0203	-0.550256	0.252121	-0.05	0.0	0.661544	0.0	3.09079	0.0	0.0564239	0.0	0.0278712	0.00474848	0.03	0.0	1.492	0.04	5.0	0.0	1.733	0.07	0.0486728	0.000460147	2.16233e-05	4.66746e-05	0.199312	0.0327512	0.337019	0.0	0.00343684	0.0	0.00106298	0.00234126	1.60396	0.0	0.784037	0.0503836	0.364	14.5392	0.98124	84.402	0.260167	29.3756	0.00100302	0.299768	0.302159	2.83674	0.0200007	483.126	-5387.94	4.0	51.2145	-26100.5	4.0	6.37799	1.0	673.814	56.2715	291.717	44.5516	0.302132	0.042857	1.12898	0.0115988	
1.6-2.4	6.5-30.0	40.0-50.0	0.000-1.571	0.008	0.136	859.0	857.0	570.014	39.6197	287.707	30.3904	-0.911623	0.352741	-0.05	0.0	0.661544	0.0	3.09079	0.0	0.0564239	0.0	0.0304828	0.00596985	0.03	0.0	1.492	0.04	5.0	0.0	1.733	0.07	0.0491998	0.000625932	2.39456e-05	0.218028	0.243131	0.0632004	0.337019	0.0	0.00343684	0.0	0.00051871	0.00247662	1.60396	0.0	0.608817	0.077947	0.647802	2.19492	0.903947	12.8032	0.28761	9.15332	0.0414146	0.0941637	0.254979	0.161572	0.021519	10.4525	-2901.49	4.0	68.1516	-12344.5	4.0	0.75663	1.0	430.184	40.6695	139.83	29.2304	0.245309	0.0483625	1.05489	0.0149125	
1.6-2.4	6.5-30.0	50.0-100.0	0.000-1.571	0.008	0.088	756.0	742.0	588.709	38.7347	153.814	23.5863	-0.212913	0.471022	-0.05	0.0	0.661544	0.0	3.09079	0.0	0.0564239	0.0	0.0447951	0.00813782	0.03	0.0	1.492	0.04	5.0	0.0	1.733	0.07	0.0527757	0.0011689	2.43092e-05	6.66999e-05	0.213696	0.0504765	0.337019	0.0	0.00343684	0.0	0.00435799	0.00313926	1.60396	0.0	0.754774	0.0662917	0.734178	1.31651	0.918551	8.79112	0.204549	1.39204	0.0490695	0.0491517	0.226139	0.249778	0.0388811	0.0911425	-3076.57	4.0	14.3911	-10470.9	4.0	0.38615	1.0	469.199	40.042	119.51	26.6861	0.203003	0.0433173	1.11568	0.0148665	
2.0-2.4	6.5-30.0	0.0-100.0	0.000-1.571	0.008	0.152	4237.0	4236.0	2305.78	109.663	1930.31	104.622	-0.518575	0.158501	-0.05	0.0	0.844016	0.107911	3.09109	0.002554	0.0625162	0.00507463	0.0240336	0.00909236	0.03	0.0	1.492	0.04	5.0	0.0	1.733	0.07	0.0582129	0.00278523	1.78875e-05	0.00273266	0.230415	0.030145	0.349037	0.147135	0.00999999	0.0029756	0.00114422	0.00163785	1.55328	0.141848	0.768643	0.0357929	0.265618	24.1001	0.89986	8.69224	0.000295332	60.4895	0.00211502	0.0413896	0.205636	1.03874	0.150178	0.953948	-16411.0	4.0	79.7713	-95716.2	7.0	1.06997	1.0	1788.3	105.028	517.475	66.354	0.224426	0.0267246	1.10757	0.0702258	
