MLAR
rap	pT	cent	dPhi	ctauErrMin	ctauErrMax	NoCutEntry	CutEntry	NSig	NSigErr	NBkg	NBkgErr	coefExp	coefExpErr	coefPol1	coefPol1Err	coeffGaus	coeffGausErr	meanSig1	meanSig1Err	sigmaSig1	sigmaSig1Err	sigmaSig2	sigmaSig2Err	sigmaSig3	sigmaSig3Err	alpha	alphaErr	enne	enneErr	enneW	enneWErr	sigWidth	sigWidthErr	cutx	cutxErr	Gmc	GmcErr	bTau1	bTau1Err	bTau2	bTau2Err	fracRes	fracResErr	meanResSigW	meanResSigWErr	meanResSigN	meanResSigNErr	sigmaResSigW	sigmaResSigWErr	sigmaResSigN	sigmaResSigNErr	fpm	fpmErr	fLiving	fLivingErr	fbkgCtTot	fbkgCtTotErr	lambdam	lambdamErr	lambdap	lambdapErr	lambdasym	lambdasymErr	NLL	nFitPar	EDM	NLLMass	nFitParMass	EDMMass	Prob	PROMPT	PROMPTErr	NON-PROMPT	NON-PROMPTErr	Bfraction	BfractionErr	Resolution	ResolutionErr	
0.0-0.4	6.5-30.0	0.0-100.0	0.000-1.571	0.008	0.105	8565.0	8552.0	7382.47	148.316	1170.28	76.4447	-1.04215	0.180836	-0.05	0.0	0.420282	0.144903	3.09369	0.00042483	0.0151408	0.00190443	0.0232263	0.00101648	0.03	0.0	1.696	0.05	5.0	0.0	1.718	0.07	0.0202258	0.000451917	0.0	0.0	0.0	0.0	0.0	0.0	0.0	0.0	0.0412563	0.0187466	-0.00568417	0.00506639	0.000249929	0.000652782	1.9561	0.23217	0.970973	0.0194211	0.959781	0.0243229	0.906887	0.0391451	0.180327	0.0791797	0.342624	0.225946	0.356862	0.0231502	0.069895	0.091671	-56715.8	3.0	273.836	-197742.0	7.0	443.022	1.0	5326.58	127.309	2055.89	80.3854	0.278482	0.0093414	1.03041	0.0182107	
0.0-1.2	6.5-30.0	0.0-100.0	0.000-1.571	0.008	0.145	30049.0	30032.0	25914.5	260.476	4117.18	127.746	-1.07641	0.0969769	-0.05	0.0	0.381486	0.0436233	3.09372	0.00027538	0.0184479	0.0010121	0.0312809	0.000491669	0.03	0.0	1.696	0.05	5.0	0.0	1.718	0.07	0.0271117	0.000337538	0.0	0.0	0.0	0.0	0.0	0.0	0.0	0.0	0.0363835	0.00953099	-0.00179413	0.00321886	0.000247643	0.000342867	2.02745	0.140729	0.983252	0.0102831	0.969618	0.0259901	0.919413	0.0292335	0.255608	0.036948	0.0505096	0.0724007	0.416457	0.0163899	0.200865	0.0493099	-172989.0	3.0	365.0	-758687.0	7.0	273.137	1.0	18606.9	228.667	7307.55	150.683	0.281987	0.00507703	1.03979	0.0099382	
0.0-2.4	10.0-13.0	0.0-100.0	0.000-1.571	0.008	0.145	12154.0	12144.0	10310.1	150.25	1833.94	88.1212	-1.23385	0.132939	-0.05	0.0	0.462892	0.0677691	3.09337	0.000478322	0.0465894	0.00281922	0.0232543	0.00103662	0.03	0.0	1.696	0.05	5.0	0.0	1.718	0.07	0.0359887	0.00115523	0.0	0.0	0.0	0.0	0.0	0.0	0.0	0.0	0.0847722	0.0318272	0.00318917	0.00280993	0.000615896	0.000474001	1.61951	0.135984	0.933752	0.0146839	0.855956	0.661509	0.977913	0.0245263	0.139279	0.547574	0.0299948	0.0534893	0.407603	0.0239992	0.160578	0.102293	-42651.1	3.0	6.92967	-207397.0	7.0	81.0164	1.0	7004.91	127.289	3305.19	90.0079	0.320578	0.00737484	1.01011	0.0177259	
0.0-2.4	10.0-30.0	0.0-100.0	0.000-1.571	0.008	0.145	19150.0	19138.0	15960.0	185.838	3178.51	113.448	-1.25125	0.100008	-0.05	0.0	0.468577	0.0554704	3.09347	0.00037773	0.0456754	0.00220578	0.0229572	0.000858072	0.03	0.0	1.696	0.05	5.0	0.0	1.718	0.07	0.0354633	0.00091464	0.0	0.0	0.0	0.0	0.0	0.0	0.0	0.0	0.061429	0.0187332	-0.00106161	0.00252365	0.000135316	0.000356029	1.76588	0.127349	0.963701	0.0118161	0.969256	0.0105467	1.0	445.049	0.25557	0.0172926	0.125405	0.0363872	0.423952	0.0174054	0.296815	2232.78	-62037.2	3.0	10.6645	-332741.0	7.0	125.496	1.0	10138.9	152.081	5821.15	117.412	0.364733	0.00600693	1.03113	0.0130627	
0.0-2.4	11.0-13.0	0.0-100.0	0.000-1.571	0.008	0.145	6503.0	6500.0	5536.55	111.323	963.773	67.0744	-1.35401	0.185446	-0.05	0.0	0.350753	0.0873106	3.09363	0.000648311	0.053916	0.00617553	0.0248755	0.0014658	0.03	0.0	1.696	0.05	5.0	0.0	1.718	0.07	0.037701	0.00206216	0.0	0.0	0.0	0.0	0.0	0.0	0.0	0.0	0.152755	0.0965681	0.00355134	0.00260494	0.000262792	0.000685165	1.43754	0.174684	0.932937	0.0220318	0.936055	0.147062	0.98703	0.0150254	0.213073	0.115027	0.0355301	0.041706	0.394531	0.0273642	0.216173	0.179595	-21542.6	3.0	8.00094	-101893.0	7.0	56.6782	1.0	3599.12	91.7527	1937.42	68.5499	0.349933	0.0101878	1.0262	0.0348309	
0.0-2.4	13.0-16.0	0.0-100.0	0.000-1.571	0.008	0.081	4132.0	4126.0	3337.23	82.1114	789.611	51.1497	-1.11721	0.194929	-0.05	0.0	0.608866	0.109573	3.09338	0.000765847	0.0412884	0.00310933	0.0184742	0.00239122	0.03	0.0	1.696	0.05	5.0	0.0	1.718	0.07	0.0342264	0.00159951	0.0	0.0	0.0	0.0	0.0	0.0	0.0	0.0	0.0297848	0.0145497	-0.01	0.0133005	-0.000396878	0.000741254	2.21078	0.332015	1.00112	0.0257482	0.999605	12.5292	0.94329	0.285459	0.272979	3.05641	0.00507069	10.4302	0.462175	0.112516	0.222017	0.251596	-12340.6	3.0	2.60777	-58584.2	7.0	28.058	1.0	2002.05	65.8857	1335.18	54.714	0.400085	0.0131108	1.05734	0.0206253	
0.0-2.4	13.0-30.0	0.0-100.0	0.000-1.571	0.008	0.081	6995.0	6988.0	5642.59	115.357	1346.26	77.9085	-1.28415	0.154895	-0.05	0.0	0.491344	0.116526	3.09371	0.000625023	0.0437767	0.00395397	0.0221327	0.00167583	0.03	0.0	1.696	0.05	5.0	0.0	1.718	0.07	0.0345077	0.0017446	0.0	0.0	0.0	0.0	0.0	0.0	0.0	0.0	0.0330329	0.0174075	-0.00922003	0.0132591	-0.000102403	0.000540185	2.0516	0.269494	0.995582	0.019998	1.0	25.6825	0.962327	0.000102957	0.284207	0.000935202	0.00101211	25.1431	0.451851	0.00018869	0.238955	0.000468947	-19610.3	3.0	7.95618	-103879.0	7.0	49.4233	1.0	3151.27	86.0147	2491.32	76.4338	0.44152	0.0101002	1.04761	0.0184147	
0.0-2.4	16.0-30.0	0.0-100.0	0.000-1.571	0.008	0.056	2863.0	2850.0	2327.63	65.04	522.689	37.2674	-1.4003	0.246638	-0.05	0.0	0.156266	0.0877809	3.09366	0.00095138	0.0149905	0.00286439	0.0371444	0.00278597	0.03	0.0	1.696	0.05	5.0	0.0	1.718	0.07	0.0346297	0.00126437	0.0	0.0	0.0	0.0	0.0	0.0	0.0	0.0	0.109582	0.115936	-0.0012168	0.00405477	0.000559832	0.000832312	1.51989	0.290444	0.957558	0.0341041	1.0	28.1843	0.986272	0.000248333	0.292177	0.00720759	0.00100061	28.7741	0.436989	0.00122172	0.242369	0.00312439	-7327.52	3.0	6.85626	-37301.1	7.0	21.1132	1.0	1164.44	48.791	1163.2	48.7679	0.499734	0.01562	1.03421	0.0476336	
0.0-2.4	6.5-30.0	0.0-100.0	0.000-1.571	0.004	0.224	67638.0	67615.0	57623.0	405.771	9992.23	227.723	-1.12927	0.0651872	-0.05	0.0	0.459907	0.0369737	3.09238	0.000254037	0.0471381	0.00100394	0.0255438	0.00081823	0.03	0.0	1.696	0.05	5.0	0.0	1.718	0.07	0.0370718	0.000512344	0.0	0.0	0.0	0.0	0.0	0.0	0.0	0.0	0.0395513	0.00542533	-0.00065644	0.00248699	0.000388155	0.000244256	2.1898	0.0895116	0.957728	0.00663757	0.966535	0.0353078	0.880665	0.0197693	0.274703	0.0269314	0.0525551	0.0400005	0.425877	0.0119411	0.143512	0.019076	-337205.0	3.0	107.236	-1814240.0	7.0	19.474	1.0	42255.6	358.691	15367.4	227.661	0.266689	0.00347601	1.03471	0.00696992	
0.0-2.4	6.5-7.5	0.0-100.0	0.000-1.571	0.008	0.168	20052.0	20039.0	17360.5	307.627	2678.81	188.756	-0.761558	0.172194	-0.05	0.0	0.447305	0.142647	3.09121	0.000658107	0.0496986	0.00251917	0.0281624	0.00343139	0.03	0.0	1.696	0.05	5.0	0.0	1.718	0.07	0.0392833	0.000985002	0.0	0.0	0.0	0.0	0.0	0.0	0.0	0.0	0.0274931	0.00809829	0.00662081	0.0166341	0.000579084	0.000653014	2.51531	0.251785	0.971039	0.0138077	0.986159	0.0141409	0.667206	0.116907	0.269446	0.119673	0.468547	0.508774	0.405913	0.0293714	0.0656008	0.0179607	-148295.0	3.0	3.37615	-675196.0	7.0	3978.01	1.0	13892.9	275.371	3467.65	137.841	0.199743	0.00710733	1.04448	0.0147426	
0.0-2.4	6.5-8.0	0.0-100.0	0.000-1.571	0.008	0.168	27942.0	27925.0	24070.6	306.521	3854.45	171.255	-0.873411	0.122322	-0.05	0.0	0.500918	0.082131	3.09135	0.000489237	0.0483679	0.0011638	0.0265614	0.00229593	0.03	0.0	1.696	0.05	5.0	0.0	1.718	0.07	0.0390382	0.00101042	0.0	0.0	0.0	0.0	0.0	0.0	0.0	0.0	0.0375559	0.00876698	-0.000429432	0.00619673	0.000734749	0.000514919	2.2911	0.169192	0.95811	0.0112173	0.988623	0.0154395	0.65575	0.0745675	0.263183	0.0748703	0.388784	0.453466	0.421337	0.0247174	0.0747105	0.0147917	-188457.0	3.0	5.01001	-893064.0	7.0	2955.15	1.0	19079.5	280.363	4991.15	153.664	0.207354	0.0058122	1.03954	0.0125368	
0.0-2.4	6.5-8.5	0.0-100.0	0.000-1.571	0.008	0.168	34621.0	34601.0	29780.3	321.764	4822.17	176.656	-0.957465	0.106284	-0.05	0.0	0.485944	0.0679595	3.09143	0.000413221	0.0480085	0.000931088	0.026749	0.00187932	0.03	0.0	1.696	0.05	5.0	0.0	1.718	0.07	0.0385723	0.000825558	0.0	0.0	0.0	0.0	0.0	0.0	0.0	0.0	0.0366796	0.00717041	-0.00262645	0.00533113	0.00117847	0.000437049	2.32876	0.146774	0.960681	0.00985845	1.0	0.0648595	0.68713	0.0550169	0.293057	0.0480307	0.0848289	0.780323	0.432698	0.0220037	0.107481	0.0150255	-219082.0	3.0	7.0955	-1064550.0	7.0	381.431	1.0	23513.7	295.807	6266.58	165.956	0.210427	0.00508781	1.04306	0.0107266	
0.0-2.4	7.5-8.5	0.0-100.0	0.000-1.571	0.008	0.136	14569.0	14548.0	12408.2	182.871	2140.62	101.61	-1.21495	0.139398	-0.05	0.0	0.548792	0.0740203	3.09174	0.000541931	0.0457797	0.00174849	0.024393	0.00187495	0.03	0.0	1.696	0.05	5.0	0.0	1.718	0.07	0.0376646	0.000979175	0.0	0.0	0.0	0.0	0.0	0.0	0.0	0.0	0.0451238	0.0121541	-0.0072094	0.00561322	0.00191183	0.000563015	2.1991	0.182947	0.94065	0.0135891	0.985581	0.0162062	0.632865	0.0853608	0.15689	0.0845552	0.392198	0.30552	0.453306	0.0346253	0.0803177	0.0166901	-70800.4	3.0	1.285	-324352.0	7.0	4.25164	1.0	9612.98	166.837	2795.27	97.2624	0.225275	0.00710068	1.03108	0.0157518	
0.0-2.4	8.0-10.0	0.0-100.0	0.000-1.571	0.008	0.136	20545.0	20532.0	17573.4	207.096	2959.44	117.044	-1.33	0.11332	-0.05	0.0	0.404098	0.0598488	3.09263	0.000410993	0.0458658	0.00216533	0.026678	0.000894228	0.03	0.0	1.696	0.05	5.0	0.0	1.718	0.07	0.0356959	0.00083431	0.0	0.0	0.0	0.0	0.0	0.0	0.0	0.0	0.0493876	0.0109542	0.000525422	0.00399226	0.000893478	0.000416492	2.11013	0.137345	0.934169	0.0107544	0.851459	0.100636	0.870203	0.0435457	0.135427	0.114247	0.0227951	0.0158412	0.45319	0.0233036	0.163007	0.0422031	-88061.0	3.0	2.45392	-421946.0	7.0	41.6435	1.0	13192.0	185.595	4381.38	113.765	0.249319	0.00576858	1.02444	0.0127324	
0.0-2.4	8.5-9.5	0.0-100.0	0.000-1.571	0.008	0.136	10122.0	10118.0	8682.11	143.855	1436.02	80.5452	-1.24389	0.161471	-0.05	0.0	0.386372	0.0928215	3.09321	0.000566556	0.0449901	0.00292803	0.0264109	0.00154162	0.03	0.0	1.696	0.05	5.0	0.0	1.718	0.07	0.0347863	0.00120303	0.0	0.0	0.0	0.0	0.0	0.0	0.0	0.0	0.0510208	0.0152692	0.00361757	0.00549739	0.000760584	0.000578604	2.16101	0.191159	0.931543	0.0148089	0.96941	0.136612	0.929528	0.162051	0.234187	0.0511736	0.0594937	0.0618452	0.448056	0.0378939	0.180134	0.2304	-43405.6	3.0	1.78133	-190733.0	7.0	22.5515	1.0	6500.75	128.93	2181.36	79.5457	0.251248	0.00816164	1.03042	0.0185298	
0.0-2.4	9.5-11.0	0.0-100.0	0.000-1.571	0.008	0.128	9396.0	9387.0	7962.38	131.781	1425.0	73.7982	-1.32041	0.155078	-0.05	0.0	0.542529	0.0694223	3.09281	0.000562713	0.0432103	0.00222254	0.022974	0.000748777	0.03	0.0	1.696	0.05	5.0	0.0	1.718	0.07	0.0354179	0.000992014	0.0	0.0	0.0	0.0	0.0	0.0	0.0	0.0	0.0946533	0.0370468	0.00139483	0.00321146	-0.000443345	0.000561412	1.57638	0.138864	0.909727	0.0160276	0.866804	0.0730389	0.92353	0.0444834	0.117019	0.0802073	0.0287187	0.0128874	0.443997	0.0309346	0.165001	0.0639295	-35202.3	3.0	5.05314	-161662.0	7.0	42.1395	1.0	5691.12	115.029	2271.26	75.979	0.285249	0.00829257	0.99221	0.0198144	
0.4-0.8	6.5-30.0	0.0-100.0	0.000-1.571	0.008	0.073	9587.0	9545.0	8173.0	155.302	1372.96	77.3142	-1.24468	0.182851	-0.05	0.0	0.34734	0.0960511	3.09463	0.000476628	0.0290988	0.00137001	0.0207025	0.00119245	0.03	0.0	1.696	0.05	5.0	0.0	1.718	0.07	0.0239548	0.000610183	0.0	0.0	0.0	0.0	0.0	0.0	0.0	0.0	0.0440704	0.0189422	-0.00335026	0.0047604	-0.000528119	0.000646584	1.94023	0.224231	0.984228	0.0198343	0.992304	6.45318	0.876409	1.42303	0.202557	0.170126	0.110783	0.0698172	0.447974	0.189521	0.114365	0.0482234	-62950.3	3.0	227.975	-245973.0	7.0	64.6606	1.0	5742.92	134.55	2430.09	91.2547	0.297331	0.00963042	1.04495	0.0180119	
0.8-1.2	6.5-30.0	0.0-100.0	0.000-1.571	0.008	0.145	11896.0	11893.0	10129.1	155.183	1764.47	83.1317	-1.12254	0.143495	-0.05	0.0	0.553018	0.0862735	3.09348	0.00052655	0.0351585	0.0014575	0.0284791	0.00192421	0.03	0.0	1.696	0.05	5.0	0.0	1.718	0.07	0.0323439	0.000644701	0.0	0.0	0.0	0.0	0.0	0.0	0.0	0.0	0.0252228	0.0123352	0.00474538	0.0064379	0.00090954	0.000508611	2.22391	0.299687	0.993143	0.0150197	0.981341	0.0426808	0.964723	0.210967	0.338065	0.16201	0.269661	0.388646	0.436689	0.0331834	0.0666433	0.200971	-54475.0	3.0	9.69303	-237314.0	7.0	5.71253	1.0	7421.27	137.391	2707.88	87.5808	0.267335	0.00761483	1.04221	0.0158416	
1.2-1.6	6.5-30.0	0.0-100.0	0.000-1.571	0.004	0.152	14994.0	14986.0	12995.1	186.777	1991.62	100.77	-0.902859	0.146789	-0.05	0.0	0.533727	0.0843925	3.08941	0.000588432	0.0337408	0.00136271	0.0477546	0.00277955	0.03	0.0	1.696	0.05	5.0	0.0	1.718	0.07	0.0408773	0.00100532	0.0	0.0	0.0	0.0	0.0	0.0	0.0	0.0	0.0605824	0.0181432	-0.00143211	0.00425656	0.00115538	0.000509766	1.97565	0.161837	0.946051	0.0135924	0.999993	4.71318	0.756407	0.159417	0.277099	0.0269465	0.120559	4.84391	0.483682	0.0322888	0.0971891	0.0255624	-66703.3	3.0	22.327	-331444.0	7.0	3.69968	1.0	9439.33	165.572	3555.72	107.793	0.273621	0.00730335	1.03791	0.0171395	
1.6-2.0	6.5-30.0	0.0-100.0	0.000-1.571	0.004	0.145	15626.0	15615.0	13215.2	195.78	2399.48	114.27	-1.32192	0.141832	-0.05	0.0	0.705305	0.0958956	3.09009	0.000687694	0.0490779	0.0012128	0.0375202	0.00427076	0.03	0.0	1.696	0.05	5.0	0.0	1.718	0.07	0.0459748	0.000862896	0.0	0.0	0.0	0.0	0.0	0.0	0.0	0.0	0.0692177	0.0151298	0.00589367	0.00445577	0.000951251	0.000552692	2.03396	0.13573	0.9127	0.0132677	0.869968	0.0627993	0.978682	0.0667773	0.302649	0.0509086	0.0729737	0.0319324	0.406335	0.0263892	0.285806	0.538926	-70644.2	3.0	1.80881	-355366.0	7.0	1.50667	1.0	9990.11	176.124	3225.04	106.761	0.244041	0.00722455	1.03039	0.0162171	
1.6-2.4	3.0-30.0	0.0-100.0	0.000-1.571	0.004	0.24	83943.0	83794.0	69347.3	804.149	14447.2	635.275	-0.599117	0.097903	-0.05	0.0	0.347385	0.190099	3.08955	0.000472918	0.0635908	0.0068831	0.0417124	0.00309204	0.03	0.0	2.059	0.08	5.0	0.0	1.41	0.1	0.0504009	0.00172412	0.0	0.0	0.0	0.0	0.0	0.0	0.0	0.0	0.0595191	0.00808293	0.00568574	0.00364107	-5.35793e-05	0.000408272	2.03068	0.0819978	0.927395	0.00760736	0.887624	0.160895	0.967979	0.0264933	0.450124	0.124864	0.0788821	0.088903	0.714485	0.203424	4.06658	141.792	-288650.0	3.0	29598.9	-4952070.0	7.0	6644.94	1.0	55884.8	732.953	13462.5	376.347	0.194131	0.00493807	1.0268	0.00865919	
1.6-2.4	3.0-4.5	0.0-100.0	0.000-1.571	0.024	0.24	30106.0	30013.0	24428.3	683.811	5585.98	554.828	0.00365074	0.206556	-0.05	0.0	0.315546	0.366184	3.09004	0.00111229	0.0694704	0.0191273	0.0409818	0.00750244	0.03	0.0	2.04	0.08	5.0	0.0	1.31	0.1	0.0516954	0.00453755	0.0	0.0	0.0	0.0	0.0	0.0	0.0	0.0	0.152039	0.0491521	0.00785331	0.0161368	-0.0012496	0.00131344	1.5157	0.113301	0.909508	0.0170085	0.999588	1018.96	0.886313	10.8177	0.629017	42.2386	0.00105139	2739.53	1.29692	75.8405	3.77018	817.389	-114267.0	3.0	25599.3	-2533260.0	7.0	9164.45	1.0	20142.9	626.174	4285.34	297.58	0.175426	0.0111482	1.02505	0.0226658	
1.6-2.4	3.0-5.5	0.0-100.0	0.000-1.571	0.024	0.24	48544.0	48409.0	39371.2	684.633	9038.51	539.685	-0.29669	0.140113	-0.05	0.0	0.337156	0.242203	3.08938	0.000741522	0.0650435	0.00976818	0.0412243	0.00426942	0.03	0.0	2.04	0.08	5.0	0.0	1.31	0.1	0.0505258	0.00241384	0.0	0.0	0.0	0.0	0.0	0.0	0.0	0.0	0.111931	0.0259431	0.00756512	0.0053187	-0.00112701	0.000843451	1.63454	0.0936064	0.921892	0.0117879	0.999935	8850.69	0.933592	42.7843	0.566391	276.169	0.00129449	13107.4	1.11096	291.326	2.30949	2756.5	-129408.0	3.0	39310.4	-3692860.0	7.0	6930.64	1.0	32471.7	644.274	6899.52	332.636	0.175243	0.00788002	1.02655	0.0149722	
1.6-2.4	3.0-6.5	0.0-100.0	0.000-1.571	0.016	0.24	61348.0	61205.0	50332.0	711.941	10874.0	549.23	-0.3823	0.122043	-0.05	0.0	0.359952	0.198235	3.08958	0.000616452	0.0646138	0.0070753	0.0412419	0.00364942	0.03	0.0	2.04	0.08	5.0	0.0	1.31	0.1	0.0509061	0.00187286	0.0	0.0	0.0	0.0	0.0	0.0	0.0	0.0	0.0726873	0.0143009	0.00892288	0.0115422	-0.000464806	0.000636445	1.85882	0.0987596	0.931537	0.00954727	0.916926	0.613297	0.951864	0.0516858	0.524693	0.358666	0.0699673	0.233583	0.954468	0.304613	2.38243	17.2804	-192609.0	3.0	38238.6	-4197490.0	7.0	6982.86	1.0	41627.7	671.714	8704.33	345.906	0.172938	0.0064224	1.02754	0.0118031	
1.6-2.4	4.5-5.5	0.0-100.0	0.000-1.571	0.024	0.192	18437.0	18390.0	14996.3	645.033	3394.55	590.985	-0.809957	0.282243	-0.05	0.0	0.371905	0.770636	3.08831	0.00120214	0.0593758	0.0238092	0.0419806	0.00880752	0.03	0.0	2.04	0.08	5.0	0.0	1.31	0.1	0.049174	0.0058442	0.0	0.0	0.0	0.0	0.0	0.0	0.0	0.0	0.086383	0.0293212	0.00796526	0.0109084	-0.000941315	0.00102245	1.73086	0.153055	0.92526	0.015414	0.973305	0.410987	1.0	0.00804046	0.452433	0.440775	0.175546	1.32378	0.943379	1.1997	4.91866	10.5193	-16453.7	3.0	15003.5	-945457.0	7.0	5525.69	1.0	12324.2	553.628	2672.12	196.751	0.178185	0.0106486	1.02027	0.0200723	
1.6-2.4	5.5-6.5	0.0-100.0	0.000-1.571	0.024	0.16	12804.0	12784.0	10965.2	201.328	1819.22	115.357	-0.814755	0.188015	-0.05	0.0	0.428468	0.156301	3.09036	0.000939628	0.0638962	0.003222	0.0415079	0.00406639	0.03	0.0	2.04	0.08	5.0	0.0	1.31	0.1	0.0522878	0.00124998	0.0	0.0	0.0	0.0	0.0	0.0	0.0	0.0	0.121122	0.047319	0.00235778	0.00610226	0.000499386	0.000945341	1.59491	0.144361	0.893977	0.0165299	0.887225	0.295574	0.767774	0.476915	0.335768	0.143059	0.0929183	0.0531765	0.515651	0.0834634	0.0719556	0.0396808	-70230.7	3.0	25.0156	-363782.0	7.0	3.97164	1.0	9157.9	191.572	1807.25	97.6106	0.164818	0.00837173	1.00523	0.025605	
1.6-2.4	6.5-30.0	0.0-100.0	0.000-1.571	0.008	0.188	22595.0	22586.0	19104.4	245.155	3481.98	147.354	-1.21987	0.121892	-0.05	0.0	0.610604	0.0864576	3.08996	0.000622898	0.0526885	0.00159547	0.0400129	0.00274448	0.03	0.0	1.696	0.05	5.0	0.0	1.718	0.07	0.048151	0.000871479	0.0	0.0	0.0	0.0	0.0	0.0	0.0	0.0	0.0507427	0.00938907	0.00405901	0.004801	0.000368745	0.000484322	2.22561	0.1344	0.915598	0.0113681	0.901749	0.130849	0.942261	0.253082	0.276393	0.0541622	0.0665774	0.0574894	0.402377	0.0368015	0.160603	0.246435	-103484.0	3.0	5.25488	-561356.0	7.0	0.996864	1.0	14492.3	220.899	4612.06	133.093	0.241414	0.00623993	1.02329	0.0129387	
2.0-2.4	6.5-30.0	0.0-100.0	0.000-1.571	0.008	0.144	6968.0	6957.0	5872.27	146.21	1085.27	90.6083	-1.04866	0.247756	-0.05	0.0	0.486945	0.188629	3.08944	0.00133433	0.0610097	0.00255235	0.0455376	0.00505763	0.03	0.0	1.696	0.05	5.0	0.0	1.718	0.07	0.0536322	0.00130891	0.0	0.0	0.0	0.0	0.0	0.0	0.0	0.0	0.0492998	0.0201944	-0.00605931	0.0114916	-0.00129713	0.00102102	1.99796	0.247395	0.893372	0.0225976	0.999871	91.8466	0.873788	3.67631	0.24012	0.329567	0.0942563	99.1973	0.395278	0.366586	0.110835	0.276714	-33019.5	3.0	5.35283	-169757.0	7.0	1.81564	1.0	4478.46	132.637	1393.81	79.7704	0.237354	0.0122314	0.977529	0.0228866	
