polFunct_TnPAtRD3_4DEff2_RapPtEffMap3_Ratio
rap	pT	cent	dPhi	ctauErrMin	ctauErrMax	NoCutEntry	CutEntry	NSig	NSigErr	NBkg	NBkgErr	coefExp	coefExpErr	coefPol1	coefPol1Err	coeffGaus	coeffGausErr	meanSig1	meanSig1Err	sigmaSig1	sigmaSig1Err	sigmaSig2	sigmaSig2Err	sigmaSig3	sigmaSig3Err	alpha	alphaErr	enne	enneErr	enneW	enneWErr	sigWidth	sigWidthErr	Gmc	GmcErr	bTau	bTauErr	fracRes	fracResErr	meanResSigW	meanResSigWErr	meanResSigN	meanResSigNErr	sigmaResSigW	sigmaResSigWErr	sigmaResSigN	sigmaResSigNErr	fpm	fpmErr	fLiving	fLivingErr	fbkgCtTot	fbkgCtTotErr	lambdam	lambdamErr	lambdap	lambdapErr	lambdasym	lambdasymErr	NLL	nFitPar	EDM	NLLMass	nFitParMass	EDMMass	Prob	PROMPT	PROMPTErr	NON-PROMPT	NON-PROMPTErr	Bfraction	BfractionErr	Resolution	ResolutionErr	
0.0-0.4	6.5-30.0	0.0-100.0	0.000-1.571	0.008	0.064	5604.0	5600.0	3726.01	67.9708	1873.85	52.6058	-1.0	0.0	-0.121462	0.0359995	0.550132	0.0767686	3.09284	0.000374751	0.019042	0.00101602	0.0188564	0.00148427	0.03	0.0	1.492	0.0	5.0	0.0	1.733	0.0	0.0189587	0.000434865	3.59557e-05	0.000193278	0.432754	0.0131819	0.709974	0.264125	-0.00206547	0.00229629	0.00238754	0.00128779	1.32298	0.0992276	0.668082	0.0330712	0.845379	0.16486	0.554812	0.221585	0.350021	0.0401374	0.070743	5.58097e-09	0.331979	0.0343059	0.070512	2.46288e-09	-10200.0	4.0	6.19396e-06	-49163.9	7.0	8.95174e-05	1.0	2368.0	56.2958	1358.01	43.7822	0.364467	0.00968851	1171.36	83.6248	
0.0-1.2	6.5-30.0	0.0-10.0	0.000-1.571	0.008	0.088	7880.0	7877.0	4200.82	76.675	3676.37	73.1715	-1.0	0.0	0.00683558	0.0672784	0.494217	0.0	3.09238	0.0	0.0194504	0.0	0.0357804	0.0013629	0.03	0.0	1.492	0.0	5.0	0.0	1.733	0.0	0.0288876	0.000426907	1.12992e-05	0.000388937	0.331466	0.0105961	0.282557	0.0	0.00228371	0.0	0.00231853	0.000683714	1.58042	0.0	0.952422	0.020516	0.646982	0.14377	0.792286	0.308742	0.558805	0.0267561	0.0706215	4.97508e-10	0.23432	0.0373521	0.144326	0.110398	-12076.4	4.0	2.62916e-07	-68161.2	4.0	3.95691e-05	1.0	2832.56	66.0715	1368.27	48.1265	0.325714	0.0097932	1164.71	6.01814	
0.0-1.2	6.5-30.0	0.0-100.0	0.000-1.571	0.008	0.105	21279.0	21274.0	13365.1	134.244	7908.92	112.059	-1.0	0.0	-0.00897575	0.0424407	0.494217	0.0428566	3.09238	0.00026923	0.0194504	0.000561927	0.0347585	0.00147924	0.03	0.0	1.492	0.0	5.0	0.0	1.733	0.0	0.0282495	0.000565734	1.16782e-05	0.000130175	0.396981	0.00701905	0.282557	0.19576	0.00228371	0.00264771	0.000440897	0.000366446	1.58042	0.170805	0.883627	0.010749	0.650704	0.0215363	0.928404	0.0137122	0.515112	0.0166078	0.0704624	2.3138e-09	0.255793	0.0119258	0.470123	0.0749288	-35346.6	4.0	6.97539e-08	-209317.0	7.0	0.00018986	1.0	9043.84	114.003	4321.3	81.4176	0.323326	0.00515392	1125.14	82.0695	
0.0-1.2	6.5-30.0	10.0-20.0	0.000-1.571	0.008	0.088	5099.0	5097.0	3168.93	63.6532	1928.05	53.0157	-1.0	0.0	0.0414845	0.112035	0.494217	0.0	3.09238	0.0	0.0194504	0.0	0.0343401	0.00134471	0.03	0.0	1.492	0.0	5.0	0.0	1.733	0.0	0.0279895	0.000417225	1.12992e-05	0.000388937	0.47021	0.0154202	0.282557	0.0	0.00228371	0.0	-0.00168626	0.000792476	1.58042	0.0	0.901486	0.0236231	0.692138	0.739226	0.801036	0.103058	0.522187	0.262309	0.0705659	0.105688	0.290813	0.0353931	0.452634	0.0710093	-7520.65	4.0	1.51166e-08	-42854.3	4.0	2.43161e-05	1.0	1983.14	52.419	1185.79	41.5724	0.374192	0.0107521	1135.25	6.72916	
0.0-1.2	6.5-30.0	20.0-30.0	0.000-1.571	0.008	0.105	3659.0	3656.0	2411.91	55.664	1243.86	43.9369	-1.0	0.0	0.279986	0.382257	0.494217	0.0	3.09238	0.0	0.0194504	0.0	0.034897	0.00174813	0.03	0.0	1.492	0.0	5.0	0.0	1.733	0.0	0.0283358	0.000544454	1.16782e-05	0.000130175	0.494976	0.0197961	0.282557	0.0	0.00228371	0.0	0.000758331	0.000821785	1.58042	0.0	0.852535	0.0236754	0.667052	0.0456867	1.0	0.00408347	0.511475	0.0366248	0.0704492	4.73835e-11	0.221213	0.0172118	0.487275	0.0428073	-6154.91	4.0	3.57627e-05	-29724.4	4.0	3.19536e-05	1.0	1630.5	46.8563	781.415	33.2375	0.323981	0.0115757	1107.79	6.53596	
0.0-1.2	6.5-30.0	30.0-40.0	0.000-1.571	0.008	0.064	2136.0	2134.0	1531.18	43.1038	602.716	30.4879	-1.0	0.0	-0.177396	0.0326265	0.494217	0.0	3.09238	0.0	0.0194504	0.0	0.0365525	0.00199219	0.03	0.0	1.492	0.0	5.0	0.0	1.733	0.0	0.0293725	0.000626963	1.32366e-05	0.000329048	0.320698	0.0178292	0.282557	0.0	0.00228371	0.0	-0.00136701	0.00103185	1.58042	0.0	0.829135	0.0270646	0.575971	0.0422161	0.999918	1.98229	0.426973	0.0397157	0.0706224	0.00781744	0.190792	0.0172177	0.0994644	9.611	-4472.76	4.0	2.93493e-05	-16499.9	4.0	0.000100525	1.0	1109.09	38.4161	422.094	25.3415	0.275666	0.0146182	1094.97	7.35157	
0.0-1.2	6.5-30.0	40.0-50.0	0.000-1.571	0.016	0.048	1305.0	1287.0	989.849	33.692	297.209	21.0326	-1.0	0.0	-0.124621	0.0880268	0.494217	0.0	3.09238	0.0	0.0194504	0.0	0.0334305	0.00208823	0.03	0.0	1.492	0.0	5.0	0.0	1.733	0.0	0.0274269	0.000643692	1.43354e-05	8.22848e-05	0.316596	0.0201988	0.282557	0.0	0.00228371	0.0	-0.00329439	0.00141415	1.58042	0.0	0.884709	0.0411901	1.0	1.58204	0.999999	0.00110936	0.462039	0.0689338	0.0706713	5071.03	0.645817	0.109489	1.5844	70.7475	-2540.77	4.0	8.35027e-06	-9486.96	4.0	5.09649e-05	1.0	666.354	29.5586	323.495	21.9209	0.326813	0.0191492	1125.74	11.6121	
0.0-1.2	6.5-30.0	50.0-100.0	0.000-1.571	0.008	0.056	1198.0	1196.0	1050.95	33.9063	145.195	15.6157	-1.0	0.0	-0.177859	0.0746901	0.494217	0.0	3.09238	0.0	0.0194504	0.0	0.0321724	0.00172006	0.03	0.0	1.492	0.0	5.0	0.0	1.733	0.0	0.026655	0.000525028	1.34486e-05	0.000306561	0.372225	0.0247343	0.282557	0.0	0.00228371	0.0	0.000932261	0.00111585	1.58042	0.0	0.763735	0.0338771	1.0	0.0137997	1.0	0.00973964	0.364576	0.0679042	0.185528	0.414425	0.218033	0.0318333	2.43429	2.09429	-3098.18	4.0	3.43252e-05	-9136.59	4.0	1.91622e-05	1.0	762.539	30.4026	288.408	20.1411	0.274427	0.016997	1060.3	8.75343	
0.0-2.4	10.0-13.0	0.0-100.0	0.000-1.571	0.008	0.136	6742.0	6740.0	4995.73	80.0962	1744.24	56.2431	-1.0	0.0	-0.213225	0.0116044	0.401534	0.0703771	3.09097	0.000546489	0.0215222	0.00167042	0.0422217	0.00236311	0.03	0.0	1.492	0.0	5.0	0.0	1.733	0.0	0.0353958	0.00108776	1.25623e-05	9.06713e-05	0.393018	0.0108362	0.0553454	0.0788853	0.000212513	0.0144851	0.00020104	0.000519378	2.09412	0.553674	0.945903	0.015607	0.895263	0.16017	0.750589	0.754923	0.336473	0.228688	0.0705653	2.28419e-07	0.301081	0.0277643	0.0704709	0.0582106	-11868.6	4.0	8.247e-05	-59394.2	7.0	2.28878e-05	1.0	3281.8	67.9527	1713.92	51.0307	0.343078	0.00860741	1043.03	73.1219	
0.0-2.4	10.0-30.0	0.0-100.0	0.000-1.571	0.004	0.144	10419.0	10417.0	7787.39	99.484	2629.71	68.8359	-1.0	0.0	-0.216684	0.00888315	0.434485	0.050753	3.09196	0.000430394	0.0216036	0.001206	0.0444622	0.00201097	0.03	0.0	1.492	0.0	5.0	0.0	1.733	0.0	0.036342	0.000886682	1.0177e-05	0.00195203	0.370106	0.00798937	0.0477214	0.0592155	-0.000892962	0.00748279	0.000218659	0.000396656	2.03646	0.461587	0.964863	0.0128476	0.915438	0.144977	0.817655	0.740418	0.364019	0.148964	0.0705986	1.00732e-06	0.302711	0.0242457	0.0704811	0.0579133	-18569.1	4.0	2.97691e-07	-96441.8	7.0	3.1446e-05	1.0	4954.43	83.6573	2832.96	65.5923	0.363789	0.00702471	1041.37	50.8572	
0.0-2.4	11.0-13.0	0.0-100.0	0.000-1.571	0.008	0.105	3583.0	3581.0	2738.03	58.6692	842.927	39.3287	-1.0	0.0	-0.230854	0.0115571	0.499351	0.072989	3.09051	0.000721187	0.0228895	0.0017178	0.0480045	0.00350122	0.03	0.0	1.492	0.0	5.0	0.0	1.733	0.0	0.037621	0.00143686	4.93653e-05	0.000238442	0.458416	0.015725	0.0328637	0.0389686	-0.000371389	0.0145275	0.00194852	0.000714845	2.53131	0.734887	0.995389	0.0222581	0.786561	0.894002	0.968022	11.0709	0.370442	0.634702	0.0707771	0.0266221	0.303699	0.233105	0.0706767	5.54334e-06	-6038.85	4.0	2.75867e-06	-29463.8	7.0	7.14474e-06	1.0	1680.86	47.98	1057.17	38.9617	0.386106	0.0115776	1081.12	57.2726	
0.0-2.4	13.0-16.0	0.0-100.0	0.000-1.571	0.008	0.08	2229.0	2223.0	1765.37	46.4895	457.709	29.2172	-1.0	0.0	-0.180616	0.0383293	0.42248	0.0659448	3.09382	0.000881071	0.0195219	0.00199232	0.0499771	0.00366993	0.03	0.0	1.492	0.0	5.0	0.0	1.733	0.0	0.0400436	0.00159712	1.00002e-05	0.000966722	0.421277	0.0188348	0.0326157	0.0670782	-0.00999634	0.0183094	0.00252216	0.000857958	1.86063	0.773549	1.03165	0.0282464	0.85115	0.0506104	0.995305	1.1503	0.283079	0.0433077	0.0705965	1.09437e-09	0.228962	0.0149689	0.0704689	6.0588	-4100.83	4.0	0.000106083	-17289.3	7.0	0.000141554	1.0	1132.18	39.1545	633.194	30.3676	0.358675	0.0143766	1068.88	45.509	
0.0-2.4	13.0-30.0	0.0-100.0	0.000-1.571	0.008	0.105	3677.0	3677.0	2799.17	59.2278	877.748	39.8316	-1.0	0.0	-0.222776	0.013727	0.465746	0.0673911	3.09384	0.000700297	0.0212869	0.00170449	0.0479743	0.0033553	0.03	0.0	1.492	0.0	5.0	0.0	1.733	0.0	0.0379558	0.00141637	2.10356e-05	0.0045896	0.33391	0.0115902	0.0347602	0.122355	-0.00537756	0.015369	0.000250048	0.000617288	1.80759	0.989032	0.993365	0.0222806	0.910655	0.121868	0.981801	0.746566	0.404694	0.0789596	0.0710733	0.0325988	0.307843	0.0306216	0.0705848	3.41925	-6735.92	4.0	1.47016e-05	-30293.1	7.0	5.67403e-06	1.0	1672.35	48.9086	1126.82	41.3327	0.402555	0.0120618	1032.5	74.684	
0.0-2.4	16.0-30.0	0.0-100.0	0.000-1.571	0.008	0.064	1448.0	1446.0	1035.22	36.7298	410.79	26.918	-1.0	0.0	-0.244307	0.0124252	0.301027	0.19822	3.0938	0.00123044	0.020901	0.00400577	0.0353388	0.00492803	0.03	0.0	1.492	0.0	5.0	0.0	1.733	0.0	0.0316923	0.00233627	5.46616e-05	1.05755	0.230355	0.0127248	0.461092	0.573416	0.00155876	0.00498774	6.43981e-05	0.00122947	1.33655	0.440517	0.780604	0.0437709	0.997967	0.558564	0.970761	0.993951	0.490316	0.090302	0.070444	2.66819e-08	0.391189	0.0615744	0.0708883	0.381135	-2697.08	4.0	9.09853	-10487.0	7.0	1.4338e-05	1.0	572.537	28.8576	462.68	26.2602	0.44694	0.0197994	1073.34	201.939	
0.0-2.4	6.5-30.0	0.0-10.0	0.000-1.571	0.008	0.184	19191.0	19191.0	8878.31	111.64	10312.7	117.89	-1.0	0.0	-0.120131	0.0154138	0.434169	0.0	3.09244	0.0	0.0478309	0.0	0.0241803	0.000574947	0.03	0.0	1.492	0.0	5.0	0.0	1.733	0.0	0.0363885	0.000108089	3.80561e-05	6.9663e-05	0.313221	0.00783307	0.19482	0.0	0.00388614	0.0	0.00207141	0.00044049	1.71004	0.0	0.989188	0.0117723	0.999991	0.103525	0.368967	0.0271377	0.55759	0.0242316	0.0706172	0.000604838	0.385997	0.0168738	0.0972643	0.00609645	-24654.0	4.0	6.18538e-05	-179351.0	4.0	2.38717e-05	1.0	6336.43	100.64	2541.88	69.2928	0.286302	0.00692481	1165.14	4.02368	
0.0-2.4	6.5-30.0	0.0-100.0	0.000-1.571	0.004	0.128	50088.0	49962.0	28047.2	214.093	21914.5	199.095	-1.0	0.0	-0.13316	0.00951534	0.434169	0.0275136	3.09244	0.000252893	0.0478309	0.00123654	0.024142	0.000526033	0.03	0.0	1.492	0.0	5.0	0.0	1.733	0.0	0.0363741	0.000488162	3.69757e-05	6.79802e-05	0.340164	0.00464523	0.19482	0.0809237	0.00388614	0.00250476	0.00209763	0.000246721	1.71004	0.123875	0.946995	0.00652279	0.656866	0.0173638	0.927225	0.0159952	0.580002	0.0109333	0.0706278	2.03884e-07	0.287507	0.0072666	0.30393	0.0446876	-73595.5	4.0	1.41464e-05	-522446.0	7.0	0.000106441	1.0	20070.8	185.047	7976.4	120.321	0.284392	0.00370013	1136.57	40.4572	
0.0-2.4	6.5-30.0	0.0-5.0	0.000-1.571	0.008	0.184	10434.0	10434.0	4819.66	82.5581	5614.43	87.2388	-1.0	0.0	-0.0470766	0.0386024	0.434169	0.0	3.09244	0.0	0.0478309	0.0	0.0234253	0.00079716	0.03	0.0	1.492	0.0	5.0	0.0	1.733	0.0	0.036108	0.000146313	3.80561e-05	6.9663e-05	0.337523	0.0111484	0.19482	0.0	0.00388614	0.0	0.00411467	0.000616948	1.71004	0.0	1.04867	0.0167412	0.70148	0.0942422	0.826958	0.11539	0.643724	0.0486072	0.0705416	0.0375798	0.217178	0.0140284	0.201078	0.049983	-13520.9	4.0	8.17787e-05	-91163.3	4.0	3.49501e-05	1.0	3461.98	74.3602	1357.68	50.5332	0.281697	0.00930846	1206.3	5.85912	
0.0-2.4	6.5-30.0	10.0-15.0	0.000-1.571	0.008	0.152	6548.0	6546.0	3393.86	67.6518	3152.14	65.8406	-1.0	0.0	-0.111978	0.0310379	0.434169	0.0	3.09244	0.0	0.0478309	0.0	0.0237577	0.000856874	0.03	0.0	1.492	0.0	5.0	0.0	1.733	0.0	0.0362307	0.000158965	1.79985e-05	0.004591	0.333479	0.0123842	0.19482	0.0	0.00388614	0.0	0.00177842	0.000707656	1.71004	0.0	0.9493	0.0181141	0.671447	0.0698506	0.848155	0.0752761	0.577872	0.0399597	0.0707111	8.29286e-07	0.170792	0.0136456	0.211578	0.0484329	-9423.27	4.0	7.87793e-05	-54673.3	4.0	1.87018e-05	1.0	2369.44	60.2542	1024.41	42.6232	0.301843	0.0110238	1138.11	6.08273	
0.0-2.4	6.5-30.0	10.0-20.0	0.000-1.571	0.008	0.16	12054.0	12052.0	6535.41	92.8261	5516.59	87.1658	-1.0	0.0	-0.113715	0.0227818	0.434169	0.0	3.09244	0.0	0.0478309	0.0	0.0235422	0.000637785	0.03	0.0	1.492	0.0	5.0	0.0	1.733	0.0	0.036151	0.000117505	1.00282e-05	0.000232918	0.381024	0.0100022	0.19482	0.0	0.00388614	0.0	0.000841012	0.000530377	1.71004	0.0	0.969888	0.0136089	0.701958	0.0450213	0.810872	0.0346824	0.584042	0.0248022	0.0706057	1.22342e-09	0.210623	0.0163085	0.38201	0.0451954	-16712.5	4.0	8.29377e-08	-108516.0	4.0	2.85069e-05	1.0	4514.02	81.8467	2021.39	58.4163	0.309299	0.00778433	1152.01	4.61268	
0.0-2.4	6.5-30.0	15.0-20.0	0.000-1.571	0.008	0.16	5505.0	5505.0	3136.82	63.4675	2368.12	57.0932	-1.0	0.0	-0.115623	0.0335943	0.434169	0.0	3.09244	0.0	0.0478309	0.0	0.0232177	0.000943278	0.03	0.0	1.492	0.0	5.0	0.0	1.733	0.0	0.036032	0.00017196	1.00282e-05	0.000232918	0.428489	0.0156524	0.19482	0.0	0.00388614	0.0	-0.000644344	0.000796915	1.71004	0.0	0.98494	0.0204302	0.786602	0.0976942	0.723071	0.0583738	0.584459	0.0421163	0.0706538	0.0288418	0.267441	0.0281708	0.417602	0.0586526	-7362.23	4.0	7.6938e-05	-45536.0	4.0	6.99008e-05	1.0	2126.58	55.3148	1010.24	40.326	0.322059	0.0110819	1162.24	6.97025	
0.0-2.4	6.5-30.0	20.0-25.0	0.000-1.571	0.008	0.145	4534.0	4534.0	2700.21	58.1798	1833.79	50.1846	-1.0	0.0	-0.145314	0.027948	0.434169	0.0	3.09244	0.0	0.0478309	0.0	0.0231587	0.000899534	0.03	0.0	1.492	0.0	5.0	0.0	1.733	0.0	0.0360105	0.000163666	3.69686e-05	0.0287936	0.352608	0.0153109	0.19482	0.0	0.00388614	0.0	0.000943881	0.00073013	1.71004	0.0	0.88771	0.0189483	0.657373	0.738204	0.93721	0.0526406	0.585472	0.291224	0.0707394	0.0953429	0.212748	0.0235861	0.491934	0.142833	-7455.9	4.0	4.75391e-05	-36845.9	4.0	3.6587e-05	1.0	1976.36	52.2548	723.858	34.0658	0.268074	0.0112161	1097.36	6.17099	
0.0-2.4	6.5-30.0	20.0-30.0	0.000-1.571	0.008	0.152	8357.0	8357.0	5112.64	79.9005	3244.42	67.1999	-1.0	0.0	-0.113596	0.0290822	0.434169	0.0	3.09244	0.0	0.0478309	0.0	0.02334	0.000655883	0.03	0.0	1.492	0.0	5.0	0.0	1.733	0.0	0.0360767	0.000120049	1.79985e-05	0.004591	0.412803	0.0125086	0.19482	0.0	0.00388614	0.0	0.00124968	0.000546285	1.71004	0.0	0.894871	0.0142562	0.685356	0.156676	0.964689	0.0163578	0.58951	0.100435	0.0704501	0.0344603	0.196198	0.0122308	0.480853	0.138931	-13450.6	4.0	0.000109074	-73212.7	4.0	5.38164e-05	1.0	3658.72	70.7755	1453.92	47.4981	0.284378	0.00815834	1102.04	4.66048	
0.0-2.4	6.5-30.0	25.0-30.0	0.000-1.571	0.008	0.136	3823.0	3819.0	2410.22	54.7459	1408.91	44.6754	-1.0	0.0	-0.0502567	0.074387	0.434169	0.0	3.09244	0.0	0.0478309	0.0	0.023566	0.000973533	0.03	0.0	1.492	0.0	5.0	0.0	1.733	0.0	0.0361598	0.000179501	3.37928e-05	7.02542e-05	0.470478	0.0196474	0.19482	0.0	0.00388614	0.0	0.00157707	0.000825769	1.71004	0.0	0.907993	0.0217509	0.729725	0.0554011	0.996576	0.186824	0.617163	0.0355541	0.0705162	4.95954e-09	0.180946	0.0153441	0.0704498	1.75777e-08	-6014.11	4.0	4.23354e-07	-30570.7	4.0	1.04493e-05	1.0	1671.27	47.6913	738.951	33.3934	0.306591	0.0119776	1110.64	7.15893	
0.0-2.4	6.5-30.0	30.0-35.0	0.000-1.571	0.008	0.128	2920.0	2918.0	1778.02	47.3999	1140.01	40.1096	-1.0	0.0	-0.180457	0.0235972	0.434169	0.0	3.09244	0.0	0.0478309	0.0	0.0245352	0.00120215	0.03	0.0	1.492	0.0	5.0	0.0	1.733	0.0	0.0365227	0.000228477	3.69757e-05	6.79802e-05	0.325547	0.0191433	0.19482	0.0	0.00388614	0.0	0.00163443	0.000949227	1.71004	0.0	0.907272	0.0242455	0.651983	0.063928	0.999983	0.697985	0.532841	0.0558543	0.0704426	0.014931	0.292189	0.0251311	0.0704862	1.79899e-06	-4802.18	4.0	9.67658e-06	-22450.6	4.0	1.34983e-06	1.0	1351.79	43.6985	426.224	27.2026	0.239719	0.0139008	1110.17	7.97704	
0.0-2.4	6.5-30.0	30.0-40.0	0.000-1.571	0.008	0.128	5018.0	5015.0	3230.36	62.8698	1784.74	50.0704	-1.0	0.0	-0.182159	0.0182743	0.434169	0.0	3.09244	0.0	0.0478309	0.0	0.0241166	0.000837198	0.03	0.0	1.492	0.0	5.0	0.0	1.733	0.0	0.0363646	0.000157081	3.69757e-05	6.79802e-05	0.265575	0.0120691	0.19482	0.0	0.00388614	0.0	0.00113625	0.000694916	1.71004	0.0	0.850395	0.0175747	0.769182	0.0771299	0.673728	0.150905	0.444885	0.0667774	0.0706123	2.8442e-08	0.390536	0.0313001	0.0705195	0.0163467	-8652.51	4.0	1.57019e-06	-41666.3	4.0	5.20611e-06	1.0	2368.14	58.3934	862.221	39.5875	0.266911	0.0110994	1073.3	5.60595	
0.0-2.4	6.5-30.0	35.0-40.0	0.000-1.571	0.008	0.12	2097.0	2097.0	1448.73	41.2857	648.269	30.0692	-1.0	0.0	-0.184648	0.0289389	0.434169	0.0	3.09244	0.0	0.0478309	0.0	0.0235906	0.00115237	0.03	0.0	1.492	0.0	5.0	0.0	1.733	0.0	0.0361688	0.000212644	3.63218e-05	5.72307e-05	0.217165	0.0133296	0.19482	0.0	0.00388614	0.0	0.000958008	0.00101476	1.71004	0.0	0.797598	0.0253282	0.939449	0.148396	0.528685	0.14136	0.387062	0.0530942	0.087602	0.0531163	0.505323	0.0598219	0.074553	0.0140046	-3881.04	4.0	6.31057e-07	-15819.1	4.0	1.84526e-05	1.0	1008.44	38.5579	440.289	28.605	0.303913	0.017744	1040.16	7.81903	
0.0-2.4	6.5-30.0	40.0-45.0	0.000-1.571	0.008	0.12	1588.0	1587.0	1129.73	36.2719	457.099	25.359	-1.0	0.0	-0.170251	0.0417905	0.434169	0.0	3.09244	0.0	0.0478309	0.0	0.0233189	0.00118292	0.03	0.0	1.492	0.0	5.0	0.0	1.733	0.0	0.036069	0.000216364	3.63218e-05	5.72307e-05	0.277432	0.0198764	0.19482	0.0	0.00388614	0.0	-0.00207663	0.0012036	1.71004	0.0	0.87637	0.0316246	1.0	0.0299226	0.769733	0.882394	0.435305	0.708753	0.0726038	0.00013224	0.58858	0.107491	0.0725522	0.195501	-2935.13	4.0	2.79816e-05	-11614.1	4.0	1.82713e-05	1.0	841.967	33.6709	287.763	22.098	0.254718	0.0177687	1090.0	10.2365	
0.0-2.4	6.5-30.0	40.0-50.0	0.000-1.571	0.008	0.136	2849.0	2846.0	2065.15	48.9226	780.937	33.3051	-1.0	0.0	-0.236323	0.0104144	0.434169	0.0	3.09244	0.0	0.0478309	0.0	0.0250118	0.000948734	0.03	0.0	1.492	0.0	5.0	0.0	1.733	0.0	0.0367052	0.000182902	3.37928e-05	7.02542e-05	0.292835	0.0142003	0.19482	0.0	0.00388614	0.0	-0.00293749	0.000907948	1.71004	0.0	0.873034	0.0245696	0.971504	0.034695	1.0	0.00338587	0.499851	0.0368619	0.0706231	1.25449e-06	0.447224	0.0327131	2.41945	6.04506	-5113.34	4.0	5.70231e-08	-22521.9	4.0	4.12659e-06	1.0	1458.52	44.5486	606.628	31.5796	0.293746	0.0136166	1087.84	7.93829	
0.0-2.4	6.5-30.0	45.0-50.0	0.000-1.571	0.008	0.136	1260.0	1259.0	935.811	32.8302	323.313	21.5699	-1.0	0.0	-0.269571	0.0057892	0.434169	0.0	3.09244	0.0	0.0478309	0.0	0.0273518	0.00163958	0.03	0.0	1.492	0.0	5.0	0.0	1.733	0.0	0.0376378	0.000337095	3.37928e-05	7.02542e-05	0.310614	0.020208	0.19482	0.0	0.00388614	0.0	-0.00368358	0.00130954	1.71004	0.0	0.799878	0.0369857	0.939812	0.110928	0.999871	6.51424	0.427762	0.0965998	0.0707047	3.36543e-09	0.299526	0.0287818	0.0706329	26.7573	-2220.94	4.0	1.2602e-06	-8966.44	4.0	4.0863e-05	1.0	612.992	29.0915	322.819	22.6298	0.344961	0.0209359	1041.57	11.435	
0.0-2.4	6.5-30.0	5.0-10.0	0.000-1.571	0.008	0.112	8756.0	8722.0	4056.65	75.0734	4665.31	79.022	-1.0	0.0	-0.165556	0.0138001	0.434169	0.0	3.09244	0.0	0.0478309	0.0	0.0249482	0.000814126	0.03	0.0	1.492	0.0	5.0	0.0	1.733	0.0	0.0366806	0.000156657	3.69703e-05	0.0265992	0.294498	0.0109605	0.19482	0.0	0.00388614	0.0	0.000572122	0.000633829	1.71004	0.0	0.937133	0.016798	1.0	0.112174	0.33327	0.0298193	0.466454	0.0346816	0.0704455	3.07827e-07	0.498483	0.0289481	0.0880235	0.00629114	-11234.5	4.0	5.17317e-05	-74654.3	4.0	2.33156e-06	1.0	2876.62	67.6243	1180.02	47.0735	0.290887	0.0102798	1129.97	5.60862	
0.0-2.4	6.5-30.0	50.0-100.0	0.000-1.571	0.008	0.088	2617.0	2596.0	2171.59	49.113	424.609	25.7926	-1.0	0.0	-0.201909	0.0284698	0.434169	0.0	3.09244	0.0	0.0478309	0.0	0.025031	0.000994512	0.03	0.0	1.492	0.0	5.0	0.0	1.733	0.0	0.0367126	0.000191836	3.69533e-05	0.0259228	0.332937	0.0166326	0.19482	0.0	0.00388614	0.0	0.00243122	0.000859158	1.71004	0.0	0.859193	0.0234885	0.999999	6.82491	0.999997	147217.0	0.426647	873.583	0.0705822	6.1523e-06	0.247093	95.4691	0.0704702	920016.0	-5728.9	4.0	3.57376e-06	-20963.0	4.0	0.000104877	1.0	1626.96	45.3447	544.631	29.2223	0.250798	0.0122028	1078.93	7.53033	
0.0-2.4	6.5-30.0	50.0-55.0	0.000-1.571	0.008	0.08	926.0	916.0	752.949	29.0444	163.118	15.9318	-1.0	0.0	-0.173554	0.0694211	0.434169	0.0	3.09244	0.0	0.0478309	0.0	0.0257738	0.00164859	0.03	0.0	1.492	0.0	5.0	0.0	1.733	0.0	0.0370022	0.000324878	1.00002e-05	2.73951e-05	0.275232	0.0251788	0.19482	0.0	0.00388614	0.0	0.00124658	0.00168704	1.71004	0.0	0.986826	0.0496501	1.0	0.0141747	1.0	0.0784251	0.500364	0.0749656	0.356014	0.310231	0.22325	0.0377036	0.0717073	4.16717e-05	-2044.14	4.0	4.04875e-05	-6403.77	4.0	6.59095e-05	1.0	577.389	27.6817	175.56	17.7786	0.233163	0.0218319	1163.53	16.953	
0.0-2.4	6.5-30.0	50.0-60.0	0.000-1.571	0.008	0.08	1484.0	1471.0	1222.31	36.9831	248.811	19.8564	-1.0	0.0	-0.187666	0.0465795	0.434169	0.0	3.09244	0.0	0.0478309	0.0	0.0263496	0.00132569	0.03	0.0	1.492	0.0	5.0	0.0	1.733	0.0	0.037231	0.000265441	1.00002e-05	2.73951e-05	0.247414	0.0177939	0.19482	0.0	0.00388614	0.0	0.00261493	0.00123003	1.71004	0.0	0.910831	0.0342979	1.0	4.78951	1.0	0.0164286	0.498222	0.0244416	0.0759868	9.65596	0.288734	0.0163133	0.070607	1.23726e-06	-3316.0	4.0	7.63837e-07	-10991.8	4.0	1.65112e-05	1.0	930.079	35.2937	292.231	23.063	0.239081	0.0174267	1112.51	11.3048	
0.0-2.4	6.5-30.0	55.0-60.0	0.000-1.571	0.008	0.073	558.0	552.0	467.438	22.8144	84.5713	11.7316	-1.0	0.0	-0.210479	0.0570508	0.434169	0.0	3.09244	0.0	0.0478309	0.0	0.0272268	0.00231087	0.03	0.0	1.492	0.0	5.0	0.0	1.733	0.0	0.0375864	0.000473584	3.34445e-05	6.9324e-05	0.204557	0.024036	0.19482	0.0	0.00388614	0.0	0.0042347	0.00176684	1.71004	0.0	0.811518	0.046737	0.999999	3.80922	1.0	0.0754285	0.449637	0.0555187	0.0710975	4.92407	0.400967	0.0515737	0.0705356	2.21186e-06	-1279.65	4.0	1.03449e-06	-3595.8	4.0	1.23023e-06	1.0	351.1	21.8722	116.338	14.7304	0.248884	0.0290778	1048.79	14.5591	
0.0-2.4	6.5-30.0	60.0-100.0	0.000-1.571	0.008	0.088	1133.0	1120.0	943.442	32.2015	176.545	16.4338	-1.0	0.0	-0.218125	0.0327925	0.434169	0.0	3.09244	0.0	0.0478309	0.0	0.0227695	0.00136983	0.03	0.0	1.492	0.0	5.0	0.0	1.733	0.0	0.0358698	0.000246007	3.69533e-05	0.0259228	0.418382	0.0290703	0.19482	0.0	0.00388614	0.0	0.00188604	0.00119297	1.71004	0.0	0.794774	0.0314089	0.994913	0.0498064	0.998922	0.898875	0.321833	0.126746	0.070636	2.59285e-06	0.202774	0.0234618	0.0706858	2.57079	-2429.46	4.0	7.02022e-06	-8158.2	4.0	4.1556e-06	1.0	681.863	28.7854	261.578	19.1485	0.27726	0.0179551	1038.41	9.67806	
0.0-2.4	6.5-30.0	60.0-70.0	0.000-1.571	0.008	0.088	749.0	738.0	627.43	26.125	110.566	12.8712	-1.0	0.0	-0.227532	0.0339183	0.434169	0.0	3.09244	0.0	0.0478309	0.0	0.0197346	0.00135215	0.03	0.0	1.492	0.0	5.0	0.0	1.733	0.0	0.0348375	0.000216701	3.69533e-05	0.0259228	0.461388	0.0376925	0.19482	0.0	0.00388614	0.0	0.00211859	0.00145188	1.71004	0.0	0.768714	0.0383688	0.939631	0.0503144	0.917341	0.895022	0.356859	0.345996	0.0704423	1.01275e-08	0.191189	0.0466349	0.07045	4.09024	-1609.22	4.0	1.65557e-06	-5109.14	4.0	1.13702e-07	1.0	441.981	23.0028	185.448	15.8137	0.295568	0.021995	1022.5	11.613	
0.0-2.4	6.5-30.0	70.0-100.0	0.000-1.571	0.016	0.073	384.0	380.0	314.328	18.7516	65.6492	10.1472	-1.0	0.0	-0.198094	0.0778158	0.434169	0.0	3.09244	0.0	0.0478309	0.0	0.0283501	0.00266565	0.03	0.0	1.492	0.0	5.0	0.0	1.733	0.0	0.0380534	0.00056185	3.69173e-05	0.0282483	0.313639	0.0404522	0.19482	0.0	0.00388614	0.0	0.00224128	0.00216972	1.71004	0.0	0.829929	0.0575201	0.839619	35.9892	0.999968	118.237	0.00438347	45.2126	0.0707677	7.72435	0.160824	2.98211	0.0724437	1559.76	-826.53	4.0	4.33177e-05	-2321.92	4.0	5.11396e-06	1.0	234.725	17.2182	79.6034	11.0878	0.25325	0.0318754	1060.33	18.1253	
0.0-2.4	6.5-7.5	0.0-100.0	0.000-1.571	0.016	0.16	19055.0	19051.0	7939.57	134.592	11111.6	145.881	-1.0	0.0	-0.0541317	0.0267972	0.40723	0.0729075	3.09101	0.000559191	0.0504326	0.00343144	0.0272742	0.00130911	0.03	0.0	1.492	0.0	5.0	0.0	1.733	0.0	0.0384281	0.00128265	8.17783e-05	0.000350179	0.23944	0.0080649	0.206936	0.0943215	0.00999971	0.0031414	0.00374458	0.000479151	1.88995	0.200823	0.994868	0.0106068	0.514382	0.0308444	0.844284	0.0369176	0.68025	0.0191852	0.0706028	0.00766196	0.302676	0.0187804	0.346723	0.0560044	-25019.0	4.0	4.06618e-08	-176380.0	7.0	0.000225215	1.0	6268.88	121.38	1670.7	65.129	0.210426	0.00738687	1234.55	58.7866	
0.0-2.4	6.5-8.0	0.0-100.0	0.000-1.571	0.016	0.16	25735.0	25729.0	11569.7	154.393	14159.6	162.534	-1.0	0.0	-0.0864393	0.0183904	0.41929	0.0563363	3.09156	0.000443214	0.049149	0.00245995	0.0267861	0.00100492	0.03	0.0	1.492	0.0	5.0	0.0	1.733	0.0	0.0378088	0.00094462	2.99332e-05	0.00458551	0.303925	0.00764634	0.247328	0.092515	0.00999999	0.0035556	0.00315109	0.000410804	1.76918	0.144226	0.947262	0.00940333	0.528865	0.0233006	0.868898	0.0254718	0.638506	0.0147925	0.070606	1.63311e-08	0.267462	0.0132008	0.338569	0.0446406	-34311.0	4.0	3.20981e-06	-247165.0	7.0	0.000218535	1.0	8967.97	137.183	2601.78	75.5171	0.224878	0.00579637	1203.96	50.3423	
0.0-2.4	6.5-8.5	0.0-100.0	0.000-1.571	0.016	0.16	30834.0	30813.0	14637.7	164.746	16175.2	169.323	-1.0	0.0	-0.100595	0.0151774	0.414037	0.0431394	3.09138	0.000381938	0.0500862	0.00199311	0.0258658	0.000833026	0.03	0.0	1.492	0.0	5.0	0.0	1.733	0.0	0.0378246	0.000775559	7.56762e-05	0.000240875	0.321173	0.00734241	0.226798	0.0773955	0.00999999	0.00269626	0.00310211	0.00036201	1.75627	0.126619	0.959149	0.0085364	0.549681	0.021821	0.878676	0.0223354	0.632296	0.0134532	0.070587	1.52919e-09	0.293057	0.0112719	0.331412	0.0393798	-41891.1	4.0	3.69136e-06	-302709.0	7.0	0.000225185	1.0	11305.7	147.26	3332.03	83.0701	0.227633	0.00506385	1187.8	41.2435	
0.0-2.4	7.5-8.5	0.0-100.0	0.000-1.571	0.008	0.184	11778.0	11778.0	6686.27	100.974	5091.66	92.7316	-1.0	0.0	-0.164138	0.0139114	0.440116	0.0527526	3.09166	0.000520149	0.0486808	0.0021316	0.0240215	0.00114017	0.03	0.0	1.492	0.0	5.0	0.0	1.733	0.0	0.0369603	0.000913212	8.69412e-05	0.000593911	0.399244	0.0117142	0.237333	0.116679	0.00999999	0.0164169	0.00181759	0.000546925	1.6166	0.148917	0.918456	0.0141698	0.628286	0.0323304	0.907952	0.025853	0.55559	0.0227116	0.0706148	4.21246e-07	0.281468	0.0139075	0.342135	0.0616555	-17162.8	4.0	2.89208e-06	-106221.0	7.0	1.79235e-05	1.0	4951.38	89.1712	1734.88	55.1975	0.25947	0.00726614	1124.1	52.6744	
0.0-2.4	8.0-10.0	0.0-100.0	0.000-1.571	0.008	0.184	13933.0	13933.0	8882.08	113.671	5050.93	95.3301	-1.0	0.0	-0.143153	0.0179792	0.411698	0.0388414	3.09313	0.000424044	0.0503699	0.00207527	0.0229892	0.000843168	0.03	0.0	1.492	0.0	5.0	0.0	1.733	0.0	0.0368164	0.000803888	8.20597e-05	0.000220638	0.33963	0.00841851	0.223708	0.161679	0.000490489	0.00440365	0.00205616	0.000465037	1.60773	0.189825	0.932763	0.0126348	0.768289	0.0347223	0.938231	0.0187121	0.586582	0.0208924	0.070636	5.39923e-07	0.337753	0.0144638	0.428981	0.0925044	-22091.4	4.0	4.33503e-07	-129801.0	7.0	0.000113379	1.0	6292.54	99.1938	2589.54	66.727	0.291546	0.00652049	1119.66	69.1236	
0.0-2.4	8.5-9.5	0.0-100.0	0.000-1.571	0.008	0.12	6480.0	6470.0	4151.71	76.7368	2318.15	63.6407	-1.0	0.0	-0.119548	0.0337429	0.499459	0.0617292	3.09463	0.000608884	0.0430739	0.00219723	0.0226582	0.00116836	0.03	0.0	1.492	0.0	5.0	0.0	1.733	0.0	0.0344042	0.000933475	6.95629e-05	0.856416	0.298475	0.00962866	0.195257	0.140777	-0.00999932	0.0168172	0.00211422	0.000671339	1.55521	0.187671	0.923211	0.0180246	0.760758	0.0819009	0.999821	1.7433	0.548197	0.0457707	0.0714954	0.0181398	0.256621	0.0155538	0.0754503	3.44241e-05	-10736.6	4.0	1.63569e-06	-55551.0	7.0	1.098e-05	1.0	2803.18	66.1655	1348.54	48.1114	0.324815	0.00991191	1076.18	57.9976	
0.0-2.4	9.5-11.0	0.0-100.0	0.000-1.571	0.008	0.136	5512.0	5509.0	3839.34	72.9948	1669.63	56.1939	-1.0	0.0	-0.174332	0.0219642	0.389969	0.0630572	3.09265	0.000620055	0.0482725	0.00297243	0.0233999	0.0013684	0.03	0.0	1.492	0.0	5.0	0.0	1.733	0.0	0.0352526	0.00115849	1.00134e-05	0.000394123	0.337475	0.0122423	0.411816	0.288493	0.0022233	0.00388478	8.09069e-06	0.000727756	1.51553	0.180886	0.763049	0.0207092	0.999992	3.1123	0.670955	0.0808298	0.45955	0.053312	0.0710508	4.13035e-08	0.378158	0.0252333	0.104937	0.0246951	-9611.08	4.0	3.94662e-06	-46922.9	7.0	3.90365e-05	1.0	2733.88	63.7503	1105.46	42.4756	0.28793	0.00961397	1135.05	119.831	
0.4-0.8	6.5-30.0	0.0-100.0	0.000-1.571	0.008	0.073	6331.0	6331.0	4232.3	73.8636	2098.67	57.6393	-1.0	0.0	0.0655304	0.125664	0.509896	0.0587216	3.09299	0.000449886	0.017989	0.000798409	0.0362415	0.00249789	0.03	0.0	1.492	0.0	5.0	0.0	1.733	0.0	0.0284382	0.000941381	1.07909e-05	6.48731e-06	0.452647	0.013552	0.164736	0.163076	-0.00113548	0.00593586	-0.00049139	0.000587079	1.82366	0.359661	0.943574	0.0176526	0.761079	0.0425071	0.839346	0.0358904	0.499677	0.0283715	0.070609	7.57472e-09	0.272539	0.0293291	0.507568	0.0995342	-10382.4	4.0	4.69589e-05	-55220.4	7.0	9.41503e-05	1.0	2754.67	61.4523	1477.64	46.1538	0.349133	0.00904405	1136.46	99.6519	
0.8-1.2	6.5-30.0	0.0-100.0	0.000-1.571	0.008	0.105	9343.0	9339.0	5328.42	94.9658	4010.6	87.7478	-1.0	0.0	0.00835411	0.0719504	0.45382	0.0950488	3.09228	0.000586752	0.0327473	0.00523401	0.0308688	0.00497945	0.03	0.0	1.492	0.0	5.0	0.0	1.733	0.0	0.0317351	0.00180541	3.76156e-05	0.000218351	0.309766	0.00969524	0.510138	0.279061	0.00698866	0.00378923	-0.000313661	0.000670268	1.44442	0.131788	0.742691	0.0182748	0.579257	0.0604395	0.930254	0.0280021	0.574404	0.0453011	0.0706117	0.0145203	0.229742	0.0161682	0.339813	0.0961685	-15374.4	4.0	1.59802e-05	-82462.7	7.0	0.000109367	1.0	3876.28	81.7082	1452.14	50.7277	0.272527	0.00818796	1155.22	101.811	
1.2-1.6	6.5-30.0	0.0-10.0	0.000-1.571	0.008	0.136	4739.0	4733.0	1977.13	53.8582	2755.66	60.6559	-1.0	0.0	-0.109429	0.0326068	0.610405	0.0	3.09131	0.0	0.0434915	0.0	0.0307263	0.00213158	0.03	0.0	1.492	0.0	5.0	0.0	1.733	0.0	0.039018	0.000326987	2.31047e-05	0.000294422	0.300468	0.0157334	0.103775	0.0	0.00999984	0.0	0.0023576	0.000785548	2.09199	0.0	0.897156	0.0206138	0.999959	0.139001	0.334894	0.0407052	0.436919	0.0548595	0.0724139	0.771023	0.541852	0.0389636	0.0777638	0.00751417	-5505.96	4.0	4.3456e-05	-37235.9	4.0	1.18831e-05	1.0	1377.8	48.1428	599.329	34.2871	0.303131	0.0152497	1084.22	7.6436	
1.2-1.6	6.5-30.0	0.0-100.0	0.000-1.571	0.008	0.136	12060.0	12045.0	6269.26	107.348	5775.7	105.005	-1.0	0.0	-0.143212	0.0172287	0.610405	0.0913879	3.09131	0.000652644	0.0434915	0.00176493	0.0303754	0.0020541	0.03	0.0	1.492	0.0	5.0	0.0	1.733	0.0	0.0389108	0.000885253	2.31047e-05	0.000294422	0.284619	0.00879702	0.103775	0.0507441	0.00999984	0.0195355	0.00225449	0.00047846	2.09199	0.256609	0.948914	0.0123113	0.843712	0.100562	0.483351	0.0844305	0.468007	0.0297481	0.0705956	3.74922e-07	0.437214	0.0223105	0.0704748	1.07288e-10	-16884.6	4.0	8.69204e-05	-107757.0	7.0	1.95659e-05	1.0	4567.61	93.5833	1701.65	59.075	0.271428	0.00819704	1123.01	46.6775	
1.2-1.6	6.5-30.0	10.0-20.0	0.000-1.571	0.008	0.128	2763.0	2756.0	1414.25	45.4917	1341.6	44.6826	-1.0	0.0	-0.139346	0.0363323	0.610405	0.0	3.09131	0.0	0.0434915	0.0	0.03676	0.00384393	0.03	0.0	1.492	0.0	5.0	0.0	1.733	0.0	0.0410006	0.000671343	2.94195e-05	0.000284662	0.222485	0.013762	0.103775	0.0	0.00999984	0.0	0.00289936	0.00108403	2.09199	0.0	1.034	0.0271596	0.59631	0.0739966	0.999993	0.645325	0.636764	0.047748	0.098805	0.0178337	0.217705	0.0233294	0.145996	3.52955	-4066.81	4.0	3.23907e-05	-20500.2	4.0	6.19233e-05	1.0	986.057	41.6741	428.188	30.3379	0.302768	0.0191134	1188.43	10.589	
1.2-1.6	6.5-30.0	20.0-30.0	0.000-1.571	0.008	0.105	2024.0	2018.0	1183.22	38.56	834.767	33.7401	-1.0	0.0	-0.0760586	0.0800514	0.610405	0.0	3.09131	0.0	0.0434915	0.0	0.0257701	0.0022221	0.03	0.0	1.492	0.0	5.0	0.0	1.733	0.0	0.0375941	0.000296719	1.00889e-05	0.00459463	0.326484	0.0221948	0.103775	0.0	0.00999984	0.0	-0.0019321	0.00107611	2.09199	0.0	1.00249	0.0253714	0.898027	0.265087	0.998395	4.45553	0.711546	0.112062	0.0706993	2.32483e-06	0.153791	0.0362672	0.0705137	19.6184	-3481.45	4.0	1.18229e-05	-14700.9	4.0	4.86965e-06	1.0	878.292	35.3146	304.926	22.948	0.257709	0.0174819	1163.98	9.79184	
1.2-1.6	6.5-30.0	30.0-40.0	0.000-1.571	0.008	0.12	1248.0	1238.0	694.596	29.875	543.378	27.227	-1.0	0.0	-0.161081	0.0439322	0.610405	0.0	3.09131	0.0	0.0434915	0.0	0.0279054	0.00327938	0.03	0.0	1.492	0.0	5.0	0.0	1.733	0.0	0.0381834	0.000466863	1.72747e-05	0.00459133	0.246777	0.0305571	0.103775	0.0	0.00999984	0.0	0.00534365	0.00137386	2.09199	0.0	0.901103	0.0356529	0.902366	0.103591	0.686625	0.170386	0.308624	0.0812984	0.0921184	0.037356	0.535811	0.0561064	0.070467	3.27457e-09	-1819.64	4.0	2.1261e-06	-8348.3	4.0	1.26046e-06	1.0	565.65	29.2937	128.946	17.2331	0.185642	0.0234904	1087.15	13.2425	
1.2-1.6	6.5-30.0	40.0-50.0	0.000-1.571	0.016	0.064	653.0	639.0	463.278	23.0862	175.708	15.666	-1.0	0.0	-0.276813	0.00600477	0.610405	0.0	3.09131	0.0	0.0434915	0.0	0.0296393	0.00395401	0.03	0.0	1.492	0.0	5.0	0.0	1.733	0.0	0.0386891	0.000590068	2.95545e-05	0.000300613	0.295329	0.0332642	0.103775	0.0	0.00999984	0.0	-0.00410091	0.001992	2.09199	0.0	1.00377	0.0541372	0.999998	3.28685	0.948451	0.113016	0.43269	0.0407399	0.170234	7.93692	0.324236	0.0272285	0.111203	0.0919524	-1170.44	4.0	2.61877e-05	-4096.48	4.0	2.04171e-05	1.0	342.907	21.7845	120.37	14.7833	0.259823	0.0291655	1164.97	20.9027	
1.2-1.6	6.5-30.0	50.0-100.0	0.000-1.571	0.016	0.073	631.0	626.0	511.029	23.6692	114.962	12.8135	-1.0	0.0	-0.249936	0.0176	0.610405	0.0	3.09131	0.0	0.0434915	0.0	0.0286611	0.00283419	0.03	0.0	1.492	0.0	5.0	0.0	1.733	0.0	0.0384008	0.000412064	1.01642e-05	0.000817577	0.362307	0.0373171	0.103775	0.0	0.00999984	0.0	0.00531582	0.00187457	2.09199	0.0	0.997648	0.0526291	0.999925	4.56993	0.999954	0.0519993	0.45129	0.0961431	0.0705456	6.48611	0.301548	0.034427	0.0707447	1.68213e-05	-1256.83	4.0	2.11147e-05	-4138.04	4.0	2.63915e-06	1.0	385.101	21.839	125.928	13.8858	0.24642	0.0246591	1160.25	20.2787	
1.6-2.0	6.5-30.0	0.0-100.0	0.000-1.571	0.008	0.16	12495.0	12478.0	6199.83	121.328	6278.17	121.614	-1.0	0.0	-0.185471	0.0103047	0.57857	0.118354	3.09089	0.000793071	0.0534476	0.00260798	0.0337252	0.00348495	0.03	0.0	1.492	0.0	5.0	0.0	1.733	0.0	0.0461747	0.00150466	2.61437e-05	0.00458725	0.276133	0.00939404	0.462154	0.274076	0.00485629	0.00340939	0.00424343	5.64067e-09	1.4787	0.146906	0.881093	0.016758	0.711908	0.051347	0.838068	0.0453658	0.652559	0.0273593	0.0704381	0.015537	0.239759	0.0134185	0.307844	0.0481335	-16769.8	4.0	5.13838e-05	-110998.0	7.0	3.90638e-05	1.0	4804.62	106.19	1395.2	56.4017	0.225039	0.0079603	1195.02	91.1792	
1.6-2.4	3.0-30.0	0.0-100.0	0.000-1.571	0.008	0.264	245070.0	245060.0	46805.3	2302.04	198255.0	2264.1	-1.0	0.0	0.289723	0.0362315	0.0348677	0.0660411	3.09	0.000411636	0.0121494	0.00844596	0.0520902	0.0123377	0.03	0.0	1.89	0.0	5.0	0.0	1.44	0.0	0.0512243	0.00611072	1.05692e-05	6.49144e-05	0.293481	0.00547356	0.19593	0.106578	0.00823221	0.0041731	0.00939231	0.000193157	1.71895	0.159922	1.00128	0.00280156	0.920465	0.0190808	0.741501	0.0109815	0.768802	0.00709406	0.0707782	2.15086e-08	0.170248	0.00651698	0.468673	0.00985262	-208829.0	4.0	1.95722e-05	-2835460.0	7.0	0.275093	1.0	39330.3	1942.22	7474.95	406.787	0.159703	0.00371988	1176.89	49.7799	
1.6-2.4	3.0-4.5	0.0-100.0	0.000-1.571	0.016	0.264	171992.0	171986.0	25004.1	333.812	146984.0	483.052	-1.0	0.0	4.99998	0.286784	0.0729695	0.0129803	3.08962	0.000669632	0.02	0.000371023	0.0565038	0.0010824	0.03	0.0	1.86	0.0	5.0	0.0	1.38	0.0	0.0546708	0.000544404	8.85777e-05	0.0369611	0.316702	0.00978592	0.101357	0.069759	0.0499991	0.0925249	0.00728525	0.000236147	1.84755	0.275177	1.03444	0.00310425	0.949003	0.0220269	0.737166	0.0128361	0.704687	0.0127945	0.0711245	3.22121e-07	0.100644	0.00403863	0.470821	0.00979085	-137778.0	4.0	5.95325e-07	-1925490.0	7.0	0.000549777	1.0	22010.6	319.586	2993.46	131.853	0.119719	0.00502522	1143.49	42.2682	
1.6-2.4	3.0-5.5	0.0-100.0	0.000-1.571	0.016	0.264	209971.0	209961.0	33852.7	607.837	176105.0	712.256	-1.0	0.0	0.502446	0.0589538	0.782563	0.0283087	3.0892	0.000576888	0.047011	0.000763642	0.13	0.00337819	0.03	0.0	1.86	0.0	5.0	0.0	1.38	0.0	0.0735131	0.00156791	1.55371e-05	0.00459213	0.323165	0.00779573	0.125652	0.0884483	0.0251244	0.0167426	0.00877227	0.000210928	1.92178	0.271466	1.03358	0.00283854	0.971985	0.033773	0.716232	0.025563	0.754546	0.0284344	0.0707411	1.51487e-08	0.1236	0.0154858	0.475078	0.0122854	-171265.0	4.0	1.93949e-05	-2393240.0	7.0	0.00781036	1.0	29230.8	544.949	4621.96	168.497	0.136531	0.00433179	1182.42	56.385	
1.6-2.4	3.0-6.5	0.0-10.0	0.000-1.571	0.016	0.264	96501.0	96491.0	10734.2	218.954	85756.8	350.473	-1.0	0.0	0.0845552	0.0208085	0.777227	0.0	3.08978	0.0	0.0465724	0.0	0.056576	0.00501069	0.03	0.0	1.86	0.0	5.0	0.0	1.38	0.0	0.0489781	0.000644703	1.3729e-05	0.00459296	0.238888	0.0130991	0.173641	0.0	0.0248856	0.0	0.0124793	0.000329086	1.74699	0.0	1.07203	0.00466506	0.879153	0.0746742	0.618159	0.0384268	0.818076	0.00866412	0.0709884	3.0542e-08	0.399479	0.0113499	0.357248	0.0165812	-68411.0	4.0	7.32362e-07	-1023310.0	4.0	6.75218e-06	1.0	9138.56	214.325	1595.62	110.665	0.148648	0.00985361	1216.41	1.69873	
1.6-2.4	3.0-6.5	0.0-100.0	0.000-1.571	0.016	0.264	228321.0	228311.0	37701.2	525.761	190611.0	652.83	-1.0	0.0	0.294265	0.0320185	0.777227	0.0352364	3.08978	0.000518253	0.0465724	0.000882827	0.09	0.00261566	0.03	0.0	1.86	0.0	5.0	0.0	1.38	0.0	0.0590784	0.00102579	1.3729e-05	0.00459296	0.288046	0.00698829	0.173641	0.119565	0.0248856	0.0127773	0.0119574	0.000206944	1.74699	0.202734	1.04155	0.00287341	0.806374	0.0265201	0.714471	0.0156716	0.810111	0.00608139	0.0705939	1.50858e-08	0.236488	0.00836727	0.437949	0.0124495	-188757.0	4.0	1.1767e-05	-2622640.0	7.0	0.00664942	1.0	32656.4	482.225	5044.82	173.473	0.13381	0.00420588	1194.32	55.569	
1.6-2.4	3.0-6.5	0.0-20.0	0.000-1.571	0.016	0.264	182243.0	182233.0	25100.3	278.811	157133.0	457.828	-1.0	0.0	0.311526	0.0371366	0.777227	0.0	3.08978	0.0	0.0465724	0.0	0.09	0.0017463	0.03	0.0	1.86	0.0	5.0	0.0	1.38	0.0	0.0590784	0.000296322	1.3729e-05	0.00459296	0.253606	0.00881156	0.173641	0.0	0.0248856	0.0	0.0140347	0.000237699	1.74699	0.0	1.06608	0.00326383	0.79958	0.0346343	0.692163	0.0207177	0.830565	0.005688	0.0705579	7.19646e-09	0.30609	0.0080093	0.407462	0.0138621	-144859.0	4.0	2.00708e-06	-2050040.0	4.0	1.27856e-06	1.0	21860.5	282.435	3239.81	148.665	0.129075	0.0057467	1212.07	1.18611	
1.6-2.4	3.0-6.5	10.0-20.0	0.000-1.571	0.016	0.209	85742.0	85583.0	13761.7	194.888	71821.3	309.848	-1.0	0.0	2.47907	1.02313	0.777227	0.0	3.08978	0.0	0.0465724	0.0	0.09	0.000707945	0.03	0.0	1.86	0.0	5.0	0.0	1.38	0.0	0.0590784	0.000120128	1.37782e-05	0.00459294	0.288684	0.0113661	0.173641	0.0	0.0248856	0.0	0.0124403	0.000339915	1.74699	0.0	1.01903	0.00451283	0.804188	0.0317005	0.828609	0.0156661	0.772031	0.0131179	0.0707417	2.77461e-08	0.132221	0.00761121	0.44182	0.0200038	-77453.2	4.0	1.10348e-06	-899133.0	4.0	3.39716e-05	1.0	12108.1	193.153	1653.52	91.9456	0.120154	0.00646098	1178.16	1.61277	
1.6-2.4	3.0-6.5	20.0-30.0	0.000-1.571	0.016	0.192	25288.0	25282.0	5139.78	132.985	20141.2	180.765	-1.0	0.0	0.102169	0.0473481	0.777227	0.0	3.08978	0.0	0.0465724	0.0	0.0793126	0.00886849	0.03	0.0	1.86	0.0	5.0	0.0	1.38	0.0	0.0555621	0.00141009	1.37746e-05	0.00459294	0.282776	0.0133714	0.173641	0.0	0.0248856	0.0	-0.000883042	0.000597001	1.74699	0.0	0.95151	0.00851202	0.931929	0.0491158	0.784307	0.0278909	0.613709	0.0346756	0.0708784	1.15102e-07	0.0841031	0.00597057	0.378429	0.0228079	-23048.5	4.0	6.10635e-07	-235292.0	4.0	0.000685822	1.0	4159.52	122.725	980.259	64.2055	0.19072	0.0114759	1130.54	2.96006	
1.6-2.4	3.0-6.5	20.0-40.0	0.000-1.571	0.016	0.192	37399.0	37385.0	8483.62	173.723	28899.3	224.89	-1.0	0.0	0.125844	0.0441474	0.777227	0.0	3.08978	0.0	0.0465724	0.0	0.0755344	0.00761328	0.03	0.0	1.86	0.0	5.0	0.0	1.38	0.0	0.0543766	0.00117798	1.37746e-05	0.00459294	0.310077	0.0116567	0.173641	0.0	0.0248856	0.0	0.00101885	0.000482067	1.74699	0.0	0.947328	0.0069317	0.898637	0.0408985	0.795075	0.0244361	0.643867	0.0242599	0.0707835	1.42728e-07	0.0932335	0.00526326	0.355708	0.020027	-35107.5	4.0	2.37414e-06	-363162.0	4.0	0.000429411	1.0	6979.62	159.324	1504.0	76.846	0.177283	0.00829886	1127.63	2.40609	
1.6-2.4	3.0-6.5	30.0-40.0	0.000-1.571	0.016	0.152	12111.0	11990.0	3126.34	79.0619	8863.42	109.485	-1.0	0.0	0.323117	0.164175	0.777227	0.0	3.08978	0.0	0.0465724	0.0	0.0359117	0.00507511	0.03	0.0	1.86	0.0	5.0	0.0	1.38	0.0	0.0444195	0.000457025	1.3843e-05	0.00459291	0.368406	0.0228868	0.173641	0.0	0.0248856	0.0	0.0051887	0.00081719	1.74699	0.0	0.936072	0.0117796	0.999993	0.0790369	0.471201	0.0915023	0.702563	0.0381768	0.0709248	6.02009e-05	0.165645	0.0138045	0.104235	0.0176175	-12458.7	4.0	8.8428e-05	-103336.0	4.0	0.000170163	1.0	2633.15	76.3536	493.19	39.3859	0.157753	0.0119497	1119.83	4.06842	
1.6-2.4	3.0-6.5	40.0-100.0	0.000-1.571	0.016	0.168	8678.0	8673.0	3714.4	76.4691	4958.64	84.2095	-1.0	0.0	5.0	6.70873	0.777227	0.0	3.08978	0.0	0.0465724	0.0	0.0529304	0.00387431	0.03	0.0	1.86	0.0	5.0	0.0	1.38	0.0	0.0480617	0.000475262	1.33924e-05	0.00459311	0.337577	0.0195337	0.173641	0.0	0.0248856	0.0	0.00466659	0.000830721	1.74699	0.0	0.838336	0.0121098	0.934816	0.337872	0.791605	0.202461	0.66468	0.108033	0.0707423	0.0480357	0.177833	0.0341684	0.248997	0.138718	-10335.5	4.0	1.53194e-05	-73305.1	4.0	1.70764e-05	1.0	3163.51	75.275	550.889	39.4122	0.148312	0.0101618	1053.91	3.98008	
1.6-2.4	3.0-6.5	40.0-50.0	0.000-1.571	0.016	0.145	5193.0	5159.0	1865.3	55.2741	3293.93	66.9579	-1.0	0.0	4.99999	6.17013	0.777227	0.0	3.08978	0.0	0.0465724	0.0	0.045903	0.00465486	0.03	0.0	1.86	0.0	5.0	0.0	1.38	0.0	0.0464241	0.000512669	1.39771e-05	0.00459285	0.332044	0.025993	0.173641	0.0	0.0248856	0.0	0.00467137	0.00100154	1.74699	0.0	0.735035	0.0157526	0.796203	0.167561	0.894911	0.0932953	0.568544	0.0964714	0.0708415	3.71576e-07	0.128248	0.0248067	0.2589	0.0890289	-6038.36	4.0	3.08149e-05	-40596.9	4.0	4.05646e-05	1.0	1577.13	53.6981	288.169	27.7895	0.154489	0.0141774	988.135	4.84153	
1.6-2.4	3.0-6.5	50.0-100.0	0.000-1.571	0.016	0.168	3485.0	3485.0	1902.52	55.8227	1582.54	52.8743	-1.0	0.0	0.650503	0.903285	0.777227	0.0	3.08978	0.0	0.0465724	0.0	0.0724637	0.00866148	0.03	0.0	1.86	0.0	5.0	0.0	1.38	0.0	0.0534376	0.00130827	1.33924e-05	0.00459311	0.343649	0.026793	0.173641	0.0	0.0248856	0.0	0.00478962	0.00138568	1.74699	0.0	0.908467	0.018846	0.960995	0.0933861	0.711264	0.0874952	0.6723	0.0370706	0.0704411	2.15874e-08	0.195281	0.0199131	0.229167	0.041668	-4479.0	4.0	6.3373e-05	-26695.9	4.0	1.19394e-06	1.0	1601.51	54.5644	301.012	29.1061	0.158218	0.0145774	1100.89	6.42576	
1.6-2.4	4.5-5.5	0.0-100.0	0.000-1.571	0.016	0.192	37979.0	37919.0	7587.81	146.621	30331.4	210.315	-1.0	0.0	-0.181684	0.00442979	0.981572	0.0203163	3.08908	0.000969619	0.049109	0.0013158	0.0156963	0.00956985	0.03	0.0	1.86	0.0	5.0	0.0	1.38	0.0	0.048701	0.000689819	2.24592e-05	0.000300031	0.321279	0.0122692	0.168306	0.155053	0.0139897	0.0158776	0.00930827	0.000459141	1.94031	0.379299	1.06496	0.00707043	0.996446	0.0782411	0.55286	0.0427277	0.845964	0.00633611	0.107881	9.28635e-08	0.315519	0.0162799	0.258018	0.0208036	-34152.9	4.0	1.13042e-05	-368575.0	7.0	0.00675792	1.0	6108.59	135.355	1479.22	72.1452	0.194947	0.00872997	1255.74	95.0423	
1.6-2.4	5.5-6.5	0.0-100.0	0.000-1.571	0.016	0.168	18350.0	18310.0	5280.91	4471.96	13028.8	4466.51	-1.0	0.0	-0.197786	0.00567781	0.932929	9.12931	3.09313	0.021992	0.0518068	0.22667	0.0298353	0.708575	0.03	0.0	1.86	0.0	5.0	0.0	1.38	0.0	0.0506324	0.135788	1.49587e-05	0.00459239	0.281307	0.0125945	0.433557	0.413492	0.016385	0.017632	0.00845646	0.000762895	1.45242	0.194727	0.870014	0.013753	0.503038	0.0724744	0.840716	0.0876429	0.67211	0.0453566	0.0705793	0.0202798	0.303052	0.0181781	0.200674	0.0465001	-18399.7	4.0	6.43989e-07	-165762.0	7.0	0.000210451	1.0	4318.05	3656.91	962.866	816.837	0.18233	0.00926773	1159.03	131.757	
1.6-2.4	6.5-30.0	0.0-10.0	0.000-1.571	0.008	0.184	6570.0	6570.0	2732.38	65.1444	3837.53	73.1353	-1.0	0.0	-0.184832	0.0119338	0.716742	0.0	3.09074	0.0	0.0552053	0.0	0.0303605	0.00256967	0.03	0.0	1.492	0.0	5.0	0.0	1.733	0.0	0.0494516	0.000223439	6.70809e-05	0.00017923	0.298077	0.016502	0.211707	0.0	0.00199102	0.0	0.00456051	0.000885342	1.6767	0.0	1.08918	0.0200387	0.698837	0.227883	0.755723	0.860816	0.660774	0.0299244	0.0706055	0.0851672	0.28552	0.103207	0.213812	0.321625	-7589.07	4.0	5.66678e-07	-53533.3	4.0	3.31114e-06	1.0	2189.63	61.6935	542.752	35.3305	0.198637	0.0120318	1237.07	6.95398	
1.6-2.4	6.5-30.0	0.0-100.0	0.000-1.571	0.008	0.152	16748.0	16725.0	8420.24	139.294	8305.05	138.843	-1.0	0.0	-0.190411	0.00801072	0.716742	0.0853397	3.09074	0.000699067	0.0552053	0.00212039	0.029791	0.00370548	0.03	0.0	1.492	0.0	5.0	0.0	1.733	0.0	0.0493534	0.00130185	2.77437e-05	0.00458652	0.259817	0.00748861	0.211707	0.175346	0.00199102	0.00574194	0.00366005	0.000488782	1.6767	0.235346	0.923016	0.0111856	0.729275	0.000968557	0.649979	0.00149495	0.550308	0.000858008	0.0705071	0.854052	0.254953	0.000517915	0.0716491	0.038172	-22568.0	4.0	4.82344e-05	-153675.0	7.0	0.000112708	1.0	6410.62	122.466	2009.62	69.6895	0.238666	0.00727401	1125.51	84.9361	
1.6-2.4	6.5-30.0	10.0-20.0	0.000-1.571	0.008	0.16	4191.0	4191.0	2007.99	54.932	2183.03	56.5025	-1.0	0.0	-0.17279	0.0190213	0.716742	0.0	3.09074	0.0	0.0552053	0.0	0.0312807	0.00425963	0.03	0.0	1.492	0.0	5.0	0.0	1.733	0.0	0.0496137	0.000380363	2.91966e-05	0.00458585	0.222833	0.0132079	0.211707	0.0	0.00199102	0.0	0.00134255	0.00102518	1.6767	0.0	0.966576	0.0216894	0.999957	0.174107	0.709933	0.0595889	0.641537	0.0358206	0.0708764	0.791542	0.137183	0.0154437	0.248881	0.0373998	-5717.43	4.0	1.07715e-05	-32557.1	4.0	1.51933e-05	1.0	1513.34	52.8458	494.649	35.5224	0.246341	0.0163566	1153.97	7.16053	
1.6-2.4	6.5-30.0	20.0-30.0	0.000-1.571	0.008	0.152	2674.0	2674.0	1485.63	44.1495	1188.28	40.6423	-1.0	0.0	-0.214045	0.0131607	0.716742	0.0	3.09074	0.0	0.0552053	0.0	0.0243023	0.00258437	0.03	0.0	1.492	0.0	5.0	0.0	1.733	0.0	0.0484939	0.000183429	2.77437e-05	0.00458652	0.288256	0.0181338	0.211707	0.0	0.00199102	0.0	0.00443675	0.00106166	1.6767	0.0	0.846177	0.0254755	0.718381	0.08696	0.837632	0.0717522	0.678696	0.0490194	0.0706288	4.86539e-08	0.201893	0.0263861	0.433503	0.113221	-4018.76	4.0	9.30261e-07	-19906.7	4.0	8.02013e-06	1.0	1102.09	40.8967	383.544	27.0147	0.258168	0.0164862	1076.85	7.89017	
1.6-2.4	6.5-30.0	30.0-40.0	0.000-1.571	0.008	0.12	1633.0	1630.0	997.452	35.7407	632.378	30.2074	-1.0	0.0	-0.206114	0.021555	0.716742	0.0	3.09074	0.0	0.0552053	0.0	0.0260952	0.00316855	0.03	0.0	1.492	0.0	5.0	0.0	1.733	0.0	0.048757	0.000240179	7.90451e-05	0.000185159	0.21691	0.0157753	0.211707	0.0	0.00199102	0.0	0.00109696	0.00137185	1.6767	0.0	0.844617	0.0302067	1.0	0.0691229	1.0	0.142462	0.733374	0.0356049	0.0704555	2.37934e-09	0.26798	0.0347475	0.0722655	3.77922e-06	-2622.02	4.0	1.21657e-08	-11446.7	4.0	8.70492e-05	1.0	679.063	33.7954	318.389	26.0812	0.319202	0.0235136	1075.88	9.34662	
1.6-2.4	6.5-30.0	40.0-50.0	0.000-1.571	0.008	0.136	890.0	889.0	579.327	26.701	309.696	21.055	-1.0	0.0	-0.238	0.0154486	0.716742	0.0	3.09074	0.0	0.0552053	0.0	0.0300174	0.00384136	0.03	0.0	1.492	0.0	5.0	0.0	1.733	0.0	0.0493922	0.000330638	6.70209e-05	0.882424	0.237092	0.0247857	0.211707	0.0	0.00199102	0.0	0.000487705	0.0015221	1.6767	0.0	0.678159	0.0352555	0.745638	0.0745767	0.999879	0.0381313	0.421341	0.0803984	0.0705726	3.1576e-09	0.253608	0.0355162	0.132601	2.76204	-1505.53	4.0	2.1253e-06	-5764.06	4.0	1.4727e-06	1.0	432.805	25.3109	146.522	16.9803	0.252917	0.0268927	978.628	9.6294	
1.6-2.4	6.5-30.0	50.0-100.0	0.000-1.571	0.008	0.088	787.0	770.0	604.063	26.7298	165.827	16.6225	-1.0	0.0	-0.143954	0.0979331	0.716742	0.0	3.09074	0.0	0.0552053	0.0	0.0458323	0.00672506	0.03	0.0	1.492	0.0	5.0	0.0	1.733	0.0	0.0527198	0.000828031	7.21792e-05	0.000182081	0.215865	0.0249289	0.211707	0.0	0.00199102	0.0	0.00399257	0.00194742	1.6767	0.0	0.82187	0.0423129	0.771321	0.109989	0.999904	0.875446	0.255971	0.103106	0.0706423	0.0334047	0.224514	0.0345544	0.07051	2.86955e-05	-1522.49	4.0	2.24184e-05	-5028.75	4.0	4.36909e-05	1.0	476.158	26.3579	127.905	16.8174	0.211742	0.0262165	1061.91	12.9077	
2.0-2.4	6.5-30.0	0.0-100.0	0.000-1.571	0.008	0.152	4253.0	4251.0	2292.04	63.6384	1959.09	60.9588	-1.0	0.0	-0.200366	0.0136012	0.858854	0.0536395	3.09097	0.00150865	0.0619014	0.00287887	0.0231658	0.00417922	0.03	0.0	1.492	0.0	5.0	0.0	1.733	0.0	0.0580232	0.00152751	7.87116e-05	0.000484264	0.226488	0.0123305	0.0616687	0.0610904	-0.00999983	0.0176875	0.002066	0.00083816	2.1655	0.541626	0.916158	0.0179748	0.81179	0.0480365	0.999997	0.218951	0.632335	0.0340808	0.121369	0.0246324	0.198011	0.0146492	0.147445	0.00101634	-6004.18	4.0	4.3111e-06	-33261.2	7.0	2.13888e-05	1.0	1698.44	58.22	593.599	37.913	0.258983	0.0148965	1037.68	66.9405	
