ctau2mm
rap	pT	cent	dPhi	ctauErrMin	ctauErrMax	NoCutEntry	CutEntry	NSig	NSigErr	NBkg	NBkgErr	coefExp	coefExpErr	coefPol1	coefPol1Err	coeffGaus	coeffGausErr	meanSig1	meanSig1Err	sigmaSig1	sigmaSig1Err	sigmaSig2	sigmaSig2Err	sigmaSig3	sigmaSig3Err	alpha	alphaErr	enne	enneErr	enneW	enneWErr	sigWidth	sigWidthErr	Gmc	GmcErr	bTau	bTauErr	fracRes	fracResErr	meanResSigW	meanResSigWErr	meanResSigN	meanResSigNErr	sigmaResSigW	sigmaResSigWErr	sigmaResSigN	sigmaResSigNErr	fpm	fpmErr	fLiving	fLivingErr	fbkgCtTot	fbkgCtTotErr	lambdam	lambdamErr	lambdap	lambdapErr	lambdasym	lambdasymErr	NLL	nFitPar	EDM	NLLMass	nFitParMass	EDMMass	Prob	PROMPT	PROMPTErr	NON-PROMPT	NON-PROMPTErr	Bfraction	BfractionErr	Resolution	ResolutionErr	
0.0-0.4	6.5-30.0	0.0-100.0	0.000-1.571	0.008	0.105	8532.0	8520.0	7362.03	147.852	1158.14	75.8598	-1.03519	0.181333	-0.05	0.0	0.419021	0.144054	3.0937	0.000423957	0.0151219	0.00191	0.0232095	0.000997787	0.03	0.0	1.696	0.05	5.0	0.0	1.718	0.07	0.0202184	0.000447532	1.68647e-05	3.60603e-05	0.367681	0.0119055	0.0412563	0.0187466	-0.00568417	0.00506639	0.000269063	0.000658377	1.9561	0.23217	0.97612	0.0195523	0.960214	0.0334525	0.906771	0.0726579	0.183895	0.0972003	0.340587	0.280319	0.352941	0.0243496	0.0701925	0.0948527	-56806.3	4.0	296.736	-196709.0	7.0	421.508	1.0	5345.34	127.769	2016.69	80.2566	0.273931	0.00941147	1.03507	0.0181474	
0.0-1.2	6.5-30.0	0.0-100.0	0.000-1.571	0.008	0.145	29860.0	29843.0	25787.7	259.504	4054.72	126.943	-1.06657	0.0974024	-0.05	0.0	0.377133	0.044485	3.09372	0.000275909	0.0183677	0.00104673	0.0311867	0.000483278	0.03	0.0	1.696	0.05	5.0	0.0	1.718	0.07	0.0270747	0.000340693	3.35891e-05	7.03403e-08	0.367058	0.00709904	0.0363835	0.00953099	-0.00179413	0.00321886	0.00033913	0.000346478	2.02745	0.140729	0.988967	0.0103533	0.970948	0.0248909	0.916684	0.0336818	0.260891	0.0395188	0.0492034	0.0769444	0.41001	0.0166623	0.194652	0.0512903	-173610.0	4.0	438.85	-751288.0	7.0	306.478	1.0	18692.2	230.262	7095.48	150.786	0.27515	0.00515007	1.045	0.00989811	
0.0-2.4	10.0-13.0	0.0-100.0	0.000-1.571	0.008	0.145	11931.0	11922.0	10160.2	146.835	1762.32	84.5846	-1.2199	0.132093	-0.05	0.0	0.453659	0.0645654	3.09341	0.000474743	0.0465448	0.00276339	0.0233516	0.000962447	0.03	0.0	1.696	0.05	5.0	0.0	1.718	0.07	0.0357874	0.00110845	5.4086e-05	1.12806e-09	0.384833	0.0106308	0.0847722	0.0318272	0.00318917	0.00280993	0.000679265	0.000481885	1.61951	0.135984	0.944721	0.0149046	0.838468	1.09195	0.976501	0.0225362	0.136864	0.934196	0.0286759	0.0708821	0.396138	0.0233439	0.157695	0.0870538	-43379.5	4.0	8.74194	-198308.0	7.0	59.8381	1.0	7067.01	126.772	3093.15	87.3975	0.304439	0.00739164	1.0194	0.0174988	
0.0-2.4	10.0-30.0	0.0-100.0	0.000-1.571	0.008	0.145	18739.0	18728.0	15679.5	180.584	3048.85	107.81	-1.22914	0.0990717	-0.05	0.0	0.463296	0.0517712	3.09353	0.000373647	0.0455345	0.00214103	0.0229312	0.000733571	0.03	0.0	1.696	0.05	5.0	0.0	1.718	0.07	0.0352535	0.000865778	1.34171e-05	1.68501e-09	0.373023	0.00757671	0.061429	0.0187332	-0.00106161	0.00252365	0.000280169	0.000361506	1.76588	0.127349	0.968641	0.0119412	0.946522	0.0354523	0.962734	0.0151097	0.238673	0.0287236	0.0265522	0.0103998	0.417225	0.0164266	0.171188	0.0523116	-63115.6	4.0	15.9315	-315745.0	7.0	92.7138	1.0	10202.7	151.162	5476.83	114.11	0.349298	0.00606463	1.03546	0.0130078	
0.0-2.4	11.0-13.0	0.0-100.0	0.000-1.571	0.008	0.145	6378.0	6375.0	5442.13	108.336	933.222	64.2133	-1.34657	0.184327	-0.05	0.0	0.346911	0.0843799	3.09367	0.000643325	0.0535439	0.00594887	0.0248714	0.00141204	0.03	0.0	1.696	0.05	5.0	0.0	1.718	0.07	0.0373974	0.00197107	1.95666e-05	9.68631e-08	0.392528	0.0140814	0.152755	0.0965681	0.00355134	0.00260494	0.000119004	0.000700056	1.43754	0.174684	0.955511	0.0225171	0.994647	17.1466	0.952614	0.167413	0.249246	2.66625	0.00250382	30.6803	0.39115	0.0271523	0.110504	0.0662534	-21782.3	4.0	4.05291	-97117.4	7.0	45.1181	1.0	3637.58	91.2726	1804.55	66.1628	0.331589	0.0102095	1.04365	0.0335563	
0.0-2.4	13.0-16.0	0.0-100.0	0.000-1.571	0.008	0.081	4039.0	4034.0	3275.2	78.5874	759.348	46.9092	-1.08493	0.193005	-0.05	0.0	0.604233	0.0836143	3.09352	0.000759296	0.0412859	0.00270403	0.0182296	0.00155988	0.03	0.0	1.696	0.05	5.0	0.0	1.718	0.07	0.0340801	0.00130962	2.62966e-05	2.93314e-11	0.371223	0.0155055	0.0297848	0.0145497	-0.01	0.0133005	-0.000477369	0.000760279	2.21078	0.332015	1.01024	0.0259793	0.992071	42.2014	0.942431	1.80116	0.282409	28.4548	0.00279375	39.5166	0.451992	0.0802145	0.219238	0.224971	-12523.8	4.0	2.97547	-55368.1	7.0	19.6896	1.0	2010.03	65.12	1265.17	53.2545	0.386288	0.0133594	1.06573	0.0205457	
0.0-2.4	13.0-30.0	0.0-100.0	0.000-1.571	0.008	0.081	6807.0	6801.0	5511.24	103.67	1289.66	63.6316	-1.25152	0.15069	-0.05	0.0	0.497236	0.0710592	3.09383	0.000608126	0.0434292	0.00276303	0.0217617	0.000640337	0.03	0.0	1.696	0.05	5.0	0.0	1.718	0.07	0.0342918	0.00114139	1.00764e-05	1.42678e-08	0.362314	0.0109205	0.0330329	0.0174075	-0.00922003	0.0132591	-0.000190757	0.00055292	2.0516	0.269494	1.00462	0.0201113	0.999028	9.95219	0.961275	0.146131	0.300769	2.59229	0.00193334	17.1869	0.44395	0.0327651	0.235999	0.133185	-19941.3	4.0	3.00052	-97182.4	7.0	34.3371	1.0	3161.81	82.2022	2349.44	71.9236	0.426299	0.010296	1.05592	0.0182836	
0.0-2.4	16.0-30.0	0.0-100.0	0.000-1.571	0.008	0.056	2767.0	2756.0	2262.25	62.6888	494.757	35.224	-1.36452	0.242901	-0.05	0.0	0.155562	0.0838114	3.09377	0.000942353	0.0149829	0.00270388	0.0368332	0.00264021	0.03	0.0	1.696	0.05	5.0	0.0	1.718	0.07	0.0343593	0.00119853	3.3375e-05	9.01575e-05	0.354327	0.015309	0.109582	0.115936	-0.0012168	0.00405477	0.000192324	0.000853891	1.51989	0.290444	0.970435	0.0344333	0.988742	55.4095	0.985714	0.918442	0.30505	55.6975	0.00101608	86.7521	0.431668	0.142721	0.240286	0.846247	-7472.3	4.0	0.621906	-34406.7	7.0	13.3871	1.0	1170.86	48.4606	1091.4	47.0149	0.482438	0.0159117	1.04484	0.0466836	
0.0-2.4	6.5-30.0	0.0-100.0	0.000-1.571	0.004	0.224	66573.0	66551.0	56883.3	400.855	9668.58	224.888	-1.10633	0.0653016	-0.05	0.0	0.460643	0.0370407	3.09241	0.00025324	0.0470159	0.00097931	0.0254587	0.000831973	0.03	0.0	1.696	0.05	5.0	0.0	1.718	0.07	0.0369842	0.000509015	1.258e-05	6.33362e-07	0.365548	0.00526358	0.0395513	0.00542533	-0.00065644	0.00248699	0.00047426	0.000246676	2.1898	0.0895116	0.962275	0.00666824	0.97828	0.0676239	0.858478	0.0901718	0.288985	0.0396675	0.044358	0.0716477	0.421759	0.0173955	0.132363	0.0415418	-342244.0	4.0	418.883	-1756470.0	7.0	44.2166	1.0	42463.3	359.533	14420.0	223.711	0.253501	0.00350367	1.03875	0.00694622	
0.0-2.4	6.5-7.5	0.0-100.0	0.000-1.571	0.008	0.168	19760.0	19747.0	17135.8	306.035	2611.97	187.113	-0.739561	0.177044	-0.05	0.0	0.453767	0.143678	3.09123	0.000663795	0.0494208	0.00248269	0.0280309	0.00346007	0.03	0.0	1.696	0.05	5.0	0.0	1.718	0.07	0.0392107	0.000980009	1.46325e-05	1.04365	0.390445	0.0152676	0.0274931	0.00809829	0.00662081	0.0166341	0.000707374	0.00066139	2.51531	0.251785	0.979432	0.0138898	0.986324	0.0132767	0.642569	0.0943025	0.271687	0.100679	0.487228	0.510672	0.404609	0.0288515	0.063202	0.013887	-150851.0	4.0	68.914	-657095.0	7.0	3892.0	1.0	14009.7	278.331	3126.08	134.1	0.18243	0.00711527	1.05207	0.0146526	
0.0-2.4	6.5-8.0	0.0-100.0	0.000-1.571	0.008	0.168	27566.0	27549.0	23790.8	305.531	3758.34	171.17	-0.84923	0.123849	-0.05	0.0	0.503319	0.0845037	3.09136	0.000493035	0.0482524	0.00119585	0.026493	0.00235971	0.03	0.0	1.696	0.05	5.0	0.0	1.718	0.07	0.0389934	0.00103617	1.06819e-05	6.35669e-06	0.387521	0.0119735	0.0375559	0.00876698	-0.000429432	0.00619673	0.000853789	0.000521472	2.2911	0.169192	0.965064	0.0113146	0.988766	0.0145213	0.633761	0.0605847	0.266432	0.0621345	0.402837	0.467488	0.421525	0.024222	0.0725314	0.0116905	-191319.0	4.0	86.1688	-870015.0	7.0	2922.95	1.0	19233.7	283.391	4557.16	150.743	0.191551	0.00583914	1.04571	0.0124741	
0.0-2.4	6.5-8.5	0.0-100.0	0.000-1.571	0.008	0.168	34172.0	34152.0	29457.9	317.253	4695.56	172.009	-0.938253	0.106671	-0.05	0.0	0.488105	0.0667003	3.09144	0.000412564	0.0479143	0.00086413	0.0266701	0.00186133	0.03	0.0	1.696	0.05	5.0	0.0	1.718	0.07	0.0385317	0.000804798	2.38435e-05	5.23465e-06	0.375681	0.0100435	0.0366796	0.00717041	-0.00262645	0.00533113	0.00123622	0.000441799	2.32876	0.146774	0.965909	0.00991007	0.993141	132.496	0.670136	32.2419	0.295464	62.361	0.00102898	268.013	0.4285	0.289717	0.103442	0.151016	-222281.0	4.0	98.2113	-1037530.0	7.0	495.261	1.0	23663.4	296.386	5794.5	163.682	0.196705	0.00513678	1.0477	0.0106858	
0.0-2.4	7.5-8.5	0.0-100.0	0.000-1.571	0.008	0.136	14411.0	14391.0	12310.4	181.209	2081.43	99.7945	-1.19923	0.139551	-0.05	0.0	0.544342	0.0743999	3.09174	0.00054087	0.0458928	0.0017599	0.0244317	0.00188097	0.03	0.0	1.696	0.05	5.0	0.0	1.718	0.07	0.0376623	0.000986665	3.5227e-05	4.17602e-05	0.359229	0.0128133	0.0451238	0.0121541	-0.0072094	0.00561322	0.00181633	0.000571037	2.1991	0.182947	0.9436	0.013674	0.985832	0.00907474	0.604589	0.0649453	0.148514	0.063989	0.40399	0.219917	0.447269	0.0316007	0.077567	0.0116755	-71503.8	4.0	5.60901	-317011.0	7.0	3.44456	1.0	9650.36	167.937	2660.06	97.7599	0.216082	0.00727641	1.03365	0.0157215	
0.0-2.4	8.0-10.0	0.0-100.0	0.000-1.571	0.008	0.136	20267.0	20254.0	17392.8	204.28	2861.6	113.753	-1.31287	0.113088	-0.05	0.0	0.408397	0.0591927	3.09265	0.000408377	0.0457488	0.00209023	0.0265389	0.000920087	0.03	0.0	1.696	0.05	5.0	0.0	1.718	0.07	0.0356571	0.000820393	1.06093e-05	3.63822e-09	0.345845	0.00907512	0.0493876	0.0109542	0.000525422	0.00399226	0.000755746	0.000423305	2.11013	0.137345	0.936684	0.0108292	0.850324	0.0739768	0.862645	0.0346836	0.148857	0.0783249	0.0219693	0.00562813	0.446855	0.0219011	0.155087	0.0284239	-89194.0	4.0	9.95958	-409827.0	7.0	34.9106	1.0	13200.9	186.236	4191.99	114.319	0.241018	0.00593194	1.02662	0.0127125	
0.0-2.4	8.5-9.5	0.0-100.0	0.000-1.571	0.008	0.136	9991.0	9987.0	8591.2	141.21	1396.24	77.2446	-1.22559	0.161367	-0.05	0.0	0.393317	0.0874679	3.09323	0.000564501	0.0448523	0.00268818	0.0262614	0.00152822	0.03	0.0	1.696	0.05	5.0	0.0	1.718	0.07	0.03478	0.00113058	1.61471e-05	3.66487e-06	0.358698	0.0132547	0.0510208	0.0152692	0.00361757	0.00549739	0.000687013	0.00058799	2.16101	0.191159	0.936098	0.0149188	0.975644	0.174707	0.916822	0.225898	0.251221	0.0513883	0.0540081	0.0706244	0.453931	0.0435612	0.163986	0.227071	-43757.7	4.0	4.67275	-185643.0	7.0	20.245	1.0	6521.24	129.025	2069.95	79.4739	0.240939	0.00836006	1.03433	0.0184628	
0.0-2.4	9.5-11.0	0.0-100.0	0.000-1.571	0.008	0.128	9223.0	9215.0	7859.24	129.057	1356.37	71.0085	-1.28474	0.15315	-0.05	0.0	0.530033	0.0717525	3.09286	0.000557713	0.0432418	0.00218534	0.0231323	0.00122418	0.03	0.0	1.696	0.05	5.0	0.0	1.718	0.07	0.03525	0.00100087	4.61932e-05	1.75574e-06	0.359084	0.0122474	0.0946533	0.0370468	0.00139483	0.00321146	-0.000570769	0.000571489	1.57638	0.138864	0.91541	0.0162316	0.861566	0.0522522	0.920314	0.0390884	0.128505	0.0561404	0.0287944	0.0105362	0.426937	0.0270937	0.158837	0.0516951	-36070.4	4.0	8.78656	-154750.0	7.0	30.615	1.0	5705.1	114.624	2154.14	74.9217	0.27409	0.00840354	0.996931	0.0196883	
0.4-0.8	6.5-30.0	0.0-100.0	0.000-1.571	0.008	0.073	9548.0	9507.0	8148.69	155.277	1358.44	77.5488	-1.24433	0.184307	-0.05	0.0	0.344397	0.100878	3.09464	0.000478361	0.0291066	0.00152233	0.0207282	0.00120789	0.03	0.0	1.696	0.05	5.0	0.0	1.718	0.07	0.023947	0.000642138	3.62012e-05	2.19645e-10	0.35822	0.0125373	0.0440704	0.0189422	-0.00335026	0.0047604	-0.000647933	0.000655567	1.94023	0.224231	0.987405	0.0199311	0.993885	6.60654	0.873814	1.28428	0.204753	0.151434	0.110187	0.158823	0.440725	0.166424	0.115139	0.0421418	-63011.4	4.0	231.622	-245066.0	7.0	54.1323	1.0	5739.96	135.935	2408.74	92.8533	0.295598	0.00990531	1.04781	0.0179788	
0.8-1.2	6.5-30.0	0.0-100.0	0.000-1.571	0.008	0.145	11779.0	11776.0	10048.2	153.809	1727.98	81.7186	-1.10922	0.143864	-0.05	0.0	0.553858	0.0861872	3.09345	0.000525839	0.0351659	0.00145078	0.0284588	0.00196344	0.03	0.0	1.696	0.05	5.0	0.0	1.718	0.07	0.0323459	0.000648144	2.63171e-05	3.12815e-11	0.376574	0.0122507	0.0252228	0.0123352	0.00474538	0.0064379	0.00106278	0.000517303	2.22391	0.299687	1.00684	0.0151574	0.951991	29.0262	0.952469	1.97387	0.334706	29.1208	0.00104536	13.441	0.432776	0.0325654	0.218103	0.121239	-54943.9	4.0	33.8226	-232556.0	7.0	7.32672	1.0	7485.47	138.026	2562.71	86.3783	0.255043	0.00765881	1.05495	0.0156622	
1.2-1.6	6.5-30.0	0.0-100.0	0.000-1.571	0.004	0.152	14657.0	14649.0	12735.6	181.095	1914.1	95.4939	-0.875147	0.147949	-0.05	0.0	0.539742	0.0852076	3.08948	0.000589579	0.0340035	0.00129213	0.0474761	0.0032037	0.03	0.0	1.696	0.05	5.0	0.0	1.718	0.07	0.0407613	0.00107291	3.02336e-05	2.07313e-10	0.370953	0.0115278	0.0605824	0.0181432	-0.00143211	0.00425656	0.00124388	0.000516393	1.97565	0.161837	0.953908	0.0136797	0.999999	10.2394	0.737805	0.0123605	0.290414	0.0056079	0.101909	9.94103	0.470147	0.00576976	0.0934998	0.00292705	-69015.6	4.0	19.6226	-313846.0	7.0	3.01014	1.0	9508.8	163.733	3226.75	103.11	0.253366	0.00725047	1.04464	0.0170086	
1.6-2.0	6.5-30.0	0.0-100.0	0.000-1.571	0.004	0.145	15285.0	15274.0	12980.1	193.727	2294.02	113.921	-1.29723	0.142368	-0.05	0.0	0.70943	0.101881	3.09015	0.000690028	0.0491241	0.00132579	0.0372312	0.00438694	0.03	0.0	1.696	0.05	5.0	0.0	1.718	0.07	0.0459865	0.000917715	1.47067e-05	3.70281e-07	0.353723	0.0116335	0.0692177	0.0151298	0.00589367	0.00445577	0.00066723	0.000559637	2.03396	0.13573	0.916763	0.0133504	0.991927	0.0134878	0.769127	0.0329635	0.303107	0.0284223	0.395486	0.502014	0.429199	0.0262397	0.0820472	0.0183493	-71938.3	4.0	29.6194	-340091.0	7.0	4.20526	1.0	10028.9	177.28	2951.25	104.71	0.227367	0.00731851	1.03375	0.016164	
1.6-2.4	3.0-30.0	0.0-100.0	0.000-1.571	0.004	0.24	79048.0	78945.0	66711.7	1010.79	12233.7	869.243	-0.369145	0.134545	-0.05	0.0	0.306787	0.279587	3.0894	0.000467763	0.06531	0.0122597	0.0423465	0.00449371	0.03	0.0	2.059	0.08	5.0	0.0	1.41	0.1	0.0505139	0.00275981	1.74679e-05	5.09545e-05	0.362104	0.0073916	0.0595191	0.00808293	0.00568574	0.00364107	9.4897e-05	0.000404088	2.03068	0.0819978	0.91948	0.00753756	0.988312	0.0329445	0.593939	0.180035	0.331148	0.211953	1.1425	18.7292	0.4316	0.0232785	0.0689527	0.037212	-641816.0	4.0	1898.3	-3695150.0	7.0	9955.43	1.0	56722.1	896.223	9989.6	295.815	0.149743	0.00380982	1.02008	0.00871653	
1.6-2.4	3.0-4.5	0.0-100.0	0.000-1.571	0.024	0.24	27652.0	27584.0	23312.4	601.991	4271.64	479.705	0.562821	0.307513	-0.05	0.0	0.207791	0.240958	3.08959	0.000988312	0.0816862	0.0303284	0.0433086	0.00560965	0.03	0.0	2.04	0.08	5.0	0.0	1.31	0.1	0.0535948	0.00512722	3.3213e-05	6.84293e-05	0.383617	0.0203167	0.152039	0.0491521	0.00785331	0.0161368	-0.000583443	0.00128395	1.5157	0.113301	0.883748	0.0166641	0.952148	0.0312987	0.261162	0.405454	0.0885404	1.26136	1.49999	11.3864	0.471808	0.0566405	0.0432995	0.0594141	-344083.0	4.0	698.615	-1798750.0	7.0	13829.2	1.0	20894.8	566.604	2417.64	183.878	0.103706	0.00741903	1.00576	0.0234572	
1.6-2.4	3.0-5.5	0.0-100.0	0.000-1.571	0.024	0.24	44502.0	44412.0	37375.6	729.913	7036.87	587.417	0.136042	0.210419	-0.05	0.0	0.256502	0.266053	3.08903	0.000717918	0.0700261	0.016335	0.0425722	0.00503411	0.03	0.0	2.04	0.08	5.0	0.0	1.31	0.1	0.0510422	0.00327065	1.33231e-05	0.0273667	0.37083	0.0145796	0.111931	0.0259431	0.00756512	0.0053187	-0.000396851	0.000830633	1.63454	0.0936064	0.902137	0.0116391	0.973281	0.0713091	0.413143	0.177378	0.258055	0.388173	1.20673	20.5069	0.441609	0.0356512	0.0498361	0.0446911	-465567.0	4.0	762.93	-2544780.0	7.0	11739.5	1.0	33301.8	682.184	4073.74	220.773	0.108995	0.00551002	1.01084	0.015334	
1.6-2.4	3.0-6.5	0.0-100.0	0.000-1.571	0.016	0.24	56993.0	56894.0	48105.6	735.839	8789.23	573.802	-0.0427553	0.168703	-0.05	0.0	0.304676	0.220936	3.08935	0.000596367	0.0674541	0.00957291	0.0421498	0.00434008	0.03	0.0	2.04	0.08	5.0	0.0	1.31	0.1	0.0512017	0.00228778	1.16039e-05	1.83434e-07	0.376983	0.0117786	0.0726873	0.0143009	0.00892288	0.0115422	-3.91956e-06	0.000628986	1.85882	0.0987596	0.922958	0.00943952	0.980054	0.0693768	0.493116	0.400719	0.341416	0.560849	1.13633	24.6642	0.450972	0.0347118	0.057614	0.055619	-539291.0	4.0	939.309	-3004340.0	7.0	9494.12	1.0	42563.4	687.718	5542.21	237.191	0.115209	0.00460493	1.02033	0.0119014	
1.6-2.4	4.5-5.5	0.0-100.0	0.000-1.571	0.024	0.192	16850.0	16823.0	14179.3	309.144	2643.82	216.618	-0.576834	0.223846	-0.05	0.0	0.352433	0.323848	3.08808	0.000937395	0.0592167	0.00524186	0.0419791	0.00597528	0.03	0.0	2.04	0.08	5.0	0.0	1.31	0.1	0.0487547	0.0020084	3.14986e-05	0.0195276	0.355098	0.0206402	0.086383	0.0293212	0.00796526	0.0109084	-0.000388263	0.00103187	1.73086	0.153055	0.930197	0.0154233	0.709711	174.192	0.870024	33.0499	0.333753	128.361	0.00356154	6.95955	0.415305	0.262501	0.122541	0.663952	-122700.0	4.0	55.9527	-603677.0	7.0	54.4959	1.0	12511.6	294.576	1667.62	116.981	0.11761	0.00784153	1.02436	0.019954	
1.6-2.4	5.5-6.5	0.0-100.0	0.000-1.571	0.024	0.16	12490.0	12471.0	10772.7	201.156	1699.12	116.622	-0.791616	0.195336	-0.05	0.0	0.446841	0.178781	3.0905	0.000935714	0.0636383	0.00370432	0.0408553	0.00483337	0.03	0.0	2.04	0.08	5.0	0.0	1.31	0.1	0.0522775	0.00145137	1.13031e-05	0.0014207	0.39327	0.021106	0.121122	0.047319	0.00235778	0.00610226	0.000655341	0.000955775	1.59491	0.144361	0.903657	0.0166993	0.946493	0.530496	0.632283	0.612412	0.344381	0.151472	0.0897155	0.111573	0.484528	0.0976464	0.0735514	0.0460572	-74527.6	4.0	30.797	-345877.0	7.0	13.9139	1.0	9278.09	193.399	1494.63	90.3741	0.138742	0.00797912	1.01281	0.0252856	
1.6-2.4	6.5-30.0	0.0-100.0	0.000-1.571	0.008	0.188	22055.0	22048.0	18744.0	241.3	3304.1	144.472	-1.18447	0.123234	-0.05	0.0	0.612956	0.0891259	3.09	0.000621569	0.0527145	0.00154246	0.0398875	0.00287379	0.03	0.0	1.696	0.05	5.0	0.0	1.718	0.07	0.0481569	0.00088431	3.35396e-05	3.48851e-05	0.361132	0.0105052	0.0507427	0.00938907	0.00405901	0.004801	0.000178958	0.000490567	2.22561	0.1344	0.919243	0.0114121	0.994643	0.00964973	0.79225	0.03895	0.285891	0.0336664	0.370895	0.410291	0.415879	0.0212583	0.0865587	0.0181376	-105581.0	4.0	42.4381	-534566.0	7.0	5.13239	1.0	14555.9	221.744	4188.1	130.246	0.223436	0.00632534	1.02639	0.0129027	
2.0-2.4	6.5-30.0	0.0-100.0	0.000-1.571	0.008	0.144	6770.0	6760.0	5749.47	139.417	1010.88	79.6797	-0.979698	0.254827	-0.05	0.0	0.477207	0.17331	3.08942	0.00132982	0.0610694	0.00146655	0.0457774	0.00532667	0.03	0.0	1.696	0.05	5.0	0.0	1.718	0.07	0.0536216	0.00125371	1.00319e-05	1.2166e-09	0.379268	0.0225638	0.0492998	0.0201944	-0.00605931	0.0114916	-0.00125601	0.00104112	1.99796	0.247395	0.897615	0.0227502	0.999993	5.9797	0.86781	0.0824714	0.269093	0.0650086	0.100299	13.1116	0.390759	0.036065	0.107013	0.0388792	-33822.9	4.0	12.0178	-160101.0	7.0	16.4159	1.0	4506.38	130.59	1243.09	77.5987	0.216209	0.0124368	0.981217	0.0228211	
