signalCB3WN_Eff3
rap	pT	cent	dPhi	ctauErrMin	ctauErrMax	NoCutEntry	CutEntry	NSig	NSigErr	NBkg	NBkgErr	coefExp	coefExpErr	coefPol1	coefPol1Err	coeffGaus	coeffGausErr	meanSig1	meanSig1Err	sigmaSig1	sigmaSig1Err	sigmaSig2	sigmaSig2Err	sigmaSig3	sigmaSig3Err	alpha	alphaErr	enne	enneErr	enneW	enneWErr	sigWidth	sigWidthErr	Gmc	GmcErr	bTau	bTauErr	fracRes	fracResErr	meanResSigW	meanResSigWErr	meanResSigN	meanResSigNErr	sigmaResSigW	sigmaResSigWErr	sigmaResSigN	sigmaResSigNErr	fpm	fpmErr	fLiving	fLivingErr	fbkgCtTot	fbkgCtTotErr	lambdam	lambdamErr	lambdap	lambdapErr	lambdasym	lambdasymErr	NLL	nFitPar	EDM	NLLMass	nFitParMass	EDMMass	Prob	PROMPT	PROMPTErr	NON-PROMPT	NON-PROMPTErr	Bfraction	BfractionErr	Resolution	ResolutionErr	
0.0-0.4	6.5-30.0	0.0-100.0	0.000-1.571	0.008	0.105	9167.0	9153.0	7964.32	92.0512	1188.61	41.2044	-0.925448	0.11832	-0.05	0.0	0.1	0.0	3.09417	0.000243368	0.02	0.0	0.05	0.0	0.0191033	0.000203669	1.696	0.0	5.0	0.0	1.718	0.0	0.0191033	0.000203669	1.23578e-05	0.0128429	0.370397	0.00940392	0.44677	0.141299	-0.000774749	0.00115443	0.000505151	0.000698752	1.18582	0.0694746	0.878728	0.0188297	0.979588	2.74357	0.891965	3.71931	0.215072	0.26596	0.141151	2.611e-08	0.355221	0.485219	0.247617	4.39392	-23857.0	4.0	1.81628e-05	-90167.6	5.0	8.05342e-07	1.0	5757.75	83.2443	2206.57	56.1375	0.277056	0.00627925	1027.34	28.566	
0.0-1.2	6.5-30.0	0.0-100.0	0.000-1.571	0.008	0.145	32524.0	32506.0	28174.4	174.555	4331.26	81.4064	-0.920402	0.0627056	-0.05	0.0	0.1	0.0	3.09442	0.000173879	0.02	0.0	0.05	0.0	0.0253432	0.000148533	1.696	0.0	5.0	0.0	1.718	0.0	0.0253432	0.000148533	1.01594e-05	0.0045946	0.369475	0.00499446	0.0390389	0.0103328	-0.00174128	0.00308162	0.000299046	0.000231218	2.01564	0.13992	0.98773	0.00639342	0.987606	0.0126169	0.909373	0.0372292	0.26321	0.0179138	0.290949	0.141557	0.418355	0.0116333	0.141076	1.05177e-09	-76957.9	4.0	8.34248e-05	-354100.0	5.0	9.65402e-06	1.0	20330.6	158.234	7843.82	107.397	0.278402	0.00339928	1046.96	9.69883	
0.0-2.4	10.0-13.0	0.0-100.0	0.000-1.571	0.008	0.145	12425.0	12415.0	10641.7	109.037	1772.92	54.9604	-0.863503	0.0991665	-0.05	0.0	0.1	0.0	3.09365	0.000375408	0.1	0.0	0.03	0.0	0.0331788	0.000341616	1.696	0.0	5.0	0.0	1.718	0.0	0.0331788	0.000341616	1.22072e-05	0.0133174	0.39067	0.00795814	0.0307555	0.0102492	0.002156	0.00527054	0.000327988	0.000356774	2.23784	0.221634	0.982725	0.0107738	0.970213	0.00963345	0.999999	0.00365657	0.23697	0.0204757	0.141061	3.75044e-07	0.401357	0.0148524	0.358588	1.07623e-05	-25694.0	4.0	8.35002e-08	-120540.0	5.0	1.47725e-05	1.0	7267.2	95.7809	3374.5	69.4625	0.317102	0.0056613	1044.06	13.2638	
0.0-2.4	10.0-30.0	0.0-100.0	0.000-1.571	0.008	0.145	19640.0	19628.0	16550.5	136.357	3077.54	71.5555	-0.921805	0.0751018	-0.05	0.0	0.1	0.0	3.09359	0.000299098	0.1	0.0	0.03	0.0	0.0327999	0.000272286	1.696	0.0	5.0	0.0	1.718	0.0	0.0327999	0.000272286	1.00498e-05	0.00459465	0.379676	0.00576287	0.0302029	0.00772777	-0.00137981	0.00391645	3.71727e-05	0.000274655	2.28455	0.177331	0.98986	0.00888534	0.972267	0.00748203	1.0	0.000458103	0.257162	0.0147992	0.141025	0.0335545	0.419111	0.0118308	4.37904	1.38441	-38681.0	4.0	4.47181e-05	-198990.0	5.0	2.41475e-07	1.0	10528.8	116.241	6021.69	91.916	0.363838	0.00467521	1052.55	10.5238	
0.0-2.4	11.0-13.0	0.0-100.0	0.000-1.571	0.008	0.145	6641.0	6637.0	5626.42	79.7995	1010.22	41.8579	-0.927248	0.13172	-0.05	0.0	0.1	0.0	3.09386	0.000520551	0.1	0.0	0.03	0.0	0.0332725	0.000494423	1.696	0.0	5.0	0.0	1.718	0.0	0.0332725	0.000494423	3.00105e-05	0.000309596	0.397989	0.0106037	0.035575	0.0156752	0.00158392	0.00595811	0.000257314	0.000491126	2.10523	0.269949	0.998049	0.0153283	0.981645	0.0159884	0.999999	0.059007	0.252118	0.0286465	0.140896	0.102438	0.393581	0.0195548	0.140988	2.19696e-06	-13203.3	4.0	4.56327e-07	-60089.5	5.0	3.31467e-05	1.0	3694.36	68.7502	1932.07	52.2689	0.343392	0.00791088	1057.51	17.3824	
0.0-2.4	13.0-16.0	0.0-100.0	0.000-1.571	0.008	0.081	4254.0	4249.0	3489.2	62.7807	759.855	34.8159	-0.785467	0.149317	-0.05	0.0	0.1	0.0	3.09327	0.000627801	0.1	0.0	0.03	0.0	0.0315464	0.000579176	1.696	0.0	5.0	0.0	1.718	0.0	0.0315464	0.000579176	2.11265e-05	10.8791	0.380182	0.0119868	0.0661462	0.04102	-0.00168051	0.0047893	-0.000570229	0.000606996	1.77416	0.264604	0.994575	0.0208458	0.999994	5.63696	0.943276	0.0358581	0.271428	0.00642562	0.274272	6.86698	0.456183	0.00643145	0.216906	0.0459367	-8003.79	4.0	5.12064e-05	-36471.3	5.0	1.09074e-06	1.0	2093.41	52.1877	1395.79	43.9946	0.400031	0.0103525	1063.93	26.9924	
0.0-2.4	13.0-30.0	0.0-100.0	0.000-1.571	0.008	0.081	7214.0	7207.0	5906.68	81.8481	1300.52	45.7497	-1.00964	0.115233	-0.05	0.0	0.1	0.0	3.0935	0.000494368	0.1	0.0	0.03	0.0	0.0321518	0.000451256	1.696	0.0	5.0	0.0	1.718	0.0	0.0321518	0.000451256	1.02238e-05	0.00459457	0.37026	0.00845065	0.0480882	0.0218371	-0.00242622	0.00419284	-0.000339852	0.000439193	1.94086	0.230379	0.998536	0.0159324	1.0	4.03335	0.962424	0.0163159	0.283891	0.0248513	0.146365	3.85443	0.446292	0.0246391	0.233756	0.0999234	-13096.1	4.0	3.74321e-05	-65500.7	5.0	1.90106e-05	1.0	3297.51	65.7532	2609.17	59.5214	0.441732	0.00800489	1063.14	18.8491	
0.0-2.4	16.0-30.0	0.0-100.0	0.000-1.571	0.008	0.056	2959.0	2946.0	2404.16	52.3887	542.025	29.7064	-1.32297	0.18146	-0.05	0.0	0.1	0.0	3.09373	0.000801828	0.02	0.0	0.07	0.0	0.0328868	0.000723127	1.696	0.0	5.0	0.0	1.718	0.0	0.0328868	0.000723127	1.01425e-05	0.00459461	0.359773	0.0119594	0.0340288	0.0240391	-0.00317689	0.0069571	-8.85962e-05	0.000640112	2.18001	0.438439	0.997792	0.0250981	1.0	916.564	0.986167	5.66016	0.292073	0.176487	0.140934	59126.8	0.431196	0.362246	0.235418	0.723448	-5113.2	4.0	4.36391e-05	-24045.1	5.0	1.57396e-05	1.0	1208.16	39.9912	1196.0	39.8172	0.49747	0.0125212	1059.92	28.6248	
0.0-2.4	6.5-30.0	0.0-100.0	0.000-1.571	0.004	0.224	71851.0	71827.0	61978.3	263.037	9848.74	130.614	-0.762863	0.0420618	-0.05	0.0	0.1	0.0	3.09254	0.0001619	0.1	0.0	0.03	0.0	0.0346081	0.000144881	1.696	0.0	5.0	0.0	1.718	0.0	0.0346081	0.000144881	1.01537e-05	0.0045946	0.370364	0.00353439	0.0430983	0.00586475	-0.000930869	0.00240021	0.000368726	0.000163717	2.16125	0.0881268	0.961628	0.00420946	1.0	0.0111459	0.853793	0.0140235	0.288127	0.0117409	0.141019	7.70396e-11	0.428253	0.00772438	0.140915	0.011495	-151106.0	4.0	0.000115085	-822341.0	5.0	4.96106e-07	1.0	45497.8	240.728	16480.5	159.864	0.265907	0.00231938	1042.2	6.83654	
0.0-2.4	6.5-7.5	0.0-100.0	0.000-1.571	0.008	0.168	21834.0	21820.0	19121.8	146.173	2698.15	70.3078	-0.323405	0.0807109	-0.05	0.0	0.1	0.0	3.09126	0.000311409	0.1	0.0	0.03	0.0	0.0368764	0.000279508	1.696	0.0	5.0	0.0	1.718	0.0	0.0368764	0.000279508	2.82935e-05	5.56844e-05	0.394003	0.00797833	0.0564692	0.0173463	0.0089199	0.0166626	0.000484585	0.000347453	1.98278	0.173627	0.97211	0.00745428	1.0	17.8191	0.790952	0.397146	0.403979	0.0888512	0.140929	79189.0	0.415735	0.0462193	0.141047	0.0658215	-47074.4	4.0	8.23315e-05	-223576.0	5.0	4.68946e-06	1.0	15360.3	138.922	3761.46	79.6156	0.196711	0.00388258	1055.29	15.6826	
0.0-2.4	6.5-8.0	0.0-100.0	0.000-1.571	0.008	0.168	30455.0	30436.0	26621.2	172.339	3814.79	83.0324	-0.435163	0.0677496	-0.05	0.0	0.1	0.0	3.09149	0.000260759	0.1	0.0	0.03	0.0	0.0365064	0.000232732	1.696	0.0	5.0	0.0	1.718	0.0	0.0365064	0.000232732	1.01726e-05	0.00459459	0.392818	0.00661868	0.0575665	0.0136708	0.00223244	0.00490816	0.00062311	0.000286847	2.00934	0.138671	0.959185	0.00626362	1.0	56012.5	0.741453	9.3991	0.305171	1.37259	0.140985	91953.0	0.403915	0.340102	0.140972	4.26049e-08	-65787.4	4.0	7.81573e-06	-322112.0	5.0	4.81519e-06	1.0	21214.5	163.192	5406.77	94.8433	0.2031	0.0033112	1048.57	13.0013	
0.0-2.4	6.5-8.5	0.0-100.0	0.000-1.571	0.008	0.168	37660.0	37639.0	32862.9	191.441	4776.31	92.5393	-0.544611	0.0605074	-0.05	0.0	0.1	0.0	3.09162	0.000231996	0.1	0.0	0.03	0.0	0.0361236	0.000206824	1.696	0.0	5.0	0.0	1.718	0.0	0.0361236	0.000206824	1.02618e-05	0.00459455	0.378051	0.00567483	0.0565076	0.0117314	-0.00114815	0.00417186	0.00114318	0.000253546	2.00908	0.120785	0.959812	0.00569012	0.999998	0.00736098	0.744783	0.0352238	0.346631	0.0262286	0.141983	0.79378	0.432763	0.0128904	0.140983	0.0174709	-81462.7	4.0	9.78549e-08	-406467.0	5.0	3.08959e-06	1.0	25946.5	180.711	6916.32	106.926	0.21046	0.00301387	1047.51	11.1788	
0.0-2.4	7.5-8.5	0.0-100.0	0.000-1.571	0.008	0.136	15826.0	15804.0	13734.5	123.615	2069.5	60.1309	-0.838611	0.0922984	-0.05	0.0	0.1	0.0	3.0921	0.000348696	0.1	0.0	0.03	0.0	0.0351342	0.000309386	1.696	0.0	5.0	0.0	1.718	0.0	0.0351342	0.000309386	3.14286e-05	0.000250139	0.361071	0.00809147	0.0553572	0.0153282	-0.00751851	0.00509998	0.00175667	0.000370209	2.03235	0.165504	0.947376	0.00880704	1.0	0.0188171	0.708687	0.0337967	0.270241	0.0232312	0.141325	2.6348e-05	0.448333	0.0196327	0.140919	1.49193e-10	-34404.9	4.0	3.06356e-07	-157135.0	5.0	1.98466e-07	1.0	10607.3	115.58	3127.24	70.9693	0.227692	0.00474348	1037.54	15.4117	
0.0-2.4	8.0-10.0	0.0-100.0	0.000-1.571	0.008	0.136	21755.0	21741.0	18805.8	144.468	2934.76	70.7155	-1.02918	0.0778479	-0.05	0.0	0.1	0.0	3.09295	0.000284713	0.1	0.0	0.03	0.0	0.0336062	0.000253163	1.696	0.0	5.0	0.0	1.718	0.0	0.0336062	0.000253163	2.68589e-05	0.000536565	0.348668	0.00626436	0.0458891	0.0102194	-0.0026995	0.0043131	0.00050637	0.000294666	2.19478	0.149274	0.941509	0.00744548	0.993414	0.0435269	0.845061	0.102874	0.233795	0.0527541	0.141383	5.26537e-09	0.451012	0.0281862	0.15083	0.0432276	-47375.4	4.0	2.28457e-06	-223527.0	5.0	1.20247e-05	1.0	14038.8	133.518	4766.96	86.8158	0.253484	0.00418564	1032.87	12.569	
0.0-2.4	8.5-9.5	0.0-100.0	0.000-1.571	0.008	0.136	10677.0	10673.0	9243.45	101.109	1429.69	49.0859	-0.965103	0.11106	-0.05	0.0	0.1	0.0	3.09348	0.00039473	0.1	0.0	0.03	0.0	0.0327958	0.000349353	1.696	0.0	5.0	0.0	1.718	0.0	0.0327958	0.000349353	1.33225e-05	0.00459315	0.361932	0.00916245	0.0500628	0.0142661	0.00161968	0.00572458	0.000586886	0.000413225	2.25294	0.202615	0.935965	0.0103846	1.0	0.0350708	0.898645	0.0249249	0.237996	0.0265812	0.1418	5.13954e-06	0.452139	0.0198121	0.14942	0.0316924	-23586.8	4.0	1.83938e-05	-102362.0	5.0	3.14784e-06	1.0	6902.36	93.3138	2341.09	60.5215	0.25327	0.00593252	1042.25	18.6103	
0.0-2.4	9.5-11.0	0.0-100.0	0.000-1.571	0.008	0.128	9657.0	9649.0	8334.93	96.1119	1314.06	47.079	-0.978373	0.115837	-0.05	0.0	0.1	0.0	3.09325	0.00042754	0.1	0.0	0.03	0.0	0.0334193	0.000377828	1.696	0.0	5.0	0.0	1.718	0.0	0.0334193	0.000377828	2.86811e-05	0.000348843	0.364662	0.00898331	0.0230452	0.0104935	-0.00132346	0.00761159	-0.000769852	0.000410452	2.46487	0.337054	0.957038	0.0114045	0.93424	0.0217926	1.0	0.00165743	0.206343	0.0253085	0.141026	0.0418684	0.423849	0.0176706	1.52875	5.4087	-20601.7	4.0	2.08974e-05	-91380.9	5.0	3.97347e-07	1.0	5916.87	86.3699	2418.06	59.8504	0.290112	0.00635379	1017.26	17.1195	
0.4-0.8	6.5-30.0	0.0-100.0	0.000-1.571	0.008	0.073	10219.0	10179.0	8810.41	97.281	1368.53	44.9647	-1.08493	0.111787	-0.05	0.0	0.1	0.0	3.09479	0.000284727	0.02	0.0	0.05	0.0	0.0233048	0.000240667	1.696	0.0	5.0	0.0	1.718	0.0	0.0233048	0.000240667	2.82435e-05	0.000449249	0.357527	0.00819387	0.076506	0.0434519	-0.00258405	0.00354869	-0.00054571	0.000425022	1.67312	0.203336	0.975198	0.0120981	0.935901	0.0146572	1.0	0.000942044	0.221438	0.0223636	0.140921	0.0331644	0.437338	0.0181881	4.97396	1.13268	-24247.2	4.0	1.90481e-05	-99661.9	5.0	2.80522e-06	1.0	6155.15	87.131	2655.26	61.9067	0.301378	0.0061886	1045.19	23.4782	
0.8-1.2	6.5-30.0	0.0-100.0	0.000-1.571	0.008	0.145	13137.0	13133.0	11436.8	111.624	1696.39	52.1517	-0.864293	0.101194	-0.05	0.0	0.1	0.0	3.09394	0.000340789	0.02	0.0	0.05	0.0	0.0317218	0.000286078	1.696	0.0	5.0	0.0	1.718	0.0	0.0317218	0.000286078	1.00235e-05	0.00459466	0.383045	0.00839586	0.021701	0.00683238	-0.000835981	0.00729644	0.00114744	0.000360309	2.63751	0.286474	1.00832	0.00984575	0.976815	0.0307907	0.998829	0.912998	0.360916	0.0258821	0.23361	0.129742	0.4315	0.0186538	0.141018	2.51044e-05	-29502.4	4.0	4.17311e-05	-129221.0	5.0	1.17874e-05	1.0	8435.09	101.767	3001.66	66.6109	0.262457	0.00523072	1070.34	13.004	
1.2-1.6	6.5-30.0	0.0-100.0	0.000-1.571	0.004	0.152	16181.0	16172.0	14214.6	125.726	1957.42	59.5821	-0.589055	0.0953397	-0.05	0.0	0.1	0.0	3.09037	0.000373173	0.02	0.0	0.05	0.0	0.0387169	0.000320708	1.696	0.0	5.0	0.0	1.718	0.0	0.0387169	0.000320708	1.10187e-05	0.00459421	0.387065	0.00757015	0.0606589	0.0149845	-0.000791808	0.00423917	0.00112845	0.000348128	1.99894	0.146766	0.957949	0.00887576	0.973447	0.740838	0.848249	0.207845	0.318709	0.0270446	0.140927	0.752118	0.465378	0.0296686	0.140896	1.14115e-08	-33344.7	4.0	4.23773e-07	-160472.0	5.0	3.70418e-06	1.0	10378.2	114.436	3836.47	76.2958	0.269896	0.00480734	1050.9	14.371	
1.6-2.0	6.5-30.0	0.0-100.0	0.000-1.571	0.004	0.145	16135.0	16123.0	14077.1	126.086	2046.81	62.1877	-0.955931	0.0955925	-0.05	0.0	0.1	0.0	3.09076	0.000438074	0.02	0.0	0.05	0.0	0.0452526	0.000379084	1.696	0.0	5.0	0.0	1.718	0.0	0.0452526	0.000379084	1.76494e-05	0.00459116	0.361136	0.00753487	0.0501204	0.0105066	0.00447381	0.00580861	0.00243617	3.30172e-11	2.34179	0.172123	0.940109	0.00844133	0.999436	355402.0	0.836357	29331.6	0.33384	5413.03	0.140885	835649.0	0.422133	351.035	0.140935	0.000655403	-31396.5	4.0	29.1104	-158003.0	5.0	0.000153624	1.0	10643.0	115.935	3434.13	72.7991	0.243952	0.00468717	1055.64	15.3403	
1.6-2.4	3.0-30.0	0.0-100.0	0.000-1.571	0.004	0.24	105021.0	104799.0	87735.8	318.855	17062.6	176.054	-0.0506262	0.0315007	-0.05	0.0	0.1	0.0	3.0892	0.000182648	0.1	0.0	0.03	0.0	0.0474568	0.000161708	2.059	0.0	5.0	0.0	1.41	0.0	0.0474568	0.000161708	1.03367e-05	0.00459452	0.373708	0.40161	0.048199	0.00677046	0.00323956	0.0047584	0.00049033	0.00840459	2.28286	0.107063	0.877053	0.489806	0.817944	0.0	0.9999	0.0	0.604322	0.0	0.0846182	0.0	0.4172	0.0	0.483258	0.0	-1e+30	4.0	0.0	-1215440.0	5.0	6.78366e-05	1.0	81330.5	31969.4	6405.33	31968.1	0.073007	0.364368	991.631	206.39	
1.6-2.4	3.0-4.5	0.0-100.0	0.000-1.571	0.024	0.24	48579.0	48406.0	40270.6	217.783	8135.72	123.67	0.76234	0.047881	-0.05	0.0	0.1	0.0	3.08938	0.000265414	0.03	0.0	0.03	0.0	0.0461814	0.00024034	2.04	0.0	5.0	0.0	1.31	0.0	0.0461814	0.00024034	2.69452e-05	0.00010696	0.450335	0.00859467	0.0920982	0.0334626	-0.00295184	0.0134997	0.00175322	0.000364903	1.7428	0.171363	0.914384	0.00476979	1.0	0.00341626	0.551146	0.0387258	0.50489	0.0248075	0.140893	9.81578e-08	0.573316	0.021465	0.146905	0.0142507	-83364.6	4.0	1.65539e-06	-523845.0	5.0	0.000219037	1.0	35204.4	215.499	5066.15	104.614	0.125803	0.0025071	1019.23	22.6334	
1.6-2.4	3.0-5.5	0.0-100.0	0.000-1.571	0.024	0.24	68359.0	68151.0	56752.4	257.925	11398.9	145.503	0.397965	0.0393938	-0.05	0.0	0.1	0.0	3.08891	0.00022528	0.1	0.0	0.03	0.0	0.0466597	0.000201689	2.04	0.0	5.0	0.0	1.31	0.0	0.0466597	0.000201689	1.07449e-05	0.00459433	0.457104	0.00701844	0.0947176	0.0252455	-0.00210053	0.00695986	0.000865487	0.000294886	1.7053	0.119034	0.912065	0.00403739	0.990455	0.00292438	0.654701	0.0182071	0.460407	0.0106277	1.00868	0.261659	0.43172	0.00876777	0.140892	4.80281e-09	-117671.0	4.0	1.06679e-05	-760493.0	5.0	3.2017e-05	1.0	49302.0	254.246	7450.44	124.831	0.13128	0.0021171	1014.16	16.109	
1.6-2.4	3.0-6.5	0.0-100.0	0.000-1.571	0.016	0.24	81876.0	81659.0	68367.8	282.811	13291.3	157.813	0.264174	0.0363265	-0.05	0.0	0.1	0.0	3.0891	0.000207799	0.1	0.0	0.03	0.0	0.047323	0.000185968	2.04	0.0	5.0	0.0	1.31	0.0	0.047323	0.000185968	1.26007e-05	0.00459348	0.444755	0.00621511	0.0545752	0.0111807	0.00463949	0.00732318	0.000715173	0.000251481	2.11806	0.135123	0.934047	0.00359651	0.961725	0.0162397	0.700914	0.161965	0.45354	0.10376	0.140889	1.5135e-09	0.491883	0.0234015	0.140895	0.110388	-142771.0	4.0	9.02634e-05	-926088.0	5.0	7.00199e-05	1.0	59199.6	279.084	9168.18	139.129	0.134101	0.00195794	1034.25	12.4403	
1.6-2.4	4.5-5.5	0.0-100.0	0.000-1.571	0.024	0.192	19779.0	19738.0	16539.8	138.458	3197.82	76.35	-0.506048	0.0733822	-0.05	0.0	0.1	0.0	3.08767	0.000427009	0.1	0.0	0.03	0.0	0.04794	0.000376679	2.04	0.0	5.0	0.0	1.31	0.0	0.04794	0.000376679	2.75213e-05	0.000465277	0.437936	0.0120002	0.103514	0.0420907	-0.000476917	0.00793976	-0.000562664	0.000503672	1.6297	0.164957	0.907855	0.00760347	0.948061	0.137424	0.879263	0.220571	0.315628	0.0233956	0.140895	0.267911	0.408535	0.0192143	0.141037	0.173741	-34539.7	4.0	1.77228e-05	-195689.0	5.0	0.000119311	1.0	14207.1	135.935	2332.7	68.6672	0.141036	0.00398022	1006.88	23.8087	
1.6-2.4	5.5-6.5	0.0-100.0	0.000-1.571	0.024	0.16	13517.0	13496.0	11649.8	115.911	1846.27	60.2646	-0.573721	0.0985461	-0.05	0.0	0.1	0.0	3.09016	0.000535281	0.1	0.0	0.03	0.0	0.0508179	0.000476298	2.04	0.0	5.0	0.0	1.31	0.0	0.0508179	0.000476298	1.00139e-05	0.00459467	0.431676	0.0129695	0.163974	0.0525224	0.00159916	0.00563014	0.000603387	0.000554198	1.56105	0.126401	0.884213	0.00971205	0.855372	877.64	0.999912	375653.0	0.439608	549.461	0.140962	2.16269e-05	0.484113	438.806	0.140908	1812140.0	-25194.0	4.0	8.70518e-05	-128928.0	5.0	1.37535e-06	1.0	9821.4	112.259	1828.36	58.1726	0.156944	0.00474302	1026.26	26.6295	
1.6-2.4	6.5-30.0	0.0-100.0	0.000-1.571	0.008	0.188	23145.0	23136.0	20103.4	151.61	3032.64	76.909	-0.878543	0.0784586	-0.05	0.0	0.1	0.0	3.09051	0.000384235	0.1	0.0	0.03	0.0	0.0473023	0.000336427	1.696	0.0	5.0	0.0	1.718	0.0	0.0473023	0.000336427	1.30059e-05	0.00459329	0.361495	0.00651665	0.0446101	0.00857781	0.00265167	0.00592245	3.0254e-06	0.000315625	2.45063	0.167161	0.927505	0.00721517	0.99999	2.6739	0.848718	0.00538958	0.307718	0.00386897	0.141002	2.16834	0.410217	0.00337266	0.140943	0.00457741	-43518.3	4.0	6.21278e-06	-234089.0	5.0	3.85217e-06	1.0	15161.6	141.716	4941.78	91.6429	0.245818	0.00416461	1043.93	14.0607	
2.0-2.4	6.5-30.0	0.0-100.0	0.000-1.571	0.008	0.144	7009.0	6998.0	6034.45	84.3238	963.563	45.1637	-0.745439	0.139563	-0.05	0.0	0.1	0.0	3.08985	0.000793561	0.02	0.0	0.03	0.0	0.0526157	0.000716421	1.696	0.0	5.0	0.0	1.718	0.0	0.0526157	0.000716421	1.21911e-05	0.00459367	0.375754	0.0129898	0.0274908	0.012152	-0.01	0.0156797	-0.0016019	0.00063137	3.13309	0.601028	0.924508	0.0135161	1.0	0.00541328	0.894277	0.0415657	0.264746	0.0372923	0.294752	8.81911e-05	0.387975	0.0204488	0.14098	0.0456008	-12164.8	4.0	4.74857e-05	-61798.1	5.0	2.56157e-06	1.0	4598.06	79.7628	1436.38	51.3483	0.238031	0.00783217	1049.32	36.2651	
