v2W_Eff3_binv0
rap	pT	cent	dPhi	ctauErrMin	ctauErrMax	NoCutEntry	CutEntry	NSig	NSigErr	NBkg	NBkgErr	coefExp	coefExpErr	coefPol1	coefPol1Err	coeffGaus	coeffGausErr	meanSig1	meanSig1Err	sigmaSig1	sigmaSig1Err	sigmaSig2	sigmaSig2Err	sigmaSig3	sigmaSig3Err	alpha	alphaErr	enne	enneErr	enneW	enneWErr	sigWidth	sigWidthErr	Gmc	GmcErr	bTau	bTauErr	fracRes	fracResErr	meanResSigW	meanResSigWErr	meanResSigN	meanResSigNErr	sigmaResSigW	sigmaResSigWErr	sigmaResSigN	sigmaResSigNErr	fpm	fpmErr	fLiving	fLivingErr	fbkgCtTot	fbkgCtTotErr	lambdam	lambdamErr	lambdap	lambdapErr	lambdasym	lambdasymErr	NLL	nFitPar	EDM	NLLMass	nFitParMass	EDMMass	Prob	PROMPT	PROMPTErr	NON-PROMPT	NON-PROMPTErr	Bfraction	BfractionErr	Resolution	ResolutionErr	
0.0-1.2	6.5-30.0	0.0-100.0	0.000-0.393	0.008	0.088	5690.0	5686.0	3680.27	65.972	2005.74	51.7477	0.273046	0.0881671	-0.05	0.0	0.500568	0.0	3.0924	0.0	0.0195492	0.0	0.0348428	0.0	0.03	0.0	1.492	0.0	5.0	0.0	1.733	0.0	0.0282422	0.0	3.25814e-05	0.000295869	0.415883	0.013124	0.501962	0.181306	-0.00129914	0.00300691	0.00142029	0.0008483	1.52034	0.12883	0.756202	0.023189	0.879276	0.119797	0.634566	0.322724	0.577914	0.309768	0.204095	0.0557481	0.240961	0.0196733	0.0706622	0.179042	-9557.15	4.0	3.46784e-06	-48641.8	3.0	5.92331e-07	1.0	2398.82	56.2517	1281.45	42.9284	0.348194	0.009854	1202.1	77.3816	
0.0-1.2	6.5-30.0	0.0-100.0	0.000-1.571	0.008	0.105	21342.0	21337.0	13406.6	134.434	7930.23	112.221	-0.0139203	0.0456559	-0.05	0.0	0.500568	0.045467	3.0924	0.000269495	0.0195492	0.000569259	0.0348428	0.00160089	0.03	0.0	1.492	0.0	5.0	0.0	1.733	0.0	0.0282422	0.000604201	1.16782e-05	0.000130175	0.396015	0.0070071	0.282557	0.19576	0.00228371	0.00264771	0.000433334	0.000365747	1.58042	0.170805	0.883308	0.0107189	0.650793	0.0215514	0.927736	0.0138404	0.515541	0.0165584	0.0705508	2.3121e-09	0.256594	0.0119091	0.467312	0.0745419	-35512.0	4.0	1.84874e-07	-210026.0	7.0	2.1931e-05	1.0	9084.44	114.254	4322.15	81.4508	0.32239	0.00514395	1124.96	82.1046	
0.0-1.2	6.5-30.0	0.0-100.0	0.393-0.785	0.008	0.096	5564.0	5562.0	3448.83	63.8658	2113.14	52.3759	-0.122819	0.0854166	-0.05	0.0	0.500568	0.0	3.0924	0.0	0.0195492	0.0	0.0348428	0.0	0.03	0.0	1.492	0.0	5.0	0.0	1.733	0.0	0.0282422	0.0	2.67292e-05	0.00233575	0.389948	0.0135052	0.127168	0.584266	0.00999903	0.0216801	-0.00227534	0.000678368	1.49685	0.452055	0.988109	0.0210145	0.749404	0.348715	0.733083	0.8035	0.359166	0.04882	0.070663	0.045325	0.17655	0.0281018	0.0705917	3.90675e-07	-9473.79	4.0	2.40423e-05	-47176.1	3.0	7.73139e-06	1.0	2362.94	56.1628	1085.9	40.5455	0.314859	0.0102086	1066.36	178.007	
0.0-1.2	6.5-30.0	0.0-100.0	0.785-1.178	0.008	0.08	5317.0	5312.0	3359.5	63.0154	1952.5	50.6354	0.0187073	0.0889757	-0.05	0.0	0.500568	0.0	3.0924	0.0	0.0195492	0.0	0.0348428	0.0	0.03	0.0	1.492	0.0	5.0	0.0	1.733	0.0	0.0282422	0.0	4.7042e-05	0.000197635	0.450238	0.0158584	0.205787	0.168928	0.00506329	0.00588939	0.00010286	0.000664495	1.73483	0.294288	0.875992	0.0185606	0.791586	0.776465	0.554295	0.224637	0.472772	0.083774	0.0704509	0.109492	0.410911	0.0362339	0.0975967	0.0311486	-8459.77	4.0	6.81259e-06	-44976.7	3.0	1.21652e-06	1.0	2220.2	53.9656	1139.3	40.4309	0.339128	0.0102163	1108.51	97.8637	
0.0-1.2	6.5-30.0	0.0-100.0	1.178-1.571	0.008	0.088	4770.0	4767.0	2911.52	58.9365	1855.41	49.167	-0.23528	0.0911472	-0.05	0.0	0.500568	0.0	3.0924	0.0	0.0195492	0.0	0.0348428	0.0	0.03	0.0	1.492	0.0	5.0	0.0	1.733	0.0	0.0282422	0.0	3.78287e-05	0.000218777	0.275432	0.0115013	0.083253	0.655744	-0.00048919	0.0163992	0.000984161	0.000701518	1.84756	1.50756	1.00201	0.0208274	0.667658	0.0514972	0.826469	0.0375554	0.512183	0.034064	0.0706022	2.99058e-07	0.319453	0.0325957	0.533476	0.0928707	-8184.69	4.0	1.89299e-06	-39617.2	3.0	2.06969e-05	1.0	2050.39	53.7613	861.126	38.3596	0.295765	0.0117362	1097.55	375.178	
0.0-1.2	6.5-30.0	10.0-60.0	0.000-0.393	0.008	0.073	3433.0	3428.0	2305.51	51.8517	1122.26	38.8018	0.174496	0.117873	-0.05	0.0	0.500568	0.0	3.0924	0.0	0.0195492	0.0	0.0346998	0.0	0.03	0.0	1.492	0.0	5.0	0.0	1.733	0.0	0.0281542	0.0	1.10004e-05	0.000671606	0.377796	0.0152636	0.282557	0.0	0.00228371	0.0	-0.00117318	0.000876018	1.58042	0.0	0.88426	0.0249517	0.745772	0.0604291	0.999986	0.780026	0.602791	0.0405405	0.0705421	1.86929e-08	0.201524	0.0185238	0.072555	4.26962e-05	-6237.14	4.0	2.4114e-05	-27804.2	3.0	4.29296e-05	1.0	1515.37	44.6416	790.143	33.8695	0.342719	0.0125062	1125.49	7.03228	
0.0-1.2	6.5-30.0	10.0-60.0	0.000-1.571	0.008	0.105	12921.0	12916.0	8730.16	103.924	4185.89	79.0939	-0.0134408	0.0609707	-0.05	0.0	0.500568	0.0	3.0924	0.0	0.0195492	0.0	0.0346998	0.000812258	0.03	0.0	1.492	0.0	5.0	0.0	1.733	0.0	0.0281542	0.000249991	1.16782e-05	0.000130175	0.418516	0.00915236	0.282557	0.0	0.00228371	0.0	-0.000555201	0.000445659	1.58042	0.0	0.856131	0.0127991	0.667145	0.0282751	0.918243	0.0167881	0.494631	0.0214475	0.0705216	1.56178e-09	0.289193	0.0173341	0.567237	0.0963341	-22458.1	4.0	1.62629e-07	-121990.0	4.0	6.92241e-06	1.0	5912.51	89.0846	2817.65	64.0889	0.322749	0.00625545	1109.78	3.54195	
0.0-1.2	6.5-30.0	10.0-60.0	0.393-0.785	0.008	0.073	3449.0	3447.0	2338.62	51.9853	1108.33	38.3683	0.0643702	0.118522	-0.05	0.0	0.500568	0.0	3.0924	0.0	0.0195492	0.0	0.0346998	0.0	0.03	0.0	1.492	0.0	5.0	0.0	1.733	0.0	0.0281542	0.0	1.70432e-05	0.00459144	0.437335	0.0188983	0.282557	0.0	0.00228371	0.0	-0.0014249	0.000860491	1.58042	0.0	0.8496	0.0254544	0.646075	0.0974872	0.999995	1.34905	0.354763	0.106813	0.07057	1.79528e-08	0.168605	0.023191	0.072697	45.2816	-6353.03	4.0	3.61954e-05	-28027.7	3.0	1.03383e-05	1.0	1658.52	45.9449	680.107	31.3098	0.290815	0.011724	1106.17	7.01313	
0.0-1.2	6.5-30.0	10.0-60.0	0.785-1.178	0.008	0.064	3139.0	3132.0	2165.15	50.101	966.835	36.2194	-0.119559	0.126962	-0.05	0.0	0.500568	0.0	3.0924	0.0	0.0195492	0.0	0.0346998	0.0	0.03	0.0	1.492	0.0	5.0	0.0	1.733	0.0	0.0281542	0.0	1.55303e-05	0.000309325	0.505674	0.0214122	0.282557	0.0	0.00228371	0.0	0.000213318	0.000845098	1.58042	0.0	0.793936	0.0229116	0.985114	0.0550647	0.575069	0.0803988	0.5034	0.0456856	0.0707944	0.878379	0.550665	0.0510345	0.107917	0.0204303	-5092.08	4.0	9.46236e-08	-25239.5	3.0	7.34378e-06	1.0	1398.58	42.1465	766.57	32.3051	0.35405	0.0124701	1076.09	6.06386	
0.0-1.2	6.5-30.0	10.0-60.0	1.178-1.571	0.008	0.064	2898.0	2893.0	1907.07	47.1341	985.849	36.0612	-0.211539	0.125335	-0.05	0.0	0.500568	0.0	3.0924	0.0	0.0195492	0.0	0.0346998	0.0	0.03	0.0	1.492	0.0	5.0	0.0	1.733	0.0	0.0281542	0.0	1.05551e-05	0.000410668	0.31877	0.0152613	0.282557	0.0	0.00228371	0.0	-0.00204175	0.00100039	1.58042	0.0	0.856739	0.0283924	0.63537	0.0561817	0.744889	0.0433847	0.353515	0.0439187	0.0705318	4.20525e-07	0.169756	0.0250683	0.695715	0.0906259	-4965.77	4.0	6.68435e-07	-22896.4	3.0	2.89469e-05	1.0	1309.85	42.0399	597.224	30.6135	0.313163	0.0140634	1110.11	7.86033	
0.0-2.4	10.0-13.0	0.0-100.0	0.000-0.393	0.016	0.08	1692.0	1684.0	1257.91	38.2514	426.062	25.1266	0.330109	0.196536	-0.05	0.0	0.402745	0.0	3.09097	0.0	0.021519	0.0	0.0424464	0.0	0.03	0.0	1.492	0.0	5.0	0.0	1.733	0.0	0.0355327	0.0	1.00051e-05	0.0125341	0.345603	0.0185855	0.270245	0.128633	-0.00998909	0.00318196	0.00183426	0.00111534	1.58141	0.172807	0.82885	0.0321032	0.821181	0.0542795	0.999982	1.14246	0.535209	0.0392462	0.12195	0.0261114	0.20108	0.0188135	0.14532	5.89739	-3210.09	4.0	5.12675e-07	-12551.9	3.0	1.21001e-06	1.0	818.523	32.7442	439.388	25.1233	0.3493	0.0169136	1084.98	64.2552	
0.0-2.4	10.0-13.0	0.0-100.0	0.000-1.571	0.008	0.136	6740.0	6738.0	5004.59	79.7313	1733.3	55.5451	-0.641571	0.100592	-0.05	0.0	0.402745	0.0695429	3.09097	0.000546439	0.021519	0.00164972	0.0424464	0.00239717	0.03	0.0	1.492	0.0	5.0	0.0	1.733	0.0	0.0355326	0.00109579	1.25623e-05	9.06713e-05	0.392486	0.0108116	0.0553454	0.0788853	0.000212513	0.0144851	0.000215804	0.000519719	2.09412	0.553674	0.948099	0.015617	0.891655	0.246579	0.765182	0.327951	0.345454	0.101839	0.070565	0.130119	0.300034	0.0212096	0.0724607	0.0860079	-11869.9	4.0	9.56931e-08	-59375.6	7.0	2.0489e-05	1.0	3288.22	67.7871	1716.36	50.9749	0.342958	0.00859611	1044.92	72.9212	
0.0-2.4	10.0-13.0	0.0-100.0	0.393-0.785	0.008	0.088	1739.0	1738.0	1320.49	38.8819	417.505	24.6732	-0.670931	0.198238	-0.05	0.0	0.402745	0.0	3.09097	0.0	0.021519	0.0	0.0424464	0.0	0.03	0.0	1.492	0.0	5.0	0.0	1.733	0.0	0.0355327	0.0	9.67596e-05	0.000320065	0.450798	0.0234487	0.905113	0.201076	0.00602278	0.00419437	-0.00627712	0.0036209	1.24083	0.0559838	0.6	0.0261234	0.859859	0.588973	1.0	0.150324	0.460604	0.635575	0.0704977	1.82378e-08	0.212023	0.256734	0.102123	64.9724	-3136.45	4.0	1.42574e-05	-13068.4	3.0	2.63039e-05	1.0	873.278	32.9686	447.211	24.4772	0.338671	0.0156255	1194.88	56.1754	
0.0-2.4	10.0-13.0	0.0-100.0	0.785-1.178	0.008	0.105	1671.0	1670.0	1237.97	37.943	432.033	25.1755	-1.24226	0.201593	-0.05	0.0	0.402745	0.0	3.09097	0.0	0.021519	0.0	0.0424464	0.0	0.03	0.0	1.492	0.0	5.0	0.0	1.733	0.0	0.0355327	0.0	0.000150013	0.000368392	0.460706	0.0258703	0.0264505	0.0570749	-0.00999745	0.0190374	0.000903668	0.00111941	2.76374	1.36911	1.01177	0.0345749	0.83235	0.0588106	1.0	9.05896	0.303728	0.0730726	0.0705121	1.17157e-09	0.405345	0.0344655	0.0706275	84483.7	-2677.87	4.0	2.40606e-07	-12340.9	3.0	1.11602e-06	1.0	817.157	33.0053	420.812	25.0685	0.339921	0.017364	1094.83	98.8068	
0.0-2.4	10.0-13.0	0.0-100.0	1.178-1.571	0.008	0.088	1635.0	1619.0	1184.65	37.3256	434.353	25.3559	-0.955261	0.195957	-0.05	0.0	0.402745	0.0	3.09097	0.0	0.021519	0.0	0.0424464	0.0	0.03	0.0	1.492	0.0	5.0	0.0	1.733	0.0	0.0355327	0.0	4.2601e-05	0.000476275	0.333559	0.0202521	0.72641	0.161382	0.00313713	0.00293527	0.00180227	0.00226794	1.44557	0.102068	0.631465	0.0562714	0.999999	6.97229	0.620455	0.0827663	0.286554	0.0524119	0.0706015	15.1343	0.28329	0.0253242	0.0706264	0.014014	-2922.15	4.0	3.23583e-05	-11895.4	3.0	9.88539e-07	1.0	824.086	32.9937	360.567	23.3125	0.304365	0.0171839	1275.56	68.1179	
0.0-2.4	10.0-13.0	10.0-60.0	0.000-0.393	0.016	0.08	1107.0	1101.0	832.34	31.1234	268.666	20.1247	0.334762	0.247727	-0.05	0.0	0.402745	0.0	3.09097	0.0	0.021519	0.0	0.0427781	0.0	0.03	0.0	1.492	0.0	5.0	0.0	1.733	0.0	0.0357695	0.0	1.00051e-05	0.0125341	0.292971	0.0191861	0.0553454	0.0	0.000212513	0.0	-0.000196456	0.00112979	2.09412	0.0	0.860984	0.0324463	0.83441	0.0808022	0.999978	0.884351	0.530039	0.0828732	0.134308	0.0595622	0.220094	0.0350259	0.151568	3.17863	-2134.82	4.0	4.62489e-06	-7747.77	3.0	3.43919e-07	1.0	522.639	26.5661	309.701	21.3996	0.372085	0.0216202	971.069	13.5879	
0.0-2.4	10.0-13.0	10.0-60.0	0.000-1.571	0.008	0.136	4360.0	4358.0	3324.93	63.1637	1033.15	41.2061	-0.776752	0.127156	-0.05	0.0	0.402745	0.0	3.09097	0.0	0.021519	0.0	0.0427781	0.00128696	0.03	0.0	1.492	0.0	5.0	0.0	1.733	0.0	0.0357695	0.000459625	1.25623e-05	9.06713e-05	0.430237	0.0141853	0.0553454	0.0	0.000212513	0.0	0.000415144	0.000635329	2.09412	0.0	0.938289	0.0188166	0.999626	0.558202	0.574385	0.0977882	0.243299	0.0415557	0.0705441	0.758429	0.335676	0.0186179	0.0705524	0.00733115	-7573.68	4.0	4.28753e-06	-36693.4	4.0	1.64762e-06	1.0	2156.68	53.4753	1168.24	40.9091	0.351359	0.0103359	1036.52	8.04533	
0.0-2.4	10.0-13.0	10.0-60.0	0.393-0.785	0.016	0.088	1116.0	1114.0	884.403	31.6092	229.596	18.5565	-0.924866	0.270924	-0.05	0.0	0.402745	0.0	3.09097	0.0	0.021519	0.0	0.0427781	0.0	0.03	0.0	1.492	0.0	5.0	0.0	1.733	0.0	0.0357695	0.0	9.67596e-05	0.000320065	0.50079	0.0308707	0.0553454	0.0	0.000212513	0.0	-0.000264004	0.00119868	2.09412	0.0	0.931588	0.0376343	0.727976	0.0723961	0.999943	1.48579	0.303643	0.0607153	0.0704911	1.5701e-08	0.184651	0.0226098	0.0707105	5.09314	-2042.58	4.0	7.66906e-05	-7979.75	3.0	1.22463e-06	1.0	565.597	26.5557	318.807	20.6493	0.360477	0.0194719	1030.79	16.065	
0.0-2.4	10.0-13.0	10.0-60.0	0.785-1.178	0.016	0.105	1104.0	1103.0	851.84	31.1168	251.167	19.1728	-1.51157	0.271364	-0.05	0.0	0.402745	0.0	3.09097	0.0	0.021519	0.0	0.0427781	0.0	0.03	0.0	1.492	0.0	5.0	0.0	1.733	0.0	0.0357695	0.0	0.000150013	0.000368392	0.551152	0.0348407	0.0553454	0.0	0.000212513	0.0	0.00012325	0.00138568	2.09412	0.0	1.0508	0.0407083	0.999999	0.0831588	0.960296	0.0438692	0.39928	0.058156	0.0706165	4.66263e-05	0.490331	0.0552142	0.215781	0.228366	-1718.77	4.0	6.16345e-05	-7775.38	3.0	5.46849e-07	1.0	542.802	26.1847	309.037	20.4921	0.362788	0.020077	1133.92	17.8182	
0.0-2.4	10.0-13.0	10.0-60.0	1.178-1.571	0.016	0.056	1032.0	1004.0	737.099	29.3145	266.912	19.7273	-1.06157	0.251732	-0.05	0.0	0.402745	0.0	3.09097	0.0	0.021519	0.0	0.0427781	0.0	0.03	0.0	1.492	0.0	5.0	0.0	1.733	0.0	0.0357695	0.0	5.58531e-05	0.000456735	0.327074	0.0243783	0.0553454	0.0	0.000212513	0.0	0.00234179	0.00143004	2.09412	0.0	1.0263	0.0411956	0.999997	4.79281	0.62344	0.0339651	0.258219	0.0214827	0.0706914	4.45154	0.274664	0.0118824	0.0715663	0.00637181	-1804.73	4.0	2.43616e-06	-6898.75	3.0	7.89359e-07	1.0	496.017	25.9356	241.082	19.3763	0.327068	0.0228434	1112.53	17.9498	
0.0-2.4	10.0-30.0	0.0-100.0	0.000-0.393	0.008	0.088	2722.0	2717.0	2058.7	48.8868	658.24	31.4549	0.0955947	0.157529	-0.05	0.0	0.435151	0.0	3.09196	0.0	0.0216008	0.0	0.044708	0.0	0.03	0.0	1.492	0.0	5.0	0.0	1.733	0.0	0.0364974	0.0	2.70146e-05	0.00458685	0.412872	0.0163129	0.4173	0.695008	-0.00292619	0.00669808	0.00190015	0.00102215	1.43528	0.240682	0.795765	0.0308217	0.846165	0.267452	1.0	96.7546	0.517559	0.190812	0.105377	0.0723449	0.238853	0.0513857	0.0705722	111968.0	-4843.48	4.0	2.44397e-07	-21591.6	3.0	2.85325e-05	1.0	1261.63	40.4963	797.073	33.1761	0.387173	0.013235	1108.44	233.005	
0.0-2.4	10.0-30.0	0.0-100.0	0.000-1.571	0.008	0.136	10411.0	10409.0	7799.1	99.088	2609.88	68.0367	-0.66923	0.0820268	-0.05	0.0	0.435151	0.0493572	3.09196	0.000429318	0.0216008	0.00118146	0.044708	0.0019977	0.03	0.0	1.492	0.0	5.0	0.0	1.733	0.0	0.0364974	0.000877009	1.01973e-05	0.00191321	0.369581	0.00796785	0.0473596	0.058793	-0.000901407	0.00750486	0.000217537	0.000396822	2.0393	0.463163	0.96569	0.01285	0.916466	2.43716	0.81738	12.8531	0.365585	2.54545	0.0707187	1.89302e-07	0.3025	0.357832	0.0705497	0.965103	-18561.4	4.0	3.22187e-07	-96360.8	7.0	3.03569e-06	1.0	4961.13	83.4758	2837.97	65.5387	0.363884	0.00701732	1041.8	50.6446	
0.0-2.4	10.0-30.0	0.0-100.0	0.393-0.785	0.008	0.105	2664.0	2662.0	1988.75	47.9981	673.15	31.4341	-0.620308	0.155783	-0.05	0.0	0.435151	0.0	3.09196	0.0	0.0216008	0.0	0.044708	0.0	0.03	0.0	1.492	0.0	5.0	0.0	1.733	0.0	0.0364974	0.0	3.35672e-05	0.000225803	0.389867	0.0167571	0.896102	0.170491	0.00449012	0.0031336	-0.00570403	0.00270998	1.22675	0.0429112	0.6	0.0174037	0.84003	0.063905	0.99808	0.5505	0.46805	0.0580375	0.0704573	1.08166e-08	0.212966	0.0166407	0.0706117	4.76141	-4940.43	4.0	1.61693e-05	-21024.2	3.0	6.26928e-05	1.0	1326.48	40.9742	662.274	30.1572	0.33301	0.0128588	1177.27	46.0414	
0.0-2.4	10.0-30.0	0.0-100.0	0.785-1.178	0.008	0.105	2513.0	2512.0	1871.94	46.4794	640.068	30.4724	-1.2723	0.165698	-0.05	0.0	0.435151	0.0	3.09196	0.0	0.0216008	0.0	0.044708	0.0	0.03	0.0	1.492	0.0	5.0	0.0	1.733	0.0	0.0364974	0.0	2.54104e-05	0.00458759	0.378548	0.01743	0.0657857	0.0838022	-0.00690936	0.0141205	0.00106454	0.000841117	2.24771	0.605703	0.975994	0.0276743	0.832472	0.0304557	0.999959	4.9002	0.296607	0.0364921	0.0704881	9.2316e-09	0.406585	0.0181894	0.0954377	24.0158	-4333.8	4.0	9.20337e-06	-19665.2	3.0	1.58961e-06	1.0	1223.64	40.4663	648.295	31.2015	0.346323	0.0142787	1105.56	88.3546	
0.0-2.4	10.0-30.0	0.0-100.0	1.178-1.571	0.008	0.105	2510.0	2499.0	1878.1	46.8405	620.892	30.608	-0.909026	0.164278	-0.05	0.0	0.435151	0.0	3.09196	0.0	0.0216008	0.0	0.044708	0.0	0.03	0.0	1.492	0.0	5.0	0.0	1.733	0.0	0.0364974	0.0	2.67457e-05	0.0796517	0.32296	0.014609	0.69171	0.183498	0.00100858	0.00227545	0.00162557	0.00167016	1.41522	0.0994536	0.67649	0.0476853	1.0	0.0107493	0.751822	0.408029	0.300592	0.327353	0.100445	0.0106833	0.277131	0.0490562	0.0705656	0.115788	-4516.66	4.0	1.74635e-07	-19528.0	3.0	2.98497e-06	1.0	1223.14	40.6068	654.964	31.3873	0.348737	0.0142706	1235.51	69.7159	
0.0-2.4	10.0-30.0	10.0-60.0	0.000-0.393	0.008	0.088	1770.0	1765.0	1368.08	39.7248	396.935	24.6353	0.0459208	0.203352	-0.05	0.0	0.435151	0.0	3.09196	0.0	0.0216008	0.0	0.0447904	0.0	0.03	0.0	1.492	0.0	5.0	0.0	1.733	0.0	0.0365545	0.0	2.70146e-05	0.00458685	0.423387	0.0204178	0.0473596	0.0	-0.000901407	0.0	0.000166946	0.000859346	2.0393	0.0	0.896621	0.0266536	0.877428	0.0536615	0.999997	3.15066	0.492328	0.0612684	0.120681	0.045429	0.236529	0.0278321	0.0706415	1.87924e-09	-3275.26	4.0	2.71704e-07	-13327.3	3.0	2.59198e-05	1.0	838.182	32.866	529.899	26.9179	0.38733	0.0161444	981.23	11.601	
0.0-2.4	10.0-30.0	10.0-60.0	0.000-1.571	0.008	0.136	6748.0	6746.0	5173.15	78.858	1572.94	51.1707	-0.725988	0.10304	-0.05	0.0	0.435151	0.0	3.09196	0.0	0.0216008	0.0	0.0447904	0.00111338	0.03	0.0	1.492	0.0	5.0	0.0	1.733	0.0	0.0365544	0.000385292	1.01973e-05	0.00191321	0.412482	0.0107968	0.0473596	0.0	-0.000901407	0.0	0.000268203	0.000481493	2.0393	0.0	0.959087	0.0155447	0.967787	0.722114	0.679561	0.374855	0.306974	0.242948	0.0706781	2.60014e-05	0.332864	0.0300016	0.0706007	0.052496	-12014.8	4.0	4.57773e-05	-59796.2	4.0	3.55884e-06	1.0	3298.46	66.3731	1874.69	51.9027	0.362388	0.00837537	1035.97	6.85472	
0.0-2.4	10.0-30.0	10.0-60.0	0.393-0.785	0.008	0.105	1697.0	1695.0	1311.21	38.7575	383.815	23.9728	-0.684205	0.207429	-0.05	0.0	0.435151	0.0	3.09196	0.0	0.0216008	0.0	0.0447904	0.0	0.03	0.0	1.492	0.0	5.0	0.0	1.733	0.0	0.0365545	0.0	3.35672e-05	0.000225803	0.422551	0.0222317	0.0473596	0.0	-0.000901407	0.0	-0.000324474	0.000921135	2.0393	0.0	0.955192	0.0312388	0.763824	0.158575	0.762002	0.246923	0.305894	0.0809192	0.0704661	1.60788e-08	0.208658	0.0279034	0.0707057	2.15624e-06	-3214.19	4.0	3.87855e-06	-12736.9	3.0	4.14027e-05	1.0	861.611	33.2273	449.602	25.1405	0.34289	0.0162757	1032.54	13.765	
0.0-2.4	10.0-30.0	10.0-60.0	0.785-1.178	0.008	0.105	1648.0	1647.0	1257.89	37.8391	389.109	23.7286	-1.36269	0.214633	-0.05	0.0	0.435151	0.0	3.09196	0.0	0.0216008	0.0	0.0447904	0.0	0.03	0.0	1.492	0.0	5.0	0.0	1.733	0.0	0.0365545	0.0	2.54104e-05	0.00458759	0.453378	0.0243613	0.0473596	0.0	-0.000901407	0.0	0.000560126	0.00101653	2.0393	0.0	1.01688	0.0330753	0.910075	0.0702637	0.999994	0.738507	0.360946	0.0681859	0.0784662	0.0427235	0.495794	0.0434269	0.14298	6.29372	-2756.62	4.0	7.91738e-05	-12267.4	3.0	4.72267e-07	1.0	811.767	32.1951	446.127	24.9065	0.354662	0.0166801	1087.22	14.7353	
0.0-2.4	10.0-30.0	10.0-60.0	1.178-1.571	0.008	0.08	1631.0	1612.0	1225.2	37.6486	386.789	24.0623	-0.898061	0.208411	-0.05	0.0	0.435151	0.0	3.09196	0.0	0.0216008	0.0	0.0447904	0.0	0.03	0.0	1.492	0.0	5.0	0.0	1.733	0.0	0.0365545	0.0	1.00138e-05	0.000350061	0.342838	0.0183607	0.0473596	0.0	-0.000901407	0.0	0.00122124	0.00109074	2.0393	0.0	1.03687	0.0342997	0.998775	8.55099	0.783969	0.77078	0.372002	0.35806	0.0711415	1.57103e-06	0.254825	0.0678434	0.0705138	1.31412e-08	-2904.13	4.0	7.18031e-07	-11922.7	3.0	1.31226e-06	1.0	767.686	32.4327	457.511	26.3256	0.373418	0.0181664	1105.05	15.3296	
0.0-2.4	13.0-30.0	0.0-100.0	0.000-0.393	0.008	0.064	1030.0	1026.0	807.513	30.501	218.499	18.4744	-0.36326	0.275732	-0.05	0.0	0.465557	0.0	3.09384	0.0	0.0212876	0.0	0.0482314	0.0	0.03	0.0	1.492	0.0	5.0	0.0	1.733	0.0	0.0381344	0.0	0.000100096	0.000341831	0.489751	0.0280071	0.858188	0.20333	0.00132389	0.00290195	0.001358	2.08684e-08	1.21927	0.0856541	0.661719	0.114601	0.935003	0.0694379	0.984276	0.156454	0.497792	0.0569815	0.0704424	1.0413e-08	0.301823	0.0427019	0.0704463	1.98473e-08	-1674.51	4.0	0.572902	-7202.03	3.0	2.79209e-07	1.0	441.067	23.6857	366.446	21.7955	0.453795	0.0208496	1156.67	60.3892	
0.0-2.4	13.0-30.0	0.0-100.0	0.000-1.571	0.008	0.105	3671.0	3671.0	2802.11	59.0656	869.022	39.441	-0.724015	0.142822	-0.05	0.0	0.465557	0.0672742	3.09384	0.000701596	0.0212876	0.00170131	0.0482314	0.00344956	0.03	0.0	1.492	0.0	5.0	0.0	1.733	0.0	0.0381344	0.00144588	2.10356e-05	0.0045896	0.333607	0.0115615	0.0347602	0.122355	-0.00537756	0.015369	0.000260484	0.000617699	1.80759	0.989032	0.993601	0.0222925	0.907033	0.0911182	0.989504	0.539246	0.40561	0.0613358	0.0710234	0.0196596	0.307531	0.0253549	0.070786	4.06695	-6726.27	4.0	1.54514e-05	-30237.8	7.0	5.76232e-05	1.0	1673.6	48.83	1128.51	41.3003	0.402736	0.0120487	1032.72	74.6566	
0.0-2.4	13.0-30.0	0.0-100.0	0.393-0.785	0.008	0.064	924.0	917.0	667.762	28.1541	249.187	19.34	-0.466542	0.254399	-0.05	0.0	0.465557	0.0	3.09384	0.0	0.0212876	0.0	0.0482314	0.0	0.03	0.0	1.492	0.0	5.0	0.0	1.733	0.0	0.0381344	0.0	1.12306e-05	0.00159264	0.254605	0.0197275	0.703851	0.324382	0.00687232	0.0111474	-0.00838535	0.00210693	1.16624	0.0727715	0.665503	0.0729842	0.813324	0.125861	1.0	0.09811	0.470625	0.11249	0.0705464	1.76934e-07	0.201173	0.0363745	0.109036	0.000777267	-1827.55	4.0	9.48678e-08	-6194.06	3.0	4.79618e-05	1.0	449.142	24.4022	218.62	17.9396	0.327393	0.0230479	1043.3	77.1367	
0.0-2.4	13.0-30.0	0.0-100.0	0.785-1.178	0.008	0.056	842.0	828.0	620.574	26.5817	207.427	17.1308	-1.31259	0.289908	-0.05	0.0	0.465557	0.0	3.09384	0.0	0.0212876	0.0	0.0482314	0.0	0.03	0.0	1.492	0.0	5.0	0.0	1.733	0.0	0.0381344	0.0	3.98792e-05	0.000279455	0.222435	0.0169242	0.0591112	0.0890247	-0.00987308	0.0151467	0.000436939	0.0012671	2.19428	0.854214	0.949404	0.0459182	0.999338	18.29	0.750724	1.29514	0.280907	0.203069	0.0704991	8.35389e-09	0.441839	0.162095	0.0705196	2.04228e-06	-1662.25	4.0	4.5503e-05	-5610.63	3.0	3.76641e-07	1.0	383.028	23.3982	237.546	19.5405	0.382785	0.0268821	1064.28	98.8859	
0.0-2.4	13.0-30.0	0.0-100.0	1.178-1.571	0.008	0.08	875.0	873.0	690.472	28.1803	182.537	16.9172	-0.840823	0.303556	-0.05	0.0	0.465557	0.0	3.09384	0.0	0.0212876	0.0	0.0482314	0.0	0.03	0.0	1.492	0.0	5.0	0.0	1.733	0.0	0.0381344	0.0	1.03545e-05	0.00459451	0.309561	0.020716	0.858094	0.102806	-0.0014856	0.00231549	0.00322059	0.00461278	1.25528	0.0777394	0.600001	0.32652	1.0	0.323499	0.999999	29.6636	0.307965	0.156003	0.0710371	1193.55	0.272771	0.0462378	0.0709604	74827.1	-1600.04	4.0	1.84947e-05	-5963.46	3.0	4.52844e-06	1.0	395.725	23.2197	294.747	20.5674	0.426878	0.0241611	1184.57	45.637	
0.0-2.4	13.0-30.0	10.0-60.0	0.000-0.393	0.008	0.064	663.0	659.0	536.208	24.5772	122.761	13.8043	-0.639981	0.36969	-0.05	0.0	0.465557	0.0	3.09384	0.0	0.0212876	0.0	0.0472416	0.0	0.03	0.0	1.492	0.0	5.0	0.0	1.733	0.0	0.0374663	0.0	0.000100096	0.000341831	0.572107	0.0406129	0.0347602	0.0	-0.00537756	0.0	0.000841592	0.00135856	1.80759	0.0	0.959372	0.0462114	0.963112	0.074959	0.960427	0.115261	0.54065	0.0707396	0.0704517	1.18266e-08	0.295758	0.0535174	0.0707095	0.000278633	-1180.85	4.0	7.04265e-06	-4390.6	3.0	1.72165e-05	1.0	301.871	19.4022	234.337	17.3312	0.437027	0.0253662	1000.99	21.3753	
0.0-2.4	13.0-30.0	10.0-60.0	0.000-1.571	0.008	0.08	2388.0	2382.0	1843.38	47.0182	538.657	30.0996	-0.622705	0.17566	-0.05	0.0	0.465557	0.0	3.09384	0.0	0.0212876	0.0	0.0472416	0.00195982	0.03	0.0	1.492	0.0	5.0	0.0	1.733	0.0	0.0374663	0.000660344	1.04426e-05	0.00602457	0.382641	0.0164949	0.0347602	0.0	-0.00537756	0.0	0.000199408	0.000742423	1.80759	0.0	0.986002	0.0272767	0.887381	0.137322	0.880705	0.244506	0.361994	0.0866248	0.0706027	1.67723e-06	0.329359	0.042621	0.0704901	9.84459e-09	-4447.93	4.0	8.51232e-05	-18672.6	4.0	2.31768e-06	1.0	1138.24	39.1714	705.14	31.8589	0.382525	0.0142654	1025.66	12.6552	
0.0-2.4	13.0-30.0	10.0-60.0	0.393-0.785	0.008	0.064	581.0	579.0	424.126	22.3839	154.814	15.2226	-0.320905	0.321606	-0.05	0.0	0.465557	0.0	3.09384	0.0	0.0212876	0.0	0.0472416	0.0	0.03	0.0	1.492	0.0	5.0	0.0	1.733	0.0	0.0374663	0.0	1.12306e-05	0.00159264	0.211863	0.021634	0.0347602	0.0	-0.00537756	0.0	-0.000874016	0.00146638	1.80759	0.0	0.9799	0.0546275	0.665631	0.350394	0.999824	0.095741	0.376324	0.236612	0.070569	2.73676e-08	0.213316	0.037813	0.070452	2.57588e-08	-1200.11	4.0	1.53134e-06	-3655.79	3.0	5.66558e-05	1.0	283.959	20.261	140.167	15.5126	0.330485	0.0321487	1020.0	25.3278	
0.0-2.4	13.0-30.0	10.0-60.0	0.785-1.178	0.012	0.044	544.0	528.0	394.2	21.1577	133.801	13.6838	-1.15545	0.356185	-0.05	0.0	0.465557	0.0	3.09384	0.0	0.0212876	0.0	0.0472416	0.0	0.03	0.0	1.492	0.0	5.0	0.0	1.733	0.0	0.0374663	0.0	1.72143e-05	0.000568696	0.23165	0.0226084	0.0347602	0.0	-0.00537756	0.0	-0.000339945	0.00152055	1.80759	0.0	0.963687	0.0587375	0.996107	0.999375	0.722358	0.151109	0.181529	0.0445572	0.070585	1.14834	0.513312	0.0386835	0.0704969	0.0214226	-1039.95	4.0	8.28833e-05	-3334.47	3.0	5.82933e-08	1.0	254.12	18.5914	140.08	14.7017	0.355353	0.0320491	1004.98	27.1831	
0.0-2.4	13.0-30.0	10.0-60.0	1.178-1.571	0.008	0.08	599.0	597.0	477.466	23.3698	119.545	13.7204	-0.545119	0.371066	-0.05	0.0	0.465557	0.0	3.09384	0.0	0.0212876	0.0	0.0472416	0.0	0.03	0.0	1.492	0.0	5.0	0.0	1.733	0.0	0.0374663	0.0	1.03545e-05	0.00459451	0.36578	0.0283673	0.0347602	0.0	-0.00537756	0.0	-0.00134371	0.00161456	1.80759	0.0	0.977292	0.0563119	1.0	0.0199806	1.0	0.0354813	0.280658	0.0767903	0.0704519	2.92108e-08	0.191767	0.0297672	0.0794226	2.82167	-1092.98	4.0	3.62105e-06	-3872.46	3.0	1.02504e-06	1.0	266.585	19.2061	210.881	17.4688	0.441667	0.0295169	1017.58	26.1012	
0.0-2.4	6.5-10.0	0.0-100.0	0.000-0.393	0.016	0.152	11201.0	11191.0	5609.42	86.4898	5581.49	86.3275	-0.0580295	0.0523632	-0.05	0.0	0.406597	0.0	3.09225	0.0	0.0502123	0.0	0.0253307	0.0	0.03	0.0	1.492	0.0	5.0	0.0	1.733	0.0	0.0374953	0.0	8.57987e-05	0.0003048	0.336448	0.010849	0.246489	0.0909252	0.00867425	0.0106227	0.00220752	0.000558313	1.87622	0.176527	0.9141	0.0127198	0.999996	0.139014	0.507039	0.0605121	0.682349	0.0276423	0.070441	2.35281e-08	0.238968	0.0160075	0.103861	0.013137	-16209.2	4.0	2.43036	-99053.7	3.0	5.24586e-06	1.0	4203.09	79.4661	1406.33	50.8451	0.250708	0.00819864	1223.64	60.1062	
0.0-2.4	6.5-10.0	0.0-100.0	0.000-1.571	0.008	0.136	40317.0	40219.0	20744.2	193.837	19474.7	190.352	-0.143839	0.0288017	-0.05	0.0	0.406597	0.0343715	3.09225	0.000308787	0.0502123	0.00179186	0.0253307	0.000634816	0.03	0.0	1.492	0.0	5.0	0.0	1.733	0.0	0.0374953	0.000663118	7.98293e-05	0.000176368	0.321525	0.00564698	0.239762	0.0893802	0.00620961	0.00335008	0.00266729	0.000306951	1.68264	0.117026	0.940047	0.00752024	0.600978	0.0202042	0.90542	0.0220361	0.617582	0.0121114	0.0706331	1.25935e-09	0.29157	0.00941212	0.298052	0.0462172	-56891.0	4.0	3.65957e-06	-408390.0	7.0	1.05091e-05	1.0	15496.0	170.039	5248.22	101.746	0.252997	0.00429746	1162.17	42.663	
0.0-2.4	6.5-10.0	0.0-100.0	0.393-0.785	0.016	0.145	10562.0	10548.0	5267.35	83.6596	5280.46	83.7377	-0.316077	0.0540289	-0.05	0.0	0.406597	0.0	3.09225	0.0	0.0502123	0.0	0.0253307	0.0	0.03	0.0	1.492	0.0	5.0	0.0	1.733	0.0	0.0374953	0.0	2.35595e-05	0.00458844	0.321235	0.0108306	0.518497	0.764936	0.0035218	0.00428896	0.00363425	0.000907333	1.41682	0.222188	0.858679	0.0224558	0.628938	0.0597837	0.852202	0.0347088	0.561071	0.0378388	0.0706839	0.0140519	0.230533	0.0143649	0.336197	0.0493683	-14251.8	4.0	5.7529e-05	-92733.7	3.0	4.00175e-06	1.0	3915.55	76.9287	1351.81	50.1147	0.256639	0.00859684	1181.46	216.903	
0.0-2.4	6.5-10.0	0.0-100.0	0.785-1.178	0.016	0.152	9732.0	9729.0	5210.69	82.5125	4518.3	78.2043	0.0542445	0.0582879	-0.05	0.0	0.406597	0.0	3.09225	0.0	0.0502123	0.0	0.0253307	0.0	0.03	0.0	1.492	0.0	5.0	0.0	1.733	0.0	0.0374953	0.0	6.88744e-05	0.000959106	0.409741	0.0132028	0.111526	0.0960542	0.00999997	0.016016	0.00129429	0.000553066	1.868	0.326587	0.963205	0.0136766	0.784227	0.310596	0.427	0.213039	0.52792	0.0460022	0.0708911	0.0713071	0.279521	0.026192	0.0814673	0.0160921	-13812.9	4.0	3.25538e-05	-85291.7	3.0	2.85303e-06	1.0	3829.01	74.2015	1381.68	48.0434	0.265163	0.00820856	1101.57	64.0342	
0.0-2.4	6.5-10.0	0.0-100.0	1.178-1.571	0.016	0.152	8821.0	8816.0	4650.32	77.8516	4165.41	74.6747	-0.269319	0.0608391	-0.05	0.0	0.406597	0.0	3.09225	0.0	0.0502123	0.0	0.0253307	0.0	0.03	0.0	1.492	0.0	5.0	0.0	1.733	0.0	0.0374953	0.0	0.000188434	0.000544939	0.23383	0.00903396	0.374742	0.211643	0.00265475	0.00433016	0.00192388	0.000696033	1.50231	0.158008	0.809071	0.0174316	0.615367	0.0309818	0.871847	0.0290898	0.587722	0.0202646	0.0705961	1.93009e-09	0.473055	0.0255886	0.4346	0.0701527	-12682.9	4.0	2.81623e-05	-76313.5	3.0	3.23182e-05	1.0	3481.46	73.4487	1168.86	48.7918	0.25135	0.00961138	1120.3	85.5502	
0.0-2.4	6.5-10.0	10.0-60.0	0.000-0.393	0.016	0.152	6656.0	6654.0	3606.52	68.1844	3047.41	63.9531	-0.116192	0.0710152	-0.05	0.0	0.406597	0.0	3.09225	0.0	0.0502123	0.0	0.0252614	0.0	0.03	0.0	1.492	0.0	5.0	0.0	1.733	0.0	0.0374675	0.0	8.57987e-05	0.0003048	0.28661	0.0112579	0.239762	0.0	0.00620961	0.0	0.00158009	0.000692509	1.68264	0.0	0.842578	0.0156495	0.56857	4.67168	0.646801	12.0468	0.50593	1.9824	0.0972403	3.3073	0.154488	0.167074	0.0704578	1.0091e-10	-10638.4	4.0	1.18832e-06	-55888.9	3.0	1.47424e-05	1.0	2668.71	62.7847	937.813	41.3599	0.260032	0.0103609	1103.88	4.54055	
0.0-2.4	6.5-10.0	10.0-60.0	0.000-1.571	0.008	0.16	23251.0	23248.0	13297.1	131.388	9950.95	117.97	-0.16812	0.0394048	-0.05	0.0	0.406597	0.0	3.09225	0.0	0.0502123	0.0	0.0252614	0.000425718	0.03	0.0	1.492	0.0	5.0	0.0	1.733	0.0	0.0374675	8.51616e-05	8.22954e-05	0.000174121	0.307515	0.00680872	0.239762	0.0	0.00620961	0.0	0.00122002	0.000382672	1.68264	0.0	0.901292	0.00914444	0.64539	0.0263778	0.889489	0.0190307	0.613385	0.0156318	0.0705187	1.96832e-09	0.263971	0.0117112	0.425298	0.0505171	-35730.4	4.0	1.64802e-06	-225417.0	4.0	1.02969e-07	1.0	9887.49	121.165	3409.58	79.19	0.256416	0.00538962	1138.59	2.75152	
0.0-2.4	6.5-10.0	10.0-60.0	0.393-0.785	0.016	0.145	6131.0	6129.0	3462.39	66.2857	2666.48	59.9814	-0.250845	0.0761813	-0.05	0.0	0.406597	0.0	3.09225	0.0	0.0502123	0.0	0.0252614	0.0	0.03	0.0	1.492	0.0	5.0	0.0	1.733	0.0	0.0374675	0.0	2.35595e-05	0.00458844	0.286618	0.0129187	0.239762	0.0	0.00620961	0.0	0.00215662	0.000834149	1.68264	0.0	0.999691	0.0202631	0.628622	0.711892	0.83913	0.159408	0.61452	0.224324	0.0705457	3.66347e-08	0.309297	0.0670131	0.411993	0.103782	-9292.81	4.0	2.09262e-05	-51213.3	3.0	3.77308e-05	1.0	2627.78	62.612	834.605	40.555	0.241049	0.0107656	1199.42	6.41979	
0.0-2.4	6.5-10.0	10.0-60.0	0.785-1.178	0.016	0.152	5419.0	5416.0	3243.23	64.0113	2172.68	55.0179	-0.0920072	0.0844034	-0.05	0.0	0.406597	0.0	3.09225	0.0	0.0502123	0.0	0.0252614	0.0	0.03	0.0	1.492	0.0	5.0	0.0	1.733	0.0	0.0374675	0.0	6.88744e-05	0.000959106	0.423638	0.0168991	0.239762	0.0	0.00620961	0.0	0.00103959	0.000746124	1.68264	0.0	0.867915	0.0177091	0.999786	3.23868	0.406279	0.0754685	0.60937	0.0452403	0.0717938	1.3358e-06	0.303343	0.0307056	0.100711	0.0134899	-8254.63	4.0	2.94878e-06	-44833.4	3.0	1.05538e-05	1.0	2357.12	57.1709	886.105	37.5505	0.273217	0.0102457	1118.71	5.22249	
0.0-2.4	6.5-10.0	10.0-60.0	1.178-1.571	0.016	0.136	5044.0	5041.0	2988.0	61.3082	2052.94	53.1376	-0.220591	0.0868336	-0.05	0.0	0.406597	0.0	3.09225	0.0	0.0502123	0.0	0.0252614	0.0	0.03	0.0	1.492	0.0	5.0	0.0	1.733	0.0	0.0374675	0.0	0.000177731	0.000547176	0.254098	0.0112306	0.239762	0.0	0.00620961	0.0	0.000361161	0.000801289	1.68264	0.0	0.833941	0.0198235	0.573857	0.0384038	0.834179	0.0375539	0.523214	0.029652	0.0705169	1.75721e-09	0.348988	0.0329838	0.515894	0.0909932	-7667.71	4.0	1.12017e-07	-41332.2	3.0	2.37986e-05	1.0	2162.96	57.2334	825.034	39.9079	0.276116	0.012095	1098.88	5.71853	
0.0-2.4	6.5-30.0	0.0-10.0	0.000-0.393	0.008	0.136	5204.0	5189.0	2411.06	57.3299	2778.14	60.4464	0.0145583	0.0740175	-0.05	0.0	0.435927	0.0	3.09244	0.0	0.0477203	0.0	0.0243015	0.0	0.03	0.0	1.492	0.0	5.0	0.0	1.733	0.0	0.0364119	0.0	1.25622e-05	0.000104313	0.373495	0.0163518	0.16485	0.0	0.00394979	0.0	0.00344867	0.000837042	1.76859	0.0	1.0393	0.0211807	1.0	0.00418173	0.439296	0.0671406	0.674387	0.0346862	1.31893	0.411063	0.29122	0.0281268	0.121789	0.0180569	-6653.92	4.0	2.41096e-05	-41703.5	3.0	2.50859e-05	1.0	1674.26	50.7053	736.794	35.9594	0.305589	0.0130246	1190.68	7.72005	
0.0-2.4	6.5-30.0	0.0-10.0	0.000-1.571	0.008	0.136	19586.0	19537.0	9002.94	112.579	10535.3	119.189	-0.169924	0.0380599	-0.05	0.0	0.435927	0.0	3.09244	0.0	0.0477203	0.0	0.0243015	0.000578435	0.03	0.0	1.492	0.0	5.0	0.0	1.733	0.0	0.0364119	0.00010888	3.37928e-05	7.02542e-05	0.312286	0.0077611	0.16485	0.0	0.00394979	0.0	0.0020111	0.000427025	1.76859	0.0	0.997564	0.0113634	0.999994	0.0952039	0.357839	0.0263929	0.546825	0.0245871	0.0706539	6.98521e-07	0.37465	0.0163177	0.0929536	0.00541192	-25289.5	4.0	9.2141e-08	-182868.0	4.0	9.55292e-05	1.0	6435.5	101.608	2567.44	69.8489	0.285178	0.00689033	1160.48	4.0789	
0.0-2.4	6.5-30.0	0.0-10.0	0.393-0.785	0.008	0.145	5123.0	5112.0	2224.04	55.6218	2888.24	61.3006	-0.411974	0.0729532	-0.05	0.0	0.435927	0.0	3.09244	0.0	0.0477203	0.0	0.0243015	0.0	0.03	0.0	1.492	0.0	5.0	0.0	1.733	0.0	0.0364119	0.0	1.89238e-05	0.00459057	0.340669	0.0152167	0.16485	0.0	0.00394979	0.0	0.00155121	0.000868531	1.76859	0.0	1.0058	0.0234271	0.767959	0.0887527	0.778508	0.17184	0.516019	0.038794	0.0792598	0.0307781	0.17188	0.0142652	0.171822	0.047716	-6138.75	4.0	5.90198e-05	-40789.1	3.0	5.11585e-05	1.0	1499.35	49.0612	724.69	36.4609	0.325844	0.0142251	1166.41	8.43558	
0.0-2.4	6.5-30.0	0.0-10.0	0.785-1.178	0.008	0.128	4854.0	4852.0	2317.19	55.6611	2534.79	57.5826	0.073508	0.0774879	-0.05	0.0	0.435927	0.0	3.09244	0.0	0.0477203	0.0	0.0243015	0.0	0.03	0.0	1.492	0.0	5.0	0.0	1.733	0.0	0.0364119	0.0	1.34329e-05	0.0045931	0.320576	0.0157409	0.16485	0.0	0.00394979	0.0	0.00200193	0.00086342	1.76859	0.0	1.01296	0.023305	0.569388	0.106809	0.88377	1.01065	0.519875	0.0656851	0.0705114	1.62213e-09	0.234991	0.0348336	0.0708406	1.46546e-06	-6527.17	4.0	8.22514e-05	-38806.3	3.0	1.24195e-07	1.0	1682.48	50.9382	634.715	34.5516	0.273915	0.0133807	1171.57	8.41412	
0.0-2.4	6.5-30.0	0.0-10.0	1.178-1.571	0.008	0.152	4403.0	4400.0	2053.38	52.516	2346.71	55.2393	-0.380719	0.0810025	-0.05	0.0	0.435927	0.0	3.09244	0.0	0.0477203	0.0	0.0243015	0.0	0.03	0.0	1.492	0.0	5.0	0.0	1.733	0.0	0.0364119	0.0	1.96612e-05	0.00459023	0.20695	0.0129916	0.16485	0.0	0.00394979	0.0	0.00197776	0.000858179	1.76859	0.0	0.963576	0.0231037	0.850579	0.0962947	0.570052	0.15391	0.536565	0.125584	0.114271	0.0387089	0.583289	0.0412081	0.0706574	0.0339383	-6079.65	4.0	3.08595e-05	-34683.4	3.0	2.50949e-05	1.0	1551.99	50.3254	501.392	33.4898	0.244178	0.0150666	1136.25	8.18143	
0.0-2.4	6.5-30.0	0.0-100.0	0.000-0.393	0.008	0.152	13924.0	13914.0	7603.38	98.6151	6310.62	91.827	-0.0607888	0.0492995	-0.05	0.0	0.435927	0.0	3.09244	0.0	0.0477203	0.0	0.0241561	0.0	0.03	0.0	1.492	0.0	5.0	0.0	1.733	0.0	0.0363573	0.0	1.26244e-05	0.000102978	0.360432	0.00901963	0.206229	0.0969039	0.00181619	0.00447859	0.00152987	0.000452969	1.83948	0.188543	0.910376	0.011285	0.905072	0.0584404	0.618125	0.135469	0.613971	0.0400323	0.163345	0.048801	0.227744	0.0149644	0.0704662	8.80778e-12	-20763.3	4.0	6.31087e-05	-127371.0	3.0	1.9724e-07	1.0	5380.64	88.1457	2222.74	61.0787	0.292336	0.00708201	1164.34	61.4942	
0.0-2.4	6.5-30.0	0.0-100.0	0.000-1.571	0.004	0.164	50728.0	50710.0	28283.4	214.209	22426.5	200.064	-0.224433	0.0269167	-0.05	0.0	0.435927	0.0279544	3.09244	0.000252145	0.0477203	0.00117527	0.0241561	0.000559474	0.03	0.0	1.492	0.0	5.0	0.0	1.733	0.0	0.0363573	0.000479617	1.00384e-05	0.000248775	0.338889	0.00462646	0.16485	0.0672939	0.00394979	0.00276213	0.00216538	0.000240588	1.76859	0.130357	0.962257	0.00634559	0.65424	0.0170201	0.921829	0.0136739	0.58076	0.0108752	0.070625	2.03139e-07	0.285753	0.00719775	0.3402	0.0409668	-74264.3	4.0	1.62598e-06	-530703.0	7.0	4.64808e-06	1.0	20260.1	185.613	8023.27	120.829	0.283674	0.00369254	1135.31	36.7408	
0.0-2.4	6.5-30.0	0.0-100.0	0.393-0.785	0.008	0.145	13226.0	13212.0	7196.2	95.7895	6015.66	89.4173	-0.367292	0.0507211	-0.05	0.0	0.435927	0.0	3.09244	0.0	0.0477203	0.0	0.0241561	0.0	0.03	0.0	1.492	0.0	5.0	0.0	1.733	0.0	0.0363573	0.0	1.89238e-05	0.00459057	0.339313	0.00900977	0.0431777	0.107987	0.00997815	0.0195849	0.00151111	0.000466639	1.89503	0.83285	1.06838	0.0124031	0.675609	0.0330052	0.888224	0.0258569	0.521283	0.0237497	0.0704986	1.52255e-08	0.216429	0.0107467	0.341096	0.048852	-18940.0	4.0	1.50324e-05	-120234.0	3.0	1.48529e-05	1.0	5140.5	87.0134	2055.7	60.316	0.285665	0.00746945	1116.79	66.8567	
0.0-2.4	6.5-30.0	0.0-100.0	0.785-1.178	0.008	0.152	12246.0	12243.0	7015.31	94.0819	5227.76	84.047	-0.123754	0.0542812	-0.05	0.0	0.435927	0.0	3.09244	0.0	0.0477203	0.0	0.0241561	0.0	0.03	0.0	1.492	0.0	5.0	0.0	1.733	0.0	0.0363573	0.0	2.75139e-05	0.00458662	0.391037	0.010671	0.0918396	0.0685565	0.00342668	0.00702651	0.00153145	0.000458011	2.01375	0.316371	0.961837	0.0121292	0.772463	0.295345	0.550602	0.178253	0.475269	0.0404264	0.0706176	0.119289	0.330404	0.0227797	0.0781454	0.0488943	-17905.5	4.0	1.66219e-07	-111040.0	3.0	1.17206e-06	1.0	5017.3	84.2735	1998.01	57.3804	0.284807	0.00723272	1101.18	55.6987	
0.0-2.4	6.5-30.0	0.0-100.0	1.178-1.571	0.008	0.152	11331.0	11327.0	6471.33	90.2614	4855.36	80.8192	-0.367876	0.0565265	-0.05	0.0	0.435927	0.0	3.09244	0.0	0.0477203	0.0	0.0241561	0.0	0.03	0.0	1.492	0.0	5.0	0.0	1.733	0.0	0.0363573	0.0	1.96612e-05	0.00459023	0.261968	0.00785564	0.449361	0.193671	0.00205439	0.00260759	0.00171883	0.000626785	1.48015	0.117135	0.77633	0.0163092	0.684567	0.0276868	0.895552	0.0242587	0.565576	0.0185154	0.0705781	3.23143e-07	0.41666	0.0189687	0.42612	0.070112	-16907.3	4.0	5.89523e-05	-101805.0	3.0	5.57137e-05	1.0	4663.99	83.1129	1807.34	57.5444	0.279284	0.00799357	1147.32	75.1926	
0.0-2.4	6.5-30.0	10.0-20.0	0.000-0.393	0.008	0.128	3423.0	3419.0	1811.29	48.4864	1607.71	46.3397	0.159283	0.0975076	-0.05	0.0	0.435927	0.0	3.09244	0.0	0.0477203	0.0	0.0235487	0.0	0.03	0.0	1.492	0.0	5.0	0.0	1.733	0.0	0.0361318	0.0	1.2601e-05	0.000103615	0.324074	0.0155213	0.16485	0.0	0.00394979	0.0	-0.000546827	0.000951761	1.76859	0.0	0.952833	0.0228334	0.88313	0.0663836	0.72711	0.181598	0.634472	0.0498177	0.117416	0.0355857	0.197107	0.0214035	0.0704502	1.65114e-07	-4965.5	4.0	1.02448e-06	-26410.2	3.0	1.50761e-06	1.0	1192.75	42.6111	618.534	32.7171	0.341488	0.015579	1128.65	8.04937	
0.0-2.4	6.5-30.0	10.0-20.0	0.000-1.571	0.008	0.16	12217.0	12215.0	6603.73	93.3696	5611.27	87.8941	-0.168865	0.0523074	-0.05	0.0	0.435927	0.0	3.09244	0.0	0.0477203	0.0	0.0235487	0.000637284	0.03	0.0	1.492	0.0	5.0	0.0	1.733	0.0	0.0361318	0.000117143	1.00282e-05	0.000232918	0.379042	0.00992248	0.16485	0.0	0.00394979	0.0	0.00092986	0.000515746	1.76859	0.0	0.982939	0.01322	0.699049	0.0410415	0.810195	0.0340102	0.582744	0.0239677	0.0705925	6.02028e-07	0.209721	0.0160051	0.379977	0.043929	-16931.9	4.0	5.60929e-05	-110114.0	4.0	1.98984e-07	1.0	4565.73	82.4251	2038.0	58.7956	0.308613	0.00776084	1150.01	4.71836	
0.0-2.4	6.5-30.0	10.0-20.0	0.393-0.785	0.008	0.128	3091.0	3077.0	1643.82	46.0433	1433.07	43.695	-0.148643	0.103401	-0.05	0.0	0.435927	0.0	3.09244	0.0	0.0477203	0.0	0.0235487	0.0	0.03	0.0	1.492	0.0	5.0	0.0	1.733	0.0	0.0361318	0.0	1.64982e-05	0.00459169	0.438524	0.0258544	0.16485	0.0	0.00394979	0.0	0.000531435	0.00104148	1.76859	0.0	0.976804	0.0271354	0.642637	0.0561304	0.906436	0.0491748	0.379548	0.0584379	0.0705381	5.49762e-07	0.141988	0.0126617	0.266307	0.0753129	-4441.07	4.0	1.40547e-05	-23474.1	3.0	3.84445e-06	1.0	1244.38	42.154	399.446	26.2161	0.242998	0.0144229	1145.64	9.66119	
0.0-2.4	6.5-30.0	10.0-20.0	0.785-1.178	0.008	0.152	3027.0	3024.0	1665.11	46.0997	1358.77	42.6474	-0.258592	0.106449	-0.05	0.0	0.435927	0.0	3.09244	0.0	0.0477203	0.0	0.0235487	0.0	0.03	0.0	1.492	0.0	5.0	0.0	1.733	0.0	0.0361318	0.0	2.75139e-05	0.00458662	0.476176	0.0241434	0.16485	0.0	0.00394979	0.0	0.000701513	0.00098546	1.76859	0.0	0.964823	0.0256565	1.0	0.171298	0.462152	0.0795168	0.589438	0.0580122	0.0707052	4.71035e-05	0.503844	0.0528585	0.114148	0.0199964	-3981.71	4.0	2.04377e-05	-23097.1	3.0	2.35817e-05	1.0	1141.73	40.0493	523.374	28.5435	0.314318	0.0147691	1137.13	9.09011	
0.0-2.4	6.5-30.0	10.0-20.0	1.178-1.571	0.008	0.12	2675.0	2667.0	1485.01	43.5413	1181.98	39.9104	-0.521868	0.114958	-0.05	0.0	0.435927	0.0	3.09244	0.0	0.0477203	0.0	0.0235487	0.0	0.03	0.0	1.492	0.0	5.0	0.0	1.733	0.0	0.0361318	0.0	2.02273e-05	0.00458997	0.280321	0.014864	0.16485	0.0	0.00394979	0.0	0.00111632	0.00115905	1.76859	0.0	0.954178	0.0309315	0.623597	0.0648982	0.703017	0.0790123	0.512203	0.0481252	0.0704993	6.73507e-09	0.166462	0.0240801	0.394523	0.0631307	-3712.3	4.0	1.25321e-05	-20035.6	3.0	5.93811e-07	1.0	962.598	38.7964	522.409	30.7114	0.351789	0.0179251	1129.6	10.9104	
0.0-2.4	6.5-30.0	10.0-30.0	0.000-0.393	0.008	0.128	5820.0	5815.0	3224.72	64.0944	2590.23	58.9376	0.0305455	0.0769178	-0.05	0.0	0.435927	0.0	3.09244	0.0	0.0477203	0.0	0.0234683	0.0	0.03	0.0	1.492	0.0	5.0	0.0	1.733	0.0	0.0361023	0.0	1.2601e-05	0.000103615	0.375594	0.0139683	0.16485	0.0	0.00394979	0.0	4.86228e-05	0.000689321	1.76859	0.0	0.923016	0.0168137	0.997381	0.163881	0.462039	0.0823715	0.560311	0.056596	0.0708624	0.916157	0.189406	0.0163835	0.0728772	0.0129768	-8876.19	4.0	1.08921e-05	-48251.2	3.0	1.50737e-05	1.0	2242.01	56.6783	982.714	40.1019	0.304744	0.010861	1107.77	5.85003	
0.0-2.4	6.5-30.0	10.0-30.0	0.000-1.571	0.004	0.164	20604.0	20601.0	11733.7	122.981	8867.28	110.715	-0.173946	0.0416678	-0.05	0.0	0.435927	0.0	3.09244	0.0	0.0477203	0.0	0.0234683	0.00046054	0.03	0.0	1.492	0.0	5.0	0.0	1.733	0.0	0.0361023	8.44345e-05	1.00384e-05	0.000248775	0.391592	0.00778934	0.16485	0.0	0.00394979	0.0	0.00108296	0.000371902	1.76859	0.0	0.95024	0.00962278	0.687404	0.0287588	0.875828	0.021004	0.583599	0.0178675	0.0704683	8.62571e-10	0.205943	0.00961962	0.390812	0.0413042	-30389.6	4.0	2.38631e-07	-197494.0	4.0	5.68807e-07	1.0	8240.74	108.781	3493.0	75.5883	0.297688	0.00563596	1126.83	3.38853	
0.0-2.4	6.5-30.0	10.0-30.0	0.393-0.785	0.008	0.145	5289.0	5287.0	2965.23	61.0724	2321.73	55.5544	-0.163407	0.081342	-0.05	0.0	0.435927	0.0	3.09244	0.0	0.0477203	0.0	0.0234683	0.0	0.03	0.0	1.492	0.0	5.0	0.0	1.733	0.0	0.0361023	0.0	1.89238e-05	0.00459057	0.353943	0.0147143	0.16485	0.0	0.00394979	0.0	0.000989821	0.000761156	1.76859	0.0	0.980799	0.0200935	0.720178	0.375163	0.856461	0.0586166	0.533069	0.255708	0.0707231	0.128198	0.154033	0.0135844	0.342959	0.0561928	-8065.5	4.0	3.09749e-05	-43465.1	3.0	1.15676e-05	1.0	2153.17	55.6732	812.067	37.5845	0.273863	0.0113508	1148.49	7.16547	
0.0-2.4	6.5-30.0	10.0-30.0	0.785-1.178	0.008	0.152	4921.0	4918.0	2885.77	60.2441	2032.22	52.686	-0.277785	0.0872374	-0.05	0.0	0.435927	0.0	3.09244	0.0	0.0477203	0.0	0.0234683	0.0	0.03	0.0	1.492	0.0	5.0	0.0	1.733	0.0	0.0361023	0.0	2.75139e-05	0.00458662	0.50223	0.0193437	0.16485	0.0	0.00394979	0.0	0.000811041	0.000740358	1.76859	0.0	0.937441	0.0193615	0.999998	0.087452	0.464104	0.0718099	0.591464	0.0494026	0.07054	0.000362425	0.404558	0.0361788	0.102185	0.0151184	-6800.33	4.0	6.79397e-05	-40215.3	3.0	1.7008e-06	1.0	1974.47	52.0342	911.293	37.0192	0.315789	0.0110046	1117.84	6.78014	
0.0-2.4	6.5-30.0	10.0-30.0	1.178-1.571	0.008	0.145	4571.0	4570.0	2656.96	57.7563	1912.96	50.9099	-0.341067	0.0899905	-0.05	0.0	0.435927	0.0	3.09244	0.0	0.0477203	0.0	0.0234683	0.0	0.03	0.0	1.492	0.0	5.0	0.0	1.733	0.0	0.0361023	0.0	1.49137e-05	0.00459242	0.295493	0.0125228	0.16485	0.0	0.00394979	0.0	0.00311492	0.000846456	1.76859	0.0	0.92595	0.0218889	0.61839	0.0425743	0.819167	0.0450183	0.523735	0.0341769	0.0704397	9.18187e-08	0.232215	0.0201299	0.422296	0.0654481	-6817.66	4.0	12.2181	-36996.8	3.0	1.15904e-05	1.0	1848.89	52.056	808.076	37.458	0.304135	0.0124518	1109.81	7.626	
0.0-2.4	6.5-30.0	10.0-60.0	0.000-0.393	0.008	0.152	8426.0	8424.0	4930.0	78.3306	3493.98	68.5548	-0.121617	0.0663983	-0.05	0.0	0.435927	0.0	3.09244	0.0	0.0477203	0.0	0.0241007	0.0	0.03	0.0	1.492	0.0	5.0	0.0	1.733	0.0	0.0363365	0.0	1.26244e-05	0.000102978	0.337452	0.0105719	0.16485	0.0	0.00394979	0.0	0.00042548	0.000536741	1.76859	0.0	0.891847	0.0133336	0.828959	0.102958	0.716366	0.176247	0.580319	0.0312473	0.0706598	5.82405e-07	0.201381	0.0153533	0.07045	1.11867e-07	-13739.5	4.0	3.00974e-06	-73478.4	3.0	9.63644e-06	1.0	3510.39	70.4602	1419.6	48.6058	0.287952	0.00873337	1086.24	4.57139	
0.0-2.4	6.5-30.0	10.0-60.0	0.000-1.571	0.004	0.164	30000.0	29996.0	18315.1	151.405	11681.0	127.63	-0.262983	0.0364538	-0.05	0.0	0.435927	0.0	3.09244	0.0	0.0477203	0.0	0.0241007	0.000359794	0.03	0.0	1.492	0.0	5.0	0.0	1.733	0.0	0.0363365	6.73046e-05	1.00384e-05	0.000248775	0.347985	0.00582938	0.16485	0.0	0.00394979	0.0	0.00124185	0.000296755	1.76859	0.0	0.929317	0.00773008	0.687871	0.0511986	0.919387	0.013659	0.566763	0.0320635	0.0710011	0.01242	0.270868	0.00955285	0.441647	0.0551468	-47187.2	4.0	1.73789e-05	-300931.0	4.0	2.1925e-06	1.0	13091.0	136.274	5224.15	93.4043	0.285237	0.00452199	1112.16	2.69722	
0.0-2.4	6.5-30.0	10.0-60.0	0.393-0.785	0.008	0.145	7828.0	7826.0	4732.48	76.2397	3093.31	64.6036	-0.328594	0.0708898	-0.05	0.0	0.435927	0.0	3.09244	0.0	0.0477203	0.0	0.0241007	0.0	0.03	0.0	1.492	0.0	5.0	0.0	1.733	0.0	0.0363365	0.0	1.89238e-05	0.00459057	0.340969	0.0116543	0.16485	0.0	0.00394979	0.0	0.00106845	0.000617169	1.76859	0.0	0.993608	0.0165327	0.703691	0.0614984	0.884902	0.0326021	0.558002	0.035408	0.0706367	1.60544e-09	0.26042	0.0174365	0.42205	0.0759259	-12362.3	4.0	6.02548e-07	-67969.0	3.0	1.58155e-05	1.0	3486.01	70.2022	1246.47	46.6661	0.263387	0.0089012	1157.65	5.92539	
0.0-2.4	6.5-30.0	10.0-60.0	0.785-1.178	0.008	0.152	7068.0	7065.0	4463.9	73.9111	2601.01	60.0026	-0.298896	0.0774391	-0.05	0.0	0.435927	0.0	3.09244	0.0	0.0477203	0.0	0.0241007	0.0	0.03	0.0	1.492	0.0	5.0	0.0	1.733	0.0	0.0363365	0.0	2.75139e-05	0.00458662	0.419731	0.0140372	0.16485	0.0	0.00394979	0.0	0.000968473	0.000592049	1.76859	0.0	0.901447	0.0153037	0.999997	0.111047	0.476993	0.0576027	0.520031	0.0477044	0.0710766	0.772534	0.399941	0.0276639	0.0932389	0.0118479	-10882.3	4.0	5.72417e-07	-60889.0	3.0	1.88401e-05	1.0	3151.8	65.4936	1312.1	45.1444	0.293936	0.00886516	1092.83	5.2713	
0.0-2.4	6.5-30.0	10.0-60.0	1.178-1.571	0.008	0.152	6676.0	6675.0	4190.75	71.6241	2483.93	58.5086	-0.340575	0.0791847	-0.05	0.0	0.435927	0.0	3.09244	0.0	0.0477203	0.0	0.0241007	0.0	0.03	0.0	1.492	0.0	5.0	0.0	1.733	0.0	0.0363365	0.0	1.96612e-05	0.00459023	0.288664	0.0098498	0.16485	0.0	0.00394979	0.0	0.0010213	0.000640581	1.76859	0.0	0.902639	0.0169804	0.635382	0.0331259	0.874247	0.0279878	0.491597	0.0283525	0.0704832	3.21652e-09	0.310726	0.0236214	0.528812	0.0911159	-10389.3	4.0	5.15153e-05	-57092.8	3.0	5.11708e-05	1.0	2913.13	65.0947	1277.62	47.2784	0.304867	0.0100063	1093.65	5.85218	
0.0-2.4	6.5-30.0	20.0-30.0	0.000-0.393	0.008	0.105	2397.0	2390.0	1413.68	41.8959	976.306	36.3028	-0.164086	0.12562	-0.05	0.0	0.435927	0.0	3.09244	0.0	0.0477203	0.0	0.023366	0.0	0.03	0.0	1.492	0.0	5.0	0.0	1.733	0.0	0.0360648	0.0	1.25371e-05	0.000105445	0.453605	0.0266299	0.16485	0.0	0.00394979	0.0	0.00196878	0.000991805	1.76859	0.0	0.906425	0.0245314	0.612272	0.00175386	1.0	9.118	0.557553	0.00142549	0.0705731	2.92416e-09	0.139363	0.000506632	0.0896375	49.8499	-3927.7	4.0	1.45022e-06	-17865.9	3.0	3.69824e-06	1.0	1039.41	37.2603	374.278	23.7169	0.264754	0.0148288	1096.27	8.4698	
0.0-2.4	6.5-30.0	20.0-30.0	0.000-1.571	0.008	0.136	8386.0	8370.0	5127.65	79.9836	3242.27	67.1727	-0.197574	0.0690722	-0.05	0.0	0.435927	0.0	3.09244	0.0	0.0477203	0.0	0.023366	0.000658014	0.03	0.0	1.492	0.0	5.0	0.0	1.733	0.0	0.0360648	0.000120238	3.37928e-05	7.02542e-05	0.413574	0.0124766	0.16485	0.0	0.00394979	0.0	0.00126043	0.000533841	1.76859	0.0	0.905667	0.013973	0.696266	0.153417	0.922907	0.928517	0.57984	0.0982022	0.070592	0.0223703	0.202363	0.0334764	0.070824	0.320749	-13574.6	4.0	4.26453e-07	-73351.7	4.0	5.00235e-06	1.0	3667.97	70.8693	1459.68	47.6167	0.284669	0.00815584	1095.74	4.82263	
0.0-2.4	6.5-30.0	20.0-30.0	0.393-0.785	0.008	0.105	2198.0	2175.0	1324.78	40.0511	850.227	33.6091	-0.175198	0.134624	-0.05	0.0	0.435927	0.0	3.09244	0.0	0.0477203	0.0	0.023366	0.0	0.03	0.0	1.492	0.0	5.0	0.0	1.733	0.0	0.0360648	0.0	2.76412e-05	0.127705	0.268703	0.0157683	0.16485	0.0	0.00394979	0.0	0.00191529	0.00110925	1.76859	0.0	0.951838	0.0301314	0.752694	0.329269	0.999994	19.8455	0.658926	0.165699	0.0704451	0.0709489	0.184806	0.0261632	0.0736502	47.1571	-3755.61	4.0	1.21703e-07	-16158.9	3.0	2.75142e-08	1.0	907.93	36.5127	416.848	27.1764	0.314655	0.018175	1127.95	10.6176	
0.0-2.4	6.5-30.0	20.0-30.0	0.785-1.178	0.008	0.12	1894.0	1890.0	1222.49	38.7177	667.502	30.7267	-0.313422	0.152728	-0.05	0.0	0.435927	0.0	3.09244	0.0	0.0477203	0.0	0.023366	0.0	0.03	0.0	1.492	0.0	5.0	0.0	1.733	0.0	0.0360648	0.0	1.26912e-05	0.00459344	0.576851	0.0315014	0.16485	0.0	0.00394979	0.0	0.000241965	0.00109769	1.76859	0.0	0.883474	0.0287391	0.792076	0.114683	0.999506	0.153452	0.558871	0.0835759	0.0705231	0.0288284	0.153591	0.0181224	0.0710342	3.31118	-2844.36	4.0	1.38606e-06	-13823.0	3.0	3.12553e-06	1.0	821.113	32.6666	401.377	23.5035	0.328328	0.0161712	1080.51	9.81237	
0.0-2.4	6.5-30.0	20.0-30.0	1.178-1.571	0.008	0.128	1896.0	1892.0	1168.75	37.8856	723.24	31.4615	-0.0702206	0.145957	-0.05	0.0	0.435927	0.0	3.09244	0.0	0.0477203	0.0	0.023366	0.0	0.03	0.0	1.492	0.0	5.0	0.0	1.733	0.0	0.0360648	0.0	3.66622e-05	0.000202958	0.308415	0.0213455	0.16485	0.0	0.00394979	0.0	-0.000461741	0.00108729	1.76859	0.0	0.860658	0.0296097	0.63105	0.0823554	1.0	0.00967038	0.509511	0.0784092	0.0706228	0.0230848	0.306091	0.0324652	0.307064	2.50802	-3123.6	4.0	3.07254e-06	-13779.1	3.0	1.8429e-06	1.0	859.071	34.7602	309.681	23.0993	0.264968	0.0178002	1065.02	9.99177	
0.0-2.4	6.5-30.0	30.0-60.0	0.000-0.393	0.008	0.12	2605.0	2602.0	1700.02	44.9173	901.927	34.9227	-0.531286	0.132377	-0.05	0.0	0.435927	0.0	3.09244	0.0	0.0477203	0.0	0.0249682	0.0	0.03	0.0	1.492	0.0	5.0	0.0	1.733	0.0	0.0366654	0.0	1.2559e-05	0.000104568	0.251004	0.0142789	0.16485	0.0	0.00394979	0.0	0.00018029	0.000839612	1.76859	0.0	0.820056	0.0215494	0.876438	0.575874	0.919327	2.70743	0.601875	0.602684	0.0704989	3.31668e-08	0.245238	0.126001	0.0705869	9.51012	-4931.47	4.0	0.000103896	-19990.4	3.0	7.93786e-06	1.0	1247.29	41.7439	452.733	28.2768	0.26631	0.0150716	1037.91	7.10971	
0.0-2.4	6.5-30.0	30.0-60.0	0.000-1.571	0.008	0.145	9396.0	9392.0	6568.91	88.1646	2822.71	63.4593	-0.547821	0.0752599	-0.05	0.0	0.435927	0.0	3.09244	0.0	0.0477203	0.0	0.0249682	0.000571925	0.03	0.0	1.492	0.0	5.0	0.0	1.733	0.0	0.0366654	0.000109844	3.69686e-05	0.0287936	0.270468	0.00808568	0.16485	0.0	0.00394979	0.0	0.000298943	0.00048583	1.76859	0.0	0.8556	0.0126967	0.889337	1.63202	0.63829	0.530878	0.399672	0.120458	0.0705243	0.220415	0.417504	0.0460378	0.0705434	3.53217e-09	-17123.7	4.0	1.1078e-06	-84914.5	4.0	1.86551e-05	1.0	4779.14	81.7973	1789.77	56.1558	0.272461	0.00772712	1061.61	4.273	
0.0-2.4	6.5-30.0	30.0-60.0	0.393-0.785	0.008	0.12	2538.0	2538.0	1770.6	45.5492	767.39	32.7344	-0.846775	0.146218	-0.05	0.0	0.435927	0.0	3.09244	0.0	0.0477203	0.0	0.0249682	0.0	0.03	0.0	1.492	0.0	5.0	0.0	1.733	0.0	0.0366654	0.0	1.53356e-05	0.00459222	0.305915	0.0196772	0.16485	0.0	0.00394979	0.0	-0.00122626	0.00102399	1.76859	0.0	0.941785	0.0282688	0.991593	0.726604	0.565155	0.170793	0.368106	0.0750031	0.0711223	1.43387	0.480424	0.0300955	0.0704618	3.49129e-07	-4440.63	4.0	1.7959e-06	-19614.1	3.0	1.39435e-06	1.0	1324.95	42.7565	445.651	28.2452	0.251695	0.0145792	1120.88	9.91819	
0.0-2.4	6.5-30.0	30.0-60.0	0.785-1.178	0.008	0.12	2146.0	2143.0	1570.98	42.6464	572.003	28.6328	-0.397146	0.167228	-0.05	0.0	0.435927	0.0	3.09244	0.0	0.0477203	0.0	0.0249682	0.0	0.03	0.0	1.492	0.0	5.0	0.0	1.733	0.0	0.0366654	0.0	1.26912e-05	0.00459344	0.235425	0.0138959	0.16485	0.0	0.00394979	0.0	0.00151777	0.00101524	1.76859	0.0	0.851275	0.025319	0.703563	0.156891	0.999449	1.40079	0.403651	0.10344	0.0705144	7.92944e-10	0.353347	0.0592049	0.0904586	4.32562	-4181.85	4.0	4.14263e-05	-16348.7	3.0	8.47376e-06	1.0	1132.01	39.9968	438.965	28.2383	0.279421	0.0162961	1058.7	8.50116	
0.0-2.4	6.5-30.0	30.0-60.0	1.178-1.571	0.008	0.12	2104.0	2091.0	1520.23	42.0806	570.769	28.6586	-0.333131	0.166274	-0.05	0.0	0.435927	0.0	3.09244	0.0	0.0477203	0.0	0.0249682	0.0	0.03	0.0	1.492	0.0	5.0	0.0	1.733	0.0	0.0366654	0.0	2.02273e-05	0.00458997	0.294601	0.0166939	0.16485	0.0	0.00394979	0.0	0.000745382	0.00106497	1.76859	0.0	0.860206	0.0271761	0.971257	1.28556	0.550212	0.325017	0.287678	0.0705143	0.0707	2.33361e-06	0.541701	0.0669066	0.0705087	5.28952e-10	-3706.4	4.0	2.47635e-05	-15860.6	3.0	7.24039e-08	1.0	1071.88	38.5049	448.341	27.5012	0.294917	0.0161435	1064.71	9.16838	
0.0-2.4	6.5-8.0	0.0-100.0	0.000-0.393	0.016	0.136	7393.0	7380.0	3209.11	67.2212	4170.95	74.0297	-0.122778	0.0604294	-0.05	0.0	0.420113	0.0	3.09154	0.0	0.0489761	0.0	0.0268832	0.0	0.03	0.0	1.492	0.0	5.0	0.0	1.733	0.0	0.0377729	0.0	0.000283738	0.00239569	0.410029	0.018151	0.3824	0.121469	0.00999999	0.00341546	0.00222655	0.000806398	1.80181	0.174802	0.873233	0.0169361	0.999997	0.0902187	0.587575	0.0724091	0.775133	0.0197178	0.077735	0.765143	0.21618	0.0206656	0.155402	0.0260827	-9805.89	4.0	7.72894e-07	-61521.8	3.0	2.01747e-05	1.0	2472.8	61.6996	736.308	36.9015	0.229443	0.0104464	1308.59	73.8424	
0.0-2.4	6.5-8.0	0.0-100.0	0.000-1.571	0.016	0.16	26297.0	26291.0	11763.8	155.672	14527.4	164.303	-0.11474	0.0335151	-0.05	0.0	0.420113	0.056554	3.09154	0.000440774	0.0489761	0.00241019	0.0268832	0.00101126	0.03	0.0	1.492	0.0	5.0	0.0	1.733	0.0	0.0377729	0.000931648	2.99332e-05	0.00458551	0.303045	0.00759218	0.247328	0.092515	0.00999999	0.0035556	0.00311442	0.000406485	1.76918	0.144226	0.946355	0.00929395	0.52946	0.022827	0.871284	0.0248004	0.63806	0.0146195	0.0706261	1.52182e-08	0.263985	0.0128686	0.338882	0.0442618	-35040.7	4.0	1.0995e-06	-253048.0	7.0	7.59453e-05	1.0	9134.73	138.505	2629.07	76.0388	0.223488	0.00574753	1203.42	50.391	
0.0-2.4	6.5-8.0	0.0-100.0	0.393-0.785	0.016	0.145	6844.0	6838.0	2861.74	63.8562	3976.55	72.0568	-0.21442	0.0619447	-0.05	0.0	0.420113	0.0	3.09154	0.0	0.0489761	0.0	0.0268832	0.0	0.03	0.0	1.492	0.0	5.0	0.0	1.733	0.0	0.0377729	0.0	5.71468e-05	0.0356234	0.271321	0.0140897	0.840202	0.0613475	0.00435761	0.0029239	-0.00306981	0.00269328	1.29411	0.0495922	0.627813	0.0539238	0.761149	0.0849897	0.726865	0.121412	0.640288	0.0327165	0.0707358	0.0263613	0.155469	0.0123349	0.202329	0.0383616	-8918.22	4.0	5.58268e-06	-56339.3	3.0	0.000115327	1.0	2243.05	60.3326	618.697	36.408	0.216196	0.0117722	1212.47	27.6011	
0.0-2.4	6.5-8.0	0.0-100.0	0.785-1.178	0.016	0.152	6347.0	6344.0	3028.76	64.0917	3315.23	66.2884	0.110593	0.0678512	-0.05	0.0	0.420113	0.0	3.09154	0.0	0.0489761	0.0	0.0268832	0.0	0.03	0.0	1.492	0.0	5.0	0.0	1.733	0.0	0.0377729	0.0	0.000162346	0.00052087	0.26404	0.012517	0.125882	0.127257	0.00999964	0.014763	0.00327534	0.000752241	1.93842	0.430428	0.980894	0.0175516	0.453597	0.0314219	1.0	0.364338	0.563553	0.0369405	0.0742	0.00629326	0.237033	0.0163522	0.212381	193.049	-9027.14	4.0	1.45644e-06	-52332.5	3.0	2.23809e-08	1.0	2292.79	60.1848	735.965	38.8685	0.242992	0.011758	1146.31	90.3355	
0.0-2.4	6.5-8.0	0.0-100.0	1.178-1.571	0.016	0.152	5712.0	5708.0	2665.16	60.3684	3042.84	63.4191	-0.214451	0.0709086	-0.05	0.0	0.420113	0.0	3.09154	0.0	0.0489761	0.0	0.0268832	0.0	0.03	0.0	1.492	0.0	5.0	0.0	1.733	0.0	0.0377729	0.0	0.00037077	0.135166	0.265548	0.0147394	0.647334	0.789382	0.00754825	0.00409297	-0.000824004	0.00113936	1.39691	0.229244	0.614707	0.023722	0.552724	0.0534693	0.801872	0.0439412	0.6144	0.0309296	0.0709205	0.0123404	0.486959	0.0362707	0.431239	0.0662156	-7478.27	4.0	1.67111e-06	-46367.7	3.0	8.65342e-08	1.0	2102.99	57.0872	562.168	33.9415	0.210932	0.011805	1181.71	277.032	
0.0-2.4	6.5-8.0	10.0-60.0	0.000-0.393	0.016	0.128	4276.0	4270.0	2037.44	52.4727	2232.7	54.3011	-0.147001	0.0827267	-0.05	0.0	0.420113	0.0	3.09154	0.0	0.0489761	0.0	0.026213	0.0	0.03	0.0	1.492	0.0	5.0	0.0	1.733	0.0	0.0374988	0.0	0.000280358	0.0026809	0.324787	0.0177838	0.247328	0.0	0.00999999	0.0	-0.000106817	0.000937728	1.76918	0.0	0.920848	0.0197909	0.999982	0.139905	0.587025	0.126857	0.75248	0.0436687	0.0770173	0.766953	0.224786	0.0252189	0.101815	0.0330756	-6247.32	4.0	3.24833e-07	-33529.1	3.0	8.50273e-06	1.0	1531.45	48.458	505.993	31.0223	0.248347	0.0138176	1188.43	5.77106	
0.0-2.4	6.5-8.0	10.0-60.0	0.000-1.571	0.016	0.16	14740.0	14737.0	7542.25	101.223	7194.13	99.4869	-0.0863335	0.046143	-0.05	0.0	0.420113	0.0	3.09154	0.0	0.0489761	0.0	0.026213	0.00061013	0.03	0.0	1.492	0.0	5.0	0.0	1.733	0.0	0.0374988	0.000123662	2.99332e-05	0.00458551	0.275099	0.00831073	0.247328	0.0	0.00999999	0.0	0.000684271	0.000515894	1.76918	0.0	0.913201	0.0113095	0.624839	0.0417164	0.795867	0.0408558	0.670368	0.0191369	0.0706109	3.00405e-08	0.220042	0.0139571	0.338736	0.0366281	-21759.6	4.0	7.33106e-07	-134721.0	4.0	5.97548e-05	1.0	5738.53	95.05	1803.72	60.7383	0.239149	0.00738585	1183.98	3.28276	
0.0-2.4	6.5-8.0	10.0-60.0	0.393-0.785	0.016	0.145	3847.0	3845.0	1944.81	50.8106	1900.08	50.3686	-0.0592487	0.089752	-0.05	0.0	0.420113	0.0	3.09154	0.0	0.0489761	0.0	0.026213	0.0	0.03	0.0	1.492	0.0	5.0	0.0	1.733	0.0	0.0374988	0.0	5.71468e-05	0.0356234	0.246394	0.0159098	0.247328	0.0	0.00999999	0.0	0.000546781	0.00112047	1.76918	0.0	0.999979	0.0239605	0.653827	0.0736663	0.77817	0.0860946	0.640826	0.0521204	0.0705105	3.88812e-09	0.154638	0.0234087	0.327526	0.066159	-5746.37	4.0	2.09227e-05	-29941.6	3.0	9.25974e-06	1.0	1532.37	49.3907	412.447	30.8668	0.212076	0.0148728	1235.63	7.2975	
0.0-2.4	6.5-8.0	10.0-60.0	0.785-1.178	0.016	0.152	3386.0	3383.0	1847.36	48.8368	1535.64	45.5334	0.0564123	0.09997	-0.05	0.0	0.420113	0.0	3.09154	0.0	0.0489761	0.0	0.026213	0.0	0.03	0.0	1.492	0.0	5.0	0.0	1.733	0.0	0.0374988	0.0	0.000162346	0.00052087	0.228956	0.0150499	0.247328	0.0	0.00999999	0.0	-0.000145034	0.00100558	1.76918	0.0	0.848573	0.0218417	0.941578	0.836033	0.341965	0.21003	0.603834	0.0563305	0.145059	0.115015	0.3642	0.0636502	0.103748	0.0251309	-5345.81	4.0	6.64553e-09	-26145.6	3.0	1.30738e-06	1.0	1398.26	46.7181	449.105	30.9383	0.243106	0.0154651	1147.22	6.08001	
0.0-2.4	6.5-8.0	10.0-60.0	1.178-1.571	0.016	0.136	3230.0	3226.0	1712.09	47.3692	1513.89	45.229	-0.158128	0.100621	-0.05	0.0	0.420113	0.0	3.09154	0.0	0.0489761	0.0	0.026213	0.0	0.03	0.0	1.492	0.0	5.0	0.0	1.733	0.0	0.0374988	0.0	1.00919e-05	0.00212113	0.286054	0.0168995	0.247328	0.0	0.00999999	0.0	0.000502213	0.00104325	1.76918	0.0	0.826652	0.024746	0.482802	0.0759724	0.719304	0.0749113	0.57991	0.0522926	0.0704492	0.0167533	0.276082	0.0344453	0.414836	0.0614015	-4518.86	4.0	5.33245e-07	-24672.3	3.0	2.2006e-06	1.0	1259.81	43.9479	452.277	29.5478	0.264167	0.0156343	1135.11	6.78211	
0.0-2.4	8.0-10.0	0.0-100.0	0.000-0.393	0.008	0.152	3807.0	3799.0	2391.49	54.1384	1407.47	44.1253	0.145343	0.10493	-0.05	0.0	0.407591	0.0	3.09317	0.0	0.0505296	0.0	0.0230679	0.0	0.03	0.0	1.492	0.0	5.0	0.0	1.733	0.0	0.0368228	0.0	3.80818e-05	0.00458177	0.251262	0.0117337	0.478672	0.341365	0.000146721	0.00440494	0.00101931	0.00106871	1.46886	0.220449	0.75526	0.0259702	0.839893	0.275851	0.669229	0.379916	0.529882	0.059252	0.0704451	2.73254e-07	0.253054	0.0405207	0.0706546	1.41035e-08	-6569.88	4.0	0.000103228	-30386.4	3.0	5.05208e-06	1.0	1707.38	49.7559	684.116	34.9508	0.286062	0.0131016	1153.31	135.38	
0.0-2.4	8.0-10.0	0.0-100.0	0.000-1.571	0.008	0.152	14019.0	14003.0	8939.77	114.357	5063.7	95.8743	-0.238727	0.0566304	-0.05	0.0	0.407591	0.03837	3.09317	0.000422647	0.0505296	0.0021508	0.0230679	0.000811099	0.03	0.0	1.492	0.0	5.0	0.0	1.733	0.0	0.0368228	0.000813418	8.77568e-05	0.000222665	0.338006	0.00838115	0.22052	0.162925	0.000482536	0.00445097	0.00175033	0.000458634	1.61158	0.193917	0.90771	0.012422	0.859495	0.00525369	0.651807	0.00797061	0.505959	0.0060985	0.0705084	1.46303	0.368942	0.00215473	0.0704933	0.0307164	-22335.3	4.0	7.27464e-07	-130536.0	7.0	8.26452e-05	1.0	6327.44	99.7097	2612.33	67.1369	0.292214	0.00651353	1102.26	72.7105	
0.0-2.4	8.0-10.0	0.0-100.0	0.393-0.785	0.016	0.105	3718.0	3687.0	2395.26	53.6695	1291.61	42.1534	-0.583948	0.110775	-0.05	0.0	0.407591	0.0	3.09317	0.0	0.0505296	0.0	0.0230679	0.0	0.03	0.0	1.492	0.0	5.0	0.0	1.733	0.0	0.0368228	0.0	0.000172932	0.00146308	0.360231	0.0160195	0.0247845	0.0475261	0.00888237	0.0102477	0.00142605	0.000932281	2.45426	1.19584	1.23942	0.0258394	0.999999	0.0461097	1.0	0.0489953	0.667112	0.0247455	0.0704437	1.3536e-08	0.4032	0.0304274	0.0708477	1.12127	-5501.77	4.0	7.89377e-05	-29545.9	3.0	1.79152e-05	1.0	1647.79	48.2301	747.461	35.2626	0.312059	0.0129554	1283.5	51.7346	
0.0-2.4	8.0-10.0	0.0-100.0	0.785-1.178	0.008	0.145	3384.0	3384.0	2183.96	51.8083	1200.04	41.2332	-0.105999	0.113845	-0.05	0.0	0.407591	0.0	3.09317	0.0	0.0505296	0.0	0.0230679	0.0	0.03	0.0	1.492	0.0	5.0	0.0	1.733	0.0	0.0368228	0.0	9.83527e-05	0.000854857	0.53663	0.0229835	0.140897	0.302584	0.00619959	0.0180756	0.00294412	0.000847752	1.66473	0.645363	0.894403	0.0221358	0.527919	571298.0	0.442392	502908.0	0.350042	376579.0	0.0704418	1355610.0	0.355843	38194.4	0.0704548	1.06499e-05	-4975.32	4.0	2.65521e-05	-26751.3	3.0	1.79444e-08	1.0	1494.08	44.3398	689.877	31.2673	0.315884	0.0121991	1038.13	161.299	
0.0-2.4	8.0-10.0	0.0-100.0	1.178-1.571	0.008	0.128	3108.0	3106.0	1977.59	48.9662	1128.3	39.3519	-0.415618	0.117954	-0.05	0.0	0.407591	0.0	3.09317	0.0	0.0505296	0.0	0.0230679	0.0	0.03	0.0	1.492	0.0	5.0	0.0	1.733	0.0	0.0368228	0.0	0.000173321	0.000555349	0.213067	0.0115888	0.273985	0.249386	-0.00287811	0.0073307	0.00190157	0.00100282	1.5396	0.259169	0.808667	0.0266896	0.796281	1.07269	0.604879	3.79725	0.295286	3.39876	0.0704519	1.21813e-09	0.429861	0.0954445	0.0704506	1.21596	-5335.43	4.0	1.96457e-05	-24296.6	3.0	2.50805e-05	1.0	1418.68	46.4421	558.912	33.3836	0.282622	0.0153622	1060.29	113.574	
0.0-2.4	8.0-10.0	10.0-60.0	0.000-0.393	0.008	0.145	2379.0	2378.0	1560.39	43.3066	817.607	33.6554	-0.00327984	0.137867	-0.05	0.0	0.407591	0.0	3.09317	0.0	0.0505296	0.0	0.0237036	0.0	0.03	0.0	1.492	0.0	5.0	0.0	1.733	0.0	0.0370612	0.0	8.51781e-05	0.000319537	0.223844	0.0135713	0.22052	0.0	0.000482536	0.0	0.000429467	0.00102978	1.61158	0.0	0.841008	0.0257009	0.724365	0.0520191	1.0	0.249662	0.464787	0.0488059	0.0705659	2.13722e-08	0.164929	0.0152758	0.07045	4.41932e-12	-4502.59	4.0	4.64962e-06	-18039.8	3.0	5.32825e-08	1.0	1144.64	40.7847	415.755	28.0594	0.266442	0.0163915	1060.21	7.94567	
0.0-2.4	8.0-10.0	10.0-60.0	0.000-1.571	0.008	0.145	8510.0	8509.0	5732.79	83.372	2776.17	63.2006	-0.385038	0.0753965	-0.05	0.0	0.407591	0.0	3.09317	0.0	0.0505296	0.0	0.0237036	0.000608728	0.03	0.0	1.492	0.0	5.0	0.0	1.733	0.0	0.0370611	0.000115321	8.96232e-05	0.000224682	0.332623	0.0108602	0.22052	0.0	0.000482536	0.0	0.000970597	0.00055914	1.61158	0.0	0.860797	0.0150114	0.984011	0.00887024	0.510626	0.127398	0.42293	0.149295	0.514824	0.239952	0.38723	0.0219381	0.0706453	0.0282579	-14341.8	4.0	2.06449e-05	-75605.3	4.0	5.85437e-06	1.0	4104.69	75.4277	1628.1	51.8317	0.283998	0.00804277	1072.52	4.69558	
0.0-2.4	8.0-10.0	10.0-60.0	0.393-0.785	0.008	0.12	2283.0	2277.0	1507.79	42.3161	769.168	32.4348	-0.674039	0.144238	-0.05	0.0	0.407591	0.0	3.09317	0.0	0.0505296	0.0	0.0237036	0.0	0.03	0.0	1.492	0.0	5.0	0.0	1.733	0.0	0.0370612	0.0	0.000180866	0.000958622	0.321656	0.0199705	0.22052	0.0	0.000482536	0.0	0.00170513	0.00118616	1.61158	0.0	0.936907	0.0359935	0.803786	0.226715	0.929462	0.673247	0.471014	0.232915	0.0704869	6.48901e-07	0.429314	0.0765235	0.0705436	3.86065e-07	-3724.21	4.0	1.11873e-05	-17229.2	3.0	9.55175e-06	1.0	1077.25	38.7363	430.546	27.0643	0.285547	0.0160613	1121.14	11.7229	
0.0-2.4	8.0-10.0	10.0-60.0	0.785-1.178	0.008	0.112	2032.0	2028.0	1402.07	41.2525	625.901	30.4248	-0.439634	0.159344	-0.05	0.0	0.407591	0.0	3.09317	0.0	0.0505296	0.0	0.0237036	0.0	0.03	0.0	1.492	0.0	5.0	0.0	1.733	0.0	0.0370612	0.0	0.000152887	0.000500196	0.577813	0.0282159	0.22052	0.0	0.000482536	0.0	0.00432308	0.00111033	1.61158	0.0	0.824959	0.028795	0.432981	0.0488572	0.90775	0.161845	0.291811	0.110948	0.0755155	0.0435395	0.154184	0.0174485	0.0705735	2.50525	-3035.52	4.0	8.44528e-05	-15106.6	3.0	1.17589e-06	1.0	909.792	34.14	492.275	25.6667	0.351107	0.015113	1050.34	8.81443	
0.0-2.4	8.0-10.0	10.0-60.0	1.178-1.571	0.008	0.12	1814.0	1813.0	1267.8	38.6504	545.175	27.7727	-0.413557	0.170588	-0.05	0.0	0.407591	0.0	3.09317	0.0	0.0505296	0.0	0.0237036	0.0	0.03	0.0	1.492	0.0	5.0	0.0	1.733	0.0	0.0370612	0.0	0.000146321	0.00058429	0.226583	0.0145077	0.22052	0.0	0.000482536	0.0	-0.000664101	0.00124338	1.61158	0.0	0.821966	0.0320588	0.893906	0.143035	0.53574	0.150655	0.259683	0.0712584	0.070553	2.1058e-06	0.541363	0.0634703	0.0704938	1.79463e-09	-3239.97	4.0	9.01124e-08	-13398.2	3.0	1.04304e-05	1.0	892.097	36.3248	375.703	26.6651	0.296343	0.0189934	1048.51	9.79499	
1.2-1.6	6.5-30.0	0.0-100.0	0.000-0.393	0.008	0.136	3376.0	3372.0	1725.95	47.4214	1646.01	46.571	-0.000458188	0.0961344	-0.05	0.0	0.590826	0.0	3.09131	0.0	0.0435133	0.0	0.0308687	0.0	0.03	0.0	1.492	0.0	5.0	0.0	1.733	0.0	0.0388403	0.0	2.98516e-05	0.00458555	0.307576	0.0178143	0.0855425	0.0676275	0.01	0.0144498	0.000441425	0.000906413	2.14949	0.498319	0.996141	0.0225395	0.999986	0.084892	0.521292	0.243544	0.555182	0.183445	0.0720931	0.771405	0.205345	0.0229987	0.0709135	0.0320786	-5054.49	4.0	3.11131e-07	-25837.8	3.0	4.91828e-06	1.0	1278.03	43.8968	447.923	29.0751	0.259523	0.0152623	1141.33	67.6786	
1.2-1.6	6.5-30.0	0.0-100.0	0.000-1.571	0.008	0.136	12406.0	12391.0	6382.68	108.869	6008.43	107.12	-0.228647	0.0533967	-0.05	0.0	0.590826	0.0924269	3.09131	0.000648491	0.0435133	0.00181556	0.0308687	0.00204366	0.03	0.0	1.492	0.0	5.0	0.0	1.733	0.0	0.0388403	0.000885746	2.31047e-05	0.000294422	0.284267	0.00874654	0.103775	0.0507441	0.00999984	0.0195355	0.00184049	0.000473714	2.09199	0.256609	0.953562	0.012149	0.949015	0.0488722	0.42832	0.0578882	0.48354	0.0805009	0.182769	0.0693999	0.436248	0.0216966	0.0704647	0.0163129	-17308.7	4.0	0.000112232	-111081.0	7.0	2.57553e-05	1.0	4656.49	94.9508	1726.2	59.7841	0.27045	0.00815187	1126.54	46.4439	
1.2-1.6	6.5-30.0	0.0-100.0	0.393-0.785	0.008	0.128	3376.0	3371.0	1641.07	46.7827	1729.94	47.7231	-0.353858	0.0942101	-0.05	0.0	0.590826	0.0	3.09131	0.0	0.0435133	0.0	0.0308687	0.0	0.03	0.0	1.492	0.0	5.0	0.0	1.733	0.0	0.0388403	0.0	1.04212e-05	0.0017469	0.288738	0.016372	0.139479	0.194104	-0.00369186	0.0130029	0.00221274	0.000989211	1.8695	0.551205	0.993906	0.025209	0.857652	0.0798278	0.670635	0.217126	0.589721	0.0966034	0.198846	0.0774987	0.365	0.0361343	0.0705728	5.31276e-07	-4501.91	4.0	2.34347e-05	-25687.6	3.0	3.17835e-08	1.0	1158.55	42.8334	482.512	30.5465	0.294023	0.0166198	1156.52	122.534	
1.2-1.6	6.5-30.0	0.0-100.0	0.785-1.178	0.008	0.136	2893.0	2891.0	1544.99	44.63	1346.01	42.3419	-0.0281845	0.106506	-0.05	0.0	0.590826	0.0	3.09131	0.0	0.0435133	0.0	0.0308687	0.0	0.03	0.0	1.492	0.0	5.0	0.0	1.733	0.0	0.0388403	0.0	9.7391e-05	0.000579671	0.299684	0.018985	0.0300435	0.0281106	0.0031415	0.0119123	0.00327219	0.000879632	3.12118	1.02466	0.956708	0.0232251	0.583117	0.179067	0.894392	0.566172	0.50513	0.256092	0.0705778	4.58353e-07	0.227263	0.0874081	0.070646	0.266023	-4339.84	4.0	1.11948e-06	-21794.3	3.0	3.6582e-07	1.0	1161.69	41.4324	383.299	26.7044	0.248092	0.0157288	1086.49	72.8902	
1.2-1.6	6.5-30.0	0.0-100.0	1.178-1.571	0.008	0.12	2760.0	2744.0	1465.71	43.2655	1278.16	41.0418	-0.577613	0.110721	-0.05	0.0	0.590826	0.0	3.09131	0.0	0.0435133	0.0	0.0308687	0.0	0.03	0.0	1.492	0.0	5.0	0.0	1.733	0.0	0.0388403	0.0	0.000198875	0.00213097	0.264581	0.0170047	0.326583	0.164375	0.00999999	0.0148666	0.00342365	0.00117864	1.65735	0.215849	0.844928	0.0313659	0.682159	0.135663	0.867253	0.932989	0.437063	0.303021	0.071908	0.0154111	0.633489	0.0882522	0.0705379	0.179891	-3534.56	4.0	1.84786e-06	-20543.5	3.0	9.7157e-06	1.0	1054.9	40.0278	410.812	27.922	0.280281	0.0171597	1173.8	87.1759	
1.2-1.6	6.5-30.0	10.0-60.0	0.000-0.393	0.008	0.12	2105.0	2102.0	1160.38	38.2938	941.602	35.3221	0.00348452	0.127266	-0.05	0.0	0.590826	0.0	3.09131	0.0	0.0435133	0.0	0.0306146	0.0	0.03	0.0	1.492	0.0	5.0	0.0	1.733	0.0	0.0387579	0.0	7.71029e-05	0.00456383	0.336414	0.023716	0.103775	0.0	0.00999984	0.0	0.000983195	0.00115793	2.09199	0.0	1.0406	0.0282569	0.999999	0.114551	0.653461	0.123527	0.644728	0.0670909	0.0706122	2.82327e-06	0.225632	0.0288309	0.0919986	0.0292742	-3265.4	4.0	5.76516e-06	-15255.5	3.0	3.69349e-06	1.0	867.331	35.284	293.052	22.7864	0.252548	0.0177806	1193.58	11.0393	
1.2-1.6	6.5-30.0	10.0-60.0	0.000-1.571	0.008	0.128	7108.0	7099.0	4091.08	72.8273	3008.01	64.9672	-0.334236	0.0717117	-0.05	0.0	0.590826	0.0	3.09131	0.0	0.0435133	0.0	0.0306146	0.00147464	0.03	0.0	1.492	0.0	5.0	0.0	1.733	0.0	0.0387579	0.000238304	2.94195e-05	0.000284662	0.270146	0.0106135	0.103775	0.0	0.00999984	0.0	0.00215156	0.000620602	2.09199	0.0	0.997678	0.0156914	0.732042	0.182923	0.783577	0.779218	0.553392	0.175509	0.0782385	0.0737669	0.348685	0.0228272	0.0706227	0.163344	-11008.3	4.0	6.44199e-07	-60372.0	4.0	2.9123e-06	1.0	3035.29	67.8781	1055.79	45.1789	0.25807	0.0100424	1160.27	6.04616	
1.2-1.6	6.5-30.0	10.0-60.0	0.393-0.785	0.008	0.112	1896.0	1884.0	1004.32	35.932	879.596	34.1524	-0.575102	0.133243	-0.05	0.0	0.590826	0.0	3.09131	0.0	0.0435133	0.0	0.0306146	0.0	0.03	0.0	1.492	0.0	5.0	0.0	1.733	0.0	0.0387579	0.0	1.71581e-05	0.00459138	0.222956	0.0177224	0.103775	0.0	0.00999984	0.0	0.00197689	0.00133695	2.09199	0.0	1.09481	0.0325645	0.769748	0.174234	0.999999	6.57634	0.676372	0.0778	0.10612	0.0575662	0.497115	0.0608059	0.137043	51.6966	-2707.28	4.0	8.4517e-05	-13398.9	3.0	5.38783e-06	1.0	724.794	34.3854	279.523	24.6969	0.278321	0.0224844	1236.28	12.9227	
1.2-1.6	6.5-30.0	10.0-60.0	0.785-1.178	0.008	0.128	1581.0	1579.0	955.137	34.3458	623.763	29.1261	-0.58297	0.158994	-0.05	0.0	0.590826	0.0	3.09131	0.0	0.0435133	0.0	0.0306146	0.0	0.03	0.0	1.492	0.0	5.0	0.0	1.733	0.0	0.0387579	0.0	7.39757e-05	0.000766255	0.209036	0.0185259	0.103775	0.0	0.00999984	0.0	0.000307467	0.00118759	2.09199	0.0	0.917698	0.0303175	0.682772	2.26452	0.929598	14.2978	0.498589	0.280726	0.070551	0.175484	0.226938	0.31554	0.0708815	1.38772e-06	-2810.09	4.0	9.05754e-06	-11123.7	3.0	1.54209e-05	1.0	744.371	33.57	210.766	21.6315	0.220666	0.0212119	1099.52	11.3391	
1.2-1.6	6.5-30.0	10.0-60.0	1.178-1.571	0.008	0.105	1525.0	1505.0	960.846	34.1633	544.112	27.3938	-0.279238	0.168915	-0.05	0.0	0.590826	0.0	3.09131	0.0	0.0435133	0.0	0.0306146	0.0	0.03	0.0	1.492	0.0	5.0	0.0	1.733	0.0	0.0387579	0.0	0.000187286	0.00108795	0.290797	0.0213144	0.103775	0.0	0.00999984	0.0	0.00394455	0.0013106	2.09199	0.0	0.959317	0.0339999	0.609407	59.6363	0.999999	41493.8	0.430751	171.061	0.0758994	12.5951	0.369799	29.0943	0.070551	248607.0	-2357.48	4.0	7.56703e-05	-10611.9	3.0	1.20354e-06	1.0	680.658	31.3257	280.188	22.2453	0.291606	0.0207004	1130.91	12.9241	
1.2-2.4	6.5-30.0	0.0-100.0	0.000-0.393	0.008	0.152	8233.0	8223.0	3930.72	73.7592	4292.89	76.1734	-0.217924	0.0598066	-0.05	0.0	0.613221	0.0	3.09104	0.0	0.0516437	0.0	0.0309581	0.0	0.03	0.0	1.492	0.0	5.0	0.0	1.733	0.0	0.0447906	0.0	6.82157e-05	0.000215632	0.275299	0.0113297	0.0954857	0.0522203	0.01	0.0185529	0.00245722	0.000591034	2.25083	0.346158	0.966748	0.013613	0.875911	0.857609	0.630287	1.50337	0.628658	0.329232	0.0931445	0.0347697	0.225083	0.111946	0.070522	5.49047e-09	-11633.6	4.0	1.01497e-06	-69622.1	3.0	6.74593e-05	1.0	2979.66	69.4565	951.068	44.9052	0.241957	0.0104832	1152.87	57.0676	
1.2-2.4	6.5-30.0	0.0-100.0	0.000-1.571	0.008	0.128	29386.0	29257.0	14965.4	176.981	14291.6	175.064	-0.341395	0.0349246	-0.05	0.0	0.613221	0.0615944	3.09104	0.000478263	0.0516437	0.00154239	0.0309581	0.00175919	0.03	0.0	1.492	0.0	5.0	0.0	1.733	0.0	0.0447906	0.000835274	2.08969e-05	0.00458966	0.271128	0.00567282	0.162424	0.0759366	0.00569552	0.00415524	0.00249406	0.000339321	1.80411	0.165191	0.940736	0.00812974	0.873606	0.0400809	0.485739	0.05582	0.535896	0.049751	0.152519	0.0292016	0.34096	0.0120842	0.070619	0.0121991	-40280.1	4.0	4.76148e-07	-286098.0	7.0	2.45244e-05	1.0	11181.8	154.9	3783.6	92.2483	0.252823	0.00539042	1126.9	45.4226	
1.2-2.4	6.5-30.0	0.0-100.0	0.393-0.785	0.008	0.145	7662.0	7648.0	3759.7	71.6847	3888.37	72.5769	-0.501917	0.0633608	-0.05	0.0	0.613221	0.0	3.09104	0.0	0.0516437	0.0	0.0309581	0.0	0.03	0.0	1.492	0.0	5.0	0.0	1.733	0.0	0.0447906	0.0	1.22644e-05	0.000827478	0.277101	0.0113392	0.0589102	0.110996	-0.000371923	0.0146637	0.00385405	0.000675547	1.9393	0.711753	1.08928	0.0159238	0.770488	0.0733934	0.753884	0.0601033	0.618661	0.0303832	0.0707265	9.77566e-07	0.264573	0.0195702	0.329589	0.0474135	-9848.02	4.0	1.34166e-08	-64335.3	3.0	6.88891e-07	1.0	2776.69	67.2836	983.012	45.5578	0.26146	0.0110445	1156.8	71.4027	
1.2-2.4	6.5-30.0	0.0-100.0	0.785-1.178	0.008	0.152	6928.0	6926.0	3671.45	70.1673	3254.56	67.1313	-0.219851	0.0688998	-0.05	0.0	0.613221	0.0	3.09104	0.0	0.0516437	0.0	0.0309581	0.0	0.03	0.0	1.492	0.0	5.0	0.0	1.733	0.0	0.0447906	0.0	0.000102317	0.000489226	0.284717	0.01247	0.0346594	0.0437383	-0.00861863	0.0148488	0.00301674	0.000654284	2.4362	0.722782	1.04491	0.0161637	0.665129	0.407283	0.795888	2.63344	0.54285	0.678925	0.0706008	3.02304e-08	0.252628	0.100571	0.0705536	0.234796	-9818.73	4.0	4.61792e-07	-57902.9	3.0	1.13284e-07	1.0	2817.07	66.2002	854.378	41.8387	0.232709	0.010492	1122.36	54.9398	
1.2-2.4	6.5-30.0	0.0-100.0	1.178-1.571	0.008	0.152	6561.0	6556.0	3599.08	68.6043	2956.7	63.7496	-0.471395	0.0727742	-0.05	0.0	0.613221	0.0	3.09104	0.0	0.0516437	0.0	0.0309581	0.0	0.03	0.0	1.492	0.0	5.0	0.0	1.733	0.0	0.0447906	0.0	0.000157903	0.000565848	0.259343	0.0108752	0.464978	0.183587	0.0060662	0.00379409	0.00204177	0.000852575	1.49675	0.126405	0.713706	0.0208424	0.743757	0.0666571	0.678917	0.110052	0.510379	0.0440284	0.0705891	0.0149519	0.501737	0.0317348	0.070642	3.94001e-09	-8955.66	4.0	4.3953e-06	-54652.6	3.0	3.34719e-05	1.0	2651.91	63.8739	947.166	43.018	0.263169	0.0108489	1146.39	79.2875	
1.2-2.4	6.5-30.0	10.0-60.0	0.000-0.393	0.008	0.152	4993.0	4991.0	2630.24	58.9738	2360.58	56.64	-0.265374	0.0808638	-0.05	0.0	0.613221	0.0	3.09104	0.0	0.0516437	0.0	0.0304371	0.0	0.03	0.0	1.492	0.0	5.0	0.0	1.733	0.0	0.0446522	0.0	6.82157e-05	0.000215632	0.28943	0.0142859	0.162424	0.0	0.00569552	0.0	0.00175129	0.000727707	1.80411	0.0	0.881643	0.0161773	0.804657	0.0711071	0.86805	0.130688	0.630076	0.0343304	0.100717	0.027439	0.176923	0.0126771	0.0704522	1.17673e-08	-7733.06	4.0	8.62542e-05	-40127.1	3.0	3.18362e-05	1.0	2007.83	55.22	622.414	34.8905	0.236637	0.0121578	1086.14	5.49929	
1.2-2.4	6.5-30.0	10.0-60.0	0.000-1.571	0.008	0.16	17078.0	17074.0	9622.06	113.344	7452.37	103.33	-0.411974	0.0458011	-0.05	0.0	0.613221	0.0	3.09104	0.0	0.0516437	0.0	0.0304371	0.00102541	0.03	0.0	1.492	0.0	5.0	0.0	1.733	0.0	0.0446522	0.000135173	2.84753e-05	0.00013348	0.253002	0.00652984	0.162424	0.0	0.00569552	0.0	0.00174585	0.000427756	1.80411	0.0	0.926611	0.0100304	0.926474	0.0387138	0.581586	0.209578	0.576805	0.184164	0.344932	0.0894181	0.287835	0.0123055	0.0708409	0.0614244	-25698.5	4.0	2.76425e-06	-159063.0	4.0	1.6161e-05	1.0	7130.4	106.698	2491.66	72.0495	0.258953	0.00683847	1117.05	3.48447	
1.2-2.4	6.5-30.0	10.0-60.0	0.393-0.785	0.008	0.145	4378.0	4376.0	2397.69	55.9335	1978.0	52.0491	-0.544165	0.0891965	-0.05	0.0	0.613221	0.0	3.09104	0.0	0.0516437	0.0	0.0304371	0.0	0.03	0.0	1.492	0.0	5.0	0.0	1.733	0.0	0.0446522	0.0	1.22644e-05	0.000827478	0.209661	0.0117362	0.162424	0.0	0.00569552	0.0	0.00320721	0.000950014	1.80411	0.0	1.05349	0.0218307	0.859388	0.926888	0.728175	0.166193	0.680597	0.186673	0.0710372	1.05066	0.35171	0.0283058	0.421493	0.0652666	-6308.09	4.0	9.42072e-06	-34733.1	3.0	4.55893e-05	1.0	1779.21	54.6609	618.478	38.3832	0.257947	0.0148344	1207.57	7.97588	
1.2-2.4	6.5-30.0	10.0-60.0	0.785-1.178	0.008	0.152	3928.0	3926.0	2289.31	54.3577	1636.4	47.9766	-0.418576	0.097925	-0.05	0.0	0.613221	0.0	3.09104	0.0	0.0516437	0.0	0.0304371	0.0	0.03	0.0	1.492	0.0	5.0	0.0	1.733	0.0	0.0446522	0.0	0.000102317	0.000489226	0.240711	0.0129206	0.162424	0.0	0.00569552	0.0	0.00135202	0.000898304	1.80411	0.0	0.940128	0.0212724	0.72549	0.418938	0.831616	1.45973	0.536144	0.211404	0.0706044	8.82486e-09	0.208931	0.0866616	0.109074	0.349733	-6124.33	4.0	1.33629e-06	-30890.9	3.0	0.000102719	1.0	1726.63	51.969	562.683	34.6194	0.245787	0.0139507	1126.47	7.43493	
1.2-2.4	6.5-30.0	10.0-60.0	1.178-1.571	0.008	0.152	3778.0	3776.0	2309.17	54.0551	1466.7	45.6022	-0.45973	0.103594	-0.05	0.0	0.613221	0.0	3.09104	0.0	0.0516437	0.0	0.0304371	0.0	0.03	0.0	1.492	0.0	5.0	0.0	1.733	0.0	0.0446522	0.0	0.000157903	0.000565848	0.273321	0.0129495	0.162424	0.0	0.00569552	0.0	0.00296549	0.000885095	1.80411	0.0	0.885961	0.0220619	0.692132	0.0478487	0.999997	0.028659	0.584152	0.0374646	0.0705142	2.98246e-08	0.304618	0.0241959	0.11826	3.35362	-5610.85	4.0	2.17647e-05	-29724.5	3.0	1.37534e-05	1.0	1621.68	49.7217	687.488	35.9185	0.29772	0.0139061	1089.08	7.51608	
1.6-2.4	3.0-6.5	0.0-100.0	0.000-0.393	0.016	0.232	75824.0	75815.0	11905.6	181.827	63909.2	291.518	0.251661	0.0153467	-0.05	0.0	7.59739e-09	0.0	3.09043	0.0	0.0479203	0.0	0.0504921	0.0	0.03	0.0	1.86	0.0	5.0	0.0	1.38	0.0	0.0504921	0.0	0.000116838	0.000421882	0.313069	0.0132522	0.236067	0.124463	0.00729005	0.0127625	0.0105908	0.000361051	1.8607	0.245023	0.958119	0.00466195	1.0	0.00334513	0.697815	0.0151715	0.818439	0.00591574	0.0707841	0.003407	0.20391	0.00877211	0.45665	0.0160217	-61668.0	4.0	6.66564e-06	-787082.0	3.0	4.40206e-07	1.0	10279.4	180.684	1626.24	92.831	0.136594	0.00751301	1232.31	77.69	
1.6-2.4	3.0-6.5	0.0-100.0	0.000-1.571	0.016	0.264	286561.0	286551.0	43875.5	407.611	242673.0	604.071	0.268974	0.00793471	-0.05	0.0	7.59739e-09	0.0107004	3.09043	0.000482871	0.0479203	0.0421218	0.0504921	0.000471762	0.03	0.0	1.86	0.0	5.0	0.0	1.38	0.0	0.0504921	0.000236262	1.3729e-05	0.00459296	0.276602	0.00631607	0.173641	0.119565	0.0248856	0.0127773	0.0108039	0.000189343	1.74699	0.202734	1.04432	0.00261543	0.871282	0.0241417	0.728256	0.0131472	0.801266	0.00615313	0.0706904	7.02224e-09	0.211186	0.00753712	0.430328	0.0108571	-230320.0	4.0	1.28223e-05	-3355350.0	7.0	6.35564e-05	1.0	37658.2	396.218	6217.25	194.753	0.141702	0.00423907	1196.32	55.3464	
1.6-2.4	3.0-6.5	0.0-100.0	0.393-0.785	0.016	0.264	72956.0	72950.0	11084.3	179.256	61866.3	287.812	0.139679	0.0155881	-0.05	0.0	7.59739e-09	0.0	3.09043	0.0	0.0479203	0.0	0.0504921	0.0	0.03	0.0	1.86	0.0	5.0	0.0	1.38	0.0	0.0504921	0.0	0.000137229	0.000596044	0.310192	0.0126854	0.360587	0.290947	0.011093	0.0173419	0.00524157	0.000424794	1.52994	0.217467	0.827164	0.00588296	0.929924	0.0259027	0.817404	0.0162385	0.653462	0.0134957	0.0704552	1.34654e-09	0.135479	0.00482753	0.333425	0.0143921	-57167.4	4.0	7.06457e-07	-754191.0	3.0	6.48977e-06	1.0	9485.64	177.925	1598.62	93.7713	0.144224	0.00813198	1132.04	118.905	
1.6-2.4	3.0-6.5	0.0-100.0	0.785-1.178	0.016	0.24	70485.0	70480.0	10322.5	173.388	60157.6	282.524	0.226156	0.0158049	-0.05	0.0	7.59739e-09	0.0	3.09043	0.0	0.0479203	0.0	0.0504921	0.0	0.03	0.0	1.86	0.0	5.0	0.0	1.38	0.0	0.0504921	0.0	4.38349e-05	0.00457912	0.220011	0.0115474	0.116472	0.085062	0.0499999	0.0704933	0.0136118	0.000386068	1.752	0.261836	1.17808	0.00530387	0.999999	0.084419	0.485791	0.0381799	0.869062	0.00612984	0.0708108	4.23625e-08	0.377702	0.0241273	0.302229	0.0247471	-56247.6	4.0	1.09119e-07	-726188.0	3.0	6.70562e-07	1.0	8758.78	178.226	1563.73	103.97	0.151487	0.0097454	1258.46	35.5377	
1.6-2.4	3.0-6.5	0.0-100.0	1.178-1.571	0.016	0.24	67294.0	67290.0	10580.4	172.04	56709.6	275.053	0.475826	0.0163511	-0.05	0.0	7.59739e-09	0.0	3.09043	0.0	0.0479203	0.0	0.0504921	0.0	0.03	0.0	1.86	0.0	5.0	0.0	1.38	0.0	0.0504921	0.0	1.0498e-05	0.00459445	0.238355	0.00960107	0.129942	6.79715	0.0137266	0.515216	0.0153614	0.000411089	1.2973	26.7608	1.19303	0.00562343	0.738879	0.0960312	0.720058	0.0593213	0.848566	0.0155548	0.0720991	0.0279188	0.433826	0.019155	0.316065	0.0430235	-55512.7	4.0	5.3227e-06	-690863.0	3.0	6.96017e-07	1.0	8593.89	170.621	1986.48	103.091	0.187751	0.00925299	1207.08	1904.03	
1.6-2.4	3.0-6.5	10.0-60.0	0.000-0.393	0.016	0.209	35526.0	35418.0	7394.16	132.104	28023.9	195.067	0.343724	0.0232643	-0.05	0.0	7.59739e-09	0.0	3.09043	0.0	0.0479203	0.0	0.0523042	0.0	0.03	0.0	1.86	0.0	5.0	0.0	1.38	0.0	0.0523042	0.0	9.26481e-05	0.000607494	0.295752	0.0175907	0.173641	0.0	0.0248856	0.0	0.0076555	0.000503135	1.74699	0.0	1.02208	0.00677483	0.999999	10869.3	0.623622	13.7288	0.821071	4.2897	0.0708486	13935.9	0.172045	2.97162	0.450935	3.41136	-32877.6	4.0	2.23719e-07	-341671.0	3.0	6.07247e-07	1.0	6615.58	133.384	778.58	63.3641	0.105296	0.00836043	1180.34	2.42391	
1.6-2.4	3.0-6.5	10.0-60.0	0.000-1.571	0.016	0.209	128083.0	127940.0	26079.7	288.964	101860.0	399.079	0.337681	0.0121998	-0.05	0.0	7.59739e-09	0.0	3.09043	0.0	0.0479203	0.0	0.0523042	0.000601294	0.03	0.0	1.86	0.0	5.0	0.0	1.38	0.0	0.0523042	0.000300647	1.37782e-05	0.00459294	0.299212	0.00722976	0.173641	0.0	0.0248856	0.0	0.00567879	0.000270183	1.74699	0.0	0.984978	0.00375749	0.898647	0.023018	0.804817	0.0126315	0.696314	0.0134067	0.0704644	1.69413e-08	0.104367	0.00435743	0.390353	0.0123401	-117036.0	4.0	1.80931e-06	-1398070.0	4.0	1.96152e-05	1.0	22079.7	274.768	4000.0	132.707	0.153376	0.00479634	1153.98	1.32515	
1.6-2.4	3.0-6.5	10.0-60.0	0.393-0.785	0.016	0.209	32968.0	32938.0	5927.38	124.937	27010.6	191.466	0.199642	0.0236296	-0.05	0.0	7.59739e-09	0.0	3.09043	0.0	0.0479203	0.0	0.0523042	0.0	0.03	0.0	1.86	0.0	5.0	0.0	1.38	0.0	0.0523042	0.0	0.000140653	0.00211075	0.295249	0.0125662	0.173641	0.0	0.0248856	0.0	0.00896931	0.000523276	1.74699	0.0	0.917456	0.00764116	0.741379	0.0294407	0.894663	0.0165409	0.622183	0.0213242	0.0704349	7.35738e-12	0.113533	0.00683691	0.342548	0.0268302	-29186.5	4.0	5.60393e-05	-314755.0	3.0	4.00366e-06	1.0	4744.36	119.091	1183.02	69.312	0.199586	0.0109106	1107.03	2.61652	
1.6-2.4	3.0-6.5	10.0-60.0	0.785-1.178	0.016	0.2	30436.0	30436.0	6404.4	123.251	24031.6	181.086	0.345652	0.0251292	-0.05	0.0	7.59739e-09	0.0	3.09043	0.0	0.0479203	0.0	0.0523042	0.0	0.03	0.0	1.86	0.0	5.0	0.0	1.38	0.0	0.0523042	0.0	2.37523e-05	0.00458835	0.277387	0.0141213	0.173641	0.0	0.0248856	0.0	0.00056077	0.000573665	1.74699	0.0	0.977088	0.00801555	0.9734	0.752724	0.82511	0.0531937	0.567529	0.0730037	0.0709554	0.214404	0.0796727	0.00510016	0.306405	0.0283673	-28066.8	4.0	4.26832e-06	-289008.0	3.0	1.48569e-07	1.0	5325.56	124.012	1078.83	72.8418	0.168452	0.0109019	1148.42	2.81776	
1.6-2.4	3.0-6.5	10.0-60.0	1.178-1.571	0.016	0.2	29150.0	29125.0	6368.25	122.286	22756.7	176.968	0.4918	0.0259116	-0.05	0.0	7.59739e-09	0.0	3.09043	0.0	0.0479203	0.0	0.0523042	0.0	0.03	0.0	1.86	0.0	5.0	0.0	1.38	0.0	0.0523042	0.0	2.33736e-05	0.000329334	0.318844	0.0152614	0.173641	0.0	0.0248856	0.0	0.00395049	0.000567819	1.74699	0.0	1.00901	0.00776351	0.991179	0.959058	0.802645	0.0492692	0.71985	0.0310444	0.0706319	1.04938	0.0967157	0.0102529	0.366723	0.0256861	-27147.1	4.0	5.27661e-07	-275470.0	3.0	1.87802e-07	1.0	5437.3	119.124	930.947	60.0723	0.146186	0.00900574	1171.01	2.76395	
1.6-2.4	6.5-30.0	0.0-100.0	0.000-0.393	0.008	0.152	4857.0	4849.0	2206.7	56.566	2642.45	60.2957	-0.361539	0.0766415	-0.05	0.0	0.671412	0.0	3.0907	0.0	0.0563859	0.0	0.0314978	0.0	0.03	0.0	1.492	0.0	5.0	0.0	1.733	0.0	0.0496051	0.0	1.5549e-05	0.00459212	0.247709	0.0142	0.0978875	0.076376	0.00321487	0.0124398	0.00421662	0.000775846	2.32819	0.499075	0.953724	0.0167999	0.783168	0.12882	0.85336	0.326997	0.702358	0.0512435	0.0975435	0.0264326	0.223357	0.0233616	0.0713528	1.47939e-08	-6646.67	4.0	4.66447e-07	-38239.8	3.0	5.96078e-05	1.0	1697.56	53.9491	509.14	34.4571	0.230725	0.0144514	1162.39	89.0105	
1.6-2.4	6.5-30.0	0.0-100.0	0.000-1.571	0.008	0.152	16979.0	16956.0	8584.32	161.873	8371.38	161.151	-0.443774	0.0493608	-0.05	0.0	0.671412	0.126492	3.0907	0.000701423	0.0563859	0.00271112	0.0314978	0.00518805	0.03	0.0	1.492	0.0	5.0	0.0	1.733	0.0	0.0496051	0.00181865	2.77437e-05	0.00458652	0.259869	0.00743875	0.211707	0.175346	0.00199102	0.00574194	0.00365104	0.00048643	1.6767	0.235346	0.923378	0.0111205	0.724787	0.0629464	0.655644	0.117226	0.548143	0.0263125	0.07051	5.46886e-07	0.25308	0.0138593	0.0706812	5.44771e-07	-22834.3	4.0	1.7838e-05	-155999.0	7.0	6.10171e-05	1.0	6540.64	137.998	2043.68	72.9169	0.238071	0.00721096	1125.74	84.8943	
1.6-2.4	6.5-30.0	0.0-100.0	0.393-0.785	0.008	0.145	4286.0	4275.0	2111.73	54.1619	2163.31	54.6369	-0.628006	0.0856297	-0.05	0.0	0.671412	0.0	3.0907	0.0	0.0563859	0.0	0.0314978	0.0	0.03	0.0	1.492	0.0	5.0	0.0	1.733	0.0	0.0496051	0.0	1.00009e-05	0.00028235	0.270742	0.0159511	0.0204708	0.0647976	-0.00361194	0.0113544	0.00441647	0.000931097	2.0185	1.22259	1.126	0.0205943	0.902749	0.131334	0.637396	0.10065	0.60945	0.0461271	0.0705224	1.77015e-07	0.188332	0.0227001	0.319363	0.0450623	-5386.97	4.0	5.34181e-05	-33391.6	3.0	7.14509e-06	1.0	1611.62	51.8957	500.108	33.8984	0.236824	0.0148589	1151.23	46.2417	
1.6-2.4	6.5-30.0	0.0-100.0	0.785-1.178	0.008	0.145	4035.0	4032.0	2135.37	54.1816	1896.21	51.9273	-0.37496	0.0908541	-0.05	0.0	0.671412	0.0	3.0907	0.0	0.0563859	0.0	0.0314978	0.0	0.03	0.0	1.492	0.0	5.0	0.0	1.733	0.0	0.0496051	0.0	0.000158457	0.000788527	0.270897	0.0163497	0.677087	0.780476	0.00193496	0.00410508	-0.000590809	0.00198627	1.36939	0.185198	0.7479	0.0436445	0.923992	0.920521	0.54468	0.278362	0.548684	0.275008	0.11	0.108633	0.275216	0.0582622	0.0752907	0.120833	-5502.14	4.0	5.87122e-06	-31402.1	3.0	8.53706e-05	1.0	1674.03	51.7364	461.34	31.7725	0.216047	0.0138325	1204.29	224.846	
1.6-2.4	6.5-30.0	0.0-100.0	1.178-1.571	0.008	0.152	3800.0	3798.0	2132.09	53.0933	1665.64	48.5006	-0.411947	0.0969454	-0.05	0.0	0.671412	0.0	3.0907	0.0	0.0563859	0.0	0.0314978	0.0	0.03	0.0	1.492	0.0	5.0	0.0	1.733	0.0	0.0496051	0.0	0.000179578	0.000851436	0.26144	0.0142985	0.636539	0.26317	0.00277147	0.00408429	0.00159903	0.00134299	1.39145	0.125821	0.6	0.0271471	0.755494	0.0792457	0.883749	0.935252	0.633055	0.28414	0.0916121	0.0859788	0.252757	0.0238382	0.0708551	3.11064	-5567.37	4.0	2.21283e-05	-29547.4	3.0	7.1694e-05	1.0	1604.11	49.6717	527.984	32.3188	0.247637	0.0138472	1167.59	100.855	
1.6-2.4	6.5-30.0	10.0-60.0	0.000-0.393	0.008	0.152	2887.0	2887.0	1469.54	44.8437	1417.32	44.2579	-0.451513	0.10515	-0.05	0.0	0.671412	0.0	3.0907	0.0	0.0563859	0.0	0.030811	0.0	0.03	0.0	1.492	0.0	5.0	0.0	1.733	0.0	0.0494631	0.0	1.5549e-05	0.00459212	0.239487	0.0167013	0.211707	0.0	0.00199102	0.0	0.00236559	0.000932059	1.6767	0.0	0.793294	0.0195201	0.809733	0.0589466	0.999999	0.686429	0.690091	0.034369	0.103295	0.0266386	0.173662	0.0159544	0.0704543	2.60181e-13	-4516.07	4.0	6.09166e-05	-21478.8	3.0	6.33007e-06	1.0	1134.68	42.757	334.867	27.0867	0.227871	0.0170701	1044.63	5.84263	
1.6-2.4	6.5-30.0	10.0-60.0	0.000-1.571	0.008	0.16	9969.0	9967.0	5530.94	86.8969	4436.26	80.3515	-0.479443	0.0596221	-0.05	0.0	0.671412	0.0	3.0907	0.0	0.0563859	0.0	0.030811	0.00165693	0.03	0.0	1.492	0.0	5.0	0.0	1.733	0.0	0.0494631	0.000169571	2.91966e-05	0.00458585	0.241161	0.00772459	0.211707	0.0	0.00199102	0.0	0.00447144	0.000595365	1.6767	0.0	0.893517	0.0132268	0.248752	0.739688	8.58233e-08	0.00144239	0.682224	0.0186159	1.34638	0.382547	0.0916221	0.000204118	0.213021	0.0108576	-14607.5	4.0	4.56113e-05	-87072.1	4.0	1.23114e-05	1.0	4007.8	80.6941	1523.14	55.8513	0.275385	0.00912412	1106.58	4.2095	
1.6-2.4	6.5-30.0	10.0-60.0	0.393-0.785	0.008	0.145	2482.0	2480.0	1384.99	42.6407	1094.73	39.0914	-0.543087	0.120212	-0.05	0.0	0.671412	0.0	3.0907	0.0	0.0563859	0.0	0.030811	0.0	0.03	0.0	1.492	0.0	5.0	0.0	1.733	0.0	0.0494631	0.0	1.00009e-05	0.00028235	0.192749	0.0153378	0.211707	0.0	0.00199102	0.0	0.00355082	0.00134562	1.6767	0.0	0.995187	0.0292354	0.940214	0.729857	0.661276	0.206134	0.624099	0.154679	0.070491	1.19638	0.186398	0.0277717	0.413067	0.0683851	-3645.2	4.0	2.25386e-07	-18247.8	3.0	6.36314e-05	1.0	1052.56	42.9842	332.429	30.0373	0.240022	0.0203899	1172.99	9.77637	
1.6-2.4	6.5-30.0	10.0-60.0	0.785-1.178	0.008	0.145	2347.0	2344.0	1337.16	42.1478	1006.59	38.0244	-0.343604	0.124731	-0.05	0.0	0.671412	0.0	3.0907	0.0	0.0563859	0.0	0.030811	0.0	0.03	0.0	1.492	0.0	5.0	0.0	1.733	0.0	0.0494631	0.0	0.000158457	0.000788527	0.260646	0.0171564	0.211707	0.0	0.00199102	0.0	0.00197893	0.00136224	1.6767	0.0	0.985104	0.0302815	0.834966	0.0655507	1.0	0.662518	0.647872	0.0590849	0.139149	0.0467489	0.186921	0.0219358	0.0704546	5.95806e-06	-3338.96	4.0	7.37628e-09	-17115.8	3.0	8.3236e-05	1.0	973.344	39.6294	363.82	27.5814	0.272083	0.0187594	1166.26	10.0814	
1.6-2.4	6.5-30.0	10.0-60.0	1.178-1.571	0.008	0.152	2252.0	2250.0	1338.68	41.6914	911.271	36.2049	-0.583687	0.13207	-0.05	0.0	0.671412	0.0	3.0907	0.0	0.0563859	0.0	0.030811	0.0	0.03	0.0	1.492	0.0	5.0	0.0	1.733	0.0	0.0494631	0.0	0.000179578	0.000851436	0.261794	0.0160879	0.211707	0.0	0.00199102	0.0	0.00167961	0.00122472	1.6767	0.0	0.862929	0.0298647	0.99608	0.0592546	0.999573	0.0550917	0.751647	0.0452074	0.0710009	6.72944e-08	0.25951	0.0432228	0.169993	0.000109726	-3320.68	4.0	1.36211e-07	-16421.6	3.0	7.13971e-06	1.0	929.097	38.3102	409.584	28.1624	0.305961	0.0187557	1087.28	9.34223	
