rap0.0-1.2_pT6.5-30.0_cent0.0-100.0
13406.6
3680.27 3448.83 3359.5 2911.52
65.972 63.8658 63.0154 58.9365
7930.23
2005.74 2113.14 1952.5 1855.41
51.7477 52.3759 50.6354 49.167
9084.44
2398.82 2362.94 2220.2 2050.39
56.2517 56.1628 53.9656 53.7613
4322.15
1281.45 1085.9 1139.3 861.126
42.9284 40.5455 40.4309 38.3596
0.32239
0.348194 0.314859 0.339128 0.295765
0.009854 0.0102086 0.0102163 0.0117362
rap0.0-1.2_pT6.5-30.0_cent10.0-60.0
8730.16
2305.51 2338.62 2165.15 1907.07
51.8517 51.9853 50.101 47.1341
4185.89
1122.26 1108.33 966.835 985.849
38.8018 38.3683 36.2194 36.0612
5912.51
1515.37 1658.52 1398.58 1309.85
44.6416 45.9449 42.1465 42.0399
2817.65
790.143 680.107 766.57 597.224
33.8695 31.3098 32.3051 30.6135
0.322749
0.342719 0.290815 0.35405 0.313163
0.0125062 0.011724 0.0124701 0.0140634
rap0.0-2.4_pT10.0-13.0_cent0.0-100.0
5004.59
1257.91 1320.49 1237.97 1184.65
38.2514 38.8819 37.943 37.3256
1733.3
426.062 417.505 432.033 434.353
25.1266 24.6732 25.1755 25.3559
3288.22
818.523 873.278 817.157 824.086
32.7442 32.9686 33.0053 32.9937
1716.36
439.388 447.211 420.812 360.567
25.1233 24.4772 25.0685 23.3125
0.342958
0.3493 0.338671 0.339921 0.304365
0.0169136 0.0156255 0.017364 0.0171839
rap0.0-2.4_pT10.0-13.0_cent10.0-60.0
3324.93
832.34 884.403 851.84 737.099
31.1234 31.6092 31.1168 29.3145
1033.15
268.666 229.596 251.167 266.912
20.1247 18.5565 19.1728 19.7273
2156.68
522.639 565.597 542.802 496.017
26.5661 26.5557 26.1847 25.9356
1168.24
309.701 318.807 309.037 241.082
21.3996 20.6493 20.4921 19.3763
0.351359
0.372085 0.360477 0.362788 0.327068
0.0216202 0.0194719 0.020077 0.0228434
rap0.0-2.4_pT10.0-30.0_cent0.0-100.0
7799.1
2058.7 1988.75 1871.94 1878.1
48.8868 47.9981 46.4794 46.8405
2609.88
658.24 673.15 640.068 620.892
31.4549 31.4341 30.4724 30.608
4961.13
1261.63 1326.48 1223.64 1223.14
40.4963 40.9742 40.4663 40.6068
2837.97
797.073 662.274 648.295 654.964
33.1761 30.1572 31.2015 31.3873
0.363884
0.387173 0.33301 0.346323 0.348737
0.013235 0.0128588 0.0142787 0.0142706
rap0.0-2.4_pT10.0-30.0_cent10.0-60.0
5173.15
1368.08 1311.21 1257.89 1225.2
39.7248 38.7575 37.8391 37.6486
1572.94
396.935 383.815 389.109 386.789
24.6353 23.9728 23.7286 24.0623
3298.46
838.182 861.611 811.767 767.686
32.866 33.2273 32.1951 32.4327
1874.69
529.899 449.602 446.127 457.511
26.9179 25.1405 24.9065 26.3256
0.362388
0.38733 0.34289 0.354662 0.373418
0.0161444 0.0162757 0.0166801 0.0181664
rap0.0-2.4_pT13.0-30.0_cent0.0-100.0
2802.11
807.513 667.762 620.574 690.472
30.501 28.1541 26.5817 28.1803
869.022
218.499 249.187 207.427 182.537
18.4744 19.34 17.1308 16.9172
1673.6
441.067 449.142 383.028 395.725
23.6857 24.4022 23.3982 23.2197
1128.51
366.446 218.62 237.546 294.747
21.7955 17.9396 19.5405 20.5674
0.402736
0.453795 0.327393 0.382785 0.426878
0.0208496 0.0230479 0.0268821 0.0241611
rap0.0-2.4_pT13.0-30.0_cent10.0-60.0
1843.38
536.208 424.126 394.2 477.466
24.5772 22.3839 21.1577 23.3698
538.657
122.761 154.814 133.801 119.545
13.8043 15.2226 13.6838 13.7204
1138.24
301.871 283.959 254.12 266.585
19.4022 20.261 18.5914 19.2061
705.14
234.337 140.167 140.08 210.881
17.3312 15.5126 14.7017 17.4688
0.382525
0.437027 0.330485 0.355353 0.441667
0.0253662 0.0321487 0.0320491 0.0295169
rap0.0-2.4_pT6.5-10.0_cent0.0-100.0
20744.2
5609.42 5267.35 5210.69 4650.32
86.4898 83.6596 82.5125 77.8516
19474.7
5581.49 5280.46 4518.3 4165.41
86.3275 83.7377 78.2043 74.6747
15496.0
4203.09 3915.55 3829.01 3481.46
79.4661 76.9287 74.2015 73.4487
5248.22
1406.33 1351.81 1381.68 1168.86
50.8451 50.1147 48.0434 48.7918
0.252997
0.250708 0.256639 0.265163 0.25135
0.00819864 0.00859684 0.00820856 0.00961138
rap0.0-2.4_pT6.5-10.0_cent10.0-60.0
13297.1
3606.52 3462.39 3243.23 2988.0
68.1844 66.2857 64.0113 61.3082
9950.95
3047.41 2666.48 2172.68 2052.94
63.9531 59.9814 55.0179 53.1376
9887.49
2668.71 2627.78 2357.12 2162.96
62.7847 62.612 57.1709 57.2334
3409.58
937.813 834.605 886.105 825.034
41.3599 40.555 37.5505 39.9079
0.256416
0.260032 0.241049 0.273217 0.276116
0.0103609 0.0107656 0.0102457 0.012095
rap0.0-2.4_pT6.5-30.0_cent0.0-10.0
9002.94
2411.06 2224.04 2317.19 2053.38
57.3299 55.6218 55.6611 52.516
10535.3
2778.14 2888.24 2534.79 2346.71
60.4464 61.3006 57.5826 55.2393
6435.5
1674.26 1499.35 1682.48 1551.99
50.7053 49.0612 50.9382 50.3254
2567.44
736.794 724.69 634.715 501.392
35.9594 36.4609 34.5516 33.4898
0.285178
0.305589 0.325844 0.273915 0.244178
0.0130246 0.0142251 0.0133807 0.0150666
rap0.0-2.4_pT6.5-30.0_cent0.0-100.0
28283.4
7603.38 7196.2 7015.31 6471.33
98.6151 95.7895 94.0819 90.2614
22426.5
6310.62 6015.66 5227.76 4855.36
91.827 89.4173 84.047 80.8192
20260.1
5380.64 5140.5 5017.3 4663.99
88.1457 87.0134 84.2735 83.1129
8023.27
2222.74 2055.7 1998.01 1807.34
61.0787 60.316 57.3804 57.5444
0.283674
0.292336 0.285665 0.284807 0.279284
0.00708201 0.00746945 0.00723272 0.00799357
rap0.0-2.4_pT6.5-30.0_cent10.0-20.0
6603.73
1811.29 1643.82 1665.11 1485.01
48.4864 46.0433 46.0997 43.5413
5611.27
1607.71 1433.07 1358.77 1181.98
46.3397 43.695 42.6474 39.9104
4565.73
1192.75 1244.38 1141.73 962.598
42.6111 42.154 40.0493 38.7964
2038.0
618.534 399.446 523.374 522.409
32.7171 26.2161 28.5435 30.7114
0.308613
0.341488 0.242998 0.314318 0.351789
0.015579 0.0144229 0.0147691 0.0179251
rap0.0-2.4_pT6.5-30.0_cent10.0-30.0
11733.7
3224.72 2965.23 2885.77 2656.96
64.0944 61.0724 60.2441 57.7563
8867.28
2590.23 2321.73 2032.22 1912.96
58.9376 55.5544 52.686 50.9099
8240.74
2242.01 2153.17 1974.47 1848.89
56.6783 55.6732 52.0342 52.056
3493.0
982.714 812.067 911.293 808.076
40.1019 37.5845 37.0192 37.458
0.297688
0.304744 0.273863 0.315789 0.304135
0.010861 0.0113508 0.0110046 0.0124518
rap0.0-2.4_pT6.5-30.0_cent10.0-60.0
18315.1
4930.0 4732.48 4463.9 4190.75
78.3306 76.2397 73.9111 71.6241
11681.0
3493.98 3093.31 2601.01 2483.93
68.5548 64.6036 60.0026 58.5086
13091.0
3510.39 3486.01 3151.8 2913.13
70.4602 70.2022 65.4936 65.0947
5224.15
1419.6 1246.47 1312.1 1277.62
48.6058 46.6661 45.1444 47.2784
0.285237
0.287952 0.263387 0.293936 0.304867
0.00873337 0.0089012 0.00886516 0.0100063
rap0.0-2.4_pT6.5-30.0_cent20.0-30.0
5127.65
1413.68 1324.78 1222.49 1168.75
41.8959 40.0511 38.7177 37.8856
3242.27
976.306 850.227 667.502 723.24
36.3028 33.6091 30.7267 31.4615
3667.97
1039.41 907.93 821.113 859.071
37.2603 36.5127 32.6666 34.7602
1459.68
374.278 416.848 401.377 309.681
23.7169 27.1764 23.5035 23.0993
0.284669
0.264754 0.314655 0.328328 0.264968
0.0148288 0.018175 0.0161712 0.0178002
rap0.0-2.4_pT6.5-30.0_cent30.0-60.0
6568.91
1700.02 1770.6 1570.98 1520.23
44.9173 45.5492 42.6464 42.0806
2822.71
901.927 767.39 572.003 570.769
34.9227 32.7344 28.6328 28.6586
4779.14
1247.29 1324.95 1132.01 1071.88
41.7439 42.7565 39.9968 38.5049
1789.77
452.733 445.651 438.965 448.341
28.2768 28.2452 28.2383 27.5012
0.272461
0.26631 0.251695 0.279421 0.294917
0.0150716 0.0145792 0.0162961 0.0161435
rap0.0-2.4_pT6.5-8.0_cent0.0-100.0
11763.8
3209.11 2861.74 3028.76 2665.16
67.2212 63.8562 64.0917 60.3684
14527.4
4170.95 3976.55 3315.23 3042.84
74.0297 72.0568 66.2884 63.4191
9134.73
2472.8 2243.05 2292.79 2102.99
61.6996 60.3326 60.1848 57.0872
2629.07
736.308 618.697 735.965 562.168
36.9015 36.408 38.8685 33.9415
0.223488
0.229443 0.216196 0.242992 0.210932
0.0104464 0.0117722 0.011758 0.011805
rap0.0-2.4_pT6.5-8.0_cent10.0-60.0
7542.25
2037.44 1944.81 1847.36 1712.09
52.4727 50.8106 48.8368 47.3692
7194.13
2232.7 1900.08 1535.64 1513.89
54.3011 50.3686 45.5334 45.229
5738.53
1531.45 1532.37 1398.26 1259.81
48.458 49.3907 46.7181 43.9479
1803.72
505.993 412.447 449.105 452.277
31.0223 30.8668 30.9383 29.5478
0.239149
0.248347 0.212076 0.243106 0.264167
0.0138176 0.0148728 0.0154651 0.0156343
rap0.0-2.4_pT8.0-10.0_cent0.0-100.0
8939.77
2391.49 2395.26 2183.96 1977.59
54.1384 53.6695 51.8083 48.9662
5063.7
1407.47 1291.61 1200.04 1128.3
44.1253 42.1534 41.2332 39.3519
6327.44
1707.38 1647.79 1494.08 1418.68
49.7559 48.2301 44.3398 46.4421
2612.33
684.116 747.461 689.877 558.912
34.9508 35.2626 31.2673 33.3836
0.292214
0.286062 0.312059 0.315884 0.282622
0.0131016 0.0129554 0.0121991 0.0153622
rap0.0-2.4_pT8.0-10.0_cent10.0-60.0
5732.79
1560.39 1507.79 1402.07 1267.8
43.3066 42.3161 41.2525 38.6504
2776.17
817.607 769.168 625.901 545.175
33.6554 32.4348 30.4248 27.7727
4104.69
1144.64 1077.25 909.792 892.097
40.7847 38.7363 34.14 36.3248
1628.1
415.755 430.546 492.275 375.703
28.0594 27.0643 25.6667 26.6651
0.283998
0.266442 0.285547 0.351107 0.296343
0.0163915 0.0160613 0.015113 0.0189934
rap1.2-1.6_pT6.5-30.0_cent0.0-100.0
6382.68
1725.95 1641.07 1544.99 1465.71
47.4214 46.7827 44.63 43.2655
6008.43
1646.01 1729.94 1346.01 1278.16
46.571 47.7231 42.3419 41.0418
4656.49
1278.03 1158.55 1161.69 1054.9
43.8968 42.8334 41.4324 40.0278
1726.2
447.923 482.512 383.299 410.812
29.0751 30.5465 26.7044 27.922
0.27045
0.259523 0.294023 0.248092 0.280281
0.0152623 0.0166198 0.0157288 0.0171597
rap1.2-1.6_pT6.5-30.0_cent10.0-60.0
4091.08
1160.38 1004.32 955.137 960.846
38.2938 35.932 34.3458 34.1633
3008.01
941.602 879.596 623.763 544.112
35.3221 34.1524 29.1261 27.3938
3035.29
867.331 724.794 744.371 680.658
35.284 34.3854 33.57 31.3257
1055.79
293.052 279.523 210.766 280.188
22.7864 24.6969 21.6315 22.2453
0.25807
0.252548 0.278321 0.220666 0.291606
0.0177806 0.0224844 0.0212119 0.0207004
rap1.2-2.4_pT6.5-30.0_cent0.0-100.0
14965.4
3930.72 3759.7 3671.45 3599.08
73.7592 71.6847 70.1673 68.6043
14291.6
4292.89 3888.37 3254.56 2956.7
76.1734 72.5769 67.1313 63.7496
11181.8
2979.66 2776.69 2817.07 2651.91
69.4565 67.2836 66.2002 63.8739
3783.6
951.068 983.012 854.378 947.166
44.9052 45.5578 41.8387 43.018
0.252823
0.241957 0.26146 0.232709 0.263169
0.0104832 0.0110445 0.010492 0.0108489
rap1.2-2.4_pT6.5-30.0_cent10.0-60.0
9622.06
2630.24 2397.69 2289.31 2309.17
58.9738 55.9335 54.3577 54.0551
7452.37
2360.58 1978.0 1636.4 1466.7
56.64 52.0491 47.9766 45.6022
7130.4
2007.83 1779.21 1726.63 1621.68
55.22 54.6609 51.969 49.7217
2491.66
622.414 618.478 562.683 687.488
34.8905 38.3832 34.6194 35.9185
0.258953
0.236637 0.257947 0.245787 0.29772
0.0121578 0.0148344 0.0139507 0.0139061
rap1.6-2.4_pT3.0-6.5_cent0.0-100.0
43875.5
11905.6 11084.3 10322.5 10580.4
181.827 179.256 173.388 172.04
242673.0
63909.2 61866.3 60157.6 56709.6
291.518 287.812 282.524 275.053
37658.2
10279.4 9485.64 8758.78 8593.89
180.684 177.925 178.226 170.621
6217.25
1626.24 1598.62 1563.73 1986.48
92.831 93.7713 103.97 103.091
0.141702
0.136594 0.144224 0.151487 0.187751
0.00751301 0.00813198 0.0097454 0.00925299
rap1.6-2.4_pT3.0-6.5_cent10.0-60.0
26079.7
7394.16 5927.38 6404.4 6368.25
132.104 124.937 123.251 122.286
101860.0
28023.9 27010.6 24031.6 22756.7
195.067 191.466 181.086 176.968
22079.7
6615.58 4744.36 5325.56 5437.3
133.384 119.091 124.012 119.124
4000.0
778.58 1183.02 1078.83 930.947
63.3641 69.312 72.8418 60.0723
0.153376
0.105296 0.199586 0.168452 0.146186
0.00836043 0.0109106 0.0109019 0.00900574
rap1.6-2.4_pT6.5-30.0_cent0.0-100.0
8584.32
2206.7 2111.73 2135.37 2132.09
56.566 54.1619 54.1816 53.0933
8371.38
2642.45 2163.31 1896.21 1665.64
60.2957 54.6369 51.9273 48.5006
6540.64
1697.56 1611.62 1674.03 1604.11
53.9491 51.8957 51.7364 49.6717
2043.68
509.14 500.108 461.34 527.984
34.4571 33.8984 31.7725 32.3188
0.238071
0.230725 0.236824 0.216047 0.247637
0.0144514 0.0148589 0.0138325 0.0138472
rap1.6-2.4_pT6.5-30.0_cent10.0-60.0
5530.94
1469.54 1384.99 1337.16 1338.68
44.8437 42.6407 42.1478 41.6914
4436.26
1417.32 1094.73 1006.59 911.271
44.2579 39.0914 38.0244 36.2049
4007.8
1134.68 1052.56 973.344 929.097
42.757 42.9842 39.6294 38.3102
1523.14
334.867 332.429 363.82 409.584
27.0867 30.0373 27.5814 28.1624
0.275385
0.227871 0.240022 0.272083 0.305961
0.0170701 0.0203899 0.0187594 0.0187557
