polFunct
rap	pT	cent	dPhi	ctauErrMin	ctauErrMax	NoCutEntry	CutEntry	NSig	NSigErr	NBkg	NBkgErr	coefExp	coefExpErr	coefPol1	coefPol1Err	coeffGaus	coeffGausErr	meanSig1	meanSig1Err	sigmaSig1	sigmaSig1Err	sigmaSig2	sigmaSig2Err	sigmaSig3	sigmaSig3Err	alpha	alphaErr	enne	enneErr	enneW	enneWErr	sigWidth	sigWidthErr	Gmc	GmcErr	bTau	bTauErr	fracRes	fracResErr	meanResSigW	meanResSigWErr	meanResSigN	meanResSigNErr	sigmaResSigW	sigmaResSigWErr	sigmaResSigN	sigmaResSigNErr	fpm	fpmErr	fLiving	fLivingErr	fbkgCtTot	fbkgCtTotErr	lambdam	lambdamErr	lambdap	lambdapErr	lambdasym	lambdasymErr	NLL	nFitPar	EDM	NLLMass	nFitParMass	EDMMass	Prob	PROMPT	PROMPTErr	NON-PROMPT	NON-PROMPTErr	Bfraction	BfractionErr	Resolution	ResolutionErr	
0.0-0.4	6.5-30.0	0.0-100.0	0.000-1.571	0.008	0.064	5365.0	5362.0	3536.34	197.977	1826.12	163.017	-1.0	0.0	-0.0837172	0.111581	0.570037	0.233552	3.09294	0.00119592	0.0190568	0.00681831	0.0187629	0.0105002	0.03	0.0	1.492	0.0	5.0	0.0	1.733	0.0	0.018931	0.00297195	1.86511e-05	9.62505e-05	0.449196	0.109147	0.650386	0.167133	-0.000266231	0.00113589	0.00207373	0.00182847	1.30969	0.063225	0.709122	0.038703	0.676465	0.813357	0.574224	0.592577	0.256465	0.48373	0.0344627	0.115381	0.367916	0.201292	0.0718556	0.0316247	-14216.7	4.0	13572.0	-231993.0	7.0	139919.0	1.0	2237.4	167.883	1298.94	133.354	0.367311	0.0316094	1.1364	0.0506616	
0.0-1.2	6.5-30.0	0.0-10.0	0.000-1.571	0.008	0.088	7347.0	7345.0	3914.23	142.638	3430.75	137.808	-1.0	0.0	0.00553208	0.0590225	0.524256	0.0	3.0924	0.0	0.0195444	0.0	0.0370137	0.00263505	0.03	0.0	1.492	0.0	5.0	0.0	1.733	0.0	0.0291896	0.000794815	1.48841e-05	2.84191e-05	0.32766	0.0628503	0.236177	0.0	5.83622e-05	0.0	0.00235898	0.00132341	1.60413	0.0	0.949993	0.0351795	0.735905	1.89634	0.542068	1.58672	0.517327	0.275469	0.0451225	0.0869531	0.262297	0.152001	0.107702	0.147982	-20416.1	4.0	8204.3	-242311.0	4.0	51.9824	1.0	2622.99	151.297	1291.24	126.367	0.329884	0.0299623	1.13889	0.011207	
0.0-1.2	6.5-30.0	0.0-100.0	0.000-1.571	0.008	0.105	20225.0	20221.0	12661.3	291.357	7559.94	253.13	-1.0	0.0	0.00797713	0.0605983	0.524256	0.3574	3.0924	0.000696357	0.0195444	0.003706	0.0362118	0.0131462	0.03	0.0	1.492	0.0	5.0	0.0	1.733	0.0	0.0287071	0.00399967	1.87255e-05	2.6751e-05	0.406696	0.0530186	0.236177	0.079527	5.83622e-05	0.00144617	0.000994127	0.000657331	1.60413	0.0920545	0.895747	0.0189506	0.607054	0.239684	0.933105	0.0920198	0.467643	0.199951	0.0588601	0.0409862	0.229346	0.0462292	1.25616	6.84293	-11039.3	4.0	51779.8	-908703.0	7.0	1171050.0	1.0	8463.02	292.921	4198.32	239.185	0.331586	0.0172814	1.10481	0.0360434	
0.0-1.2	6.5-30.0	10.0-20.0	0.000-1.571	0.008	0.088	4976.0	4974.0	3068.42	140.062	1906.26	111.995	-1.0	0.0	0.0490804	0.0877571	0.524256	0.0	3.0924	0.0	0.0195444	0.0	0.0366416	0.0033983	0.03	0.0	1.492	0.0	5.0	0.0	1.733	0.0	0.0289654	0.00102259	1.48841e-05	2.84191e-05	0.497181	0.14115	0.236177	0.0	5.83622e-05	0.0	0.00113171	0.00139978	1.60413	0.0	0.915274	0.0395411	0.465131	3.90497	0.844999	0.821496	0.338561	4.26144	0.0365478	0.228598	0.29571	0.287579	0.588326	1.90904	-1919.54	4.0	13680.1	-224899.0	4.0	1114.01	1.0	1893.91	141.245	1174.51	123.898	0.382772	0.0364025	1.11697	0.0123743	
0.0-1.2	6.5-30.0	20.0-30.0	0.000-1.571	0.008	0.105	3483.0	3481.0	2285.5	2029.28	1195.66	1745.78	-1.0	0.0	0.127344	1.9006	0.524256	0.0	3.0924	0.0	0.0195444	0.0	0.0361325	0.0376306	0.03	0.0	1.492	0.0	5.0	0.0	1.733	0.0	0.0286595	0.0112853	1.87255e-05	2.6751e-05	0.566678	0.32321	0.236177	0.0	5.83622e-05	0.0	0.00149614	0.00157366	1.60413	0.0	0.861932	0.04429	0.551625	0.100911	0.99999	23.9342	0.409436	0.149767	0.0457227	0.00699656	0.213274	0.0413971	0.036818	119.229	22895.0	4.0	19931.7	-175162.0	4.0	804926000.0	1.0	1526.44	1360.82	759.064	684.972	0.332122	0.0535079	1.08407	0.0134488	
0.0-1.2	6.5-30.0	30.0-40.0	0.000-1.571	0.008	0.064	2018.0	2016.0	1455.5	80.7743	560.756	52.0796	-1.0	0.0	-0.185794	0.119239	0.524256	0.0	3.0924	0.0	0.0195444	0.0	0.0379954	0.00232327	0.03	0.0	1.492	0.0	5.0	0.0	1.733	0.0	0.0297836	0.000705011	2.67574e-05	4.09709e-05	0.310056	0.0788864	0.236177	0.0	5.83622e-05	0.0	-0.000899697	0.00174376	1.60413	0.0	0.844936	0.047666	0.565302	0.0227246	0.999993	7.73647	0.419579	0.0226773	0.0675454	0.0050833	0.193635	0.0109236	0.0570068	21.2789	-11132.1	4.0	2088.28	-57974.0	4.0	242.602	1.0	1026.23	83.7329	429.273	65.8427	0.294931	0.0421722	1.0738	0.0143243	
0.0-1.2	6.5-30.0	40.0-50.0	0.000-1.571	0.016	0.048	1246.0	1229.0	944.61	60.3914	285.239	42.5486	-1.0	0.0	-0.103676	0.235011	0.524256	0.0	3.0924	0.0	0.0195444	0.0	0.0360804	0.00470356	0.03	0.0	1.492	0.0	5.0	0.0	1.733	0.0	0.0286283	0.00141009	1.07336e-05	8.63113e-05	0.314268	0.0731438	0.236177	0.0	5.83622e-05	0.0	-0.00289186	0.00216408	1.60413	0.0	0.89868	0.0701755	0.752239	34.8912	0.999992	0.0128017	0.297311	29.5753	0.00892629	0.252027	0.882671	3.13716	2.41685	4.83744	-3679.52	4.0	755.248	-31205.6	4.0	246.135	1.0	630.561	57.7367	314.049	45.9509	0.332464	0.0437559	1.10663	0.0217647	
0.0-1.2	6.5-30.0	50.0-100.0	0.000-1.571	0.008	0.056	1152.0	1150.0	985.194	59.5162	165.532	36.966	-1.0	0.0	-0.443984	0.323218	0.524256	0.0	3.0924	0.0	0.0195444	0.0	0.0321766	0.00256544	0.03	0.0	1.492	0.0	5.0	0.0	1.733	0.0	0.0263213	0.000745998	1.7457e-05	3.13754e-05	0.384069	0.123517	0.236177	0.0	5.83622e-05	0.0	0.00174313	0.0015331	1.60413	0.0	0.773623	0.0608754	0.514881	0.409812	0.999999	205.408	3.45833e-07	0.230099	0.0152737	0.00893709	0.2212	0.085325	0.0218157	2022.02	-5665.62	4.0	1185.74	-29377.1	4.0	1339.61	1.0	711.323	59.2895	273.871	44.073	0.277987	0.0414637	1.03193	0.0174294	
0.0-2.4	10.0-13.0	0.0-100.0	0.000-1.571	0.008	0.136	6551.0	6549.0	4732.21	273.828	1817.4	210.494	-1.0	0.0	-0.334706	0.113326	0.51547	0.3506	3.09184	0.00194413	0.0414825	0.00559655	0.0216756	0.00762606	0.03	0.0	1.492	0.0	5.0	0.0	1.733	0.0	0.0333866	0.00215655	1.21637e-05	1.85867	0.419436	0.0838414	0.294117	0.0867943	0.000270012	0.00176522	0.000236912	0.000904153	1.60695	0.0922641	0.792632	0.0254026	0.876527	0.375776	0.527903	0.289467	1.70731e-07	15.2454	0.0850355	0.120397	0.301752	0.0782711	0.026819	0.0221659	-6712.85	4.0	14626.7	-192170.0	7.0	119713.0	1.0	3164.54	217.831	1567.67	148.822	0.331276	0.0249312	1.0968	0.0439493	
0.0-2.4	10.0-30.0	0.0-100.0	0.000-1.571	0.004	0.144	10182.0	10181.0	7417.29	255.32	2763.83	196.414	-1.0	0.0	-0.345669	0.0702489	0.513605	0.20882	3.09291	0.00113193	0.0425488	0.0040437	0.0211464	0.00461806	0.03	0.0	1.492	0.0	5.0	0.0	1.733	0.0	0.0338723	0.00148093	1.70873e-05	5.44529e-05	0.388184	0.0518551	0.236071	0.0672041	0.00122446	0.0014114	0.000167345	0.000653313	1.62051	0.0854295	0.858953	0.0201576	0.904258	0.473693	0.742842	0.941327	0.280845	0.583813	0.0769045	0.13282	0.307198	0.0758356	0.0367579	0.0767745	-11535.4	4.0	19033.1	-286220.0	7.0	280691.0	1.0	4791.44	214.198	2625.86	163.854	0.354018	0.0184256	1.08791	0.0333602	
0.0-2.4	11.0-13.0	0.0-100.0	0.000-1.571	0.008	0.105	3503.0	3502.0	2619.19	267.4	883.673	192.013	-1.0	0.0	-0.400425	0.185843	0.514043	0.570118	3.0916	0.00374119	0.0433365	0.0114127	0.0210779	0.0123175	0.03	0.0	1.492	0.0	5.0	0.0	1.733	0.0	0.0343701	0.00412895	1.31317e-05	0.000141526	0.501067	0.156788	0.127384	0.054916	-0.0011181	0.00400296	0.00178004	0.00130886	1.9166	0.182182	0.913901	0.0376647	0.816086	1.31076	0.587854	0.636469	2.64124e-06	16.6183	0.0725654	0.271588	0.313717	0.130169	0.0200004	0.51623	-2663.92	4.0	11618.9	-122430.0	7.0	77965.0	1.0	1630.05	193.329	989.143	140.995	0.377652	0.0375676	1.09396	0.0432482	
0.0-2.4	13.0-16.0	0.0-100.0	0.000-1.571	0.008	0.08	2199.0	2194.0	1670.6	1401.28	524.03	1293.34	-1.0	0.0	-0.292002	1.61617	0.631232	7.88678	3.09462	0.0223575	0.0445419	0.208781	0.0164171	0.209518	0.03	0.0	1.492	0.0	5.0	0.0	1.733	0.0	0.0367661	0.0816734	3.22941e-05	7.28178e-05	0.46312	0.128047	0.190435	0.151414	0.000860929	0.00325109	0.00248597	0.00143403	1.61744	0.225591	0.939318	0.0454153	0.942523	1.07474	0.715728	1.34323	0.134543	0.251016	0.0474203	0.0434702	0.240694	0.115517	0.0380995	0.0482493	-3569.99	4.0	3285.62	-49341.2	7.0	60369800.0	1.0	1091.55	917.565	579.048	489.433	0.346611	0.0361247	1.10113	0.069238	
0.0-2.4	13.0-30.0	0.0-100.0	0.000-1.571	0.008	0.105	3631.0	3631.0	2688.4	141.331	942.962	115.764	-1.0	0.0	-0.370889	0.103584	0.511955	0.324179	3.09483	0.00153693	0.0445931	0.0105777	0.02013	0.00611414	0.03	0.0	1.492	0.0	5.0	0.0	1.733	0.0	0.0348685	0.00356831	1.00009e-05	0.0022258	0.343877	0.0530894	0.132772	0.0920488	0.00351245	0.00313808	0.000176668	0.000918096	1.67468	0.204192	0.934038	0.0329299	0.882497	0.87218	0.912339	1.72462	0.351571	0.453121	0.0427706	0.0305432	0.316911	0.130292	0.0385278	0.041132	-5434.16	4.0	4166.11	-75471.0	7.0	219257.0	1.0	1629.29	110.441	1059.11	89.2243	0.393956	0.0259338	1.06252	0.0486323	
0.0-2.4	16.0-30.0	0.0-100.0	0.000-1.571	0.008	0.064	1431.0	1429.0	1024.21	50.7766	405.506	40.7013	-1.0	0.0	-0.436899	0.132125	0.305779	0.378099	3.09379	0.0017772	0.0209144	0.00660961	0.0356951	0.00885717	0.03	0.0	1.492	0.0	5.0	0.0	1.733	0.0	0.0319106	0.00350223	1.03669e-05	0.000212641	0.224598	0.0267632	0.0950778	0.106211	0.00728087	0.00535444	-0.00142838	0.00107853	1.70142	0.346312	0.880019	0.0436258	0.556958	7.30098	0.975698	0.394992	0.10765	12.8923	0.00745744	0.0272158	0.410215	0.132862	0.0557774	0.0774623	-2816.9	4.0	340.253	-20374.3	7.0	93.6821	1.0	548.437	41.9328	475.776	39.6919	0.464528	0.0311686	0.987945	0.0660364	
0.0-2.4	6.5-30.0	0.0-10.0	0.000-1.571	0.008	0.184	18347.0	18347.0	8525.07	207.011	9822.91	227.198	-1.0	0.0	-0.0805699	0.0374964	0.435655	0.0	3.09249	0.0	0.0483069	0.0	0.0243768	0.0011905	0.03	0.0	1.492	0.0	5.0	0.0	1.733	0.0	0.0367692	0.000222709	1.10484e-05	0.188378	0.311402	0.0372143	0.197932	0.0	0.00209112	0.0	0.00227003	0.000824094	1.70729	0.0	0.950138	0.0204966	0.896079	0.397848	0.382472	0.357401	0.468535	0.351966	0.22252	0.488471	0.372468	0.178906	0.0654165	0.0647329	-20061.8	4.0	11724.7	-612595.0	4.0	2006.12	1.0	6076.9	219.798	2448.17	173.408	0.287173	0.0191083	1.14062	0.00684711	
0.0-2.4	6.5-30.0	0.0-100.0	0.000-1.571	0.004	0.184	47950.0	47950.0	26923.4	551.841	21026.9	537.404	-1.0	0.0	-0.0975033	0.0261336	0.435655	0.125326	3.09249	0.000511272	0.0483069	0.00580669	0.0240701	0.00187018	0.03	0.0	1.492	0.0	5.0	0.0	1.733	0.0	0.036655	0.0022687	1.10484e-05	0.188378	0.34337	0.0270616	0.197932	0.0374389	0.00209112	0.00129423	0.0025981	0.00045002	1.70729	0.0620358	0.937956	0.0113728	0.610003	0.492841	0.925753	0.230458	0.546319	0.334551	0.0582989	0.0873809	0.280512	0.142282	0.452953	2.09457	-41755.2	4.0	68157.5	-1802610.0	7.0	17322.4	1.0	19181.8	497.001	7741.53	342.942	0.287539	0.0112922	1.1325	0.0195656	
0.0-2.4	6.5-30.0	0.0-5.0	0.000-1.571	0.008	0.184	9955.0	9955.0	4610.05	152.151	5345.25	156.666	-1.0	0.0	-0.0152922	0.0438428	0.435655	0.0	3.09249	0.0	0.0483069	0.0	0.0236907	0.0018246	0.03	0.0	1.492	0.0	5.0	0.0	1.733	0.0	0.0365152	0.000334031	1.10484e-05	0.188378	0.33542	0.0656379	0.197932	0.0	0.00209112	0.0	0.00436676	0.00121274	1.70729	0.0	1.04093	0.0292821	0.706796	0.972807	0.830755	1.62168	0.645309	0.550571	0.069946	0.467881	0.218011	0.115444	0.195869	0.643091	-20986.1	4.0	7549.68	-291510.0	4.0	89.4392	1.0	3315.63	172.268	1294.42	139.737	0.280783	0.0288601	1.2025	0.0101653	
0.0-2.4	6.5-30.0	10.0-15.0	0.000-1.571	0.008	0.152	6338.0	6337.0	3283.56	114.553	3053.66	112.479	-1.0	0.0	-0.0629652	0.05684	0.435655	0.0	3.09249	0.0	0.0483069	0.0	0.0235602	0.00124412	0.03	0.0	1.492	0.0	5.0	0.0	1.733	0.0	0.0364676	0.000226802	2.54256e-05	2.68579e-05	0.33877	0.0530614	0.197932	0.0	0.00209112	0.0	0.00476085	0.00131296	1.70729	0.0	0.93222	0.0300485	0.402421	0.0878425	0.846893	0.127057	0.340687	0.153525	0.0293978	0.00940331	0.168362	0.0376981	0.193986	0.107106	-16917.8	4.0	2620.01	-157889.0	4.0	151.146	1.0	2295.67	119.093	987.893	94.6402	0.30086	0.0268434	1.1287	0.00995276	
0.0-2.4	6.5-30.0	10.0-20.0	0.000-1.571	0.008	0.16	11670.0	11668.0	6345.05	178.6	5323.36	159.336	-1.0	0.0	-0.0685727	0.0447452	0.435655	0.0	3.09249	0.0	0.0483069	0.0	0.0234073	0.000560489	0.03	0.0	1.492	0.0	5.0	0.0	1.733	0.0	0.036412	0.000101669	1.13588e-05	0.0219528	0.386176	0.067638	0.197932	0.0	0.00209112	0.0	0.00294017	0.00100898	1.70729	0.0	0.951696	0.0241563	0.476239	1.0211	0.847759	0.370045	0.417583	1.16728	0.0347264	0.0801475	0.203744	0.236591	0.438118	1.30968	-13180.2	4.0	16855.6	-389354.0	4.0	5902.06	1.0	4356.43	201.521	1988.62	169.432	0.313413	0.0252037	1.14166	0.00807556	
0.0-2.4	6.5-30.0	15.0-20.0	0.000-1.571	0.008	0.16	5331.0	5331.0	3057.79	766.856	2273.3	639.306	-1.0	0.0	-0.0755726	0.406331	0.435655	0.0	3.09249	0.0	0.0483069	0.0	0.0231663	0.00254273	0.03	0.0	1.492	0.0	5.0	0.0	1.733	0.0	0.0363249	0.000457581	1.13588e-05	0.0219528	0.437483	0.135441	0.197932	0.0	0.00209112	0.0	-0.000273039	0.00151154	1.70729	0.0	0.973985	0.0371555	0.719617	0.969824	0.763919	0.486681	0.54936	0.514918	0.0537342	0.132975	0.264192	0.327019	0.586825	1.98948	494.489	4.0	13642.0	-201467.0	4.0	2131020000.0	1.0	2044.7	528.677	1013.09	284.785	0.331314	0.0420727	1.15664	0.0125475	
0.0-2.4	6.5-30.0	20.0-25.0	0.000-1.571	0.008	0.145	4294.0	4294.0	2589.77	102.487	1704.99	82.8172	-1.0	0.0	-0.113266	0.0678739	0.435655	0.0	3.09249	0.0	0.0483069	0.0	0.0230051	0.00175826	0.03	0.0	1.492	0.0	5.0	0.0	1.733	0.0	0.036267	0.00031471	1.27502e-05	0.000164255	0.359707	0.073382	0.197932	0.0	0.00209112	0.0	0.00247407	0.00116437	1.70729	0.0	0.853066	0.0280249	0.472931	0.101485	0.956984	0.0830021	0.402926	0.185538	0.0417672	0.0126669	0.200878	0.0498862	0.685159	2.09626	-12515.0	4.0	3247.38	-110183.0	4.0	154.605	1.0	1882.68	107.278	707.097	82.1017	0.273034	0.0298041	1.07732	0.00889943	
0.0-2.4	6.5-30.0	20.0-30.0	0.000-1.571	0.008	0.152	7933.0	7933.0	4879.81	148.542	3053.23	119.31	-1.0	0.0	-0.0504115	0.0616881	0.435655	0.0	3.09249	0.0	0.0483069	0.0	0.0232186	0.000967911	0.03	0.0	1.492	0.0	5.0	0.0	1.733	0.0	0.0363437	0.000174484	2.54256e-05	2.68579e-05	0.439796	0.131341	0.197932	0.0	0.00209112	0.0	0.00259498	0.00101951	1.70729	0.0	0.867148	0.0257391	0.499773	1.05185	0.972369	0.157893	0.426987	1.19136	0.0401961	0.0749942	0.188741	0.0799731	0.588713	4.36007	10844.0	4.0	25257.9	-292394.0	4.0	1435.6	1.0	3482.49	191.948	1397.32	165.577	0.286348	0.0327922	1.0863	0.0082398	
0.0-2.4	6.5-30.0	25.0-30.0	0.000-1.571	0.008	0.136	3638.0	3634.0	2287.83	119.141	1346.69	94.1848	-1.0	0.0	0.0289656	0.113713	0.435655	0.0	3.09249	0.0	0.0483069	0.0	0.0234851	0.000547477	0.03	0.0	1.492	0.0	5.0	0.0	1.733	0.0	0.0364402	9.95616e-05	1.61666e-05	1.68756e-05	0.533607	0.332592	0.197932	0.0	0.00209112	0.0	0.00187753	0.0018189	1.70729	0.0	0.897209	0.0478115	0.65771	3.1444	0.985709	1.96985	0.564915	2.26225	0.0461001	0.546554	0.176396	0.124682	0.136911	2.1795	19405.8	4.0	19104.7	-157733.0	4.0	1648110.0	1.0	1590.83	165.108	696.998	147.359	0.304655	0.0624256	1.10571	0.0155584	
0.0-2.4	6.5-30.0	30.0-35.0	0.000-1.571	0.008	0.128	2762.0	2760.0	1690.51	77.0587	1070.05	66.032	-1.0	0.0	-0.19184	0.091953	0.435655	0.0	3.09249	0.0	0.0483069	0.0	0.0245127	0.00190211	0.03	0.0	1.492	0.0	5.0	0.0	1.733	0.0	0.0368202	0.000357319	1.79639e-05	0.125254	0.324349	0.0832572	0.197932	0.0	0.00209112	0.0	0.00204038	0.00161188	1.70729	0.0	0.894563	0.0417516	0.622075	1.01693	0.832611	41.4527	0.409022	14.6078	0.0571828	0.121953	0.301894	0.404701	0.0200009	0.225351	-7803.4	4.0	1174.02	-59728.2	4.0	18.9402	1.0	1281.62	80.8353	408.895	58.8969	0.241876	0.0330491	1.10399	0.0135676	
0.0-2.4	6.5-30.0	30.0-40.0	0.000-1.571	0.008	0.128	4766.0	4764.0	3092.63	109.889	1671.34	90.1512	-1.0	0.0	-0.192997	0.0780734	0.435655	0.0	3.09249	0.0	0.0483069	0.0	0.0238153	0.000962729	0.03	0.0	1.492	0.0	5.0	0.0	1.733	0.0	0.0365609	0.000176952	1.79639e-05	0.125254	0.256185	0.0415791	0.197932	0.0	0.00209112	0.0	0.00120727	0.00120066	1.70729	0.0	0.838918	0.0302499	0.765337	0.667926	0.625216	1.29421	0.390113	0.618629	0.0654634	0.0372661	0.418397	0.288762	0.0560516	0.058031	-12657.7	4.0	3306.11	-126541.0	4.0	1218.13	1.0	2227.38	119.672	865.246	94.883	0.279777	0.0290251	1.06837	0.00952579	
0.0-2.4	6.5-30.0	35.0-40.0	0.000-1.571	0.008	0.12	2003.0	2003.0	1398.6	357.159	604.782	276.773	-1.0	0.0	-0.193838	0.654499	0.435655	0.0	3.09249	0.0	0.0483069	0.0	0.0229977	0.00159046	0.03	0.0	1.492	0.0	5.0	0.0	1.733	0.0	0.0362644	0.000284604	2.47093e-05	3.60563e-05	0.212428	0.0463707	0.197932	0.0	0.00209112	0.0	0.000908138	0.00177774	1.70729	0.0	0.786366	0.043027	0.999896	1443.99	0.479806	18.64	0.380223	0.587615	0.0888098	1160.43	0.616713	6.5316	0.0757499	0.680649	-5729.64	4.0	1603.63	-56053.4	4.0	580805000.0	1.0	942.099	250.638	456.503	136.123	0.326399	0.0502505	1.03582	0.0130998	
0.0-2.4	6.5-30.0	40.0-45.0	0.000-1.571	0.008	0.12	1512.0	1511.0	1079.73	58.3977	431.752	45.0247	-1.0	0.0	-0.162123	0.162481	0.435655	0.0	3.09249	0.0	0.0483069	0.0	0.0232505	0.00248578	0.03	0.0	1.492	0.0	5.0	0.0	1.733	0.0	0.0363552	0.000448583	2.47093e-05	3.60563e-05	0.27395	0.0594156	0.197932	0.0	0.00209112	0.0	-0.00176155	0.00180244	1.70729	0.0	0.908774	0.0486296	0.589584	5.64224	1.0	0.0292077	0.36528	6.03016	0.00100112	0.0666437	0.899329	1.4005	0.800777	0.812397	-3709.77	4.0	411.685	-29469.2	4.0	199.111	1.0	793.885	57.8579	285.848	41.7484	0.264739	0.0359165	1.11326	0.01592	
0.0-2.4	6.5-30.0	40.0-50.0	0.000-1.571	0.008	0.136	2720.0	2717.0	1974.52	80.6284	743.027	58.0072	-1.0	0.0	-0.383212	0.114922	0.435655	0.0	3.09249	0.0	0.0483069	0.0	0.024908	0.00202807	0.03	0.0	1.492	0.0	5.0	0.0	1.733	0.0	0.0369696	0.00038556	1.61666e-05	1.68756e-05	0.29116	0.0453592	0.197932	0.0	0.00209112	0.0	-0.000605101	0.0013305	1.70729	0.0	0.813138	0.03786	0.508961	10.2998	1.0	0.0470798	0.0849775	16.0599	0.0213626	0.129774	0.481793	0.306223	4.90745	1083.27	-7599.33	4.0	902.951	-60347.9	4.0	141.149	1.0	1391.45	79.589	583.066	60.6041	0.295295	0.0282253	1.05227	0.0117328	
0.0-2.4	6.5-30.0	45.0-50.0	0.000-1.571	0.008	0.136	1207.0	1206.0	895.786	55.6627	310.343	36.2973	-1.0	0.0	-0.682198	0.131529	0.435655	0.0	3.09249	0.0	0.0483069	0.0	0.0272832	0.00348305	0.03	0.0	1.492	0.0	5.0	0.0	1.733	0.0	0.0379039	0.000707433	1.61666e-05	1.68756e-05	0.309087	0.0669289	0.197932	0.0	0.00209112	0.0	-0.00328374	0.00202869	1.70729	0.0	0.742009	0.0516057	0.835532	3.9913	0.628565	3.04733	1.11403e-05	93.1259	0.0280002	0.0682861	0.303966	0.118501	0.0255614	0.0417392	-4278.75	4.0	489.626	-25600.1	4.0	26.0926	1.0	583.576	54.9849	312.21	45.659	0.348532	0.0461411	1.00923	0.0152159	
0.0-2.4	6.5-30.0	5.0-10.0	0.000-1.571	0.008	0.112	8392.0	8362.0	3913.94	141.065	4448.69	164.431	-1.0	0.0	-0.151277	0.061429	0.435655	0.0	3.09249	0.0	0.0483069	0.0	0.0250485	0.00153049	0.03	0.0	1.492	0.0	5.0	0.0	1.733	0.0	0.0370231	0.000292183	1.67157e-05	3.06522e-05	0.298601	0.041186	0.197932	0.0	0.00209112	0.0	0.00297096	0.00118244	1.70729	0.0	0.923407	0.029467	0.264612	9.94419	0.619227	7.85196	7.76082e-05	31.8791	0.00566083	0.25811	0.58251	0.561477	0.0876281	0.196618	-2870.48	4.0	2878.59	-274596.0	4.0	4081.03	1.0	2785.75	137.666	1128.18	102.588	0.288247	0.0240642	1.12287	0.00971804	
0.0-2.4	6.5-30.0	50.0-100.0	0.000-1.571	0.008	0.088	2513.0	2493.0	2064.75	80.9404	428.588	48.9498	-1.0	0.0	-0.331086	0.161795	0.435655	0.0	3.09249	0.0	0.0483069	0.0	0.0248752	0.0016572	0.03	0.0	1.492	0.0	5.0	0.0	1.733	0.0	0.0369571	0.000314744	2.59256e-05	2.3357e-05	0.339524	0.0724494	0.197932	0.0	0.00209112	0.0	0.00311172	0.00120849	1.70729	0.0	0.841994	0.0417121	0.549302	0.791526	1.0	275.802	5.40905e-08	1.4344	0.0129011	0.155925	0.244132	0.0598358	0.0247642	766.209	-9758.45	4.0	1667.85	-57532.1	4.0	675.08	1.0	1544.79	85.1511	519.961	63.2375	0.251827	0.0289925	1.07031	0.0131596	
0.0-2.4	6.5-30.0	50.0-55.0	0.000-1.571	0.008	0.08	884.0	875.0	721.022	45.2645	154.882	24.1193	-1.0	0.0	-0.178154	0.212861	0.435655	0.0	3.09249	0.0	0.0483069	0.0	0.0256067	0.0026386	0.03	0.0	1.492	0.0	5.0	0.0	1.733	0.0	0.037238	0.000511982	1.06333e-05	0.0003574	0.277917	0.0884065	0.197932	0.0	0.00209112	0.0	0.00249518	0.00264524	1.70729	0.0	0.900207	0.0738106	0.641077	1.26889	0.960624	13.6564	0.104911	1.17998	0.0358481	0.0183127	0.209566	0.353902	0.0346214	0.0793531	-4041.88	4.0	283.372	-15284.8	4.0	35.5502	1.0	551.237	50.0516	169.785	37.6991	0.235479	0.0501523	1.10766	0.0240566	
0.0-2.4	6.5-30.0	50.0-60.0	0.000-1.571	0.008	0.08	1414.0	1403.0	1168.86	55.6269	234.309	29.5495	-1.0	0.0	-0.206573	0.177955	0.435655	0.0	3.09249	0.0	0.0483069	0.0	0.0262267	0.00196193	0.03	0.0	1.492	0.0	5.0	0.0	1.733	0.0	0.0374807	0.000387377	1.06333e-05	0.0003574	0.248582	0.0531096	0.197932	0.0	0.00209112	0.0	0.00339839	0.00188771	1.70729	0.0	0.857162	0.0510056	0.671744	17.6071	0.757191	14.6093	0.00725948	55.1033	0.0222627	0.173933	0.287433	0.29754	0.0200011	3.12988	-6326.84	4.0	291.494	-24560.1	4.0	25.8545	1.0	885.213	59.171	283.648	43.6883	0.242671	0.0355478	1.07993	0.0162356	
0.0-2.4	6.5-30.0	55.0-60.0	0.000-1.571	0.008	0.073	530.0	525.0	447.029	32.2559	78.4831	16.9865	-1.0	0.0	-0.270647	0.324461	0.435655	0.0	3.09249	0.0	0.0483069	0.0	0.0271511	0.00312058	0.03	0.0	1.492	0.0	5.0	0.0	1.733	0.0	0.0378504	0.000631636	1.72071e-05	2.22879e-05	0.205272	0.0451337	0.197932	0.0	0.00209112	0.0	0.00458138	0.00252352	1.70729	0.0	0.794164	0.0686927	0.578035	12.8415	0.969588	9.0385	0.00478954	14.9006	0.00607179	0.244135	0.411704	0.61144	0.0200019	4.16254	-2332.89	4.0	12.5066	-7143.97	4.0	9.22038	1.0	334.797	31.622	112.232	21.9532	0.251063	0.0456456	1.04058	0.0210246	
0.0-2.4	6.5-30.0	60.0-100.0	0.000-1.571	0.008	0.088	1098.0	1086.0	891.857	58.622	194.651	38.772	-1.0	0.0	-0.471508	0.250602	0.435655	0.0	3.09249	0.0	0.0483069	0.0	0.0226224	0.00240231	0.03	0.0	1.492	0.0	5.0	0.0	1.733	0.0	0.0361309	0.000424428	2.59256e-05	2.3357e-05	0.442238	0.168214	0.197932	0.0	0.00209112	0.0	0.00276927	0.00158298	1.70729	0.0	0.788563	0.0563631	0.562799	0.603416	0.999999	280.947	9.49865e-06	0.033578	0.0184142	0.0137325	0.209843	0.128	0.0201963	1348.45	-3918.07	4.0	1406.98	-27784.6	4.0	879.699	1.0	644.644	59.116	247.213	44.3091	0.277189	0.0462205	1.03716	0.0171858	
0.0-2.4	6.5-30.0	60.0-70.0	0.000-1.571	0.008	0.088	733.0	723.0	591.055	49.7363	132.054	35.3765	-1.0	0.0	-0.567581	0.30769	0.435655	0.0	3.09249	0.0	0.0483069	0.0	0.0194282	0.00202859	0.03	0.0	1.492	0.0	5.0	0.0	1.733	0.0	0.0350662	0.000317141	2.59256e-05	2.3357e-05	0.50102	0.273497	0.197932	0.0	0.00209112	0.0	0.00205604	0.00271618	1.70729	0.0	0.819449	0.0923154	0.425701	142.201	0.999998	52449.9	2.31798e-07	65535.1	0.00805204	0.504418	0.240505	38.7909	0.0202866	228506.0	-2589.64	4.0	102918.0	-19351.2	4.0	1283.25	1.0	417.253	50.7578	173.801	39.4645	0.294053	0.0620154	1.05618	0.0287235	
0.0-2.4	6.5-30.0	70.0-100.0	0.000-1.571	0.016	0.073	364.0	361.0	299.584	31.2813	61.7395	15.7769	-1.0	0.0	-0.244764	0.311035	0.435655	0.0	3.09249	0.0	0.0483069	0.0	0.0287261	0.00733645	0.03	0.0	1.492	0.0	5.0	0.0	1.733	0.0	0.0385009	0.00154457	1.00217e-05	0.000162887	0.319126	0.171908	0.197932	0.0	0.00209112	0.0	0.00286811	0.00364468	1.70729	0.0	0.820323	0.090601	0.80204	0.477496	1.0	17.8869	2.45154e-08	4.47075	0.044402	0.124669	0.161206	0.149326	0.0202642	101.024	-1502.32	4.0	260.102	-6224.18	4.0	60.2239	1.0	223.961	33.0261	75.6235	24.6215	0.252428	0.0778443	1.05673	0.0282056	
0.0-2.4	6.5-7.5	0.0-100.0	0.000-1.571	0.016	0.16	18387.0	18384.0	7732.26	303.366	10652.0	333.247	-1.0	0.0	-0.0161276	0.04167	0.379995	0.223333	3.0912	0.00118515	0.0531768	0.0111556	0.0270477	0.00354444	0.03	0.0	1.492	0.0	5.0	0.0	1.733	0.0	0.0390912	0.00298182	3.66049e-05	0.000137318	0.231977	0.0264901	0.380238	0.138046	0.00427683	0.00352717	0.0032289	0.00116284	1.5828	0.116516	0.903868	0.0226264	0.556353	0.383291	0.881439	0.535515	0.677416	0.356856	0.0773181	0.110823	0.26258	0.553952	0.594705	5.67122	-48266.5	4.0	4992.35	-716591.0	7.0	1372.24	1.0	5931.98	285.409	1800.28	179.672	0.232827	0.0213659	1.20786	0.0565428	
0.0-2.4	6.5-8.0	0.0-100.0	0.000-1.571	0.016	0.16	24630.0	24625.0	11121.6	326.809	13503.5	347.877	-1.0	0.0	-0.0410199	0.0368075	0.402886	0.169166	3.09166	0.000990594	0.050835	0.00485118	0.0267197	0.00323824	0.03	0.0	1.492	0.0	5.0	0.0	1.733	0.0	0.0383072	0.00146168	2.57968e-05	9.0559e-05	0.292107	0.0348236	0.307488	0.0880482	0.00439684	0.00310131	0.00334486	0.000882957	1.63221	0.0944826	0.914234	0.0182907	0.5444	0.359882	0.890164	0.47861	0.626935	0.360141	0.0686474	0.102819	0.241431	0.370737	0.491976	3.57102	-55596.9	4.0	14202.5	-942831.0	7.0	853.544	1.0	8450.82	320.905	2670.79	217.882	0.240144	0.0182758	1.18237	0.0398072	
0.0-2.4	6.5-8.5	0.0-100.0	0.000-1.571	0.016	0.16	29402.0	29385.0	13994.3	656.335	15390.9	664.191	-1.0	0.0	-0.0558737	0.0357892	0.406924	0.28922	3.09145	0.000897193	0.0514009	0.0164143	0.0258351	0.00399126	0.03	0.0	1.492	0.0	5.0	0.0	1.733	0.0	0.0383532	0.00454629	2.24999e-05	6.2246e-05	0.314125	0.0418569	0.244453	0.0703637	0.00606182	0.00301279	0.00359884	0.000772438	1.69089	0.0957886	0.947893	0.0164358	0.530071	0.305918	0.886282	0.469737	0.61213	0.260213	0.0619638	0.0824875	0.286194	0.25155	0.383832	1.68185	-20640.2	4.0	64636.1	-1188090.0	7.0	468217.0	1.0	10665.0	563.93	3329.34	303.66	0.237907	0.0186103	1.17379	0.0342479	
0.0-2.4	7.5-8.5	0.0-100.0	0.000-1.571	0.008	0.184	11014.0	11014.0	6262.71	419.169	4751.89	402.122	-1.0	0.0	-0.148143	0.0638372	0.447873	0.44626	3.09165	0.00136483	0.0491246	0.0204845	0.0242157	0.00704731	0.03	0.0	1.492	0.0	5.0	0.0	1.733	0.0	0.0374778	0.00614276	3.64523e-05	0.000133371	0.422399	0.124203	0.180395	0.0713788	0.00786448	0.00437943	0.00378429	0.00112544	1.76532	0.139846	0.934376	0.0270746	0.506763	0.899317	0.908052	0.240879	0.456176	0.857347	0.0458303	0.0786732	0.283455	0.14318	0.324955	0.808378	16684.7	4.0	36802.8	-393705.0	7.0	1184430.0	1.0	4667.0	368.534	1595.71	222.826	0.254796	0.0312265	1.13037	0.0415489	
0.0-2.4	8.0-10.0	0.0-100.0	0.000-1.571	0.008	0.184	13137.0	13137.0	8399.69	471.204	4737.48	449.448	-1.0	0.0	-0.11316	0.0619015	0.415432	0.339767	3.09314	0.000941519	0.0508072	0.0209242	0.0231747	0.00526612	0.03	0.0	1.492	0.0	5.0	0.0	1.733	0.0	0.0372336	0.00600763	2.86287e-05	7.39866e-05	0.350759	0.0532771	0.101319	0.038551	0.00371713	0.00401088	0.00282791	0.000788277	1.94164	0.153292	0.978384	0.0196484	0.601554	1.72817	0.957599	0.156409	0.484896	1.41936	0.0439667	0.126042	0.340931	0.197884	0.609507	4.82819	15084.2	4.0	51438.3	-407684.0	7.0	685494.0	1.0	5982.08	377.443	2417.61	219.64	0.287822	0.0205683	1.11455	0.0288904	
0.0-2.4	8.5-9.5	0.0-100.0	0.000-1.571	0.008	0.12	6123.0	6114.0	3928.23	119.198	2186.05	96.5508	-1.0	0.0	-0.0820589	0.0636466	0.509219	0.0604747	3.09466	0.000960138	0.0430961	0.00154491	0.02275	0.00235634	0.03	0.0	1.492	0.0	5.0	0.0	1.733	0.0	0.0346377	0.000851872	3.2051e-05	0.000103207	0.307022	0.0362026	0.0787498	0.0409311	0.00669735	0.00605873	0.00122865	0.000965435	2.08685	0.243496	0.967426	0.0252445	0.669337	1.53719	0.874792	3.86179	0.445019	1.31844	0.0503495	0.100983	0.265028	0.165261	0.0433553	0.236948	-14308.0	4.0	2339.35	-128471.0	7.0	701.309	1.0	2687.94	116.795	1240.29	91.6787	0.315738	0.0212813	1.0978	0.0381162	
0.0-2.4	9.5-11.0	0.0-100.0	0.000-1.571	0.008	0.136	5289.0	5286.0	3695.0	143.75	1591.9	126.086	-1.0	0.0	-0.165961	0.0805014	0.391254	0.221936	3.09265	0.000996622	0.04856	0.0110206	0.0234855	0.00378918	0.03	0.0	1.492	0.0	5.0	0.0	1.733	0.0	0.0354735	0.00304845	5.20639e-05	9.66049e-05	0.338473	0.0522738	0.492672	0.116015	-0.000315795	0.00154696	0.00102113	0.00110605	1.43747	0.0670787	0.672051	0.0309482	0.961339	0.0719662	0.479896	0.698469	0.188514	1.13087	0.32521	0.576155	0.385343	0.126102	0.0394568	0.059935	-7251.53	4.0	4235.91	-111985.0	7.0	290.115	1.0	2623.69	128.338	1071.31	88.2548	0.289935	0.0210537	1.11676	0.0472572	
0.4-0.8	6.5-30.0	0.0-100.0	0.000-1.571	0.008	0.073	6186.0	6186.0	4089.35	210.789	2096.75	172.909	-1.0	0.0	0.0783824	0.143004	0.545152	0.57678	3.09298	0.00130738	0.0181498	0.00640329	0.0391989	0.028341	0.03	0.0	1.492	0.0	5.0	0.0	1.733	0.0	0.0296392	0.00859107	1.74651e-05	0.000239484	0.476159	0.136867	0.117942	0.0622417	-0.00405725	0.00414574	-0.000640401	0.0011999	1.86917	0.210931	0.961434	0.0348124	0.741915	0.286369	0.865651	0.346187	0.47781	0.22644	0.0684668	0.136869	0.216457	0.0377123	1.62853	16.9617	17512.4	4.0	31021.6	-350322.0	7.0	3366800.0	1.0	2606.41	194.342	1482.94	159.881	0.362635	0.034339	1.10788	0.0438214	
0.8-1.2	6.5-30.0	0.0-100.0	0.000-1.571	0.008	0.105	8673.0	8669.0	4992.37	179.079	3677.31	170.872	-1.0	0.0	0.00344244	0.0553766	0.458469	0.317978	3.09207	0.00206579	0.0291966	0.0177459	0.0348077	0.027474	0.03	0.0	1.492	0.0	5.0	0.0	1.733	0.0	0.0323562	0.00880434	1.45333e-05	7.48505e-05	0.305804	0.036942	0.403107	0.16806	0.0021768	0.00196872	0.00195641	0.00102267	1.46305	0.101114	0.794294	0.0291288	0.522049	0.22655	0.929221	0.248899	0.515945	0.318177	0.0530573	0.0400905	0.22434	0.197865	0.412581	2.22425	-26686.0	4.0	3070.63	-222283.0	7.0	215.973	1.0	3569.0	159.759	1423.37	108.352	0.285109	0.019143	1.1133	0.0632579	
1.2-1.6	6.5-30.0	0.0-10.0	0.000-1.571	0.008	0.136	4638.0	4633.0	1937.16	104.967	2696.52	134.179	-1.0	0.0	-0.0613459	0.0908237	0.588314	0.0	3.09131	0.0	0.0435299	0.0	0.0311904	0.00334833	0.03	0.0	1.492	0.0	5.0	0.0	1.733	0.0	0.0389265	0.000552256	1.03021e-05	0.137313	0.300699	0.0580117	0.0999774	0.0	0.00921681	0.0	0.00241474	0.00137766	2.02628	0.0	0.860858	0.0360378	0.925229	0.443131	0.285156	0.404455	0.280477	0.872068	0.23412	0.824414	0.594971	0.765182	0.0537276	0.0574973	9397.84	4.0	1670.37	-144038.0	4.0	5121.76	1.0	1349.02	100.424	588.141	75.8772	0.303611	0.0355469	1.03801	0.0134496	
1.2-1.6	6.5-30.0	0.0-100.0	0.000-1.571	0.008	0.136	11514.0	11502.0	5999.43	219.536	5503.36	240.56	-1.0	0.0	-0.10712	0.0599023	0.588314	0.164792	3.09131	0.00127515	0.0435299	0.00546422	0.0307933	0.00243606	0.03	0.0	1.492	0.0	5.0	0.0	1.733	0.0	0.0387961	0.0021027	1.03021e-05	0.137313	0.287019	0.0302628	0.0999774	0.0369937	0.00921681	0.0152857	0.0036827	0.000803601	2.02628	0.173102	0.94719	0.0198722	0.529197	132.166	0.580953	80.556	0.346949	70.3155	0.0234738	3.76135	0.487245	2.48655	0.0835641	3.94865	-1104.04	4.0	3803.42	-314907.0	7.0	30622.3	1.0	4375.41	192.905	1624.02	122.92	0.270696	0.017935	1.10361	0.0321611	
1.2-1.6	6.5-30.0	10.0-20.0	0.000-1.571	0.008	0.128	2599.0	2593.0	1340.8	64.0116	1252.32	63.089	-1.0	0.0	-0.105465	0.0759931	0.588314	0.0	3.09131	0.0	0.0435299	0.0	0.0368108	0.00493922	0.03	0.0	1.492	0.0	5.0	0.0	1.733	0.0	0.0408976	0.000915106	1.05393e-05	0.000462059	0.221533	0.0318917	0.0999774	0.0	0.00921681	0.0	0.00285438	0.00167398	2.02628	0.0	1.03758	0.0412084	0.602357	0.16776	0.999999	52.2978	0.63039	0.109238	0.0992986	0.0342746	0.216485	0.0668108	0.124827	68.9557	-6787.82	4.0	168.551	-41644.1	4.0	14.7087	1.0	932.836	64.7448	407.966	50.8713	0.30427	0.03505	1.17449	0.0163825	
1.2-1.6	6.5-30.0	20.0-30.0	0.000-1.571	0.008	0.105	1893.0	1888.0	1120.87	58.9528	767.969	48.1724	-1.0	0.0	-0.0392421	0.0913381	0.588314	0.0	3.09131	0.0	0.0435299	0.0	0.0263632	0.00382356	0.03	0.0	1.492	0.0	5.0	0.0	1.733	0.0	0.0374286	0.000554369	2.15115e-05	5.46744e-05	0.332627	0.0986358	0.0999774	0.0	0.00921681	0.0	0.000483501	0.00169968	2.02628	0.0	0.954939	0.0400566	0.479304	0.842451	0.811811	4.23117	0.335789	0.70913	0.0277686	0.0123703	0.153716	0.0732124	0.0272284	0.019231	-5428.72	4.0	876.178	-33343.0	4.0	98.5173	1.0	831.587	64.6598	289.283	49.9939	0.258088	0.042487	1.10961	0.0155133	
1.2-1.6	6.5-30.0	30.0-40.0	0.000-1.571	0.008	0.12	1173.0	1164.0	657.478	50.5397	507.253	57.4018	-1.0	0.0	-0.15586	0.180698	0.588314	0.0	3.09131	0.0	0.0435299	0.0	0.0282791	0.00474262	0.03	0.0	1.492	0.0	5.0	0.0	1.733	0.0	0.038	0.000726503	1.02701e-05	1.42054	0.2409	0.0842578	0.0999774	0.0	0.00921681	0.0	0.00529349	0.00233333	2.02628	0.0	0.898821	0.0571377	0.907575	1.46545	0.627779	1.48692	0.250411	0.417756	0.0995187	0.079621	0.664359	1.05005	0.0565375	0.2161	477.745	4.0	226.908	-25339.5	4.0	1247.17	1.0	531.283	51.6743	126.194	33.1133	0.191937	0.0481545	1.06658	0.0216683	
1.2-1.6	6.5-30.0	40.0-50.0	0.000-1.571	0.016	0.064	613.0	601.0	437.55	33.8171	164.398	24.346	-1.0	0.0	-0.800217	0.179041	0.588314	0.0	3.09131	0.0	0.0435299	0.0	0.0300553	0.00824913	0.03	0.0	1.492	0.0	5.0	0.0	1.733	0.0	0.0385571	0.00132361	1.70248e-05	0.000290648	0.296002	0.0927128	0.0999774	0.0	0.00921681	0.0	-0.00347995	0.00287155	2.02628	0.0	0.994808	0.0839628	0.588962	7.11166	0.951231	0.61269	5.42402e-05	563.444	0.00590152	0.0776277	0.316742	0.389599	0.106237	0.451486	-1714.61	4.0	98.9858	-8594.87	4.0	21.9405	1.0	324.178	34.848	113.372	25.7569	0.259106	0.0553552	1.1407	0.0329518	
1.2-1.6	6.5-30.0	50.0-100.0	0.000-1.571	0.016	0.073	596.0	591.0	483.871	37.8692	107.811	19.8522	-1.0	0.0	-0.479701	0.216721	0.588314	0.0	3.09131	0.0	0.0435299	0.0	0.0290837	0.00607971	0.03	0.0	1.492	0.0	5.0	0.0	1.733	0.0	0.0382491	0.000951583	1.14193e-05	0.000494472	0.370542	0.162748	0.0999774	0.0	0.00921681	0.0	0.00536092	0.00294414	2.02628	0.0	0.958396	0.0756174	0.85994	9.56272	0.617766	10.995	8.85055e-06	49.0865	0.0211924	0.154397	0.312963	0.164751	0.0200437	4.23909	-1889.09	4.0	430.642	-10309.9	4.0	15.7821	1.0	362.518	40.3862	121.352	30.2702	0.250795	0.0593995	1.11229	0.0293206	
1.6-2.0	6.5-30.0	0.0-100.0	0.000-1.571	0.008	0.16	11939.0	11925.0	6003.63	186.445	5922.36	189.031	-1.0	0.0	-0.190681	0.0373773	0.583623	0.123048	3.09099	0.00132414	0.0531348	0.00542215	0.0335622	0.00137189	0.03	0.0	1.492	0.0	5.0	0.0	1.733	0.0	0.0460083	0.00216097	1.05212e-05	1.333	0.273385	0.0273153	0.352951	0.0860114	0.000933856	0.00217292	0.00443673	0.00106716	1.59661	0.0857668	0.920008	0.0235632	0.715085	0.20252	0.856063	0.287354	0.647363	0.109752	0.0642505	0.0532916	0.235652	0.0494526	0.334272	0.468844	-31109.7	4.0	1252.66	-274962.0	7.0	84.0081	1.0	4624.53	177.295	1379.1	112.436	0.229711	0.0173161	1.20308	0.0369278	
1.6-2.4	3.0-30.0	0.0-100.0	0.000-1.571	0.008	0.264	178794.0	178786.0	35169.1	1612.97	143618.0	2090.95	-1.0	0.0	0.0169229	0.0169025	0.942648	0.0986537	3.08996	0.00147637	0.0523375	0.00499313	0.0169436	0.0102128	0.03	0.0	1.89	0.0	5.0	0.0	1.44	0.0	0.0509762	0.00269354	2.36546e-05	4.62758e-05	0.290839	0.0245317	0.355594	0.0730674	0.00274748	0.0018247	0.00863768	0.000756352	1.59365	0.0691909	0.909973	0.00882874	1.0	24264200.0	0.736704	321559.0	0.778361	329744.0	0.00172285	37275300.0	0.161728	229233.0	0.65448	226370.0	-540401.0	4.0	12807.8	-12150900.0	7.0	163748.0	1.0	28878.3	1414.11	6290.78	573.376	0.178872	0.014089	1.19863	0.030865	
1.6-2.4	3.0-4.5	0.0-100.0	0.000-1.571	0.016	0.264	110493.0	110488.0	15713.0	13421.1	94775.5	14368.9	-1.0	0.0	0.131208	0.158649	1.77455e-07	15.5214	3.08902	0.0148265	0.0408872	39.1035	0.0520032	0.160731	0.03	0.0	1.86	0.0	5.0	0.0	1.38	0.0	0.0520032	0.0803657	4.04496e-05	0.00458068	0.300952	0.0592669	0.108394	0.133316	-0.0499874	0.0991692	0.0092891	0.000823615	1.95905	0.562453	1.00214	0.0102284	0.999169	47259.4	0.826022	832.514	0.716342	1429.3	0.00100048	3438300.0	0.124384	19.0765	1.09229	375.949	-398105.0	4.0	9503.02	-8874540.0	7.0	86.7264	1.0	13421.2	11473.5	2291.84	2015.31	0.145856	0.0304872	1.14518	0.0976538	
1.6-2.4	3.0-5.5	0.0-100.0	0.000-1.571	0.016	0.264	145300.0	145292.0	23275.2	2.28899	122017.0	3.64323	-1.0	0.0	0.067865	4.93085e-05	9.38534e-07	0.0998387	3.08922	5.9693e-06	0.0395511	114.639	0.0508548	5.47819e-06	0.03	0.0	1.86	0.0	5.0	0.0	1.38	0.0	0.0508548	4.19282e-05	7.85643e-05	0.00045627	0.310659	0.0431845	0.03134	0.030385	-0.0499983	0.0727918	0.0108615	0.00062524	2.42154	0.631738	1.07967	0.0083309	0.778153	33.7819	0.816033	6.463	0.72647	11.0282	0.0575084	5.2745	0.150632	1.42642	0.855979	16.826	-478022.0	4.0	12820.7	-10742400.0	7.0	0.804459	1.0	19568.4	501.031	3706.78	501.027	0.159259	0.0215263	1.14583	0.0377123	
1.6-2.4	3.0-6.5	0.0-10.0	0.000-1.571	0.016	0.264	77149.0	77140.0	9891.02	486.235	67249.8	805.752	-1.0	0.0	0.034137	0.018042	0.95	0.0	3.08996	0.0	0.0529555	0.0	0.6	6.35768	0.03	0.0	1.86	0.0	5.0	0.0	1.38	0.0	0.14375	0.66341	1.10324e-05	0.0465138	0.248737	0.0654546	0.306432	0.0	-0.0061124	0.0	0.0157647	0.00108246	1.65457	0.0	0.984586	0.0144353	0.999999	3206.84	0.725268	0.145175	0.824269	0.157819	0.00100149	4657.46	0.292171	0.229845	0.738546	0.380884	-142650.0	4.0	2087150.0	-5634330.0	4.0	1933.54	1.0	8216.46	605.542	1674.56	458.596	0.169301	0.0456118	1.22933	0.00400934	
1.6-2.4	3.0-6.5	0.0-100.0	0.000-1.571	0.016	0.264	162584.0	162575.0	27146.8	2614.73	135429.0	3418.76	-1.0	0.0	0.0308549	0.0274115	0.95	0.126978	3.08996	0.00299991	0.0529555	0.00853118	0.0152397	0.0119349	0.03	0.0	1.86	0.0	5.0	0.0	1.38	0.0	0.051727	0.00443956	1.10324e-05	0.0465138	0.303952	0.0361914	0.306432	0.206303	-0.0061124	0.00979476	0.011414	0.000660131	1.65457	0.203248	0.932049	0.00899401	0.999998	2172.61	0.762607	0.684501	0.78102	2.27293	0.00243799	257403.0	0.15658	1.97611	0.784647	0.164719	-503533.0	4.0	13111.5	-11556300.0	7.0	2408760.0	1.0	22699.5	2243.69	4447.32	661.372	0.163825	0.0185623	1.20058	0.0910678	
1.6-2.4	3.0-6.5	0.0-20.0	0.000-1.571	0.016	0.264	126973.0	126965.0	17298.6	585.531	109667.0	998.441	-1.0	0.0	0.0362422	0.0139937	0.95	0.0	3.08996	0.0	0.0529555	0.0	0.0122888	0.000269032	0.03	0.0	1.86	0.0	5.0	0.0	1.38	0.0	0.0516877	1.59907e-06	1.10324e-05	0.0465138	0.277939	0.0494599	0.306432	0.0	-0.0061124	0.0	0.0141182	0.000800614	1.65457	0.0	0.957247	0.0107638	0.999999	57839.8	0.745339	103.824	0.808876	216.756	0.0010965	467788.0	0.193107	256.581	0.870427	20.0917	-394316.0	4.0	13041.4	-9591010.0	4.0	30356.6	1.0	14676.9	684.103	2621.68	478.613	0.151555	0.0271881	1.21426	0.00294265	
1.6-2.4	3.0-6.5	10.0-20.0	0.000-1.571	0.016	0.209	49824.0	49772.0	8030.56	372.014	41742.2	609.113	-1.0	0.0	0.0409714	0.0224751	0.95	0.0	3.08996	0.0	0.0529555	0.0	0.0114569	0.00333398	0.03	0.0	1.86	0.0	5.0	0.0	1.38	0.0	0.0516782	1.84783e-05	2.44459e-05	0.000226863	0.260564	0.050934	0.306432	0.0	-0.0061124	0.0	0.0135335	0.001224	1.65457	0.0	0.916652	0.0166646	0.58776	16.3849	0.881758	3.28587	0.660139	8.97649	0.0125468	0.360162	0.127754	0.0425028	0.646302	0.860956	-264722.0	4.0	1302.25	-3361530.0	4.0	1219.08	1.0	6891.36	402.696	1139.2	251.066	0.141858	0.0305653	1.19233	0.00444283	
1.6-2.4	3.0-6.5	20.0-30.0	0.000-1.571	0.016	0.192	19540.0	19536.0	4112.8	221.221	15423.9	317.358	-1.0	0.0	-0.000620535	0.030341	0.95	0.0	3.08996	0.0	0.0529555	0.0	0.0571699	0.0518431	0.03	0.0	1.86	0.0	5.0	0.0	1.38	0.0	0.0531742	0.00139347	3.37661e-05	0.00022371	0.292197	0.0585991	0.306432	0.0	-0.0061124	0.0	0.00558988	0.00158823	1.65457	0.0	0.884091	0.0218519	0.494663	48.6314	0.89386	7.8804	0.443663	47.5401	0.00596689	0.478302	0.100873	0.0586814	0.503825	0.614791	-65569.0	4.0	988.145	-804204.0	4.0	155.633	1.0	3284.31	238.178	828.498	165.852	0.201444	0.0388428	1.17516	0.00570099	
1.6-2.4	3.0-6.5	20.0-40.0	0.000-1.571	0.016	0.192	29150.0	29139.0	6829.54	260.197	22310.3	372.299	-1.0	0.0	0.0104373	0.0251174	0.95	0.0	3.08996	0.0	0.0529555	0.0	0.0262995	0.0211869	0.03	0.0	1.86	0.0	5.0	0.0	1.38	0.0	0.0519486	0.000268152	3.37661e-05	0.00022371	0.316208	0.0558009	0.306432	0.0	-0.0061124	0.0	0.00447029	0.00128825	1.65457	0.0	0.883137	0.0177419	0.824568	14.5277	0.844906	0.0320093	0.650491	3.04659	0.00100388	9.65642	0.106266	0.367044	0.441087	2.29077	-97989.3	4.0	1865.92	-1259690.0	4.0	255.803	1.0	5533.25	295.855	1296.29	213.373	0.189807	0.0303943	1.17466	0.00462568	
1.6-2.4	3.0-6.5	30.0-40.0	0.000-1.571	0.016	0.152	9609.0	9521.0	2904.37	156.589	6617.02	202.614	-1.0	0.0	0.0439394	0.0458711	0.95	0.0	3.08996	0.0	0.0529555	0.0	0.599959	0.908597	0.03	0.0	1.86	0.0	5.0	0.0	1.38	0.0	0.143742	0.0948092	2.09228e-05	0.00043611	0.364923	0.119369	0.306432	0.0	-0.0061124	0.0	0.00722427	0.00219484	1.65457	0.0	0.881788	0.0306038	0.995142	139621.0	0.767066	6039.85	0.744284	8344.84	0.00102222	192979.0	0.152104	1621.95	0.140502	5052.78	-39137.4	4.0	890.888	-359702.0	4.0	143.504	1.0	2418.07	188.336	486.305	138.426	0.167439	0.0467984	1.17396	0.00797163	
1.6-2.4	3.0-6.5	40.0-100.0	0.000-1.571	0.016	0.168	6460.0	6457.0	3195.53	130.257	3261.82	131.329	-1.0	0.0	-0.00551471	0.0600221	0.95	0.0	3.08996	0.0	0.0529555	0.0	0.599996	0.797933	0.03	0.0	1.86	0.0	5.0	0.0	1.38	0.0	0.143749	0.0832624	3.29575e-05	0.000302831	0.316839	0.0697652	0.306432	0.0	-0.0061124	0.0	0.00714878	0.00213068	1.65457	0.0	0.812537	0.0307742	0.998621	232.72	0.782175	3.4903	0.76251	4.0216	0.00102151	204.034	0.218492	2.15434	0.28609	2.12622	-22047.9	4.0	985.599	-189515.0	4.0	66.5595	1.0	2594.5	151.622	601.038	111.376	0.188087	0.034	1.13877	0.00761472	
1.6-2.4	3.0-6.5	40.0-50.0	0.000-1.571	0.016	0.145	3742.0	3718.0	1610.66	94.056	2107.29	103.836	-1.0	0.0	0.0110549	0.0732673	0.95	0.0	3.08996	0.0	0.0529555	0.0	0.599999	0.790524	0.03	0.0	1.86	0.0	5.0	0.0	1.38	0.0	0.14375	0.0824894	2.68027e-05	0.46819	0.283619	0.0720929	0.306432	0.0	-0.0061124	0.0	0.0112282	0.00283564	1.65457	0.0	0.825788	0.0461966	0.527575	32.9685	0.850068	13.3652	0.795509	37.2613	0.00100272	1.88674	0.260161	0.159168	0.242494	0.235333	-12407.9	4.0	370.809	-99554.2	4.0	57.6797	1.0	1262.31	104.204	348.354	76.4111	0.21628	0.0457287	1.14536	0.0115504	
1.6-2.4	3.0-6.5	50.0-100.0	0.000-1.571	0.016	0.168	2717.0	2717.0	1507.8	84.9508	1209.98	77.3296	-1.0	0.0	0.00552229	0.0976429	0.95	0.0	3.08996	0.0	0.0529555	0.0	0.0122284	0.00681586	0.03	0.0	1.86	0.0	5.0	0.0	1.38	0.0	0.051687	4.03134e-05	3.29575e-05	0.000302831	0.352649	0.124068	0.306432	0.0	-0.0061124	0.0	0.00350012	0.00342719	1.65457	0.0	0.830985	0.0443785	0.996623	21.9155	0.764104	1.11071	0.675971	1.4636	0.0010006	27.0022	0.192141	0.100196	0.267825	0.307544	-10354.3	4.0	596.684	-73427.9	4.0	34.9694	1.0	1234.03	103.665	273.779	78.425	0.181575	0.0509967	1.14796	0.0111403	
1.6-2.4	4.5-5.5	0.0-100.0	0.000-1.571	0.016	0.192	34806.0	34760.0	7576.22	2139.76	27183.8	2171.65	-1.0	0.0	-0.152741	0.0822432	0.119141	8.2253	3.08947	0.00267157	0.0337275	0.290293	0.051491	0.0665534	0.03	0.0	1.86	0.0	5.0	0.0	1.38	0.0	0.0497089	0.0325512	6.47859e-05	0.000417763	0.314524	0.0540458	0.0136624	0.0217837	-0.0499998	0.085235	0.010283	0.000961281	3.0708	1.57081	1.16733	0.0138659	0.873169	206.737	0.526183	4.67988	0.811524	11.3486	0.00119975	318.298	0.322825	6.37093	0.221537	0.304923	-86906.2	4.0	4341.64	-1430360.0	7.0	358.568	1.0	6008.77	1711.59	1567.46	495.472	0.206892	0.0293693	1.21362	0.0457264	
1.6-2.4	5.5-6.5	0.0-100.0	0.000-1.571	0.016	0.168	17283.0	17249.0	5047.8	1620.22	12201.5	1897.26	-1.0	0.0	-0.213816	0.163512	1.0	17.9913	3.09285	0.0107702	0.0500215	0.0331883	0.0198713	0.0531151	0.03	0.0	1.86	0.0	5.0	0.0	1.38	0.0	0.0500215	0.0165941	1.17885e-05	0.00076077	0.27374	0.0520151	0.629091	0.0991769	-0.00318596	0.00445285	0.0126554	0.00172007	1.49269	0.0754044	0.669955	0.0258394	0.838618	0.126981	0.333882	1.91808	0.438779	3.25049	0.193844	0.102949	0.307707	0.0767817	0.0326076	0.144637	-31824.3	4.0	3844.71	-563080.0	7.0	5.33687	1.0	4073.75	1315.77	974.049	345.333	0.192965	0.0290532	1.25227	0.0452432	
1.6-2.4	6.5-30.0	0.0-10.0	0.000-1.571	0.008	0.184	6362.0	6362.0	2687.92	111.855	3674.32	124.595	-1.0	0.0	-0.188788	0.0497623	0.724034	0.0	3.0908	0.0	0.054952	0.0	0.0299088	0.00518011	0.03	0.0	1.492	0.0	5.0	0.0	1.733	0.0	0.0493279	0.000433382	3.57761e-05	7.18959e-05	0.305477	0.0534393	0.337019	0.0	0.00343684	0.0	0.00325667	0.00169083	1.60396	0.0	1.01403	0.0371623	0.96444	128.087	0.449032	10.126	0.649796	19.6685	0.00107378	124.308	0.328801	6.91544	0.128466	7.20936	-15255.0	4.0	556.109	-155374.0	4.0	34.0186	1.0	2157.22	114.778	530.704	74.853	0.19744	0.0266082	1.24449	0.0100376	
1.6-2.4	6.5-30.0	0.0-100.0	0.000-1.571	0.008	0.152	16210.0	16191.0	8250.26	246.751	7941.26	245.598	-1.0	0.0	-0.206192	0.0339781	0.724034	0.118819	3.0908	0.00120604	0.054952	0.00429433	0.0294712	0.00216624	0.03	0.0	1.492	0.0	5.0	0.0	1.733	0.0	0.0492552	0.00217331	1.37144e-05	0.000327844	0.262089	0.0212711	0.337019	0.0765519	0.00343684	0.00197833	0.00325715	0.00087828	1.60396	0.0792233	0.88264	0.0193075	0.753442	0.30563	0.844063	0.381	0.646611	0.126291	0.0662917	0.100224	0.227593	0.0458539	0.27781	0.390816	-47140.0	4.0	1286.66	-399014.0	7.0	30.9337	1.0	6329.64	225.399	1920.62	135.155	0.232795	0.0148287	1.17624	0.0347292	
1.6-2.4	6.5-30.0	10.0-20.0	0.000-1.571	0.008	0.16	4094.0	4094.0	1992.06	89.3683	2102.16	90.0531	-1.0	0.0	-0.174471	0.0614664	0.724034	0.0	3.0908	0.0	0.054952	0.0	0.0313711	0.00964702	0.03	0.0	1.492	0.0	5.0	0.0	1.733	0.0	0.049578	0.000842288	3.34301e-05	6.81326e-05	0.226516	0.0334145	0.337019	0.0	0.00343684	0.0	0.00295796	0.00185489	1.60396	0.0	0.883632	0.0388966	0.575084	1.84274	0.851111	0.483961	0.438095	1.57422	0.0186545	0.0531168	0.134069	0.0321228	0.274911	0.145217	-13321.6	4.0	157.94	-82132.2	4.0	7.4464	1.0	1516.62	92.5737	475.441	66.2988	0.238668	0.0315121	1.17673	0.00968225	
1.6-2.4	6.5-30.0	20.0-30.0	0.000-1.571	0.008	0.152	2556.0	2556.0	1436.66	68.4779	1119.74	61.8881	-1.0	0.0	-0.275107	0.0799283	0.724034	0.0	3.0908	0.0	0.054952	0.0	0.0239545	0.00347235	0.03	0.0	1.492	0.0	5.0	0.0	1.733	0.0	0.0484225	0.000237022	1.37144e-05	0.000327844	0.288871	0.0529623	0.337019	0.0	0.00343684	0.0	0.00416227	0.00180474	1.60396	0.0	0.785886	0.0420376	0.231257	6.5333	0.896846	2.77566	0.18784	15.3956	0.00148268	0.251169	0.206166	0.0949813	0.356873	0.377881	-7655.17	4.0	291.416	-47587.2	4.0	4.00604	1.0	1076.24	69.8297	360.427	50.3965	0.250878	0.0329778	1.12983	0.00969295	
1.6-2.4	6.5-30.0	30.0-40.0	0.000-1.571	0.008	0.12	1574.0	1572.0	974.419	55.3876	597.63	45.5669	-1.0	0.0	-0.250203	0.111024	0.724034	0.0	3.0908	0.0	0.054952	0.0	0.0259896	0.00473503	0.03	0.0	1.492	0.0	5.0	0.0	1.733	0.0	0.0487113	0.000348594	2.16233e-05	4.66746e-05	0.219057	0.0414494	0.337019	0.0	0.00343684	0.0	0.000725096	0.00236339	1.60396	0.0	0.780273	0.0503968	0.997746	83.6184	0.997296	93.0187	0.729977	1.79585	0.00208379	99.8396	0.27363	0.583106	0.0223636	369.56	-5307.06	4.0	170.774	-27334.5	4.0	4.17521	1.0	668.053	59.009	306.366	48.4081	0.314409	0.0463531	1.12725	0.0115638	
1.6-2.4	6.5-30.0	40.0-50.0	0.000-1.571	0.008	0.136	859.0	858.0	562.026	39.0173	296.635	30.7418	-1.0	0.0	-0.388092	0.139774	0.724034	0.0	3.0908	0.0	0.054952	0.0	0.0297754	0.00647805	0.03	0.0	1.492	0.0	5.0	0.0	1.733	0.0	0.0493056	0.000539797	2.39456e-05	0.218028	0.24059	0.0583389	0.337019	0.0	0.00343684	0.0	0.000547749	0.00245454	1.60396	0.0	0.610734	0.0682725	0.654681	2.34189	0.978101	29.5683	0.326142	7.85863	0.0415343	0.100519	0.255292	0.145553	0.0218604	75.1154	-2855.8	4.0	43.1438	-12255.5	4.0	1.46388	1.0	426.124	39.4535	135.902	27.7571	0.241808	0.0464472	1.05562	0.0130937	
1.6-2.4	6.5-30.0	50.0-100.0	0.000-1.571	0.008	0.088	763.0	747.0	588.071	39.1845	159.045	24.0924	-1.0	0.0	-0.126432	0.208782	0.724034	0.0	3.0908	0.0	0.054952	0.0	0.0461173	0.0101478	0.03	0.0	1.492	0.0	5.0	0.0	1.733	0.0	0.0526622	0.0012262	2.43092e-05	6.66999e-05	0.220626	0.058285	0.337019	0.0	0.00343684	0.0	0.00429765	0.00318324	1.60396	0.0	0.752421	0.0664052	0.728766	2.56562	0.977137	22.5363	0.215865	3.35966	0.0488404	0.0605287	0.230192	0.537859	0.0373874	0.387178	-3010.73	4.0	37.7719	-10820.0	4.0	1.12698	1.0	465.899	41.3366	122.172	28.4826	0.20775	0.0464135	1.11462	0.0148596	
2.0-2.4	6.5-30.0	0.0-100.0	0.000-1.571	0.008	0.152	4271.0	4269.0	2319.87	108.624	1949.56	103.163	-1.0	0.0	-0.241986	0.0685607	0.856732	0.0932729	3.09098	0.00255968	0.0617805	0.00459535	0.0232487	0.00777226	0.03	0.0	1.492	0.0	5.0	0.0	1.733	0.0	0.057857	0.00249239	1.78875e-05	0.00273266	0.233861	0.0310154	0.349037	0.147135	0.00999999	0.0029756	0.000255084	0.0016405	1.55328	0.141848	0.761745	0.0355977	0.826779	0.0865175	1.0	228.951	0.645877	0.0608894	0.132519	0.0620222	0.198807	0.0387099	0.327846	864.16	-16313.5	4.0	118.031	-98026.3	7.0	4.09901	1.0	1763.89	105.03	555.983	69.9127	0.239662	0.0279693	1.10446	0.0707132	
