rap0.0-1.2_pT6.5-30.0_cent0.0-100.0
5853.53
1576.99 1498.03 1424.57 1351.53
42.6798 41.7647 40.4884 39.6857
2947.3
735.847 811.909 696.403 702.469
31.3145 32.5295 30.1857 30.4288
4157.43
1100.27 1081.21 1012.81 942.537
39.6897 39.553 38.4015 38.5386
1696.1
476.725 416.821 411.761 408.991
29.2408 28.1218 27.9826 29.3849
0.289757
0.3023 0.278246 0.289043 0.302614
0.0166396 0.0170947 0.0178425 0.0198433
rap0.0-1.2_pT6.5-30.0_cent10.0-60.0
3864.12
1024.95 1013.84 921.458 898.967
34.2667 34.1582 32.2553 32.0581
1659.76
452.025 465.159 360.52 381.028
24.5225 24.8617 21.897 22.5786
2791.56
726.188 763.762 664.376 632.559
31.9378 32.3077 30.2346 30.602
1072.56
298.759 250.08 257.082 266.408
23.0293 21.2747 21.3134 22.7572
0.277568
0.291487 0.246665 0.278995 0.296349
0.0202454 0.0192684 0.0209672 0.0230034
rap0.0-2.4_pT10.0-13.0_cent10.0-60.0
2691.91
695.142 691.182 654.955 473.591
28.39 28.2646 27.7172 23.3838
945.091
232.842 244.779 239.055 147.405
18.5386 18.7739 18.7712 14.853
1892.65
485.159 511.714 486.293 316.759
26.2022 26.077 26.1088 21.3953
799.26
209.982 179.468 168.662 156.832
19.1702 17.2044 17.5811 16.526
0.296912
0.302071 0.259654 0.257516 0.331156
0.0246641 0.0225129 0.0245315 0.0308272
rap0.0-2.4_pT10.0-30.0_cent0.0-100.0
466.108
1796.74 437.57 414.433 1149.06
46.3932 22.4298 21.9456 36.4126
141.905
570.294 125.428 147.557 359.953
30.4287 13.8181 14.6549 23.1686
334.118
1267.99 313.494 297.411 769.942
43.5312 21.7031 21.1959 33.3696
131.99
528.757 124.076 117.022 379.118
31.7716 15.9136 15.4803 25.7404
0.283174
0.294286 0.283556 0.282367 0.329938
0.015967 0.0333372 0.0342298 0.0198116
rap0.0-2.4_pT10.0-30.0_cent10.0-60.0
1115.21
4393.81 1059.08 1073.08 769.617
74.4289 34.922 35.2713 29.7234
396.704
1445.1 333.893 345.919 225.396
50.9014 22.2336 22.736 18.4194
822.227
2970.22 720.993 735.446 519.712
68.914 33.7299 32.9714 27.3571
292.988
1423.59 338.084 337.637 249.905
52.9071 26.3965 25.0184 20.9449
0.262719
0.323999 0.319225 0.314642 0.324713
0.0107178 0.0225923 0.0208952 0.024153
rap0.0-2.4_pT13.0-30.0_cent0.0-100.0
744.483
2920.79 699.557 705.493 455.641
59.1851 28.2612 28.5123 22.8164
234.511
887.281 200.416 219.513 122.35
38.3332 17.307 18.0827 13.6863
529.423
2019.22 494.586 470.108 289.725
55.2924 27.0291 27.3466 20.3937
215.059
901.569 204.971 235.385 165.915
41.435 19.9978 21.8486 16.5664
0.288871
0.308673 0.293001 0.333647 0.364136
0.0127329 0.0260206 0.0278795 0.0314555
rap0.0-2.4_pT13.0-30.0_cent10.0-60.0
423.593
1703.72 400.967 416.887 296.304
46.0799 21.2468 21.7517 18.3154
149.344
498.333 116.033 105.107 75.6724
30.2962 12.903 12.7027 10.7159
307.906
1077.59 263.713 248.979 200.097
42.1906 20.2181 19.5855 16.9381
115.687
626.133 137.255 167.908 96.2068
34.8911 16.3217 17.0758 13.0108
0.273109
0.367509 0.342309 0.402766 0.324689
0.0179054 0.0364412 0.0351583 0.0390553
rap0.0-2.4_pT6.5-10.0_cent0.0-100.0
277.313
1121.07 257.056 286.038 2100.3
36.575 16.9967 18.0525 52.817
92.649
316.868 72.9245 71.9554 2063.66
23.0971 10.2355 10.5743 52.4695
193.68
749.716 180.895 169.235 1607.02
34.0013 16.095 16.8058 51.7867
83.6331
371.35 76.1615 116.803 493.275
26.5443 11.889 14.9231 34.6781
0.301583
0.331247 0.296283 0.408347 0.23486
0.0210676 0.0418966 0.0453619 0.0154185
rap0.0-2.4_pT6.5-10.0_cent10.0-60.0
1990.98
7826.82 1916.78 1817.68 1423.62
119.638 49.7846 48.3279 42.9103
1900.82
7013.26 1616.22 1453.28 1228.36
116.17 46.6691 44.3979 40.5712
1506.38
5975.28 1486.03 1374.37 1094.99
110.19 48.3199 47.2893 42.101
484.608
1851.54 430.746 443.305 328.63
67.8272 31.1491 32.2478 27.9518
0.243401
0.236564 0.224724 0.243885 0.230842
0.00787552 0.0151664 0.0165138 0.0183601
rap0.0-2.4_pT6.5-30.0_cent0.0-10.0
1367.05
5243.54 1247.49 1206.83 936.751
82.4068 39.5336 38.7935 35.2134
1036.89
3883.81 845.492 769.162 953.173
73.6964 34.0732 32.669 35.4458
1036.99
3976.49 946.189 896.65 646.7
80.5538 38.2182 37.9741 33.5399
330.06
1267.05 301.297 310.184 290.051
54.5889 25.5476 26.659 25.5505
0.241439
0.241641 0.241523 0.257023 0.309635
0.00969333 0.0189952 0.0204868 0.0246674
rap0.0-2.4_pT6.5-30.0_cent0.0-100.0
883.901
3581.68 902.351 860.212 3225.47
69.8611 34.337 33.4404 63.7158
1014.21
3652.17 878.85 807.044 2450.52
70.3633 33.9933 32.6368 57.3129
623.874
2569.09 660.609 631.999 2345.42
67.1956 33.6122 33.1909 61.2135
260.027
1012.59 241.742 228.213 880.049
48.9315 24.1347 24.0151 43.6202
0.294181
0.282714 0.267903 0.265299 0.272843
0.0124993 0.0247274 0.0259428 0.0124032
rap0.0-2.4_pT6.5-30.0_cent10.0-20.0
3082.77
12121.4 2948.91 2866.15 784.353
139.43 60.4294 59.4541 31.6842
2322.19
8584.09 1978.02 1825.7 662.642
126.102 51.7778 49.9432 29.7019
2247.75
8876.38 2189.32 2081.73 542.196
127.909 58.7377 57.3844 29.8357
835.012
3245.03 759.589 784.421 242.157
85.6095 40.9834 41.1461 22.4978
0.270864
0.267711 0.257583 0.273684 0.308735
0.00635598 0.0128564 0.0131856 0.02583
rap0.0-2.4_pT6.5-30.0_cent10.0-30.0
707.206
2841.73 689.622 662.283 1381.02
60.9728 29.6191 28.7893 41.8018
598.725
2288.99 542.307 472.66 1081.98
56.2579 27.018 25.2827 38.057
544.808
2034.71 508.608 440.624 1034.51
58.4662 28.3088 27.8222 38.9378
162.398
807.027 181.014 221.658 346.507
42.5699 19.6124 22.3617 25.4092
0.229633
0.283991 0.262483 0.334688 0.250907
0.013685 0.0261094 0.0304693 0.0167583
rap0.0-2.4_pT6.5-30.0_cent10.0-60.0
1279.2
5070.38 1217.45 1192.35 2176.77
80.4399 38.77 38.3645 51.8503
984.794
3657.86 816.517 770.619 1473.14
71.1199 33.2003 32.4056 44.5523
938.403
3686.84 898.82 828.935 1602.08
77.0089 36.8552 37.0451 49.9413
340.797
1383.54 318.629 363.418 574.69
54.6901 25.3373 28.2438 35.0034
0.266414
0.272867 0.261718 0.304791 0.264011
0.00987939 0.0190701 0.021562 0.0147998
rap0.0-2.4_pT6.5-30.0_cent20.0-30.0
1931.63
2094.47 1900.16 597.768 2226.36
50.5796 47.9069 27.278 52.4572
1062.38
1289.49 1006.78 416.231 1367.45
41.8746 37.4395 23.7184 43.5091
1432.87
1554.64 1352.98 473.184 1650.37
49.8444 46.3592 26.1951 50.1007
498.767
539.838 547.177 124.584 575.986
35.2836 34.2914 15.8824 34.3823
0.25821
0.257744 0.287964 0.208416 0.258713
0.015654 0.0165218 0.024809 0.0141894
rap0.0-2.4_pT6.5-30.0_cent30.0-60.0
526.07
573.04 529.516 794.418 3031.92
26.4228 25.3297 30.6069 59.7317
273.866
373.874 293.44 388.566 1175.47
22.3376 20.1379 23.0424 41.3675
387.003
398.909 388.153 584.602 2247.76
25.3809 24.5069 29.9122 58.7407
139.068
174.131 141.363 209.816 784.16
19.244 17.3655 21.2789 41.5711
0.264352
0.303872 0.266967 0.264113 0.258635
0.0305197 0.0302065 0.0247774 0.0127292
rap0.0-2.4_pT6.5-8.0_cent0.0-100.0
714.411
816.429 706.69 1025.49 3902.12
30.7225 28.6112 38.5416 92.7168
243.586
303.539 234.302 1404.56 4746.94
20.7596 18.6075 43.179 97.1596
533.754
611.969 521.919 819.801 3102.22
30.7202 27.7829 38.0237 85.5245
180.657
204.46 184.771 205.694 799.902
21.7396 19.5282 23.5851 47.3542
0.252875
0.250433 0.26146 0.20058 0.204992
0.0249043 0.0255254 0.0217282 0.0111151
rap0.0-2.4_pT6.5-8.0_cent10.0-60.0
1009.4
953.342 914.557 692.555 2632.75
37.1213 35.4276 31.1011 60.5465
1073.6
1300.74 960.317 824.503 2579.08
41.5367 36.0674 33.154 60.0996
793.637
760.863 730.467 548.22 2060.38
36.4838 34.3517 30.5855 59.6665
215.762
192.479 184.09 144.335 572.376
22.5723 20.7414 19.2711 38.5769
0.213753
0.2019 0.201289 0.208409 0.217406
0.0223338 0.0212967 0.026205 0.0137733
rap0.0-2.4_pT8.0-10.0_cent0.0-100.0
653.802
674.052 612.934 1073.85 3920.42
30.2364 28.4777 36.1633 76.6428
546.181
680.031 522.998 656.154 2293.9
30.3341 26.8524 29.8345 65.1663
509.524
536.512 464.889 790.593 2869.89
30.6493 27.7365 34.6944 71.0801
144.278
137.54 148.046 283.253 1050.53
19.9559 18.7108 24.2041 48.2324
0.220675
0.204049 0.241536 0.263775 0.267964
0.0281555 0.0283891 0.0207154 0.0111318
rap0.0-2.4_pT8.0-10.0_cent10.0-60.0
908.837
1038.0 903.482 728.405 2606.77
35.3863 32.9224 29.5387 56.0244
541.16
590.973 491.496 403.578 1307.99
28.3757 25.9208 23.4036 42.8946
693.616
746.596 653.272 545.412 1913.72
34.8286 32.5088 28.8562 54.2322
215.221
291.407 250.209 182.993 693.049
25.7665 23.9433 19.9636 38.3583
0.236809
0.280738 0.276939 0.251224 0.265865
0.022904 0.0245045 0.0254435 0.0135602
rap1.2-1.6_pT6.5-30.0_cent0.0-100.0
594.954
691.392 593.292 775.968 2904.42
28.6977 26.3234 31.807 73.5705
295.022
357.576 245.7 676.032 2351.14
22.1302 18.5831 30.1953 69.6915
436.968
496.969 431.346 574.214 2162.89
28.2172 25.9488 31.6562 67.4733
157.985
194.423 161.945 201.754 741.53
20.8766 18.9394 22.7268 43.6328
0.265542
0.281205 0.272961 0.260002 0.255311
0.0278478 0.029536 0.0272805 0.0135596
rap1.2-1.6_pT6.5-30.0_cent10.0-60.0
703.992
743.583 680.671 540.188 1951.61
31.3999 29.2923 26.2616 50.3765
528.981
681.415 463.323 419.809 1308.22
30.394 25.3122 23.8599 43.5272
540.923
533.974 501.507 409.46 1462.84
30.9096 28.5056 26.213 49.7488
163.069
209.609 179.163 130.729 488.776
22.9196 20.1551 18.2005 34.7609
0.231635
0.281891 0.263216 0.242006 0.250447
0.0284319 0.0273584 0.031572 0.0165968
rap1.2-2.4_pT6.5-30.0_cent0.0-100.0
467.303
491.918 452.475 1658.85 6328.1
25.0549 23.4965 47.8124 115.307
276.693
368.047 235.522 1702.19 5533.91
22.4471 18.307 48.2635 111.807
364.37
351.622 334.782 1258.54 4805.35
25.5363 22.9623 47.5612 104.831
102.933
140.296 117.693 400.31 1522.75
19.5556 16.1983 32.8535 63.9736
0.22027
0.285202 0.26011 0.241318 0.240633
0.0370048 0.0331533 0.0185434 0.00910909
rap1.2-2.4_pT6.5-30.0_cent10.0-60.0
1545.7
1596.61 1528.08 1159.29 4271.92
46.4784 44.5318 39.2424 75.5799
1259.16
1497.19 1108.79 1010.7 3139.16
45.3959 39.5446 37.3007 67.6726
1209.8
1188.15 1147.14 890.746 3196.03
46.5715 43.2537 38.988 74.891
335.905
408.458 380.934 268.541 1075.9
33.3761 29.6061 26.3352 52.6657
0.217316
0.255828 0.24929 0.231643 0.251853
0.0195328 0.0179612 0.0213205 0.0114949
rap1.6-2.4_pT3.0-6.5_cent0.0-100.0
1020.26
1085.85 1008.61 1774.9 6369.85
37.5143 35.7927 65.0931 143.423
689.735
818.013 616.371 6995.86 25665.2
33.7586 29.8146 97.2471 199.66
784.565
796.871 732.976 1550.84 5462.27
38.6568 34.8973 66.8455 140.858
235.695
288.981 275.635 224.056 907.589
28.9153 25.2371 36.0688 71.6418
0.231015
0.266133 0.273282 0.126236 0.142482
0.0249914 0.0230659 0.0197872 0.0107798
rap1.6-2.4_pT3.0-6.5_cent10.0-60.0
1487.5
1570.97 1797.27 1276.91 4306.37
62.4719 63.3289 51.9476 110.634
6185.28
6657.83 6640.07 3819.37 13653.2
94.8103 96.3635 72.3933 146.897
1258.86
1312.89 1531.62 1137.49 3697.32
62.9562 65.958 52.9409 108.457
228.643
258.079 265.653 139.421 609.05
36.6474 39.0577 26.3339 54.6383
0.15371
0.16428 0.147809 0.109187 0.14143
0.0223944 0.0210983 0.0201392 0.0121564
rap1.6-2.4_pT6.5-30.0_cent0.0-100.0
951.393
1070.01 1010.68 882.831 3419.61
49.0587 46.1054 35.6856 92.3317
3257.61
3643.99 2929.5 1025.17 3217.44
70.5736 63.5954 37.6272 91.2275
797.712
855.697 901.99 682.648 2635.85
48.8302 46.5294 35.3756 83.1639
153.68
214.316 108.685 200.182 783.762
30.6879 22.2814 23.5688 47.9473
0.161532
0.200293 0.107537 0.226751 0.229196
0.0271699 0.0214934 0.0250742 0.0125817
rap1.6-2.4_pT6.5-30.0_cent10.0-60.0
843.074
849.286 845.63 618.369 2314.34
34.1195 33.4247 29.1022 56.1044
727.747
818.669 644.254 590.585 1832.35
33.668 30.2617 28.6209 51.6298
671.978
651.57 649.282 479.333 1720.7
34.738 32.4215 28.6097 54.2945
171.096
197.717 196.347 139.036 593.64
24.179 21.278 18.7732 37.6165
0.202943
0.232803 0.232191 0.224843 0.256505
0.0268897 0.0234289 0.0284554 0.0150172
