v2noW_TnPAtRD3_4DEff2_RapPtEffMap3_Ratio
rap	pT	cent	dPhi	ctauErrMin	ctauErrMax	NoCutEntry	CutEntry	NSig	NSigErr	NBkg	NBkgErr	coefExp	coefExpErr	coefPol1	coefPol1Err	coeffGaus	coeffGausErr	meanSig1	meanSig1Err	sigmaSig1	sigmaSig1Err	sigmaSig2	sigmaSig2Err	sigmaSig3	sigmaSig3Err	alpha	alphaErr	enne	enneErr	enneW	enneWErr	sigWidth	sigWidthErr	Gmc	GmcErr	bTau	bTauErr	fracRes	fracResErr	meanResSigW	meanResSigWErr	meanResSigN	meanResSigNErr	sigmaResSigW	sigmaResSigWErr	sigmaResSigN	sigmaResSigNErr	fpm	fpmErr	fLiving	fLivingErr	fbkgCtTot	fbkgCtTotErr	lambdam	lambdamErr	lambdap	lambdapErr	lambdasym	lambdasymErr	NLL	nFitPar	EDM	NLLMass	nFitParMass	EDMMass	Prob	PROMPT	PROMPTErr	NON-PROMPT	NON-PROMPTErr	Bfraction	BfractionErr	Resolution	ResolutionErr	
0.0-1.2	6.5-30.0	0.0-100.0	0.000-0.393	0.008	0.088	2315.0	2313.0	1576.99	42.6798	735.847	31.3145	0.19095	0.145263	-0.05	0.0	0.574527	0.0	3.09295	0.0	0.0208582	0.0	0.036069	0.0	0.03	0.0	1.492	0.0	5.0	0.0	1.733	0.0	0.0283458	0.0	3.25814e-05	0.000295869	0.205426	0.0116476	0.501962	0.181306	-0.00129914	0.00300691	0.000456835	0.00119154	1.52034	0.12883	0.719761	0.0341658	0.998185	5.04984	0.513922	0.420849	0.505956	0.0926156	0.0707624	8.61166e-07	0.169281	0.0339741	0.0804124	0.023703	-4900.0	4.0	6.43241e-05	-17918.4	3.0	3.87535e-05	1.0	1100.27	39.6897	476.725	29.2408	0.3023	0.0166396	1190.91	79.9328	
0.0-1.2	6.5-30.0	0.0-100.0	0.000-1.571	0.008	0.105	8803.0	8801.0	5853.53	88.3771	2947.3	70.0211	-0.132061	0.0758139	-0.05	0.0	0.574527	0.0751679	3.09295	0.000408352	0.0208582	0.00086806	0.036069	0.00302034	0.03	0.0	1.492	0.0	5.0	0.0	1.733	0.0	0.0283458	0.00101572	1.16782e-05	0.000130175	0.19476	0.00597029	0.282557	0.19576	0.00228371	0.00264771	-0.00109523	0.000515647	1.58042	0.170805	0.839622	0.0154215	0.695525	0.0293789	0.984933	0.00966846	0.451578	0.028352	0.0705652	2.82281e-09	0.151974	0.00854102	0.539821	0.227602	-18489.8	4.0	7.94339e-05	-79626.0	7.0	0.000105694	1.0	4157.43	81.0773	1696.1	57.3526	0.289757	0.00876705	1100.69	87.0187	
0.0-1.2	6.5-30.0	0.0-100.0	0.393-0.785	0.008	0.096	2311.0	2310.0	1498.03	41.7647	811.909	32.5295	-0.218642	0.137847	-0.05	0.0	0.574527	0.0	3.09295	0.0	0.0208582	0.0	0.036069	0.0	0.03	0.0	1.492	0.0	5.0	0.0	1.733	0.0	0.0283458	0.0	2.67292e-05	0.00233575	0.19695	0.012017	0.127168	0.584266	0.00999903	0.0216801	-0.00305387	0.000947964	1.49685	0.452055	0.973806	0.0304503	0.713663	0.622903	0.993285	16.5958	0.433731	0.210684	0.0704877	4.47281e-08	0.149335	0.0706985	0.0706789	2.0671e-06	-4765.93	4.0	4.84031e-05	-17720.0	3.0	3.9399e-06	1.0	1081.21	39.553	416.821	28.1218	0.278246	0.0170947	1054.81	183.946	
0.0-1.2	6.5-30.0	0.0-100.0	0.785-1.178	0.008	0.08	2122.0	2121.0	1424.57	40.4884	696.403	30.1857	-0.0667598	0.149017	-0.05	0.0	0.574527	0.0	3.09295	0.0	0.0208582	0.0	0.036069	0.0	0.03	0.0	1.492	0.0	5.0	0.0	1.733	0.0	0.0283458	0.0	4.7042e-05	0.000197635	0.197156	0.0125093	0.205787	0.168928	0.00506329	0.00588939	-0.000895585	0.000957241	1.73483	0.294288	0.851322	0.0274384	0.651831	0.0601484	0.989259	0.0172696	0.457522	0.0541103	0.0705797	6.60567e-09	0.173073	0.022232	0.786484	0.734467	-4530.24	4.0	1.02914e-05	-16220.1	3.0	1.25339e-05	1.0	1012.81	38.4015	411.761	27.9826	0.289043	0.0178425	1093.14	100.864	
0.0-1.2	6.5-30.0	0.0-100.0	1.178-1.571	0.008	0.088	2055.0	2054.0	1351.53	39.6857	702.469	30.4288	-0.43751	0.148806	-0.05	0.0	0.574527	0.0	3.09295	0.0	0.0208582	0.0	0.036069	0.0	0.03	0.0	1.492	0.0	5.0	0.0	1.733	0.0	0.0283458	0.0	3.78287e-05	0.000218777	0.173652	0.0110541	0.083253	0.655744	-0.00048919	0.0163992	-0.00115393	0.00101047	1.84756	1.50756	0.93861	0.0300474	0.730695	0.0628125	0.958366	0.0280092	0.388643	0.0724947	0.0705143	7.00911e-09	0.135686	0.0174442	0.513792	0.228775	-4288.68	4.0	1.90672e-07	-15557.6	3.0	1.79161e-07	1.0	942.537	38.5386	408.991	29.3849	0.302614	0.0198433	1044.91	412.715	
0.0-1.2	6.5-30.0	10.0-60.0	0.000-0.393	0.008	0.073	1480.0	1477.0	1024.95	34.2667	452.025	24.5225	0.151975	0.185294	-0.05	0.0	0.574527	0.0	3.09295	0.0	0.0208582	0.0	0.0359871	0.0	0.03	0.0	1.492	0.0	5.0	0.0	1.733	0.0	0.0283015	0.0	1.10004e-05	0.000671606	0.206922	0.0148479	0.282557	0.0	0.00228371	0.0	-0.0012078	0.0011977	1.58042	0.0	0.834851	0.0357205	0.807057	10.7924	0.847691	11.1212	0.542153	1.26241	0.0731197	2.10615	0.164615	0.687272	0.0707191	3.04624e-06	-3248.67	4.0	6.25492e-06	-10828.8	3.0	4.41647e-06	1.0	726.188	31.9378	298.759	23.0293	0.291487	0.0202454	1098.09	9.74201	
0.0-1.2	6.5-30.0	10.0-60.0	0.000-1.571	0.008	0.105	5526.0	5524.0	3864.12	68.4534	1659.76	49.8182	-0.147067	0.0967901	-0.05	0.0	0.574527	0.0	3.09295	0.0	0.0208582	0.0	0.0359871	0.00144069	0.03	0.0	1.492	0.0	5.0	0.0	1.733	0.0	0.0283015	0.000389719	1.16782e-05	0.000130175	0.203168	0.00777516	0.282557	0.0	0.00228371	0.0	-0.00151658	0.000620972	1.58042	0.0	0.823581	0.0183859	0.694933	0.0398648	0.983664	0.00989084	0.440131	0.0377335	0.0705303	3.57319e-09	0.157853	0.0115108	0.679961	0.309523	-12140.6	4.0	7.67273e-06	-47836.7	4.0	1.24333e-05	1.0	2791.56	63.707	1072.56	44.4299	0.277568	0.0103936	1091.96	4.9744	
0.0-1.2	6.5-30.0	10.0-60.0	0.393-0.785	0.008	0.073	1480.0	1479.0	1013.84	34.1582	465.159	24.8617	-0.118789	0.182375	-0.05	0.0	0.574527	0.0	3.09295	0.0	0.0208582	0.0	0.0359871	0.0	0.03	0.0	1.492	0.0	5.0	0.0	1.733	0.0	0.0283015	0.0	1.70432e-05	0.00459144	0.210933	0.0162108	0.282557	0.0	0.00228371	0.0	-0.00249593	0.00119256	1.58042	0.0	0.818115	0.037505	0.840179	8.06501	0.611935	7.08439	0.298809	0.351076	0.0706093	9.60769e-07	0.127658	0.101134	0.0705475	1.01175e-07	-3210.51	4.0	1.04348e-05	-10800.7	3.0	1.57154e-07	1.0	763.762	32.3077	250.08	21.2747	0.246665	0.0192684	1089.01	10.1071	
0.0-1.2	6.5-30.0	10.0-60.0	0.785-1.178	0.008	0.064	1284.0	1282.0	921.458	32.2553	360.52	21.897	-0.167388	0.207836	-0.05	0.0	0.574527	0.0	3.09295	0.0	0.0208582	0.0	0.0359871	0.0	0.03	0.0	1.492	0.0	5.0	0.0	1.733	0.0	0.0283015	0.0	1.55303e-05	0.000309325	0.210476	0.0168247	0.282557	0.0	0.00228371	0.0	-0.00112544	0.00121428	1.58042	0.0	0.800384	0.0336595	0.724488	0.0940357	0.97448	0.043988	0.531811	0.0711802	0.0705362	5.39725e-09	0.196281	0.0461894	0.744668	0.675722	-2935.33	4.0	1.26849e-05	-9302.05	3.0	9.49443e-06	1.0	664.376	30.2346	257.082	21.3134	0.278995	0.0209672	1079.52	8.95229	
0.0-1.2	6.5-30.0	10.0-60.0	1.178-1.571	0.008	0.064	1282.0	1280.0	898.967	32.0581	381.028	22.5786	-0.518747	0.202872	-0.05	0.0	0.574527	0.0	3.09295	0.0	0.0208582	0.0	0.0359871	0.0	0.03	0.0	1.492	0.0	5.0	0.0	1.733	0.0	0.0283015	0.0	1.05551e-05	0.000410668	0.189419	0.0145299	0.282557	0.0	0.00228371	0.0	-0.00216263	0.00141128	1.58042	0.0	0.842837	0.0412942	0.693061	0.0707628	0.961561	0.0258899	0.288428	0.0788442	0.0705113	8.00079e-09	0.131595	0.0174435	0.621188	0.330737	-2738.06	4.0	2.9657e-07	-9211.95	3.0	1.03712e-06	1.0	632.559	30.602	266.408	22.7572	0.296349	0.0230034	1102.45	11.3248	
0.0-2.4	10.0-13.0	0.0-100.0	0.000-0.393	0.016	0.08	932.0	928.0	695.142	28.39	232.842	18.5386	0.470513	0.26693	-0.05	0.0	0.359443	0.0	3.09255	0.0	0.0208608	0.0	0.0402013	0.0	0.03	0.0	1.492	0.0	5.0	0.0	1.733	0.0	0.0345203	0.0	1.00051e-05	0.0125341	0.196061	0.0164882	0.270245	0.128633	-0.00998909	0.00318196	0.00142871	0.00145571	1.58141	0.172807	0.817833	0.0419326	0.811062	0.884306	0.847572	0.547675	0.549175	0.135657	0.108555	0.0626578	0.166117	0.0685735	0.100936	0.160627	-2063.32	4.0	1.35766e-05	-6372.42	3.0	1.74312e-06	1.0	485.159	26.2022	209.982	19.1702	0.302071	0.0246641	1078.86	65.4828	
0.0-2.4	10.0-13.0	0.0-100.0	0.000-1.571	0.008	0.136	3638.0	3637.0	2691.91	58.3325	945.091	40.6917	-0.481257	0.135029	-0.05	0.0	0.359443	0.089748	3.09255	0.000738468	0.0208608	0.00220829	0.0402013	0.00273114	0.03	0.0	1.492	0.0	5.0	0.0	1.733	0.0	0.0345203	0.00129786	1.25623e-05	9.06713e-05	0.191137	0.00849979	0.0553454	0.0788853	0.000212513	0.0144851	-0.000736559	0.000692365	2.09412	0.553674	0.927599	0.0205041	0.761885	0.0506822	0.996193	0.504985	0.347658	0.0515692	0.070574	1.48533e-07	0.163119	0.0135563	0.0714537	2.53297	-7810.48	4.0	9.62046e-06	-29798.6	7.0	7.72676e-06	1.0	1892.65	54.4442	799.26	39.7754	0.296912	0.0133016	1027.39	75.033	
0.0-2.4	10.0-13.0	0.0-100.0	0.393-0.785	0.008	0.088	937.0	936.0	691.182	28.2646	244.779	18.7739	-0.648114	0.257723	-0.05	0.0	0.359443	0.0	3.09255	0.0	0.0208608	0.0	0.0402013	0.0	0.03	0.0	1.492	0.0	5.0	0.0	1.733	0.0	0.0345203	0.0	9.67596e-05	0.000320065	0.212406	0.0188407	0.905113	0.201076	0.00602278	0.00419437	-0.00666157	0.00451748	1.24083	0.0559838	0.6	0.0445865	0.827395	0.14998	0.949327	0.0972869	0.487298	0.103926	0.0715659	0.0715895	0.158525	0.0213484	0.0707675	0.124077	-2012.64	4.0	6.62264e-06	-6415.16	3.0	1.45306e-05	1.0	511.714	26.077	179.468	17.2044	0.259654	0.0225129	1194.88	56.1819	
0.0-2.4	10.0-13.0	0.0-100.0	0.785-1.178	0.008	0.105	871.0	870.0	652.485	27.6051	217.476	18.0832	-0.672971	0.274839	-0.05	0.0	0.359443	0.0	3.09255	0.0	0.0208608	0.0	0.0402013	0.0	0.03	0.0	1.492	0.0	5.0	0.0	1.733	0.0	0.0345203	0.0	0.000150013	0.000368392	0.17472	0.0169194	0.0264505	0.0570749	-0.00999745	0.0190374	-0.0014792	0.0015207	2.76374	1.36911	0.965383	0.0464531	0.846853	0.164376	1.0	0.00895456	0.413561	0.134753	0.0704594	0.046438	0.209082	0.0303289	2.43824	2.09439	-1841.93	4.0	4.92797e-06	-5873.25	3.0	1.78416e-05	1.0	451.388	27.1523	201.098	21.0934	0.308203	0.0295815	1053.26	104.599	
0.0-2.4	10.0-13.0	0.0-100.0	1.178-1.571	0.008	0.088	898.0	894.0	654.955	27.7172	239.055	18.7712	-1.03274	0.264962	-0.05	0.0	0.359443	0.0	3.09255	0.0	0.0208608	0.0	0.0402013	0.0	0.03	0.0	1.492	0.0	5.0	0.0	1.733	0.0	0.0345203	0.0	4.2601e-05	0.000476275	0.208453	0.0197284	0.72641	0.161382	0.00313713	0.00293527	0.00127441	0.00299928	1.44557	0.102068	0.648412	0.0756978	0.808672	0.0828034	1.0	0.013442	0.305027	0.102556	0.0705506	0.0358109	0.140839	0.0188762	0.476238	2.62701	-1869.29	4.0	1.99433e-06	-6046.54	3.0	7.82726e-07	1.0	486.293	26.1088	168.662	17.5811	0.257516	0.0245315	1277.88	67.555	
0.0-2.4	10.0-13.0	10.0-60.0	0.000-0.393	0.016	0.08	624.0	621.0	473.591	23.3838	147.405	14.853	0.483031	0.335976	-0.05	0.0	0.359443	0.0	3.09255	0.0	0.0208608	0.0	0.0407572	0.0	0.03	0.0	1.492	0.0	5.0	0.0	1.733	0.0	0.0349354	0.0	1.00051e-05	0.0125341	0.189779	0.0184874	0.0553454	0.0	0.000212513	0.0	-0.0003764	0.00149679	2.09412	0.0	0.877522	0.0439276	0.814629	0.161039	0.999997	4.76675	0.61694	0.166698	0.127648	0.0938292	0.178021	0.0487254	0.0705023	4.92313e-09	-1390.84	4.0	2.73561e-06	-4030.96	3.0	2.90268e-07	1.0	316.759	21.3953	156.832	16.526	0.331156	0.0308272	984.955	18.4851	
0.0-2.4	10.0-13.0	10.0-60.0	0.000-1.571	0.008	0.136	2368.0	2367.0	1796.74	46.3932	570.294	30.4287	-0.566953	0.169645	-0.05	0.0	0.359443	0.0	3.09255	0.0	0.0208608	0.0	0.0407572	0.00150755	0.03	0.0	1.492	0.0	5.0	0.0	1.733	0.0	0.0349354	0.000563299	1.25623e-05	9.06713e-05	0.195372	0.0106009	0.0553454	0.0	0.000212513	0.0	-0.000348926	0.000844055	2.09412	0.0	0.928895	0.0247519	0.746984	0.0178891	0.998386	3.41906	0.297511	0.0293399	0.0704958	7.10647e-09	0.160474	0.006393	0.0765862	17.1456	-5158.79	4.0	1.50426e-05	-18464.4	4.0	6.94816e-07	1.0	1267.99	43.5312	528.757	31.7716	0.294286	0.015967	1028.49	10.5588	
0.0-2.4	10.0-13.0	10.0-60.0	0.393-0.785	0.008	0.088	609.0	608.0	466.108	23.101	141.905	14.4722	-0.797364	0.341055	-0.05	0.0	0.359443	0.0	3.09255	0.0	0.0208608	0.0	0.0407572	0.0	0.03	0.0	1.492	0.0	5.0	0.0	1.733	0.0	0.0349354	0.0	9.67596e-05	0.000320065	0.201679	0.0214155	0.0553454	0.0	0.000212513	0.0	-0.00115863	0.00158477	2.09412	0.0	0.927324	0.0496625	0.711819	0.09207	0.999999	0.222623	0.324348	0.0834759	0.0705824	2.29783e-08	0.163934	0.0302436	0.112315	28.8152	-1342.72	4.0	2.76811e-05	-3940.36	3.0	6.53362e-06	1.0	334.118	21.6923	131.99	15.4639	0.283174	0.0300621	1027.15	21.1772	
0.0-2.4	10.0-13.0	10.0-60.0	0.785-1.178	0.016	0.105	564.0	563.0	437.57	22.4298	125.428	13.8181	-0.710457	0.363948	-0.05	0.0	0.359443	0.0	3.09255	0.0	0.0208608	0.0	0.0407572	0.0	0.03	0.0	1.492	0.0	5.0	0.0	1.733	0.0	0.0349354	0.0	0.000150013	0.000368392	0.192308	0.0232182	0.0553454	0.0	0.000212513	0.0	-0.00142038	0.00185907	2.09412	0.0	1.01452	0.0546001	0.961781	0.941761	0.991604	0.900364	0.502701	0.112794	0.189285	0.225748	0.223528	0.0512847	0.182403	3.87839	-1231.5	4.0	4.22387e-06	-3587.68	3.0	9.08587e-06	1.0	313.494	21.7031	124.076	15.9136	0.283556	0.0333372	1102.27	23.7361	
0.0-2.4	10.0-13.0	10.0-60.0	1.178-1.571	0.016	0.056	571.0	562.0	414.433	21.9456	147.557	14.6549	-1.23031	0.341782	-0.05	0.0	0.359443	0.0	3.09255	0.0	0.0208608	0.0	0.0407572	0.0	0.03	0.0	1.492	0.0	5.0	0.0	1.733	0.0	0.0349354	0.0	5.58531e-05	0.000456735	0.188345	0.021786	0.0553454	0.0	0.000212513	0.0	0.00152018	0.00189955	2.09412	0.0	1.01992	0.0545551	0.816906	0.0704762	1.0	0.016905	0.228304	0.0973419	0.0706238	1.95168e-06	0.131903	0.0198701	0.644441	2.75508	-1192.3	4.0	1.54557e-06	-3543.05	3.0	1.31865e-05	1.0	297.411	21.1959	117.022	15.4803	0.282367	0.0342298	1106.97	23.7416	
0.0-2.4	10.0-30.0	0.0-100.0	0.000-0.393	0.008	0.088	1512.0	1509.0	1149.06	36.4126	359.953	23.1686	0.261135	0.213373	-0.05	0.0	0.41779	0.0	3.09305	0.0	0.0218051	0.0	0.0417835	0.0	0.03	0.0	1.492	0.0	5.0	0.0	1.733	0.0	0.0348583	0.0	2.70146e-05	0.00458685	0.193727	0.0122787	0.4173	0.695008	-0.00292619	0.00669808	0.0011003	0.00130981	1.43528	0.240682	0.779404	0.0395272	0.786121	0.0729176	1.0	0.00597371	0.538729	0.0707838	0.0932217	0.0313588	0.174878	0.0249095	3.3262	1.9795	-3376.4	4.0	2.16116e-05	-11141.6	3.0	2.81695e-07	1.0	769.942	33.3696	379.118	25.7404	0.329938	0.0198116	1101.65	238.398	
0.0-2.4	10.0-30.0	0.0-100.0	0.000-1.571	0.008	0.136	5840.0	5839.0	4393.81	74.4289	1445.1	50.9014	-0.489298	0.110267	-0.05	0.0	0.41779	0.074234	3.09305	0.000574298	0.0218051	0.00161207	0.0417835	0.00257805	0.03	0.0	1.492	0.0	5.0	0.0	1.733	0.0	0.0348583	0.00114502	1.01973e-05	0.00191321	0.180686	0.0060826	0.0473596	0.058793	-0.000901407	0.00750486	-0.000743039	0.00051751	2.0393	0.463163	0.94295	0.0166463	0.796722	0.0384079	0.999058	0.67727	0.377364	0.0368648	0.0705999	0.000127903	0.17536	0.0107131	0.071602	0.00211388	-12859.5	4.0	7.07277e-06	-50806.6	7.0	7.82858e-06	1.0	2970.22	68.914	1423.59	52.9071	0.323999	0.0107178	1021.76	52.3916	
0.0-2.4	10.0-30.0	0.0-100.0	0.393-0.785	0.008	0.105	1513.0	1512.0	1115.21	35.9183	396.704	23.9073	-0.60417	0.202174	-0.05	0.0	0.41779	0.0	3.09305	0.0	0.0218051	0.0	0.0417835	0.0	0.03	0.0	1.492	0.0	5.0	0.0	1.733	0.0	0.0348583	0.0	3.35672e-05	0.000225803	0.198542	0.0139693	0.896102	0.170491	0.00449012	0.0031336	-0.00593392	4.5635e-05	1.22675	0.0429112	0.6	0.0270112	0.816539	0.186823	0.999992	0.105264	0.474911	0.137509	0.0705167	0.0876255	0.178486	0.019793	0.0704525	2.15472e-08	-3327.23	4.0	1.57964e-06	-11079.3	3.0	3.35338e-05	1.0	822.227	33.0803	292.988	21.956	0.262719	0.0177766	1177.27	46.0447	
0.0-2.4	10.0-30.0	0.0-100.0	0.785-1.178	0.008	0.105	1394.0	1393.0	1059.08	34.922	333.893	22.2336	-0.691652	0.22189	-0.05	0.0	0.41779	0.0	3.09305	0.0	0.0218051	0.0	0.0417835	0.0	0.03	0.0	1.492	0.0	5.0	0.0	1.733	0.0	0.0348583	0.0	2.54104e-05	0.00458759	0.169306	0.012224	0.0657857	0.0838022	-0.00690936	0.0141205	-0.000449708	0.00109052	2.24771	0.605703	0.927791	0.035313	0.74629	74721.9	0.996075	1452100.0	0.313022	112267.0	0.0705043	0.00912004	0.213971	28377.6	0.0704615	6439200.0	-3084.64	4.0	2.46515e-05	-10139.0	3.0	1.70573e-05	1.0	720.993	33.7299	338.084	26.3965	0.319225	0.0225923	1066.08	93.5695	
0.0-2.4	10.0-30.0	0.0-100.0	1.178-1.571	0.008	0.105	1421.0	1419.0	1073.08	35.2713	345.919	22.736	-0.92578	0.219977	-0.05	0.0	0.41779	0.0	3.09305	0.0	0.0218051	0.0	0.0417835	0.0	0.03	0.0	1.492	0.0	5.0	0.0	1.733	0.0	0.0348583	0.0	2.67457e-05	0.0796517	0.185933	0.0126568	0.69171	0.183498	0.00100858	0.00227545	9.71926e-05	0.00213397	1.41522	0.0994536	0.683858	0.0608219	0.999982	63941.6	0.761869	1438.92	0.298014	367.204	0.0705489	62363.4	0.156593	32.096	0.0707388	51.9237	-3049.79	4.0	8.19447e-05	-10323.3	3.0	1.02142e-06	1.0	735.446	32.9714	337.637	25.0184	0.314642	0.0208952	1236.76	69.417	
0.0-2.4	10.0-30.0	10.0-60.0	0.000-0.393	0.008	0.088	998.0	995.0	769.617	29.7234	225.396	18.4194	0.164652	0.269451	-0.05	0.0	0.41779	0.0	3.09305	0.0	0.0218051	0.0	0.0423195	0.0	0.03	0.0	1.492	0.0	5.0	0.0	1.733	0.0	0.0352327	0.0	2.70146e-05	0.00458685	0.195645	0.0152445	0.0473596	0.0	-0.000901407	0.0	-0.000471334	0.00112222	2.0393	0.0	0.894464	0.034958	0.845904	0.0849369	0.998318	0.205175	0.537512	0.0891463	0.106608	0.0510423	0.176523	0.0304725	0.0708694	2.84222	-2303.35	4.0	3.60225e-05	-6954.72	3.0	3.4707e-07	1.0	519.712	27.3571	249.905	20.9449	0.324713	0.024153	979.352	15.2079	
0.0-2.4	10.0-30.0	10.0-60.0	0.000-1.571	0.008	0.136	3809.0	3808.0	2920.79	59.1851	887.281	38.3332	-0.516359	0.135897	-0.05	0.0	0.41779	0.0	3.09305	0.0	0.0218051	0.0	0.0423195	0.00138111	0.03	0.0	1.492	0.0	5.0	0.0	1.733	0.0	0.0352327	0.000482916	1.01973e-05	0.00191321	0.187949	0.0078841	0.0473596	0.0	-0.000901407	0.0	-0.000628521	0.000624031	2.0393	0.0	0.946016	0.0201538	0.784806	0.027635	0.997964	1.16308	0.359955	0.0267555	0.0704633	1.14955e-07	0.173871	0.00762063	0.0712388	5.28576	-8543.63	4.0	6.60236e-06	-31611.8	4.0	1.78317e-06	1.0	2019.22	55.2924	901.569	41.435	0.308673	0.0127329	1024.46	8.86461	
0.0-2.4	10.0-30.0	10.0-60.0	0.393-0.785	0.008	0.105	980.0	979.0	744.483	29.2362	234.511	18.5673	-0.642872	0.264004	-0.05	0.0	0.41779	0.0	3.09305	0.0	0.0218051	0.0	0.0423195	0.0	0.03	0.0	1.492	0.0	5.0	0.0	1.733	0.0	0.0352327	0.0	3.35672e-05	0.000225803	0.18229	0.0154764	0.0473596	0.0	-0.000901407	0.0	-0.000963429	0.00118175	2.0393	0.0	0.943423	0.0402148	0.661572	0.0674346	0.999996	0.0957145	0.331742	0.0640049	0.0704888	9.45366e-07	0.175008	0.0233371	0.0713922	5.94293e-05	-2208.92	4.0	2.36061e-05	-6795.39	3.0	2.23867e-05	1.0	529.423	27.6329	215.059	20.0662	0.288871	0.0244497	1022.18	17.6793	
0.0-2.4	10.0-30.0	10.0-60.0	0.785-1.178	0.008	0.105	901.0	900.0	699.557	28.2612	200.416	17.307	-0.569555	0.286172	-0.05	0.0	0.41779	0.0	3.09305	0.0	0.0218051	0.0	0.0423195	0.0	0.03	0.0	1.492	0.0	5.0	0.0	1.733	0.0	0.0352327	0.0	2.54104e-05	0.00458759	0.182529	0.0168842	0.0473596	0.0	-0.000901407	0.0	-0.000635698	0.00131133	2.0393	0.0	0.983229	0.0429009	0.838249	0.133671	1.0	0.817452	0.46178	0.122152	0.0754375	0.0490164	0.245275	0.0383887	0.0740419	0.000690637	-2038.14	4.0	7.33655e-05	-6186.97	3.0	1.75309e-05	1.0	494.586	27.0291	204.971	19.9978	0.293001	0.0260206	1057.31	19.0027	
0.0-2.4	10.0-30.0	10.0-60.0	1.178-1.571	0.008	0.08	930.0	925.0	705.493	28.5123	219.513	18.0827	-0.991594	0.277533	-0.05	0.0	0.41779	0.0	3.09305	0.0	0.0218051	0.0	0.0423195	0.0	0.03	0.0	1.492	0.0	5.0	0.0	1.733	0.0	0.0352327	0.0	1.00138e-05	0.000350061	0.182875	0.0149474	0.0473596	0.0	-0.000901407	0.0	-0.000588452	0.00142783	2.0393	0.0	1.00358	0.0443367	0.961839	0.894242	0.847695	0.922518	0.249033	0.0964083	0.0707228	1.06946	0.139441	0.0285377	0.0711512	0.13475	-2010.41	4.0	5.86401e-05	-6341.24	3.0	3.67978e-07	1.0	470.108	27.3466	235.385	21.8486	0.333647	0.0278795	1075.37	19.7086	
0.0-2.4	13.0-30.0	0.0-100.0	0.000-0.393	0.008	0.064	580.0	578.0	455.641	22.8164	122.35	13.6863	-0.136519	0.362821	-0.05	0.0	0.51724	0.0	3.09382	0.0	0.0230791	0.0	0.045512	0.0	0.03	0.0	1.492	0.0	5.0	0.0	1.733	0.0	0.0357137	0.0	0.000100096	0.000341831	0.195266	0.0187139	0.858188	0.20333	0.00132389	0.00290195	0.00125107	0.00712912	1.21927	0.0856541	0.62514	0.240882	0.864669	0.122677	0.977887	0.17134	0.527392	0.100537	0.0704424	2.7484e-08	0.187471	0.0441167	0.0704557	1.69448e-11	-1317.65	4.0	1.21666	-3749.9	3.0	2.0866e-07	1.0	289.725	20.3937	165.915	16.5664	0.364136	0.0314555	1153.79	62.6499	
0.0-2.4	13.0-30.0	0.0-100.0	0.000-1.571	0.008	0.105	2202.0	2202.0	1703.72	46.0799	498.333	30.2962	-0.513364	0.18803	-0.05	0.0	0.51724	0.104259	3.09382	0.000895364	0.0230791	0.00210368	0.045512	0.00479375	0.03	0.0	1.492	0.0	5.0	0.0	1.733	0.0	0.0357137	0.00188655	2.10356e-05	0.0045896	0.166893	0.00862301	0.0347602	0.122355	-0.00537756	0.015369	-0.000960497	0.000785493	1.80759	0.989032	0.96189	0.0280083	0.906041	1.30465	0.917485	4.03423	0.407196	0.287116	0.0706211	3.0364e-07	0.194967	0.145286	0.0708758	6.8137e-07	-5064.59	4.0	3.73194e-05	-17144.0	7.0	9.12297e-06	1.0	1077.59	42.1906	626.133	34.8911	0.367509	0.0179054	1003.32	78.9042	
0.0-2.4	13.0-30.0	0.0-100.0	0.393-0.785	0.008	0.064	576.0	573.0	423.593	22.1488	149.344	14.7068	-0.495323	0.327152	-0.05	0.0	0.51724	0.0	3.09382	0.0	0.0230791	0.0	0.045512	0.0	0.03	0.0	1.492	0.0	5.0	0.0	1.733	0.0	0.0357137	0.0	1.12306e-05	0.00159264	0.178904	0.0202389	0.703851	0.324382	0.00687232	0.0111474	-0.00803976	0.0024813	1.16624	0.0727715	0.642999	0.0866793	0.77677	0.539869	1.0	0.207104	0.467183	0.402116	0.0705196	3.41088e-07	0.177428	0.0369687	0.070456	6.14983e-07	-1315.88	4.0	2.8245e-06	-3640.38	3.0	2.73945e-05	1.0	307.906	20.2826	115.687	13.7394	0.273109	0.0291227	1039.12	79.6717	
0.0-2.4	13.0-30.0	0.0-100.0	0.785-1.178	0.008	0.056	523.0	517.0	400.967	21.2468	116.033	12.903	-0.723392	0.37433	-0.05	0.0	0.51724	0.0	3.09382	0.0	0.0230791	0.0	0.045512	0.0	0.03	0.0	1.492	0.0	5.0	0.0	1.733	0.0	0.0357137	0.0	3.98792e-05	0.000279455	0.160099	0.0171544	0.0591112	0.0890247	-0.00987308	0.0151467	-1.16163e-05	0.00157823	2.19428	0.854214	0.942446	0.0583016	1.0	0.69041	0.622618	0.149203	0.28081	0.118853	0.0704746	0.000516644	0.251329	0.0527834	0.0706391	0.0344669	-1234.07	4.0	3.45426e-06	-3301.3	3.0	2.80275e-06	1.0	263.713	20.2181	137.255	16.3217	0.342309	0.0364412	1058.45	100.763	
0.0-2.4	13.0-30.0	0.0-100.0	1.178-1.571	0.008	0.08	523.0	522.0	416.887	21.7517	105.107	12.7027	-0.736758	0.39648	-0.05	0.0	0.51724	0.0	3.09382	0.0	0.0230791	0.0	0.045512	0.0	0.03	0.0	1.492	0.0	5.0	0.0	1.733	0.0	0.0357137	0.0	1.03545e-05	0.00459451	0.162507	0.0157479	0.858094	0.102806	-0.0014856	0.00231549	-0.000839238	0.00537695	1.25528	0.0777394	0.6	0.92517	1.0	0.0233154	0.999999	0.0483263	0.315433	0.0876339	0.0704584	4.20364e-07	0.160489	0.0271584	0.0713073	1.88522e-05	-1184.08	4.0	5.04926e-06	-3324.22	3.0	2.40459e-06	1.0	248.979	19.5855	167.908	17.0758	0.402766	0.0351583	1184.57	55.2317	
0.0-2.4	13.0-30.0	10.0-60.0	0.000-0.393	0.008	0.064	374.0	372.0	296.304	18.3154	75.6724	10.7159	-0.494284	0.461496	-0.05	0.0	0.51724	0.0	3.09382	0.0	0.0230791	0.0	0.045698	0.0	0.03	0.0	1.492	0.0	5.0	0.0	1.733	0.0	0.0358282	0.0	0.000100096	0.000341831	0.20219	0.026035	0.0347602	0.0	-0.00537756	0.0	-1.27755e-05	0.0017259	1.80759	0.0	0.944606	0.0584563	0.928781	0.105824	0.998832	0.972134	0.581905	0.100631	0.0704519	4.09121e-07	0.20684	0.0550712	0.0708742	4.81411	-912.551	4.0	1.19907e-05	-2257.26	3.0	7.68105e-06	1.0	200.097	16.9381	96.2068	13.0108	0.324689	0.0390553	987.34	26.9911	
0.0-2.4	13.0-30.0	10.0-60.0	0.000-1.571	0.008	0.08	1441.0	1438.0	1121.07	36.575	316.868	23.0971	-0.431866	0.226503	-0.05	0.0	0.51724	0.0	3.09382	0.0	0.0230791	0.0	0.045698	0.00274019	0.03	0.0	1.492	0.0	5.0	0.0	1.733	0.0	0.0358282	0.000843637	1.04426e-05	0.00602457	0.176437	0.0117665	0.0347602	0.0	-0.00537756	0.0	-0.00103558	0.000933964	1.80759	0.0	0.965264	0.0341834	0.869748	6.45578	0.959404	31.0876	0.411704	1.85448	0.0706628	6.76435e-07	0.195565	0.786309	0.0704753	2.81593e-07	-3385.61	4.0	1.888e-05	-10598.5	4.0	8.36383e-05	1.0	749.716	34.0013	371.35	26.5443	0.331247	0.0210676	1006.44	15.8226	
0.0-2.4	13.0-30.0	10.0-60.0	0.393-0.785	0.008	0.064	371.0	370.0	277.313	17.886	92.649	11.6284	-0.41274	0.414344	-0.05	0.0	0.51724	0.0	3.09382	0.0	0.0230791	0.0	0.045698	0.0	0.03	0.0	1.492	0.0	5.0	0.0	1.733	0.0	0.0358282	0.0	1.12306e-05	0.00159264	0.149455	0.0211584	0.0347602	0.0	-0.00537756	0.0	-0.000728969	0.00180126	1.80759	0.0	0.970045	0.0683896	0.585032	0.145216	0.999999	0.0496333	0.334483	0.13428	0.070454	0.0495674	0.195231	0.0427531	0.220753	0.0453219	-863.469	4.0	1.85106e-05	-2198.12	3.0	2.82242e-05	1.0	193.68	17.1263	83.6331	12.898	0.301583	0.0422479	1010.87	31.6733	
0.0-2.4	13.0-30.0	10.0-60.0	0.785-1.178	0.012	0.044	337.0	330.0	257.056	16.9967	72.9245	10.2355	-0.374849	0.466922	-0.05	0.0	0.51724	0.0	3.09382	0.0	0.0230791	0.0	0.045698	0.0	0.03	0.0	1.492	0.0	5.0	0.0	1.733	0.0	0.0358282	0.0	1.72143e-05	0.000568696	0.169762	0.0241149	0.0347602	0.0	-0.00537756	0.0	-0.000583113	0.00185776	1.80759	0.0	0.959285	0.0738571	0.99997	0.671761	0.580538	0.192488	0.199143	0.104605	0.0704523	2.80841e-07	0.272134	0.0734189	0.0704683	5.02362e-08	-796.15	4.0	1.03867e-05	-1959.41	3.0	4.47413e-06	1.0	180.895	16.095	76.1615	11.889	0.296283	0.0418966	1000.91	34.1627	
0.0-2.4	13.0-30.0	10.0-60.0	1.178-1.571	0.008	0.08	359.0	358.0	286.038	18.0525	71.9554	10.5743	-0.539633	0.474768	-0.05	0.0	0.51724	0.0	3.09382	0.0	0.0230791	0.0	0.045698	0.0	0.03	0.0	1.492	0.0	5.0	0.0	1.733	0.0	0.0358282	0.0	1.03545e-05	0.00459451	0.177498	0.0203601	0.0347602	0.0	-0.00537756	0.0	-0.00315663	0.00206747	1.80759	0.0	0.943702	0.0711004	1.0	0.0362133	1.0	0.073337	0.299783	0.22115	0.0704519	1.92014e-08	0.142786	0.0330045	0.0704521	4.65438e-08	-813.143	4.0	2.93042e-05	-2142.75	3.0	7.33175e-07	1.0	169.235	16.8058	116.803	14.9231	0.408347	0.0453619	986.505	32.8256	
0.0-2.4	6.5-10.0	0.0-100.0	0.000-0.393	0.016	0.152	4167.0	4164.0	2100.3	52.817	2063.66	52.4695	-0.0682612	0.0861101	-0.05	0.0	0.404717	0.0	3.09231	0.0	0.0499158	0.0	0.0253759	0.0	0.03	0.0	1.492	0.0	5.0	0.0	1.733	0.0	0.0373057	0.0	8.57987e-05	0.0003048	0.199279	0.0118658	0.246489	0.0909252	0.00867425	0.0106227	0.000662301	0.000906643	1.87622	0.176527	0.899915	0.0209137	0.792363	0.764159	0.798626	0.801798	0.624203	0.109719	0.0896124	0.0506052	0.145183	0.0454192	0.0708736	1.84256e-06	-6692.77	4.0	1.80531e-05	-32766.1	3.0	2.87358e-06	1.0	1607.02	51.7867	493.275	34.6781	0.23486	0.0154185	1215.7	61.0714	
0.0-2.4	6.5-10.0	0.0-100.0	0.000-1.571	0.008	0.136	14869.0	14840.0	7826.82	119.638	7013.26	116.17	-0.120168	0.0482949	-0.05	0.0	0.404717	0.0588169	3.09231	0.000498307	0.0499158	0.00292833	0.0253759	0.00112672	0.03	0.0	1.492	0.0	5.0	0.0	1.733	0.0	0.0373057	0.00110048	7.98293e-05	0.000176368	0.202146	0.00624671	0.239762	0.0893802	0.00620961	0.00335008	0.00144025	0.000498669	1.68264	0.117026	0.914357	0.0122342	0.611359	0.0288725	0.973091	0.0182509	0.564433	0.0229028	0.0706065	2.91743e-07	0.153932	0.00784861	0.299654	0.108513	-24048.4	4.0	1.80073e-05	-136177.0	7.0	4.99352e-05	1.0	5975.28	110.19	1851.54	67.8272	0.236564	0.00787552	1146.48	44.1577	
0.0-2.4	6.5-10.0	0.0-100.0	0.393-0.785	0.016	0.145	3895.0	3892.0	1990.98	51.2856	1900.82	50.3987	-0.255511	0.0899597	-0.05	0.0	0.404717	0.0	3.09231	0.0	0.0499158	0.0	0.0253759	0.0	0.03	0.0	1.492	0.0	5.0	0.0	1.733	0.0	0.0373057	0.0	2.35595e-05	0.00458844	0.202015	0.0123396	0.518497	0.764936	0.0035218	0.00428896	0.00230324	0.00145462	1.41682	0.222188	0.838463	0.0367922	0.624816	0.0596099	0.923956	0.0534681	0.538086	0.0450699	0.0705574	3.5797e-09	0.154402	0.0154221	0.269154	0.0998999	-6007.89	4.0	1.37975e-06	-30403.4	3.0	1.37141e-05	1.0	1506.38	49.899	484.608	33.7653	0.243401	0.0157576	1174.44	223.555	
0.0-2.4	6.5-10.0	0.0-100.0	0.785-1.178	0.016	0.152	3534.0	3533.0	1916.78	49.7846	1616.22	46.6691	0.00286451	0.0974874	-0.05	0.0	0.404717	0.0	3.09231	0.0	0.0499158	0.0	0.0253759	0.0	0.03	0.0	1.492	0.0	5.0	0.0	1.733	0.0	0.0373057	0.0	6.88744e-05	0.000959106	0.22161	0.0138906	0.111526	0.0960542	0.00999997	0.016016	0.000918066	0.000908618	1.868	0.326587	0.973724	0.0228007	0.627171	0.014996	0.999848	6.80781	0.563349	0.00876251	0.0704623	0.00342769	0.144417	0.00384652	0.110281	32.636	-5869.28	4.0	7.01066e-05	-27447.7	3.0	7.0241e-08	1.0	1486.03	48.3199	430.746	31.1491	0.224724	0.0151664	1109.76	63.5815	
0.0-2.4	6.5-10.0	0.0-100.0	1.178-1.571	0.016	0.152	3273.0	3271.0	1817.68	48.3279	1453.28	44.3979	-0.157135	0.102929	-0.05	0.0	0.404717	0.0	3.09231	0.0	0.0499158	0.0	0.0253759	0.0	0.03	0.0	1.492	0.0	5.0	0.0	1.733	0.0	0.0373057	0.0	0.000188434	0.000544939	0.187639	0.0120382	0.374742	0.211643	0.00265475	0.00433016	0.00162347	0.00112196	1.50231	0.158008	0.793015	0.0281388	0.546777	0.0544032	0.965382	0.0295749	0.556676	0.0546271	0.0704496	0.0125202	0.189103	0.0219579	0.429167	0.233795	-5469.32	4.0	4.17622e-05	-25216.6	3.0	9.52467e-06	1.0	1374.37	47.2893	443.305	32.2478	0.243885	0.0165138	1113.09	87.3223	
0.0-2.4	6.5-10.0	10.0-60.0	0.000-0.393	0.016	0.152	2653.0	2652.0	1423.62	42.9103	1228.36	40.5712	-0.115782	0.111789	-0.05	0.0	0.404717	0.0	3.09231	0.0	0.0499158	0.0	0.0254422	0.0	0.03	0.0	1.492	0.0	5.0	0.0	1.733	0.0	0.0373325	0.0	8.57987e-05	0.0003048	0.196113	0.0142723	0.239762	0.0	0.00620961	0.0	1.93841e-05	0.00110545	1.68264	0.0	0.869199	0.0252257	0.793553	0.754947	0.755999	0.878024	0.570303	0.15728	0.0706638	0.165545	0.142387	0.0372669	0.0704533	0.270945	-4528.95	4.0	2.19732e-05	-19811.8	3.0	5.85872e-06	1.0	1094.99	42.101	328.63	27.9518	0.230842	0.0183601	1119.46	7.44513	
0.0-2.4	6.5-10.0	10.0-60.0	0.000-1.571	0.008	0.16	9130.0	9128.0	5243.54	82.4068	3883.81	73.6964	-0.196361	0.0630993	-0.05	0.0	0.404717	0.0	3.09231	0.0	0.0499158	0.0	0.0254422	0.000681417	0.03	0.0	1.492	0.0	5.0	0.0	1.733	0.0	0.0373325	0.000138221	8.22954e-05	0.000174121	0.19641	0.00736641	0.239762	0.0	0.00620961	0.0	0.000468039	0.000610032	1.68264	0.0	0.886006	0.0146614	0.641918	0.0379235	0.970247	0.0186068	0.573433	0.028881	0.0705166	4.30008e-07	0.160012	0.010311	0.370443	0.132253	-15702.1	4.0	1.49198e-06	-80019.0	4.0	5.2406e-05	1.0	3976.49	80.5538	1267.05	54.5889	0.241641	0.00969333	1129.44	4.37189	
0.0-2.4	6.5-10.0	10.0-60.0	0.393-0.785	0.016	0.145	2405.0	2404.0	1367.05	41.6905	1036.89	37.5221	-0.221309	0.122055	-0.05	0.0	0.404717	0.0	3.09231	0.0	0.0499158	0.0	0.0254422	0.0	0.03	0.0	1.492	0.0	5.0	0.0	1.733	0.0	0.0373325	0.0	2.35595e-05	0.00458844	0.184276	0.0140613	0.239762	0.0	0.00620961	0.0	0.00076983	0.00134029	1.68264	0.0	0.991068	0.0329859	0.659562	0.101807	0.915295	0.0675458	0.617926	0.0602069	0.0705406	1.13572e-06	0.180025	0.0249901	0.314067	0.141975	-4050.26	4.0	3.44966e-06	-17845.3	3.0	1.5832e-05	1.0	1036.99	41.7881	330.06	29.1108	0.241439	0.0199811	1193.96	10.4078	
0.0-2.4	6.5-10.0	10.0-60.0	0.785-1.178	0.016	0.152	2094.0	2093.0	1247.49	39.5336	845.492	34.0732	-0.223227	0.135429	-0.05	0.0	0.404717	0.0	3.09231	0.0	0.0499158	0.0	0.0254422	0.0	0.03	0.0	1.492	0.0	5.0	0.0	1.733	0.0	0.0373325	0.0	6.88744e-05	0.000959106	0.214321	0.0158654	0.239762	0.0	0.00620961	0.0	3.8966e-05	0.00120101	1.68264	0.0	0.872805	0.0288003	0.780003	6.21789	0.799722	6.54506	0.611976	0.914504	0.0893822	0.369305	0.155289	0.296454	0.0705738	1.47984e-06	-3714.59	4.0	5.08827e-05	-15343.6	3.0	2.54676e-06	1.0	946.189	38.2182	301.297	25.5476	0.241523	0.0189952	1121.59	8.5192	
0.0-2.4	6.5-10.0	10.0-60.0	1.178-1.571	0.016	0.136	1978.0	1976.0	1206.83	38.7935	769.162	32.669	-0.265659	0.142105	-0.05	0.0	0.404717	0.0	3.09231	0.0	0.0499158	0.0	0.0254422	0.0	0.03	0.0	1.492	0.0	5.0	0.0	1.733	0.0	0.0373325	0.0	0.000177731	0.000547176	0.194287	0.0146783	0.239762	0.0	0.00620961	0.0	0.000291884	0.00127033	1.68264	0.0	0.829462	0.0315017	0.552641	0.0529121	0.964052	0.0291939	0.49433	0.0571634	0.0705633	7.7022e-09	0.192935	0.0266237	0.494966	0.284976	-3424.06	4.0	5.68597e-06	-14411.5	3.0	9.87841e-07	1.0	896.65	37.9741	310.184	26.659	0.257023	0.0204868	1096.3	9.05982	
0.0-2.4	6.5-30.0	0.0-10.0	0.000-0.393	0.008	0.136	1895.0	1890.0	936.751	35.2134	953.173	35.4458	0.0317538	0.126418	-0.05	0.0	0.413464	0.0	3.09296	0.0	0.0469922	0.0	0.0239331	0.0	0.03	0.0	1.492	0.0	5.0	0.0	1.733	0.0	0.0353412	0.0	1.25622e-05	0.000104313	0.185447	0.0142403	0.16485	0.0	0.00394979	0.0	0.00203975	0.00135023	1.76859	0.0	1.01264	0.035364	0.999995	0.164316	0.306824	0.105556	0.59446	0.0849236	0.071172	0.77242	0.198935	0.0388209	0.0851027	0.0182339	-2939.48	4.0	6.13853e-05	-13385.6	3.0	3.63553e-06	1.0	646.7	33.5399	290.051	25.5505	0.309635	0.0246674	1171.34	12.7664	
0.0-2.4	6.5-30.0	0.0-10.0	0.000-1.571	0.008	0.136	7245.0	7234.0	3581.68	69.8611	3652.17	70.3633	-0.107161	0.0646622	-0.05	0.0	0.413464	0.0	3.09296	0.0	0.0469922	0.0	0.0239331	0.00084887	0.03	0.0	1.492	0.0	5.0	0.0	1.733	0.0	0.0353412	0.000168587	3.37928e-05	7.02542e-05	0.18788	0.00787903	0.16485	0.0	0.00394979	0.0	0.00124877	0.000676167	1.76859	0.0	0.997622	0.0185081	0.671179	0.54734	0.977493	3.16845	0.56356	0.374592	0.0854912	0.0284132	0.153448	0.142899	0.0706149	3.29534e-09	-11314.5	4.0	5.00579e-06	-60944.8	4.0	4.28229e-06	1.0	2569.09	67.1956	1012.59	48.9315	0.282714	0.0124993	1160.53	6.64368	
0.0-2.4	6.5-30.0	0.0-10.0	0.393-0.785	0.008	0.145	1900.0	1898.0	883.901	34.5537	1014.21	36.3901	-0.351662	0.122996	-0.05	0.0	0.413464	0.0	3.09296	0.0	0.0469922	0.0	0.0239331	0.0	0.03	0.0	1.492	0.0	5.0	0.0	1.733	0.0	0.0353412	0.0	1.89238e-05	0.00459057	0.210931	0.0174023	0.16485	0.0	0.00394979	0.0	-0.000448888	0.00133241	1.76859	0.0	0.980472	0.0372851	0.809207	0.256724	0.823823	1.21282	0.474832	0.123601	0.113136	0.0701629	0.14319	0.0290579	0.0706864	1.45339e-08	-2764.17	4.0	2.70401e-05	-13358.0	3.0	7.78866e-06	1.0	623.874	33.0558	260.027	24.5195	0.294181	0.025244	1148.25	13.2944	
0.0-2.4	6.5-30.0	0.0-10.0	0.785-1.178	0.008	0.128	1782.0	1781.0	902.351	34.337	878.85	33.9933	0.0717605	0.13168	-0.05	0.0	0.413464	0.0	3.09296	0.0	0.0469922	0.0	0.0239331	0.0	0.03	0.0	1.492	0.0	5.0	0.0	1.733	0.0	0.0353412	0.0	1.34329e-05	0.0045931	0.187926	0.0163664	0.16485	0.0	0.00394979	0.0	0.00130034	0.00135196	1.76859	0.0	0.975318	0.0382076	0.571484	0.086	1.0	0.62379	0.478745	0.0806024	0.0706055	0.0138561	0.153359	0.0168808	0.0711286	1.86961e-05	-2830.73	4.0	9.33752e-05	-12548.7	3.0	2.51874e-05	1.0	660.609	33.6122	241.742	24.1347	0.267903	0.0247274	1144.58	13.5951	
0.0-2.4	6.5-30.0	0.0-10.0	1.178-1.571	0.008	0.152	1668.0	1667.0	860.212	33.4404	807.044	32.6368	-0.165876	0.137691	-0.05	0.0	0.413464	0.0	3.09296	0.0	0.0469922	0.0	0.0239331	0.0	0.03	0.0	1.492	0.0	5.0	0.0	1.733	0.0	0.0353412	0.0	1.96612e-05	0.00459023	0.163255	0.015037	0.16485	0.0	0.00394979	0.0	0.0013611	0.00136703	1.76859	0.0	0.97159	0.037377	0.999971	0.858904	0.324336	0.113592	0.557485	0.100564	0.117862	0.517068	0.244461	0.0462257	0.0814298	0.0179056	-2785.05	4.0	5.49392e-08	-11656.8	3.0	4.73194e-05	1.0	631.999	33.1909	228.213	24.0151	0.265299	0.0259428	1141.93	13.2795	
0.0-2.4	6.5-30.0	0.0-100.0	0.000-0.393	0.008	0.152	5679.0	5676.0	3225.47	63.7158	2450.52	57.3129	-0.0418546	0.0791786	-0.05	0.0	0.413464	0.0	3.09296	0.0	0.0469922	0.0	0.0244095	0.0	0.03	0.0	1.492	0.0	5.0	0.0	1.733	0.0	0.0355318	0.0	1.26244e-05	0.000102978	0.196051	0.00851741	0.206229	0.0969039	0.00181619	0.00447859	0.000684463	0.000682995	1.83948	0.188543	0.894692	0.0175226	0.821902	0.0968256	0.741806	0.20821	0.573945	0.0440416	0.0905131	0.0244285	0.150152	0.0143289	0.070448	6.49057e-09	-9958.48	4.0	1.23221e-05	-47114.6	3.0	6.80267e-07	1.0	2345.42	61.2135	880.049	43.6202	0.272843	0.0124032	1154.65	62.6569	
0.0-2.4	6.5-30.0	0.0-100.0	0.000-1.571	0.004	0.164	20709.0	20705.0	12121.4	139.43	8584.09	126.102	-0.202837	0.0437512	-0.05	0.0	0.413464	0.0442446	3.09296	0.000376404	0.0469922	0.00187048	0.0244095	0.000841042	0.03	0.0	1.492	0.0	5.0	0.0	1.733	0.0	0.0355318	0.000736351	1.00384e-05	0.000248775	0.196657	0.00446544	0.16485	0.0672939	0.00394979	0.00276213	0.00112379	0.000355497	1.76859	0.130357	0.891959	0.00966628	0.583338	0.0393788	0.925207	0.0459398	0.392991	0.038199	0.0705648	0.00839858	0.139973	0.00474385	0.0704497	7.32647e-09	-36438.5	4.0	3.16685e-06	-199228.0	7.0	0.000209958	1.0	8876.38	127.909	3245.03	85.6095	0.267711	0.00635598	1086.31	40.2696	
0.0-2.4	6.5-30.0	0.0-100.0	0.393-0.785	0.008	0.145	5408.0	5405.0	3082.77	62.2136	2322.19	55.7666	-0.33376	0.0816601	-0.05	0.0	0.413464	0.0	3.09296	0.0	0.0469922	0.0	0.0244095	0.0	0.03	0.0	1.492	0.0	5.0	0.0	1.733	0.0	0.0355318	0.0	1.89238e-05	0.00459057	0.191955	0.008797	0.0431777	0.107987	0.00997815	0.0195849	-0.000268327	0.000693878	1.89503	0.83285	1.0355	0.0191264	0.695271	0.0493903	0.952815	0.0337897	0.486194	0.0413213	0.0705987	3.23673e-09	0.152765	0.0108018	0.277244	0.106181	-9244.41	4.0	3.66675e-05	-44609.1	3.0	7.61184e-07	1.0	2247.75	60.7529	835.012	43.7854	0.270864	0.0131093	1086.75	70.5293	
0.0-2.4	6.5-30.0	0.0-100.0	0.785-1.178	0.008	0.152	4928.0	4927.0	2948.91	60.4294	1978.02	51.7778	-0.135573	0.088372	-0.05	0.0	0.413464	0.0	3.09296	0.0	0.0469922	0.0	0.0244095	0.0	0.03	0.0	1.492	0.0	5.0	0.0	1.733	0.0	0.0355318	0.0	2.75139e-05	0.00458662	0.197413	0.00946691	0.0918396	0.0685565	0.00342668	0.00702651	0.000799417	0.000692539	2.01375	0.316371	0.956912	0.0189987	0.643416	0.0469367	1.0	0.0299985	0.502663	0.0437829	0.0705433	4.51328e-07	0.167816	0.0119894	0.344309	2.51522	-8859.8	4.0	7.46327e-07	-40455.4	3.0	4.22355e-06	1.0	2189.32	58.7377	759.589	40.9834	0.257583	0.0128564	1097.28	56.3224	
0.0-2.4	6.5-30.0	0.0-100.0	1.178-1.571	0.008	0.152	4694.0	4692.0	2866.15	59.4541	1825.7	49.9432	-0.321368	0.0922667	-0.05	0.0	0.413464	0.0	3.09296	0.0	0.0469922	0.0	0.0244095	0.0	0.03	0.0	1.492	0.0	5.0	0.0	1.733	0.0	0.0355318	0.0	1.96612e-05	0.00459023	0.185276	0.00870119	0.449361	0.193671	0.00205439	0.00260759	0.000780505	0.000933889	1.48015	0.117135	0.764835	0.0249873	0.65743	0.0439752	0.97665	0.0182301	0.508363	0.0380346	0.0705915	3.76467e-07	0.169086	0.0145555	0.462556	0.229261	-8432.66	4.0	9.84448e-05	-38375.2	3.0	2.6649e-05	1.0	2081.73	57.3844	784.421	41.1461	0.273684	0.0131856	1143.06	76.2203	
0.0-2.4	6.5-30.0	10.0-20.0	0.000-0.393	0.008	0.128	1449.0	1447.0	784.353	31.6842	662.642	29.7019	0.154518	0.151909	-0.05	0.0	0.413464	0.0	3.09296	0.0	0.0469922	0.0	0.0249349	0.0	0.03	0.0	1.492	0.0	5.0	0.0	1.733	0.0	0.0357452	0.0	1.2601e-05	0.000103615	0.206095	0.0167295	0.16485	0.0	0.00394979	0.0	-0.00180286	0.00140111	1.76859	0.0	0.952061	0.034956	0.916412	0.168091	0.780512	0.830837	0.632152	0.111985	0.0708991	1.45206	0.133857	0.00852861	0.132139	0.210207	-2411.02	4.0	1.48632e-05	-9967.73	3.0	1.45044e-06	1.0	542.196	29.8357	242.157	22.4978	0.308735	0.02583	1128.11	12.3188	
0.0-2.4	6.5-30.0	10.0-20.0	0.000-1.571	0.008	0.16	5132.0	5131.0	2841.73	60.9728	2288.99	56.2579	-0.197626	0.0819783	-0.05	0.0	0.413464	0.0	3.09296	0.0	0.0469922	0.0	0.0249349	0.000966291	0.03	0.0	1.492	0.0	5.0	0.0	1.733	0.0	0.0357452	0.00019768	1.00282e-05	0.000232918	0.198708	0.00912779	0.16485	0.0	0.00394979	0.0	-0.000628369	0.000763299	1.76859	0.0	0.952521	0.0204395	0.710488	0.0544759	0.930536	0.0427488	0.522942	0.0438456	0.0706582	1.894e-09	0.136266	0.0116346	0.2802	0.0893284	-8540.6	4.0	3.40544e-05	-41911.4	4.0	1.5164e-05	1.0	2034.71	58.4662	807.027	42.5699	0.283991	0.013685	1128.43	7.20447	
0.0-2.4	6.5-30.0	10.0-20.0	0.393-0.785	0.008	0.128	1311.0	1306.0	707.206	30.1664	598.725	28.3116	-0.183842	0.160043	-0.05	0.0	0.413464	0.0	3.09296	0.0	0.0469922	0.0	0.0249349	0.0	0.03	0.0	1.492	0.0	5.0	0.0	1.733	0.0	0.0357452	0.0	1.64982e-05	0.00459169	0.192344	0.0199922	0.16485	0.0	0.00394979	0.0	-0.000232771	0.00154074	1.76859	0.0	0.962107	0.0425854	0.647325	0.0881107	0.941546	0.0718917	0.369895	0.0975928	0.0706108	5.26323e-09	0.128222	0.0177528	0.22359	0.184484	-2176.45	4.0	1.06888e-05	-8853.54	3.0	4.13245e-06	1.0	544.808	30.0755	162.398	20.3092	0.229633	0.0269953	1135.21	15.0711	
0.0-2.4	6.5-30.0	10.0-20.0	0.785-1.178	0.008	0.152	1233.0	1232.0	689.622	29.6191	542.307	27.018	-0.305108	0.168573	-0.05	0.0	0.413464	0.0	3.09296	0.0	0.0469922	0.0	0.0249349	0.0	0.03	0.0	1.492	0.0	5.0	0.0	1.733	0.0	0.0357452	0.0	2.75139e-05	0.00458662	0.211612	0.0208493	0.16485	0.0	0.00394979	0.0	-0.00024571	0.00145665	1.76859	0.0	0.952035	0.0399003	0.999971	0.732048	0.434308	0.208867	0.617432	0.146627	0.0706936	5.85497e-05	0.228985	0.0501581	0.0902557	0.0323978	-2091.57	4.0	7.67281e-05	-8315.17	3.0	9.05661e-06	1.0	508.608	28.3088	181.014	19.6124	0.262483	0.0261094	1128.09	14.0611	
0.0-2.4	6.5-30.0	10.0-20.0	1.178-1.571	0.008	0.12	1139.0	1135.0	662.283	28.7893	472.66	25.2827	-0.599962	0.182498	-0.05	0.0	0.413464	0.0	3.09296	0.0	0.0469922	0.0	0.0249349	0.0	0.03	0.0	1.492	0.0	5.0	0.0	1.733	0.0	0.0357452	0.0	2.02273e-05	0.00458997	0.184245	0.0161506	0.16485	0.0	0.00394979	0.0	0.00039199	0.00175877	1.76859	0.0	0.959903	0.0493961	0.645939	0.0811381	0.938043	0.0630586	0.472299	0.0825527	0.0704541	9.77597e-11	0.140226	0.022498	0.345921	0.206687	-1877.43	4.0	3.59388e-06	-7611.82	3.0	3.78119e-06	1.0	440.624	27.8222	221.658	22.3617	0.334688	0.0304693	1133.65	17.4653	
0.0-2.4	6.5-30.0	10.0-30.0	0.000-0.393	0.008	0.128	2466.0	2463.0	1381.02	41.8018	1081.98	38.057	0.0492553	0.119008	-0.05	0.0	0.413464	0.0	3.09296	0.0	0.0469922	0.0	0.0241583	0.0	0.03	0.0	1.492	0.0	5.0	0.0	1.733	0.0	0.035431	0.0	1.2601e-05	0.000103615	0.225024	0.0147287	0.16485	0.0	0.00394979	0.0	0.0023441	1.46357e-08	1.76859	0.0	0.890178	0.0256466	0.99515	0.931348	0.382982	0.361735	0.344546	0.66635	0.0704408	4.06767e-09	0.111201	0.0512012	0.0705737	0.107845	-4307.54	4.0	8.83656e-08	-18357.7	3.0	1.91735e-06	1.0	1034.51	38.9378	346.507	25.4092	0.250907	0.0167583	1085.09	8.78567	
0.0-2.4	6.5-30.0	10.0-30.0	0.000-1.571	0.004	0.164	8730.0	8729.0	5070.38	80.4399	3657.86	71.1199	-0.19171	0.0649346	-0.05	0.0	0.413464	0.0	3.09296	0.0	0.0469922	0.0	0.0241583	0.000686637	0.03	0.0	1.492	0.0	5.0	0.0	1.733	0.0	0.035431	0.000137301	1.00384e-05	0.000248775	0.201151	0.00698291	0.16485	0.0	0.00394979	0.0	4.72492e-05	0.000550357	1.76859	0.0	0.923153	0.0147678	0.67657	0.0366508	0.968197	0.0205508	0.514745	0.0316917	0.0706254	4.44867e-07	0.141688	0.00842393	0.316595	0.109104	-15317.3	4.0	6.65789e-05	-76397.0	4.0	7.95313e-05	1.0	3686.84	77.0089	1383.54	54.6901	0.272867	0.00987939	1107.86	5.1385	
0.0-2.4	6.5-30.0	10.0-30.0	0.393-0.785	0.008	0.145	2265.0	2264.0	1279.2	40.1241	984.794	36.2702	-0.177204	0.124936	-0.05	0.0	0.413464	0.0	3.09296	0.0	0.0469922	0.0	0.0241583	0.0	0.03	0.0	1.492	0.0	5.0	0.0	1.733	0.0	0.035431	0.0	1.89238e-05	0.00459057	0.186236	0.013187	0.16485	0.0	0.00394979	0.0	-0.0001046	0.00112415	1.76859	0.0	0.961137	0.0312042	0.698598	0.0971363	0.941676	0.0676497	0.511711	0.0969236	0.0706755	1.13522e-08	0.141996	0.0163718	0.280407	0.161633	-3908.7	4.0	2.95464e-05	-16705.4	3.0	2.32977e-06	1.0	938.403	39.3375	340.797	28.2013	0.266414	0.0204009	1134.52	11.0388	
0.0-2.4	6.5-30.0	10.0-30.0	0.785-1.178	0.008	0.152	2035.0	2034.0	1217.45	38.77	816.517	33.2003	-0.352919	0.137879	-0.05	0.0	0.413464	0.0	3.09296	0.0	0.0469922	0.0	0.0241583	0.0	0.03	0.0	1.492	0.0	5.0	0.0	1.733	0.0	0.035431	0.0	2.75139e-05	0.00458662	0.21816	0.015546	0.16485	0.0	0.00394979	0.0	-0.000321873	0.00107913	1.76859	0.0	0.927189	0.0294398	0.715836	0.0969898	1.0	0.00402116	0.602787	0.0746164	0.0843981	0.0228054	0.167691	0.0207768	3.4077	5.44072	-3657.17	4.0	1.74315e-07	-14905.0	3.0	8.86753e-06	1.0	898.82	36.8552	318.629	25.3373	0.261718	0.0190701	1110.67	10.2624	
0.0-2.4	6.5-30.0	10.0-30.0	1.178-1.571	0.008	0.145	1964.0	1963.0	1192.35	38.3645	770.619	32.4056	-0.366593	0.142076	-0.05	0.0	0.413464	0.0	3.09296	0.0	0.0469922	0.0	0.0241583	0.0	0.03	0.0	1.492	0.0	5.0	0.0	1.733	0.0	0.035431	0.0	1.49137e-05	0.00459242	0.187234	0.0128437	0.16485	0.0	0.00394979	0.0	0.000200184	0.00120558	1.76859	0.0	0.913236	0.0337357	0.617182	0.0540033	0.968439	0.0289457	0.475667	0.0650466	0.0705132	7.06378e-09	0.158136	0.0191323	0.40077	0.234032	-3438.71	4.0	1.47925e-05	-14330.2	3.0	4.55849e-06	1.0	828.935	37.0451	363.418	28.2438	0.304791	0.021562	1100.98	11.685	
0.0-2.4	6.5-30.0	10.0-60.0	0.000-0.393	0.008	0.152	3651.0	3650.0	2176.77	51.8503	1473.14	44.5523	-0.0985139	0.102283	-0.05	0.0	0.413464	0.0	3.09296	0.0	0.0469922	0.0	0.0246284	0.0	0.03	0.0	1.492	0.0	5.0	0.0	1.733	0.0	0.0356203	0.0	1.26244e-05	0.000102978	0.196045	0.0105388	0.16485	0.0	0.00394979	0.0	-0.000261018	0.000790981	1.76859	0.0	0.876022	0.0202461	0.930268	10.402	0.57759	2.5459	0.525813	2.11982	0.0719929	12.5783	0.156607	0.0448708	0.0706548	6.49535e-07	-6765.19	4.0	2.08191e-06	-28870.7	3.0	4.23344e-06	1.0	1602.08	49.9413	574.69	35.0034	0.264011	0.0147998	1075.43	6.88669	
0.0-2.4	6.5-30.0	10.0-60.0	0.000-1.571	0.004	0.164	12939.0	12937.0	8101.0	100.23	4835.18	82.3423	-0.274846	0.0567296	-0.05	0.0	0.413464	0.0	3.09296	0.0	0.0469922	0.0	0.0246284	0.000534034	0.03	0.0	1.492	0.0	5.0	0.0	1.733	0.0	0.0356203	0.000108286	1.00384e-05	0.000248775	0.192771	0.00541959	0.16485	0.0	0.00394979	0.0	1.277e-05	0.00043477	1.76859	0.0	0.903379	0.0116923	0.687399	0.0587448	0.982288	0.0111623	0.504368	0.0478682	0.070459	0.0134428	0.157404	0.00803126	0.461563	0.170284	-24062.3	4.0	3.92237e-06	-119332.0	4.0	0.000116229	1.0	5944.58	96.8495	2156.42	68.426	0.266192	0.00777805	1094.16	4.03108	
0.0-2.4	6.5-30.0	10.0-60.0	0.393-0.785	0.008	0.145	3385.0	3384.0	2094.47	50.5796	1289.49	41.8746	-0.321912	0.109846	-0.05	0.0	0.413464	0.0	3.09296	0.0	0.0469922	0.0	0.0246284	0.0	0.03	0.0	1.492	0.0	5.0	0.0	1.733	0.0	0.0356203	0.0	1.89238e-05	0.00459057	0.183375	0.0105053	0.16485	0.0	0.00394979	0.0	-0.000325765	0.000895807	1.76859	0.0	0.957969	0.025149	0.688482	0.0597439	0.962088	0.0350195	0.513165	0.0666683	0.0706459	3.08218e-09	0.165446	0.0161151	0.342011	0.176693	-6213.78	4.0	2.69512e-05	-26642.2	3.0	1.13795e-05	1.0	1554.64	49.8444	539.838	35.2836	0.257744	0.015654	1132.28	8.88492	
0.0-2.4	6.5-30.0	10.0-60.0	0.785-1.178	0.008	0.152	2995.0	2994.0	1931.63	48.3122	1062.38	38.2754	-0.31065	0.121268	-0.05	0.0	0.413464	0.0	3.09296	0.0	0.0469922	0.0	0.0246284	0.0	0.03	0.0	1.492	0.0	5.0	0.0	1.733	0.0	0.0356203	0.0	2.75139e-05	0.00458662	0.201485	0.0117334	0.16485	0.0	0.00394979	0.0	6.81811e-05	0.000875164	1.76859	0.0	0.898483	0.0234377	0.695692	0.0694483	0.989481	0.0167985	0.525205	0.0621167	0.0704724	1.67176e-08	0.165274	0.0208585	0.730137	0.650329	-5714.61	4.0	1.77998e-05	-23336.7	3.0	1.71964e-05	1.0	1432.87	46.6034	498.767	32.2981	0.25821	0.0154231	1090.79	8.06154	
0.0-2.4	6.5-30.0	10.0-60.0	1.178-1.571	0.008	0.152	2908.0	2907.0	1900.16	47.9069	1006.78	37.4395	-0.43521	0.124921	-0.05	0.0	0.413464	0.0	3.09296	0.0	0.0469922	0.0	0.0246284	0.0	0.03	0.0	1.492	0.0	5.0	0.0	1.733	0.0	0.0356203	0.0	1.96612e-05	0.00459023	0.191005	0.0106058	0.16485	0.0	0.00394979	0.0	0.000243946	0.000941985	1.76859	0.0	0.894177	0.0257508	0.642534	0.0602564	0.976674	0.0178594	0.43968	0.0557481	0.0705873	6.98624e-07	0.167388	0.0174558	0.538249	0.294945	-5386.96	4.0	1.40053e-05	-22596.7	3.0	1.52679e-05	1.0	1352.98	46.3592	547.177	34.2914	0.287964	0.0165218	1087.83	8.83865	
0.0-2.4	6.5-30.0	20.0-30.0	0.000-0.393	0.008	0.105	1017.0	1014.0	597.768	27.278	416.231	23.7184	-0.100049	0.192049	-0.05	0.0	0.413464	0.0	3.09296	0.0	0.0469922	0.0	0.0232237	0.0	0.03	0.0	1.492	0.0	5.0	0.0	1.733	0.0	0.0350625	0.0	1.25371e-05	0.000105445	0.229151	0.025719	0.16485	0.0	0.00394979	0.0	0.00306372	0.00146338	1.76859	0.0	0.890868	0.0371223	0.623542	0.294703	0.940501	0.875229	0.473453	0.211713	0.0704903	0.0409081	0.119496	0.0767712	0.0705284	3.6264	-1911.46	4.0	2.12499e-07	-6710.58	3.0	6.84215e-07	1.0	473.184	26.1951	124.584	15.8824	0.208416	0.024809	1085.56	12.7212	
0.0-2.4	6.5-30.0	20.0-30.0	0.000-1.571	0.008	0.136	3598.0	3594.0	2226.36	52.4572	1367.45	43.5091	-0.18763	0.106388	-0.05	0.0	0.413464	0.0	3.09296	0.0	0.0469922	0.0	0.0232237	0.000964018	0.03	0.0	1.492	0.0	5.0	0.0	1.733	0.0	0.0350625	0.000187257	3.37928e-05	7.02542e-05	0.205201	0.0108553	0.16485	0.0	0.00394979	0.0	0.000832549	0.000790079	1.76859	0.0	0.885633	0.021253	0.651088	0.620896	0.978185	1.10719	0.505056	0.231512	0.0706091	0.110547	0.147841	0.067438	0.0705077	1.29961e-05	-6800.98	4.0	1.86959e-06	-28550.2	4.0	2.05006e-05	1.0	1650.37	50.1007	575.986	34.3823	0.258713	0.0141894	1081.98	7.26424	
0.0-2.4	6.5-30.0	20.0-30.0	0.393-0.785	0.008	0.105	954.0	947.0	573.04	26.4228	373.874	22.3376	-0.14336	0.202769	-0.05	0.0	0.413464	0.0	3.09296	0.0	0.0469922	0.0	0.0232237	0.0	0.03	0.0	1.492	0.0	5.0	0.0	1.733	0.0	0.0350625	0.0	2.76412e-05	0.127705	0.18307	0.0177406	0.16485	0.0	0.00394979	0.0	0.000328231	0.00164137	1.76859	0.0	0.954851	0.0466504	0.764636	0.00763277	1.0	11.0073	0.655479	0.00584479	0.070587	4.26227e-09	0.169025	0.0025561	0.154691	46.0052	-1749.18	4.0	9.45407e-05	-6244.2	3.0	5.66153e-05	1.0	398.909	25.3809	174.131	19.244	0.303872	0.0305197	1130.08	16.4595	
0.0-2.4	6.5-30.0	20.0-30.0	0.785-1.178	0.008	0.12	802.0	800.0	526.07	24.9615	273.866	19.2571	-0.444898	0.239181	-0.05	0.0	0.413464	0.0	3.09296	0.0	0.0469922	0.0	0.0232237	0.0	0.03	0.0	1.492	0.0	5.0	0.0	1.733	0.0	0.0350625	0.0	1.26912e-05	0.00459344	0.225544	0.0234125	0.16485	0.0	0.00394979	0.0	-0.00075252	0.0015742	1.76859	0.0	0.86722	0.0425251	0.709404	0.138101	0.999945	4.28417	0.476676	0.123685	0.0704545	1.27524e-08	0.13394	0.0260811	0.0771856	2.35962e-05	-1575.24	4.0	2.93143e-06	-5219.08	3.0	3.53762e-05	1.0	387.003	23.4896	139.068	16.0658	0.264352	0.0278444	1069.45	14.3995	
0.0-2.4	6.5-30.0	20.0-30.0	1.178-1.571	0.008	0.128	825.0	823.0	529.516	25.3297	293.44	20.1379	-0.0271578	0.229236	-0.05	0.0	0.413464	0.0	3.09296	0.0	0.0469922	0.0	0.0232237	0.0	0.03	0.0	1.492	0.0	5.0	0.0	1.733	0.0	0.0350625	0.0	3.66622e-05	0.000202958	0.191634	0.0212987	0.16485	0.0	0.00394979	0.0	-0.000509274	0.00163412	1.76859	0.0	0.849413	0.0455207	0.705403	0.805739	0.572855	0.635744	0.395116	0.188462	0.0704459	0.221912	0.210623	0.105069	0.0718397	0.125106	-1564.79	4.0	5.45176e-06	-5351.24	3.0	1.2123e-05	1.0	388.153	24.5069	141.363	17.3655	0.266967	0.0302065	1057.45	15.2687	
0.0-2.4	6.5-30.0	30.0-60.0	0.000-0.393	0.008	0.12	1185.0	1183.0	794.418	30.6069	388.566	23.0424	-0.481725	0.201426	-0.05	0.0	0.413464	0.0	3.09296	0.0	0.0469922	0.0	0.0253403	0.0	0.03	0.0	1.492	0.0	5.0	0.0	1.733	0.0	0.035912	0.0	1.2559e-05	0.000104568	0.167605	0.015001	0.16485	0.0	0.00394979	0.0	-0.000745385	0.00121743	1.76859	0.0	0.81503	0.0321205	0.883177	0.0732368	0.999983	6.47184	0.608088	0.0453132	0.0707648	0.0261988	0.176509	0.0175017	0.0802467	32.346	-2470.52	4.0	4.24886e-06	-8199.47	3.0	4.27245e-07	1.0	584.602	29.9122	209.816	21.2789	0.264113	0.0247774	1034.6	10.5661	
0.0-2.4	6.5-30.0	30.0-60.0	0.000-1.571	0.008	0.145	4209.0	4207.0	3031.92	59.7317	1175.47	41.3675	-0.540081	0.116791	-0.05	0.0	0.413464	0.0	3.09296	0.0	0.0469922	0.0	0.0253403	0.000859928	0.03	0.0	1.492	0.0	5.0	0.0	1.733	0.0	0.035912	0.00017795	3.69686e-05	0.0287936	0.177091	0.00841049	0.16485	0.0	0.00394979	0.0	-0.000553147	0.000706136	1.76859	0.0	0.859925	0.0189752	0.909903	7.04209	0.64214	6.02858	0.434201	2.37455	0.0707647	1.83673e-07	0.221966	0.308714	0.0713643	0.603229	-8847.11	4.0	1.39294e-06	-34843.7	4.0	5.95581e-05	1.0	2247.76	58.7407	784.16	41.5711	0.258635	0.0127292	1064.52	6.40069	
0.0-2.4	6.5-30.0	30.0-60.0	0.393-0.785	0.008	0.12	1120.0	1120.0	816.429	30.7225	303.539	20.7596	-0.804462	0.232103	-0.05	0.0	0.413464	0.0	3.09296	0.0	0.0469922	0.0	0.0253403	0.0	0.03	0.0	1.492	0.0	5.0	0.0	1.733	0.0	0.035912	0.0	1.53356e-05	0.00459222	0.174336	0.0175242	0.16485	0.0	0.00394979	0.0	-0.00164393	0.00147306	1.76859	0.0	0.930538	0.0422917	0.999978	1.65924	0.469588	0.054158	0.415139	0.0329432	0.0708207	4.83061	0.265772	0.01891	0.0704542	0.00714466	-2342.09	4.0	6.70175e-06	-7817.85	3.0	5.99209e-06	1.0	611.969	30.7202	204.46	21.7396	0.250433	0.0249043	1113.01	14.7647	
0.0-2.4	6.5-30.0	30.0-60.0	0.785-1.178	0.008	0.12	960.0	958.0	714.411	28.7488	243.586	18.8597	-0.192294	0.255163	-0.05	0.0	0.413464	0.0	3.09296	0.0	0.0469922	0.0	0.0253403	0.0	0.03	0.0	1.492	0.0	5.0	0.0	1.733	0.0	0.035912	0.0	1.26912e-05	0.00459344	0.172835	0.0169771	0.16485	0.0	0.00394979	0.0	0.000198655	0.00151391	1.76859	0.0	0.858782	0.0389022	0.746269	0.0964997	0.985025	0.0184972	0.311051	0.105703	0.070584	0.0291896	0.161001	0.0266501	1.10146	1.07506	-2078.17	4.0	1.12357e-05	-6560.48	3.0	7.14467e-08	1.0	533.754	28.7429	180.657	20.4368	0.252875	0.0267354	1063.75	13.1145	
0.0-2.4	6.5-30.0	30.0-60.0	1.178-1.571	0.008	0.12	944.0	941.0	706.69	28.6112	234.302	18.6075	-0.65877	0.262624	-0.05	0.0	0.413464	0.0	3.09296	0.0	0.0469922	0.0	0.0253403	0.0	0.03	0.0	1.492	0.0	5.0	0.0	1.733	0.0	0.035912	0.0	2.02273e-05	0.00458997	0.196679	0.018611	0.16485	0.0	0.00394979	0.0	0.000401733	0.00150649	1.76859	0.0	0.873611	0.0393381	0.710727	0.125133	1.0	0.0356985	0.367761	0.121548	0.0705471	0.0279264	0.212101	0.0321088	0.658437	3.61608	-1975.0	4.0	1.61554e-06	-6428.79	3.0	8.44931e-07	1.0	521.919	27.7829	184.771	19.5282	0.26146	0.0255254	1073.79	13.3644	
0.0-2.4	6.5-8.0	0.0-100.0	0.000-0.393	0.016	0.136	2435.0	2430.0	1025.49	38.5416	1404.56	43.179	-0.142936	0.104223	-0.05	0.0	0.366656	0.0	3.09164	0.0	0.0533603	0.0	0.0281511	0.0	0.03	0.0	1.492	0.0	5.0	0.0	1.733	0.0	0.039318	0.0	0.000283738	0.00239569	0.217007	0.0204234	0.3824	0.121469	0.00999999	0.00341546	0.00171066	0.00144544	1.80181	0.174802	0.872052	0.0297655	0.999858	0.151388	0.610085	0.133909	0.739126	0.0434256	0.0708487	0.772927	0.144332	0.0250354	0.123732	0.0374516	-3512.03	4.0	1.59552e-05	-17491.7	3.0	2.9154e-05	1.0	819.801	38.0237	205.694	23.5851	0.20058	0.0217282	1308.11	74.0786	
0.0-2.4	6.5-8.0	0.0-100.0	0.000-1.571	0.016	0.16	8652.0	8649.0	3902.12	92.7168	4746.94	97.1596	-0.0943895	0.0590292	-0.05	0.0	0.366656	0.0977716	3.09164	0.000788131	0.0533603	0.00555416	0.0281511	0.00181907	0.03	0.0	1.492	0.0	5.0	0.0	1.733	0.0	0.0393179	0.00192655	2.99332e-05	0.00458551	0.211003	0.0102061	0.247328	0.092515	0.00999999	0.0035556	0.00197546	0.000716718	1.76918	0.144226	0.923238	0.0161391	0.565955	0.0581441	0.940811	0.0552228	0.585406	0.0445439	0.0705797	0.0135914	0.140083	0.0109276	0.246045	0.0962437	-12641.8	4.0	6.50729e-07	-73573.6	7.0	1.60419e-05	1.0	3102.22	85.5245	799.902	47.3542	0.204992	0.0111151	1189.83	51.8243	
0.0-2.4	6.5-8.0	0.0-100.0	0.393-0.785	0.016	0.145	2256.0	2254.0	953.342	37.1213	1300.74	41.5367	-0.185883	0.108375	-0.05	0.0	0.366656	0.0	3.09164	0.0	0.0533603	0.0	0.0281511	0.0	0.03	0.0	1.492	0.0	5.0	0.0	1.733	0.0	0.039318	0.0	5.71468e-05	0.0356234	0.200382	0.0203595	0.840202	0.0613475	0.00435761	0.0029239	-0.00285808	0.00440062	1.29411	0.0495922	0.616408	0.151699	0.781228	3012.61	0.659779	9339.72	0.660098	225.195	0.0704813	1360.4	0.147169	215.923	0.137874	683.993	-3144.59	4.0	6.45376e-05	-16059.8	3.0	4.07032e-05	1.0	760.863	36.4838	192.479	22.5723	0.2019	0.0223338	1211.54	28.3178	
0.0-2.4	6.5-8.0	0.0-100.0	0.785-1.178	0.016	0.152	2084.0	2083.0	1009.4	37.1814	1073.6	38.0349	0.0538132	0.1194	-0.05	0.0	0.366656	0.0	3.09164	0.0	0.0533603	0.0	0.0281511	0.0	0.03	0.0	1.492	0.0	5.0	0.0	1.733	0.0	0.039318	0.0	0.000162346	0.00052087	0.211434	0.0191804	0.125882	0.127257	0.00999964	0.014763	0.00156131	0.00132445	1.93842	0.430428	0.966225	0.0311374	0.532282	4.11859	0.971482	14.3602	0.518789	2.55751	0.0704588	1.08535e-07	0.134391	1.29961	0.0715255	1.50785e-05	-3182.22	4.0	2.03055e-05	-14856.1	3.0	2.34365e-07	1.0	793.637	36.5316	215.762	23.3046	0.213753	0.0217036	1135.37	92.3839	
0.0-2.4	6.5-8.0	0.0-100.0	1.178-1.571	0.016	0.152	1877.0	1875.0	914.557	35.4276	960.317	36.0674	-0.0588406	0.126236	-0.05	0.0	0.366656	0.0	3.09164	0.0	0.0533603	0.0	0.0281511	0.0	0.03	0.0	1.492	0.0	5.0	0.0	1.733	0.0	0.039318	0.0	0.00037077	0.135166	0.21711	0.0214706	0.647334	0.789382	0.00754825	0.00409297	-0.000423791	0.00194094	1.39691	0.229244	0.600005	0.170447	0.493221	0.0735012	0.911198	0.0935792	0.596516	0.0607604	0.070862	0.0184281	0.185195	0.030835	0.304199	0.169427	-2813.63	4.0	3.26125e-05	-13174.1	3.0	1.39221e-05	1.0	730.467	34.3517	184.09	20.7414	0.201289	0.0212967	1179.04	280.904	
0.0-2.4	6.5-8.0	10.0-60.0	0.000-0.393	0.016	0.128	1520.0	1517.0	692.555	31.1011	824.503	33.154	-0.15795	0.13616	-0.05	0.0	0.366656	0.0	3.09164	0.0	0.0533603	0.0	0.0275344	0.0	0.03	0.0	1.492	0.0	5.0	0.0	1.733	0.0	0.0390404	0.0	0.000280358	0.0026809	0.217466	0.0241917	0.247328	0.0	0.00999999	0.0	9.73683e-05	0.00160685	1.76918	0.0	0.918339	0.0333322	0.826276	0.000358228	1.0	0.03759	0.73026	0.000213776	0.114559	0.000200401	0.139916	9.92574e-05	0.487426	63.0862	-2336.61	4.0	1.98009e-06	-10278.9	3.0	1.29851e-05	1.0	548.22	30.5855	144.335	19.2711	0.208409	0.026205	1186.97	9.70516	
0.0-2.4	6.5-8.0	10.0-60.0	0.000-1.571	0.016	0.16	5214.0	5212.0	2632.75	60.5465	2579.08	60.0996	-0.138728	0.0771983	-0.05	0.0	0.366656	0.0	3.09164	0.0	0.0533603	0.0	0.0275344	0.00101223	0.03	0.0	1.492	0.0	5.0	0.0	1.733	0.0	0.0390404	0.000226075	2.99332e-05	0.00458551	0.202968	0.0115804	0.247328	0.0	0.00999999	0.0	0.000660533	0.00088804	1.76918	0.0	0.912206	0.0193182	0.626111	0.0660489	0.905416	0.0672532	0.657482	0.0375899	0.0706882	1.03361e-07	0.151313	0.0157119	0.249487	0.0822629	-8194.14	4.0	1.13997e-07	-42101.7	4.0	5.80892e-05	1.0	2060.38	59.6665	572.376	38.5769	0.217406	0.0137733	1183.41	5.60404	
0.0-2.4	6.5-8.0	10.0-60.0	0.393-0.785	0.016	0.145	1355.0	1354.0	674.052	30.2364	680.031	30.3341	-0.11836	0.150167	-0.05	0.0	0.366656	0.0	3.09164	0.0	0.0533603	0.0	0.0275344	0.0	0.03	0.0	1.492	0.0	5.0	0.0	1.733	0.0	0.0390404	0.0	5.71468e-05	0.0356234	0.188256	0.0225341	0.247328	0.0	0.00999999	0.0	0.00118844	0.00197017	1.76918	0.0	1.0293	0.0412982	0.608956	0.230443	0.81962	0.217481	0.685131	0.073608	0.070754	2.09927e-08	0.147645	0.0402816	0.233569	0.123649	-2103.0	4.0	2.95707e-06	-9096.15	3.0	6.78595e-05	1.0	536.512	30.6493	137.54	19.9559	0.204049	0.0281555	1253.62	12.7609	
0.0-2.4	6.5-8.0	10.0-60.0	0.785-1.178	0.016	0.152	1201.0	1200.0	653.802	29.2712	546.181	27.3709	-0.098661	0.167884	-0.05	0.0	0.366656	0.0	3.09164	0.0	0.0533603	0.0	0.0275344	0.0	0.03	0.0	1.492	0.0	5.0	0.0	1.733	0.0	0.0390404	0.0	0.000162346	0.00052087	0.195042	0.0218543	0.247328	0.0	0.00999999	0.0	-0.00107956	0.00171271	1.76918	0.0	0.859782	0.0376749	0.813782	0.902349	0.592399	0.668725	0.59953	0.306315	0.119561	0.0764137	0.151706	0.0754277	0.0711948	0.384199	-2000.82	4.0	4.14416e-07	-8005.99	3.0	1.1537e-06	1.0	509.524	29.0736	144.278	19.1474	0.220675	0.0275694	1153.49	10.5683	
0.0-2.4	6.5-8.0	10.0-60.0	1.178-1.571	0.016	0.136	1138.0	1136.0	612.934	28.4777	522.998	26.8524	-0.157593	0.171492	-0.05	0.0	0.366656	0.0	3.09164	0.0	0.0533603	0.0	0.0275344	0.0	0.03	0.0	1.492	0.0	5.0	0.0	1.733	0.0	0.0390404	0.0	1.00919e-05	0.00212113	0.210138	0.0232852	0.247328	0.0	0.00999999	0.0	0.00149966	0.00177505	1.76918	0.0	0.833972	0.0417267	0.473006	0.0795843	0.921677	0.0749985	0.601495	0.0659876	0.0705698	1.38201e-07	0.20814	0.0409401	0.3665	0.203363	-1771.31	4.0	2.90137e-06	-7501.16	3.0	5.89489e-06	1.0	464.889	27.7365	148.046	18.7108	0.241536	0.0283891	1139.13	11.4965	
0.0-2.4	8.0-10.0	0.0-100.0	0.000-0.393	0.008	0.152	1732.0	1730.0	1073.85	36.1633	656.154	29.8345	0.0983081	0.153101	-0.05	0.0	0.454878	0.0	3.09292	0.0	0.0461922	0.0	0.0224174	0.0	0.03	0.0	1.492	0.0	5.0	0.0	1.733	0.0	0.0352779	0.0	3.80818e-05	0.00458177	0.18791	0.0142528	0.478672	0.341365	0.000146721	0.00440494	0.00111968	0.00157307	1.46886	0.220449	0.753767	0.0389351	0.737296	0.185455	0.746255	0.253924	0.518076	0.0740414	0.0707626	0.0445631	0.165637	0.0248555	0.0707628	0.0370559	-3242.93	4.0	1.13138e-06	-12479.7	3.0	8.84132e-07	1.0	790.593	34.6944	283.253	24.2041	0.263775	0.0207154	1152.8	135.674	
0.0-2.4	8.0-10.0	0.0-100.0	0.000-1.571	0.008	0.152	6217.0	6214.0	3920.42	76.6428	2293.9	65.1663	-0.176744	0.0843832	-0.05	0.0	0.454878	0.0688842	3.09292	0.000629594	0.0461922	0.00281382	0.0224174	0.00145519	0.03	0.0	1.492	0.0	5.0	0.0	1.733	0.0	0.0352779	0.00118312	8.77568e-05	0.000222665	0.194818	0.00786404	0.22052	0.162925	0.000482536	0.00445097	0.00110394	0.000690897	1.61158	0.193917	0.912564	0.0185871	0.728835	0.690887	0.889324	2.57872	0.546807	0.217054	0.0706142	2.86608e-08	0.187072	0.0940391	0.0708301	3.68081e-07	-11584.5	4.0	4.54915e-05	-52902.6	7.0	9.76481e-05	1.0	2869.89	71.0801	1050.53	48.2324	0.267964	0.0111318	1105.38	72.35	
0.0-2.4	8.0-10.0	0.0-100.0	0.393-0.785	0.016	0.105	1639.0	1629.0	1038.0	35.3863	590.973	28.3757	-0.38746	0.162228	-0.05	0.0	0.454878	0.0	3.09292	0.0	0.0461922	0.0	0.0224174	0.0	0.03	0.0	1.492	0.0	5.0	0.0	1.733	0.0	0.0352779	0.0	0.000172932	0.00146308	0.204981	0.0160066	0.0247845	0.0475261	0.00888237	0.0102477	0.0002513	0.00142514	2.45426	1.19584	1.25012	0.038861	0.999997	0.109163	1.0	0.0263985	0.692794	0.0487007	0.0705463	0.773133	0.211533	0.0286064	1.10295	1.72853	-2881.48	4.0	8.17066e-05	-11697.9	3.0	4.14645e-06	1.0	746.596	34.8286	291.407	25.7665	0.280738	0.022904	1293.58	52.957	
0.0-2.4	8.0-10.0	0.0-100.0	0.785-1.178	0.008	0.145	1450.0	1450.0	908.837	33.1892	541.16	27.0897	-0.0991689	0.168806	-0.05	0.0	0.454878	0.0	3.09292	0.0	0.0461922	0.0	0.0224174	0.0	0.03	0.0	1.492	0.0	5.0	0.0	1.733	0.0	0.0352779	0.0	9.83527e-05	0.000854857	0.227303	0.0197949	0.140897	0.302584	0.00619959	0.0180756	0.00134191	0.00126737	1.66473	0.645363	0.91865	0.0332027	0.672085	0.270434	0.799194	0.76532	0.489682	0.236541	0.0705874	1.1067e-06	0.176459	0.0654883	0.0705092	7.09456e-09	-2726.6	4.0	4.37127e-05	-10231.0	3.0	9.59654e-07	1.0	693.616	31.7935	215.221	20.7608	0.236809	0.021143	1056.17	156.033	
0.0-2.4	8.0-10.0	0.0-100.0	1.178-1.571	0.008	0.128	1396.0	1395.0	903.482	32.9224	491.496	25.9208	-0.341548	0.177962	-0.05	0.0	0.454878	0.0	3.09292	0.0	0.0461922	0.0	0.0224174	0.0	0.03	0.0	1.492	0.0	5.0	0.0	1.733	0.0	0.0352779	0.0	0.000173321	0.000555349	0.168753	0.0142118	0.273985	0.249386	-0.00287811	0.0073307	0.00196045	0.00153515	1.5396	0.259169	0.889023	0.0422711	0.67738	0.0857617	1.0	0.00633831	0.595315	0.0681862	0.0706102	9.86472e-09	0.224537	0.0324782	4.63482	1.09237	-2699.61	4.0	0.000107174	-9841.56	3.0	6.05248e-06	1.0	653.272	32.5088	250.209	23.9433	0.276939	0.0245045	1106.01	102.604	
0.0-2.4	8.0-10.0	10.0-60.0	0.000-0.393	0.008	0.145	1133.0	1132.0	728.405	29.5387	403.578	23.4036	-0.00644413	0.195372	-0.05	0.0	0.454878	0.0	3.09292	0.0	0.0461922	0.0	0.0230414	0.0	0.03	0.0	1.492	0.0	5.0	0.0	1.733	0.0	0.0354963	0.0	8.51781e-05	0.000319537	0.178931	0.0170827	0.22052	0.0	0.000482536	0.0	0.000204692	0.0015115	1.61158	0.0	0.846924	0.037968	0.703797	0.632193	0.999998	10.1885	0.444614	0.57732	0.0706505	0.169605	0.139659	0.041368	0.0705778	1.24486e-07	-2228.78	4.0	1.39513e-05	-7737.54	3.0	7.11165e-07	1.0	545.412	28.8562	182.993	19.9636	0.251224	0.0254435	1063.88	11.78	
0.0-2.4	8.0-10.0	10.0-60.0	0.000-1.571	0.008	0.145	3916.0	3915.0	2606.77	56.0244	1307.99	42.8946	-0.313682	0.109285	-0.05	0.0	0.454878	0.0	3.09292	0.0	0.0461922	0.0	0.0230414	0.000963847	0.03	0.0	1.492	0.0	5.0	0.0	1.733	0.0	0.0354963	0.000170528	8.96232e-05	0.000224682	0.190486	0.00942092	0.22052	0.0	0.000482536	0.0	0.000681252	0.000833019	1.61158	0.0	0.868278	0.022188	0.67653	707.794	0.99997	208997.0	0.477319	589.699	0.0705619	5.99269e-05	0.182722	212.857	0.0705318	1099950.0	-7622.56	4.0	1.15237e-06	-31771.4	4.0	3.14336e-05	1.0	1913.72	54.2322	693.049	38.3583	0.265865	0.0135602	1077.21	6.97029	
0.0-2.4	8.0-10.0	10.0-60.0	0.393-0.785	0.008	0.12	1050.0	1049.0	691.392	28.6977	357.576	22.1302	-0.400585	0.20884	-0.05	0.0	0.454878	0.0	3.09292	0.0	0.0461922	0.0	0.0230414	0.0	0.03	0.0	1.492	0.0	5.0	0.0	1.733	0.0	0.0354963	0.0	0.000180866	0.000958622	0.180119	0.0178211	0.22052	0.0	0.000482536	0.0	0.000463098	0.00174345	1.61158	0.0	0.917642	0.0525519	0.771988	1.15119	0.816521	4.79263	0.48429	0.461142	0.0706614	5.97202e-08	0.228058	0.168438	0.0707807	2.03326e-06	-1990.83	4.0	9.32608e-05	-7122.09	3.0	5.19868e-06	1.0	496.969	28.2172	194.423	20.8766	0.281205	0.0278478	1108.65	16.9528	
0.0-2.4	8.0-10.0	10.0-60.0	0.785-1.178	0.008	0.112	893.0	890.0	594.954	26.6017	295.022	20.1933	-0.427886	0.230676	-0.05	0.0	0.454878	0.0	3.09292	0.0	0.0461922	0.0	0.0230414	0.0	0.03	0.0	1.492	0.0	5.0	0.0	1.733	0.0	0.0354963	0.0	0.000152887	0.000500196	0.229735	0.0227042	0.22052	0.0	0.000482536	0.0	0.00142264	0.00167075	1.61158	0.0	0.900076	0.0450381	0.795825	0.190151	0.999988	0.168479	0.658125	0.110685	0.0704733	0.0498893	0.174123	0.034955	0.122119	0.000551718	-1730.44	4.0	4.98518e-05	-5905.95	3.0	6.30803e-06	1.0	436.968	25.0931	157.985	17.2579	0.265542	0.026466	1097.37	14.3973	
0.0-2.4	8.0-10.0	10.0-60.0	1.178-1.571	0.008	0.12	840.0	839.0	593.292	26.3234	245.7	18.5831	-0.504546	0.25388	-0.05	0.0	0.454878	0.0	3.09292	0.0	0.0461922	0.0	0.0230414	0.0	0.03	0.0	1.492	0.0	5.0	0.0	1.733	0.0	0.0354963	0.0	0.000146321	0.00058429	0.178659	0.0183083	0.22052	0.0	0.000482536	0.0	-0.000525647	0.00182797	1.61158	0.0	0.85017	0.04739	0.639613	0.0692504	1.0	0.0272384	0.346019	0.0841572	0.0705153	1.34734e-08	0.206622	0.0320116	0.370562	5.99114	-1680.5	4.0	1.37385e-07	-5580.11	3.0	3.93449e-06	1.0	431.346	25.9488	161.945	18.9394	0.272961	0.029536	1065.89	14.7317	
1.2-1.6	6.5-30.0	0.0-100.0	0.000-0.393	0.008	0.136	1454.0	1452.0	775.968	31.807	676.032	30.1953	0.106433	0.150543	-0.05	0.0	0.455381	0.0	3.09129	0.0	0.0460715	0.0	0.0318109	0.0	0.03	0.0	1.492	0.0	5.0	0.0	1.733	0.0	0.0389577	0.0	2.98516e-05	0.00458555	0.175635	0.0165588	0.0855425	0.0676275	0.01	0.0144498	-0.000667919	0.001418	2.14949	0.498319	1.02069	0.035876	1.0	0.165904	0.541301	0.234101	0.547228	0.165593	0.0721153	0.771364	0.135539	0.0245229	0.0708538	0.0308523	-2443.17	4.0	7.16173e-06	-9938.88	3.0	1.34829e-07	1.0	574.214	31.6562	201.754	22.7268	0.260002	0.0272805	1161.0	66.9379	
1.2-1.6	6.5-30.0	0.0-100.0	0.000-1.571	0.008	0.136	5263.0	5256.0	2904.42	73.5705	2351.14	69.6915	-0.0367284	0.0873977	-0.05	0.0	0.455381	0.134426	3.09129	0.000955161	0.0460715	0.00372951	0.0318109	0.00248121	0.03	0.0	1.492	0.0	5.0	0.0	1.733	0.0	0.0389577	0.00149359	2.31047e-05	0.000294422	0.189471	0.00934795	0.103775	0.0507441	0.00999984	0.0195355	0.0022774	0.000729166	2.09199	0.256609	0.987023	0.0192486	0.604779	0.47871	0.998507	5.29649	0.539586	0.314967	0.0705661	1.61077e-07	0.162887	0.0682449	0.291421	27.9681	-8752.23	4.0	3.84659e-07	-42854.3	7.0	0.000143622	1.0	2162.89	67.4733	741.53	43.6328	0.255311	0.0135596	1152.08	45.196	
1.2-1.6	6.5-30.0	0.0-100.0	0.393-0.785	0.008	0.128	1427.0	1425.0	743.583	31.3999	681.415	30.394	-0.17177	0.150034	-0.05	0.0	0.455381	0.0	3.09129	0.0	0.0460715	0.0	0.0318109	0.0	0.03	0.0	1.492	0.0	5.0	0.0	1.733	0.0	0.0389577	0.0	1.04212e-05	0.0017469	0.186117	0.0174916	0.139479	0.194104	-0.00369186	0.0130029	0.00242391	0.00153086	1.8695	0.551205	0.998526	0.0398094	0.681398	0.819209	0.904253	0.796887	0.592123	0.384895	0.070655	0.219124	0.176639	0.0296275	0.180607	0.14179	-2247.86	4.0	4.75998e-05	-9686.68	3.0	1.68587e-07	1.0	533.974	30.9096	209.609	22.9196	0.281891	0.0284319	1159.94	122.379	
1.2-1.6	6.5-30.0	0.0-100.0	0.785-1.178	0.008	0.136	1234.0	1233.0	703.992	29.966	528.981	26.8877	0.0267513	0.170548	-0.05	0.0	0.455381	0.0	3.09129	0.0	0.0460715	0.0	0.0318109	0.0	0.03	0.0	1.492	0.0	5.0	0.0	1.733	0.0	0.0389577	0.0	9.7391e-05	0.000579671	0.197139	0.0204895	0.0300435	0.0281106	0.0031415	0.0119123	0.00228583	0.00133468	3.12118	1.02466	0.947968	0.0367509	0.570501	0.102159	0.999894	0.857018	0.452348	0.188319	0.0704702	2.35691e-08	0.142353	0.039635	0.0742887	6.54409e-06	-2157.75	4.0	5.49182e-06	-8303.31	3.0	1.56395e-06	1.0	540.923	29.4519	163.069	19.633	0.231635	0.026087	1079.04	74.462	
1.2-1.6	6.5-30.0	0.0-100.0	1.178-1.571	0.008	0.12	1148.0	1144.0	680.671	29.2923	463.323	25.3122	-0.131399	0.182643	-0.05	0.0	0.455381	0.0	3.09129	0.0	0.0460715	0.0	0.0318109	0.0	0.03	0.0	1.492	0.0	5.0	0.0	1.733	0.0	0.0389577	0.0	0.000198875	0.00213097	0.195143	0.0196573	0.326583	0.164375	0.00999999	0.0148666	0.00327696	0.00180057	1.65735	0.215849	0.887348	0.048989	0.538572	0.0771173	1.0	0.00906588	0.51602	0.0804771	0.0756878	0.016811	0.218892	0.0337481	0.99748	3.66989	-1923.0	4.0	1.01344e-06	-7656.86	3.0	1.16851e-06	1.0	501.507	28.5056	179.163	20.1551	0.263216	0.0273584	1194.7	84.1627	
1.2-1.6	6.5-30.0	10.0-60.0	0.000-0.393	0.008	0.12	962.0	960.0	540.188	26.2616	419.809	23.8599	0.0485327	0.191132	-0.05	0.0	0.455381	0.0	3.09129	0.0	0.0460715	0.0	0.0315312	0.0	0.03	0.0	1.492	0.0	5.0	0.0	1.733	0.0	0.0388337	0.0	7.71029e-05	0.00456383	0.181946	0.0212481	0.103775	0.0	0.00999984	0.0	-7.61207e-05	0.00175475	2.09199	0.0	1.04486	0.0437576	0.999997	0.228152	0.648807	0.176814	0.599266	0.108216	0.0707937	975.424	0.138241	0.0281772	0.0944802	0.0461839	-1664.64	4.0	9.54757e-05	-6218.71	3.0	1.23449e-06	1.0	409.46	26.213	130.729	18.2005	0.242006	0.031572	1196.92	17.1173	
1.2-1.6	6.5-30.0	10.0-60.0	0.000-1.571	0.008	0.128	3265.0	3260.0	1951.61	50.3765	1308.22	43.5272	-0.217252	0.108904	-0.05	0.0	0.455381	0.0	3.09129	0.0	0.0460715	0.0	0.0315312	0.00163802	0.03	0.0	1.492	0.0	5.0	0.0	1.733	0.0	0.0388337	0.000362172	2.94195e-05	0.000284662	0.183435	0.0111862	0.103775	0.0	0.00999984	0.0	0.00163844	0.000926993	2.09199	0.0	1.00513	0.0241828	0.682686	0.775227	0.771886	3.62894	0.530502	0.263894	0.0717759	0.0250343	0.182703	0.106987	0.0708461	3.55157e-09	-5741.45	4.0	1.10089e-06	-25266.9	4.0	2.41307e-05	1.0	1462.84	49.7488	488.776	34.7609	0.250447	0.0165968	1166.02	9.34132	
1.2-1.6	6.5-30.0	10.0-60.0	0.393-0.785	0.008	0.112	864.0	860.0	491.918	25.0549	368.047	22.4471	-0.339773	0.20509	-0.05	0.0	0.455381	0.0	3.09129	0.0	0.0460715	0.0	0.0315312	0.0	0.03	0.0	1.492	0.0	5.0	0.0	1.733	0.0	0.0388337	0.0	1.71581e-05	0.00459138	0.166605	0.0196908	0.103775	0.0	0.00999984	0.0	0.0013663	0.00202628	2.09199	0.0	1.11751	0.0501089	0.698644	0.172426	1.0	0.00982115	0.709262	0.086411	0.100392	0.0472854	0.220823	0.0435764	4.92334	1.1094	-1441.28	4.0	1.02242e-05	-5483.64	3.0	6.50947e-06	1.0	351.622	25.5363	140.296	19.5556	0.285202	0.0370048	1254.35	20.0048	
1.2-1.6	6.5-30.0	10.0-60.0	0.785-1.178	0.008	0.128	745.0	744.0	467.303	24.0391	276.693	19.6798	-0.469249	0.238292	-0.05	0.0	0.455381	0.0	3.09129	0.0	0.0460715	0.0	0.0315312	0.0	0.03	0.0	1.492	0.0	5.0	0.0	1.733	0.0	0.0388337	0.0	7.39757e-05	0.000766255	0.178149	0.0233308	0.103775	0.0	0.00999984	0.0	0.000283048	0.00172904	2.09199	0.0	0.909921	0.0461508	0.627658	9.08808	1.0	0.63182	0.421642	0.311304	0.0704495	2.18425e-07	0.137701	0.828579	0.074011	0.000351173	-1409.51	4.0	2.76162e-05	-4700.07	3.0	1.40647e-06	1.0	364.37	24.1561	102.933	16.1312	0.22027	0.0326071	1093.71	17.2056	
1.2-1.6	6.5-30.0	10.0-60.0	1.178-1.571	0.008	0.105	694.0	688.0	452.475	23.4965	235.522	18.307	-0.239909	0.257381	-0.05	0.0	0.455381	0.0	3.09129	0.0	0.0460715	0.0	0.0315312	0.0	0.03	0.0	1.492	0.0	5.0	0.0	1.733	0.0	0.0388337	0.0	0.000187286	0.00108795	0.200253	0.0244181	0.103775	0.0	0.00999984	0.0	0.0035708	0.0019264	2.09199	0.0	0.986467	0.0515614	0.553195	1.30129	0.961651	24.8493	0.44498	2.01507	0.0770727	0.0337503	0.226106	0.963516	0.071471	8.57524e-07	-1245.12	4.0	2.56589e-08	-4326.58	3.0	2.36614e-08	1.0	334.782	22.9623	117.693	16.1983	0.26011	0.0331533	1151.65	19.7913	
1.2-2.4	6.5-30.0	0.0-100.0	0.000-0.393	0.008	0.152	3364.0	3361.0	1658.85	47.8124	1702.19	48.2635	-0.15017	0.095012	-0.05	0.0	0.531695	0.0	3.09123	0.0	0.0532825	0.0	0.0318072	0.0	0.03	0.0	1.492	0.0	5.0	0.0	1.733	0.0	0.044534	0.0	6.82157e-05	0.000215632	0.183783	0.0125504	0.0954857	0.0522203	0.01	0.0185529	0.00142591	0.000934132	2.25083	0.346158	0.958069	0.0218894	0.999899	3.28664	0.425004	0.140447	0.560014	0.0879097	0.0705005	7.78582e-11	0.163698	0.0214926	0.0711996	0.0156293	-5229.44	4.0	7.37859e-07	-25511.3	3.0	7.44958e-07	1.0	1258.54	47.5612	400.31	32.8535	0.241318	0.0185434	1146.3	57.9102	
1.2-2.4	6.5-30.0	0.0-100.0	0.000-1.571	0.008	0.128	11906.0	11862.0	6328.1	115.307	5533.91	111.807	-0.246538	0.0569365	-0.05	0.0	0.531695	0.0954984	3.09123	0.000721534	0.0532825	0.00281424	0.0318072	0.00240087	0.03	0.0	1.492	0.0	5.0	0.0	1.733	0.0	0.044534	0.00138641	2.08969e-05	0.00458966	0.197331	0.00678524	0.162424	0.0759366	0.00569552	0.00415524	0.00266064	0.000529989	1.80411	0.165191	0.92119	0.0130218	0.62344	0.0338064	0.746919	0.0783751	0.445473	0.0288971	0.0704424	8.00127e-12	0.148967	0.00758283	0.0704522	4.83193e-09	-18535.2	4.0	3.48135e-07	-105614.0	7.0	1.7602e-05	1.0	4805.35	104.831	1522.75	63.9736	0.240633	0.00910909	1113.29	46.6539	
1.2-2.4	6.5-30.0	0.0-100.0	0.393-0.785	0.008	0.145	3097.0	3094.0	1596.61	46.4784	1497.19	45.3959	-0.403945	0.101958	-0.05	0.0	0.531695	0.0	3.09123	0.0	0.0532825	0.0	0.0318072	0.0	0.03	0.0	1.492	0.0	5.0	0.0	1.733	0.0	0.044534	0.0	1.22644e-05	0.000827478	0.189279	0.0130865	0.0589102	0.110996	-0.000371923	0.0146637	0.00274739	0.00106573	1.9393	0.711753	1.06217	0.0257812	0.711601	0.083329	0.893569	0.0708222	0.553623	0.0572524	0.0706769	9.66987e-07	0.15821	0.0176242	0.269679	0.0960668	-4615.35	4.0	1.28158e-06	-23319.2	3.0	1.62031e-05	1.0	1188.15	46.5715	408.458	33.3761	0.255828	0.0195328	1132.83	74.6738	
1.2-2.4	6.5-30.0	0.0-100.0	0.785-1.178	0.008	0.152	2806.0	2805.0	1545.7	45.3233	1259.16	42.0422	-0.190014	0.110901	-0.05	0.0	0.531695	0.0	3.09123	0.0	0.0532825	0.0	0.0318072	0.0	0.03	0.0	1.492	0.0	5.0	0.0	1.733	0.0	0.044534	0.0	0.000102317	0.000489226	0.204004	0.015033	0.0346594	0.0437383	-0.00861863	0.0148488	0.00244114	0.00101995	2.4362	0.722782	1.05921	0.0261734	0.658812	0.11933	0.994478	0.606857	0.558119	0.0967901	0.0712543	0.00871076	0.156946	0.0316535	0.0705229	3.86598	-4465.55	4.0	2.97202e-05	-20992.4	3.0	5.34102e-05	1.0	1209.8	44.7836	335.905	29.0549	0.217316	0.0176842	1135.23	54.8702	
1.2-2.4	6.5-30.0	0.0-100.0	1.178-1.571	0.008	0.152	2639.0	2637.0	1528.08	44.5318	1108.79	39.5446	-0.267653	0.118433	-0.05	0.0	0.531695	0.0	3.09123	0.0	0.0532825	0.0	0.0318072	0.0	0.03	0.0	1.492	0.0	5.0	0.0	1.733	0.0	0.044534	0.0	0.000157903	0.000565848	0.197753	0.0136036	0.464978	0.183587	0.0060662	0.00379409	0.00217713	0.00134666	1.49675	0.126405	0.740493	0.0340465	0.626339	0.104397	0.872009	0.824219	0.547336	0.111682	0.0713901	0.0168809	0.202183	0.0331052	0.0708372	0.0794544	-4249.03	4.0	4.29573e-06	-19685.9	3.0	4.59323e-05	1.0	1147.14	43.2537	380.934	29.6061	0.24929	0.0179612	1155.44	77.4609	
1.2-2.4	6.5-30.0	10.0-60.0	0.000-0.393	0.008	0.152	2171.0	2170.0	1159.29	39.2424	1010.7	37.3007	-0.221432	0.123626	-0.05	0.0	0.531695	0.0	3.09123	0.0	0.0532825	0.0	0.0314801	0.0	0.03	0.0	1.492	0.0	5.0	0.0	1.733	0.0	0.044425	0.0	6.82157e-05	0.000215632	0.185575	0.0152737	0.162424	0.0	0.00569552	0.0	0.000599705	0.00113141	1.80411	0.0	0.882759	0.0254713	0.999801	0.662565	0.557754	0.731636	0.568093	0.0614121	0.0769764	1.42422	0.146286	0.0164762	0.0824061	0.0241837	-3615.18	4.0	2.81765e-06	-15651.3	3.0	3.84635e-06	1.0	890.746	38.988	268.541	26.3352	0.231643	0.0213205	1086.9	8.66357	
1.2-2.4	6.5-30.0	10.0-60.0	0.000-1.571	0.008	0.16	7413.0	7411.0	4271.92	75.5799	3139.16	67.6726	-0.359087	0.070592	-0.05	0.0	0.531695	0.0	3.09123	0.0	0.0532825	0.0	0.0314801	0.00129477	0.03	0.0	1.492	0.0	5.0	0.0	1.733	0.0	0.044425	0.000214832	2.84753e-05	0.00013348	0.183905	0.00765952	0.162424	0.0	0.00569552	0.0	0.00120393	0.000655533	1.80411	0.0	0.917731	0.0157617	0.999152	0.644774	0.420885	0.0548502	0.499415	0.0380913	0.0744167	1.71029e-05	0.19212	0.014589	0.070453	5.16371e-08	-12267.0	4.0	6.96986e-05	-62972.5	4.0	6.1752e-06	1.0	3196.03	74.891	1075.9	52.6657	0.251853	0.0114949	1110.9	5.45304	
1.2-2.4	6.5-30.0	10.0-60.0	0.393-0.785	0.008	0.145	1905.0	1904.0	1085.85	37.5143	818.013	33.7586	-0.443502	0.138442	-0.05	0.0	0.531695	0.0	3.09123	0.0	0.0532825	0.0	0.0314801	0.0	0.03	0.0	1.492	0.0	5.0	0.0	1.733	0.0	0.044425	0.0	1.22644e-05	0.000827478	0.163963	0.0137745	0.162424	0.0	0.00569552	0.0	0.00229405	0.00144899	1.80411	0.0	1.03359	0.0343891	0.751964	0.127245	0.891161	0.0792002	0.634987	0.0688046	0.0706874	1.85307e-06	0.179499	0.0272933	0.328813	0.140407	-3077.94	4.0	2.98924e-05	-13585.5	3.0	2.84197e-05	1.0	796.871	38.6568	288.981	28.9153	0.266133	0.0249914	1193.08	12.4765	
1.2-2.4	6.5-30.0	10.0-60.0	0.785-1.178	0.008	0.152	1711.0	1710.0	1020.26	36.2305	689.735	31.3394	-0.406944	0.150981	-0.05	0.0	0.531695	0.0	3.09123	0.0	0.0532825	0.0	0.0314801	0.0	0.03	0.0	1.492	0.0	5.0	0.0	1.733	0.0	0.044425	0.0	0.000102317	0.000489226	0.192641	0.0167335	0.162424	0.0	0.00569552	0.0	0.000897755	0.00135073	1.80411	0.0	0.938176	0.0333293	0.758315	0.214427	0.78797	0.841244	0.471015	0.148882	0.0705358	1.10167e-06	0.147808	0.0283135	0.0704528	2.12934e-07	-2872.0	4.0	4.34466e-06	-12064.0	3.0	2.40536e-07	1.0	784.565	35.9798	235.695	24.2566	0.231015	0.0223148	1125.11	11.6388	
1.2-2.4	6.5-30.0	10.0-60.0	1.178-1.571	0.008	0.152	1626.0	1625.0	1008.61	35.7927	616.371	29.8146	-0.413807	0.159863	-0.05	0.0	0.531695	0.0	3.09123	0.0	0.0532825	0.0	0.0314801	0.0	0.03	0.0	1.492	0.0	5.0	0.0	1.733	0.0	0.044425	0.0	0.000157903	0.000565848	0.197327	0.0158413	0.162424	0.0	0.00569552	0.0	0.00235425	0.00135956	1.80411	0.0	0.91872	0.0342768	0.689927	0.103029	0.997776	0.187888	0.605938	0.0804129	0.0706084	0.0210711	0.201423	0.0269799	0.0704526	1.94347e-08	-2718.41	4.0	5.81329e-05	-11438.5	3.0	2.43959e-06	1.0	732.976	34.8973	275.635	25.2371	0.273282	0.0230659	1111.58	11.8641	
1.6-2.4	3.0-6.5	0.0-100.0	0.000-0.393	0.016	0.232	8772.0	8771.0	1774.9	65.0931	6995.86	97.2471	-0.171845	0.0465637	-0.05	0.0	0.0333136	0.0	3.09042	0.0	0.0161151	0.0	0.052433	0.0	0.03	0.0	1.86	0.0	5.0	0.0	1.38	0.0	0.0516361	0.0	0.000116838	0.000421882	0.249019	0.0282349	0.236067	0.124463	0.00729005	0.0127625	0.00845166	0.00104041	1.8607	0.245023	0.979946	0.0148741	0.936321	0.120713	0.80465	0.0753898	0.77567	0.0363785	0.0704863	2.63915e-05	0.134524	0.0168593	0.310081	0.0521355	-8394.45	4.0	2.03437e-06	-72311.5	3.0	1.64905e-05	1.0	1550.84	66.8455	224.056	36.0688	0.126236	0.0197872	1245.36	76.1237	
1.6-2.4	3.0-6.5	0.0-100.0	0.000-1.571	0.016	0.264	32037.0	32035.0	6369.85	143.423	25665.2	199.66	-0.144939	0.0245312	-0.05	0.0	0.0333136	0.0244094	3.09042	0.00115026	0.0161151	0.00580879	0.052433	0.00171414	0.03	0.0	1.86	0.0	5.0	0.0	1.38	0.0	0.0516361	0.000891777	1.3729e-05	0.00459296	0.233994	0.0130383	0.173641	0.119565	0.0248856	0.0127773	0.00965871	0.000531855	1.74699	0.202734	1.00524	0.00793222	0.639876	0.0396655	0.864808	0.0290839	0.705628	0.0201546	0.0707605	7.97435e-08	0.137998	0.0089044	0.307839	0.0294843	-30514.4	4.0	2.24427e-05	-305546.0	7.0	0.000245841	1.0	5462.27	140.858	907.589	71.6418	0.142482	0.0107798	1168.33	58.5547	
1.6-2.4	3.0-6.5	0.0-100.0	0.393-0.785	0.016	0.264	8230.0	8229.0	1570.97	62.4719	6657.83	94.8103	-0.210191	0.0477466	-0.05	0.0	0.0333136	0.0	3.09042	0.0	0.0161151	0.0	0.052433	0.0	0.03	0.0	1.86	0.0	5.0	0.0	1.38	0.0	0.0516361	0.0	0.000137229	0.000596044	0.237417	0.0237923	0.360587	0.290947	0.011093	0.0173419	0.00831825	0.00123323	1.52994	0.217467	0.88557	0.0188242	0.728652	0.0748402	0.826928	0.0710478	0.687075	0.0368842	0.0708606	7.66598e-08	0.130583	0.0141779	0.252414	0.0453046	-7635.61	4.0	8.91503e-05	-67266.8	3.0	3.84287e-05	1.0	1312.89	62.9562	258.079	36.6474	0.16428	0.0223944	1159.95	110.552	
1.6-2.4	3.0-6.5	0.0-100.0	0.785-1.178	0.016	0.24	7674.0	7673.0	1487.5	60.2161	6185.28	91.2314	-0.149608	0.0494634	-0.05	0.0	0.0333136	0.0	3.09042	0.0	0.0161151	0.0	0.052433	0.0	0.03	0.0	1.86	0.0	5.0	0.0	1.38	0.0	0.0516361	0.0	4.38349e-05	0.00457912	0.197745	0.024287	0.116472	0.085062	0.0499999	0.0704933	0.00932066	0.00103922	1.752	0.261836	1.02911	0.0154724	0.665176	0.103019	0.826029	0.108824	0.717507	0.0645303	0.085637	0.0418557	0.131718	0.0266031	0.287394	0.0727807	-7328.27	4.0	1.43635e-05	-62200.7	3.0	2.78559e-05	1.0	1258.86	63.0683	228.643	38.2926	0.15371	0.0249796	1137.2	44.7601	
1.6-2.4	3.0-6.5	0.0-100.0	1.178-1.571	0.016	0.24	7361.0	7360.0	1797.27	63.3289	6640.07	96.3635	-0.440979	0.0499735	-0.05	0.0	0.0333136	0.0	3.09042	0.0	0.0161151	0.0	0.052433	0.0	0.03	0.0	1.86	0.0	5.0	0.0	1.38	0.0	0.0516361	0.0	1.0498e-05	0.00459445	0.236096	0.0255245	0.129942	6.79715	0.0137266	0.515216	0.0112612	0.00114687	1.2973	26.7608	1.10627	0.0171887	0.583905	0.111187	0.951284	0.0335123	0.718086	0.0646075	0.0819257	0.0226636	0.160469	0.0234612	0.466749	0.15615	-7135.93	4.0	3.61925e-05	-59312.7	3.0	208.893	1.0	1531.62	65.958	265.653	39.0577	0.147809	0.0210983	1132.91	2106.71	
1.6-2.4	3.0-6.5	10.0-60.0	0.000-0.393	0.016	0.209	5099.0	5096.0	1276.91	51.9476	3819.37	72.3933	-0.221322	0.0632275	-0.05	0.0	0.0333136	0.0	3.09042	0.0	0.0161151	0.0	0.0532826	0.0	0.03	0.0	1.86	0.0	5.0	0.0	1.38	0.0	0.0524701	0.0	9.26481e-05	0.000607494	0.251993	0.0337531	0.173641	0.0	0.0248856	0.0	0.00783829	0.00128265	1.74699	0.0	1.00272	0.0187897	0.696369	0.247253	0.875784	0.0650071	0.733837	0.102038	0.0708216	0.0475029	0.132072	0.0207198	0.366009	0.0878633	-5251.36	4.0	3.8834e-05	-39389.3	3.0	5.65205e-05	1.0	1137.49	52.9409	139.421	26.3339	0.109187	0.0201392	1166.54	6.67328	
1.6-2.4	3.0-6.5	10.0-60.0	0.000-1.571	0.016	0.209	17966.0	17960.0	4306.37	110.634	13653.2	146.897	-0.150377	0.0334435	-0.05	0.0	0.0333136	0.0	3.09042	0.0	0.0161151	0.0	0.0532826	0.00148312	0.03	0.0	1.86	0.0	5.0	0.0	1.38	0.0	0.0524701	0.000727955	1.37782e-05	0.00459294	0.234848	0.0148869	0.173641	0.0	0.0248856	0.0	0.00866195	0.000686163	1.74699	0.0	0.971457	0.0101742	0.623195	0.0477562	0.906414	0.0328927	0.679145	0.0277345	0.0706535	9.59079e-08	0.126089	0.0095744	0.303865	0.0474032	-18295.0	4.0	7.64498e-08	-161319.0	4.0	3.8576e-05	1.0	3697.32	108.457	609.05	54.6383	0.14143	0.0121564	1144.47	3.56827	
1.6-2.4	3.0-6.5	10.0-60.0	0.393-0.785	0.016	0.209	4716.0	4714.0	1070.01	49.0587	3643.99	70.5736	-0.20105	0.064622	-0.05	0.0	0.0333136	0.0	3.09042	0.0	0.0161151	0.0	0.0532826	0.0	0.03	0.0	1.86	0.0	5.0	0.0	1.38	0.0	0.0524701	0.0	0.000140653	0.00211075	0.233586	0.0240441	0.173641	0.0	0.0248856	0.0	0.007627	0.0013479	1.74699	0.0	0.915107	0.0205981	0.610697	0.0703334	0.926233	0.0516917	0.582474	0.05537	0.0705686	5.30572e-08	0.109001	0.0136109	0.26748	0.0835534	-4656.5	4.0	6.73884e-07	-35999.3	3.0	4.56807e-08	1.0	855.697	48.8302	214.316	30.6879	0.200293	0.0271699	1105.42	7.04546	
1.6-2.4	3.0-6.5	10.0-60.0	0.785-1.178	0.016	0.2	4209.0	4209.0	951.393	46.1139	3257.61	66.578	-0.143904	0.0682648	-0.05	0.0	0.0333136	0.0	3.09042	0.0	0.0161151	0.0	0.0532826	0.0	0.03	0.0	1.86	0.0	5.0	0.0	1.38	0.0	0.0524701	0.0	2.37523e-05	0.00458835	0.190245	0.0260148	0.173641	0.0	0.0248856	0.0	0.0092239	0.00140163	1.74699	0.0	0.955593	0.0205285	0.970593	0.0940423	0.359206	0.135097	0.722216	0.0675851	0.405938	0.550779	0.175907	0.0318679	0.111036	0.0349838	-4317.4	4.0	0.000107439	-31666.3	3.0	1.63234e-08	1.0	797.712	47.9836	153.68	29.3756	0.161532	0.0298673	1133.38	7.15145	
1.6-2.4	3.0-6.5	10.0-60.0	1.178-1.571	0.016	0.2	3942.0	3940.0	1010.68	46.1054	2929.5	63.5954	-0.00118615	0.0719745	-0.05	0.0	0.0333136	0.0	3.09042	0.0	0.0161151	0.0	0.0532826	0.0	0.03	0.0	1.86	0.0	5.0	0.0	1.38	0.0	0.0524701	0.0	2.33736e-05	0.000329334	0.263341	0.0384927	0.173641	0.0	0.0248856	0.0	0.0090503	0.00147724	1.74699	0.0	1.01643	0.0218238	0.576108	0.18039	0.971103	0.0362072	0.705347	0.0967105	0.0704317	0.0264021	0.144079	0.018368	0.3862	0.233538	-4091.23	4.0	3.20051e-07	-29453.3	3.0	1.47923e-05	1.0	901.99	46.5294	108.685	22.2814	0.107537	0.0214934	1176.3	7.79164	
1.6-2.4	6.5-30.0	0.0-100.0	0.000-0.393	0.008	0.152	1910.0	1908.0	882.831	35.6856	1025.17	37.6272	-0.330047	0.122934	-0.05	0.0	0.652823	0.0	3.0911	0.0	0.0569301	0.0	0.0308437	0.0	0.03	0.0	1.492	0.0	5.0	0.0	1.733	0.0	0.0494581	0.0	1.5549e-05	0.00459212	0.192117	0.0186022	0.0978875	0.076376	0.00321487	0.0124398	0.00358614	0.00123718	2.32819	0.499075	0.933683	0.0273948	0.824151	0.764907	0.607279	0.685454	0.632153	0.0521339	0.0704401	1.20851	0.174072	0.030826	0.0713994	0.213357	-2810.88	4.0	8.4812e-05	-13284.5	3.0	6.92822e-07	1.0	682.648	35.3756	200.182	23.5688	0.226751	0.0250742	1147.62	91.0187	
1.6-2.4	6.5-30.0	0.0-100.0	0.000-1.571	0.008	0.152	6643.0	6637.0	3419.61	92.3317	3217.44	91.2275	-0.424311	0.0756593	-0.05	0.0	0.652823	0.152473	3.0911	0.00108634	0.0569301	0.00395795	0.0308437	0.00589094	0.03	0.0	1.492	0.0	5.0	0.0	1.733	0.0	0.0494581	0.00239424	2.77437e-05	0.00458652	0.196571	0.00969841	0.211707	0.175346	0.00199102	0.00574194	0.00234814	0.000777856	1.6767	0.235346	0.93066	0.0178664	0.921123	0.0650602	0.533047	0.127051	0.562383	0.0484552	0.204141	0.0990795	0.18553	0.0155189	0.0706902	2.10132e-09	-9823.68	4.0	1.14123e-06	-54918.1	7.0	1.78243e-06	1.0	2635.85	83.1639	783.762	47.9473	0.229196	0.0125817	1130.46	84.1935	
1.6-2.4	6.5-30.0	0.0-100.0	0.393-0.785	0.008	0.145	1670.0	1668.0	849.286	34.1195	818.669	33.668	-0.611903	0.139165	-0.05	0.0	0.652823	0.0	3.0911	0.0	0.0569301	0.0	0.0308437	0.0	0.03	0.0	1.492	0.0	5.0	0.0	1.733	0.0	0.0494581	0.0	1.00009e-05	0.00028235	0.192112	0.019574	0.0204708	0.0647976	-0.00361194	0.0113544	0.00318961	0.00150141	2.0185	1.22259	1.09429	0.0338954	0.784981	0.127523	0.841525	0.107887	0.531405	0.0862838	0.0706674	1.68713e-06	0.143193	0.02414	0.280926	0.0987227	-2375.37	4.0	1.75303e-05	-11494.6	3.0	1.22273e-06	1.0	651.57	34.738	197.717	24.179	0.232803	0.0268897	1120.87	49.9926	
1.6-2.4	6.5-30.0	0.0-100.0	0.785-1.178	0.008	0.145	1572.0	1571.0	843.074	33.9615	727.747	32.2187	-0.372058	0.146642	-0.05	0.0	0.652823	0.0	3.0911	0.0	0.0569301	0.0	0.0308437	0.0	0.03	0.0	1.492	0.0	5.0	0.0	1.733	0.0	0.0494581	0.0	0.000158457	0.000788527	0.208606	0.0217436	0.677087	0.780476	0.00193496	0.00410508	0.0001828	0.00322967	1.36939	0.185198	0.78191	0.0706694	0.999513	0.958208	0.496381	0.220964	0.554061	0.167092	0.0708006	4.17882e-06	0.183889	0.0300064	0.0795306	0.0295967	-2321.45	4.0	6.94582e-05	-10770.3	3.0	3.74972e-05	1.0	671.978	33.5181	171.096	20.9338	0.202943	0.0234459	1211.25	215.705	
1.6-2.4	6.5-30.0	0.0-100.0	1.178-1.571	0.008	0.152	1491.0	1490.0	845.63	33.4247	644.254	30.2617	-0.394709	0.15576	-0.05	0.0	0.652823	0.0	3.0911	0.0	0.0569301	0.0	0.0308437	0.0	0.03	0.0	1.492	0.0	5.0	0.0	1.733	0.0	0.0494581	0.0	0.000179578	0.000851436	0.204365	0.0193253	0.636539	0.26317	0.00277147	0.00408429	0.00165051	0.00215194	1.39145	0.125821	0.6	0.0717423	0.905915	0.897544	0.597198	0.799488	0.585509	0.0608879	0.145262	1.42	0.18843	0.03833	0.0704503	1.45933e-08	-2339.51	4.0	2.07524e-05	-10209.6	3.0	4.65487e-05	1.0	649.282	32.4215	196.347	21.278	0.232191	0.0234289	1167.59	101.045	
1.6-2.4	6.5-30.0	10.0-60.0	0.000-0.393	0.008	0.152	1209.0	1209.0	618.369	29.1022	590.585	28.6209	-0.42322	0.162674	-0.05	0.0	0.652823	0.0	3.0911	0.0	0.0569301	0.0	0.0305207	0.0	0.03	0.0	1.492	0.0	5.0	0.0	1.733	0.0	0.0493885	0.0	1.5549e-05	0.00459212	0.190871	0.021683	0.211707	0.0	0.00199102	0.0	0.00190805	0.00146052	1.6767	0.0	0.782235	0.0309384	0.946199	0.703367	0.556388	0.249064	0.601946	0.0626132	0.0704414	1.24992e-08	0.151625	0.0252895	0.0706414	0.000248346	-1967.35	4.0	2.43291e-09	-7944.91	3.0	2.0992e-06	1.0	479.333	28.6097	139.036	18.7732	0.224843	0.0284554	1038.04	9.18923	
1.6-2.4	6.5-30.0	10.0-60.0	0.000-1.571	0.008	0.16	4148.0	4147.0	2314.34	56.1044	1832.35	51.6298	-0.48009	0.0927817	-0.05	0.0	0.652823	0.0	3.0911	0.0	0.0569301	0.0	0.0305207	0.00229587	0.03	0.0	1.492	0.0	5.0	0.0	1.733	0.0	0.0493885	0.000246285	2.91966e-05	0.00458585	0.19359	0.0103487	0.211707	0.0	0.00199102	0.0	0.00523327	0.000924104	1.6767	0.0	0.805782	0.0211871	0.409628	0.11706	0.611242	0.761972	0.298703	0.19363	0.0735508	0.258546	0.132256	0.00493526	0.0704524	4.3412e-09	-6478.49	4.0	4.44988e-06	-32612.5	4.0	3.20363e-05	1.0	1720.7	54.2945	593.64	37.6165	0.256505	0.0150172	1052.14	6.39548	
1.6-2.4	6.5-30.0	10.0-60.0	0.393-0.785	0.008	0.145	1041.0	1040.0	590.644	27.756	449.278	25.0816	-0.561582	0.187721	-0.05	0.0	0.652823	0.0	3.0911	0.0	0.0569301	0.0	0.0305207	0.0	0.03	0.0	1.492	0.0	5.0	0.0	1.733	0.0	0.0493885	0.0	1.00009e-05	0.00028235	0.155492	0.0189404	0.211707	0.0	0.00199102	0.0	0.00261613	0.00206843	1.6767	0.0	0.965456	0.0465994	0.825567	0.866772	0.887209	0.10966	0.564121	0.730227	0.0705274	0.898568	0.154704	0.0253287	0.373986	0.151586	-1641.74	4.0	7.40983e-06	-6764.87	3.0	2.04495e-05	1.0	442.141	29.3463	148.503	21.8679	0.251426	0.035088	1153.23	15.3763	
1.6-2.4	6.5-30.0	10.0-60.0	0.785-1.178	0.008	0.145	966.0	965.0	552.326	27.046	412.562	24.325	-0.396688	0.195014	-0.05	0.0	0.652823	0.0	3.0911	0.0	0.0569301	0.0	0.0305207	0.0	0.03	0.0	1.492	0.0	5.0	0.0	1.733	0.0	0.0493885	0.0	0.000158457	0.000788527	0.201678	0.0227328	0.211707	0.0	0.00199102	0.0	0.00275569	0.00213014	1.6767	0.0	1.00515	0.0489036	0.999178	3.1287	0.590432	0.289787	0.643621	0.145202	0.0704548	3.82536e-10	0.171	0.0391001	0.104587	0.060697	-1468.59	4.0	3.18731e-05	-6194.18	3.0	3.87716e-05	1.0	414.273	26.4727	138.053	18.3026	0.249949	0.0307941	1179.66	16.4237	
1.6-2.4	6.5-30.0	10.0-60.0	1.178-1.571	0.008	0.152	932.0	931.0	553.244	26.8636	377.74	23.3701	-0.549122	0.204742	-0.05	0.0	0.652823	0.0	3.0911	0.0	0.0569301	0.0	0.0305207	0.0	0.03	0.0	1.492	0.0	5.0	0.0	1.733	0.0	0.0493885	0.0	0.000179578	0.000851436	0.195851	0.0210657	0.211707	0.0	0.00199102	0.0	0.00113279	0.00193325	1.6767	0.0	0.887207	0.0465411	0.999996	0.0412737	1.0	0.0468575	0.744303	0.0504352	0.122306	0.776972	0.19859	0.0358755	0.235417	0.0186733	-1475.6	4.0	7.54461e-07	-5971.31	3.0	2.42218e-06	1.0	397.649	26.1086	155.595	19.1291	0.281241	0.0317652	1102.57	14.7609	
