rap0.0-1.2_pT6.5-30.0_cent0.0-100.0
5853.53
1576.99 1498.03 1424.57 1351.53
42.6798 41.7647 40.4884 39.6857
2947.3
735.847 811.909 696.403 702.469
31.3145 32.5295 30.1857 30.4288
4157.43
1100.27 1081.21 1012.81 942.537
39.6897 39.553 38.4015 38.5386
1696.1
476.725 416.821 411.761 408.991
29.2408 28.1218 27.9826 29.3849
0.289757
0.3023 0.278246 0.289043 0.302614
0.0166396 0.0170947 0.0178425 0.0198433
rap0.0-1.2_pT6.5-30.0_cent10.0-60.0
3864.12
1024.95 1013.84 921.458 898.967
34.2667 34.1582 32.2553 32.0581
1659.76
452.025 465.159 360.52 381.028
24.5225 24.8617 21.897 22.5786
2791.56
726.188 763.762 664.376 632.559
31.9378 32.3077 30.2346 30.602
1072.56
298.759 250.08 257.082 266.408
23.0293 21.2747 21.3134 22.7572
0.277568
0.291487 0.246665 0.278995 0.296349
0.0202454 0.0192684 0.0209672 0.0230034
rap0.0-2.4_pT10.0-13.0_cent0.0-100.0
2691.91
695.142 691.182 652.485 654.955
28.39 28.2646 27.6051 27.7172
945.091
232.842 244.779 217.476 239.055
18.5386 18.7739 18.0832 18.7712
1892.65
485.159 511.714 451.388 486.293
26.2022 26.077 27.1523 26.1088
799.26
209.982 179.468 201.098 168.662
19.1702 17.2044 21.0934 17.5811
0.296912
0.302071 0.259654 0.308203 0.257516
0.0246641 0.0225129 0.0295815 0.0245315
rap0.0-2.4_pT10.0-13.0_cent10.0-60.0
1796.74
473.591 466.108 437.57 414.433
23.3838 23.101 22.4298 21.9456
570.294
147.405 141.905 125.428 147.557
14.853 14.4722 13.8181 14.6549
1267.99
316.759 334.118 313.494 297.411
21.3953 21.6923 21.7031 21.1959
528.757
156.832 131.99 124.076 117.022
16.526 15.4639 15.9136 15.4803
0.294286
0.331156 0.283174 0.283556 0.282367
0.0308272 0.0300621 0.0333372 0.0342298
rap0.0-2.4_pT10.0-30.0_cent0.0-100.0
4393.81
1149.06 1115.21 1059.08 1073.08
36.4126 35.9183 34.922 35.2713
1445.1
359.953 396.704 333.893 345.919
23.1686 23.9073 22.2336 22.736
2970.22
769.942 822.227 720.993 735.446
33.3696 33.0803 33.7299 32.9714
1423.59
379.118 292.988 338.084 337.637
25.7404 21.956 26.3965 25.0184
0.323999
0.329938 0.262719 0.319225 0.314642
0.0198116 0.0177766 0.0225923 0.0208952
rap0.0-2.4_pT10.0-30.0_cent10.0-60.0
2920.79
769.617 744.483 699.557 705.493
29.7234 29.2362 28.2612 28.5123
887.281
225.396 234.511 200.416 219.513
18.4194 18.5673 17.307 18.0827
2019.22
519.712 529.423 494.586 470.108
27.3571 27.6329 27.0291 27.3466
901.569
249.905 215.059 204.971 235.385
20.9449 20.0662 19.9978 21.8486
0.308673
0.324713 0.288871 0.293001 0.333647
0.024153 0.0244497 0.0260206 0.0278795
rap0.0-2.4_pT13.0-30.0_cent0.0-100.0
1703.72
455.641 423.593 400.967 416.887
22.8164 22.1488 21.2468 21.7517
498.333
122.35 149.344 116.033 105.107
13.6863 14.7068 12.903 12.7027
1077.59
289.725 307.906 263.713 248.979
20.3937 20.2826 20.2181 19.5855
626.133
165.915 115.687 137.255 167.908
16.5664 13.7394 16.3217 17.0758
0.367509
0.364136 0.273109 0.342309 0.402766
0.0314555 0.0291227 0.0364412 0.0351583
rap0.0-2.4_pT13.0-30.0_cent10.0-60.0
1121.07
296.304 277.313 257.056 286.038
18.3154 17.886 16.9967 18.0525
316.868
75.6724 92.649 72.9245 71.9554
10.7159 11.6284 10.2355 10.5743
749.716
200.097 193.68 180.895 169.235
16.9381 17.1263 16.095 16.8058
371.35
96.2068 83.6331 76.1615 116.803
13.0108 12.898 11.889 14.9231
0.331247
0.324689 0.301583 0.296283 0.408347
0.0390553 0.0422479 0.0418966 0.0453619
rap0.0-2.4_pT6.5-10.0_cent0.0-100.0
7826.82
2100.3 1990.98 1916.78 1817.68
52.817 51.2856 49.7846 48.3279
7013.26
2063.66 1900.82 1616.22 1453.28
52.4695 50.3987 46.6691 44.3979
5975.28
1607.02 1506.38 1486.03 1374.37
51.7867 49.899 48.3199 47.2893
1851.54
493.275 484.608 430.746 443.305
34.6781 33.7653 31.1491 32.2478
0.236564
0.23486 0.243401 0.224724 0.243885
0.0154185 0.0157576 0.0151664 0.0165138
rap0.0-2.4_pT6.5-10.0_cent10.0-60.0
5243.54
1423.62 1367.05 1247.49 1206.83
42.9103 41.6905 39.5336 38.7935
3883.81
1228.36 1036.89 845.492 769.162
40.5712 37.5221 34.0732 32.669
3976.49
1094.99 1036.99 946.189 896.65
42.101 41.7881 38.2182 37.9741
1267.05
328.63 330.06 301.297 310.184
27.9518 29.1108 25.5476 26.659
0.241641
0.230842 0.241439 0.241523 0.257023
0.0183601 0.0199811 0.0189952 0.0204868
rap0.0-2.4_pT6.5-30.0_cent0.0-10.0
3581.68
936.751 883.901 902.351 860.212
35.2134 34.5537 34.337 33.4404
3652.17
953.173 1014.21 878.85 807.044
35.4458 36.3901 33.9933 32.6368
2569.09
646.7 623.874 660.609 631.999
33.5399 33.0558 33.6122 33.1909
1012.59
290.051 260.027 241.742 228.213
25.5505 24.5195 24.1347 24.0151
0.282714
0.309635 0.294181 0.267903 0.265299
0.0246674 0.025244 0.0247274 0.0259428
rap0.0-2.4_pT6.5-30.0_cent0.0-100.0
12121.4
3225.47 3082.77 2948.91 2866.15
63.7158 62.2136 60.4294 59.4541
8584.09
2450.52 2322.19 1978.02 1825.7
57.3129 55.7666 51.7778 49.9432
8876.38
2345.42 2247.75 2189.32 2081.73
61.2135 60.7529 58.7377 57.3844
3245.03
880.049 835.012 759.589 784.421
43.6202 43.7854 40.9834 41.1461
0.267711
0.272843 0.270864 0.257583 0.273684
0.0124032 0.0131093 0.0128564 0.0131856
rap0.0-2.4_pT6.5-30.0_cent10.0-20.0
2841.73
784.353 707.206 689.622 662.283
31.6842 30.1664 29.6191 28.7893
2288.99
662.642 598.725 542.307 472.66
29.7019 28.3116 27.018 25.2827
2034.71
542.196 544.808 508.608 440.624
29.8357 30.0755 28.3088 27.8222
807.027
242.157 162.398 181.014 221.658
22.4978 20.3092 19.6124 22.3617
0.283991
0.308735 0.229633 0.262483 0.334688
0.02583 0.0269953 0.0261094 0.0304693
rap0.0-2.4_pT6.5-30.0_cent10.0-30.0
5070.38
1381.02 1279.2 1217.45 1192.35
41.8018 40.1241 38.77 38.3645
3657.86
1081.98 984.794 816.517 770.619
38.057 36.2702 33.2003 32.4056
3686.84
1034.51 938.403 898.82 828.935
38.9378 39.3375 36.8552 37.0451
1383.54
346.507 340.797 318.629 363.418
25.4092 28.2013 25.3373 28.2438
0.272867
0.250907 0.266414 0.261718 0.304791
0.0167583 0.0204009 0.0190701 0.021562
rap0.0-2.4_pT6.5-30.0_cent10.0-60.0
8101.0
2176.77 2094.47 1931.63 1900.16
51.8503 50.5796 48.3122 47.9069
4835.18
1473.14 1289.49 1062.38 1006.78
44.5523 41.8746 38.2754 37.4395
5944.58
1602.08 1554.64 1432.87 1352.98
49.9413 49.8444 46.6034 46.3592
2156.42
574.69 539.838 498.767 547.177
35.0034 35.2836 32.2981 34.2914
0.266192
0.264011 0.257744 0.25821 0.287964
0.0147998 0.015654 0.0154231 0.0165218
rap0.0-2.4_pT6.5-30.0_cent20.0-30.0
2226.36
597.768 573.04 526.07 529.516
27.278 26.4228 24.9615 25.3297
1367.45
416.231 373.874 273.866 293.44
23.7184 22.3376 19.2571 20.1379
1650.37
473.184 398.909 387.003 388.153
26.1951 25.3809 23.4896 24.5069
575.986
124.584 174.131 139.068 141.363
15.8824 19.244 16.0658 17.3655
0.258713
0.208416 0.303872 0.264352 0.266967
0.024809 0.0305197 0.0278444 0.0302065
rap0.0-2.4_pT6.5-30.0_cent30.0-60.0
3031.92
794.418 816.429 714.411 706.69
30.6069 30.7225 28.7488 28.6112
1175.47
388.566 303.539 243.586 234.302
23.0424 20.7596 18.8597 18.6075
2247.76
584.602 611.969 533.754 521.919
29.9122 30.7202 28.7429 27.7829
784.16
209.816 204.46 180.657 184.771
21.2789 21.7396 20.4368 19.5282
0.258635
0.264113 0.250433 0.252875 0.26146
0.0247774 0.0249043 0.0267354 0.0255254
rap0.0-2.4_pT6.5-8.0_cent0.0-100.0
3902.12
1025.49 953.342 1009.4 914.557
38.5416 37.1213 37.1814 35.4276
4746.94
1404.56 1300.74 1073.6 960.317
43.179 41.5367 38.0349 36.0674
3102.22
819.801 760.863 793.637 730.467
38.0237 36.4838 36.5316 34.3517
799.902
205.694 192.479 215.762 184.09
23.5851 22.5723 23.3046 20.7414
0.204992
0.20058 0.2019 0.213753 0.201289
0.0217282 0.0223338 0.0217036 0.0212967
rap0.0-2.4_pT6.5-8.0_cent10.0-60.0
2632.75
692.555 674.052 653.802 612.934
31.1011 30.2364 29.2712 28.4777
2579.08
824.503 680.031 546.181 522.998
33.154 30.3341 27.3709 26.8524
2060.38
548.22 536.512 509.524 464.889
30.5855 30.6493 29.0736 27.7365
572.376
144.335 137.54 144.278 148.046
19.2711 19.9559 19.1474 18.7108
0.217406
0.208409 0.204049 0.220675 0.241536
0.026205 0.0281555 0.0275694 0.0283891
rap0.0-2.4_pT8.0-10.0_cent0.0-100.0
3920.42
1073.85 1038.0 908.837 903.482
36.1633 35.3863 33.1892 32.9224
2293.9
656.154 590.973 541.16 491.496
29.8345 28.3757 27.0897 25.9208
2869.89
790.593 746.596 693.616 653.272
34.6944 34.8286 31.7935 32.5088
1050.53
283.253 291.407 215.221 250.209
24.2041 25.7665 20.7608 23.9433
0.267964
0.263775 0.280738 0.236809 0.276939
0.0207154 0.022904 0.021143 0.0245045
rap0.0-2.4_pT8.0-10.0_cent10.0-60.0
2606.77
728.405 691.392 594.954 593.292
29.5387 28.6977 26.6017 26.3234
1307.99
403.578 357.576 295.022 245.7
23.4036 22.1302 20.1933 18.5831
1913.72
545.412 496.969 436.968 431.346
28.8562 28.2172 25.0931 25.9488
693.049
182.993 194.423 157.985 161.945
19.9636 20.8766 17.2579 18.9394
0.265865
0.251224 0.281205 0.265542 0.272961
0.0254435 0.0278478 0.026466 0.029536
rap1.2-1.6_pT6.5-30.0_cent0.0-100.0
2904.42
775.968 743.583 703.992 680.671
31.807 31.3999 29.966 29.2923
2351.14
676.032 681.415 528.981 463.323
30.1953 30.394 26.8877 25.3122
2162.89
574.214 533.974 540.923 501.507
31.6562 30.9096 29.4519 28.5056
741.53
201.754 209.609 163.069 179.163
22.7268 22.9196 19.633 20.1551
0.255311
0.260002 0.281891 0.231635 0.263216
0.0272805 0.0284319 0.026087 0.0273584
rap1.2-1.6_pT6.5-30.0_cent10.0-60.0
1951.61
540.188 491.918 467.303 452.475
26.2616 25.0549 24.0391 23.4965
1308.22
419.809 368.047 276.693 235.522
23.8599 22.4471 19.6798 18.307
1462.84
409.46 351.622 364.37 334.782
26.213 25.5363 24.1561 22.9623
488.776
130.729 140.296 102.933 117.693
18.2005 19.5556 16.1312 16.1983
0.250447
0.242006 0.285202 0.22027 0.26011
0.031572 0.0370048 0.0326071 0.0331533
rap1.2-2.4_pT6.5-30.0_cent0.0-100.0
6328.1
1658.85 1596.61 1545.7 1528.08
47.8124 46.4784 45.3233 44.5318
5533.91
1702.19 1497.19 1259.16 1108.79
48.2635 45.3959 42.0422 39.5446
4805.35
1258.54 1188.15 1209.8 1147.14
47.5612 46.5715 44.7836 43.2537
1522.75
400.31 408.458 335.905 380.934
32.8535 33.3761 29.0549 29.6061
0.240633
0.241318 0.255828 0.217316 0.24929
0.0185434 0.0195328 0.0176842 0.0179612
rap1.2-2.4_pT6.5-30.0_cent10.0-60.0
4271.92
1159.29 1085.85 1020.26 1008.61
39.2424 37.5143 36.2305 35.7927
3139.16
1010.7 818.013 689.735 616.371
37.3007 33.7586 31.3394 29.8146
3196.03
890.746 796.871 784.565 732.976
38.988 38.6568 35.9798 34.8973
1075.9
268.541 288.981 235.695 275.635
26.3352 28.9153 24.2566 25.2371
0.251853
0.231643 0.266133 0.231015 0.273282
0.0213205 0.0249914 0.0223148 0.0230659
rap1.6-2.4_pT3.0-6.5_cent0.0-100.0
6369.85
1774.9 1570.97 1487.5 1797.27
65.0931 62.4719 60.2161 63.3289
25665.2
6995.86 6657.83 6185.28 6640.07
97.2471 94.8103 91.2314 96.3635
5462.27
1550.84 1312.89 1258.86 1531.62
66.8455 62.9562 63.0683 65.958
907.589
224.056 258.079 228.643 265.653
36.0688 36.6474 38.2926 39.0577
0.142482
0.126236 0.16428 0.15371 0.147809
0.0197872 0.0223944 0.0249796 0.0210983
rap1.6-2.4_pT3.0-6.5_cent10.0-60.0
4306.37
1276.91 1070.01 951.393 1010.68
51.9476 49.0587 46.1139 46.1054
13653.2
3819.37 3643.99 3257.61 2929.5
72.3933 70.5736 66.578 63.5954
3697.32
1137.49 855.697 797.712 901.99
52.9409 48.8302 47.9836 46.5294
609.05
139.421 214.316 153.68 108.685
26.3339 30.6879 29.3756 22.2814
0.14143
0.109187 0.200293 0.161532 0.107537
0.0201392 0.0271699 0.0298673 0.0214934
rap1.6-2.4_pT6.5-30.0_cent0.0-100.0
3419.61
882.831 849.286 843.074 845.63
35.6856 34.1195 33.9615 33.4247
3217.44
1025.17 818.669 727.747 644.254
37.6272 33.668 32.2187 30.2617
2635.85
682.648 651.57 671.978 649.282
35.3756 34.738 33.5181 32.4215
783.762
200.182 197.717 171.096 196.347
23.5688 24.179 20.9338 21.278
0.229196
0.226751 0.232803 0.202943 0.232191
0.0250742 0.0268897 0.0234459 0.0234289
rap1.6-2.4_pT6.5-30.0_cent10.0-60.0
2314.34
618.369 590.644 552.326 553.244
29.1022 27.756 27.046 26.8636
1832.35
590.585 449.278 412.562 377.74
28.6209 25.0816 24.325 23.3701
1720.7
479.333 442.141 414.273 397.649
28.6097 29.3463 26.4727 26.1086
593.64
139.036 148.503 138.053 155.595
18.7732 21.8679 18.3026 19.1291
0.256505
0.224843 0.251426 0.249949 0.281241
0.0284554 0.035088 0.0307941 0.0317652
