signalCB3WN_TnPAtRD3_4DEff2_RapPtEffMap3_Ratio
rap	pT	cent	dPhi	ctauErrMin	ctauErrMax	NoCutEntry	CutEntry	NSig	NSigErr	NBkg	NBkgErr	coefExp	coefExpErr	coefPol1	coefPol1Err	coeffGaus	coeffGausErr	meanSig1	meanSig1Err	sigmaSig1	sigmaSig1Err	sigmaSig2	sigmaSig2Err	sigmaSig3	sigmaSig3Err	alpha	alphaErr	enne	enneErr	enneW	enneWErr	sigWidth	sigWidthErr	Gmc	GmcErr	bTau	bTauErr	fracRes	fracResErr	meanResSigW	meanResSigWErr	meanResSigN	meanResSigNErr	sigmaResSigW	sigmaResSigWErr	sigmaResSigN	sigmaResSigNErr	fpm	fpmErr	fLiving	fLivingErr	fbkgCtTot	fbkgCtTotErr	lambdam	lambdamErr	lambdap	lambdapErr	lambdasym	lambdasymErr	NLL	nFitPar	EDM	NLLMass	nFitParMass	EDMMass	Prob	PROMPT	PROMPTErr	NON-PROMPT	NON-PROMPTErr	Bfraction	BfractionErr	Resolution	ResolutionErr	
0.0-0.4	6.5-30.0	0.0-100.0	0.000-1.571	0.008	0.105	9088.0	9075.0	7893.27	91.6449	1181.67	41.0763	-0.934357	0.118699	-0.05	0.0	0.1	0.0	3.09417	0.000244213	0.02	0.0	0.05	0.0	0.0191127	0.000204168	1.696	0.0	5.0	0.0	1.718	0.0	0.0191127	0.000204168	1.23578e-05	0.0128429	0.370308	0.00941893	0.44677	0.141299	-0.000774749	0.00115443	0.000470233	0.00070116	1.18582	0.0694746	0.878983	0.0189388	1.0	0.130595	0.858498	0.0276274	0.213291	0.0273335	0.143007	72.9059	0.35969	0.0180055	0.216379	0.0409631	-23612.6	4.0	3.25224e-07	-89306.1	5.0	7.66955e-07	1.0	5695.82	82.81	2197.45	55.9917	0.278395	0.00631438	1027.46	28.5551	
0.0-1.2	6.5-30.0	0.0-100.0	0.000-1.571	0.008	0.145	32325.0	32308.0	27997.6	174.015	4310.1	81.2062	-0.922742	0.0628669	-0.05	0.0	0.1	0.0	3.09442	0.000174654	0.02	0.0	0.05	0.0	0.0253731	0.000149192	1.696	0.0	5.0	0.0	1.718	0.0	0.0253731	0.000149192	1.01594e-05	0.0045946	0.369442	0.00500145	0.0390389	0.0103328	-0.00174128	0.00308162	0.000299798	0.000231846	2.01564	0.13992	0.988371	0.00642056	0.987457	0.0129208	0.910911	0.0377077	0.263253	0.0178489	0.289563	0.142659	0.418616	0.0116325	0.141061	8.76922e-11	-76394.8	4.0	8.60558e-05	-351703.0	5.0	9.04303e-06	1.0	20180.2	157.669	7817.37	107.183	0.279216	0.00341235	1047.54	9.69525	
0.0-2.4	10.0-13.0	0.0-100.0	0.000-1.571	0.008	0.145	12379.0	12369.0	10601.2	108.81	1767.54	54.8299	-0.869584	0.0993166	-0.05	0.0	0.1	0.0	3.09366	0.000375186	0.1	0.0	0.03	0.0	0.0330658	0.000341444	1.696	0.0	5.0	0.0	1.718	0.0	0.0330658	0.000341444	1.22072e-05	0.0133174	0.390635	0.00797674	0.0307555	0.0102492	0.002156	0.00527054	0.000320968	0.000357346	2.23784	0.221634	0.983593	0.0108024	0.970337	0.11396	0.999999	0.00255489	0.234924	0.0879028	0.141117	0.791924	0.401258	0.0144357	0.463889	1.17168	-25628.2	4.0	7.92417e-08	-120073.0	5.0	6.25753e-06	1.0	7242.22	95.5994	3359.0	69.2994	0.31685	0.00567056	1044.85	13.257	
0.0-2.4	10.0-30.0	0.0-100.0	0.000-1.571	0.008	0.145	19521.0	19509.0	16453.3	135.911	3055.87	71.2372	-0.925552	0.0753615	-0.05	0.0	0.1	0.0	3.09361	0.000298492	0.1	0.0	0.03	0.0	0.0326468	0.000271528	1.696	0.0	5.0	0.0	1.718	0.0	0.0326468	0.000271528	1.00498e-05	0.00459465	0.37914	0.00577631	0.0302029	0.00772777	-0.00137981	0.00391645	6.18744e-06	0.000275711	2.28455	0.177331	0.990842	0.0089247	1.0	0.000535056	0.948918	0.0128768	0.251372	0.0154771	1.47276	0.332023	0.423745	0.0121986	0.141108	0.0318204	-38527.8	4.0	4.89319e-05	-197735.0	5.0	3.70066e-06	1.0	10470.5	115.907	5982.88	91.631	0.363627	0.00468969	1053.45	10.5207	
0.0-2.4	11.0-13.0	0.0-100.0	0.000-1.571	0.008	0.145	6603.0	6600.0	5593.06	79.5389	1006.65	41.7172	-0.934384	0.131936	-0.05	0.0	0.1	0.0	3.09387	0.000520064	0.1	0.0	0.03	0.0	0.0330957	0.000494144	1.696	0.0	5.0	0.0	1.718	0.0	0.0330957	0.000494144	3.00105e-05	0.000309596	0.397526	0.010626	0.035575	0.0156752	0.00158392	0.00595811	0.000254184	0.000492501	2.10523	0.269949	0.999592	0.0153874	0.996245	0.060373	0.970583	0.0662384	0.258054	0.0307955	0.140888	5.40227e-09	0.398111	0.0207965	0.140933	0.118351	-13149.9	4.0	2.24552e-07	-59735.8	5.0	2.02565e-05	1.0	3671.67	68.5245	1921.39	52.1135	0.34353	0.00793409	1058.92	17.3661	
0.0-2.4	13.0-16.0	0.0-100.0	0.000-1.571	0.008	0.081	4213.0	4208.0	3458.92	62.477	749.164	34.5498	-0.7853	0.150348	-0.05	0.0	0.1	0.0	3.09336	0.000627048	0.1	0.0	0.03	0.0	0.0313327	0.000579079	1.696	0.0	5.0	0.0	1.718	0.0	0.0313327	0.000579079	2.11265e-05	10.8791	0.378962	0.0119897	0.0661462	0.04102	-0.00168051	0.0047893	-0.000608928	0.000611075	1.77416	0.264604	0.996187	0.0210062	0.999986	2.33664	0.943385	0.0280074	0.268249	0.00961257	0.143099	2.05271	0.454295	0.00953546	0.214289	0.0303496	-7954.75	4.0	7.59043e-05	-36105.1	5.0	2.19854e-06	1.0	2073.14	51.9421	1385.78	43.844	0.400639	0.0104069	1065.34	26.9617	
0.0-2.4	13.0-30.0	0.0-100.0	0.000-1.571	0.008	0.081	7141.0	7135.0	5850.76	81.4198	1284.46	45.4192	-1.01084	0.11593	-0.05	0.0	0.1	0.0	3.09357	0.000492898	0.1	0.0	0.03	0.0	0.031924	0.000449626	1.696	0.0	5.0	0.0	1.718	0.0	0.031924	0.000449626	1.02238e-05	0.00459457	0.369106	0.00846173	0.0480882	0.0218371	-0.00242622	0.00419284	-0.000351208	0.000442294	1.94086	0.230379	1.00027	0.0160619	1.0	5.32221	0.96236	0.0194992	0.281264	0.0271314	0.146892	12.3573	0.445189	0.0279808	0.231223	0.112631	-13009.5	4.0	5.34437e-05	-64815.0	5.0	1.98554e-05	1.0	3264.38	65.4333	2586.37	59.273	0.442058	0.00804922	1064.69	18.835	
0.0-2.4	16.0-30.0	0.0-100.0	0.000-1.571	0.008	0.056	2928.0	2916.0	2379.53	52.0971	536.66	29.5171	-1.32531	0.182357	-0.05	0.0	0.1	0.0	3.09376	0.00079824	0.02	0.0	0.07	0.0	0.0326453	0.000718939	1.696	0.0	5.0	0.0	1.718	0.0	0.0326453	0.000718939	1.01425e-05	0.00459461	0.358612	0.0119846	0.0340288	0.0240391	-0.00317689	0.0069571	-7.14212e-05	0.000644835	2.18001	0.438439	0.999661	0.0253114	1.0	0.0733439	0.985901	0.011744	0.289854	0.0309327	0.140914	0.000324964	0.431028	0.0292104	0.234843	0.192484	-5075.69	4.0	4.79965e-05	-23783.6	5.0	1.95777e-05	1.0	1195.51	39.7942	1184.03	39.6293	0.497588	0.0125969	1061.62	28.6107	
0.0-2.4	6.5-30.0	0.0-100.0	0.000-1.571	0.004	0.224	71362.0	71338.0	61568.0	262.16	9770.02	130.111	-0.766738	0.0422441	-0.05	0.0	0.1	0.0	3.09255	0.000162571	0.1	0.0	0.03	0.0	0.0346372	0.000145485	1.696	0.0	5.0	0.0	1.718	0.0	0.0346372	0.000145485	1.01537e-05	0.0045946	0.369839	0.00353827	0.0430983	0.00586475	-0.000930869	0.00240021	0.00036918	0.000164314	2.16125	0.0881268	0.962016	0.00422715	0.995919	0.0794338	0.858284	0.00514618	0.288748	0.00789863	0.141628	1.41289	0.427607	0.0036585	0.140965	0.0516929	-150058.0	4.0	0.000115746	-816255.0	5.0	5.03358e-07	1.0	45173.3	239.892	16394.7	159.446	0.266286	0.00232834	1042.55	6.83581	
0.0-2.4	6.5-7.5	0.0-100.0	0.000-1.571	0.008	0.168	21514.0	21501.0	18845.4	145.128	2655.45	69.8005	-0.326463	0.0813949	-0.05	0.0	0.1	0.0	3.09126	0.00031486	0.1	0.0	0.03	0.0	0.0370346	0.00028259	1.696	0.0	5.0	0.0	1.718	0.0	0.0370346	0.00028259	2.82935e-05	5.56844e-05	0.39255	0.00800539	0.0564692	0.0173463	0.0089199	0.0166626	0.000463098	0.000350814	1.98278	0.173627	0.97319	0.0075191	0.999999	0.0134591	0.794527	0.031337	0.406989	0.0223569	0.140912	1.84458e-11	0.417746	0.017034	0.140902	2.95252e-08	-46300.5	4.0	8.51951e-05	-219941.0	5.0	6.93207e-06	1.0	15130.5	137.93	3714.95	79.161	0.197127	0.00391664	1056.23	15.6685	
0.0-2.4	6.5-8.0	0.0-100.0	0.000-1.571	0.008	0.168	30099.0	30080.0	26315.4	171.357	3764.49	82.538	-0.437425	0.0682352	-0.05	0.0	0.1	0.0	3.09149	0.000263173	0.1	0.0	0.03	0.0	0.0366539	0.00023478	1.696	0.0	5.0	0.0	1.718	0.0	0.0366539	0.00023478	1.01726e-05	0.00459459	0.391741	0.00663607	0.0575665	0.0136708	0.00223244	0.00490816	0.000614011	0.000288936	2.00934	0.138671	0.959631	0.00630607	1.0	0.00456835	0.742549	0.030089	0.306324	0.020478	0.140959	5.37324e-11	0.404907	0.0134923	0.140976	0.01921	-64921.0	4.0	8.78671e-06	-317928.0	5.0	4.93686e-06	1.0	20960.2	162.258	5355.29	94.4223	0.203504	0.00333443	1048.95	12.9984	
0.0-2.4	6.5-8.5	0.0-100.0	0.000-1.571	0.008	0.168	37296.0	37275.0	32552.7	190.544	4722.46	92.0705	-0.547755	0.0608807	-0.05	0.0	0.1	0.0	3.09162	0.000233804	0.1	0.0	0.03	0.0	0.0362571	0.000208319	1.696	0.0	5.0	0.0	1.718	0.0	0.0362571	0.000208319	1.02618e-05	0.00459455	0.377106	0.0056853	0.0565076	0.0117314	-0.00114815	0.00417186	0.00114169	0.000255085	2.00908	0.120785	0.960579	0.00572455	1.0	2.1768	0.750352	0.044775	0.350919	0.027898	0.141821	11641.0	0.433399	0.0133803	0.143489	0.0199673	-80570.9	4.0	1.07763e-07	-402107.0	5.0	3.60275e-06	1.0	25689.3	179.866	6863.37	106.558	0.210839	0.00303184	1048.17	11.1722	
0.0-2.4	7.5-8.5	0.0-100.0	0.000-1.571	0.008	0.136	15781.0	15759.0	13700.8	123.455	2058.22	59.9896	-0.838903	0.0925892	-0.05	0.0	0.1	0.0	3.0921	0.000349501	0.1	0.0	0.03	0.0	0.0352509	0.000309339	1.696	0.0	5.0	0.0	1.718	0.0	0.0352509	0.000309339	3.14286e-05	0.000250139	0.360808	0.00809178	0.0553572	0.0153282	-0.00751851	0.00509998	0.00177294	0.000370845	2.03235	0.165504	0.947259	0.0088229	0.999999	0.0172087	0.708505	0.0335877	0.270554	0.0230878	0.141687	0.793726	0.44842	0.0195876	0.140949	1.5046e-10	-34287.7	4.0	0.000102092	-156624.0	5.0	5.58265e-07	1.0	10578.3	115.431	3122.49	70.9252	0.227907	0.00475197	1037.44	15.4154	
0.0-2.4	8.0-10.0	0.0-100.0	0.000-1.571	0.008	0.136	21741.0	21728.0	18799.8	144.441	2927.67	70.6534	-1.03187	0.0779708	-0.05	0.0	0.1	0.0	3.09295	0.000285106	0.1	0.0	0.03	0.0	0.0336556	0.000253472	1.696	0.0	5.0	0.0	1.718	0.0	0.0336556	0.000253472	2.68589e-05	0.000536565	0.348509	0.00626405	0.0458891	0.0102194	-0.0026995	0.0043131	0.000494508	0.000294771	2.19478	0.149274	0.941726	0.00745117	0.999999	0.0165769	0.840595	0.0229942	0.233694	0.0197242	0.141226	5.63263e-06	0.452206	0.0143005	0.152625	0.0185212	-47347.4	4.0	2.72325e-06	-223374.0	5.0	1.76514e-05	1.0	14034.6	133.503	4765.18	86.8117	0.25347	0.00418696	1033.05	12.5668	
0.0-2.4	8.5-9.5	0.0-100.0	0.000-1.571	0.008	0.136	10673.0	10668.0	9240.96	101.09	1427.17	49.0464	-0.97015	0.111194	-0.05	0.0	0.1	0.0	3.09348	0.000394917	0.1	0.0	0.03	0.0	0.0328191	0.000349406	1.696	0.0	5.0	0.0	1.718	0.0	0.0328191	0.000349406	1.33225e-05	0.00459315	0.361747	0.00915554	0.0500628	0.0142661	0.00161968	0.00572458	0.000591855	0.00041343	2.25294	0.202615	0.936216	0.0103916	0.999996	0.0263843	0.899852	0.0247885	0.238407	0.0256968	0.143073	0.794616	0.452132	0.0196352	0.148048	0.0315879	-23580.2	4.0	2.51699e-05	-102310.0	5.0	2.98906e-06	1.0	6898.81	93.2946	2342.16	60.5382	0.253454	0.00593541	1042.46	18.6062	
0.0-2.4	9.5-11.0	0.0-100.0	0.000-1.571	0.008	0.128	9647.0	9639.0	8327.29	96.0622	1311.7	47.037	-0.979357	0.115946	-0.05	0.0	0.1	0.0	3.09325	0.000427452	0.1	0.0	0.03	0.0	0.0333987	0.000377829	1.696	0.0	5.0	0.0	1.718	0.0	0.0333987	0.000377829	2.86811e-05	0.000348843	0.364807	0.00899289	0.0230452	0.0104935	-0.00132346	0.00761159	-0.000780415	0.000410252	2.46487	0.337054	0.95677	0.0114102	0.933882	0.0148584	1.0	0.00138438	0.205694	0.0226074	0.140897	1.26283e-10	0.424504	0.0177011	2.08321	5.67953	-20591.2	4.0	2.45085e-05	-91283.0	5.0	1.44784e-06	1.0	5911.62	86.3186	2415.67	59.8066	0.29009	0.00635473	1017.02	17.125	
0.4-0.8	6.5-30.0	0.0-100.0	0.000-1.571	0.008	0.073	10107.0	10069.0	8714.06	96.748	1354.88	44.7328	-1.08417	0.112354	-0.05	0.0	0.1	0.0	3.09479	0.000286524	0.02	0.0	0.05	0.0	0.0233229	0.000242244	1.696	0.0	5.0	0.0	1.718	0.0	0.0233229	0.000242244	2.82435e-05	0.000449249	0.357438	0.00822414	0.076506	0.0434519	-0.00258405	0.00354869	-0.000542002	0.000427325	1.67312	0.203336	0.976151	0.0121859	0.967251	27.0825	0.931757	29.1715	0.217089	0.0708813	0.141532	10.0575	0.446444	1.34425	0.141215	5.50553e-07	-23961.3	4.0	5.39504e-07	-98469.0	5.0	2.97789e-06	1.0	6078.35	86.6018	2635.71	61.6601	0.302466	0.0062283	1046.01	23.4535	
0.8-1.2	6.5-30.0	0.0-100.0	0.000-1.571	0.008	0.145	13129.0	13125.0	11428.6	111.587	1696.54	52.1507	-0.865073	0.101189	-0.05	0.0	0.1	0.0	3.09395	0.000340928	0.02	0.0	0.05	0.0	0.0317228	0.000286188	1.696	0.0	5.0	0.0	1.718	0.0	0.0317228	0.000286188	1.00235e-05	0.00459466	0.382939	0.00838775	0.021701	0.00683238	-0.000835981	0.00729644	0.00114343	0.000360319	2.63751	0.286474	1.00848	0.00985292	0.976455	0.0102313	0.999931	0.228552	0.360448	0.0223199	0.231107	0.0773467	0.431358	0.0175503	0.141296	2.73501	-29469.6	4.0	2.11784e-06	-129130.0	5.0	1.17649e-05	1.0	8423.46	101.707	3005.14	66.6414	0.262949	0.00523549	1070.47	13.0034	
1.2-1.6	6.5-30.0	0.0-100.0	0.000-1.571	0.004	0.152	16005.0	15996.0	14063.3	125.034	1932.78	59.1869	-0.60348	0.0959781	-0.05	0.0	0.1	0.0	3.09039	0.000375257	0.02	0.0	0.05	0.0	0.038729	0.000321846	1.696	0.0	5.0	0.0	1.718	0.0	0.038729	0.000321846	1.10187e-05	0.00459421	0.385023	0.00755596	0.0606589	0.0149845	-0.000791808	0.00423917	0.00108608	0.000349661	1.99894	0.146766	0.958094	0.00894055	0.999922	0.15629	0.808322	0.0858081	0.323891	0.0631144	0.14144	2.42172e-07	0.47989	0.0475327	0.140945	2.5511e-09	-32985.7	4.0	3.60309e-07	-158560.0	5.0	3.77419e-06	1.0	10244.8	113.725	3818.51	76.0892	0.271523	0.00484208	1051.02	14.3761	
1.6-2.0	6.5-30.0	0.0-100.0	0.000-1.571	0.004	0.145	16129.0	16117.0	14082.2	126.084	2035.77	62.0545	-0.950437	0.0958643	-0.05	0.0	0.1	0.0	3.09079	0.000438064	0.02	0.0	0.05	0.0	0.0452847	0.000378792	1.696	0.0	5.0	0.0	1.718	0.0	0.0452847	0.000378792	1.76494e-05	0.00459116	0.354839	0.00749039	0.0501204	0.0105066	0.00447381	0.00580861	0.000523197	0.000366949	2.34179	0.172123	0.931941	0.00855458	0.998876	413923.0	0.835647	18547.5	0.333462	4117.5	0.140888	622752.0	0.421918	384.867	0.14094	1778.12	-31442.2	4.0	7.14008e-05	-157956.0	5.0	0.000157076	1.0	10579.3	117.428	3502.86	76.1632	0.248744	0.00492865	1048.73	15.4738	
1.6-2.4	3.0-30.0	0.0-100.0	0.000-1.571	0.004	0.24	90352.0	90220.0	75523.4	296.069	14696.2	163.797	-0.164242	0.033949	-0.05	0.0	0.1	0.0	3.08896	0.000201641	0.1	0.0	0.03	0.0	0.048526	0.000178617	2.059	0.0	5.0	0.0	1.41	0.0	0.048526	0.000178617	1.03367e-05	0.00459452	0.373708	0.40161	0.048199	0.00677046	0.00323956	0.0047584	0.00049033	0.00840459	2.28286	0.107063	0.877053	0.489806	0.817944	0.0	0.9999	0.0	0.604322	0.0	0.0846182	0.0	0.4172	0.0	0.483258	0.0	-1e+30	4.0	0.0	-1031500.0	5.0	2.77553e-05	1.0	70009.7	27519.7	5513.74	27518.3	0.073007	0.364368	991.631	206.39	
1.6-2.4	3.0-4.5	0.0-100.0	0.000-1.571	0.024	0.24	35434.0	35351.0	29202.9	186.202	6148.33	107.778	0.698914	0.0547104	-0.05	0.0	0.1	0.0	3.08874	0.000326415	0.03	0.0	0.03	0.0	0.0483147	0.00029363	2.04	0.0	5.0	0.0	1.31	0.0	0.0483147	0.00029363	2.69452e-05	0.00010696	0.486903	0.0113533	0.0920982	0.0334626	-0.00295184	0.0134997	0.00160977	0.000417089	1.7428	0.171363	0.901284	0.00531447	1.0	0.00617769	0.547369	0.0364639	0.468088	0.0255685	0.140966	8.14436e-08	0.589335	0.023863	0.145869	0.0129642	-60208.7	4.0	1.35293e-06	-369977.0	5.0	9.74657e-05	1.0	25924.4	183.765	3278.46	82.9647	0.112265	0.00274932	1008.58	23.0474	
1.6-2.4	3.0-5.5	0.0-100.0	0.000-1.571	0.024	0.24	53895.0	53778.0	44619.7	229.237	9158.0	130.725	0.304467	0.0437345	-0.05	0.0	0.1	0.0	3.08839	0.000263372	0.1	0.0	0.03	0.0	0.0482512	0.000235381	2.04	0.0	5.0	0.0	1.31	0.0	0.0482512	0.000235381	1.07449e-05	0.00459433	0.459046	0.00830402	0.0947176	0.0252455	-0.00210053	0.00695986	0.000717549	0.000325079	1.7053	0.119034	0.900703	0.00440528	1.0	0.00367466	0.616066	0.0282626	0.400428	0.0203778	0.141041	1.69776e-09	0.539952	0.0152198	0.140892	0.0108611	-92197.9	4.0	1.01833e-05	-585842.0	5.0	2.12115e-05	1.0	39114.1	226.167	5505.6	107.564	0.12339	0.00232584	1004.92	16.3745	
1.6-2.4	3.0-6.5	0.0-100.0	0.000-1.571	0.016	0.24	67321.0	67195.0	56168.1	256.739	11027.1	144.132	0.161146	0.0397439	-0.05	0.0	0.1	0.0	3.08873	0.000236487	0.1	0.0	0.03	0.0	0.048745	0.000211299	2.04	0.0	5.0	0.0	1.31	0.0	0.048745	0.000211299	1.26007e-05	0.00459348	0.453798	0.00712197	0.0545752	0.0111807	0.00463949	0.00732318	0.000534945	0.000270095	2.11806	0.135123	0.925226	0.00385743	1.0	0.233623	0.64424	0.0180694	0.409013	0.0114521	0.141028	11649.4	0.53499	0.0128562	0.140917	1.90761e-09	-117155.0	4.0	7.62747e-05	-747462.0	5.0	6.55901e-06	1.0	48916.3	253.001	7251.82	122.944	0.129109	0.00210781	1026.72	12.5788	
1.6-2.4	4.5-5.5	0.0-100.0	0.000-1.571	0.024	0.192	18461.0	18420.0	15464.4	133.848	2955.3	73.5308	-0.502362	0.0764027	-0.05	0.0	0.1	0.0	3.0877	0.000443651	0.1	0.0	0.03	0.0	0.0482629	0.000389888	2.04	0.0	5.0	0.0	1.31	0.0	0.0482629	0.000389888	2.75213e-05	0.000465277	0.423033	0.0119845	0.103514	0.0420907	-0.000476917	0.00793976	-0.000398602	0.00052266	1.6297	0.164957	0.907813	0.00788169	0.935249	3.00698	0.861117	20.0747	0.335284	2.96624	0.140896	1.15814e-09	0.474233	1.25088	0.140984	5.41512	-32186.0	4.0	1.12423e-05	-181330.0	5.0	0.000138978	1.0	13240.5	131.503	2223.89	67.3098	0.143807	0.0041708	1006.85	23.8249	
1.6-2.4	5.5-6.5	0.0-100.0	0.000-1.571	0.024	0.16	13426.0	13405.0	11573.3	115.529	1831.72	60.046	-0.573128	0.0989452	-0.05	0.0	0.1	0.0	3.09015	0.000537549	0.1	0.0	0.03	0.0	0.0508565	0.000478322	2.04	0.0	5.0	0.0	1.31	0.0	0.0508565	0.000478322	1.00139e-05	0.00459467	0.431529	0.0130169	0.163974	0.0525224	0.00159916	0.00563014	0.000581719	0.000555658	1.56105	0.126401	0.88403	0.00973529	0.855033	0.00769815	0.999945	8.37749	0.439077	0.0054722	0.140904	3.79057e-11	0.485549	0.00451227	0.140991	48.2195	-25026.7	4.0	0.000102674	-127966.0	5.0	1.33698e-06	1.0	9758.89	111.892	1814.41	57.9472	0.156776	0.0047561	1026.13	26.6372	
1.6-2.4	6.5-30.0	0.0-100.0	0.000-1.571	0.008	0.188	23030.0	23021.0	20014.9	151.243	3006.09	76.5858	-0.877432	0.0788202	-0.05	0.0	0.1	0.0	3.09054	0.000384915	0.1	0.0	0.03	0.0	0.047305	0.000336755	1.696	0.0	5.0	0.0	1.718	0.0	0.047305	0.000336755	1.30059e-05	0.00459329	0.360755	0.00654003	0.0446101	0.00857781	0.00265167	0.00592245	1.09311e-05	0.000317457	2.45063	0.167161	0.928162	0.00723524	0.999982	0.971843	0.847707	0.00533001	0.307195	0.0040302	0.141048	1.43632	0.409621	0.00353732	0.140925	0.00480668	-43370.8	4.0	2.82846e-05	-232838.0	5.0	4.00135e-06	1.0	15118.8	141.513	4896.16	91.34	0.244625	0.00417246	1044.49	14.0536	
2.0-2.4	6.5-30.0	0.0-100.0	0.000-1.571	0.008	0.144	6900.0	6889.0	5940.38	83.6538	948.629	44.7918	-0.751261	0.140677	-0.05	0.0	0.1	0.0	3.08986	0.000800032	0.02	0.0	0.03	0.0	0.0526309	0.000721636	1.696	0.0	5.0	0.0	1.718	0.0	0.0526309	0.000721636	1.21911e-05	0.00459367	0.375177	0.0131168	0.0274908	0.012152	-0.01	0.0156797	-0.00160629	0.000638189	3.13309	0.601028	0.925353	0.013639	1.0	5719.34	0.896207	20.4598	0.264634	3.58663	0.141283	15121.7	0.386637	0.129995	0.140964	1.74246	-11984.4	4.0	5.41372e-05	-60725.6	5.0	2.34015e-06	1.0	4532.79	79.205	1407.59	50.9103	0.236953	0.00789392	1050.05	36.2461	
