weightedEff_TnPAtRD3_4DEff2_RapPtEffMap3_Ratio_Prof
rap	pT	cent	dPhi	ctauErrMin	ctauErrMax	NoCutEntry	CutEntry	NSig	NSigErr	NBkg	NBkgErr	coefExp	coefExpErr	coefPol1	coefPol1Err	coeffGaus	coeffGausErr	meanSig1	meanSig1Err	sigmaSig1	sigmaSig1Err	sigmaSig2	sigmaSig2Err	sigmaSig3	sigmaSig3Err	alpha	alphaErr	enne	enneErr	enneW	enneWErr	sigWidth	sigWidthErr	Gmc	GmcErr	bTau	bTauErr	fracRes	fracResErr	meanResSigW	meanResSigWErr	meanResSigN	meanResSigNErr	sigmaResSigW	sigmaResSigWErr	sigmaResSigN	sigmaResSigNErr	fpm	fpmErr	fLiving	fLivingErr	fbkgCtTot	fbkgCtTotErr	lambdam	lambdamErr	lambdap	lambdapErr	lambdasym	lambdasymErr	NLL	nFitPar	EDM	NLLMass	nFitParMass	EDMMass	Prob	PROMPT	PROMPTErr	NON-PROMPT	NON-PROMPTErr	Bfraction	BfractionErr	Resolution	ResolutionErr	
0.0-0.4	6.5-30.0	0.0-100.0	0.000-1.571	0.008	0.064	5675.0	5672.0	3779.81	68.344	1892.33	52.7502	-0.207183	0.0911316	-0.05	0.0	0.575386	0.075178	3.09265	0.000368961	0.0189044	0.000915199	0.0190505	0.00149032	0.03	0.0	1.492	0.0	5.0	0.0	1.733	0.0	0.0189666	0.000412192	3.59557e-05	0.000193278	0.457896	0.0135929	0.709974	0.264125	-0.00206547	0.00229629	0.00242349	0.00128629	1.32298	0.0992276	0.668176	0.0330541	0.844909	0.811134	0.564997	0.385462	0.348242	0.0523343	0.0706542	0.125223	0.348085	0.0477026	0.0705135	0.029188	-10132.3	4.0	2.45517e-05	-49906.7	7.0	6.81863e-05	1.0	2367.05	56.0849	1412.76	44.3425	0.373766	0.0095892	1171.38	83.6174	
0.0-1.2	6.5-30.0	0.0-10.0	0.000-1.571	0.008	0.088	7899.0	7897.0	4204.19	76.9508	3692.54	73.5479	0.00785833	0.0643412	-0.05	0.0	0.503346	0.0	3.09227	0.0	0.0193738	0.0	0.0360951	0.00142338	0.03	0.0	1.492	0.0	5.0	0.0	1.733	0.0	0.0289136	0.000441257	1.12992e-05	0.000388937	0.323304	0.0103369	0.282557	0.0	0.00228371	0.0	0.00185423	0.000681424	1.58042	0.0	0.946361	0.0203278	0.721201	0.303767	0.66074	0.145993	0.553052	0.133367	0.0705842	0.168701	0.25105	0.021026	0.119203	0.0771202	-12075.6	4.0	1.74079e-06	-68355.5	4.0	6.10474e-05	1.0	2819.51	66.2075	1384.67	48.6057	0.329356	0.00986521	1161.16	5.94309	
0.0-1.2	6.5-30.0	0.0-100.0	0.000-1.571	0.008	0.105	21479.0	21474.0	13527.8	134.792	7946.04	112.181	-0.0118194	0.0456719	-0.05	0.0	0.503346	0.0458802	3.09227	0.000267333	0.0193738	0.000565064	0.0349596	0.00166971	0.03	0.0	1.492	0.0	5.0	0.0	1.733	0.0	0.0282121	0.00062615	1.16782e-05	0.000130175	0.415778	0.00713832	0.282557	0.19576	0.00228371	0.00264771	0.000435604	0.000366121	1.58042	0.170805	0.88376	0.0107352	0.655335	0.021595	0.924985	0.014184	0.514817	0.0164239	0.0704782	2.33478e-09	0.262062	0.0115798	0.455744	0.0709208	-35167.4	4.0	4.59196e-05	-211623.0	7.0	2.31933e-05	1.0	9037.38	113.577	4490.43	82.4193	0.331941	0.00511665	1125.21	82.0547	
0.0-1.2	6.5-30.0	10.0-20.0	0.000-1.571	0.008	0.088	5209.0	5207.0	3266.08	64.631	1940.44	53.3997	0.0495528	0.0891785	-0.05	0.0	0.503346	0.0	3.09227	0.0	0.0193738	0.0	0.0338537	0.00137064	0.03	0.0	1.492	0.0	5.0	0.0	1.733	0.0	0.0275342	0.000418486	1.12992e-05	0.000388937	0.529517	0.016418	0.282557	0.0	0.00228371	0.0	-0.00165577	0.000790893	1.58042	0.0	0.902342	0.02358	0.698147	0.0475725	0.793874	0.0472801	0.520935	0.0392534	0.0705549	6.73004e-08	0.29666	0.0262019	0.455872	0.0690147	-7437.63	4.0	1.64442e-05	-44007.9	4.0	9.09972e-05	1.0	1983.37	52.147	1282.71	42.699	0.392737	0.0105127	1135.74	6.72037	
0.0-1.2	6.5-30.0	20.0-30.0	0.000-1.571	0.008	0.105	3681.0	3679.0	2426.67	55.8698	1252.35	44.1264	0.134323	0.11149	-0.05	0.0	0.503346	0.0	3.09227	0.0	0.0193738	0.0	0.0355698	0.00178391	0.03	0.0	1.492	0.0	5.0	0.0	1.733	0.0	0.0285884	0.000551174	1.16782e-05	0.000130175	0.486884	0.0193492	0.282557	0.0	0.00228371	0.0	0.0006957	0.000822233	1.58042	0.0	0.852741	0.0236754	0.675519	17.5451	1.0	59807.5	0.512896	12.1003	0.0704581	7.55984e-07	0.23225	6.08832	0.0708991	249731.0	-6125.64	4.0	1.44195e-05	-29922.5	4.0	9.06537e-06	1.0	1628.0	46.9045	798.668	33.664	0.329121	0.0116202	1107.9	6.53687	
0.0-1.2	6.5-30.0	30.0-40.0	0.000-1.571	0.008	0.064	2144.0	2142.0	1540.1	43.2548	601.881	30.5402	-0.406137	0.162517	-0.05	0.0	0.503346	0.0	3.09227	0.0	0.0193738	0.0	0.0372157	0.00207386	0.03	0.0	1.492	0.0	5.0	0.0	1.733	0.0	0.0296108	0.000647261	1.32366e-05	0.000329048	0.322122	0.0176746	0.282557	0.0	0.00228371	0.0	-0.00137052	0.00103179	1.58042	0.0	0.828613	0.0270421	0.570977	0.238197	0.999994	9.80376	0.42468	0.158517	0.0705375	0.0287	0.19358	0.0291664	0.0824804	0.000165784	-4468.84	4.0	5.72935e-05	-16572.9	4.0	1.56233e-06	1.0	1108.13	38.413	431.964	25.5757	0.280478	0.0146193	1094.69	7.34274	
0.0-1.2	6.5-30.0	40.0-50.0	0.000-1.571	0.016	0.048	1325.0	1308.0	1011.03	34.0167	296.932	21.0489	-0.291091	0.23093	-0.05	0.0	0.503346	0.0	3.09227	0.0	0.0193738	0.0	0.0339192	0.00211207	0.03	0.0	1.492	0.0	5.0	0.0	1.733	0.0	0.0275742	0.000645171	1.43354e-05	8.22848e-05	0.33029	0.0199703	0.282557	0.0	0.00228371	0.0	-0.00322789	0.00141655	1.58042	0.0	0.88679	0.0413827	1.0	0.0261963	1.0	0.0156888	0.542026	0.044733	0.0709782	0.000112963	0.723194	0.0860851	0.382268	1.08835	-2538.46	4.0	0.000137001	-9671.22	4.0	2.39507e-06	1.0	658.189	29.3502	352.84	22.6265	0.348991	0.0190518	1126.92	11.6817	
0.0-1.2	6.5-30.0	50.0-100.0	0.000-1.571	0.008	0.056	1217.0	1215.0	1070.45	34.1794	144.783	15.5741	-0.355263	0.338534	-0.05	0.0	0.503346	0.0	3.09227	0.0	0.0193738	0.0	0.0324331	0.00173653	0.03	0.0	1.492	0.0	5.0	0.0	1.733	0.0	0.0266714	0.000524385	1.34486e-05	0.000306561	0.391251	0.024931	0.282557	0.0	0.00228371	0.0	0.000913251	0.001115	1.58042	0.0	0.762962	0.0338124	0.998752	0.00896285	0.998851	0.171636	0.361316	0.0705073	1.49313	0.0146589	0.240803	0.038844	0.0763311	4.33236	-3094.65	4.0	3.71715e-05	-9311.7	4.0	9.32165e-05	1.0	761.186	30.3166	309.262	20.6371	0.288909	0.0169286	1059.9	8.73117	
0.0-2.4	10.0-13.0	0.0-100.0	0.000-1.571	0.008	0.136	6890.0	6889.0	5147.58	80.2825	1741.16	55.1264	-0.610558	0.100031	-0.05	0.0	0.410943	0.0626276	3.09064	0.000521422	0.0208269	0.00147695	0.042841	0.00234843	0.03	0.0	1.492	0.0	5.0	0.0	1.733	0.0	0.0354877	0.0010542	1.25623e-05	9.06713e-05	0.446519	0.0117974	0.0553454	0.0788853	0.000212513	0.0144851	0.000542114	0.000517069	2.09412	0.553674	0.959131	0.0155506	0.807261	0.404555	0.913964	4.07719	0.378182	0.986138	0.0705699	1.99022e-08	0.289618	0.123973	0.0710851	1.24989	-11874.9	4.0	6.00353e-05	-60963.9	7.0	1.8143e-05	1.0	3335.27	67.4751	1812.31	51.4392	0.352071	0.0083491	1054.38	71.916	
0.0-2.4	10.0-30.0	0.0-100.0	0.000-1.571	0.004	0.144	10599.0	10597.0	7966.19	99.838	2630.68	68.0627	-0.635633	0.0813396	-0.05	0.0	0.443118	0.0437378	3.09175	0.000414932	0.021256	0.00105679	0.0452867	0.00187691	0.03	0.0	1.492	0.0	5.0	0.0	1.733	0.0	0.0366376	0.000814559	1.0177e-05	0.00195203	0.404496	0.00849834	0.0477214	0.0592155	-0.000892962	0.00748279	0.000176542	0.000393841	2.03646	0.461587	0.968336	0.0127333	1.0	0.000887032	0.699479	0.0364077	0.355703	0.0273918	1.41459	0.755954	0.314329	0.0135929	0.0705676	1.05078e-09	-18623.8	4.0	6.11198e-07	-98368.8	7.0	3.55976e-05	1.0	5041.17	83.5223	2925.02	65.7887	0.367179	0.00685759	1044.43	50.619	
0.0-2.4	11.0-13.0	0.0-100.0	0.000-1.571	0.008	0.105	3773.0	3771.0	2912.22	59.7418	858.769	38.9311	-0.829997	0.14329	-0.05	0.0	0.480044	0.0595338	3.08997	0.000666684	0.0211261	0.00147707	0.0480784	0.00309423	0.03	0.0	1.492	0.0	5.0	0.0	1.733	0.0	0.0376317	0.00128065	4.93653e-05	0.000238442	0.528089	0.0169949	0.0328637	0.0389686	-0.000371389	0.0145275	0.00178946	0.000710574	2.53131	0.734887	1.01007	0.0219954	0.856756	0.106091	0.836281	0.176156	0.386398	0.0812322	0.0706244	1.1686e-09	0.314524	0.0251757	0.076623	0.0465701	-6115.31	4.0	4.17461e-06	-31290.1	7.0	2.3225e-05	1.0	1740.06	48.1661	1172.16	40.2987	0.402498	0.0111044	1094.2	56.3691	
0.0-2.4	13.0-16.0	0.0-100.0	0.000-1.571	0.008	0.08	2262.0	2257.0	1793.11	46.9541	463.946	29.5907	-0.38169	0.195407	-0.05	0.0	0.443883	0.0665277	3.09399	0.000880041	0.0201456	0.0019986	0.0517151	0.00392649	0.03	0.0	1.492	0.0	5.0	0.0	1.733	0.0	0.0408345	0.00167737	1.00002e-05	0.000966722	0.411565	0.0184255	0.0326157	0.0670782	-0.00999634	0.0183094	0.00229558	0.00084279	1.86063	0.773549	1.02302	0.0275214	0.985871	16.1522	0.743408	21.6624	0.230897	2.76612	0.0706755	6.19804e-06	0.230997	0.661736	0.07058	2.25058	-4205.91	4.0	1.59834e-06	-17575.4	7.0	2.79454e-05	1.0	1159.61	39.6784	633.5	30.455	0.353297	0.0142437	1060.83	45.959	
0.0-2.4	13.0-30.0	0.0-100.0	0.000-1.571	0.008	0.105	3708.0	3708.0	2829.63	59.5178	878.661	39.8926	-0.691898	0.142313	-0.05	0.0	0.475107	0.0658905	3.09394	0.000702785	0.0213766	0.00165675	0.0496135	0.00372782	0.03	0.0	1.492	0.0	5.0	0.0	1.733	0.0	0.0388475	0.00152663	2.10356e-05	0.0045896	0.33219	0.0115137	0.0347602	0.122355	-0.00537756	0.015369	0.000322827	0.000612876	1.80759	0.989032	0.995154	0.0219986	0.938781	0.326945	0.920776	0.568784	0.408207	0.0939331	0.0706199	1.94111e-06	0.32164	0.0532547	0.0708008	7.15142e-08	-6791.68	4.0	1.46962e-05	-30555.3	7.0	8.23291e-05	1.0	1701.25	49.2572	1128.38	41.3414	0.398773	0.0119626	1034.16	74.4533	
0.0-2.4	16.0-30.0	0.0-100.0	0.000-1.571	0.008	0.064	1446.0	1443.0	1036.73	36.0606	406.145	25.8794	-0.961377	0.208993	-0.05	0.0	0.245048	0.178653	3.09388	0.00122797	0.0192226	0.00434411	0.0348807	0.00462076	0.03	0.0	1.492	0.0	5.0	0.0	1.733	0.0	0.0317658	0.00227831	5.46616e-05	1.05755	0.238539	0.0132784	0.461092	0.573416	0.00155876	0.00498774	1.92053e-05	0.0012226	1.33655	0.440517	0.779431	0.0438575	0.999821	292612.0	0.965504	68036.8	0.484487	10559.4	0.0704441	488387.0	0.411679	371.876	0.0704494	33275.8	-2644.43	4.0	8.37049	-10449.2	7.0	0.000126113	1.0	578.402	28.6135	458.331	25.8482	0.442092	0.0196256	1072.88	202.216	
0.0-2.4	6.5-30.0	0.0-10.0	0.000-1.571	0.008	0.184	19290.0	19290.0	8958.59	112.486	10332.5	118.434	-0.18489	0.0384619	-0.05	0.0	0.41028	0.0	3.09273	0.0	0.0490746	0.0	0.0245992	0.000555797	0.03	0.0	1.492	0.0	5.0	0.0	1.733	0.0	0.0366734	0.000109926	3.80561e-05	6.9663e-05	0.338463	0.00831433	0.19482	0.0	0.00388614	0.0	0.00370574	0.000444264	1.71004	0.0	1.02242	0.0120579	0.62204	0.0281533	0.87551	0.0258315	0.604505	0.0166436	0.0705196	2.39273e-09	0.294227	0.012239	0.35569	0.047814	-23730.8	4.0	1.08583e-06	-180349.0	4.0	7.46129e-05	1.0	6416.43	100.81	2542.16	68.4884	0.283768	0.00676391	1188.02	4.17772	
0.0-2.4	6.5-30.0	0.0-100.0	0.000-1.571	0.004	0.128	50361.0	50092.0	28392.2	216.054	21699.7	199.801	-0.197444	0.0273511	-0.05	0.0	0.41028	0.027373	3.09273	0.000252288	0.0490746	0.00134017	0.0245957	0.000520562	0.03	0.0	1.492	0.0	5.0	0.0	1.733	0.0	0.036672	0.000509114	3.69757e-05	6.79802e-05	0.37073	0.00489967	0.19482	0.0809237	0.00388614	0.00250476	0.00212053	0.000244819	1.71004	0.123875	0.942146	0.0064913	0.65563	0.0167109	0.93286	0.0140342	0.576473	0.0108889	0.0706252	1.1788e-09	0.274619	0.00685943	0.316112	0.0441322	-72831.6	4.0	0.00010562	-524158.0	7.0	1.3039e-05	1.0	20217.3	185.156	8174.93	120.349	0.287929	0.00362863	1133.32	40.718	
0.0-2.4	6.5-30.0	0.0-5.0	0.000-1.571	0.008	0.184	10583.0	10583.0	4850.66	83.2374	5733.11	88.3783	-0.12067	0.0515533	-0.05	0.0	0.41028	0.0	3.09273	0.0	0.0490746	0.0	0.0234514	0.000761799	0.03	0.0	1.492	0.0	5.0	0.0	1.733	0.0	0.0362272	0.000145409	3.80561e-05	6.9663e-05	0.34693	0.0116903	0.19482	0.0	0.00388614	0.0	0.00434811	0.000622339	1.71004	0.0	1.07775	0.0171581	0.735725	0.0655299	0.771327	0.0539256	0.667417	0.0250537	0.0705922	4.98567e-09	0.266468	0.0170184	0.349103	0.0473003	-12631.3	4.0	5.83558e-07	-92535.8	4.0	5.74641e-05	1.0	3503.7	74.9876	1346.96	50.4238	0.277687	0.00923876	1226.76	6.06861	
0.0-2.4	6.5-30.0	10.0-15.0	0.000-1.571	0.008	0.152	6541.0	6538.0	3412.0	67.9221	3125.55	65.7789	-0.157685	0.070061	-0.05	0.0	0.41028	0.0	3.09273	0.0	0.0490746	0.0	0.0239059	0.00082773	0.03	0.0	1.492	0.0	5.0	0.0	1.733	0.0	0.036402	0.000160282	1.79985e-05	0.004591	0.337414	0.0125006	0.19482	0.0	0.00388614	0.0	0.00177411	0.000707841	1.71004	0.0	0.952358	0.0181937	0.666272	0.106397	0.870798	0.120374	0.585265	0.0571656	0.0705517	5.31725e-09	0.179266	0.0166195	0.197113	0.0715346	-9423.27	4.0	5.07687e-05	-54618.9	4.0	3.45911e-05	1.0	2384.37	60.445	1027.63	42.6513	0.301182	0.0109687	1140.17	6.11807	
0.0-2.4	6.5-30.0	10.0-20.0	0.000-1.571	0.008	0.16	12124.0	12121.0	6642.09	93.5161	5478.92	87.0754	-0.154703	0.0529655	-0.05	0.0	0.41028	0.0	3.09273	0.0	0.0490746	0.0	0.0232551	0.000597908	0.03	0.0	1.492	0.0	5.0	0.0	1.733	0.0	0.0361525	0.000113404	1.00282e-05	0.000232918	0.426901	0.0108583	0.19482	0.0	0.00388614	0.0	0.000994368	0.000528255	1.71004	0.0	0.974039	0.0135738	0.698457	0.289934	0.819475	0.0367673	0.591382	0.164508	0.0707252	0.0882385	0.219595	0.0220945	0.381625	0.0499096	-16560.6	4.0	6.83441e-06	-109329.0	4.0	1.59795e-07	1.0	4556.1	81.5711	2085.99	58.3232	0.314056	0.0075863	1154.82	4.60918	
0.0-2.4	6.5-30.0	15.0-20.0	0.000-1.571	0.008	0.16	5583.0	5583.0	3225.18	64.1838	2357.52	57.0232	-0.150064	0.0807961	-0.05	0.0	0.41028	0.0	3.09273	0.0	0.0490746	0.0	0.0224225	0.000844018	0.03	0.0	1.492	0.0	5.0	0.0	1.733	0.0	0.035841	0.000155694	1.00282e-05	0.000232918	0.504527	0.0174359	0.19482	0.0	0.00388614	0.0	-0.000406964	0.000790223	1.71004	0.0	0.985937	0.0201889	0.77737	0.095991	0.721691	0.0584013	0.587289	0.0409862	0.0704563	0.0272418	0.272769	0.0281411	0.418654	0.0583422	-7245.54	4.0	4.04483e-06	-46359.9	4.0	4.86061e-05	1.0	2140.18	54.8617	1085.0	40.7678	0.336415	0.0107219	1162.92	6.89087	
0.0-2.4	6.5-30.0	20.0-25.0	0.000-1.571	0.008	0.145	4640.0	4640.0	2781.36	59.3598	1858.41	50.9975	-0.137381	0.0912898	-0.05	0.0	0.41028	0.0	3.09273	0.0	0.0490746	0.0	0.0260812	0.000973623	0.03	0.0	1.492	0.0	5.0	0.0	1.733	0.0	0.0372724	0.000200885	3.69686e-05	0.0287936	0.415825	0.016905	0.19482	0.0	0.00388614	0.0	0.000559007	0.000727807	1.71004	0.0	0.893202	0.0189599	0.714016	0.0738661	0.72474	0.0558569	0.588022	0.0395234	0.0706192	4.85157e-07	0.182543	0.02183	0.506622	0.0658346	-7026.92	4.0	1.06163e-07	-37751.3	4.0	1.41565e-05	1.0	1984.09	52.1092	797.271	34.8115	0.286648	0.010919	1100.94	6.19276	
0.0-2.4	6.5-30.0	20.0-30.0	0.000-1.571	0.008	0.152	8472.0	8472.0	5214.55	80.9869	3257.21	67.8373	-0.10857	0.0689689	-0.05	0.0	0.41028	0.0	3.09273	0.0	0.0490746	0.0	0.0252142	0.000691179	0.03	0.0	1.492	0.0	5.0	0.0	1.733	0.0	0.0369189	0.000139188	1.79985e-05	0.004591	0.445509	0.0131158	0.19482	0.0	0.00388614	0.0	0.00334031	0.000579841	1.71004	0.0	0.898991	0.014394	0.71502	0.036784	0.842455	0.0303263	0.590018	0.0264175	0.0704394	6.13195e-09	0.184144	0.0124048	0.502007	0.0659537	-13019.5	4.0	16.5784	-74271.8	4.0	2.42234e-05	1.0	3700.92	70.8725	1513.63	47.6629	0.290271	0.00795126	1104.73	4.71567	
0.0-2.4	6.5-30.0	25.0-30.0	0.000-1.571	0.008	0.136	3831.0	3827.0	2430.8	55.0322	1396.2	44.6537	-0.069077	0.105324	-0.05	0.0	0.41028	0.0	3.09273	0.0	0.0490746	0.0	0.0242419	0.000951206	0.03	0.0	1.492	0.0	5.0	0.0	1.733	0.0	0.0365328	0.000186112	3.37928e-05	7.02542e-05	0.474736	0.0197168	0.19482	0.0	0.00388614	0.0	0.00187643	0.000815637	1.71004	0.0	0.900969	0.0215192	0.745407	159336.0	0.989707	1673250.0	0.618586	154278.0	0.0706157	0.0325337	0.182146	42707.6	0.0704499	8102850.0	-6018.97	4.0	0.000136519	-30645.6	4.0	2.06874e-07	1.0	1685.21	47.902	745.59	33.5251	0.306727	0.0119161	1106.03	7.05718	
0.0-2.4	6.5-30.0	30.0-35.0	0.000-1.571	0.008	0.128	2905.0	2903.0	1779.54	47.4894	1123.25	39.9873	-0.394858	0.118064	-0.05	0.0	0.41028	0.0	3.09273	0.0	0.0490746	0.0	0.024945	0.00120097	0.03	0.0	1.492	0.0	5.0	0.0	1.733	0.0	0.0368109	0.00023997	3.69757e-05	6.79802e-05	0.310727	0.0187033	0.19482	0.0	0.00388614	0.0	0.00174102	0.000944244	1.71004	0.0	0.90639	0.0239165	0.654716	0.162924	0.999914	7.06778	0.53854	0.13295	0.070687	0.00796357	0.313024	0.0719185	0.0706244	59.8728	-4829.16	4.0	3.83027e-05	-22325.9	4.0	1.79029e-05	1.0	1356.04	43.8861	423.495	27.2793	0.237981	0.013952	1109.59	7.86526	
0.0-2.4	6.5-30.0	30.0-40.0	0.000-1.571	0.008	0.128	5002.0	5000.0	3239.3	62.9905	1760.43	49.8888	-0.404644	0.0944925	-0.05	0.0	0.41028	0.0	3.09273	0.0	0.0490746	0.0	0.0242739	0.000814128	0.03	0.0	1.492	0.0	5.0	0.0	1.733	0.0	0.0365453	0.000159447	3.69757e-05	6.79802e-05	0.261957	0.0120249	0.19482	0.0	0.00388614	0.0	0.00118453	0.000692446	1.71004	0.0	0.850116	0.0174418	0.775884	0.0844643	0.670544	0.145686	0.44798	0.0658879	0.070664	0.0158022	0.403959	0.0319957	0.0706113	0.0160891	-8696.83	4.0	1.07993e-06	-41546.0	4.0	3.44154e-05	1.0	2379.49	58.5693	859.814	39.6096	0.265432	0.0110851	1073.13	5.56265	
0.0-2.4	6.5-30.0	35.0-40.0	0.000-1.571	0.008	0.12	2097.0	2097.0	1456.65	41.4036	640.265	29.9654	-0.417943	0.157047	-0.05	0.0	0.41028	0.0	3.09273	0.0	0.0490746	0.0	0.023511	0.00110273	0.03	0.0	1.492	0.0	5.0	0.0	1.733	0.0	0.03625	0.000210886	3.63218e-05	5.72307e-05	0.224958	0.0138267	0.19482	0.0	0.00388614	0.0	0.00100514	0.00101008	1.71004	0.0	0.798645	0.025326	0.957105	0.113298	0.516058	0.109313	0.389964	0.0521626	0.0877131	0.0629204	0.511659	0.0580331	0.075235	0.0132458	-3892.99	4.0	2.78771e-05	-15832.2	4.0	4.65881e-06	1.0	1018.99	38.602	437.661	28.3897	0.300458	0.017519	1040.8	7.82376	
0.0-2.4	6.5-30.0	40.0-45.0	0.000-1.571	0.008	0.12	1589.0	1588.0	1144.16	36.4667	443.761	25.0891	-0.384095	0.189083	-0.05	0.0	0.41028	0.0	3.09273	0.0	0.0490746	0.0	0.0238354	0.00115972	0.03	0.0	1.492	0.0	5.0	0.0	1.733	0.0	0.0363747	0.000224074	3.63218e-05	5.72307e-05	0.289717	0.0200032	0.19482	0.0	0.00388614	0.0	-0.00234393	0.00121645	1.71004	0.0	0.905712	0.0321591	0.997907	0.0339616	0.999935	0.0115321	0.549417	0.0383325	0.0705265	7.655e-07	0.572199	0.0568184	0.697379	1.40283	-2918.21	4.0	4.82046e-06	-11641.4	4.0	5.61747e-06	1.0	842.163	33.5928	301.992	22.3752	0.263943	0.0176542	1109.14	10.5723	
0.0-2.4	6.5-30.0	40.0-50.0	0.000-1.571	0.008	0.136	2863.0	2860.0	2100.22	49.2431	759.706	32.9306	-0.945152	0.148456	-0.05	0.0	0.41028	0.0	3.09273	0.0	0.0490746	0.0	0.0255375	0.000920546	0.03	0.0	1.492	0.0	5.0	0.0	1.733	0.0	0.0370497	0.000187092	3.37928e-05	7.02542e-05	0.307972	0.0143373	0.19482	0.0	0.00388614	0.0	-0.00279348	0.000894	1.71004	0.0	0.855027	0.0241521	1.0	0.135961	0.885088	0.209165	0.472492	0.116986	0.0706126	10.678	0.454344	0.0498367	0.0704826	4.59353e-09	-5110.33	4.0	8.2238e-05	-22671.0	4.0	2.31305e-06	1.0	1460.36	44.3416	639.864	31.9193	0.304665	0.0134147	1076.26	7.72467	
0.0-2.4	6.5-30.0	45.0-50.0	0.000-1.571	0.008	0.136	1273.0	1271.0	960.188	33.1105	310.829	21.1411	-1.81213	0.250433	-0.05	0.0	0.41028	0.0	3.09273	0.0	0.0490746	0.0	0.0280249	0.00161046	0.03	0.0	1.492	0.0	5.0	0.0	1.733	0.0	0.0380952	0.000349332	3.37928e-05	7.02542e-05	0.323211	0.0202893	0.19482	0.0	0.00388614	0.0	-0.00312773	0.00124796	1.71004	0.0	0.747266	0.0344558	0.870967	20.6542	0.894375	15.6867	0.262774	8.10688	0.0705995	1.73477e-06	0.34637	3.72817	0.0707492	7.70183e-05	-2223.66	4.0	8.43761e-05	-9071.07	4.0	1.75196e-06	1.0	619.972	29.0138	340.216	22.8558	0.354322	0.0204285	1009.61	10.2671	
0.0-2.4	6.5-30.0	5.0-10.0	0.000-1.571	0.008	0.112	8706.0	8673.0	4101.97	75.5092	4571.34	78.5546	-0.253977	0.057937	-0.05	0.0	0.41028	0.0	3.09273	0.0	0.0490746	0.0	0.025678	0.000780328	0.03	0.0	1.492	0.0	5.0	0.0	1.733	0.0	0.0371069	0.000159221	3.69703e-05	0.0265992	0.332049	0.0119453	0.19482	0.0	0.00388614	0.0	0.000710999	0.000627668	1.71004	0.0	0.930829	0.0167592	1.0	0.237931	0.316217	0.0307843	0.472861	0.0356117	0.0705805	3.81456e-10	0.428239	0.0269035	0.0865217	0.00630655	-11219.5	4.0	5.38552e-09	-74234.9	4.0	1.3155e-05	1.0	2902.49	67.3221	1199.47	46.5307	0.292414	0.00998504	1125.76	5.57876	
0.0-2.4	6.5-30.0	50.0-100.0	0.000-1.571	0.008	0.088	2609.0	2591.0	2177.59	49.1454	413.332	25.5166	-0.488925	0.200796	-0.05	0.0	0.41028	0.0	3.09273	0.0	0.0490746	0.0	0.0249376	0.000945535	0.03	0.0	1.492	0.0	5.0	0.0	1.733	0.0	0.0368079	0.000188889	3.69533e-05	0.0259228	0.336633	0.0166384	0.19482	0.0	0.00388614	0.0	0.00236205	0.000855174	1.71004	0.0	0.855537	0.0235623	1.0	0.0995914	1.0	0.132851	0.438832	0.0812964	0.0705953	7.08825e-08	0.243948	0.0423358	0.0708169	1.13874e-05	-5733.91	4.0	1.20492e-05	-20939.3	4.0	4.54506e-06	1.0	1625.29	45.24	552.298	29.2668	0.253628	0.0121601	1076.59	7.53823	
0.0-2.4	6.5-30.0	50.0-55.0	0.000-1.571	0.008	0.08	919.0	910.0	749.549	29.0027	160.406	15.876	-0.24463	0.318486	-0.05	0.0	0.41028	0.0	3.09273	0.0	0.0490746	0.0	0.0260765	0.00162445	0.03	0.0	1.492	0.0	5.0	0.0	1.733	0.0	0.0372704	0.000335125	1.00002e-05	2.73951e-05	0.257195	0.0237679	0.19482	0.0	0.00388614	0.0	0.00167185	0.00163555	1.71004	0.0	0.924947	0.0472806	0.728984	0.080211	0.999835	0.672008	0.27188	0.0813814	0.0705743	3.18299e-09	0.203948	0.0311189	0.0704614	4.31486e-06	-2054.92	4.0	2.7632e-06	-6352.42	4.0	3.74181e-06	1.0	574.107	27.8004	175.442	18.0409	0.234064	0.0223	1121.85	15.6938	
0.0-2.4	6.5-30.0	50.0-60.0	0.000-1.571	0.008	0.08	1475.0	1462.0	1218.71	36.9401	243.237	19.7272	-0.327993	0.260546	-0.05	0.0	0.41028	0.0	3.09273	0.0	0.0490746	0.0	0.0265216	0.00128599	0.03	0.0	1.492	0.0	5.0	0.0	1.733	0.0	0.0374552	0.000268497	1.00002e-05	2.73951e-05	0.235483	0.0170532	0.19482	0.0	0.00388614	0.0	0.00296729	0.00119975	1.71004	0.0	0.860037	0.0333291	0.718779	0.0566943	0.999873	6.85046	0.268528	0.0565636	0.0704842	2.29418e-09	0.264658	0.0251533	0.071847	43.4853	-3338.11	4.0	4.92508e-05	-10916.0	4.0	3.80055e-06	1.0	925.086	35.4158	293.62	23.393	0.240928	0.0177515	1079.47	10.6903	
0.0-2.4	6.5-30.0	55.0-60.0	0.000-1.571	0.008	0.073	556.0	549.0	467.447	22.8072	81.594	11.5885	-0.506109	0.454083	-0.05	0.0	0.41028	0.0	3.09273	0.0	0.0490746	0.0	0.027111	0.00216144	0.03	0.0	1.492	0.0	5.0	0.0	1.733	0.0	0.0377032	0.000458274	3.34445e-05	6.9324e-05	0.20536	0.0240142	0.19482	0.0	0.00388614	0.0	0.00408651	0.00176068	1.71004	0.0	0.806753	0.0473327	1.0	0.740219	1.0	0.654358	0.474272	0.216843	0.0708734	3.62013e-06	0.395706	0.175154	0.0704541	6.18767e-08	-1281.02	4.0	2.9125e-05	-3577.19	4.0	2.33284e-05	1.0	350.719	21.8282	116.728	14.6999	0.249714	0.0289911	1045.83	14.6996	
0.0-2.4	6.5-30.0	60.0-100.0	0.000-1.571	0.008	0.088	1133.0	1124.0	953.051	32.3036	170.973	16.1696	-0.725023	0.313372	-0.05	0.0	0.41028	0.0	3.09273	0.0	0.0490746	0.0	0.0224182	0.00126491	0.03	0.0	1.492	0.0	5.0	0.0	1.733	0.0	0.0358394	0.000233301	3.69533e-05	0.0259228	0.429466	0.0290914	0.19482	0.0	0.00388614	0.0	0.00193098	0.001183	1.71004	0.0	0.787649	0.0312082	0.999984	0.555876	1.0	0.0693238	0.323279	0.233356	0.0705418	1.39684e-05	0.203132	0.0887966	0.121616	0.0021802	-2432.34	4.0	4.04162e-06	-8212.72	4.0	1.3193e-06	1.0	680.613	28.6774	272.438	19.3771	0.285859	0.0178744	1034.03	9.57038	
0.0-2.4	6.5-30.0	60.0-70.0	0.000-1.571	0.008	0.088	752.0	744.0	638.648	26.2939	105.45	12.5764	-0.771064	0.398653	-0.05	0.0	0.41028	0.0	3.09273	0.0	0.0490746	0.0	0.0195867	0.0012706	0.03	0.0	1.492	0.0	5.0	0.0	1.733	0.0	0.0348471	0.000210581	3.69533e-05	0.0259228	0.478399	0.0375008	0.19482	0.0	0.00388614	0.0	0.00222627	0.00144945	1.71004	0.0	0.774858	0.0376663	0.999961	0.147461	0.999937	33894.3	0.477653	984.167	0.0820028	0.762627	0.242236	51.4857	0.0704533	12363800.0	-1609.11	4.0	4.62046e-05	-5177.82	4.0	3.76457e-05	1.0	440.331	22.8813	198.317	16.1729	0.310526	0.0218595	1026.22	11.4498	
0.0-2.4	6.5-30.0	70.0-100.0	0.000-1.571	0.016	0.073	381.0	378.0	312.545	18.6897	65.4259	10.1092	-0.660931	0.501383	-0.05	0.0	0.41028	0.0	3.09273	0.0	0.0490746	0.0	0.0275596	0.00249005	0.03	0.0	1.492	0.0	5.0	0.0	1.733	0.0	0.0378945	0.000533974	3.69173e-05	0.0282483	0.28754	0.0376913	0.19482	0.0	0.00388614	0.0	0.00239025	0.00216412	1.71004	0.0	0.823553	0.0573246	0.81793	0.108732	1.0	0.626644	1.41342e-07	0.173765	0.0705658	0.0522099	0.158399	0.032389	0.072602	7.77712e-07	-833.454	4.0	1.36388e-06	-2307.87	4.0	7.25176e-06	1.0	234.149	17.2686	78.3961	11.1416	0.250832	0.0323387	1056.32	17.9929	
0.0-2.4	6.5-7.5	0.0-100.0	0.000-1.571	0.016	0.16	18998.0	18994.0	8084.63	136.689	10909.2	146.498	-0.0609596	0.0388075	-0.05	0.0	0.651084	0.0497224	3.08991	0.000559913	0.03	0.00570841	0.07	0.00848606	0.03	0.0	1.492	0.0	5.0	0.0	1.733	0.0	0.0479131	0.00266628	8.17783e-05	0.000350179	0.231633	0.00793442	0.206936	0.0943215	0.00999971	0.0031414	0.00346922	0.000476704	1.88995	0.200823	0.985525	0.0106024	0.51967	0.025291	0.792778	0.0297769	0.675747	0.0157186	0.0706436	1.44434e-08	0.266138	0.0192267	0.421187	0.0391306	-24493.5	4.0	3.21715e-07	-175709.0	7.0	1.99711e-05	1.0	6389.22	123.759	1695.41	66.8486	0.209708	0.00746985	1228.59	59.368	
0.0-2.4	6.5-8.0	0.0-100.0	0.000-1.571	0.016	0.16	25799.0	25792.0	11684.9	154.53	14107.4	162.165	-0.0983848	0.0342001	-0.05	0.0	0.393153	0.0568332	3.0921	0.000451813	0.0511257	0.00259528	0.0277698	0.00106807	0.03	0.0	1.492	0.0	5.0	0.0	1.733	0.0	0.0386732	0.000983533	2.99332e-05	0.00458551	0.322235	0.00799035	0.247328	0.092515	0.00999999	0.0035556	0.00297525	0.000408498	1.76918	0.144226	0.942242	0.00939445	0.543373	0.0245874	0.831827	0.0224875	0.633663	0.0146955	0.070631	1.54427e-08	0.239865	0.0132598	0.403646	0.0344494	-33530.4	4.0	3.25855e-06	-247761.0	7.0	3.12771e-05	1.0	9032.43	136.858	2652.49	75.4445	0.227001	0.00571622	1200.99	50.6215	
0.0-2.4	6.5-8.5	0.0-100.0	0.000-1.571	0.016	0.16	31004.0	30918.0	14788.0	165.125	16129.9	169.11	-0.122039	0.0317539	-0.05	0.0	0.392474	0.0424874	3.09189	0.000384833	0.0516581	0.00208993	0.0264928	0.000841518	0.03	0.0	1.492	0.0	5.0	0.0	1.733	0.0	0.0383894	0.000794856	7.56762e-05	0.000240875	0.347566	0.00766111	0.226798	0.0773955	0.00999999	0.00269626	0.00306787	0.000360575	1.75627	0.126619	0.956985	0.00854371	0.558832	0.0225002	0.851646	0.0198382	0.629376	0.0133976	0.070458	6.6166e-11	0.272362	0.0109523	0.392048	0.0329867	-41081.6	4.0	9.95868e-06	-303823.0	7.0	1.12894e-05	1.0	11379.4	146.824	3408.59	82.8286	0.230497	0.00497471	1186.45	41.348	
0.0-2.4	7.5-8.5	0.0-100.0	0.000-1.571	0.008	0.184	12006.0	12006.0	6841.79	102.792	5164.31	94.2784	-0.349631	0.0564975	-0.05	0.0	0.47257	0.0606569	3.09236	0.00053224	0.047877	0.00195295	0.0241759	0.00142494	0.03	0.0	1.492	0.0	5.0	0.0	1.733	0.0	0.0373028	0.000944472	8.69412e-05	0.000593911	0.439018	0.0121471	0.237333	0.116679	0.00999999	0.0164169	0.00184082	0.000550101	1.6166	0.148917	0.92731	0.0142856	0.639646	0.0349026	0.849227	0.027228	0.552442	0.0231719	0.0704585	7.84059e-10	0.260588	0.0140499	0.440301	0.050535	-16629.7	4.0	3.8447e-05	-108509.0	7.0	2.79423e-05	1.0	4984.3	89.4105	1857.49	56.2612	0.271492	0.00714024	1129.63	52.0556	
0.0-2.4	8.0-10.0	0.0-100.0	0.000-1.571	0.008	0.184	13963.0	13963.0	8928.21	114.097	5035.27	95.4762	-0.252373	0.056773	-0.05	0.0	0.394022	0.0379542	3.09344	0.000423271	0.0506863	0.00223469	0.0232407	0.000772485	0.03	0.0	1.492	0.0	5.0	0.0	1.733	0.0	0.0366004	0.000818839	8.20597e-05	0.000220638	0.3724	0.00887656	0.223708	0.161679	0.000490489	0.00440365	0.00201099	0.000460581	1.60773	0.189825	0.927239	0.0125429	0.792621	0.043919	0.874268	0.0242796	0.587403	0.022172	0.0704502	2.09835e-11	0.330943	0.0154266	0.522215	0.0689036	-21404.2	4.0	6.23263e-07	-130164.0	7.0	3.61522e-05	1.0	6292.06	98.6553	2636.16	66.3492	0.295261	0.00640222	1116.1	69.6748	
0.0-2.4	8.5-9.5	0.0-100.0	0.000-1.571	0.008	0.12	6428.0	6419.0	4118.9	77.8419	2299.92	65.0745	-0.160678	0.083969	-0.05	0.0	0.493048	0.0732044	3.09497	0.00061648	0.0417053	0.00239796	0.0232532	0.00119096	0.03	0.0	1.492	0.0	5.0	0.0	1.733	0.0	0.0336406	0.00100292	6.95629e-05	0.856416	0.331238	0.0105919	0.195257	0.140777	-0.00999932	0.0168172	0.00195452	0.000656286	1.55521	0.187671	0.905057	0.0176574	0.826237	0.655815	0.869273	2.66963	0.538722	0.456771	0.0705273	1.04774e-08	0.289893	0.104619	0.0706008	0.290164	-10397.1	4.0	9.13787e-07	-55100.8	7.0	3.30182e-05	1.0	2777.56	65.9622	1341.34	47.3094	0.325656	0.00969791	1063.7	59.6246	
0.0-2.4	9.5-11.0	0.0-100.0	0.000-1.571	0.008	0.136	5446.0	5444.0	3823.56	72.6147	1620.38	55.4	-0.310931	0.10175	-0.05	0.0	0.379145	0.0638322	3.09283	0.000623051	0.0483261	0.0030345	0.0237592	0.00136584	0.03	0.0	1.492	0.0	5.0	0.0	1.733	0.0	0.0351558	0.00116345	1.00134e-05	0.000394123	0.340205	0.012247	0.411816	0.288493	0.0022233	0.00388478	0.000939446	0.000708574	1.51553	0.180886	0.714412	0.0202673	0.745654	0.0390065	0.657498	0.0180917	0.282483	0.0260167	0.0719802	1.46266	0.405547	0.00476937	0.0706412	0.0489302	-9569.05	4.0	1.93879e-06	-46356.2	7.0	3.8771e-05	1.0	2711.75	63.1431	1111.81	42.1978	0.29078	0.00955526	1116.27	126.072	
0.4-0.8	6.5-30.0	0.0-100.0	0.000-1.571	0.008	0.073	6436.0	6436.0	4329.71	74.6238	2106.27	57.8376	0.0519173	0.0878668	-0.05	0.0	0.521765	0.0563232	3.09277	0.000438726	0.0178507	0.000779661	0.0367683	0.00252243	0.03	0.0	1.492	0.0	5.0	0.0	1.733	0.0	0.0285094	0.000939017	1.07909e-05	6.48731e-06	0.48215	0.013684	0.164736	0.163076	-0.00113548	0.00593586	-0.000546332	0.000585932	1.82366	0.359661	0.941939	0.0175883	0.767476	0.0428882	0.831386	0.0370432	0.497725	0.027902	0.0706026	7.72468e-09	0.27403	0.0265923	0.491399	0.0901729	-10331.8	4.0	5.40107e-07	-56323.4	7.0	1.28547e-05	1.0	2748.2	61.1839	1581.51	47.3595	0.365269	0.00894493	1135.32	99.8465	
0.8-1.2	6.5-30.0	0.0-100.0	0.000-1.571	0.008	0.105	9366.0	9362.0	5344.6	93.723	4017.32	86.337	0.0114351	0.0671092	-0.05	0.0	0.445134	0.094363	3.09233	0.000566423	0.0330203	0.0039163	0.0305216	0.00353295	0.03	0.0	1.492	0.0	5.0	0.0	1.733	0.0	0.0316582	0.00131662	3.76156e-05	0.000218351	0.305915	0.00949527	0.510138	0.279061	0.00698866	0.00378923	-0.000369513	0.000670345	1.44442	0.131788	0.742119	0.018268	0.583487	0.0335608	0.927166	0.0271143	0.573826	0.0250366	0.0704776	4.18282e-07	0.230628	0.015779	0.332991	0.0904406	-15371.2	4.0	2.25462e-05	-82694.8	7.0	1.50214e-05	1.0	3866.98	80.808	1477.62	51.0189	0.276469	0.0082231	1155.04	101.874	
1.2-1.6	6.5-30.0	0.0-10.0	0.000-1.571	0.008	0.136	4635.0	4629.0	1990.8	54.1319	2638.18	59.8125	-0.0495085	0.0758228	-0.05	0.0	0.575445	0.0	3.09262	0.0	0.0434016	0.0	0.032338	0.00208534	0.03	0.0	1.492	0.0	5.0	0.0	1.733	0.0	0.0390889	0.000366219	2.31047e-05	0.000294422	0.366131	0.0181276	0.103775	0.0	0.00999984	0.0	0.00270693	0.000759231	2.09199	0.0	0.877996	0.0197742	0.999989	3.13197	0.307086	0.0406191	0.474974	0.0493782	0.0704428	3.95536e-12	0.449643	0.0380502	0.0822619	0.00809293	-5478.59	4.0	2.16749e-07	-36372.0	4.0	5.56111e-07	1.0	1379.0	47.3849	611.795	33.4077	0.307311	0.0145526	1070.07	7.27056	
1.2-1.6	6.5-30.0	0.0-100.0	0.000-1.571	0.008	0.136	11883.0	11869.0	6335.06	111.301	5533.88	107.518	-0.18601	0.0555386	-0.05	0.0	0.575445	0.0975642	3.09262	0.000679557	0.0434016	0.00227172	0.0333045	0.00197573	0.03	0.0	1.492	0.0	5.0	0.0	1.733	0.0	0.039432	0.000934116	2.31047e-05	0.000294422	0.344089	0.0101986	0.103775	0.0507441	0.00999984	0.0195355	0.00228817	0.000464749	2.09199	0.256609	0.936585	0.0119198	0.881306	0.0319767	0.470407	0.0235961	0.511535	0.0246138	0.0712294	0.832919	0.394699	0.00520515	0.0800049	0.0259199	-16637.8	4.0	2.92399e-07	-106136.0	7.0	8.69852e-06	1.0	4602.26	94.791	1732.79	58.0878	0.273525	0.00780908	1113.7	47.2706	
1.2-1.6	6.5-30.0	10.0-20.0	0.000-1.571	0.008	0.128	2711.0	2704.0	1407.04	45.8224	1296.94	44.6048	-0.209563	0.108784	-0.05	0.0	0.575445	0.0	3.09262	0.0	0.0434016	0.0	0.0386973	0.0037907	0.03	0.0	1.492	0.0	5.0	0.0	1.733	0.0	0.0414696	0.000750887	2.94195e-05	0.000284662	0.230789	0.0142467	0.103775	0.0	0.00999984	0.0	0.00307023	0.00105563	2.09199	0.0	1.00047	0.0264756	0.569161	0.175068	0.808402	0.820215	0.607919	0.212609	0.0706597	0.197864	0.220204	0.0750872	0.148412	0.0557319	-4042.16	4.0	2.92396e-05	-20071.8	4.0	6.42472e-07	1.0	987.955	41.551	419.089	29.6241	0.297851	0.0186865	1162.42	10.2111	
1.2-1.6	6.5-30.0	20.0-30.0	0.000-1.571	0.008	0.105	2059.0	2054.0	1266.65	40.2297	787.361	33.7511	-0.0736492	0.140214	-0.05	0.0	0.575445	0.0	3.09262	0.0	0.0434016	0.0	0.0360389	0.00274841	0.03	0.0	1.492	0.0	5.0	0.0	1.733	0.0	0.0404398	0.000519934	1.00889e-05	0.00459463	0.483559	0.0283995	0.103775	0.0	0.00999984	0.0	-0.00150144	0.00104272	2.09199	0.0	0.969025	0.0248589	0.827559	0.916106	0.99995	0.124863	0.675786	0.300282	0.0720727	0.301594	0.144327	0.0146806	0.0704582	1.33428e-08	-3285.81	4.0	3.88623e-06	-15029.5	4.0	3.39255e-06	1.0	894.684	34.9911	371.965	23.59	0.293661	0.0161202	1138.3	9.48304	
1.2-1.6	6.5-30.0	30.0-40.0	0.000-1.571	0.008	0.12	1223.0	1214.0	690.352	29.7996	523.633	26.8565	-0.291656	0.171241	-0.05	0.0	0.575445	0.0	3.09262	0.0	0.0434016	0.0	0.0290619	0.00315655	0.03	0.0	1.492	0.0	5.0	0.0	1.733	0.0	0.0379808	0.000512715	1.72747e-05	0.00459133	0.245548	0.0304996	0.103775	0.0	0.00999984	0.0	0.00513563	0.00134897	2.09199	0.0	0.881341	0.0349527	0.909774	0.113503	0.664077	0.138179	0.302511	0.0594748	0.0716643	0.0471946	0.55021	0.0586379	0.0704605	0.0206855	-1819.64	4.0	3.43318e-06	-8174.65	4.0	5.0341e-06	1.0	561.833	29.1528	128.519	17.1027	0.186165	0.0234343	1072.53	12.8707	
1.2-1.6	6.5-30.0	40.0-50.0	0.000-1.571	0.016	0.064	644.0	631.0	470.767	23.3555	160.241	15.3285	-2.0418	0.362829	-0.05	0.0	0.575445	0.0	3.09262	0.0	0.0434016	0.0	0.0323992	0.00478711	0.03	0.0	1.492	0.0	5.0	0.0	1.733	0.0	0.0391104	0.00084182	2.95545e-05	0.000300613	0.311851	0.0334409	0.103775	0.0	0.00999984	0.0	-0.00331993	0.00194607	2.09199	0.0	0.953737	0.054441	0.880728	6.7911	0.815881	2.36648	0.287859	2.41343	0.0706005	10.9509	0.374009	0.106993	0.0706781	1.92204e-07	-1156.42	4.0	5.72862e-05	-4045.18	4.0	2.25473e-06	1.0	343.788	21.636	126.979	14.7275	0.269727	0.0282778	1126.67	20.6512	
1.2-1.6	6.5-30.0	50.0-100.0	0.000-1.571	0.016	0.073	609.0	603.0	495.408	23.2676	107.609	12.3927	-1.23005	0.397798	-0.05	0.0	0.575445	0.0	3.09262	0.0	0.0434016	0.0	0.0280849	0.00268661	0.03	0.0	1.492	0.0	5.0	0.0	1.733	0.0	0.0376675	0.000425221	1.01642e-05	0.000817577	0.322888	0.0353484	0.103775	0.0	0.00999984	0.0	0.0056858	0.0018027	2.09199	0.0	0.946384	0.0483963	0.847953	0.545569	0.999717	0.091308	0.421556	0.40745	0.0705882	1.62218e-08	0.309589	0.067237	0.0706656	2.71519e-06	-1273.12	4.0	1.13806e-07	-3970.8	4.0	2.09569e-06	1.0	380.2	21.7482	115.207	13.5425	0.232551	0.0250592	1121.1	18.3072	
1.6-2.0	6.5-30.0	0.0-100.0	0.000-1.571	0.008	0.16	12817.0	12736.0	6296.31	118.121	6439.72	118.698	-0.392707	0.0534006	-0.05	0.0	0.529821	0.104764	3.09087	0.000797783	0.0555939	0.00284496	0.033882	0.00288081	0.03	0.0	1.492	0.0	5.0	0.0	1.733	0.0	0.0466612	0.00149572	2.61437e-05	0.00458725	0.29751	0.0103456	0.462154	0.274076	0.00485629	0.00340939	0.00368641	0.000758295	1.4787	0.146906	0.91509	0.0174099	0.754798	0.0449836	0.760959	0.0419445	0.672403	0.0191761	0.0706915	6.9479e-07	0.277571	0.0164422	0.405325	0.0420285	-16172.9	4.0	6.71512e-06	-113434.0	7.0	7.01923e-05	1.0	4919.5	104.887	1376.81	56.1304	0.21867	0.00791485	1208.68	87.1035	
1.6-2.4	3.0-30.0	0.0-100.0	0.000-1.571	0.008	0.264	239528.0	239520.0	45759.7	1191.37	193761.0	1247.11	0.135361	0.00934702	-0.05	0.0	0.0313245	0.0415798	3.08941	0.000426434	0.0116211	0.00707693	0.0520595	0.00165665	0.03	0.0	1.89	0.0	5.0	0.0	1.44	0.0	0.0512789	0.000967827	1.05692e-05	6.49144e-05	0.344594	0.00583203	0.19593	0.106578	0.00823221	0.0041731	0.00558161	0.000190391	1.71895	0.159922	0.94791	0.00285265	0.990832	0.0135598	0.68837	0.00958628	0.687719	0.0102259	0.0722551	8.21928e-07	0.102664	0.00386396	0.51519	0.00768929	-193144.0	4.0	2.09878e-06	-2765850.0	7.0	0.0365522	1.0	37678.0	994.239	8081.71	265.522	0.176612	0.00353925	1140.8	53.523	
1.6-2.4	3.0-4.5	0.0-100.0	0.000-1.571	0.016	0.264	167125.0	167121.0	23922.1	328.503	143199.0	476.611	0.336944	0.0104119	-0.05	0.0	2.72128e-07	0.028771	3.08918	0.000711842	0.0463845	0.0531726	0.0524942	0.000772447	0.03	0.0	1.86	0.0	5.0	0.0	1.38	0.0	0.0524942	0.000394994	8.85777e-05	0.0369611	0.351856	0.0105286	0.101357	0.069759	0.0499991	0.0925249	0.00495715	0.000236362	1.84755	0.275177	1.00602	0.00317032	0.993768	0.0604325	0.714951	0.0577386	0.659104	0.0642304	0.0709856	3.15779e-06	0.0834539	0.00917191	0.515998	0.01755	-127531.0	4.0	3.09059e-05	-1866060.0	7.0	6.74978e-05	1.0	20872.4	310.112	3049.7	125.58	0.127485	0.00494905	1120.48	43.9018	
1.6-2.4	3.0-5.5	0.0-100.0	0.000-1.571	0.016	0.264	204389.0	204381.0	31881.7	689.33	172501.0	645.089	0.211991	0.0113306	-0.05	0.0	8.94069e-07	0.958369	3.08849	0.00045703	0.0468299	0.0513377	0.0512886	0.00149339	0.03	0.0	1.86	0.0	5.0	0.0	1.38	0.0	0.0512886	0.00217582	1.55371e-05	0.00459213	0.327624	0.00905848	0.125652	0.0884483	0.0251244	0.0167426	0.0131321	0.000213421	1.92178	0.271466	1.07202	0.00289684	1.0	0.00695356	0.588306	0.0111627	0.851809	0.00240086	0.0719521	4.88646e-05	0.34335	0.00846806	0.481708	0.0108711	-156823.0	4.0	3.63967e-05	-2324090.0	7.0	0.0034384	1.0	27751.0	616.81	4130.72	168.553	0.129564	0.00448362	1211.97	53.7307	
1.6-2.4	3.0-6.5	0.0-10.0	0.000-1.571	0.016	0.264	94561.0	94553.0	10782.6	185.412	83770.4	327.503	0.0442056	0.0133602	-0.05	0.0	0.959019	0.0	3.08957	0.0	0.0527135	0.0	0.0114752	0.00173245	0.03	0.0	1.86	0.0	5.0	0.0	1.38	0.0	0.0516743	7.88314e-06	1.3729e-05	0.00459296	0.284786	0.0153905	0.173641	0.0	0.0248856	0.0	0.0118306	0.000328679	1.74699	0.0	1.05488	0.00471292	0.906237	0.0465585	0.623328	0.0231555	0.808625	0.00630137	0.070474	4.28661e-08	0.472064	0.0103467	0.431556	0.0140128	-60428.1	4.0	4.65648e-05	-1000860.0	4.0	0.00501949	1.0	9256.95	187.132	1525.63	101.829	0.14149	0.00912507	1203.95	1.70617	
1.6-2.4	3.0-6.5	0.0-100.0	0.000-1.571	0.016	0.264	222529.0	222521.0	35111.3	355.637	187409.0	527.243	0.132994	0.00900435	-0.05	0.0	0.959019	0.0119622	3.08957	0.000498245	0.0527135	0.000788383	0.0113369	0.0018386	0.03	0.0	1.86	0.0	5.0	0.0	1.38	0.0	0.0516731	0.000415112	1.3729e-05	0.00459296	0.313487	0.0077623	0.173641	0.119565	0.0248856	0.0127773	0.0119321	0.000207957	1.74699	0.202734	1.04379	0.00293526	0.914566	0.108201	0.610667	0.0389492	0.837115	0.0122194	0.0710864	0.0315657	0.339124	0.00853596	0.459994	0.0124853	-173925.0	4.0	3.77097e-05	-2550340.0	7.0	0.0379486	1.0	30267.5	339.992	4843.71	154.961	0.137953	0.00418639	1195.94	55.3909	
1.6-2.4	3.0-6.5	0.0-20.0	0.000-1.571	0.016	0.264	177540.0	177532.0	23278.8	259.577	154253.0	445.362	0.136243	0.0098455	-0.05	0.0	0.959019	0.0	3.08957	0.0	0.0527135	0.0	0.01	0.000289925	0.03	0.0	1.86	0.0	5.0	0.0	1.38	0.0	0.0516618	1.14992e-06	1.3729e-05	0.00459296	0.285492	0.0102248	0.173641	0.0	0.0248856	0.0	0.0135318	0.0002382	1.74699	0.0	1.05888	0.00331571	0.896752	0.182445	0.616465	0.0647007	0.840769	0.0213964	0.0706746	0.0513497	0.393569	0.00938283	0.456471	0.0148451	-132675.0	4.0	8.25449e-06	-1992430.0	4.0	4.72343e-06	1.0	20308.9	261.026	2969.82	133.966	0.127576	0.00557625	1206.85	1.20201	
1.6-2.4	3.0-6.5	10.0-20.0	0.000-1.571	0.016	0.209	82978.0	82808.0	12548.9	181.497	70259.5	301.073	0.257567	0.0145962	-0.05	0.0	0.959019	0.0	3.08957	0.0	0.0527135	0.0	0.01	0.000224052	0.03	0.0	1.86	0.0	5.0	0.0	1.38	0.0	0.0516618	8.88654e-07	1.37782e-05	0.00459294	0.3201	0.0124548	0.173641	0.0	0.0248856	0.0	0.00905911	0.00033727	1.74699	0.0	0.976622	0.00460908	0.884351	0.0266492	0.80026	0.0145885	0.715397	0.0182255	0.070722	4.00447e-07	0.0958516	0.00546613	0.498504	0.0176285	-73542.5	4.0	7.89017e-07	-867126.0	4.0	3.19277e-05	1.0	10962.2	177.531	1586.67	83.1031	0.126439	0.00636484	1148.09	1.61995	
1.6-2.4	3.0-6.5	20.0-30.0	0.000-1.571	0.016	0.192	24635.0	24631.0	4957.61	112.985	19673.4	165.669	0.0577746	0.0276521	-0.05	0.0	0.959019	0.0	3.08957	0.0	0.0527135	0.0	0.0659608	0.0225403	0.03	0.0	1.86	0.0	5.0	0.0	1.38	0.0	0.0533211	0.000571345	1.37746e-05	0.00459294	0.303157	0.0141034	0.173641	0.0	0.0248856	0.0	-0.00181212	0.000590962	1.74699	0.0	0.920975	0.00872026	0.920692	0.104048	0.783399	0.0338337	0.577728	0.055687	0.070982	0.0441048	0.079058	0.00510377	0.458371	0.0239298	-21711.6	4.0	5.15166e-07	-228591.0	4.0	1.94899e-05	1.0	3986.75	106.637	970.869	60.0474	0.195834	0.0112599	1109.44	2.99097	
1.6-2.4	3.0-6.5	20.0-40.0	0.000-1.571	0.016	0.192	36517.0	36504.0	8191.57	131.271	28314.6	193.268	0.0792262	0.0230338	-0.05	0.0	0.959019	0.0	3.08957	0.0	0.0527135	0.0	0.0259777	0.00679151	0.03	0.0	1.86	0.0	5.0	0.0	1.38	0.0	0.0518893	6.96695e-05	1.37746e-05	0.00459294	0.354763	0.0129145	0.173641	0.0	0.0248856	0.0	-0.00027967	0.000475911	1.74699	0.0	0.912483	0.00709077	0.882665	0.0327578	0.807793	0.0184459	0.600425	0.025249	0.0708136	6.44945e-08	0.0867306	0.00446342	0.430712	0.0210409	-33023.5	4.0	1.1155e-05	-353767.0	4.0	0.000739075	1.0	6683.35	125.428	1508.21	69.6108	0.184118	0.0079692	1103.63	2.42233	
1.6-2.4	3.0-6.5	30.0-40.0	0.000-1.571	0.016	0.152	11881.0	11709.0	3268.42	76.5223	8440.55	105.012	0.160723	0.0421939	-0.05	0.0	0.959019	0.0	3.08957	0.0	0.0527135	0.0	0.01	0.00144006	0.03	0.0	1.86	0.0	5.0	0.0	1.38	0.0	0.0516618	5.71169e-06	1.3843e-05	0.00459291	0.444341	0.0245231	0.173641	0.0	0.0248856	0.0	0.00258175	0.000806517	1.74699	0.0	0.892946	0.0119536	0.779402	0.0642009	0.882796	0.0517303	0.639172	0.0377753	0.0708419	8.121e-08	0.11334	0.0124022	0.238016	0.0461473	-12016.1	4.0	3.74372e-05	-100689.0	4.0	2.14771e-06	1.0	2695.29	72.8545	573.135	38.8041	0.175355	0.01114	1090.34	4.04481	
1.6-2.4	3.0-6.5	40.0-100.0	0.000-1.571	0.016	0.168	8471.0	8466.0	3682.38	73.0743	4783.57	80.2551	0.353747	0.0562096	-0.05	0.0	0.959019	0.0	3.08957	0.0	0.0527135	0.0	0.0246959	0.00905371	0.03	0.0	1.86	0.0	5.0	0.0	1.38	0.0	0.0518636	8.83368e-05	1.33924e-05	0.00459311	0.358332	0.0198384	0.173641	0.0	0.0248856	0.0	0.00474401	0.000803395	1.74699	0.0	0.802177	0.0120669	0.888454	0.325098	0.812248	0.27627	0.663789	0.135492	0.0708809	1.29119e-06	0.19562	0.0761136	0.269621	0.297569	-9920.68	4.0	1.2758e-06	-71351.3	4.0	7.28e-06	1.0	3105.67	71.9412	576.709	38.8363	0.156613	0.0100782	1030.39	3.88153	
1.6-2.4	3.0-6.5	40.0-50.0	0.000-1.571	0.016	0.145	5074.0	5034.0	1866.88	53.8582	3167.04	64.8126	0.506816	0.0691484	-0.05	0.0	0.959019	0.0	3.08957	0.0	0.0527135	0.0	0.031483	0.00984547	0.03	0.0	1.86	0.0	5.0	0.0	1.38	0.0	0.052014	0.000122108	1.39771e-05	0.00459285	0.362423	0.0279174	0.173641	0.0	0.0248856	0.0	0.00502811	0.000950402	1.74699	0.0	0.688485	0.0151011	0.758627	0.145837	0.907579	0.0754722	0.555017	0.0829425	0.0705175	2.26163e-08	0.138609	0.0190072	0.256669	0.0916266	-5806.5	4.0	0.000106209	-39483.1	4.0	0.000101861	1.0	1576.44	52.3455	290.442	27.238	0.155576	0.0138826	960.027	4.47463	
1.6-2.4	3.0-6.5	50.0-100.0	0.000-1.571	0.016	0.168	3397.0	3397.0	1829.85	49.1598	1567.15	46.4118	0.155163	0.098286	-0.05	0.0	0.959019	0.0	3.08957	0.0	0.0527135	0.0	0.0132509	0.00310736	0.03	0.0	1.86	0.0	5.0	0.0	1.38	0.0	0.0516917	1.63219e-05	1.33924e-05	0.00459311	0.369887	0.026667	0.173641	0.0	0.0248856	0.0	0.00352298	0.0013545	1.74699	0.0	0.881919	0.0187584	0.999999	0.223568	0.696299	0.0806853	0.681396	0.0321999	0.0704411	1.07102e-08	0.189296	0.0205033	0.231602	0.0421106	-4324.36	4.0	2.39163e-06	-25952.4	4.0	5.67828e-07	1.0	1506.81	48.3684	323.039	27.8583	0.176538	0.0144668	1082.9	6.31211	
1.6-2.4	4.5-5.5	0.0-100.0	0.000-1.571	0.016	0.192	37264.0	37176.0	7693.28	349.355	29482.7	470.017	-0.423077	0.0448657	-0.05	0.0	1.0	0.021821	3.08652	0.00178459	0.0485075	0.00220957	0.010051	0.715232	0.03	0.0	1.86	0.0	5.0	0.0	1.38	0.0	0.0485075	0.00113344	2.24592e-05	0.000300031	0.403038	0.013628	0.168306	0.155053	0.0139897	0.0158776	0.00838448	0.000446155	1.94031	0.379299	0.992389	0.00709355	0.822142	0.014816	0.568175	0.0561918	0.761336	0.0188603	0.426281	0.0331496	0.441152	0.0146574	0.0705984	2.36192e-09	-30258.7	4.0	2.44389e-06	-360774.0	7.0	0.000131761	1.0	6023.17	280.622	1670.11	98.4376	0.217087	0.0081571	1205.29	103.149	
1.6-2.4	5.5-6.5	0.0-100.0	0.000-1.571	0.016	0.168	18139.0	18107.0	5161.72	116.414	12945.3	146.043	-0.536255	0.035139	-0.05	0.0	0.950651	0.0967671	3.09331	0.00109543	0.0515084	0.00232557	0.0302525	0.01294	0.03	0.0	1.86	0.0	5.0	0.0	1.38	0.0	0.050669	0.00140981	1.49587e-05	0.00459239	0.259897	0.0123488	0.433557	0.413492	0.016385	0.017632	0.00838017	0.000769223	1.45242	0.194727	0.87118	0.014474	0.504998	0.0714365	0.853519	0.0627316	0.672659	0.0433888	0.0706831	0.018081	0.319077	0.0165102	0.218318	0.0425191	-18029.9	4.0	5.5954e-06	-163658.0	7.0	0.00126859	1.0	4244.13	107.759	917.592	53.6469	0.177768	0.00958878	1159.53	131.539	
1.6-2.4	6.5-30.0	0.0-10.0	0.000-1.571	0.008	0.184	6755.0	6755.0	2802.85	66.9103	3952.17	75.0075	-0.481383	0.0628213	-0.05	0.0	0.673661	0.0	3.09075	0.0	0.0568696	0.0	0.0316123	0.00251478	0.03	0.0	1.492	0.0	5.0	0.0	1.733	0.0	0.0500484	0.000259182	6.70809e-05	0.00017923	0.352316	0.0201566	0.211707	0.0	0.00199102	0.0	0.00485912	0.000894644	1.6767	0.0	1.12393	0.0205281	0.721496	0.0639361	0.719005	0.0641899	0.662072	0.0250248	0.0706774	2.4497e-08	0.332282	0.0252642	0.404606	0.0531168	-6783.69	4.0	1.82469e-05	-55178.5	4.0	2.76261e-06	1.0	2282.6	63.1266	520.248	34.2047	0.185614	0.0113707	1261.33	7.20967	
1.6-2.4	6.5-30.0	0.0-100.0	0.000-1.571	0.008	0.152	16999.0	16911.0	8503.85	141.943	8406.81	141.567	-0.423209	0.0464836	-0.05	0.0	0.673661	0.0919897	3.09075	0.000708648	0.0568696	0.00230959	0.0306306	0.00380314	0.03	0.0	1.492	0.0	5.0	0.0	1.733	0.0	0.0498488	0.00143352	2.77437e-05	0.00458652	0.274637	0.00819002	0.211707	0.175346	0.00199102	0.00574194	0.00397499	0.000493098	1.6767	0.235346	0.979525	0.0112522	0.766658	0.0394543	0.797714	0.0356345	0.664567	0.0177878	0.0705149	2.75633e-07	0.259419	0.0126072	0.380238	0.0386399	-22049.1	4.0	5.70688e-07	-155453.0	7.0	6.4072e-05	1.0	6572.65	125.123	1931.21	68.2566	0.227098	0.00707506	1162.55	78.6186	
1.6-2.4	6.5-30.0	10.0-20.0	0.000-1.571	0.008	0.16	4202.0	4202.0	2026.29	55.0594	2175.71	56.3971	-0.33256	0.0844628	-0.05	0.0	0.673661	0.0	3.09075	0.0	0.0568696	0.0	0.0324004	0.00325425	0.03	0.0	1.492	0.0	5.0	0.0	1.733	0.0	0.0502126	0.000342632	2.91966e-05	0.00458585	0.221027	0.0134012	0.211707	0.0	0.00199102	0.0	0.00159975	0.00103443	1.6767	0.0	0.990696	0.0220369	0.999995	1.39949	0.72942	0.100207	0.669586	0.0639645	0.070453	1.29841e-11	0.147214	0.0291323	0.234394	0.064126	-5767.64	4.0	2.65772e-06	-32645.6	4.0	3.12634e-05	1.0	1543.39	53.3637	482.899	35.5117	0.238317	0.0162852	1169.99	7.35474	
1.6-2.4	6.5-30.0	20.0-30.0	0.000-1.571	0.008	0.152	2731.0	2731.0	1494.54	44.6968	1236.5	41.71	-0.440978	0.112472	-0.05	0.0	0.673661	0.0	3.09075	0.0	0.0568696	0.0	0.0261015	0.0024648	0.03	0.0	1.492	0.0	5.0	0.0	1.733	0.0	0.0490005	0.000214233	2.77437e-05	0.00458652	0.3028	0.0188231	0.211707	0.0	0.00199102	0.0	0.00465926	0.00106567	1.6767	0.0	0.877295	0.0257174	0.658146	0.0413827	1.0	0.00603477	0.710971	0.0273186	0.617591	0.0845829	0.211206	0.0235739	1.59334	5.43314	-3856.59	4.0	8.77712e-07	-20333.7	4.0	1.2735e-05	1.0	1115.24	41.1166	379.293	26.5857	0.253786	0.0160881	1096.3	8.11145	
1.6-2.4	6.5-30.0	30.0-40.0	0.000-1.571	0.008	0.12	1635.0	1632.0	1001.6	35.9928	630.321	30.4015	-0.538828	0.158903	-0.05	0.0	0.673661	0.0	3.09075	0.0	0.0568696	0.0	0.0264826	0.00300933	0.03	0.0	1.492	0.0	5.0	0.0	1.733	0.0	0.0490672	0.00026502	7.90451e-05	0.000185159	0.199754	0.0154259	0.211707	0.0	0.00199102	0.0	0.00188064	8.06542e-05	1.6767	0.0	0.833548	0.0292222	0.999114	0.662463	0.796826	0.821981	0.611748	0.370866	0.0704414	9.66073e-09	0.290314	0.0555392	0.0704523	0.966632	-2653.93	4.0	2.86565e-07	-11457.8	4.0	6.74242e-06	1.0	705.274	33.9423	296.329	24.9628	0.295854	0.0225415	1069.06	8.9805	
1.6-2.4	6.5-30.0	40.0-50.0	0.000-1.571	0.008	0.136	892.0	891.0	588.174	26.8699	302.74	20.8946	-0.970504	0.234121	-0.05	0.0	0.673661	0.0	3.09075	0.0	0.0568696	0.0	0.0308875	0.003546	0.03	0.0	1.492	0.0	5.0	0.0	1.733	0.0	0.0499005	0.000358142	6.70209e-05	0.882424	0.250227	0.0252095	0.211707	0.0	0.00199102	0.0	0.000658982	0.00151461	1.6767	0.0	0.682259	0.0353239	0.748811	813.76	0.999996	241490.0	0.434406	2189.77	0.0708462	129.178	0.251196	96.604	0.0705035	2014480.0	-1507.4	4.0	2.71882e-06	-5782.48	4.0	1.17275e-05	1.0	437.441	25.2497	150.733	16.9001	0.256273	0.0262399	980.872	9.68419	
1.6-2.4	6.5-30.0	50.0-100.0	0.000-1.571	0.008	0.088	782.0	768.0	603.634	26.695	164.382	16.5348	-0.168257	0.3141	-0.05	0.0	0.673661	0.0	3.09075	0.0	0.0568696	0.0	0.0438107	0.00564123	0.03	0.0	1.492	0.0	5.0	0.0	1.733	0.0	0.0529631	0.000761412	7.21792e-05	0.000182081	0.20967	0.0243008	0.211707	0.0	0.00199102	0.0	0.00370425	0.00193785	1.6767	0.0	0.817206	0.0431052	0.769378	0.103354	0.992679	0.534007	0.257302	0.0769386	0.0705121	2.44651e-09	0.212226	0.0331315	0.113023	4.97472	-1525.3	4.0	1.88319e-06	-5011.06	4.0	4.4915e-05	1.0	475.359	26.3934	128.275	16.937	0.212505	0.0264377	1059.07	13.1098	
2.0-2.4	6.5-30.0	0.0-100.0	0.000-1.571	0.008	0.152	4181.0	4180.0	2272.69	63.5066	1907.28	60.5599	-0.50987	0.0936664	-0.05	0.0	0.857786	0.0526653	3.09114	0.00151364	0.0626227	0.00290206	0.0228197	0.00417714	0.03	0.0	1.492	0.0	5.0	0.0	1.733	0.0	0.0586341	0.00153743	7.87116e-05	0.000484264	0.219454	0.0128196	0.0616687	0.0610904	-0.00999983	0.0176875	0.00204703	0.000826833	2.1655	0.541626	0.912658	0.0183482	0.811551	0.0515613	1.0	0.156254	0.635379	0.0345449	0.114687	0.0242523	0.206367	0.015224	0.143202	0.00395592	-5946.95	4.0	3.51835e-06	-32638.5	7.0	2.93945e-06	1.0	1705.22	58.5653	567.466	37.5611	0.249689	0.0149822	1034.78	67.2221	
