signalCB3WN_Eff3_binv0
rap	pT	cent	dPhi	ctauErrMin	ctauErrMax	NoCutEntry	CutEntry	NSig	NSigErr	NBkg	NBkgErr	coefExp	coefExpErr	coefPol1	coefPol1Err	coeffGaus	coeffGausErr	meanSig1	meanSig1Err	sigmaSig1	sigmaSig1Err	sigmaSig2	sigmaSig2Err	sigmaSig3	sigmaSig3Err	alpha	alphaErr	enne	enneErr	enneW	enneWErr	sigWidth	sigWidthErr	Gmc	GmcErr	bTau	bTauErr	fracRes	fracResErr	meanResSigW	meanResSigWErr	meanResSigN	meanResSigNErr	sigmaResSigW	sigmaResSigWErr	sigmaResSigN	sigmaResSigNErr	fpm	fpmErr	fLiving	fLivingErr	fbkgCtTot	fbkgCtTotErr	lambdam	lambdamErr	lambdap	lambdapErr	lambdasym	lambdasymErr	NLL	nFitPar	EDM	NLLMass	nFitParMass	EDMMass	Prob	PROMPT	PROMPTErr	NON-PROMPT	NON-PROMPTErr	Bfraction	BfractionErr	Resolution	ResolutionErr	
0.0-0.4	6.5-30.0	0.0-100.0	0.000-1.571	0.008	0.064	5617.0	5613.0	3860.73	66.3592	1752.07	47.907	-0.0864698	0.0945324	-0.05	0.0	0.1	0.0	3.09347	0.000356695	0.005	0.0	0.03	0.0	0.0183903	0.000302638	1.492	0.0	5.0	0.0	1.733	0.0	0.0183903	0.000302638	3.59557e-05	0.000193278	0.427771	0.0129432	0.709974	0.264125	-0.00206547	0.00229629	0.00212185	0.00128736	1.32298	0.0992276	0.671457	0.0330707	0.844792	0.107241	0.551696	0.12285	0.346241	0.0342503	0.0707678	1.28966e-06	0.331688	0.0266061	0.0705339	6.03991e-09	-10218.6	4.0	2.5469e-05	-49273.4	5.0	2.22426e-05	1.0	2467.81	56.2605	1392.92	44.0367	0.360793	0.00957323	1171.92	83.3615	
0.0-1.2	6.5-30.0	0.0-10.0	0.000-1.571	0.008	0.088	7848.0	7845.0	4223.88	75.0926	3621.25	70.9644	0.0813831	0.0653183	-0.05	0.0	0.1	0.0	3.09343	0.0	0.005	0.0	0.03	0.0	0.0246328	0.000478608	1.492	0.0	5.0	0.0	1.733	0.0	0.0246328	0.000478608	1.12992e-05	0.000388937	0.329959	0.0105661	0.282557	0.0	0.00228371	0.0	0.00156123	0.000680485	1.58042	0.0	0.942635	0.0202755	0.793183	0.57857	0.543934	0.682448	0.542864	0.0840677	0.071073	2.56144e-08	0.258996	0.0646182	0.105631	0.0541037	-12047.8	4.0	1.64414e-06	-67855.1	4.0	1.20842e-05	1.0	2847.4	65.4316	1376.48	48.1415	0.32588	0.00981514	1158.98	5.91554	
0.0-1.2	6.5-30.0	0.0-100.0	0.000-1.571	0.008	0.105	21342.0	21337.0	13559.4	129.758	7777.15	105.144	0.0940593	0.0450331	-0.05	0.0	0.1	0.0	3.09343	0.000266136	0.005	0.0	0.03	0.0	0.0247192	0.000248321	1.492	0.0	5.0	0.0	1.733	0.0	0.0247192	0.000248321	1.16782e-05	0.000130175	0.394944	0.00693677	0.282557	0.19576	0.00228371	0.00264771	0.000394588	0.000366039	1.58042	0.170805	0.884396	0.0107431	0.650793	0.0215514	0.927736	0.0138404	0.515541	0.0165584	0.0705508	2.3121e-09	0.256594	0.0119091	0.467312	0.0745419	-35448.6	4.0	1.04004e-07	-209968.0	5.0	2.8107e-05	1.0	9179.63	112.085	4379.76	81.2583	0.323006	0.00513407	1125.57	81.9841	
0.0-1.2	6.5-30.0	10.0-20.0	0.000-1.571	0.008	0.088	5156.0	5155.0	3209.61	63.5532	1946.03	52.6805	0.144954	0.089831	-0.05	0.0	0.1	0.0	3.09343	0.0	0.005	0.0	0.03	0.0	0.0240821	0.000522301	1.492	0.0	5.0	0.0	1.733	0.0	0.0240821	0.000522301	1.12992e-05	0.000388937	0.460699	0.015178	0.282557	0.0	0.00228371	0.0	-0.00174083	0.000789374	1.58042	0.0	0.901724	0.0234897	0.691946	0.387406	0.799283	0.101934	0.522367	0.259893	0.0708624	0.106016	0.289198	0.0352009	0.449533	0.0698844	-7561.46	4.0	6.60455e-05	-43344.6	4.0	0.000121805	1.0	2021.02	52.8146	1188.6	41.7356	0.370324	0.0107386	1135.39	6.69213	
0.0-1.2	6.5-30.0	20.0-30.0	0.000-1.571	0.008	0.105	3666.0	3663.0	2461.78	54.857	1201.35	41.8221	0.270418	0.115598	-0.05	0.0	0.1	0.0	3.09343	0.0	0.005	0.0	0.03	0.0	0.024784	0.000569441	1.492	0.0	5.0	0.0	1.733	0.0	0.024784	0.000569441	1.16782e-05	0.000130175	0.494934	0.0195156	0.282557	0.0	0.00228371	0.0	0.000765515	0.000820348	1.58042	0.0	0.85143	0.0236892	0.664219	0.0778094	0.999994	2.02061	0.508703	0.0612067	0.0705096	2.93015e-09	0.220003	0.0243009	0.0706393	113.659	-6201.79	4.0	0.000130609	-29806.5	4.0	5.36403e-05	1.0	1661.51	46.6066	800.265	33.4571	0.325076	0.0114992	1107.18	6.53489	
0.0-1.2	6.5-30.0	30.0-40.0	0.000-1.571	0.008	0.064	2140.0	2138.0	1535.75	42.5859	602.29	29.6667	-0.259149	0.1631	-0.05	0.0	0.1	0.0	3.09343	0.0	0.005	0.0	0.03	0.0	0.0254458	0.000720408	1.492	0.0	5.0	0.0	1.733	0.0	0.0254458	0.000720408	1.32366e-05	0.000329048	0.320739	0.0178023	0.282557	0.0	0.00228371	0.0	-0.00137688	0.00102901	1.58042	0.0	0.828834	0.0270363	0.576883	0.00561668	1.0	3.06487	0.431226	0.00540701	0.0705978	0.000904449	0.192133	0.00254044	0.0723964	21.5018	-4465.22	4.0	2.85037e-05	-16515.5	4.0	1.11276e-06	1.0	1112.52	38.1468	423.223	25.3217	0.275581	0.0146104	1094.81	7.34233	
0.0-1.2	6.5-30.0	40.0-50.0	0.000-1.571	0.016	0.048	1319.0	1301.0	1012.35	33.706	288.554	20.307	-0.0421399	0.237761	-0.05	0.0	0.1	0.0	3.09343	0.0	0.005	0.0	0.03	0.0	0.025059	0.000784752	1.492	0.0	5.0	0.0	1.733	0.0	0.025059	0.000784752	1.43354e-05	8.22848e-05	0.314116	0.0197467	0.282557	0.0	0.00228371	0.0	-0.00332012	0.00141143	1.58042	0.0	0.885708	0.0410527	1.0	0.0209072	1.0	0.00711925	0.464426	0.0431901	0.0721424	0.000150829	0.645236	0.0692507	3.46451	1.9352	-2569.31	4.0	7.02451e-06	-9603.31	4.0	1.09015e-05	1.0	677.513	29.6856	334.836	22.286	0.330751	0.0190618	1126.31	11.5806	
0.0-1.2	6.5-30.0	50.0-100.0	0.000-1.571	0.008	0.056	1210.0	1208.0	1071.13	34.1155	136.849	15.1534	-0.0359172	0.360193	-0.05	0.0	0.1	0.0	3.09343	0.0	0.005	0.0	0.03	0.0	0.0246445	0.000737861	1.492	0.0	5.0	0.0	1.733	0.0	0.0246445	0.000737861	1.34486e-05	0.000306561	0.369121	0.0241401	0.282557	0.0	0.00228371	0.0	0.000964428	0.00111197	1.58042	0.0	0.76512	0.033623	1.0	0.0214614	1.0	0.715824	0.400571	0.0494233	0.0704444	9.82482e-09	0.219342	0.0234214	0.171214	3.98646	-3125.16	4.0	7.17719e-05	-9233.35	4.0	1.2029e-06	1.0	774.112	30.5873	297.016	20.4249	0.277293	0.0169	1061.01	8.69767	
0.0-2.4	10.0-13.0	0.0-100.0	0.000-1.571	0.008	0.136	6740.0	6738.0	5010.92	77.9252	1727.4	52.8091	-0.502584	0.0977408	-0.05	0.0	0.1	0.0	3.09243	0.000554701	0.01	0.0	0.07	0.0	0.0310677	0.000522906	1.492	0.0	5.0	0.0	1.733	0.0	0.0310677	0.000522906	1.25623e-05	9.06713e-05	0.392536	0.0107942	0.0553454	0.0788853	0.000212513	0.0144851	0.000181195	0.000520199	2.09412	0.553674	0.947906	0.0156396	0.891655	0.246579	0.765182	0.327951	0.345454	0.101839	0.070565	0.130119	0.300034	0.0212096	0.0724607	0.0860079	-11831.5	4.0	0.000112578	-59344.4	5.0	3.55408e-05	1.0	3283.49	66.8725	1727.43	50.8553	0.344733	0.00861744	1044.75	72.9397	
0.0-2.4	10.0-30.0	0.0-100.0	0.000-1.571	0.004	0.144	10411.0	10409.0	7786.49	97.1078	2622.87	65.3172	-0.50432	0.0794207	-0.05	0.0	0.1	0.0	3.09351	0.000443768	0.01	0.0	0.07	0.0	0.0311234	0.000422146	1.492	0.0	5.0	0.0	1.733	0.0	0.0311234	0.000422146	1.0177e-05	0.00195203	0.369114	0.00796914	0.0477214	0.0592155	-0.000892962	0.00748279	0.000192874	0.000397023	2.03646	0.461587	0.964957	0.0128658	0.913475	0.146079	0.822749	0.745067	0.366698	0.147492	0.0705099	9.81614e-07	0.303797	0.0247683	0.0705429	0.0583113	-18490.3	4.0	2.88116e-07	-96299.4	5.0	3.75367e-05	1.0	4942.68	82.4777	2843.81	65.2741	0.365223	0.00703764	1041.45	50.8518	
0.0-2.4	11.0-13.0	0.0-100.0	0.000-1.571	0.008	0.105	3578.0	3577.0	2738.07	57.341	839.048	37.2695	-0.631299	0.141385	-0.05	0.0	0.1	0.0	3.09219	0.000750342	0.01	0.0	0.07	0.0	0.0314295	0.000719658	1.492	0.0	5.0	0.0	1.733	0.0	0.0314295	0.000719658	4.93653e-05	0.000238442	0.457998	0.0156637	0.0328637	0.0389686	-0.000371389	0.0145275	0.00189255	0.000715174	2.53131	0.734887	0.993834	0.0222613	0.787563	0.618363	0.958878	3.12568	0.368664	1.40734	0.0705208	2.26363e-07	0.304726	0.204813	0.0712816	16.0007	-6005.67	4.0	2.93467e-06	-29401.4	5.0	1.6611e-05	1.0	1673.02	47.2882	1065.05	38.8085	0.388978	0.0115989	1079.73	57.3673	
0.0-2.4	13.0-16.0	0.0-100.0	0.000-1.571	0.008	0.08	2224.0	2219.0	1735.19	45.7153	483.617	28.9555	-0.189544	0.186484	-0.05	0.0	0.1	0.0	3.09606	0.000970024	0.01	0.0	0.07	0.0	0.0326362	0.000950916	1.492	0.0	5.0	0.0	1.733	0.0	0.0326362	0.000950916	1.00002e-05	0.000966722	0.422425	0.0190658	0.0326157	0.0670782	-0.00999634	0.0183094	0.00225646	0.000857237	1.86063	0.773549	1.02262	0.0282125	0.902325	1.6299	0.879072	7.08367	0.240325	0.891437	0.0705778	1.18261e-06	0.231482	0.160539	0.070663	5.13815e-07	-4054.95	4.0	3.5382e-05	-17220.5	5.0	3.95143e-05	1.0	1111.81	38.6216	623.383	30.0559	0.359259	0.0145067	1060.46	46.0755	
0.0-2.4	13.0-30.0	0.0-100.0	0.000-1.571	0.008	0.105	3671.0	3671.0	2777.24	57.9826	893.747	38.4513	-0.510571	0.136321	-0.05	0.0	0.1	0.0	3.09547	0.00074266	0.01	0.0	0.07	0.0	0.031219	0.000721261	1.492	0.0	5.0	0.0	1.733	0.0	0.031219	0.000721261	2.10356e-05	0.0045896	0.331706	0.0115866	0.0347602	0.122355	-0.00537756	0.015369	0.000227886	0.000617354	1.80759	0.989032	0.991983	0.022287	0.907033	0.0911182	0.989504	0.539246	0.40561	0.0613358	0.0710234	0.0196596	0.307531	0.0253549	0.070786	4.06695	-6691.68	4.0	1.35496e-05	-30204.8	5.0	5.7205e-07	1.0	1657.28	48.2603	1119.96	40.9708	0.403265	0.012114	1031.21	74.849	
0.0-2.4	16.0-30.0	0.0-100.0	0.000-1.571	0.008	0.064	1446.0	1444.0	1041.09	35.5507	402.937	25.0146	-0.916981	0.20333	-0.05	0.0	0.1	0.0	3.09462	0.00114594	0.01	0.0	0.07	0.0	0.0290266	0.00109615	1.492	0.0	5.0	0.0	1.733	0.0	0.0290266	0.00109615	5.46616e-05	1.05755	0.231857	0.0126855	0.461092	0.573416	0.00155876	0.00498774	5.55411e-05	2.08865e-08	1.33655	0.440517	0.780341	0.042448	0.994208	0.900755	0.975868	0.988107	0.492417	0.0351165	0.0704441	1.43424	0.391462	0.0503441	0.0704467	5.57749e-07	-2692.47	4.0	8.84108	-10469.7	5.0	2.90492e-06	1.0	575.928	28.1666	465.158	25.6688	0.446801	0.0193681	1073.24	201.99	
0.0-2.4	6.5-30.0	0.0-10.0	0.000-1.571	0.008	0.184	19586.0	19586.0	9141.91	118.796	10444.4	124.152	-0.0858	0.0384226	-0.05	0.0	0.1	0.0	3.09261	0.0	0.1	0.0	0.03	0.0	0.0324864	0.000477232	1.492	0.0	5.0	0.0	1.733	0.0	0.0324864	0.000477232	3.80561e-05	6.9663e-05	0.312755	0.00775454	0.19482	0.0	0.00388614	0.0	0.00198738	0.000437271	1.71004	0.0	0.989876	0.011641	0.999419	0.0878955	0.369788	0.0290824	0.560119	0.0246273	0.0704716	6.94132e-10	0.380446	0.0165849	0.0990298	0.00644823	-25097.8	4.0	5.74497e-08	-183310.0	4.0	4.61309e-06	1.0	6525.29	105.623	2616.62	71.5705	0.286222	0.00688891	1165.61	3.97995	
0.0-2.4	6.5-30.0	0.0-100.0	0.000-1.571	0.004	0.128	50728.0	50600.0	28705.1	200.788	21896.0	183.045	-0.0802364	0.0268041	-0.05	0.0	0.1	0.0	3.09261	0.000257075	0.1	0.0	0.03	0.0	0.0325083	0.000258388	1.492	0.0	5.0	0.0	1.733	0.0	0.0325083	0.000258388	3.69757e-05	6.79802e-05	0.338556	0.00459353	0.19482	0.0809237	0.00388614	0.00250476	0.00205544	0.000245748	1.71004	0.123875	0.947338	0.00648746	0.654894	0.0172588	0.927558	0.0159238	0.580494	0.0108841	0.0706062	1.12477e-09	0.285884	0.00719687	0.303577	0.044586	-74259.8	4.0	5.91713e-08	-529401.0	5.0	5.05253e-05	1.0	20524.2	178.429	8180.81	120.418	0.284995	0.00369109	1136.8	40.4382	
0.0-2.4	6.5-30.0	0.0-5.0	0.000-1.571	0.008	0.184	10664.0	10664.0	5006.72	88.5112	5658.04	92.1136	0.0544808	0.0522506	-0.05	0.0	0.1	0.0	3.09261	0.0	0.1	0.0	0.03	0.0	0.032808	0.000661755	1.492	0.0	5.0	0.0	1.733	0.0	0.032808	0.000661755	3.80561e-05	6.9663e-05	0.333494	0.0108379	0.19482	0.0	0.00388614	0.0	0.00392453	0.000610956	1.71004	0.0	1.04545	0.0165418	0.70044	0.0934685	0.83044	0.119106	0.644158	0.0488373	0.0706395	0.0379222	0.215413	0.0138326	0.198542	0.0507196	-13779.2	4.0	4.47445e-05	-93327.7	4.0	5.57651e-05	1.0	3591.66	78.6329	1415.06	52.7002	0.282632	0.00926441	1204.05	5.78236	
0.0-2.4	6.5-30.0	10.0-15.0	0.000-1.571	0.008	0.152	6641.0	6639.0	3494.68	72.64	3144.46	70.1815	-0.0373638	0.0703123	-0.05	0.0	0.1	0.0	3.09261	0.0	0.1	0.0	0.03	0.0	0.0328618	0.000827422	1.492	0.0	5.0	0.0	1.733	0.0	0.0328618	0.000827422	1.79985e-05	0.004591	0.331063	0.0122094	0.19482	0.0	0.00388614	0.0	0.00173445	0.0007041	1.71004	0.0	0.949824	0.0179962	0.671089	0.28706	0.844463	0.21948	0.577594	0.197786	0.070734	0.1411	0.171899	0.0144378	0.210915	0.0516566	-9519.91	4.0	1.64446e-06	-55503.8	4.0	0.000163098	1.0	2444.44	63.5966	1050.25	44.0392	0.300527	0.0109446	1138.47	6.0446	
0.0-2.4	6.5-30.0	10.0-20.0	0.000-1.571	0.008	0.16	12217.0	12215.0	6733.23	98.635	5481.73	92.0743	-0.0366821	0.0533842	-0.05	0.0	0.1	0.0	3.09261	0.0	0.1	0.0	0.03	0.0	0.0328449	0.000560826	1.492	0.0	5.0	0.0	1.733	0.0	0.0328449	0.000560826	1.00282e-05	0.000232918	0.377007	0.00983626	0.19482	0.0	0.00388614	0.0	0.000786403	0.000527762	1.71004	0.0	0.969825	0.0135186	0.700192	0.283541	0.80967	0.0365467	0.582892	0.163918	0.0706655	0.0884364	0.209496	0.0237372	0.379998	0.046493	-16880.9	4.0	9.71935e-05	-110072.0	4.0	3.30661e-06	1.0	4658.91	85.8375	2074.33	60.2793	0.308073	0.0077318	1151.96	4.58193	
0.0-2.4	6.5-30.0	15.0-20.0	0.000-1.571	0.008	0.16	5576.0	5576.0	3234.74	66.8239	2340.72	59.7611	-0.0354147	0.0819306	-0.05	0.0	0.1	0.0	3.09261	0.0	0.1	0.0	0.03	0.0	0.0327737	0.000754303	1.492	0.0	5.0	0.0	1.733	0.0	0.0327737	0.000754303	1.00282e-05	0.000232918	0.422957	0.0153503	0.19482	0.0	0.00388614	0.0	-0.000707765	0.000793271	1.71004	0.0	0.98539	0.0202998	0.786993	0.0621298	0.721286	0.0560003	0.585307	0.0288941	0.0706517	8.95181e-09	0.264109	0.0280945	0.417719	0.0581299	-7433.94	4.0	3.10839e-08	-46158.3	4.0	5.63159e-05	1.0	2197.3	57.6912	1037.44	41.5587	0.320718	0.0110075	1162.55	6.92709	
0.0-2.4	6.5-30.0	20.0-25.0	0.000-1.571	0.008	0.145	4549.0	4549.0	2732.68	60.6209	1816.22	52.52	-0.102335	0.0930834	-0.05	0.0	0.1	0.0	3.09261	0.0	0.1	0.0	0.03	0.0	0.0315748	0.000778829	1.492	0.0	5.0	0.0	1.733	0.0	0.0315748	0.000778829	3.69686e-05	0.0287936	0.354215	0.0152601	0.19482	0.0	0.00388614	0.0	0.000924346	0.000729485	1.71004	0.0	0.887348	0.0188846	0.65528	0.73719	0.937647	0.0523307	0.585587	0.291634	0.0706154	0.0942363	0.212345	0.0236941	0.491967	0.143298	-7467.95	4.0	3.30589e-05	-36960.2	4.0	4.14694e-06	1.0	1993.79	53.8589	738.895	34.8312	0.270392	0.0112466	1097.13	6.14905	
0.0-2.4	6.5-30.0	20.0-30.0	0.000-1.571	0.008	0.152	8386.0	8386.0	5186.0	83.4993	3199.3	70.6078	-0.010734	0.0703441	-0.05	0.0	0.1	0.0	3.09261	0.0	0.1	0.0	0.03	0.0	0.0318396	0.000581593	1.492	0.0	5.0	0.0	1.733	0.0	0.0318396	0.000581593	1.79985e-05	0.004591	0.411822	0.0124045	0.19482	0.0	0.00388614	0.0	0.00142766	0.000546737	1.71004	0.0	0.894781	0.0142287	0.684196	0.165631	0.965011	0.0164691	0.589517	0.10647	0.0704421	0.0364704	0.195745	0.0123012	0.480715	0.139611	-13465.6	4.0	0.10959	-73451.7	4.0	7.56457e-05	1.0	3709.85	73.1616	1476.15	48.4727	0.284641	0.00814615	1101.98	4.65129	
0.0-2.4	6.5-30.0	25.0-30.0	0.000-1.571	0.008	0.136	3837.0	3833.0	2452.79	57.3666	1380.23	47.1001	0.11164	0.107671	-0.05	0.0	0.1	0.0	3.09261	0.0	0.1	0.0	0.03	0.0	0.0321608	0.000862673	1.492	0.0	5.0	0.0	1.733	0.0	0.0321608	0.000862673	3.37928e-05	7.02542e-05	0.467055	0.0191272	0.19482	0.0	0.00388614	0.0	0.00145889	0.000822602	1.71004	0.0	0.889225	0.0215774	0.718893	0.782302	0.875623	0.272439	0.560003	0.224168	0.0806109	0.190805	0.138006	0.010961	0.0704496	8.16439e-09	-6012.75	4.0	3.40309e-07	-30675.6	4.0	2.74055e-07	1.0	1689.29	49.1773	763.502	34.2967	0.311278	0.0119379	1098.35	7.03288	
0.0-2.4	6.5-30.0	30.0-35.0	0.000-1.571	0.008	0.128	2929.0	2927.0	1826.41	50.3071	1100.16	42.4815	-0.230315	0.120247	-0.05	0.0	0.1	0.0	3.09261	0.0	0.1	0.0	0.03	0.0	0.0341907	0.00109432	1.492	0.0	5.0	0.0	1.733	0.0	0.0341907	0.00109432	3.69757e-05	6.79802e-05	0.324109	0.0188431	0.19482	0.0	0.00388614	0.0	0.00157154	0.000948534	1.71004	0.0	0.907765	0.0242012	0.651313	0.0703016	0.995416	0.117603	0.531427	0.0582491	0.0705965	0.015801	0.292412	0.0257317	0.0704583	2.17661e-08	-4799.65	4.0	1.41126e-05	-22512.8	4.0	0.000120973	1.0	1386.89	45.8041	439.519	28.0227	0.240647	0.0138374	1110.49	7.96447	
0.0-2.4	6.5-30.0	30.0-40.0	0.000-1.571	0.008	0.128	5034.0	5031.0	3285.78	65.7084	1745.21	52.6977	-0.217175	0.0956661	-0.05	0.0	0.1	0.0	3.09261	0.0	0.1	0.0	0.03	0.0	0.0327942	0.000732197	1.492	0.0	5.0	0.0	1.733	0.0	0.0327942	0.000732197	3.69757e-05	6.79802e-05	0.266062	0.0122108	0.19482	0.0	0.00388614	0.0	0.000437751	0.000692087	1.71004	0.0	0.841527	0.0174334	0.981711	1.6185	0.475813	0.473539	0.407432	0.0588764	0.0930434	2.19774	0.418091	0.0233076	0.0704569	2.14519e-10	-8652.69	4.0	6.72157e-05	-41782.3	4.0	2.24671e-06	1.0	2406.11	60.418	879.67	40.5531	0.26772	0.0111203	1067.66	5.53197	
0.0-2.4	6.5-30.0	35.0-40.0	0.000-1.571	0.008	0.12	2104.0	2104.0	1460.58	42.5351	643.406	31.4971	-0.199413	0.158053	-0.05	0.0	0.1	0.0	3.09261	0.0	0.1	0.0	0.03	0.0	0.0312099	0.00097779	1.492	0.0	5.0	0.0	1.733	0.0	0.0312099	0.00097779	3.63218e-05	5.72307e-05	0.219793	0.0135303	0.19482	0.0	0.00388614	0.0	0.000957164	0.00101399	1.71004	0.0	0.79704	0.0253426	0.937085	0.162448	0.525971	0.14914	0.384948	0.0533355	0.0870697	0.0520565	0.505194	0.0599218	0.074234	0.0140065	-3876.67	4.0	3.41088e-07	-15863.4	4.0	2.86841e-07	1.0	1011.78	39.277	448.802	29.0744	0.307276	0.0177813	1039.81	7.82059	
0.0-2.4	6.5-30.0	40.0-45.0	0.000-1.571	0.008	0.12	1599.0	1597.0	1135.18	37.1673	461.798	26.6099	-0.108717	0.186731	-0.05	0.0	0.1	0.0	3.09261	0.0	0.1	0.0	0.03	0.0	0.030004	0.00103198	1.492	0.0	5.0	0.0	1.733	0.0	0.030004	0.00103198	3.63218e-05	5.72307e-05	0.277738	0.0198942	0.19482	0.0	0.00388614	0.0	-0.00245177	0.00122013	1.71004	0.0	0.912236	0.0321504	0.999998	15.2	1.0	0.00696717	0.537976	0.105687	0.0707561	11741.1	0.56184	0.0562029	2.06166	2.06102	-2937.92	4.0	2.17804e-06	-11694.8	4.0	1.63577e-06	1.0	845.429	34.3098	289.748	22.3819	0.255245	0.0178579	1113.44	10.6045	
0.0-2.4	6.5-30.0	40.0-50.0	0.000-1.571	0.008	0.136	2868.0	2865.0	2089.81	50.28	775.184	34.8358	-0.647058	0.146066	-0.05	0.0	0.1	0.0	3.09261	0.0	0.1	0.0	0.03	0.0	0.0319512	0.000831364	1.492	0.0	5.0	0.0	1.733	0.0	0.0319512	0.000831364	3.37928e-05	7.02542e-05	0.294551	0.014144	0.19482	0.0	0.00388614	0.0	-0.00284181	0.000898105	1.71004	0.0	0.859664	0.0242927	0.999999	0.0123736	0.878588	0.276552	0.464549	0.162291	0.0705872	8.47031	0.456474	0.0604675	0.0705111	1.63064e-08	-5138.37	4.0	7.3012e-06	-22678.6	4.0	2.77036e-06	1.0	1471.01	45.4009	618.795	32.0982	0.296102	0.0136073	1079.23	7.79025	
0.0-2.4	6.5-30.0	45.0-50.0	0.000-1.571	0.008	0.136	1269.0	1267.0	960.18	33.8904	306.611	22.249	-1.51378	0.247761	-0.05	0.0	0.1	0.0	3.09261	0.0	0.1	0.0	0.03	0.0	0.0348442	0.00135166	1.492	0.0	5.0	0.0	1.733	0.0	0.0348442	0.00135166	3.37928e-05	7.02542e-05	0.311345	0.0198665	0.19482	0.0	0.00388614	0.0	-0.00368394	0.00130902	1.71004	0.0	0.801447	0.0370221	0.936932	0.0341641	0.99996	1.23301	0.42899	0.0378423	0.0706488	3.76703e-08	0.300156	0.0218012	0.0712027	7.23677	-2226.3	4.0	2.14979e-06	-9024.31	4.0	8.19478e-05	1.0	625.005	29.7366	335.175	23.1857	0.349075	0.0207674	1042.54	11.458	
0.0-2.4	6.5-30.0	5.0-10.0	0.000-1.571	0.008	0.112	8922.0	8886.0	4143.73	79.2484	4742.12	82.9352	-0.239302	0.0570698	-0.05	0.0	0.1	0.0	3.09261	0.0	0.1	0.0	0.03	0.0	0.032239	0.000685343	1.492	0.0	5.0	0.0	1.733	0.0	0.032239	0.000685343	3.69703e-05	0.0265992	0.296426	0.0109546	0.19482	0.0	0.00388614	0.0	0.000567113	0.0006314	1.71004	0.0	0.941296	0.0166721	1.0	0.120753	0.330938	0.0294067	0.468932	0.0341486	0.0705407	0.0213453	0.495246	0.0286265	0.0879484	0.00621557	-11413.1	4.0	1.4752e-05	-76169.3	4.0	3.39467e-06	1.0	2937.97	70.3836	1205.75	48.2542	0.290983	0.0102293	1132.75	5.57757	
0.0-2.4	6.5-30.0	50.0-100.0	0.000-1.571	0.008	0.088	2634.0	2613.0	2217.25	50.596	395.773	27.1764	-0.0500212	0.212841	-0.05	0.0	0.1	0.0	3.09261	0.0	0.1	0.0	0.03	0.0	0.0336927	0.00078441	1.492	0.0	5.0	0.0	1.733	0.0	0.0336927	0.00078441	3.69533e-05	0.0259228	0.330942	0.0162576	0.19482	0.0	0.00388614	0.0	0.00240815	0.000856436	1.71004	0.0	0.85867	0.023329	1.0	0.0442428	1.0	0.00432632	0.429321	0.0451168	0.0709036	4.52085e-05	0.247054	0.0235668	1.7314	5.4922	-5746.7	4.0	2.53059e-06	-21097.3	4.0	3.23774e-07	1.0	1652.9	46.4069	564.357	29.9468	0.25453	0.0121936	1078.6	7.47697	
0.0-2.4	6.5-30.0	50.0-55.0	0.000-1.571	0.008	0.08	932.0	923.0	774.16	30.0895	148.841	16.7353	0.0918788	0.346037	-0.05	0.0	0.1	0.0	3.09261	0.0	0.1	0.0	0.03	0.0	0.0338623	0.00136303	1.492	0.0	5.0	0.0	1.733	0.0	0.0338623	0.00136303	1.00002e-05	2.73951e-05	0.273872	0.0245703	0.19482	0.0	0.00388614	0.0	0.00130217	0.00167752	1.71004	0.0	0.984664	0.0490594	1.0	0.0102601	0.999999	0.0809133	0.501702	0.0746383	1.20904	0.498885	0.223079	0.0375883	0.0706061	7.88077e-08	-2059.29	4.0	2.50762e-05	-6457.29	4.0	1.72805e-07	1.0	591.984	28.4726	182.176	18.205	0.235321	0.0216642	1162.06	16.7358	
0.0-2.4	6.5-30.0	50.0-60.0	0.000-1.571	0.008	0.08	1493.0	1480.0	1246.2	38.0889	233.615	20.9369	0.0410787	0.276321	-0.05	0.0	0.1	0.0	3.09261	0.0	0.1	0.0	0.03	0.0	0.0343088	0.00108885	1.492	0.0	5.0	0.0	1.733	0.0	0.0343088	0.00108885	1.00002e-05	2.73951e-05	0.247472	0.017591	0.19482	0.0	0.00388614	0.0	0.00264052	0.00122552	1.71004	0.0	0.910192	0.0340582	0.999998	8.95756	0.999998	0.022191	0.499534	0.0401951	0.0711149	23.8756	0.28864	0.0218026	0.0705683	8.52207e-10	-3330.22	4.0	6.0237e-07	-11059.2	4.0	0.000190131	1.0	946.586	36.0942	299.614	23.4439	0.240422	0.0173178	1112.09	11.2222	
0.0-2.4	6.5-30.0	55.0-60.0	0.000-1.571	0.008	0.073	560.0	555.0	471.125	23.42	83.8346	12.6985	-0.0604764	0.457627	-0.05	0.0	0.1	0.0	3.09261	0.0	0.1	0.0	0.03	0.0	0.0351097	0.00197272	1.492	0.0	5.0	0.0	1.733	0.0	0.0351097	0.00197272	3.34445e-05	6.9324e-05	0.204615	0.0238962	0.19482	0.0	0.00388614	0.0	0.00431581	0.00175845	1.71004	0.0	0.802592	0.0459889	0.909549	8.453	0.999551	0.387948	0.430433	10.5279	0.0704625	22.7185	0.388201	0.179417	0.0709609	6.63995e-08	-1281.2	4.0	6.40634e-06	-3609.92	4.0	3.38155e-05	1.0	351.492	22.2718	119.633	15.0365	0.253931	0.0293138	1043.24	14.2438	
0.0-2.4	6.5-30.0	60.0-100.0	0.000-1.571	0.008	0.088	1141.0	1128.0	965.532	33.2169	162.263	17.3249	-0.183299	0.331756	-0.05	0.0	0.1	0.0	3.09261	0.0	0.1	0.0	0.03	0.0	0.0328145	0.00109714	1.492	0.0	5.0	0.0	1.733	0.0	0.0328145	0.00109714	3.69533e-05	0.0259228	0.41363	0.028188	0.19482	0.0	0.00388614	0.0	0.00180202	0.00118789	1.71004	0.0	0.794853	0.0311866	0.999979	3.46229	0.999995	0.0547625	0.331042	0.0731661	0.0706861	3.54978	0.203346	0.0194067	0.0705814	6.62354e-06	-2431.66	4.0	1.18571e-06	-8211.92	4.0	6.6614e-05	1.0	692.339	29.4669	273.193	19.7312	0.282945	0.0179683	1038.46	9.61009	
0.0-2.4	6.5-30.0	60.0-70.0	0.000-1.571	0.008	0.088	755.0	743.0	638.902	27.0125	104.036	13.9586	-0.280771	0.412996	-0.05	0.0	0.1	0.0	3.09261	0.0	0.1	0.0	0.03	0.0	0.0316957	0.00137481	1.492	0.0	5.0	0.0	1.733	0.0	0.0316957	0.00137481	3.69533e-05	0.0259228	0.457178	0.0369454	0.19482	0.0	0.00388614	0.0	0.00203321	0.0014515	1.71004	0.0	0.780025	0.0378438	0.986583	0.0216398	0.957382	0.955223	0.417697	0.244665	0.0704429	6.27359e-09	0.239931	0.0344288	0.0706348	4.5558	-1601.82	4.0	2.35015e-05	-5132.0	4.0	2.36556e-05	1.0	449.346	23.5923	189.556	16.1213	0.29669	0.021894	1029.37	11.545	
0.0-2.4	6.5-30.0	70.0-100.0	0.000-1.571	0.016	0.073	386.0	382.0	322.629	19.3232	59.295	10.492	-0.0120182	0.543416	-0.05	0.0	0.1	0.0	3.09261	0.0	0.1	0.0	0.03	0.0	0.0345915	0.00194441	1.492	0.0	5.0	0.0	1.733	0.0	0.0345915	0.00194441	3.69173e-05	0.0282483	0.308545	0.0386205	0.19482	0.0	0.00388614	0.0	0.00224409	0.00217521	1.71004	0.0	0.827841	0.0577853	0.822194	0.0987648	1.0	0.834834	2.88264e-08	0.203219	0.070455	2.03682e-08	0.157092	0.0312378	0.0760308	5.62984	-829.062	4.0	2.49403e-06	-2337.13	4.0	4.52253e-05	1.0	237.116	17.628	85.5128	11.6315	0.26505	0.0323693	1059.01	18.1856	
0.0-2.4	6.5-7.5	0.0-100.0	0.000-1.571	0.016	0.16	19526.0	19522.0	8180.42	116.689	11341.2	129.52	0.0147318	0.0368927	-0.05	0.0	0.1	0.0	3.09085	0.000549205	0.04	0.0	0.05	0.0	0.0344581	0.000562209	1.492	0.0	5.0	0.0	1.733	0.0	0.0344581	0.000562209	8.17783e-05	0.000350179	0.239073	0.00801789	0.206936	0.0943215	0.00999971	0.0031414	0.00369943	0.000473865	1.88995	0.200823	0.993316	0.0104806	0.510694	0.0301705	0.84903	0.0352142	0.677693	0.0191491	0.0704567	0.00743421	0.297781	0.0180346	0.347782	0.0549933	-25592.3	4.0	3.26716e-08	-181136.0	5.0	5.75236e-05	1.0	6457.49	110.046	1722.92	65.0329	0.210616	0.00736028	1233.55	58.8807	
0.0-2.4	6.5-8.0	0.0-100.0	0.000-1.571	0.016	0.16	26297.0	26291.0	11941.6	137.853	14349.0	146.317	-0.025837	0.0328647	-0.05	0.0	0.1	0.0	3.09165	0.000439933	0.02	0.0	0.02	0.0	0.0342061	0.000448684	1.492	0.0	5.0	0.0	1.733	0.0	0.0342061	0.000448684	2.99332e-05	0.00458551	0.30326	0.00757716	0.247328	0.092515	0.00999999	0.0035556	0.00306905	0.000406705	1.76918	0.144226	0.946701	0.009301	0.52946	0.022827	0.871284	0.0248004	0.63806	0.0146195	0.0706261	1.52182e-08	0.263985	0.0128686	0.338882	0.0442618	-35002.7	4.0	1.11595e-06	-253014.0	5.0	4.26149e-05	1.0	9258.11	127.09	2683.47	75.4255	0.224716	0.00575891	1203.63	50.3719	
0.0-2.4	6.5-8.5	0.0-100.0	0.000-1.571	0.016	0.16	31441.0	31420.0	15017.7	152.337	16401.6	156.807	-0.0432835	0.0307743	-0.05	0.0	0.1	0.0	3.09147	0.000382065	0.02	0.0	0.02	0.0	0.0336054	0.000389823	1.492	0.0	5.0	0.0	1.733	0.0	0.0336054	0.000389823	7.56762e-05	0.000240875	0.320082	0.00728853	0.226798	0.0773955	0.00999999	0.00269626	0.00305029	0.000358712	1.75627	0.126619	0.958321	0.00845044	0.548976	0.0226145	0.880148	0.0221399	0.631786	0.0135899	0.0704989	1.4975e-09	0.289907	0.0110592	0.331004	0.0392409	-42628.8	4.0	2.89799e-06	-309127.0	5.0	3.48163e-05	1.0	11598.9	139.922	3418.79	83.293	0.227651	0.00504272	1187.28	41.2817	
0.0-2.4	7.5-8.5	0.0-100.0	0.000-1.571	0.008	0.184	11914.0	11914.0	6856.8	98.1351	5057.29	88.4937	-0.183684	0.0558293	-0.05	0.0	0.1	0.0	3.09219	0.000530606	0.02	0.0	0.02	0.0	0.0328274	0.000536835	1.492	0.0	5.0	0.0	1.733	0.0	0.0328274	0.000536835	8.69412e-05	0.000593911	0.398067	0.0115875	0.237333	0.116679	0.00999999	0.0164169	0.00180055	0.00054318	1.6166	0.148917	0.917597	0.0140589	0.626653	0.0320827	0.909072	0.0255039	0.554602	0.022599	0.0705944	2.09559e-09	0.279973	0.0137471	0.342524	0.061657	-17337.5	4.0	1.52739e-05	-107531.0	5.0	3.73395e-06	1.0	5079.36	87.939	1777.44	55.6387	0.259223	0.00721658	1123.57	52.7319	
0.0-2.4	8.0-10.0	0.0-100.0	0.000-1.571	0.008	0.184	14019.0	14019.0	8990.63	109.137	5028.68	89.156	-0.0592189	0.0563403	-0.05	0.0	0.1	0.0	3.09325	0.00043889	0.1	0.0	0.03	0.0	0.0318024	0.000440583	1.492	0.0	5.0	0.0	1.733	0.0	0.0318024	0.000440583	8.20597e-05	0.000220638	0.336842	0.00834261	0.223708	0.161679	0.000490489	0.00440365	0.00174795	0.000459954	1.60773	0.189825	0.905376	0.0124583	0.859021	38.4528	0.640949	12.0042	0.503567	27.8622	0.0704554	7.00729e-08	0.36825	4.8181	0.0705291	17.6836	-22147.6	4.0	4.72779e-07	-130610.0	5.0	1.79236e-05	1.0	6351.64	96.9317	2638.99	66.9119	0.293527	0.00653404	1102.07	71.8749	
0.0-2.4	8.5-9.5	0.0-100.0	0.000-1.571	0.008	0.12	6515.0	6505.0	4270.81	74.338	2234.3	59.0727	0.0219027	0.0847252	-0.05	0.0	0.1	0.0	3.09497	0.00062033	0.1	0.0	0.03	0.0	0.0314763	0.000608241	1.492	0.0	5.0	0.0	1.733	0.0	0.0314763	0.000608241	6.95629e-05	0.856416	0.296844	0.00943853	0.195257	0.140777	-0.00999932	0.0168172	0.00178529	0.000669479	1.55521	0.187671	0.913836	0.0179367	0.83713	0.305189	0.771467	0.806915	0.511759	0.101556	0.071121	0.0890948	0.265676	0.0279283	0.0706776	0.0821424	-10763.8	4.0	3.76272e-07	-55854.5	5.0	8.35127e-06	1.0	2875.37	65.4651	1395.44	48.6903	0.326739	0.00988087	1069.72	58.839	
0.0-2.4	9.5-11.0	0.0-100.0	0.000-1.571	0.008	0.136	5521.0	5518.0	3910.7	70.1153	1607.37	51.1166	-0.149337	0.100584	-0.05	0.0	0.1	0.0	3.09298	0.000651771	0.1	0.0	0.03	0.0	0.0318707	0.000625333	1.492	0.0	5.0	0.0	1.733	0.0	0.0318707	0.000625333	1.00134e-05	0.000394123	0.335067	0.0120398	0.411816	0.288493	0.0022233	0.00388478	9.81706e-05	0.000723455	1.51553	0.180886	0.744901	0.0206138	0.99996	0.117508	0.564003	0.0708279	0.366375	0.067785	0.0705747	0.793908	0.385756	0.0251196	0.0704569	0.0134994	-9596.14	4.0	5.66648e-07	-46987.0	5.0	1.0602e-05	1.0	2775.24	62.325	1135.46	42.6969	0.290347	0.00959702	1127.94	122.176	
0.4-0.8	6.5-30.0	0.0-100.0	0.000-1.571	0.008	0.073	6335.0	6335.0	4251.16	72.2037	2084.21	55.1901	0.187904	0.0874572	-0.05	0.0	0.1	0.0	3.0939	0.000455049	0.005	0.0	0.03	0.0	0.0237973	0.000445646	1.492	0.0	5.0	0.0	1.733	0.0	0.0237973	0.000445646	1.07909e-05	6.48731e-06	0.448373	0.0134296	0.164736	0.163076	-0.00113548	0.00593586	-0.000404779	0.00058722	1.82366	0.359661	0.94465	0.017652	0.759429	0.0429452	0.83703	0.036599	0.500925	0.0282502	0.0706374	4.48494e-09	0.277253	0.0292783	0.497383	0.0994722	-10378.7	4.0	9.97766e-05	-55254.0	5.0	0.000176802	1.0	2774.41	60.8049	1476.74	45.8896	0.347374	0.00903957	1137.2	99.523	
0.8-1.2	6.5-30.0	0.0-100.0	0.000-1.571	0.008	0.105	9390.0	9385.0	5544.14	85.7151	3840.83	75.1244	0.117	0.0642202	-0.05	0.0	0.1	0.0	3.09285	0.000541009	0.005	0.0	0.03	0.0	0.0312139	0.000494133	1.492	0.0	5.0	0.0	1.733	0.0	0.0312139	0.000494133	3.76156e-05	0.000218351	0.307495	0.00946693	0.510138	0.279061	0.00698866	0.00378923	-0.000447241	0.000668226	1.44442	0.131788	0.742948	0.0182554	0.580141	0.0333459	0.930285	0.0258585	0.574628	0.0248853	0.0705337	2.62816e-09	0.229873	0.0158357	0.342638	0.0932902	-15450.1	4.0	7.33319e-06	-82905.1	5.0	8.87111e-07	1.0	4025.22	76.7864	1518.92	50.7427	0.273969	0.00811337	1155.3	101.783	
1.2-1.6	6.5-30.0	0.0-10.0	0.000-1.571	0.008	0.136	5037.0	5031.0	2148.07	59.427	2882.9	65.3152	-0.0418343	0.0731008	-0.05	0.0	0.1	0.0	3.09177	0.0	0.1	0.0	0.03	0.0	0.0371411	0.00108466	1.492	0.0	5.0	0.0	1.733	0.0	0.0371411	0.00108466	2.31047e-05	0.000294422	0.30041	0.0154788	0.103775	0.0	0.00999984	0.0	0.0022176	0.000767006	2.09199	0.0	0.885398	0.0200977	0.97245	5.93729	0.317056	0.63471	0.394882	0.154049	0.540461	6.11627	0.507807	0.0606746	0.0705244	1.75238e-07	-5865.35	4.0	2.0724e-05	-39824.5	4.0	3.7094e-07	1.0	1510.1	52.4951	637.971	36.3579	0.296997	0.0147977	1075.52	7.41404	
1.2-1.6	6.5-30.0	0.0-100.0	0.000-1.571	0.008	0.136	12406.0	12391.0	6663.54	98.9794	5727.31	94.1288	-0.0987622	0.0524855	-0.05	0.0	0.1	0.0	3.09177	0.000619025	0.1	0.0	0.03	0.0	0.0374373	0.000600422	1.492	0.0	5.0	0.0	1.733	0.0	0.0374373	0.000600422	2.31047e-05	0.000294422	0.284889	0.00865572	0.103775	0.0507441	0.00999984	0.0195355	0.00178208	0.000474879	2.09199	0.256609	0.957377	0.0121782	0.949015	0.0488722	0.42832	0.0578882	0.48354	0.0805009	0.182769	0.0693999	0.436248	0.0216966	0.0704647	0.0163129	-17291.4	4.0	8.41677e-05	-111062.0	5.0	6.91269e-06	1.0	4855.84	90.031	1807.7	60.2007	0.271283	0.00808589	1129.43	46.259	
1.2-1.6	6.5-30.0	10.0-20.0	0.000-1.571	0.008	0.128	2792.0	2784.0	1512.8	48.1291	1271.22	45.5498	-0.0956065	0.111265	-0.05	0.0	0.1	0.0	3.09177	0.0	0.1	0.0	0.03	0.0	0.0406465	0.00141292	1.492	0.0	5.0	0.0	1.733	0.0	0.0406465	0.00141292	2.94195e-05	0.000284662	0.220524	0.013298	0.103775	0.0	0.00999984	0.0	0.00263782	0.0010864	2.09199	0.0	1.03594	0.0271259	0.596069	0.0737423	0.999995	0.641817	0.637963	0.0474373	0.0990357	0.0178044	0.217451	0.0232302	0.145879	2.17654	-4109.21	4.0	6.73117e-05	-20737.2	4.0	3.7933e-06	1.0	1050.68	44.0447	462.123	32.2295	0.305476	0.0189587	1189.94	10.5823	
1.2-1.6	6.5-30.0	20.0-30.0	0.000-1.571	0.008	0.105	2034.0	2029.0	1234.19	41.164	794.797	35.4264	0.093899	0.141607	-0.05	0.0	0.1	0.0	3.09177	0.0	0.1	0.0	0.03	0.0	0.0358956	0.00129144	1.492	0.0	5.0	0.0	1.733	0.0	0.0358956	0.00129144	1.00889e-05	0.00459463	0.323921	0.0217083	0.103775	0.0	0.00999984	0.0	-0.00207423	0.00107625	2.09199	0.0	1.00362	0.0253128	1.0	0.00990325	0.820058	0.162269	0.706167	0.057668	0.266812	0.0175692	0.157822	0.0208858	0.0704582	1.99862e-08	-3487.24	4.0	3.30108e-06	-14779.7	4.0	4.82687e-07	1.0	917.613	37.3138	316.579	23.8145	0.256507	0.0172953	1164.86	9.77293	
1.2-1.6	6.5-30.0	30.0-40.0	0.000-1.571	0.008	0.12	1254.0	1244.0	726.483	31.7902	517.408	28.3119	-0.145837	0.17451	-0.05	0.0	0.1	0.0	3.09177	0.0	0.1	0.0	0.03	0.0	0.0364386	0.00173575	1.492	0.0	5.0	0.0	1.733	0.0	0.0364386	0.00173575	1.72747e-05	0.00459133	0.250923	0.0306209	0.103775	0.0	0.00999984	0.0	0.00542049	0.00137369	2.09199	0.0	0.907235	0.035569	0.903134	0.104155	0.683808	0.192222	0.308507	0.119905	0.0922263	0.0383098	0.5353	0.0561412	0.0704686	0.025548	-1822.04	4.0	9.2109e-07	-8389.31	4.0	2.69268e-05	1.0	590.386	30.846	136.098	17.8749	0.187337	0.0231988	1091.71	13.2456	
1.2-1.6	6.5-30.0	40.0-50.0	0.000-1.571	0.016	0.064	654.0	641.0	486.876	24.382	154.085	16.178	-1.88712	0.374994	-0.05	0.0	0.1	0.0	3.09177	0.0	0.1	0.0	0.03	0.0	0.0391297	0.00212164	1.492	0.0	5.0	0.0	1.733	0.0	0.0391297	0.00212164	2.95545e-05	0.000300613	0.292757	0.0315668	0.103775	0.0	0.00999984	0.0	-0.00391111	0.00200434	2.09199	0.0	1.01234	0.054511	0.998429	0.104417	0.983101	0.60896	0.468936	0.723861	0.070456	9.97171e-09	0.329072	0.093285	0.0810319	4.92567	-1165.43	4.0	1.89489e-07	-4102.9	4.0	5.15569e-05	1.0	356.2	22.6991	130.676	15.4881	0.268396	0.0288322	1171.6	21.1066	
1.2-1.6	6.5-30.0	50.0-100.0	0.000-1.571	0.016	0.073	633.0	627.0	529.219	24.3969	97.7193	12.793	-0.861528	0.424554	-0.05	0.0	0.1	0.0	3.09177	0.0	0.1	0.0	0.03	0.0	0.0347135	0.00143495	1.492	0.0	5.0	0.0	1.733	0.0	0.0347135	0.00143495	1.01642e-05	0.000817577	0.36032	0.0363677	0.103775	0.0	0.00999984	0.0	0.00536369	0.00187381	2.09199	0.0	0.997892	0.0525903	1.0	0.220327	1.0	0.257087	0.442607	0.226882	0.0707633	1.61033e-07	0.304574	0.106171	0.0706422	1.58652e-05	-1260.64	4.0	6.6071e-09	-4145.74	4.0	8.60359e-05	1.0	398.124	22.4236	131.095	14.23	0.247714	0.0243432	1160.44	20.2654	
1.6-2.0	6.5-30.0	0.0-100.0	0.000-1.571	0.008	0.16	12565.0	12549.0	6523.11	102.804	6026.06	100.352	-0.293607	0.0515144	-0.05	0.0	0.1	0.0	3.09073	0.000770278	0.055	0.0	0.01	0.0	0.0445453	0.000771799	1.492	0.0	5.0	0.0	1.733	0.0	0.0445453	0.000771799	2.61437e-05	0.00458725	0.276103	0.00926973	0.462154	0.274076	0.00485629	0.00340939	0.00421165	0.000760569	1.4787	0.146906	0.88416	0.0169509	0.712225	0.0516956	0.836269	0.0459639	0.653581	0.0274185	0.0704382	0.0159106	0.239721	0.0134382	0.306739	0.047996	-16831.7	4.0	2.16203	-111675.0	5.0	2.82212e-05	1.0	5046.42	95.155	1476.69	57.1915	0.226379	0.0080088	1196.24	90.8134	
1.6-2.4	3.0-30.0	0.0-100.0	0.000-1.571	0.008	0.264	303540.0	303530.0	52173.3	421.79	251355.0	614.04	0.244791	0.00779431	-0.05	0.0	0.1	0.0	3.09034	0.000416096	0.04	0.0	0.06	0.0	0.0498844	0.000410003	1.89	0.0	5.0	0.0	1.44	0.0	0.0498844	0.000410003	1.05692e-05	6.49144e-05	0.281422	0.00506516	0.19593	0.106578	0.00823221	0.0041731	0.00891465	0.000178977	1.71895	0.159922	1.00717	0.0025636	0.951391	0.016909	0.754225	0.00940902	0.766268	0.00582732	0.0706109	3.52488e-07	0.16858	0.00467765	0.452674	0.00869905	-250405.0	4.0	1.44136e-05	-3574520.0	5.0	6.52888e-05	1.0	43572.4	403.527	8600.95	208.768	0.164853	0.00377297	1180.92	49.3713	
1.6-2.4	3.0-4.5	0.0-100.0	0.000-1.571	0.016	0.264	226869.0	226863.0	29809.5	361.519	197053.0	545.815	0.424612	0.008821	-0.05	0.0	0.1	0.0	3.09022	0.000636858	0.035	0.0	0.045	0.0	0.0512761	0.000626116	1.86	0.0	5.0	0.0	1.38	0.0	0.0512761	0.000626116	8.85777e-05	0.0369611	0.29326	0.00841584	0.101357	0.069759	0.0499991	0.0925249	0.00640997	0.000210858	1.84755	0.275177	1.04669	0.00277449	0.971706	0.0188117	0.746566	0.0106706	0.70957	0.0113945	0.070465	9.75749e-08	0.110481	0.00422909	0.450645	0.00842079	-176812.0	4.0	0.000106324	-2602030.0	5.0	8.58694e-05	1.0	25945.8	350.254	3863.71	160.817	0.129613	0.00516073	1153.47	41.5738	
1.6-2.4	3.0-5.5	0.0-100.0	0.000-1.571	0.016	0.264	267520.0	267510.0	38154.5	391.823	229358.0	587.106	0.311252	0.00816211	-0.05	0.0	0.1	0.0	3.08999	0.000533077	0.04	0.0	0.03	0.0	0.0505137	0.000522523	1.86	0.0	5.0	0.0	1.38	0.0	0.0505137	0.000522523	1.55371e-05	0.00459213	0.30311	0.00710211	0.125652	0.0884483	0.0251244	0.0167426	0.00838702	0.000191314	1.92178	0.271466	1.04563	0.00256805	0.999995	89.03	0.729473	5.89045	0.762581	1.74854	0.0710029	0.000280144	0.137055	1.24443	0.45915	2.78751	-212391.0	4.0	1.28698e-06	-3112990.0	5.0	0.000123864	1.0	32753.5	376.567	5400.97	178.163	0.141555	0.00443748	1191.65	55.5425	
1.6-2.4	3.0-6.5	0.0-10.0	0.000-1.571	0.016	0.264	156902.0	156892.0	17029.2	282.151	139862.0	449.918	0.220703	0.01035	-0.05	0.0	0.1	0.0	3.09043	0.0	0.03	0.0	0.02	0.0	0.0490399	0.000779591	1.86	0.0	5.0	0.0	1.38	0.0	0.0490399	0.000779591	1.3729e-05	0.00459296	0.211455	0.00955632	0.173641	0.0	0.0248856	0.0	0.0122148	0.00026939	1.74699	0.0	1.07965	0.00369265	0.999999	0.208081	0.624377	0.0145577	0.833432	0.00299201	0.0705788	4.68093e-07	0.332486	0.00755023	0.337622	0.0113788	-112584.0	4.0	1.74213e-05	-1739890.0	4.0	0.000104125	1.0	14224.3	281.411	2804.94	160.65	0.164713	0.00903039	1221.96	1.34804	
1.6-2.4	3.0-6.5	0.0-100.0	0.000-1.571	0.016	0.264	286561.0	286551.0	43875.8	407.621	242676.0	604.081	0.269038	0.00793459	-0.05	0.0	0.1	0.0	3.09043	0.000482891	0.03	0.0	0.02	0.0	0.0504939	0.000471804	1.86	0.0	5.0	0.0	1.38	0.0	0.0504939	0.000471804	1.3729e-05	0.00459296	0.276601	0.00631578	0.173641	0.119565	0.0248856	0.0127773	0.0108039	0.000189341	1.74699	0.202734	1.04432	0.00261544	0.871282	0.0241417	0.728256	0.0131472	0.801266	0.00615313	0.0706904	7.02224e-09	0.211186	0.00753712	0.430328	0.0108571	-230320.0	4.0	1.28254e-05	-3355350.0	5.0	0.000120272	1.0	37658.5	396.225	6217.31	194.752	0.141703	0.004239	1196.32	55.3464	
1.6-2.4	3.0-6.5	0.0-20.0	0.000-1.571	0.016	0.264	234730.0	234720.0	29577.0	360.201	205143.0	552.495	0.264281	0.0085553	-0.05	0.0	0.1	0.0	3.09043	0.0	0.03	0.0	0.02	0.0	0.0496022	0.000613254	1.86	0.0	5.0	0.0	1.38	0.0	0.0496022	0.000613254	1.3729e-05	0.00459296	0.23852	0.00762623	0.173641	0.0	0.0248856	0.0	0.0129336	0.000214733	1.74699	0.0	1.07076	0.00293234	0.870942	0.0320965	0.705714	0.0181304	0.828266	0.00526911	0.0705594	6.83028e-09	0.274491	0.00686993	0.395271	0.0127827	-181983.0	4.0	1.8725e-06	-2699110.0	4.0	1.5037e-05	1.0	25366.4	353.983	4210.6	180.279	0.142361	0.00584346	1215.48	1.06733	
1.6-2.4	3.0-6.5	10.0-20.0	0.000-1.571	0.016	0.209	77828.0	77695.0	12732.6	225.789	64962.3	321.245	0.368449	0.0152516	-0.05	0.0	0.1	0.0	3.09043	0.0	0.03	0.0	0.02	0.0	0.0514306	0.00100665	1.86	0.0	5.0	0.0	1.38	0.0	0.0514306	0.00100665	1.37782e-05	0.00459294	0.285321	0.0113163	0.173641	0.0	0.0248856	0.0	0.0116128	0.000355213	1.74699	0.0	1.02714	0.00478355	0.793172	0.0322344	0.829531	0.0159829	0.769946	0.0129078	0.0706967	2.31913e-08	0.13623	0.0079062	0.444707	0.0208786	-70087.4	4.0	3.45846e-07	-808834.0	4.0	3.27623e-05	1.0	11094.4	215.506	1638.17	92.6301	0.12866	0.00690803	1183.96	1.71467	
1.6-2.4	3.0-6.5	20.0-30.0	0.000-1.571	0.016	0.192	28301.0	28295.0	6425.35	140.555	21869.9	187.6	0.221327	0.0263696	-0.05	0.0	0.1	0.0	3.09043	0.0	0.03	0.0	0.02	0.0	0.0588219	0.00123684	1.86	0.0	5.0	0.0	1.38	0.0	0.0588219	0.00123684	1.37746e-05	0.00459294	0.267628	0.0125319	0.173641	0.0	0.0248856	0.0	-0.00466902	0.000581563	1.74699	0.0	0.94697	0.00842415	0.987763	0.0551933	0.803173	0.0406822	0.533896	0.0637549	0.0704639	5.9462e-12	0.0772254	0.00618428	0.355463	0.0277007	-25602.3	4.0	0.000101827	-266585.0	4.0	1.02949e-05	1.0	5270.4	135.853	1154.95	76.1735	0.179748	0.0111841	1127.38	2.92368	
1.6-2.4	3.0-6.5	20.0-40.0	0.000-1.571	0.016	0.192	41601.0	41586.0	10027.1	170.038	31559.2	224.578	0.232887	0.0219518	-0.05	0.0	0.1	0.0	3.09043	0.0	0.03	0.0	0.02	0.0	0.0553072	0.000950495	1.86	0.0	5.0	0.0	1.38	0.0	0.0553072	0.000950495	1.37746e-05	0.00459294	0.298032	0.0108901	0.173641	0.0	0.0248856	0.0	-0.00136078	0.000466127	1.74699	0.0	0.942828	0.00677739	0.943126	0.0405715	0.801228	0.0225388	0.600307	0.0254479	0.0708957	3.87415e-09	0.0869737	0.00418402	0.337047	0.0178279	-38457.2	4.0	4.26443e-05	-408349.0	4.0	3.60135e-06	1.0	8281.7	162.514	1745.38	86.9685	0.174067	0.00815562	1124.51	2.34785	
1.6-2.4	3.0-6.5	30.0-40.0	0.000-1.571	0.016	0.152	13299.0	13139.0	3513.92	91.7926	9625.24	120.555	0.297153	0.0397353	-0.05	0.0	0.1	0.0	3.09043	0.0	0.03	0.0	0.02	0.0	0.0464998	0.00128209	1.86	0.0	5.0	0.0	1.38	0.0	0.0464998	0.00128209	1.3843e-05	0.00459291	0.355593	0.0207526	0.173641	0.0	0.0248856	0.0	0.0041403	0.000788536	1.74699	0.0	0.931663	0.0113799	0.847281	0.0780864	0.635638	0.215131	0.679014	0.0461626	0.139307	0.0360947	0.1566	0.0121008	0.0706221	4.19612e-09	-13396.9	4.0	3.99849e-06	-114331.0	4.0	3.29001e-06	1.0	2932.29	87.4536	581.629	44.8506	0.165521	0.012009	1116.79	3.9225	
1.6-2.4	3.0-6.5	40.0-100.0	0.000-1.571	0.016	0.168	10229.0	10224.0	4337.87	85.515	5886.07	94.1302	0.626879	0.051848	-0.05	0.0	0.1	0.0	3.09043	0.0	0.03	0.0	0.02	0.0	0.0464453	0.00084028	1.86	0.0	5.0	0.0	1.38	0.0	0.0464453	0.00084028	1.33924e-05	0.00459311	0.294685	0.0160276	0.173641	0.0	0.0248856	0.0	0.00800696	0.000813808	1.74699	0.0	0.88674	0.011882	0.93108	0.102254	0.746954	0.0711415	0.731065	0.0270513	0.0708815	2.4748e-06	0.260088	0.0174161	0.218782	0.0387969	-11637.2	4.0	1.97396e-05	-87909.4	4.0	1.18143e-06	1.0	3613.05	85.3738	724.827	49.1906	0.167093	0.0108508	1086.15	4.00807	
1.6-2.4	3.0-6.5	40.0-50.0	0.000-1.571	0.016	0.145	6104.0	6067.0	2117.49	62.1519	3949.52	75.4624	0.742404	0.0631528	-0.05	0.0	0.1	0.0	3.09043	0.0	0.03	0.0	0.02	0.0	0.0435954	0.00117504	1.86	0.0	5.0	0.0	1.38	0.0	0.0435954	0.00117504	1.39771e-05	0.00459285	0.284842	0.0223072	0.173641	0.0	0.0248856	0.0	0.0101256	0.00108852	1.74699	0.0	0.945443	0.0172007	0.999949	0.102012	0.856585	0.0663788	0.866876	0.0171014	0.0708375	1.56533e-06	0.33928	0.0330654	0.265388	0.0829487	-6551.21	4.0	2.5266e-06	-48629.7	4.0	1.32538e-07	1.0	1768.85	60.5874	348.638	32.8633	0.164647	0.0147483	1126.32	5.96564	
1.6-2.4	3.0-6.5	50.0-100.0	0.000-1.571	0.016	0.168	4124.0	4124.0	2249.44	58.4726	1874.59	55.1736	0.48341	0.0926406	-0.05	0.0	0.1	0.0	3.09043	0.0	0.03	0.0	0.02	0.0	0.0499014	0.0012084	1.86	0.0	5.0	0.0	1.38	0.0	0.0499014	0.0012084	1.33924e-05	0.00459311	0.268186	0.0174665	0.173641	0.0	0.0248856	0.0	0.00218763	0.00133299	1.74699	0.0	0.884317	0.0174716	0.999339	0.0918714	0.669667	0.0723811	0.7162	0.0256776	0.0704411	1.8524e-08	0.190425	0.019576	0.233947	0.0349919	-5221.22	4.0	7.39585	-32204.9	4.0	7.6958e-07	1.0	1727.18	61.5215	522.26	44.1981	0.232173	0.0186987	1084.52	5.88631	
1.6-2.4	4.5-5.5	0.0-100.0	0.000-1.571	0.016	0.192	40651.0	40587.0	8600.1	157.599	31987.9	219.584	-0.375632	0.0220557	-0.05	0.0	0.1	0.0	3.08915	0.000928556	0.03	0.0	0.01	0.0	0.0487483	0.000944535	1.86	0.0	5.0	0.0	1.38	0.0	0.0487483	0.000944535	2.24592e-05	0.000300031	0.315421	0.0115667	0.168306	0.155053	0.0139897	0.0158776	0.00930484	0.000445298	1.94031	0.379299	1.06263	0.00685449	0.963892	0.0992095	0.562676	0.0838183	0.841186	0.0104364	0.0720036	4.05533e-07	0.313622	0.0202716	0.25923	0.028856	-36408.4	4.0	1.17288e-05	-397217.0	5.0	4.42091e-05	1.0	6906.81	146.142	1693.3	79.3775	0.196892	0.00849537	1254.1	95.2953	
1.6-2.4	5.5-6.5	0.0-100.0	0.000-1.571	0.016	0.168	19040.0	19000.0	5821.18	114.488	13179.0	143.041	-0.448604	0.0346598	-0.05	0.0	0.1	0.0	3.09294	0.00104085	0.035	0.0	0.025	0.0	0.0507958	0.00102833	1.86	0.0	5.0	0.0	1.38	0.0	0.0507958	0.00102833	1.49587e-05	0.00459239	0.278016	0.011943	0.433557	0.413492	0.016385	0.017632	0.00832107	0.000751575	1.45242	0.194727	0.87215	0.0135209	0.501405	0.0705337	0.841011	0.0844567	0.672667	0.0440205	0.07051	0.0196121	0.303819	0.0177631	0.201396	0.0451676	-19064.5	4.0	6.93094e-07	-172693.0	5.0	3.09324e-06	1.0	4746.88	107.212	1074.3	56.7882	0.184551	0.00905507	1159.94	131.35	
1.6-2.4	6.5-30.0	0.0-10.0	0.000-1.571	0.008	0.184	6701.0	6701.0	2961.7	74.7413	3739.25	79.7718	-0.29684	0.0648304	-0.05	0.0	0.1	0.0	3.09069	0.0	0.055	0.0	0.01	0.0	0.0475806	0.00133341	1.492	0.0	5.0	0.0	1.733	0.0	0.0475806	0.00133341	6.70809e-05	0.00017923	0.300608	0.0161831	0.211707	0.0	0.00199102	0.0	0.00431792	0.000880287	1.6767	0.0	1.09352	0.019852	0.688987	0.0471824	0.899538	0.0817369	0.673902	0.0262715	0.102083	0.0230917	0.270555	0.018791	0.300051	0.107899	-7724.91	4.0	1.83477e-06	-54723.4	4.0	3.00001e-06	1.0	2362.87	69.152	598.832	38.141	0.202192	0.0118241	1240.08	6.8998	
1.6-2.4	6.5-30.0	0.0-100.0	0.000-1.571	0.008	0.152	16979.0	16956.0	9017.3	121.722	7938.52	117.202	-0.27805	0.0450871	-0.05	0.0	0.1	0.0	3.09069	0.000684219	0.055	0.0	0.01	0.0	0.0471715	0.000692981	1.492	0.0	5.0	0.0	1.733	0.0	0.0471715	0.000692981	2.77437e-05	0.00458652	0.260923	0.00734095	0.211707	0.175346	0.00199102	0.00574194	0.00355397	0.000487952	1.6767	0.235346	0.926479	0.0111516	0.724787	0.0629464	0.655644	0.117226	0.548143	0.0263125	0.07051	5.46886e-07	0.25308	0.0138593	0.0706812	5.44771e-07	-22809.5	4.0	2.65425e-06	-155981.0	5.0	1.52235e-05	1.0	6845.64	112.777	2171.65	70.9844	0.240832	0.0071694	1127.75	84.5438	
1.6-2.4	6.5-30.0	10.0-20.0	0.000-1.571	0.008	0.16	4268.0	4268.0	2171.28	61.4591	2096.67	60.8479	-0.196934	0.087022	-0.05	0.0	0.1	0.0	3.09069	0.0	0.055	0.0	0.01	0.0	0.0487797	0.00154438	1.492	0.0	5.0	0.0	1.733	0.0	0.0487797	0.00154438	2.91966e-05	0.00458585	0.221896	0.01279	0.211707	0.0	0.00199102	0.0	0.00138358	0.00102026	1.6767	0.0	0.967965	0.0215465	0.999973	0.163116	0.708989	0.0589295	0.641205	0.0354936	0.0706629	0.783675	0.137347	0.0153341	0.248642	0.0368471	-5804.34	4.0	4.19218e-07	-33217.4	4.0	1.52622e-05	1.0	1638.15	57.9311	533.133	37.8643	0.245538	0.0159938	1154.89	7.11791	
1.6-2.4	6.5-30.0	20.0-30.0	0.000-1.571	0.008	0.152	2685.0	2685.0	1566.73	48.0584	1118.25	43.1412	-0.429755	0.120064	-0.05	0.0	0.1	0.0	3.09069	0.0	0.055	0.0	0.01	0.0	0.0442689	0.00141598	1.492	0.0	5.0	0.0	1.733	0.0	0.0442689	0.00141598	2.77437e-05	0.00458652	0.288934	0.0172685	0.211707	0.0	0.00199102	0.0	0.00282583	0.00106042	1.6767	0.0	0.825122	0.0252827	0.873678	0.932486	0.617797	0.290423	0.587704	0.126918	0.070744	0.196247	0.0705799	0.853822	0.326029	0.116466	-4020.27	4.0	4.74173e-07	-19995.7	4.0	2.22523e-05	1.0	1144.43	43.4588	422.303	28.7079	0.269544	0.0163519	1063.89	7.7286	
1.6-2.4	6.5-30.0	30.0-40.0	0.000-1.571	0.008	0.12	1639.0	1637.0	1055.89	38.9373	581.044	32.2667	-0.269205	0.167624	-0.05	0.0	0.1	0.0	3.09069	0.0	0.055	0.0	0.01	0.0	0.0459169	0.00177569	1.492	0.0	5.0	0.0	1.733	0.0	0.0459169	0.00177569	7.90451e-05	0.000185159	0.218346	0.0154333	0.211707	0.0	0.00199102	0.0	0.000879335	0.00137614	1.6767	0.0	0.84105	0.0301606	1.0	0.235438	0.999999	0.272632	0.732786	0.0886889	0.0704561	7.86278e-05	0.268601	0.0830052	0.0791636	0.000171061	-2627.37	4.0	4.16974e-07	-11499.6	4.0	3.60186e-05	1.0	710.121	35.9801	345.766	27.7741	0.327465	0.0233684	1073.68	9.31203	
1.6-2.4	6.5-30.0	40.0-50.0	0.000-1.571	0.008	0.136	894.0	892.0	601.435	28.2641	290.565	22.091	-0.701927	0.239175	-0.05	0.0	0.1	0.0	3.09069	0.0	0.055	0.0	0.01	0.0	0.0432939	0.0020203	1.492	0.0	5.0	0.0	1.733	0.0	0.0432939	0.0020203	6.70209e-05	0.882424	0.24007	0.0244865	0.211707	0.0	0.00199102	0.0	0.000263776	0.00151842	1.6767	0.0	0.672865	0.0352692	0.789455	0.745712	0.907583	1.48941	0.395047	0.9984	0.0705955	1.48019e-08	0.248396	0.151455	0.0705679	10.91	-1510.23	4.0	5.10165e-05	-5786.64	4.0	4.48975e-07	1.0	447.866	26.4894	153.57	17.6293	0.255339	0.0267433	975.743	9.58619	
1.6-2.4	6.5-30.0	50.0-100.0	0.000-1.571	0.008	0.088	790.0	772.0	637.764	28.2705	134.194	17.1928	0.371416	0.382249	-0.05	0.0	0.1	0.0	3.09069	0.0	0.055	0.0	0.01	0.0	0.0517734	0.00219455	1.492	0.0	5.0	0.0	1.733	0.0	0.0517734	0.00219455	7.21792e-05	0.000182081	0.217666	0.0239013	0.211707	0.0	0.00199102	0.0	0.00402855	0.00194988	1.6767	0.0	0.826514	0.0422408	0.771753	255.349	0.999992	72919.7	0.259685	225.929	0.0705674	1.84556e-06	0.224068	77.5888	0.0705112	343537.0	-1523.74	4.0	4.03189e-05	-5039.97	4.0	8.70545e-05	1.0	496.516	27.5684	141.247	17.7428	0.221473	0.0260305	1064.74	12.9239	
2.0-2.4	6.5-30.0	0.0-100.0	0.000-1.571	0.008	0.152	4413.0	4411.0	2541.3	66.5271	1869.7	61.2704	-0.274132	0.0948236	-0.05	0.0	0.1	0.0	3.09214	0.00153584	0.04	0.0	0.04	0.0	0.0558548	0.00164029	1.492	0.0	5.0	0.0	1.733	0.0	0.0558548	0.00164029	7.87116e-05	0.000484264	0.230293	0.0119643	0.0616687	0.0610904	-0.00999983	0.0176875	0.00196591	0.000832485	2.1655	0.541626	0.920754	0.0177662	0.808525	0.0472997	0.999998	0.204484	0.630653	0.0336699	0.121368	0.0238695	0.196956	0.01431	0.15139	3.00552	-6191.56	4.0	4.77354e-06	-34651.1	5.0	2.32397e-06	1.0	1873.54	61.3711	667.764	40.8225	0.262764	0.0145163	1041.49	66.5854	
