weighted
rap	pT	cent	dPhi	ctauErrMin	ctauErrMax	NoCutEntry	CutEntry	NSig	NSigErr	NBkg	NBkgErr	coefExp	coefExpErr	coefPol1	coefPol1Err	coeffGaus	coeffGausErr	meanSig1	meanSig1Err	sigmaSig1	sigmaSig1Err	sigmaSig2	sigmaSig2Err	sigmaSig3	sigmaSig3Err	alpha	alphaErr	enne	enneErr	enneW	enneWErr	sigWidth	sigWidthErr	Gmc	GmcErr	bTau	bTauErr	fracRes	fracResErr	meanResSigW	meanResSigWErr	meanResSigN	meanResSigNErr	sigmaResSigW	sigmaResSigWErr	sigmaResSigN	sigmaResSigNErr	fpm	fpmErr	fLiving	fLivingErr	fbkgCtTot	fbkgCtTotErr	lambdam	lambdamErr	lambdap	lambdapErr	lambdasym	lambdasymErr	NLL	nFitPar	EDM	NLLMass	nFitParMass	EDMMass	Prob	PROMPT	PROMPTErr	NON-PROMPT	NON-PROMPTErr	Bfraction	BfractionErr	Resolution	ResolutionErr	
0.0-0.4	6.5-30.0	0.0-100.0	0.000-1.571	0.008	0.064	5827.0	5824.0	3816.43	208.622	2008.05	172.961	-0.176692	0.250044	-0.05	0.0	0.576348	0.230095	3.09291	0.0011684	0.0190666	0.00637658	0.0187708	0.0100274	0.03	0.0	1.492	0.0	5.0	0.0	1.733	0.0	0.0189418	0.00280231	1.86511e-05	9.62505e-05	0.446858	0.108586	0.650386	0.167133	-0.000266231	0.00113589	0.00212683	0.0018657	1.30969	0.063225	0.71124	0.0393547	0.666603	0.825368	0.573211	0.604419	0.254277	0.502338	0.0345614	0.116761	0.368614	0.21	0.0716954	0.0319736	-17376.6	4.0	15891.9	-283865.0	7.0	164169.0	1.0	2416.23	179.911	1400.2	144.156	0.366887	0.0320085	1136.86	50.5508	
0.0-1.2	6.5-30.0	0.0-10.0	0.000-1.571	0.008	0.088	8065.0	8062.0	4253.4	158.342	3808.63	154.516	0.0157732	0.137014	-0.05	0.0	0.530945	0.0	3.09238	0.0	0.0196391	0.0	0.0373915	0.00270514	0.03	0.0	1.492	0.0	5.0	0.0	1.733	0.0	0.0293356	0.00080865	1.48841e-05	2.84191e-05	0.330961	0.0655751	0.236177	0.0	5.83622e-05	0.0	0.00263902	0.00138381	1.60413	0.0	0.983429	0.0362304	0.649272	0.170374	1.0	0.00042728	0.593145	0.0814446	0.101084	0.0341943	0.22304	0.0447404	0.753511	139.602	-25580.0	4.0	9999.11	-303543.0	4.0	71.4068	1.0	2863.79	168.374	1389.61	140.214	0.326705	0.0306395	1160.37	11.7269	
0.0-1.2	6.5-30.0	0.0-100.0	0.000-1.571	0.008	0.105	22103.0	22098.0	13726.3	311.116	8371.84	273.739	0.0271569	0.140746	-0.05	0.0	0.530945	0.337876	3.09238	0.000671596	0.0196391	0.00352036	0.0363786	0.0125698	0.03	0.0	1.492	0.0	5.0	0.0	1.733	0.0	0.028732	0.00468396	1.87255e-05	2.6751e-05	0.402157	0.0510643	0.236177	0.079527	5.83622e-05	0.00144617	0.00104325	0.000664231	1.60413	0.0920545	0.895866	0.0191591	0.599134	0.235481	0.93073	0.0916402	0.468798	0.199034	0.0585727	0.0393027	0.227237	0.0454079	1.14048	5.31172	-25179.4	4.0	55376.8	-1100010.0	7.0	995735.0	1.0	9207.21	314.076	4519.07	256.095	0.329227	0.0171	1104.88	36.0483	
0.0-1.2	6.5-30.0	10.0-20.0	0.000-1.571	0.008	0.088	5434.0	5432.0	3317.64	151.78	2114.93	124.347	0.133706	0.242445	-0.05	0.0	0.530945	0.0	3.09238	0.0	0.0196391	0.0	0.0367479	0.00351698	0.03	0.0	1.492	0.0	5.0	0.0	1.733	0.0	0.0289516	0.00104694	1.48841e-05	2.84191e-05	0.489228	0.135366	0.236177	0.0	5.83622e-05	0.0	0.00127566	0.00142339	1.60413	0.0	0.915243	0.0396297	0.452147	5.58092	0.841194	1.22143	0.331804	6.23818	0.0362796	0.310023	0.291849	0.295335	0.582934	1.91906	-2883.7	4.0	15319.8	-271614.0	4.0	1306.26	1.0	2056.3	152.465	1261.34	133.137	0.380193	0.0361645	1116.95	12.4019	
0.0-1.2	6.5-30.0	20.0-30.0	0.000-1.571	0.008	0.105	3795.0	3792.0	2534.14	744.3	1258.21	587.979	0.456583	1.98995	-0.05	0.0	2.19965e-07	5.46274	3.09165	0.00644326	0.0170726	1.85092	0.0249247	0.00646401	0.03	0.0	1.492	0.0	5.0	0.0	1.733	0.0	0.0249247	0.0183555	1.87255e-05	2.6751e-05	0.542805	0.277281	0.236177	0.0	5.83622e-05	0.0	0.00127683	0.00156641	1.60413	0.0	0.86725	0.0436868	0.552605	0.00514509	1.0	77.4543	0.41961	0.00721011	0.0458457	0.000466302	0.213911	0.00258735	0.0290024	385.743	15461.8	4.0	20291.8	-203854.0	7.0	174.282	1.0	1698.64	515.294	835.496	277.196	0.329697	0.0508723	1087.3	13.3078	
0.0-1.2	6.5-30.0	30.0-40.0	0.000-1.571	0.008	0.064	2204.0	2202.0	1585.26	89.8928	616.818	57.9962	-0.431848	0.300499	-0.05	0.0	0.530945	0.0	3.09238	0.0	0.0196391	0.0	0.0384215	0.00229341	0.03	0.0	1.492	0.0	5.0	0.0	1.733	0.0	0.0299534	0.000689929	2.67574e-05	4.09709e-05	0.310627	0.0795718	0.236177	0.0	5.83622e-05	0.0	-0.000932988	0.00177158	1.60413	0.0	0.842685	0.048337	0.556763	0.0270165	0.999996	65.1688	0.419089	0.0315087	0.0675237	0.00516723	0.193295	0.0135084	0.0552559	211.871	-13938.8	4.0	2581.74	-72840.6	4.0	315.548	1.0	1118.37	93.1539	466.882	73.1896	0.294515	0.0430425	1072.45	14.5055	
0.0-1.2	6.5-30.0	40.0-50.0	0.000-1.571	0.016	0.048	1355.0	1337.0	1027.19	65.648	310.155	45.6734	-0.218509	0.576483	-0.05	0.0	0.530945	0.0	3.09238	0.0	0.0196391	0.0	0.0364003	0.00457268	0.03	0.0	1.492	0.0	5.0	0.0	1.733	0.0	0.0287449	0.00135803	1.07336e-05	8.63113e-05	0.313827	0.0735827	0.236177	0.0	5.83622e-05	0.0	-0.00273672	0.00220819	1.60413	0.0	0.897317	0.0710972	0.666988	34.429	1.0	0.0140966	0.214341	40.3587	0.00867409	0.774457	0.854384	11.033	1.71329	21.3662	-4639.58	4.0	868.535	-38134.5	4.0	276.87	1.0	688.575	63.1059	338.615	50.1405	0.329652	0.0440326	1105.78	22.0339	
0.0-1.2	6.5-30.0	50.0-100.0	0.000-1.571	0.008	0.056	1248.0	1246.0	1067.49	65.3505	178.871	41.9218	-1.02443	0.840953	-0.05	0.0	0.530945	0.0	3.09238	0.0	0.0196391	0.0	0.0325845	0.00279958	0.03	0.0	1.492	0.0	5.0	0.0	1.733	0.0	0.0265104	0.000807016	1.7457e-05	3.13754e-05	0.380963	0.120265	0.236177	0.0	5.83622e-05	0.0	0.00189872	0.00153918	1.60413	0.0	0.772938	0.0621415	0.505645	0.603147	0.999999	228.942	6.74728e-07	0.699738	0.0163157	0.0186572	0.22117	0.105217	0.0232103	1709.37	-6902.0	4.0	1333.09	-35593.3	4.0	1997.85	1.0	773.545	64.5389	293.94	47.3975	0.275358	0.0410766	1031.54	17.7829	
0.0-2.4	10.0-13.0	0.0-100.0	0.000-1.571	0.008	0.136	6782.0	6781.0	4908.68	304.256	1872.51	233.998	-0.745668	0.276739	-0.05	0.0	0.498819	0.389252	3.09185	0.00209015	0.0417941	0.00644537	0.0218574	0.00827801	0.03	0.0	1.492	0.0	5.0	0.0	1.733	0.0	0.0333279	0.00443215	1.21637e-05	1.85867	0.421746	0.0853733	0.294117	0.0867943	0.000270012	0.00176522	0.000231571	0.000904177	1.60695	0.0922641	0.793742	0.0253145	0.875544	0.506875	0.526888	0.408716	2.26021e-08	28.9547	0.086466	0.16694	0.301011	0.101504	0.0266723	0.0397666	-6647.27	4.0	16185.5	-208571.0	7.0	123812.0	1.0	3280.36	237.761	1628.31	159.294	0.331722	0.0251067	1097.37	43.894	
0.0-2.4	10.0-30.0	0.0-100.0	0.000-1.571	0.004	0.144	10458.0	10456.0	7634.48	278.554	2821.86	214.485	-0.76559	0.171335	-0.05	0.0	0.498678	0.222274	3.09289	0.00120617	0.0428563	0.00460275	0.0213618	0.00475746	0.03	0.0	1.492	0.0	5.0	0.0	1.733	0.0	0.0338329	0.00279643	1.70873e-05	5.44529e-05	0.389955	0.0527866	0.236071	0.0672041	0.00122446	0.0014114	0.000165653	0.00065407	1.62051	0.0854295	0.858664	0.0201264	0.903055	0.462318	0.733398	0.920448	0.273917	0.610902	0.0784961	0.135521	0.306637	0.0746775	0.0360022	0.0770798	-11396.6	4.0	20747.5	-304944.0	7.0	315689.0	1.0	4931.73	228.988	2702.74	172.573	0.354018	0.0185504	1087.74	33.3702	
0.0-2.4	11.0-13.0	0.0-100.0	0.000-1.571	0.008	0.105	3605.0	3604.0	2703.29	290.903	901.213	206.073	-0.924082	0.484192	-0.05	0.0	0.499735	0.584965	3.09162	0.00397653	0.043847	0.0125419	0.021201	0.0123869	0.03	0.0	1.492	0.0	5.0	0.0	1.733	0.0	0.034433	0.007662	1.31317e-05	0.000141526	0.50643	0.161996	0.127384	0.054916	-0.0011181	0.00400296	0.00177682	0.00131823	1.9166	0.182182	0.916007	0.0379019	0.819382	0.672795	0.58466	0.344187	5.3594e-06	15.5245	0.0754706	0.148761	0.310779	0.10507	0.0200024	1.09528	-2672.65	4.0	12838.1	-132632.0	7.0	53040.1	1.0	1681.04	208.039	1022.25	150.523	0.37815	0.0380066	1095.5	43.1855	
0.0-2.4	13.0-16.0	0.0-100.0	0.000-1.571	0.008	0.08	2233.0	2228.0	1699.24	159.791	529.354	126.638	-0.619287	0.432797	-0.05	0.0	0.623357	0.563914	3.09458	0.00276478	0.0446457	0.0169359	0.0166609	0.0155462	0.03	0.0	1.492	0.0	5.0	0.0	1.733	0.0	0.0367022	0.0092965	3.22941e-05	7.28178e-05	0.461235	0.126526	0.190435	0.151414	0.000860929	0.00325109	0.00245477	0.00142881	1.61744	0.225591	0.939803	0.0452034	0.949605	1.18741	0.701946	1.43308	0.129349	0.256726	0.047254	0.0478341	0.240741	0.12016	0.0383893	0.0494267	-3613.09	4.0	3382.48	-50507.3	7.0	758923.0	1.0	1108.75	120.87	590.488	82.5954	0.347502	0.0359836	1101.47	69.1753	
0.0-2.4	13.0-30.0	0.0-100.0	0.000-1.571	0.008	0.105	3675.0	3675.0	2730.29	158.013	945.023	128.516	-0.815823	0.275118	-0.05	0.0	0.498737	0.348742	3.09482	0.00165654	0.0449867	0.0119023	0.0203976	0.00635687	0.03	0.0	1.492	0.0	5.0	0.0	1.733	0.0	0.0348985	0.00562481	1.00009e-05	0.0022258	0.344041	0.0529563	0.132772	0.0920488	0.00351245	0.00313808	0.000183908	0.000916259	1.67468	0.204192	0.934737	0.0328192	0.883331	0.884742	0.907876	1.73811	0.351692	0.45981	0.0429332	0.0316788	0.316586	0.129726	0.0384942	0.0413717	-5445.87	4.0	4282.1	-76935.9	7.0	330789.0	1.0	1654.46	118.911	1075.83	94.0657	0.394034	0.0258254	1063.06	48.5751	
0.0-2.4	16.0-30.0	0.0-100.0	0.000-1.571	0.008	0.064	1441.0	1439.0	1036.01	50.8743	403.379	40.4264	-1.00238	0.335775	-0.05	0.0	0.291883	0.413983	3.0938	0.00192375	0.0206236	0.00750786	0.0355495	0.00985969	0.03	0.0	1.492	0.0	5.0	0.0	1.733	0.0	0.0319224	0.00479617	1.03669e-05	0.000212641	0.225361	0.0268153	0.0950778	0.106211	0.00728087	0.00535444	-0.00146263	0.00107304	1.70142	0.346312	0.879315	0.0433377	0.560492	7.63528	0.975708	0.415545	0.113417	12.9301	0.00737141	0.0287813	0.407851	0.131348	0.0557735	0.0799322	-2805.68	4.0	345.656	-20576.7	7.0	94.0761	1.0	556.065	42.136	479.948	39.8157	0.463264	0.0309754	987.378	66.0685	
0.0-2.4	6.5-30.0	0.0-10.0	0.000-1.571	0.008	0.184	19813.0	19813.0	9091.27	224.755	10723.7	248.988	-0.171816	0.0686952	-0.05	0.0	0.427945	0.0	3.09248	0.0	0.048236	0.0	0.0244535	0.00119525	0.03	0.0	1.492	0.0	5.0	0.0	1.733	0.0	0.0365756	0.000228568	1.10484e-05	0.188378	0.311945	0.0383409	0.197932	0.0	0.00209112	0.0	0.00231525	0.000836208	1.70729	0.0	0.949449	0.0206241	0.894877	0.390185	0.373523	0.34578	0.46904	0.347338	0.231332	0.518412	0.376834	0.184067	0.0658334	0.0630779	-23226.2	4.0	14222.2	-730990.0	4.0	3421.89	1.0	6488.57	239.016	2602.7	188.513	0.286286	0.0194903	1140.16	6.88751	
0.0-2.4	6.5-30.0	0.0-100.0	0.000-1.571	0.004	0.184	51593.0	51593.0	28702.8	602.683	22891.4	590.564	-0.205615	0.0548148	-0.05	0.0	0.427945	0.131932	3.09248	0.000518185	0.048236	0.00605539	0.0241115	0.00199685	0.03	0.0	1.492	0.0	5.0	0.0	1.733	0.0	0.0364455	0.00236187	1.10484e-05	0.188378	0.34223	0.0266986	0.197932	0.0374389	0.00209112	0.00129423	0.00265355	0.00045303	1.70729	0.0620358	0.939046	0.0114419	0.60114	0.481066	0.922936	0.219945	0.547454	0.329557	0.0581227	0.0826436	0.279284	0.140741	0.460206	2.0061	-56952.7	4.0	73120.7	-2118990.0	7.0	9775.65	1.0	20470.5	537.656	8232.35	366.339	0.286813	0.011253	1133.23	19.5439	
0.0-2.4	6.5-30.0	0.0-5.0	0.000-1.571	0.008	0.184	10776.0	10776.0	4927.82	166.277	5848.99	172.355	-0.0237885	0.0976647	-0.05	0.0	0.427945	0.0	3.09248	0.0	0.048236	0.0	0.0236653	0.00185176	0.03	0.0	1.492	0.0	5.0	0.0	1.733	0.0	0.0362778	0.000345511	1.10484e-05	0.188378	0.339037	0.0689995	0.197932	0.0	0.00209112	0.0	0.00452874	0.00123997	1.70729	0.0	1.04097	0.0295795	0.682082	0.920549	0.817017	1.09967	0.639295	0.474995	0.0639159	0.302179	0.216479	0.0988723	0.197936	0.502115	-24130.7	4.0	9450.89	-351160.0	4.0	128.415	1.0	3541.27	189.04	1386.55	153.775	0.281372	0.0297261	1202.53	10.2687	
0.0-2.4	6.5-30.0	10.0-15.0	0.000-1.571	0.008	0.152	6829.0	6827.0	3490.85	123.685	3336.04	123.651	-0.117214	0.130936	-0.05	0.0	0.427945	0.0	3.09248	0.0	0.048236	0.0	0.0234639	0.00129991	0.03	0.0	1.492	0.0	5.0	0.0	1.733	0.0	0.0362029	0.000240977	2.54256e-05	2.68579e-05	0.336674	0.0517577	0.197932	0.0	0.00209112	0.0	0.00477032	0.00132832	1.70729	0.0	0.932641	0.0299185	0.396917	0.0875292	0.844826	0.129326	0.34298	0.154685	0.0295018	0.0094417	0.168269	0.038871	0.196575	0.109361	-20119.4	4.0	2811.98	-186814.0	4.0	201.943	1.0	2443.34	127.189	1047.51	100.3	0.300073	0.0266928	1128.98	9.91172	
0.0-2.4	6.5-30.0	10.0-20.0	0.000-1.571	0.008	0.16	12552.0	12550.0	6747.11	192.152	5802.52	174.289	-0.128712	0.106058	-0.05	0.0	0.427945	0.0	3.09248	0.0	0.048236	0.0	0.023398	0.000528166	0.03	0.0	1.492	0.0	5.0	0.0	1.733	0.0	0.0361785	9.77025e-05	1.13588e-05	0.0219528	0.383955	0.0667018	0.197932	0.0	0.00209112	0.0	0.00297735	0.00101612	1.70729	0.0	0.951795	0.0241273	0.468273	14.9705	0.841863	3.63038	0.418241	14.2672	0.0347121	0.843513	0.201425	1.48165	0.440403	7.3581	-15356.0	4.0	18897.0	-458897.0	4.0	7267.9	1.0	4633.44	215.299	2113.68	180.457	0.313272	0.025214	1141.73	8.06622	
0.0-2.4	6.5-30.0	15.0-20.0	0.000-1.571	0.008	0.16	5723.0	5723.0	3253.08	896.436	2469.95	758.616	-0.143854	3.26486	-0.05	0.0	0.427945	0.0	3.09248	0.0	0.048236	0.0	0.0232795	0.00292	0.03	0.0	1.492	0.0	5.0	0.0	1.733	0.0	0.0361348	0.00053807	1.13588e-05	0.0219528	0.435	0.133364	0.197932	0.0	0.00209112	0.0	-0.000205281	0.00151966	1.70729	0.0	0.974884	0.037218	0.709435	1.03637	0.750768	0.522626	0.550978	0.546377	0.0530779	0.135404	0.261484	0.347288	0.585446	1.94322	939.824	4.0	15487.3	-236903.0	4.0	2342700000.0	1.0	2173.42	614.428	1079.66	327.619	0.331888	0.0421688	1157.25	12.5736	
0.0-2.4	6.5-30.0	20.0-25.0	0.000-1.571	0.008	0.145	4618.0	4618.0	2762.07	111.11	1856.32	90.5303	-0.253422	0.160007	-0.05	0.0	0.427945	0.0	3.09248	0.0	0.048236	0.0	0.0231428	0.00180805	0.03	0.0	1.492	0.0	5.0	0.0	1.733	0.0	0.0360845	0.000331676	1.27502e-05	0.000164255	0.357785	0.0724244	0.197932	0.0	0.00209112	0.0	0.00240244	0.00117048	1.70729	0.0	0.856784	0.0278588	0.472596	0.104853	0.956861	0.0858391	0.411749	0.187949	0.0418192	0.0132371	0.201468	0.0508303	0.68697	2.18338	-14855.0	4.0	3763.69	-130953.0	4.0	184.221	1.0	2006.64	116.124	755.431	88.8385	0.273502	0.0302235	1079.69	8.8658	
0.0-2.4	6.5-30.0	20.0-30.0	0.000-1.571	0.008	0.152	8529.0	8529.0	5205.63	159.213	3324.03	130.898	-0.106719	0.159893	-0.05	0.0	0.427945	0.0	3.09248	0.0	0.048236	0.0	0.0232949	0.00103529	0.03	0.0	1.492	0.0	5.0	0.0	1.733	0.0	0.0361405	0.000190871	2.54256e-05	2.68579e-05	0.432032	0.12186	0.197932	0.0	0.00209112	0.0	0.00250717	0.0010105	1.70729	0.0	0.869668	0.0255676	0.499372	1.21266	0.971369	0.176393	0.435185	1.36021	0.0402459	0.0879819	0.188602	0.0896595	0.568552	4.38829	5976.32	4.0	25743.3	-333745.0	4.0	1097.92	1.0	3719.48	200.564	1486.15	171.321	0.285489	0.0317312	1087.92	8.19651	
0.0-2.4	6.5-30.0	25.0-30.0	0.000-1.571	0.008	0.136	3911.0	3907.0	2441.98	114.825	1465.43	93.9627	0.0802727	0.306844	-0.05	0.0	0.427945	0.0	3.09248	0.0	0.048236	0.0	0.0234846	0.000764854	0.03	0.0	1.492	0.0	5.0	0.0	1.733	0.0	0.0362106	0.000141884	1.61666e-05	1.68756e-05	0.519077	0.301863	0.197932	0.0	0.00209112	0.0	0.0018155	0.0017861	1.70729	0.0	0.897776	0.047093	0.651352	3.79956	0.978951	1.91604	0.567756	2.67216	0.0453302	0.596012	0.175951	0.146697	0.137521	2.2457	16996.7	4.0	19357.5	-175220.0	4.0	14417.4	1.0	1704.26	166.127	737.723	149.598	0.302101	0.0595914	1106.08	15.3292	
0.0-2.4	6.5-30.0	30.0-35.0	0.000-1.571	0.008	0.128	2963.0	2960.0	1803.43	83.0744	1157.21	71.6369	-0.410933	0.205719	-0.05	0.0	0.427945	0.0	3.09248	0.0	0.048236	0.0	0.0247059	0.00194248	0.03	0.0	1.492	0.0	5.0	0.0	1.733	0.0	0.0366726	0.000374304	1.79639e-05	0.125254	0.327672	0.0857274	0.197932	0.0	0.00209112	0.0	0.00192931	0.00162265	1.70729	0.0	0.889684	0.042341	0.614938	1.444	0.79341	56.0357	0.382808	22.7965	0.0575719	0.179207	0.297964	0.614873	0.0200053	0.871446	-9242.62	4.0	1287.74	-70245.2	4.0	19.5751	1.0	1375.16	87.0425	428.269	62.8716	0.237475	0.0331015	1100.82	13.7234	
0.0-2.4	6.5-30.0	30.0-40.0	0.000-1.571	0.008	0.128	5108.0	5106.0	3299.84	119.309	1806.03	97.4264	-0.414052	0.170518	-0.05	0.0	0.427945	0.0	3.09248	0.0	0.048236	0.0	0.0238063	0.000923622	0.03	0.0	1.492	0.0	5.0	0.0	1.733	0.0	0.0363306	0.00017311	1.79639e-05	0.125254	0.258656	0.0433478	0.197932	0.0	0.00209112	0.0	0.00111312	0.00121357	1.70729	0.0	0.837165	0.0306025	0.767111	0.690252	0.602602	1.21985	0.387998	0.568555	0.0660822	0.0387878	0.41729	0.288102	0.0569588	0.0523363	-15382.8	4.0	3897.56	-149992.0	4.0	1714.34	1.0	2381.48	130.473	918.366	103.498	0.278306	0.0297065	1067.27	9.62663	
0.0-2.4	6.5-30.0	35.0-40.0	0.000-1.571	0.008	0.12	2145.0	2145.0	1492.93	382.329	652.352	292.237	-0.41562	3.07949	-0.05	0.0	0.427945	0.0	3.09248	0.0	0.048236	0.0	0.0227799	0.00155232	0.03	0.0	1.492	0.0	5.0	0.0	1.733	0.0	0.0359522	0.00028133	2.47093e-05	3.60563e-05	0.21505	0.048829	0.197932	0.0	0.00209112	0.0	0.000881709	0.00181173	1.70729	0.0	0.787051	0.043574	0.999995	58.1554	0.463575	0.200281	0.37963	0.0629848	0.0879311	145.299	0.618873	0.120156	0.0760981	0.00843456	-7218.56	4.0	2118.9	-67167.3	4.0	1118820000.0	1.0	1003.07	268.422	489.867	147.656	0.328124	0.0521612	1036.23	13.2725	
0.0-2.4	6.5-30.0	40.0-45.0	0.000-1.571	0.008	0.12	1614.0	1612.0	1152.02	62.705	460.617	48.2625	-0.375008	0.38454	-0.05	0.0	0.427945	0.0	3.09248	0.0	0.048236	0.0	0.023222	0.00246163	0.03	0.0	1.492	0.0	5.0	0.0	1.733	0.0	0.0361136	0.000452751	2.47093e-05	3.60563e-05	0.274749	0.0597194	0.197932	0.0	0.00209112	0.0	-0.00171946	0.00182247	1.70729	0.0	0.912178	0.0491162	0.925376	11.4728	0.999999	0.0407612	0.606495	5.80036	0.00100058	2.71526	0.918194	5.35218	1.19548	100.094	-4352.05	4.0	459.405	-34249.5	4.0	231.395	1.0	846.894	62.1004	305.13	44.8039	0.264864	0.0361207	1115.49	16.1072	
0.0-2.4	6.5-30.0	40.0-50.0	0.000-1.571	0.008	0.136	2910.0	2907.0	2118.7	87.2102	788.871	62.3462	-0.91115	0.273392	-0.05	0.0	0.427945	0.0	3.09248	0.0	0.048236	0.0	0.024997	0.00204089	0.03	0.0	1.492	0.0	5.0	0.0	1.733	0.0	0.0367852	0.000396682	1.61666e-05	1.68756e-05	0.2927	0.0461123	0.197932	0.0	0.00209112	0.0	-0.000539422	0.00135044	1.70729	0.0	0.816864	0.0384688	0.499969	21.6907	1.0	0.000795775	0.0741154	34.2355	0.0212073	0.258518	0.478354	0.456161	4.9846	1061.61	-8924.22	4.0	1058.76	-71144.7	4.0	178.985	1.0	1493.77	86.1621	624.937	65.6127	0.294962	0.0284891	1054.58	11.9498	
0.0-2.4	6.5-30.0	45.0-50.0	0.000-1.571	0.008	0.136	1296.0	1294.0	972.391	60.6872	322.543	38.627	-1.74178	0.44097	-0.05	0.0	0.427945	0.0	3.09248	0.0	0.048236	0.0	0.0277012	0.00351981	0.03	0.0	1.492	0.0	5.0	0.0	1.733	0.0	0.0378771	0.000736289	1.61666e-05	1.68756e-05	0.310285	0.0678344	0.197932	0.0	0.00209112	0.0	-0.0033617	0.00209099	1.70729	0.0	0.750291	0.0531649	0.820194	1.66763	0.635178	1.46871	3.11281e-05	90.4847	0.0267633	0.0653463	0.30628	0.115433	0.0249657	0.035477	-5033.03	4.0	597.655	-30727.7	4.0	38.9967	1.0	632.564	60.0724	339.827	49.9995	0.349476	0.046564	1014.13	15.7741	
0.0-2.4	6.5-30.0	5.0-10.0	0.000-1.571	0.008	0.112	9037.0	9002.0	4164.0	152.072	4838.49	179.537	-0.338916	0.105526	-0.05	0.0	0.427945	0.0	3.09248	0.0	0.048236	0.0	0.0252558	0.00151186	0.03	0.0	1.492	0.0	5.0	0.0	1.733	0.0	0.0368862	0.000296085	1.67157e-05	3.06522e-05	0.29266	0.0399073	0.197932	0.0	0.00209112	0.0	0.0010029	0.00116661	1.70729	0.0	0.906704	0.0295946	0.920787	0.406987	0.31925	0.3452	0.389129	0.432435	0.24479	0.657493	0.541721	0.496558	0.0685676	0.0560748	-3913.57	4.0	3077.14	-324776.0	4.0	8041.73	1.0	2957.63	148.54	1206.37	111.076	0.289714	0.0244873	1111.9	9.67814	
0.0-2.4	6.5-30.0	50.0-100.0	0.000-1.571	0.008	0.088	2678.0	2656.0	2201.06	87.0546	455.246	53.7396	-0.779112	0.372031	-0.05	0.0	0.427945	0.0	3.09248	0.0	0.048236	0.0	0.0249378	0.0016609	0.03	0.0	1.492	0.0	5.0	0.0	1.733	0.0	0.0367622	0.000322262	2.59256e-05	2.3357e-05	0.339155	0.0718629	0.197932	0.0	0.00209112	0.0	0.00326765	0.00119495	1.70729	0.0	0.844405	0.0427906	0.54178	4.10091	0.999997	252.889	2.48844e-05	16.9802	0.0135902	0.159556	0.244568	0.356623	0.0251712	1714.43	-11360.0	4.0	1869.05	-67090.7	4.0	1262.4	1.0	1649.86	91.0355	551.195	67.1164	0.250423	0.0288394	1071.83	13.5192	
0.0-2.4	6.5-30.0	50.0-55.0	0.000-1.571	0.008	0.08	941.0	932.0	768.196	48.3511	164.284	25.6696	-0.389227	0.471088	-0.05	0.0	0.427945	0.0	3.09248	0.0	0.048236	0.0	0.0257255	0.0026636	0.03	0.0	1.492	0.0	5.0	0.0	1.733	0.0	0.0370714	0.00052869	1.06333e-05	0.0003574	0.274539	0.0857935	0.197932	0.0	0.00209112	0.0	0.00256502	0.0026761	1.70729	0.0	0.901936	0.0744846	0.643252	0.995321	0.92999	8.80961	0.10222	0.822413	0.0353593	0.017399	0.210622	0.251313	0.0340475	0.0477482	-4716.94	4.0	293.109	-17595.3	4.0	37.0358	1.0	587.603	53.1995	180.592	39.8941	0.235086	0.0497797	1108.79	24.2982	
0.0-2.4	6.5-30.0	50.0-60.0	0.000-1.571	0.008	0.08	1504.0	1492.0	1243.03	59.3606	249.234	31.5292	-0.451865	0.384966	-0.05	0.0	0.427945	0.0	3.09248	0.0	0.048236	0.0	0.0263132	0.0019973	0.03	0.0	1.492	0.0	5.0	0.0	1.733	0.0	0.0373067	0.000402938	1.06333e-05	0.0003574	0.246444	0.0520522	0.197932	0.0	0.00209112	0.0	0.00350986	0.00191634	1.70729	0.0	0.860832	0.0515877	0.672818	16.0238	0.738955	14.9995	0.000987474	90.2031	0.0229038	0.118015	0.28927	0.248268	0.020009	9.7397	-7315.32	4.0	300.569	-28190.4	4.0	29.2477	1.0	942.613	62.9462	300.42	46.2793	0.241683	0.0353969	1082.27	16.4555	
0.0-2.4	6.5-30.0	55.0-60.0	0.000-1.571	0.008	0.073	563.0	557.0	473.9	34.3446	83.8681	18.2188	-0.59031	0.6772	-0.05	0.0	0.427945	0.0	3.09248	0.0	0.048236	0.0	0.0272223	0.00312375	0.03	0.0	1.492	0.0	5.0	0.0	1.733	0.0	0.037678	0.000645538	1.72071e-05	2.22879e-05	0.204106	0.0446551	0.197932	0.0	0.00209112	0.0	0.0046533	0.0025795	1.70729	0.0	0.804834	0.0696133	0.575201	22.8659	0.992305	49.3603	0.0232264	29.2215	0.00476819	0.714102	0.412613	1.05011	0.0200227	62.8571	-2649.14	4.0	12.381	-8170.69	4.0	12.8895	1.0	355.868	33.6413	118.032	23.2327	0.249066	0.0455804	1047.13	21.4575	
0.0-2.4	6.5-30.0	60.0-100.0	0.000-1.571	0.008	0.088	1173.0	1160.0	954.504	63.5879	205.88	43.2862	-1.1901	0.827893	-0.05	0.0	0.427945	0.0	3.09248	0.0	0.048236	0.0	0.0226889	0.00242641	0.03	0.0	1.492	0.0	5.0	0.0	1.733	0.0	0.0359192	0.000438388	2.59256e-05	2.3357e-05	0.442879	0.16666	0.197932	0.0	0.00209112	0.0	0.00298629	0.00154706	1.70729	0.0	0.787699	0.057125	0.552541	0.589181	1.0	566.344	5.81389e-06	0.0434885	0.0201411	0.0962868	0.210398	0.0829194	0.0219434	2275.16	-4672.62	4.0	1646.48	-32903.0	4.0	1280.68	1.0	691.237	63.482	263.267	47.0853	0.275816	0.0457798	1036.63	17.4078	
0.0-2.4	6.5-30.0	60.0-70.0	0.000-1.571	0.008	0.088	783.0	771.0	632.83	54.377	138.908	40.0512	-1.55863	1.3858	-0.05	0.0	0.427945	0.0	3.09248	0.0	0.048236	0.0	0.0195013	0.00201976	0.03	0.0	1.492	0.0	5.0	0.0	1.733	0.0	0.0348319	0.000323441	2.59256e-05	2.3357e-05	0.501602	0.286297	0.197932	0.0	0.00209112	0.0	0.00217055	0.00250016	1.70729	0.0	0.814813	0.0998706	0.414994	0.652869	0.999999	331.802	2.57463e-05	0.268326	0.0101154	0.0079985	0.240616	0.190182	0.0201502	2548.57	-3153.67	4.0	174636.0	-23111.0	4.0	1575.52	1.0	447.825	56.4047	185.005	44.1983	0.292346	0.0651683	1053.3	30.983	
0.0-2.4	6.5-30.0	70.0-100.0	0.000-1.571	0.016	0.073	390.0	386.0	320.836	33.5277	65.5288	16.7717	-0.478139	0.745518	-0.05	0.0	0.427945	0.0	3.09248	0.0	0.048236	0.0	0.0286239	0.00709471	0.03	0.0	1.492	0.0	5.0	0.0	1.733	0.0	0.0382676	0.00151789	1.00217e-05	0.000162887	0.318224	0.169087	0.197932	0.0	0.00209112	0.0	0.00329581	0.00377359	1.70729	0.0	0.81882	0.0915791	0.799217	1.18978	1.0	2.28342	1.29794e-07	25.8107	0.0452542	0.308285	0.161123	0.367385	0.0656403	55.404	-1794.0	4.0	283.31	-7249.62	4.0	66.9573	1.0	240.102	35.2639	80.7344	26.1758	0.251637	0.077232	1055.79	28.4831	
0.0-2.4	6.5-7.5	0.0-100.0	0.000-1.571	0.016	0.16	20324.0	20320.0	8491.94	348.646	11828.0	385.361	-0.0274578	0.0814675	-0.05	0.0	0.372483	0.240698	3.09127	0.00120643	0.0531416	0.0123772	0.027044	0.00371999	0.03	0.0	1.492	0.0	5.0	0.0	1.733	0.0	0.0388697	0.00459206	3.66049e-05	0.000137318	0.230831	0.0266924	0.380238	0.138046	0.00427683	0.00352717	0.00327508	0.00117102	1.5828	0.116516	0.90369	0.0227321	0.54843	0.365692	0.879525	0.509569	0.675005	0.345039	0.0762941	0.103042	0.262272	0.531758	0.589388	5.21586	-60556.7	4.0	6433.43	-897402.0	7.0	1776.43	1.0	6502.09	324.647	1989.85	202.009	0.234322	0.0217562	1207.78	56.5566	
0.0-2.4	6.5-8.0	0.0-100.0	0.000-1.571	0.016	0.16	27120.0	27114.0	12174.9	432.954	14939.6	456.974	-0.0840535	0.0794453	-0.05	0.0	0.393959	0.214123	3.0917	0.00107405	0.0507794	0.00738094	0.0266875	0.00378503	0.03	0.0	1.492	0.0	5.0	0.0	1.733	0.0	0.0380457	0.00336279	2.57968e-05	9.0559e-05	0.292336	0.0353351	0.307488	0.0880482	0.00439684	0.00310131	0.00338684	0.000888805	1.63221	0.0944826	0.914261	0.0183711	0.537834	0.34065	0.888617	0.460133	0.626237	0.345077	0.0682705	0.0957548	0.241748	0.358451	0.490282	3.35094	-68520.8	4.0	17929.3	-1171220.0	7.0	4145.42	1.0	9237.88	398.621	2937.0	248.773	0.241235	0.0185453	1182.39	39.8086	
0.0-2.4	6.5-8.5	0.0-100.0	0.000-1.571	0.016	0.16	32257.0	32236.0	15253.0	656.331	16984.0	667.596	-0.116008	0.0719155	-0.05	0.0	0.398625	0.268458	3.0915	0.000884823	0.0511883	0.0148618	0.0258124	0.00380649	0.03	0.0	1.492	0.0	5.0	0.0	1.733	0.0	0.0380155	0.00533034	2.24999e-05	6.2246e-05	0.311654	0.0402674	0.244453	0.0703637	0.00606182	0.00301279	0.00360077	0.00076858	1.69089	0.0957886	0.94811	0.0164379	0.524078	0.291438	0.884959	0.451438	0.611705	0.251696	0.0618343	0.0774678	0.285359	0.2464	0.387381	1.63477	-35338.8	4.0	65224.8	-1442690.0	7.0	461930.0	1.0	11608.7	572.088	3644.33	319.935	0.238925	0.0182829	1173.92	34.239	
0.0-2.4	7.5-8.5	0.0-100.0	0.000-1.571	0.008	0.184	11933.0	11933.0	6769.05	403.942	5164.38	387.554	-0.328452	0.133313	-0.05	0.0	0.437766	0.40985	3.0917	0.00122357	0.048853	0.0188428	0.024184	0.00642519	0.03	0.0	1.492	0.0	5.0	0.0	1.733	0.0	0.0370622	0.00746698	3.64523e-05	0.000133371	0.419201	0.117889	0.180395	0.0713788	0.00786448	0.00437943	0.00371067	0.00110252	1.76532	0.139846	0.934256	0.0265968	0.505071	0.813245	0.90594	0.226124	0.459346	0.773763	0.0461199	0.0722441	0.280978	0.134155	0.33748	0.796183	13412.2	4.0	38704.7	-453568.0	7.0	1128650.0	1.0	5040.25	363.864	1728.81	229.292	0.255399	0.0302512	1130.29	41.5192	
0.0-2.4	8.0-10.0	0.0-100.0	0.000-1.571	0.008	0.184	14015.0	14015.0	8930.11	463.745	5085.16	441.567	-0.253036	0.134315	-0.05	0.0	0.410889	0.316779	3.09315	0.000897732	0.0504175	0.0193529	0.0230915	0.0048654	0.03	0.0	1.492	0.0	5.0	0.0	1.733	0.0	0.0368588	0.00700077	2.86287e-05	7.39866e-05	0.348107	0.0504794	0.101319	0.038551	0.00371713	0.00401088	0.00275426	0.000773899	1.94164	0.153292	0.979224	0.0193895	0.601282	1.56459	0.953607	0.151314	0.48639	1.27792	0.0437137	0.112458	0.33884	0.183975	0.64924	4.71814	12249.7	4.0	51083.7	-454325.0	7.0	673801.0	1.0	6356.37	375.164	2573.74	222.828	0.288209	0.0199654	1115.21	28.8358	
0.0-2.4	8.5-9.5	0.0-100.0	0.000-1.571	0.008	0.12	6513.0	6503.0	4171.15	133.716	2331.88	110.209	-0.182161	0.150329	-0.05	0.0	0.500617	0.106371	3.09464	0.000996476	0.0430438	0.00149749	0.0226994	0.00309324	0.03	0.0	1.492	0.0	5.0	0.0	1.733	0.0	0.0344215	0.00124372	3.2051e-05	0.000103207	0.306739	0.0360468	0.0787498	0.0409311	0.00669735	0.00605873	0.00114559	0.000961901	2.08685	0.243496	0.965968	0.0251346	0.674101	1.3266	0.858216	3.23184	0.440643	1.05295	0.0497379	0.0755226	0.264666	0.147438	0.0440121	0.145061	-16145.3	4.0	2658.67	-145518.0	7.0	1835.31	1.0	2848.32	127.333	1322.83	98.3586	0.317138	0.0212765	1096.62	38.1632	
0.0-2.4	9.5-11.0	0.0-100.0	0.000-1.571	0.008	0.136	5541.0	5538.0	3865.23	146.209	1673.14	127.363	-0.360778	0.179124	-0.05	0.0	0.381777	0.213533	3.09265	0.000992434	0.0485762	0.0106954	0.0235748	0.00369726	0.03	0.0	1.492	0.0	5.0	0.0	1.733	0.0	0.0352767	0.0039923	5.20639e-05	9.66049e-05	0.339992	0.0530313	0.492672	0.116015	-0.000315795	0.00154696	0.00103519	0.0011026	1.43747	0.0670787	0.670783	0.0307346	0.958073	0.0770018	0.471595	0.755059	0.177595	1.26983	0.332956	0.607901	0.391065	0.130902	0.0388597	0.0652563	-7220.66	4.0	4842.69	-123987.0	7.0	300.211	1.0	2741.3	132.016	1123.93	92.1037	0.29078	0.0211382	1116.37	47.3087	
0.4-0.8	6.5-30.0	0.0-100.0	0.000-1.571	0.008	0.073	6725.0	6725.0	4412.5	213.653	2312.97	178.555	0.194452	0.387877	-0.05	0.0	0.553414	0.542066	3.09296	0.00125699	0.0182618	0.00599477	0.0393985	0.0273354	0.03	0.0	1.492	0.0	5.0	0.0	1.733	0.0	0.0296272	0.00989979	1.74651e-05	0.000239484	0.465001	0.126174	0.117942	0.0622417	-0.00405725	0.00414574	-0.000688359	0.00121312	1.86917	0.210931	0.960557	0.0350869	0.737253	0.279379	0.860312	0.350192	0.47954	0.225573	0.0680635	0.133078	0.212265	0.0395887	1.52346	14.3699	12401.1	4.0	32320.7	-415933.0	7.0	2791840.0	1.0	2823.16	201.836	1589.34	167.253	0.36019	0.0336537	1107.21	43.8958	
0.8-1.2	6.5-30.0	0.0-100.0	0.000-1.571	0.008	0.105	9549.0	9545.0	5432.38	148.022	4112.65	137.02	0.00591311	0.115163	-0.05	0.0	0.447061	0.0965285	3.09227	0.00137101	0.0328041	0.0235262	0.0307498	0.0214496	0.03	0.0	1.492	0.0	5.0	0.0	1.733	0.0	0.0316846	0.00792313	1.45333e-05	7.48505e-05	0.305623	0.036534	0.403107	0.16806	0.0021768	0.00196872	0.00203971	0.00103339	1.46305	0.101114	0.792733	0.0294124	0.515845	0.207727	0.927272	0.227445	0.515117	0.296751	0.0531437	0.0370826	0.217763	0.169667	0.41295	1.91224	-34051.1	4.0	3261.94	-275136.0	7.0	1049.58	1.0	3903.2	148.088	1529.18	111.152	0.281493	0.0189691	1112.64	63.3847	
1.2-1.6	6.5-30.0	0.0-10.0	0.000-1.571	0.008	0.136	5063.0	5058.0	2079.06	113.601	2979.3	146.87	-0.126055	0.0926567	-0.05	0.0	0.585094	0.0	3.09131	0.0	0.0435912	0.0	0.0312634	0.00328641	0.03	0.0	1.492	0.0	5.0	0.0	1.733	0.0	0.0389528	0.00054719	1.03021e-05	0.137313	0.30216	0.0571964	0.0999774	0.0	0.00921681	0.0	0.00511049	0.00142837	2.02628	0.0	0.876256	0.0360811	0.440122	3.1763	0.489749	1.39443	0.23617	3.22187	0.0179368	0.245918	0.669627	1.11775	0.0803893	0.0688001	10819.5	4.0	1729.97	-172399.0	4.0	22709.9	1.0	1462.43	107.294	616.626	79.1319	0.296589	0.034439	1049.55	13.556	
1.2-1.6	6.5-30.0	0.0-100.0	0.000-1.571	0.008	0.136	12516.0	12502.0	6452.93	257.907	6049.16	281.234	-0.22714	0.0825498	-0.05	0.0	0.585094	0.190965	3.09131	0.00133546	0.0435912	0.00607253	0.030892	0.00252214	0.03	0.0	1.492	0.0	5.0	0.0	1.733	0.0	0.0388296	0.00234588	1.03021e-05	0.137313	0.286479	0.0299355	0.0999774	0.0369937	0.00921681	0.0152857	0.00378058	0.000805107	2.02628	0.173102	0.944966	0.0198778	0.514828	201.757	0.573115	99.8001	0.340172	147.527	0.0228173	5.99503	0.490536	7.30317	0.082839	2.00237	-1999.3	4.0	4122.02	-373943.0	7.0	125206.0	1.0	4716.57	220.876	1736.36	134.412	0.269081	0.0178386	1101.9	32.237	
1.2-1.6	6.5-30.0	10.0-20.0	0.000-1.571	0.008	0.128	2826.0	2819.0	1445.16	69.3409	1373.94	68.8383	-0.222052	0.161119	-0.05	0.0	0.585094	0.0	3.09131	0.0	0.0435912	0.0	0.0369258	0.00484205	0.03	0.0	1.492	0.0	5.0	0.0	1.733	0.0	0.0409576	0.000905619	1.05393e-05	0.000462059	0.222476	0.0324068	0.0999774	0.0	0.00921681	0.0	0.00289152	0.00167647	2.02628	0.0	1.03761	0.0411422	0.59493	0.00179824	1.0	28.982	0.636785	0.0012185	0.0995154	0.000418021	0.216965	0.0011944	0.0830597	117.653	-8018.32	4.0	207.603	-49909.1	4.0	23.0624	1.0	1005.39	70.192	439.764	55.1817	0.304302	0.035282	1174.51	16.3564	
1.2-1.6	6.5-30.0	20.0-30.0	0.000-1.571	0.008	0.105	2055.0	2050.0	1204.51	63.6969	845.924	52.8297	-0.0907829	0.206682	-0.05	0.0	0.585094	0.0	3.09131	0.0	0.0435912	0.0	0.0264332	0.00385431	0.03	0.0	1.492	0.0	5.0	0.0	1.733	0.0	0.0374392	0.000564535	2.15115e-05	5.46744e-05	0.333591	0.0990118	0.0999774	0.0	0.00921681	0.0	0.00061539	0.00169762	2.02628	0.0	0.953483	0.0399933	0.464884	1.04794	0.815598	4.11803	0.334829	0.856927	0.027714	0.0145724	0.153367	0.0892923	0.0274062	0.0233878	-6455.69	4.0	975.682	-39545.6	4.0	97.2922	1.0	896.964	69.5477	307.541	53.3989	0.255326	0.0422265	1108.48	15.4809	
1.2-1.6	6.5-30.0	30.0-40.0	0.000-1.571	0.008	0.12	1267.0	1257.0	707.843	54.1444	549.656	61.0496	-0.308721	0.319516	-0.05	0.0	0.585094	0.0	3.09131	0.0	0.0435912	0.0	0.0285548	0.00499356	0.03	0.0	1.492	0.0	5.0	0.0	1.733	0.0	0.0380801	0.000776803	1.02701e-05	1.42054	0.240913	0.0842876	0.0999774	0.0	0.00921681	0.0	0.00531085	0.00233301	2.02628	0.0	0.896118	0.0571888	0.914296	1.52731	0.604311	1.50105	0.252513	0.377496	0.0992527	0.0869846	0.660153	1.03253	0.0585346	0.186884	303.456	4.0	256.905	-29260.8	4.0	1458.48	1.0	572.991	55.5408	134.852	35.6395	0.190511	0.0481945	1064.53	21.6641	
1.2-1.6	6.5-30.0	40.0-50.0	0.000-1.571	0.016	0.064	662.0	648.0	478.531	37.2275	170.159	26.6232	-2.04057	0.692347	-0.05	0.0	0.585094	0.0	3.09131	0.0	0.0435912	0.0	0.0311377	0.00938424	0.03	0.0	1.492	0.0	5.0	0.0	1.733	0.0	0.038911	0.00155787	1.70248e-05	0.000290648	0.297946	0.0932368	0.0999774	0.0	0.00921681	0.0	-0.0033358	0.00288139	2.02628	0.0	0.992036	0.0839402	0.591833	5.81939	0.951735	0.628391	3.30845e-05	641.459	0.00623496	0.0752301	0.317111	0.375868	0.104058	0.481196	-2001.2	4.0	119.348	-10204.7	4.0	32.0343	1.0	353.759	38.1099	124.772	28.0926	0.260741	0.0550902	1138.52	32.9139	
1.2-1.6	6.5-30.0	50.0-100.0	0.000-1.571	0.016	0.073	640.0	634.0	520.589	40.5488	114.019	21.0534	-1.24295	0.613222	-0.05	0.0	0.585094	0.0	3.09131	0.0	0.0435912	0.0	0.029024	0.00594943	0.03	0.0	1.492	0.0	5.0	0.0	1.733	0.0	0.038227	0.000937091	1.14193e-05	0.000494472	0.370714	0.160832	0.0999774	0.0	0.00921681	0.0	0.00554365	0.00297907	2.02628	0.0	0.95951	0.0758221	0.857721	13.9619	0.620747	12.7208	2.80916e-06	53.1617	0.0220993	0.193471	0.314822	0.17013	0.0200178	8.39037	-2202.03	4.0	470.018	-11986.9	4.0	17.6854	1.0	390.521	43.1308	130.067	32.2128	0.249847	0.0587377	1113.15	29.4114	
1.6-2.0	6.5-30.0	0.0-100.0	0.000-1.571	0.008	0.16	12603.0	12586.0	6266.25	259.927	6320.44	264.684	-0.422446	0.0905823	-0.05	0.0	0.555982	0.22095	3.09086	0.00142129	0.0540235	0.00787515	0.0341878	0.00214909	0.03	0.0	1.492	0.0	5.0	0.0	1.733	0.0	0.0462777	0.00331924	1.05212e-05	1.333	0.274759	0.0275413	0.352951	0.0860114	0.000933856	0.00217292	0.00444644	0.0010701	1.59661	0.0857668	0.926781	0.0236907	0.72179	0.228046	0.841129	0.322962	0.657286	0.115061	0.0653607	0.0574887	0.237862	0.0558326	0.332917	0.47289	-33238.6	4.0	1345.12	-306836.0	7.0	265.295	1.0	4832.13	227.924	1434.12	123.742	0.228864	0.0173158	1206.44	36.6533	
1.6-2.4	3.0-30.0	0.0-100.0	0.000-1.571	0.008	0.264	214330.0	214320.0	40215.3	6627.94	174105.0	8481.63	0.000357824	0.115938	-0.05	0.0	0.944882	0.243822	3.08974	0.00464009	0.0525322	0.0153568	0.0162739	0.0204757	0.03	0.0	1.89	0.0	5.0	0.0	1.44	0.0	0.0512067	0.00801558	2.36546e-05	4.62758e-05	0.293705	0.0261877	0.355594	0.0730674	0.00274748	0.0018247	0.00879979	0.00081413	1.59365	0.0691909	0.908707	0.00901325	1.0	57189800.0	0.736156	262153.0	0.775841	342730.0	0.00128121	109077000.0	0.157926	277654.0	0.686021	189344.0	-755758.0	4.0	17502.3	-18525600.0	7.0	4558860.0	1.0	33180.9	5500.77	7034.36	1302.67	0.174917	0.0147715	1198.01	30.9136	
1.6-2.4	3.0-4.5	0.0-100.0	0.000-1.571	0.016	0.264	137908.0	137901.0	18555.0	831.805	119346.0	1296.57	0.203923	0.0356259	-0.05	0.0	0.931725	0.0701626	3.08862	0.00231243	0.0560967	0.00403783	0.0137636	0.00873504	0.03	0.0	1.86	0.0	5.0	0.0	1.38	0.0	0.0542671	0.00216807	4.04496e-05	0.00458068	0.299385	0.0607297	0.108394	0.133316	-0.0499874	0.0991692	0.00921028	0.000822923	1.95905	0.562453	1.00082	0.0102289	0.99991	219894.0	0.823829	208.237	0.713842	1384.64	0.00100033	3487860.0	0.124546	648.316	1.11266	1502.04	-586707.0	4.0	12478.0	-14273500.0	7.0	2279.37	1.0	15897.7	914.349	2657.32	585.075	0.143213	0.0308713	1144.14	97.8071	
1.6-2.4	3.0-5.5	0.0-100.0	0.000-1.571	0.016	0.264	178223.0	178213.0	28123.2	924.753	150090.0	1389.86	0.0978275	0.0302192	-0.05	0.0	0.039882	0.0391104	3.08897	0.0016418	0.0131994	0.00533676	0.0534511	0.00278654	0.03	0.0	1.86	0.0	5.0	0.0	1.38	0.0	0.0524407	0.00145259	7.85643e-05	0.00045627	0.311597	0.0450684	0.03134	0.030385	-0.0499983	0.0727918	0.0108251	0.000633734	2.42154	0.631738	1.07866	0.00841009	0.786981	38.984	0.81211	7.5629	0.725306	12.6584	0.0583052	6.33269	0.149926	1.72977	0.877375	20.2611	-688484.0	4.0	20551.2	-16827800.0	7.0	4424.91	1.0	23744.6	997.812	4378.63	637.77	0.155694	0.0220923	1144.91	37.7581	
1.6-2.4	3.0-6.5	0.0-10.0	0.000-1.571	0.016	0.264	93946.0	93935.0	11542.9	640.243	82393.1	1029.74	0.0530556	0.0413428	-0.05	0.0	0.0353725	0.0	3.08961	0.0	0.0138601	0.0	0.0522315	0.00269065	0.03	0.0	1.86	0.0	5.0	0.0	1.38	0.0	0.0513656	0.00131962	1.10324e-05	0.0465138	0.24796	0.0704054	0.306432	0.0	-0.0061124	0.0	0.0158768	0.00116753	1.65457	0.0	0.983034	0.0154924	0.999999	3.44243	0.726959	0.00183891	0.823011	0.00224888	0.0010071	184.895	0.294005	0.00330133	0.779342	0.00699981	-191238.0	4.0	6378650.0	-8765390.0	4.0	2037.0	1.0	9633.43	780.559	1909.47	578.774	0.165424	0.0492944	1228.46	4.29916	
1.6-2.4	3.0-6.5	0.0-100.0	0.000-1.571	0.016	0.264	197356.0	197346.0	33927.0	936.375	163419.0	1406.19	0.0530964	0.0283113	-0.05	0.0	0.0353725	0.0379054	3.08961	0.00136816	0.0138601	0.00575332	0.0529749	0.00237429	0.03	0.0	1.86	0.0	5.0	0.0	1.38	0.0	0.0520948	0.00125815	1.10324e-05	0.0465138	0.307116	0.0378028	0.306432	0.206303	-0.0061124	0.00979476	0.0113027	0.000676358	1.65457	0.203248	0.929317	0.00914373	1.0	2453.05	0.763281	0.3343	0.775411	1.15442	0.00115277	1019040.0	0.152579	0.979336	0.814636	0.150811	-718303.0	4.0	24210.3	-17847000.0	7.0	6771.89	1.0	28443.6	1020.99	5483.47	670.105	0.161625	0.019241	1199.11	91.3731	
1.6-2.4	3.0-6.5	0.0-20.0	0.000-1.571	0.016	0.264	154531.0	154520.0	21782.9	852.936	132736.0	1317.16	0.0583054	0.0323886	-0.05	0.0	0.0353725	0.0	3.08961	0.0	0.0138601	0.0	0.0532317	0.00205388	0.03	0.0	1.86	0.0	5.0	0.0	1.38	0.0	0.0523467	0.00100736	1.10324e-05	0.0465138	0.280168	0.0522391	0.306432	0.0	-0.0061124	0.0	0.0141785	0.000821449	1.65457	0.0	0.955073	0.010943	1.0	1606.62	0.745925	0.394383	0.806359	0.92665	0.00340424	271893.0	0.191647	1.10447	0.918832	0.280594	-562216.0	4.0	28616.2	-14886400.0	4.0	3052.66	1.0	18551.6	955.172	3231.35	633.003	0.148343	0.0284732	1213.07	2.98776	
1.6-2.4	3.0-6.5	10.0-20.0	0.000-1.571	0.016	0.209	60585.0	60517.0	10317.4	579.596	50199.2	829.081	0.0727176	0.0522685	-0.05	0.0	0.0353725	0.0	3.08961	0.0	0.0138601	0.0	0.0550087	0.00345151	0.03	0.0	1.86	0.0	5.0	0.0	1.38	0.0	0.0540899	0.00169299	2.44459e-05	0.000226863	0.262157	0.0529206	0.306432	0.0	-0.0061124	0.0	0.0131631	0.0012552	1.65457	0.0	0.916604	0.0169122	0.667243	24.0734	0.868079	4.81934	0.691374	10.7917	0.0126928	0.553771	0.126472	0.0586671	0.665089	1.07719	-391884.0	4.0	2485.88	-5213190.0	4.0	1065.18	1.0	8857.72	595.819	1459.69	337.821	0.141478	0.0317636	1192.31	4.50872	
1.6-2.4	3.0-6.5	20.0-30.0	0.000-1.571	0.016	0.192	23623.0	23618.0	5135.07	302.327	18483.0	410.706	-0.0133134	0.0694898	-0.05	0.0	0.0353725	0.0	3.08961	0.0	0.0138601	0.0	0.0554599	0.00343144	0.03	0.0	1.86	0.0	5.0	0.0	1.38	0.0	0.0545325	0.00168318	3.37661e-05	0.00022371	0.286863	0.055952	0.306432	0.0	-0.0061124	0.0	0.00490328	0.00161334	1.65457	0.0	0.882691	0.02218	0.483376	79.3702	0.897533	22.7235	0.410867	65.8855	0.00465698	9.93093	0.0976051	0.0388684	0.503374	2.83183	-95398.9	4.0	1181.68	-1226290.0	4.0	146.359	1.0	4117.37	313.404	1017.7	207.484	0.198186	0.0386838	1174.43	5.781	
1.6-2.4	3.0-6.5	20.0-40.0	0.000-1.571	0.016	0.192	35161.0	35148.0	8439.21	352.794	26709.3	479.591	0.021059	0.0581227	-0.05	0.0	0.0353725	0.0	3.08961	0.0	0.0138601	0.0	0.0528012	0.00218533	0.03	0.0	1.86	0.0	5.0	0.0	1.38	0.0	0.0519244	0.00107181	3.37661e-05	0.00022371	0.313233	0.0539721	0.306432	0.0	-0.0061124	0.0	0.00413277	0.0013091	1.65457	0.0	0.881992	0.017978	0.831632	15.2686	0.844948	0.0335427	0.64357	3.11584	0.00100071	9.91677	0.103524	0.370181	0.439456	2.31035	-140777.0	4.0	2294.89	-1912470.0	4.0	232.057	1.0	6860.56	383.874	1578.65	263.554	0.187061	0.0302348	1174.06	4.68355	
1.6-2.4	3.0-6.5	30.0-40.0	0.000-1.571	0.016	0.152	11538.0	11422.0	3263.81	202.973	8158.68	261.822	0.12775	0.106104	-0.05	0.0	0.0353725	0.0	3.08961	0.0	0.0138601	0.0	0.0475071	0.00301154	0.03	0.0	1.86	0.0	5.0	0.0	1.38	0.0	0.0467321	0.0014766	2.09228e-05	0.00043611	0.376718	0.126832	0.306432	0.0	-0.0061124	0.0	0.00677964	0.00220663	1.65457	0.0	0.882321	0.0309177	0.99697	700092.0	0.791184	18326.7	0.742189	54491.0	0.00100025	1384980.0	0.143826	10786.4	0.162589	23500.1	-57532.1	4.0	1069.19	-539931.0	4.0	159.578	1.0	2725.65	228.357	538.161	156.636	0.164887	0.0468835	1174.23	8.05634	
1.6-2.4	3.0-6.5	40.0-100.0	0.000-1.571	0.016	0.168	7663.0	7659.0	3715.28	164.101	3943.8	168.801	0.114352	0.139206	-0.05	0.0	0.0353725	0.0	3.08961	0.0	0.0138601	0.0	0.0514451	0.00220923	0.03	0.0	1.86	0.0	5.0	0.0	1.38	0.0	0.0505942	0.00108346	3.29575e-05	0.000302831	0.320549	0.0720985	0.306432	0.0	-0.0061124	0.0	0.00745725	0.00216437	1.65457	0.0	0.814826	0.0311981	0.999077	263.436	0.775807	2.91322	0.761807	3.44347	0.00112911	266.363	0.226702	1.91265	0.282646	2.11326	-30734.7	4.0	1366.82	-276527.0	4.0	108.103	1.0	3019.74	185.019	695.536	131.855	0.18721	0.0345132	1139.9	7.73364	
1.6-2.4	3.0-6.5	40.0-50.0	0.000-1.571	0.016	0.145	4449.0	4417.0	1859.59	119.194	2557.39	133.178	0.118432	0.172679	-0.05	0.0	0.0353725	0.0	3.08961	0.0	0.0138601	0.0	0.0503188	0.00315856	0.03	0.0	1.86	0.0	5.0	0.0	1.38	0.0	0.0494895	0.00154894	2.68027e-05	0.46819	0.291236	0.0770945	0.306432	0.0	-0.0061124	0.0	0.0114879	0.00287339	1.65457	0.0	0.825124	0.0467093	0.576264	19.371	0.829284	5.83033	0.802722	6.64437	0.00100003	1.55718	0.265008	0.169885	0.244656	0.244397	-17304.1	4.0	564.689	-146376.0	4.0	85.0415	1.0	1460.87	127.46	398.718	90.1733	0.214412	0.0465028	1145.03	11.6725	
1.6-2.4	3.0-6.5	50.0-100.0	0.000-1.571	0.016	0.168	3214.0	3214.0	1871.96	112.799	1342.74	101.935	0.202968	0.24513	-0.05	0.0	0.0353725	0.0	3.08961	0.0	0.0138601	0.0	0.0532977	0.00323187	0.03	0.0	1.86	0.0	5.0	0.0	1.38	0.0	0.0524115	0.00158513	3.29575e-05	0.000302831	0.343668	0.114793	0.306432	0.0	-0.0061124	0.0	0.00377862	0.00351034	1.65457	0.0	0.835586	0.0452033	0.996361	24.415	0.763742	1.33382	0.678383	1.70551	0.00102421	32.2349	0.193062	0.150063	0.267232	0.440474	-14513.9	4.0	767.144	-106138.0	4.0	54.7004	1.0	1527.51	132.747	344.451	97.8803	0.184006	0.0510986	1150.28	11.3872	
1.6-2.4	4.5-5.5	0.0-100.0	0.000-1.571	0.016	0.192	40315.0	40252.0	8646.83	465.032	31605.8	600.052	-0.380187	0.0557642	-0.05	0.0	0.0844786	0.29575	3.08908	0.00229448	0.0305238	0.0469851	0.0513402	0.00800398	0.03	0.0	1.86	0.0	5.0	0.0	1.38	0.0	0.0499184	0.00469504	6.47859e-05	0.000417763	0.314472	0.0546963	0.0136624	0.0217837	-0.0499998	0.085235	0.010418	0.000958702	3.0708	1.57081	1.16646	0.0138165	0.866928	145.761	0.511854	30.6823	0.808714	11.684	0.00121613	821.308	0.33432	0.476158	0.217044	0.300584	-111060.0	4.0	5767.68	-1926030.0	7.0	329.472	1.0	6870.58	449.242	1776.25	272.784	0.205422	0.0295496	1212.8	45.7605	
1.6-2.4	5.5-6.5	0.0-100.0	0.000-1.571	0.016	0.168	19133.0	19092.0	5569.48	308.696	13522.8	358.587	-0.489938	0.0695463	-0.05	0.0	0.907344	0.471647	3.09295	0.00219443	0.0526924	0.00888509	0.0304283	0.0394722	0.03	0.0	1.86	0.0	5.0	0.0	1.38	0.0	0.0510394	0.00606501	1.17885e-05	0.00076077	0.273915	0.0517836	0.629091	0.0991769	-0.00318596	0.00445285	0.0126808	0.00171429	1.49269	0.0754044	0.671737	0.0254537	0.837391	0.132661	0.340582	1.83973	0.452	3.00362	0.192543	0.104602	0.305377	0.0746812	0.0333582	0.143645	-37537.2	4.0	4847.86	-688024.0	7.0	248.142	1.0	4477.62	297.388	1091.87	174.671	0.196044	0.0294197	1252.62	45.1918	
1.6-2.4	6.5-30.0	0.0-10.0	0.000-1.571	0.008	0.184	6684.0	6684.0	2800.33	118.184	3883.93	132.778	-0.415551	0.110687	-0.05	0.0	0.660157	0.0	3.09067	0.0	0.0565192	0.0	0.0323294	0.0045973	0.03	0.0	1.492	0.0	5.0	0.0	1.733	0.0	0.0496389	0.000508775	3.57761e-05	7.18959e-05	0.305726	0.0535966	0.337019	0.0	0.00343684	0.0	0.00336983	0.00169524	1.60396	0.0	1.02257	0.0370941	0.934891	70900.5	0.454179	3697.92	0.656023	10311.0	0.00100879	106182.0	0.337619	3557.05	0.136953	2575.76	-15664.9	4.0	599.508	-171582.0	4.0	53.9725	1.0	2248.57	120.594	551.767	77.9723	0.197036	0.0265732	1249.11	10.0662	
1.6-2.4	6.5-30.0	0.0-100.0	0.000-1.571	0.008	0.152	16973.0	16950.0	8579.56	325.432	8370.7	327.475	-0.442293	0.0803471	-0.05	0.0	0.660157	0.215055	3.09067	0.00120926	0.0565192	0.00660764	0.0319449	0.00510594	0.03	0.0	1.492	0.0	5.0	0.0	1.733	0.0	0.0495542	0.00347333	1.37144e-05	0.000327844	0.263716	0.0215137	0.337019	0.0765519	0.00343684	0.00197833	0.00335883	0.000880768	1.60396	0.0792233	0.888215	0.0193583	0.749946	1.80577	0.83312	0.416959	0.652897	0.513355	0.0661322	0.401905	0.229874	0.110476	0.280136	0.436214	-49516.2	4.0	1398.38	-436473.0	7.0	221.011	1.0	6589.45	280.436	1990.12	147.885	0.23196	0.0148222	1179.02	34.5187	
1.6-2.4	6.5-30.0	10.0-20.0	0.000-1.571	0.008	0.16	4291.0	4291.0	2062.81	91.5002	2228.43	93.5533	-0.345464	0.135464	-0.05	0.0	0.660157	0.0	3.09067	0.0	0.0565192	0.0	0.033712	0.00525591	0.03	0.0	1.492	0.0	5.0	0.0	1.733	0.0	0.0499505	0.000602756	3.34301e-05	6.81326e-05	0.226703	0.0335547	0.337019	0.0	0.00343684	0.0	0.00299342	0.00184746	1.60396	0.0	0.885809	0.038794	0.573126	1.91905	0.843709	0.532884	0.444823	1.62609	0.018413	0.0528327	0.13208	0.0324067	0.282514	0.154405	-14165.9	4.0	160.231	-89919.2	4.0	3.39153	1.0	1576.11	95.2823	486.705	68.2435	0.235942	0.0313837	1177.82	9.67157	
1.6-2.4	6.5-30.0	20.0-30.0	0.000-1.571	0.008	0.152	2678.0	2678.0	1500.6	71.8923	1178.22	65.4866	-0.63128	0.188341	-0.05	0.0	0.660157	0.0	3.09067	0.0	0.0565192	0.0	0.0268043	0.00330699	0.03	0.0	1.492	0.0	5.0	0.0	1.733	0.0	0.0485076	0.00031051	1.37144e-05	0.000327844	0.29361	0.054385	0.337019	0.0	0.00343684	0.0	0.00401087	0.00181575	1.60396	0.0	0.792648	0.0423009	0.261559	10.8705	0.879385	2.05272	0.294454	20.2501	0.00100002	2.98838	0.206466	0.977577	0.355659	3.58223	-8083.86	4.0	337.482	-52223.4	4.0	8.82845	1.0	1121.85	73.2665	378.752	52.9957	0.2524	0.0331816	1132.96	9.81042	
1.6-2.4	6.5-30.0	30.0-40.0	0.000-1.571	0.008	0.12	1636.0	1633.0	1007.86	57.6059	625.982	48.0344	-0.526524	0.251775	-0.05	0.0	0.660157	0.0	3.09067	0.0	0.0565192	0.0	0.0282159	0.00443707	0.03	0.0	1.492	0.0	5.0	0.0	1.733	0.0	0.0487789	0.000436121	2.16233e-05	4.66746e-05	0.219916	0.0414686	0.337019	0.0	0.00343684	0.0	0.000609274	0.0023573	1.60396	0.0	0.781105	0.0503724	0.995615	47.2607	0.999342	57.9389	0.735566	1.02834	0.00126389	6.65226	0.271768	0.404521	0.0236634	282.064	-5625.36	4.0	171.562	-29397.2	4.0	3.6385	1.0	693.047	61.0685	314.809	49.8396	0.312355	0.0461159	1127.63	11.5666	
1.6-2.4	6.5-30.0	40.0-50.0	0.000-1.571	0.008	0.136	893.0	891.0	587.119	40.6131	304.561	31.922	-0.948077	0.354007	-0.05	0.0	0.660157	0.0	3.09067	0.0	0.0565192	0.0	0.0311109	0.0061208	0.03	0.0	1.492	0.0	5.0	0.0	1.733	0.0	0.0493736	0.000655352	2.39456e-05	0.218028	0.241128	0.0581806	0.337019	0.0	0.00343684	0.0	0.000632976	0.00245597	1.60396	0.0	0.6089	0.072097	0.649145	1.39683	0.907312	12.7237	0.287061	9.31047	0.0410241	0.0787685	0.255517	0.207264	0.0200025	24.9546	-3023.29	4.0	49.483	-13171.9	4.0	1.42494	1.0	443.095	41.0798	144.024	29.1094	0.245307	0.0465859	1054.92	13.7948	
1.6-2.4	6.5-30.0	50.0-100.0	0.000-1.571	0.008	0.088	789.0	771.0	607.939	40.3204	163.343	24.8863	-0.238899	0.466614	-0.05	0.0	0.660157	0.0	3.09067	0.0	0.0565192	0.0	0.0449738	0.00808855	0.03	0.0	1.492	0.0	5.0	0.0	1.733	0.0	0.0528791	0.00116895	2.43092e-05	6.66999e-05	0.219345	0.0565205	0.337019	0.0	0.00343684	0.0	0.00456139	0.00319418	1.60396	0.0	0.76149	0.066093	0.720678	2.63064	0.99072	9.73462	0.238092	3.30353	0.0499605	0.0601148	0.229546	0.569149	0.0383115	1.78351	-3165.02	4.0	33.4835	-11442.6	4.0	1.05488	1.0	482.197	42.337	125.742	28.9689	0.206833	0.0456337	1118.7	14.9134	
2.0-2.4	6.5-30.0	0.0-100.0	0.000-1.571	0.008	0.152	4370.0	4368.0	2355.49	112.822	2012.62	108.438	-0.512679	0.157343	-0.05	0.0	0.844731	0.110162	3.09076	0.00258285	0.0628292	0.00516179	0.0239973	0.00927613	0.03	0.0	1.492	0.0	5.0	0.0	1.733	0.0	0.0585149	0.00284346	1.78875e-05	0.00273266	0.236026	0.0315956	0.349037	0.147135	0.00999999	0.0029756	0.000469897	0.00163877	1.55328	0.141848	0.762687	0.0355344	0.820084	0.00447242	1.0	172.105	0.649028	0.0030976	0.1302	0.00305599	0.199496	0.00199395	0.11422	5744.35	-16605.8	4.0	126.828	-101913.0	7.0	4.08168	1.0	1793.91	108.15	561.586	70.972	0.238415	0.0278826	1104.89	70.6444	
