rap0.0-1.2_pT6.5-30.0_cent0.0-100.0
5853.53
1576.99 1498.03 1424.57 1351.53
42.6798 41.7647 40.4884 39.6857
2947.3
735.847 811.909 696.403 702.469
31.3145 32.5295 30.1857 30.4288
4157.43
1100.27 1081.21 1012.81 942.537
39.6897 39.553 38.4015 38.5386
1696.1
476.725 416.821 411.761 408.991
29.2408 28.1218 27.9826 29.3849
0.289757
0.3023 0.278246 0.289043 0.302614
0.0166396 0.0170947 0.0178425 0.0198433
rap0.0-1.2_pT6.5-30.0_cent10.0-60.0
3864.12
1012.74 1013.84 921.458 898.967
34.0706 34.1582 32.2553 32.0581
1659.76
451.231 465.159 360.52 381.028
24.4817 24.8617 21.897 22.5786
2791.56
717.054 763.762 664.376 632.559
31.7865 32.3077 30.2346 30.602
1072.56
295.69 250.08 257.082 266.408
22.9655 21.2747 21.3134 22.7572
0.277568
0.291969 0.246665 0.278995 0.296349
0.0204388 0.0192684 0.0209672 0.0230034
rap0.0-2.4_pT10.0-13.0_cent0.0-100.0
2691.91
695.142 691.182 652.485 654.955
28.39 28.2646 27.6051 27.7172
945.091
232.842 244.779 217.476 239.055
18.5386 18.7739 18.0832 18.7712
1892.37
485.159 513.891 449.06 486.278
26.2022 26.1424 27.1219 26.108
799.531
209.982 177.291 203.426 168.678
19.1702 17.1574 21.1831 17.581
0.297013
0.302071 0.256504 0.311771 0.257541
0.0246641 0.0224982 0.0296649 0.0245309
rap0.0-2.4_pT10.0-13.0_cent10.0-60.0
1796.74
473.591 466.108 437.57 414.433
23.3838 23.101 22.4298 21.9456
570.294
147.405 141.905 125.428 147.557
14.853 14.4722 13.8181 14.6549
1267.98
316.752 334.116 313.495 297.41
21.3949 21.6922 21.7031 21.1959
528.762
156.839 131.991 124.075 117.023
16.526 15.464 15.9135 15.4804
0.294289
0.33117 0.283178 0.283555 0.28237
0.0308269 0.0300622 0.0333369 0.0342299
rap0.0-2.4_pT10.0-30.0_cent0.0-100.0
4393.81
1149.06 1115.21 1059.08 1072.27
36.4126 35.9183 34.922 35.2525
1445.1
359.953 396.704 333.893 344.734
23.1686 23.9073 22.2336 22.6986
2970.22
769.942 822.227 720.993 735.597
33.3696 33.0803 33.7299 32.9429
1423.59
379.118 292.988 338.084 336.675
25.7404 21.956 26.3965 24.9577
0.323999
0.329938 0.262719 0.319225 0.313982
0.0198116 0.0177766 0.0225923 0.0208613
rap0.0-2.4_pT10.0-30.0_cent10.0-60.0
2920.79
757.205 744.483 699.557 705.493
29.5042 29.2362 28.2612 28.5123
887.281
225.709 234.511 200.416 219.513
18.4099 18.5673 17.307 18.0827
2019.22
510.845 529.423 494.586 470.108
27.1954 27.6329 27.0291 27.3466
901.569
246.36 215.059 204.971 235.385
20.8694 20.0662 19.9978 21.8486
0.308673
0.325355 0.288871 0.293001 0.333647
0.0244724 0.0244497 0.0260206 0.0278795
rap0.0-2.4_pT13.0-30.0_cent0.0-100.0
1703.72
455.641 423.593 400.967 416.887
22.8164 22.1488 21.2468 21.7517
498.333
122.35 149.344 116.033 105.107
13.6863 14.7068 12.903 12.7027
1077.59
289.725 307.906 263.713 248.979
20.3937 20.2826 20.2181 19.5855
626.133
165.915 115.687 137.255 167.908
16.5664 13.7394 16.3217 17.0758
0.367509
0.364136 0.273109 0.342309 0.402766
0.0314555 0.0291227 0.0364412 0.0351583
rap0.0-2.4_pT13.0-30.0_cent10.0-60.0
1121.07
296.304 277.313 257.056 286.038
18.3154 17.886 16.9967 18.0525
316.868
75.6724 92.649 72.9245 71.9554
10.7159 11.6284 10.2355 10.5743
749.716
200.097 193.68 180.895 169.235
16.9381 17.1263 16.095 16.8058
371.35
96.2068 83.6331 76.1615 116.803
13.0108 12.898 11.889 14.9231
0.331247
0.324689 0.301583 0.296283 0.408347
0.0390553 0.0422479 0.0418966 0.0453619
rap0.0-2.4_pT6.5-10.0_cent0.0-100.0
7826.82
2099.67 1990.98 1916.78 1817.68
52.8145 51.2856 49.7846 48.3279
7013.26
2066.29 1900.82 1616.22 1453.28
52.4973 50.3987 46.6691 44.3979
5975.25
1604.77 1506.38 1486.03 1374.37
51.8252 49.899 48.3199 47.2893
1851.57
494.901 484.608 430.746 443.305
34.8053 33.7653 31.1491 32.2478
0.236568
0.235704 0.243401 0.224724 0.243885
0.01548 0.0157576 0.0151664 0.0165138
rap0.0-2.4_pT6.5-10.0_cent10.0-60.0
5243.54
1423.62 1368.25 1247.49 1206.83
42.9103 41.679 39.5336 38.7935
3883.81
1228.36 1027.69 845.492 769.162
40.5712 37.3707 34.0732 32.669
3976.47
1095.07 1038.39 945.791 896.642
42.0966 41.7562 38.224 37.9743
1267.08
328.548 329.868 301.696 310.191
27.9413 29.0525 25.5758 26.6597
0.241645
0.230784 0.241087 0.241843 0.257029
0.0183529 0.0199228 0.0190155 0.0204873
rap0.0-2.4_pT6.5-30.0_cent0.0-10.0
3581.82
935.929 878.977 899.467 852.193
35.2134 34.4769 34.2789 33.3112
3663.05
958.203 1013.14 877.715 807.032
35.5278 36.3702 33.9604 32.6275
2565.76
646.761 621.644 657.454 630.935
33.5061 32.9228 33.554 33.087
1016.06
289.168 257.332 242.013 221.258
25.4734 24.3155 24.1484 23.692
0.283672
0.308963 0.292763 0.269062 0.259633
0.0246099 0.0251673 0.0248121 0.0258827
rap0.0-2.4_pT6.5-30.0_cent0.0-100.0
12123.9
3225.49 3083.39 2949.48 2866.73
63.7224 62.2208 60.4381 59.4639
8540.95
2452.5 2321.56 1977.44 1825.12
57.3378 55.7642 51.7774 49.9428
8862.96
2345.5 2248.19 2189.74 2082.13
61.3133 60.7606 58.7463 57.3933
3260.94
879.996 835.198 759.743 784.602
43.7541 43.792 40.9898 41.1528
0.268968
0.272825 0.27087 0.257585 0.273692
0.0124483 0.0131086 0.0128559 0.013185
rap0.0-2.4_pT6.5-30.0_cent10.0-20.0
2842.16
780.457 707.322 689.73 662.375
31.6356 30.1705 29.6232 28.7928
2288.57
663.539 598.609 542.201 472.568
29.7307 28.3118 27.0185 25.2831
2037.83
538.537 545.61 509.108 441.106
29.8021 30.0372 28.2921 27.7764
804.334
241.92 161.711 180.621 221.269
22.5344 20.2037 19.558 22.2796
0.283001
0.309973 0.228625 0.261872 0.334054
0.0259962 0.0268475 0.0260301 0.0303401
rap0.0-2.4_pT6.5-30.0_cent10.0-30.0
5071.08
1373.46 1280.79 1217.62 1192.52
41.7133 40.1198 38.7747 38.369
3657.17
1083.54 974.199 816.351 770.455
38.0802 36.0969 33.2008 32.4059
3753.9
1018.16 941.155 900.169 830.057
39.5065 39.2703 36.8336 37.0016
1317.19
355.299 339.637 317.447 362.458
26.8515 28.0395 25.2426 28.1399
0.259745
0.25869 0.265177 0.260712 0.303944
0.0179022 0.0202553 0.0189961 0.0214753
rap0.0-2.4_pT6.5-30.0_cent10.0-60.0
8102.1
2164.58 2096.21 1931.88 1900.42
51.7313 50.577 48.3178 47.9124
4834.09
1473.32 1278.75 1062.13 1006.51
44.5528 41.7222 38.276 37.4393
5954.61
1596.07 1558.31 1435.3 1355.25
49.8052 49.7533 46.5695 46.3087
2147.49
568.514 537.903 496.584 545.174
34.7874 35.0738 32.1607 34.1464
0.265053
0.262644 0.256608 0.257047 0.286869
0.0147947 0.0155444 0.0153559 0.0164479
rap0.0-2.4_pT6.5-30.0_cent20.0-30.0
2228.23
594.344 567.574 520.972 529.574
27.2034 26.3459 24.8538 25.3325
1369.58
415.655 381.338 273.963 293.383
23.6925 22.5353 19.2528 20.1385
1681.01
471.57 393.602 385.972 389.765
26.1327 25.2238 23.3217 24.4451
547.226
122.773 173.972 135.0 139.809
15.7678 19.1741 15.6948 17.1659
0.245587
0.20657 0.306519 0.259131 0.264003
0.0247878 0.0306402 0.0274728 0.0298533
rap0.0-2.4_pT6.5-30.0_cent30.0-60.0
3032.29
790.14 806.745 714.494 705.713
30.5412 30.5506 28.7517 28.5954
1175.09
388.863 303.221 243.503 234.279
23.0543 20.732 18.86 18.6088
2252.77
591.874 608.593 534.63 521.413
29.6047 30.6276 28.6997 27.7372
779.524
198.265 198.152 179.864 184.301
20.2923 21.5222 20.3276 19.4614
0.257074
0.250925 0.24562 0.251736 0.261155
0.0237801 0.0250038 0.0265859 0.0254659
rap0.0-2.4_pT6.5-8.0_cent0.0-100.0
3902.12
1024.42 953.342 1009.4 914.936
38.5167 37.1213 37.1814 35.4299
4746.94
1400.64 1300.74 1073.6 958.951
43.1243 41.5367 38.0349 36.0455
3102.22
817.146 760.863 793.637 730.127
37.9997 36.4838 36.5316 34.3399
799.902
207.277 192.479 215.762 184.808
23.6809 22.5723 23.3046 20.7619
0.204992
0.202335 0.2019 0.213753 0.20199
0.0218287 0.0223338 0.0217036 0.0213016
rap0.0-2.4_pT6.5-8.0_cent10.0-60.0
2632.75
692.555 675.32 653.802 613.332
31.1011 30.2228 29.2712 28.4807
2579.08
824.503 670.827 546.181 521.597
33.154 30.1475 27.3709 26.8222
2060.38
548.22 537.861 509.524 464.594
30.5855 30.6378 29.0736 27.7176
572.376
144.335 137.459 144.278 148.739
19.2711 19.9274 19.1474 18.7226
0.217406
0.208409 0.203546 0.220675 0.242509
0.026205 0.0280669 0.0275694 0.028373
rap0.0-2.4_pT8.0-10.0_cent0.0-100.0
3920.27
1073.45 1037.93 908.768 903.412
36.1571 35.3829 33.1859 32.919
2296.98
657.548 591.049 541.229 491.566
29.8565 28.374 27.0883 25.9194
2871.54
791.782 746.538 693.834 653.234
34.7155 34.8253 31.807 32.5056
1048.73
281.67 291.39 214.934 250.178
24.1642 25.7644 20.7683 23.9404
0.267514
0.262396 0.280742 0.236511 0.276926
0.0207031 0.0229038 0.0211583 0.0245036
rap0.0-2.4_pT8.0-10.0_cent10.0-60.0
2606.51
728.328 691.322 594.892 592.819
29.5356 28.6947 26.599 26.3018
1308.25
403.653 357.645 295.084 245.183
23.4031 22.1296 20.1928 18.5511
1913.88
545.05 497.869 436.948 431.105
28.837 28.1837 25.0902 25.9213
692.631
183.278 193.453 157.944 161.714
19.9565 20.7787 17.2539 18.9091
0.265731
0.251642 0.27983 0.265501 0.272788
0.0254292 0.0277215 0.0264628 0.0295116
rap1.2-1.6_pT6.5-30.0_cent0.0-100.0
2904.42
775.351 740.814 701.77 681.09
31.7885 31.346 29.9291 29.3104
2351.14
675.649 680.179 529.205 464.903
30.1798 30.3635 26.8921 25.3562
2162.89
574.938 533.188 535.364 501.061
31.6306 30.8047 28.3265 28.5089
741.53
200.413 207.626 166.406 180.029
22.6357 22.7404 18.2057 20.1946
0.255311
0.25848 0.280268 0.237123 0.264325
0.0272028 0.0283133 0.0238903 0.0273816
rap1.2-1.6_pT6.5-30.0_cent10.0-60.0
1951.61
540.188 491.918 465.085 453.528
26.2616 25.0549 23.9936 23.5448
1308.22
419.809 368.047 276.91 239.452
23.8599 22.4471 19.6861 18.4472
1462.84
409.405 351.622 362.306 335.835
26.2138 25.5363 24.119 22.9945
488.776
130.783 140.296 102.779 117.693
18.2054 19.5556 16.1393 16.1897
0.250447
0.242106 0.285202 0.22099 0.259504
0.0315798 0.0370048 0.0327756 0.0330575
rap1.2-2.4_pT6.5-30.0_cent0.0-100.0
6328.1
1658.17 1590.71 1542.34 1528.08
47.8092 46.4061 45.2849 44.5318
5533.91
1704.89 1496.11 1259.52 1108.79
48.2951 45.375 42.0455 39.5446
4805.35
1259.09 1184.93 1206.87 1147.14
47.5757 46.4719 44.7432 43.2537
1522.75
399.077 405.771 335.466 380.934
32.8321 33.2384 29.0399 29.6061
0.240633
0.240673 0.255089 0.217505 0.24929
0.0185444 0.0195253 0.0177124 0.0179612
rap1.2-2.4_pT6.5-30.0_cent10.0-60.0
4271.92
1159.29 1082.04 1016.93 1008.61
39.2424 37.4225 36.185 35.7927
3139.16
1010.7 807.83 690.069 616.371
37.3007 33.5612 31.3452 29.8146
3196.03
890.76 793.034 781.639 732.976
38.9885 38.5609 35.932 34.8973
1075.9
268.527 289.01 235.289 275.635
26.3352 28.8895 24.2415 25.2371
0.251853
0.231631 0.267097 0.231372 0.273282
0.0213206 0.02505 0.0223712 0.0230659
rap1.6-2.4_pT3.0-6.5_cent0.0-100.0
6342.96
1771.67 1567.56 1484.29 1540.59
64.8374 62.2658 60.0062 59.384
24769.1
6966.07 6661.25 6179.45 5625.48
96.9394 94.7147 91.0826 87.2453
5421.66
1543.48 1309.56 1256.56 1304.33
66.5723 62.7397 62.8891 60.4184
921.3
228.192 258.0 227.732 236.262
36.2065 36.5439 38.1995 34.721
0.145248
0.1288 0.164587 0.153428 0.153358
0.0198853 0.0223771 0.0249772 0.0217483
rap1.6-2.4_pT3.0-6.5_cent10.0-60.0
4277.57
1272.73 1064.43 950.953 1011.54
51.7611 48.8397 45.9589 45.903
13250.3
3823.54 3637.57 3248.04 2904.56
72.3174 70.4161 66.4025 63.2466
3667.68
1132.19 854.833 798.784 901.654
52.625 48.3898 47.8133 46.2422
609.89
140.545 209.592 152.169 109.885
26.1132 29.9269 29.1526 22.1143
0.142578
0.110428 0.196906 0.160017 0.108632
0.02002 0.0266244 0.0296647 0.021299
rap1.6-2.4_pT6.5-30.0_cent0.0-100.0
3419.61
883.037 846.105 841.97 844.474
35.6867 34.0703 33.9449 33.4089
3217.44
1024.97 818.857 727.852 644.408
37.6232 33.6682 32.22 30.2659
2635.85
694.413 648.973 671.238 647.703
35.2828 34.6947 33.5296 32.4084
783.762
188.624 197.132 170.733 196.771
22.7027 24.1626 20.9591 21.3143
0.229196
0.213608 0.232987 0.202778 0.23301
0.0242171 0.0269725 0.0235121 0.0234962
rap1.6-2.4_pT6.5-30.0_cent10.0-60.0
2309.93
618.337 588.032 551.2 553.217
29.1016 27.6453 27.025 26.8631
1832.76
590.616 437.843 412.688 377.768
28.6214 24.782 24.3274 23.3707
1731.05
480.07 439.58 414.99 397.618
28.2087 29.2653 26.5118 26.1081
578.885
138.267 148.452 136.209 155.598
18.0993 21.8651 18.2615 19.1295
0.250607
0.223612 0.252456 0.247114 0.281261
0.0273135 0.0352384 0.0308356 0.0317672
