v2noW_TnPAtRD3_4DEff_RapPtEffMap2_Ratio
rap	pT	cent	dPhi	ctauErrMin	ctauErrMax	NoCutEntry	CutEntry	NSig	NSigErr	NBkg	NBkgErr	coefExp	coefExpErr	coefPol1	coefPol1Err	coeffGaus	coeffGausErr	meanSig1	meanSig1Err	sigmaSig1	sigmaSig1Err	sigmaSig2	sigmaSig2Err	sigmaSig3	sigmaSig3Err	alpha	alphaErr	enne	enneErr	enneW	enneWErr	sigWidth	sigWidthErr	Gmc	GmcErr	bTau	bTauErr	fracRes	fracResErr	meanResSigW	meanResSigWErr	meanResSigN	meanResSigNErr	sigmaResSigW	sigmaResSigWErr	sigmaResSigN	sigmaResSigNErr	fpm	fpmErr	fLiving	fLivingErr	fbkgCtTot	fbkgCtTotErr	lambdam	lambdamErr	lambdap	lambdapErr	lambdasym	lambdasymErr	NLL	nFitPar	EDM	NLLMass	nFitParMass	EDMMass	Prob	PROMPT	PROMPTErr	NON-PROMPT	NON-PROMPTErr	Bfraction	BfractionErr	Resolution	ResolutionErr	
0.0-1.2	6.5-30.0	0.0-100.0	0.000-0.393	0.008	0.088	2315.0	2313.0	1576.99	42.6798	735.847	31.3145	0.19095	0.145263	-0.05	0.0	0.574527	0.0	3.09295	0.0	0.0208582	0.0	0.036069	0.0	0.03	0.0	1.492	0.0	5.0	0.0	1.733	0.0	0.0283458	0.0	3.25814e-05	0.000295869	0.205426	0.0116476	0.501962	0.181306	-0.00129914	0.00300691	0.000456835	0.00119154	1.52034	0.12883	0.719761	0.0341658	0.998185	5.04984	0.513922	0.420849	0.505956	0.0926156	0.0707624	8.61166e-07	0.169281	0.0339741	0.0804124	0.023703	-4900.0	4.0	6.43241e-05	-17918.4	3.0	3.87535e-05	1.0	1100.27	39.6897	476.725	29.2408	0.3023	0.0166396	1190.91	79.9328	
0.0-1.2	6.5-30.0	0.0-100.0	0.000-1.571	0.008	0.105	8803.0	8801.0	5853.53	88.3771	2947.3	70.0211	-0.132061	0.0758139	-0.05	0.0	0.574527	0.0751679	3.09295	0.000408352	0.0208582	0.00086806	0.036069	0.00302034	0.03	0.0	1.492	0.0	5.0	0.0	1.733	0.0	0.0283458	0.00101572	1.16782e-05	0.000130175	0.19476	0.00597029	0.282557	0.19576	0.00228371	0.00264771	-0.00109523	0.000515647	1.58042	0.170805	0.839622	0.0154215	0.695525	0.0293789	0.984933	0.00966846	0.451578	0.028352	0.0705652	2.82281e-09	0.151974	0.00854102	0.539821	0.227602	-18489.8	4.0	7.94339e-05	-79626.0	7.0	0.000105694	1.0	4157.43	81.0773	1696.1	57.3526	0.289757	0.00876705	1100.69	87.0187	
0.0-1.2	6.5-30.0	0.0-100.0	0.393-0.785	0.008	0.096	2311.0	2310.0	1498.03	41.7647	811.909	32.5295	-0.218642	0.137847	-0.05	0.0	0.574527	0.0	3.09295	0.0	0.0208582	0.0	0.036069	0.0	0.03	0.0	1.492	0.0	5.0	0.0	1.733	0.0	0.0283458	0.0	2.67292e-05	0.00233575	0.19695	0.012017	0.127168	0.584266	0.00999903	0.0216801	-0.00305387	0.000947964	1.49685	0.452055	0.973806	0.0304503	0.713663	0.622903	0.993285	16.5958	0.433731	0.210684	0.0704877	4.47281e-08	0.149335	0.0706985	0.0706789	2.0671e-06	-4765.93	4.0	4.84031e-05	-17720.0	3.0	3.9399e-06	1.0	1081.21	39.553	416.821	28.1218	0.278246	0.0170947	1054.81	183.946	
0.0-1.2	6.5-30.0	0.0-100.0	0.785-1.178	0.008	0.08	2122.0	2121.0	1424.57	40.4884	696.403	30.1857	-0.0667598	0.149017	-0.05	0.0	0.574527	0.0	3.09295	0.0	0.0208582	0.0	0.036069	0.0	0.03	0.0	1.492	0.0	5.0	0.0	1.733	0.0	0.0283458	0.0	4.7042e-05	0.000197635	0.197156	0.0125093	0.205787	0.168928	0.00506329	0.00588939	-0.000895585	0.000957241	1.73483	0.294288	0.851322	0.0274384	0.651831	0.0601484	0.989259	0.0172696	0.457522	0.0541103	0.0705797	6.60567e-09	0.173073	0.022232	0.786484	0.734467	-4530.24	4.0	1.02914e-05	-16220.1	3.0	1.25339e-05	1.0	1012.81	38.4015	411.761	27.9826	0.289043	0.0178425	1093.14	100.864	
0.0-1.2	6.5-30.0	0.0-100.0	1.178-1.571	0.008	0.088	2055.0	2054.0	1351.53	39.6857	702.469	30.4288	-0.43751	0.148806	-0.05	0.0	0.574527	0.0	3.09295	0.0	0.0208582	0.0	0.036069	0.0	0.03	0.0	1.492	0.0	5.0	0.0	1.733	0.0	0.0283458	0.0	3.78287e-05	0.000218777	0.173652	0.0110541	0.083253	0.655744	-0.00048919	0.0163992	-0.00115393	0.00101047	1.84756	1.50756	0.93861	0.0300474	0.730695	0.0628125	0.958366	0.0280092	0.388643	0.0724947	0.0705143	7.00911e-09	0.135686	0.0174442	0.513792	0.228775	-4288.68	4.0	1.90672e-07	-15557.6	3.0	1.79161e-07	1.0	942.537	38.5386	408.991	29.3849	0.302614	0.0198433	1044.91	412.715	
0.0-1.2	6.5-30.0	10.0-60.0	0.000-0.393	0.016	0.064	1480.0	1464.0	1012.74	34.0706	451.231	24.4817	0.153781	0.185426	-0.05	0.0	0.574527	0.0	3.09295	0.0	0.0208582	0.0	0.0359871	0.0	0.03	0.0	1.492	0.0	5.0	0.0	1.733	0.0	0.0283015	0.0	1.00012e-05	0.000707514	0.207241	0.0149137	0.282557	0.0	0.00228371	0.0	-0.00120879	0.00122816	1.58042	0.0	0.836973	0.0360044	0.727761	0.298471	0.999935	10.3938	0.545857	0.0990151	0.070448	4.29071e-10	0.160493	0.0464011	0.0704506	3.30871e-08	-3207.33	4.0	4.80275e-05	-10713.7	3.0	3.71242e-06	1.0	717.054	31.7865	295.69	22.9655	0.291969	0.0204388	1099.24	9.834	
0.0-1.2	6.5-30.0	10.0-60.0	0.000-1.571	0.008	0.105	5526.0	5524.0	3864.12	68.4534	1659.76	49.8182	-0.147067	0.0967901	-0.05	0.0	0.574527	0.0	3.09295	0.0	0.0208582	0.0	0.0359871	0.00144069	0.03	0.0	1.492	0.0	5.0	0.0	1.733	0.0	0.0283015	0.000389719	1.16782e-05	0.000130175	0.203168	0.00777516	0.282557	0.0	0.00228371	0.0	-0.00151658	0.000620972	1.58042	0.0	0.823581	0.0183859	0.694933	0.0398648	0.983664	0.00989084	0.440131	0.0377335	0.0705303	3.57319e-09	0.157853	0.0115108	0.679961	0.309523	-12140.6	4.0	7.67273e-06	-47836.7	4.0	1.24333e-05	1.0	2791.56	63.707	1072.56	44.4299	0.277568	0.0103936	1091.96	4.9744	
0.0-1.2	6.5-30.0	10.0-60.0	0.393-0.785	0.008	0.073	1480.0	1479.0	1013.84	34.1582	465.159	24.8617	-0.118789	0.182375	-0.05	0.0	0.574527	0.0	3.09295	0.0	0.0208582	0.0	0.0359871	0.0	0.03	0.0	1.492	0.0	5.0	0.0	1.733	0.0	0.0283015	0.0	1.70432e-05	0.00459144	0.210933	0.0162108	0.282557	0.0	0.00228371	0.0	-0.00249593	0.00119256	1.58042	0.0	0.818115	0.037505	0.840179	8.06501	0.611935	7.08439	0.298809	0.351076	0.0706093	9.60769e-07	0.127658	0.101134	0.0705475	1.01175e-07	-3210.51	4.0	1.04348e-05	-10800.7	3.0	1.57154e-07	1.0	763.762	32.3077	250.08	21.2747	0.246665	0.0192684	1089.01	10.1071	
0.0-1.2	6.5-30.0	10.0-60.0	0.785-1.178	0.008	0.064	1284.0	1282.0	921.458	32.2553	360.52	21.897	-0.167388	0.207836	-0.05	0.0	0.574527	0.0	3.09295	0.0	0.0208582	0.0	0.0359871	0.0	0.03	0.0	1.492	0.0	5.0	0.0	1.733	0.0	0.0283015	0.0	1.55303e-05	0.000309325	0.210476	0.0168247	0.282557	0.0	0.00228371	0.0	-0.00112544	0.00121428	1.58042	0.0	0.800384	0.0336595	0.724488	0.0940357	0.97448	0.043988	0.531811	0.0711802	0.0705362	5.39725e-09	0.196281	0.0461894	0.744668	0.675722	-2935.33	4.0	1.26849e-05	-9302.05	3.0	9.49443e-06	1.0	664.376	30.2346	257.082	21.3134	0.278995	0.0209672	1079.52	8.95229	
0.0-1.2	6.5-30.0	10.0-60.0	1.178-1.571	0.008	0.064	1282.0	1280.0	898.967	32.0581	381.028	22.5786	-0.518747	0.202872	-0.05	0.0	0.574527	0.0	3.09295	0.0	0.0208582	0.0	0.0359871	0.0	0.03	0.0	1.492	0.0	5.0	0.0	1.733	0.0	0.0283015	0.0	1.05551e-05	0.000410668	0.189419	0.0145299	0.282557	0.0	0.00228371	0.0	-0.00216263	0.00141128	1.58042	0.0	0.842837	0.0412942	0.693061	0.0707628	0.961561	0.0258899	0.288428	0.0788442	0.0705113	8.00079e-09	0.131595	0.0174435	0.621188	0.330737	-2738.06	4.0	2.9657e-07	-9211.95	3.0	1.03712e-06	1.0	632.559	30.602	266.408	22.7572	0.296349	0.0230034	1102.45	11.3248	
0.0-2.4	10.0-13.0	0.0-100.0	0.000-0.393	0.016	0.08	932.0	928.0	695.142	28.39	232.842	18.5386	0.470513	0.26693	-0.05	0.0	0.359443	0.0	3.09255	0.0	0.0208608	0.0	0.0402013	0.0	0.03	0.0	1.492	0.0	5.0	0.0	1.733	0.0	0.0345203	0.0	1.00051e-05	0.0125341	0.196061	0.0164882	0.270245	0.128633	-0.00998909	0.00318196	0.00142871	0.00145571	1.58141	0.172807	0.817833	0.0419326	0.811062	0.884306	0.847572	0.547675	0.549175	0.135657	0.108555	0.0626578	0.166117	0.0685735	0.100936	0.160627	-2063.32	4.0	1.35766e-05	-6372.42	3.0	1.74312e-06	1.0	485.159	26.2022	209.982	19.1702	0.302071	0.0246641	1078.86	65.4828	
0.0-2.4	10.0-13.0	0.0-100.0	0.000-1.571	0.016	0.136	3638.0	3637.0	2691.91	58.3325	945.091	40.6917	-0.481257	0.135029	-0.05	0.0	0.359443	0.089748	3.09255	0.000738468	0.0208608	0.00220829	0.0402013	0.00273114	0.03	0.0	1.492	0.0	5.0	0.0	1.733	0.0	0.0345203	0.00129786	1.25623e-05	9.06713e-05	0.191081	0.00849843	0.0553227	0.0789039	0.000211463	0.0144846	-0.00075646	0.000692408	2.09405	0.553677	0.926943	0.0205012	0.77119	963.613	0.963209	4036.17	0.343582	1562.97	0.0704823	3.34337e-05	0.164376	280.778	0.0714559	28471.1	-7810.59	4.0	6.6524e-06	-29798.6	7.0	7.72676e-06	1.0	1892.37	54.4473	799.531	39.7883	0.297013	0.0133058	1026.78	75.1016	
0.0-2.4	10.0-13.0	0.0-100.0	0.393-0.785	0.016	0.088	937.0	936.0	691.182	28.2646	244.779	18.7739	-0.648114	0.257723	-0.05	0.0	0.359443	0.0	3.09255	0.0	0.0208608	0.0	0.0402013	0.0	0.03	0.0	1.492	0.0	5.0	0.0	1.733	0.0	0.0345203	0.0	9.67596e-05	0.000320065	0.211309	0.0189416	0.901013	0.195774	0.0060855	0.00409751	-0.00678175	0.00441429	1.24122	0.055634	0.6	0.043897	0.833555	0.0422389	0.999999	0.92883	0.476762	0.039	0.0705335	1.00781e-07	0.170134	0.0149382	0.070734	3.76194	-2013.12	4.0	1.39337e-06	-6415.16	3.0	1.45306e-05	1.0	513.891	26.1424	177.291	17.1574	0.256504	0.0224982	1193.21	55.01	
0.0-2.4	10.0-13.0	0.0-100.0	0.785-1.178	0.016	0.105	871.0	870.0	652.485	27.6051	217.476	18.0832	-0.672971	0.274839	-0.05	0.0	0.359443	0.0	3.09255	0.0	0.0208608	0.0	0.0402013	0.0	0.03	0.0	1.492	0.0	5.0	0.0	1.733	0.0	0.0345203	0.0	0.000150013	0.000368392	0.173503	0.0167451	0.0264074	0.0572745	-0.00999785	0.0190428	-0.00151273	0.00151621	2.7635	1.37205	0.938049	0.0453596	0.831019	12.2395	0.805695	1.66193	0.324251	8.82895	0.0706727	3.86661e-07	0.216653	0.207304	0.0707687	3.15062e-05	-1844.62	4.0	1.20521e-06	-5873.25	3.0	1.78416e-05	1.0	449.06	27.1219	203.426	21.1831	0.311771	0.0296649	1028.77	107.787	
0.0-2.4	10.0-13.0	0.0-100.0	1.178-1.571	0.016	0.088	898.0	894.0	654.955	27.7172	239.055	18.7712	-1.03274	0.264962	-0.05	0.0	0.359443	0.0	3.09255	0.0	0.0208608	0.0	0.0402013	0.0	0.03	0.0	1.492	0.0	5.0	0.0	1.733	0.0	0.0345203	0.0	4.2601e-05	0.000476275	0.208468	0.0197301	0.726956	0.161532	0.0031347	0.00293387	0.00128036	0.0030029	1.44524	0.102086	0.647883	0.0757888	0.808656	0.0828263	1.0	0.013982	0.305267	0.102533	0.0706246	0.0358715	0.140842	0.018876	0.451606	5.76184	-1869.29	4.0	8.63519e-06	-6046.54	3.0	7.82726e-07	1.0	486.278	26.108	168.678	17.581	0.257541	0.0245309	1277.9	67.6036	
0.0-2.4	10.0-13.0	10.0-60.0	0.000-0.393	0.016	0.08	624.0	621.0	473.591	23.3838	147.405	14.853	0.483031	0.335976	-0.05	0.0	0.359443	0.0	3.09255	0.0	0.0208608	0.0	0.0407572	0.0	0.03	0.0	1.492	0.0	5.0	0.0	1.733	0.0	0.0349354	0.0	1.00051e-05	0.0125341	0.189781	0.0184868	0.0553227	0.0	0.000211463	0.0	-0.000375789	0.00149679	2.09405	0.0	0.877541	0.0439291	0.814519	0.142013	0.99998	0.993066	0.617048	0.143196	0.127487	0.0854546	0.177999	0.0466514	0.0705321	0.0579348	-1390.84	4.0	2.81506e-06	-4030.96	3.0	2.90268e-07	1.0	316.752	21.3949	156.839	16.526	0.33117	0.0308269	984.92	18.4872	
0.0-2.4	10.0-13.0	10.0-60.0	0.000-1.571	0.016	0.136	2368.0	2367.0	1796.74	46.3932	570.294	30.4287	-0.566953	0.169645	-0.05	0.0	0.359443	0.0	3.09255	0.0	0.0208608	0.0	0.0407572	0.00150755	0.03	0.0	1.492	0.0	5.0	0.0	1.733	0.0	0.0349354	0.000563299	1.25623e-05	9.06713e-05	0.195371	0.0106009	0.0553227	0.0	0.000211463	0.0	-0.000349024	0.000844054	2.09405	0.0	0.928909	0.0247519	0.746987	0.0178971	0.998389	3.43522	0.297506	0.0293245	0.0704952	7.09894e-09	0.160478	0.00639188	0.0765854	17.2097	-5158.79	4.0	1.50116e-05	-18464.4	4.0	6.94816e-07	1.0	1267.98	43.5312	528.762	31.7718	0.294289	0.0159671	1028.46	10.5596	
0.0-2.4	10.0-13.0	10.0-60.0	0.393-0.785	0.016	0.088	609.0	608.0	466.108	23.101	141.905	14.4722	-0.797364	0.341055	-0.05	0.0	0.359443	0.0	3.09255	0.0	0.0208608	0.0	0.0407572	0.0	0.03	0.0	1.492	0.0	5.0	0.0	1.733	0.0	0.0349354	0.0	9.67596e-05	0.000320065	0.201678	0.0214152	0.0553227	0.0	0.000211463	0.0	-0.00115881	0.00158477	2.09405	0.0	0.927343	0.0496629	0.711816	0.0920673	0.999999	0.222684	0.324341	0.0834731	0.0705834	2.29776e-08	0.163934	0.030243	0.112308	29.0926	-1342.72	4.0	2.76675e-05	-3940.36	3.0	6.53362e-06	1.0	334.116	21.6922	131.991	15.464	0.283178	0.0300622	1027.12	21.1789	
0.0-2.4	10.0-13.0	10.0-60.0	0.785-1.178	0.016	0.105	564.0	563.0	437.57	22.4298	125.428	13.8181	-0.710457	0.363948	-0.05	0.0	0.359443	0.0	3.09255	0.0	0.0208608	0.0	0.0407572	0.0	0.03	0.0	1.492	0.0	5.0	0.0	1.733	0.0	0.0349354	0.0	0.000150013	0.000368392	0.192313	0.0232181	0.0553227	0.0	0.000211463	0.0	-0.00142075	0.00185909	2.09405	0.0	1.01457	0.0546022	0.96206	0.941271	0.991187	0.824977	0.502705	0.112481	0.189318	0.225881	0.223501	0.0510217	0.18299	3.76825	-1231.49	4.0	4.12247e-06	-3587.68	3.0	9.08587e-06	1.0	313.495	21.7031	124.075	15.9135	0.283555	0.0333369	1102.27	23.7387	
0.0-2.4	10.0-13.0	10.0-60.0	1.178-1.571	0.016	0.056	571.0	562.0	414.433	21.9456	147.557	14.6549	-1.23031	0.341782	-0.05	0.0	0.359443	0.0	3.09255	0.0	0.0208608	0.0	0.0407572	0.0	0.03	0.0	1.492	0.0	5.0	0.0	1.733	0.0	0.0349354	0.0	5.58531e-05	0.000456735	0.188344	0.0217858	0.0553227	0.0	0.000211463	0.0	0.00152007	0.00189954	2.09405	0.0	1.01994	0.0545548	0.816903	0.0714858	1.0	0.016906	0.228298	0.0991928	0.070624	6.83149e-09	0.131903	0.0198707	0.644374	2.75503	-1192.3	4.0	1.54876e-06	-3543.05	3.0	1.31865e-05	1.0	297.41	21.1959	117.023	15.4804	0.28237	0.0342299	1106.94	23.743	
0.0-2.4	10.0-30.0	0.0-100.0	0.000-0.393	0.008	0.088	1512.0	1509.0	1149.06	36.4126	359.953	23.1686	0.261135	0.213373	-0.05	0.0	0.41779	0.0	3.09305	0.0	0.0218051	0.0	0.0417835	0.0	0.03	0.0	1.492	0.0	5.0	0.0	1.733	0.0	0.0348583	0.0	2.70146e-05	0.00458685	0.193727	0.0122787	0.4173	0.695008	-0.00292619	0.00669808	0.0011003	0.00130981	1.43528	0.240682	0.779404	0.0395272	0.786121	0.0729176	1.0	0.00597371	0.538729	0.0707838	0.0932217	0.0313588	0.174878	0.0249095	3.3262	1.9795	-3376.4	4.0	2.16116e-05	-11141.6	3.0	2.81695e-07	1.0	769.942	33.3696	379.118	25.7404	0.329938	0.0198116	1101.65	238.398	
0.0-2.4	10.0-30.0	0.0-100.0	0.000-1.571	0.008	0.136	5840.0	5839.0	4393.81	74.4289	1445.1	50.9014	-0.489298	0.110267	-0.05	0.0	0.41779	0.074234	3.09305	0.000574298	0.0218051	0.00161207	0.0417835	0.00257805	0.03	0.0	1.492	0.0	5.0	0.0	1.733	0.0	0.0348583	0.00114502	1.01973e-05	0.00191321	0.180686	0.0060826	0.0473596	0.058793	-0.000901407	0.00750486	-0.000743039	0.00051751	2.0393	0.463163	0.94295	0.0166463	0.796722	0.0384079	0.999058	0.67727	0.377364	0.0368648	0.0705999	0.000127903	0.17536	0.0107131	0.071602	0.00211388	-12859.5	4.0	7.07277e-06	-50806.6	7.0	7.82858e-06	1.0	2970.22	68.914	1423.59	52.9071	0.323999	0.0107178	1021.76	52.3916	
0.0-2.4	10.0-30.0	0.0-100.0	0.393-0.785	0.008	0.105	1513.0	1512.0	1115.21	35.9183	396.704	23.9073	-0.60417	0.202174	-0.05	0.0	0.41779	0.0	3.09305	0.0	0.0218051	0.0	0.0417835	0.0	0.03	0.0	1.492	0.0	5.0	0.0	1.733	0.0	0.0348583	0.0	3.35672e-05	0.000225803	0.198542	0.0139693	0.896102	0.170491	0.00449012	0.0031336	-0.00593392	4.5635e-05	1.22675	0.0429112	0.6	0.0270112	0.816539	0.186823	0.999992	0.105264	0.474911	0.137509	0.0705167	0.0876255	0.178486	0.019793	0.0704525	2.15472e-08	-3327.23	4.0	1.57964e-06	-11079.3	3.0	3.35338e-05	1.0	822.227	33.0803	292.988	21.956	0.262719	0.0177766	1177.27	46.0447	
0.0-2.4	10.0-30.0	0.0-100.0	0.785-1.178	0.008	0.105	1394.0	1393.0	1059.08	34.922	333.893	22.2336	-0.691652	0.22189	-0.05	0.0	0.41779	0.0	3.09305	0.0	0.0218051	0.0	0.0417835	0.0	0.03	0.0	1.492	0.0	5.0	0.0	1.733	0.0	0.0348583	0.0	2.54104e-05	0.00458759	0.169306	0.012224	0.0657857	0.0838022	-0.00690936	0.0141205	-0.000449708	0.00109052	2.24771	0.605703	0.927791	0.035313	0.74629	74721.9	0.996075	1452100.0	0.313022	112267.0	0.0705043	0.00912004	0.213971	28377.6	0.0704615	6439200.0	-3084.64	4.0	2.46515e-05	-10139.0	3.0	1.70573e-05	1.0	720.993	33.7299	338.084	26.3965	0.319225	0.0225923	1066.08	93.5695	
0.0-2.4	10.0-30.0	0.0-100.0	1.178-1.571	0.008	0.088	1421.0	1417.0	1072.27	35.2525	344.734	22.6986	-0.935931	0.220457	-0.05	0.0	0.41779	0.0	3.09305	0.0	0.0218051	0.0	0.0417835	0.0	0.03	0.0	1.492	0.0	5.0	0.0	1.733	0.0	0.0348583	0.0	1.75512e-05	0.000225058	0.186359	0.0126836	0.705089	0.165302	0.000976293	0.00222629	0.000215521	0.00218675	1.41329	0.0927835	0.674443	0.0620656	0.882503	0.0120844	0.999982	0.489831	0.316131	0.0149407	0.0706605	4.62102e-07	0.147999	0.00387628	0.0792571	2.44447	-3046.78	4.0	1.19399e-07	-10307.9	3.0	1.0714e-06	1.0	735.597	32.9429	336.675	24.9577	0.313982	0.0208613	1241.97	63.597	
0.0-2.4	10.0-30.0	10.0-60.0	0.000-0.393	0.016	0.088	998.0	983.0	757.205	29.5042	225.709	18.4099	0.15985	0.268843	-0.05	0.0	0.41779	0.0	3.09305	0.0	0.0218051	0.0	0.0423195	0.0	0.03	0.0	1.492	0.0	5.0	0.0	1.733	0.0	0.0352327	0.0	2.29069e-05	0.00458874	0.197243	0.0154979	0.0473596	0.0	-0.000901407	0.0	-0.000615528	0.00115302	2.0393	0.0	0.897309	0.0353387	0.846003	0.0848802	0.998342	0.205366	0.537413	0.0891478	0.106624	0.0510457	0.176455	0.0304502	0.0707529	2.84243	-2257.4	4.0	4.53182e-05	-6850.82	3.0	0.000116252	1.0	510.845	27.1954	246.36	20.8694	0.325355	0.0244724	981.829	15.3835	
0.0-2.4	10.0-30.0	10.0-60.0	0.000-1.571	0.008	0.136	3809.0	3808.0	2920.79	59.1851	887.281	38.3332	-0.516359	0.135897	-0.05	0.0	0.41779	0.0	3.09305	0.0	0.0218051	0.0	0.0423195	0.00138111	0.03	0.0	1.492	0.0	5.0	0.0	1.733	0.0	0.0352327	0.000482916	1.01973e-05	0.00191321	0.187949	0.0078841	0.0473596	0.0	-0.000901407	0.0	-0.000628521	0.000624031	2.0393	0.0	0.946016	0.0201538	0.784806	0.027635	0.997964	1.16308	0.359955	0.0267555	0.0704633	1.14955e-07	0.173871	0.00762063	0.0712388	5.28576	-8543.63	4.0	6.60236e-06	-31611.8	4.0	1.78317e-06	1.0	2019.22	55.2924	901.569	41.435	0.308673	0.0127329	1024.46	8.86461	
0.0-2.4	10.0-30.0	10.0-60.0	0.393-0.785	0.008	0.105	980.0	979.0	744.483	29.2362	234.511	18.5673	-0.642872	0.264004	-0.05	0.0	0.41779	0.0	3.09305	0.0	0.0218051	0.0	0.0423195	0.0	0.03	0.0	1.492	0.0	5.0	0.0	1.733	0.0	0.0352327	0.0	3.35672e-05	0.000225803	0.18229	0.0154764	0.0473596	0.0	-0.000901407	0.0	-0.000963429	0.00118175	2.0393	0.0	0.943423	0.0402148	0.661572	0.0674346	0.999996	0.0957145	0.331742	0.0640049	0.0704888	9.45366e-07	0.175008	0.0233371	0.0713922	5.94293e-05	-2208.92	4.0	2.36061e-05	-6795.39	3.0	2.23867e-05	1.0	529.423	27.6329	215.059	20.0662	0.288871	0.0244497	1022.18	17.6793	
0.0-2.4	10.0-30.0	10.0-60.0	0.785-1.178	0.008	0.105	901.0	900.0	699.557	28.2612	200.416	17.307	-0.569555	0.286172	-0.05	0.0	0.41779	0.0	3.09305	0.0	0.0218051	0.0	0.0423195	0.0	0.03	0.0	1.492	0.0	5.0	0.0	1.733	0.0	0.0352327	0.0	2.54104e-05	0.00458759	0.182529	0.0168842	0.0473596	0.0	-0.000901407	0.0	-0.000635698	0.00131133	2.0393	0.0	0.983229	0.0429009	0.838249	0.133671	1.0	0.817452	0.46178	0.122152	0.0754375	0.0490164	0.245275	0.0383887	0.0740419	0.000690637	-2038.14	4.0	7.33655e-05	-6186.97	3.0	1.75309e-05	1.0	494.586	27.0291	204.971	19.9978	0.293001	0.0260206	1057.31	19.0027	
0.0-2.4	10.0-30.0	10.0-60.0	1.178-1.571	0.008	0.08	930.0	925.0	705.493	28.5123	219.513	18.0827	-0.991594	0.277533	-0.05	0.0	0.41779	0.0	3.09305	0.0	0.0218051	0.0	0.0423195	0.0	0.03	0.0	1.492	0.0	5.0	0.0	1.733	0.0	0.0352327	0.0	1.00138e-05	0.000350061	0.182875	0.0149474	0.0473596	0.0	-0.000901407	0.0	-0.000588452	0.00142783	2.0393	0.0	1.00358	0.0443367	0.961839	0.894242	0.847695	0.922518	0.249033	0.0964083	0.0707228	1.06946	0.139441	0.0285377	0.0711512	0.13475	-2010.41	4.0	5.86401e-05	-6341.24	3.0	3.67978e-07	1.0	470.108	27.3466	235.385	21.8486	0.333647	0.0278795	1075.37	19.7086	
0.0-2.4	13.0-30.0	0.0-100.0	0.000-0.393	0.008	0.064	580.0	578.0	455.641	22.8164	122.35	13.6863	-0.136519	0.362821	-0.05	0.0	0.51724	0.0	3.09382	0.0	0.0230791	0.0	0.045512	0.0	0.03	0.0	1.492	0.0	5.0	0.0	1.733	0.0	0.0357137	0.0	0.000100096	0.000341831	0.195266	0.0187139	0.858188	0.20333	0.00132389	0.00290195	0.00125107	0.00712912	1.21927	0.0856541	0.62514	0.240882	0.864669	0.122677	0.977887	0.17134	0.527392	0.100537	0.0704424	2.7484e-08	0.187471	0.0441167	0.0704557	1.69448e-11	-1317.65	4.0	1.21666	-3749.9	3.0	2.0866e-07	1.0	289.725	20.3937	165.915	16.5664	0.364136	0.0314555	1153.79	62.6499	
0.0-2.4	13.0-30.0	0.0-100.0	0.000-1.571	0.008	0.105	2202.0	2202.0	1703.72	46.0799	498.333	30.2962	-0.513364	0.18803	-0.05	0.0	0.51724	0.104259	3.09382	0.000895364	0.0230791	0.00210368	0.045512	0.00479375	0.03	0.0	1.492	0.0	5.0	0.0	1.733	0.0	0.0357137	0.00188655	2.10356e-05	0.0045896	0.166893	0.00862301	0.0347602	0.122355	-0.00537756	0.015369	-0.000960497	0.000785493	1.80759	0.989032	0.96189	0.0280083	0.906041	1.30465	0.917485	4.03423	0.407196	0.287116	0.0706211	3.0364e-07	0.194967	0.145286	0.0708758	6.8137e-07	-5064.59	4.0	3.73194e-05	-17144.0	7.0	9.12297e-06	1.0	1077.59	42.1906	626.133	34.8911	0.367509	0.0179054	1003.32	78.9042	
0.0-2.4	13.0-30.0	0.0-100.0	0.393-0.785	0.008	0.064	576.0	573.0	423.593	22.1488	149.344	14.7068	-0.495323	0.327152	-0.05	0.0	0.51724	0.0	3.09382	0.0	0.0230791	0.0	0.045512	0.0	0.03	0.0	1.492	0.0	5.0	0.0	1.733	0.0	0.0357137	0.0	1.12306e-05	0.00159264	0.178904	0.0202389	0.703851	0.324382	0.00687232	0.0111474	-0.00803976	0.0024813	1.16624	0.0727715	0.642999	0.0866793	0.77677	0.539869	1.0	0.207104	0.467183	0.402116	0.0705196	3.41088e-07	0.177428	0.0369687	0.070456	6.14983e-07	-1315.88	4.0	2.8245e-06	-3640.38	3.0	2.73945e-05	1.0	307.906	20.2826	115.687	13.7394	0.273109	0.0291227	1039.12	79.6717	
0.0-2.4	13.0-30.0	0.0-100.0	0.785-1.178	0.008	0.056	523.0	517.0	400.967	21.2468	116.033	12.903	-0.723392	0.37433	-0.05	0.0	0.51724	0.0	3.09382	0.0	0.0230791	0.0	0.045512	0.0	0.03	0.0	1.492	0.0	5.0	0.0	1.733	0.0	0.0357137	0.0	3.98792e-05	0.000279455	0.160099	0.0171544	0.0591112	0.0890247	-0.00987308	0.0151467	-1.16163e-05	0.00157823	2.19428	0.854214	0.942446	0.0583016	1.0	0.69041	0.622618	0.149203	0.28081	0.118853	0.0704746	0.000516644	0.251329	0.0527834	0.0706391	0.0344669	-1234.07	4.0	3.45426e-06	-3301.3	3.0	2.80275e-06	1.0	263.713	20.2181	137.255	16.3217	0.342309	0.0364412	1058.45	100.763	
0.0-2.4	13.0-30.0	0.0-100.0	1.178-1.571	0.008	0.08	523.0	522.0	416.887	21.7517	105.107	12.7027	-0.736758	0.39648	-0.05	0.0	0.51724	0.0	3.09382	0.0	0.0230791	0.0	0.045512	0.0	0.03	0.0	1.492	0.0	5.0	0.0	1.733	0.0	0.0357137	0.0	1.03545e-05	0.00459451	0.162507	0.0157479	0.858094	0.102806	-0.0014856	0.00231549	-0.000839238	0.00537695	1.25528	0.0777394	0.6	0.92517	1.0	0.0233154	0.999999	0.0483263	0.315433	0.0876339	0.0704584	4.20364e-07	0.160489	0.0271584	0.0713073	1.88522e-05	-1184.08	4.0	5.04926e-06	-3324.22	3.0	2.40459e-06	1.0	248.979	19.5855	167.908	17.0758	0.402766	0.0351583	1184.57	55.2317	
0.0-2.4	13.0-30.0	10.0-60.0	0.000-0.393	0.008	0.064	374.0	372.0	296.304	18.3154	75.6724	10.7159	-0.494284	0.461496	-0.05	0.0	0.51724	0.0	3.09382	0.0	0.0230791	0.0	0.045698	0.0	0.03	0.0	1.492	0.0	5.0	0.0	1.733	0.0	0.0358282	0.0	0.000100096	0.000341831	0.20219	0.026035	0.0347602	0.0	-0.00537756	0.0	-1.27755e-05	0.0017259	1.80759	0.0	0.944606	0.0584563	0.928781	0.105824	0.998832	0.972134	0.581905	0.100631	0.0704519	4.09121e-07	0.20684	0.0550712	0.0708742	4.81411	-912.551	4.0	1.19907e-05	-2257.26	3.0	7.68105e-06	1.0	200.097	16.9381	96.2068	13.0108	0.324689	0.0390553	987.34	26.9911	
0.0-2.4	13.0-30.0	10.0-60.0	0.000-1.571	0.008	0.08	1441.0	1438.0	1121.07	36.575	316.868	23.0971	-0.431866	0.226503	-0.05	0.0	0.51724	0.0	3.09382	0.0	0.0230791	0.0	0.045698	0.00274019	0.03	0.0	1.492	0.0	5.0	0.0	1.733	0.0	0.0358282	0.000843637	1.04426e-05	0.00602457	0.176437	0.0117665	0.0347602	0.0	-0.00537756	0.0	-0.00103558	0.000933964	1.80759	0.0	0.965264	0.0341834	0.869748	6.45578	0.959404	31.0876	0.411704	1.85448	0.0706628	6.76435e-07	0.195565	0.786309	0.0704753	2.81593e-07	-3385.61	4.0	1.888e-05	-10598.5	4.0	8.36383e-05	1.0	749.716	34.0013	371.35	26.5443	0.331247	0.0210676	1006.44	15.8226	
0.0-2.4	13.0-30.0	10.0-60.0	0.393-0.785	0.008	0.064	371.0	370.0	277.313	17.886	92.649	11.6284	-0.41274	0.414344	-0.05	0.0	0.51724	0.0	3.09382	0.0	0.0230791	0.0	0.045698	0.0	0.03	0.0	1.492	0.0	5.0	0.0	1.733	0.0	0.0358282	0.0	1.12306e-05	0.00159264	0.149455	0.0211584	0.0347602	0.0	-0.00537756	0.0	-0.000728969	0.00180126	1.80759	0.0	0.970045	0.0683896	0.585032	0.145216	0.999999	0.0496333	0.334483	0.13428	0.070454	0.0495674	0.195231	0.0427531	0.220753	0.0453219	-863.469	4.0	1.85106e-05	-2198.12	3.0	2.82242e-05	1.0	193.68	17.1263	83.6331	12.898	0.301583	0.0422479	1010.87	31.6733	
0.0-2.4	13.0-30.0	10.0-60.0	0.785-1.178	0.012	0.044	337.0	330.0	257.056	16.9967	72.9245	10.2355	-0.374849	0.466922	-0.05	0.0	0.51724	0.0	3.09382	0.0	0.0230791	0.0	0.045698	0.0	0.03	0.0	1.492	0.0	5.0	0.0	1.733	0.0	0.0358282	0.0	1.72143e-05	0.000568696	0.169762	0.0241149	0.0347602	0.0	-0.00537756	0.0	-0.000583113	0.00185776	1.80759	0.0	0.959285	0.0738571	0.99997	0.671761	0.580538	0.192488	0.199143	0.104605	0.0704523	2.80841e-07	0.272134	0.0734189	0.0704683	5.02362e-08	-796.15	4.0	1.03867e-05	-1959.41	3.0	4.47413e-06	1.0	180.895	16.095	76.1615	11.889	0.296283	0.0418966	1000.91	34.1627	
0.0-2.4	13.0-30.0	10.0-60.0	1.178-1.571	0.008	0.08	359.0	358.0	286.038	18.0525	71.9554	10.5743	-0.539633	0.474768	-0.05	0.0	0.51724	0.0	3.09382	0.0	0.0230791	0.0	0.045698	0.0	0.03	0.0	1.492	0.0	5.0	0.0	1.733	0.0	0.0358282	0.0	1.03545e-05	0.00459451	0.177498	0.0203601	0.0347602	0.0	-0.00537756	0.0	-0.00315663	0.00206747	1.80759	0.0	0.943702	0.0711004	1.0	0.0362133	1.0	0.073337	0.299783	0.22115	0.0704519	1.92014e-08	0.142786	0.0330045	0.0704521	4.65438e-08	-813.143	4.0	2.93042e-05	-2142.75	3.0	7.33175e-07	1.0	169.235	16.8058	116.803	14.9231	0.408347	0.0453619	986.505	32.8256	
0.0-2.4	6.5-10.0	0.0-100.0	0.000-0.393	0.016	0.176	4167.0	4166.0	2099.67	52.8145	2066.29	52.4973	-0.0688966	0.086055	-0.05	0.0	0.404717	0.0	3.09231	0.0	0.0499158	0.0	0.0253759	0.0	0.03	0.0	1.492	0.0	5.0	0.0	1.733	0.0	0.0373057	0.0	8.61526e-05	0.000304753	0.198818	0.0118705	0.229673	0.0853887	0.00955478	0.0179797	0.00057567	0.000895949	1.9197	0.184703	0.901078	0.020731	0.998794	0.118891	0.442495	0.0990559	0.594433	0.0632616	0.0707941	1.04099	0.161387	0.0183433	0.0764209	0.0144658	-6691.76	4.0	1.86066e-05	-32781.6	3.0	3.09086e-06	1.0	1604.77	51.8252	494.901	34.8053	0.235704	0.01548	1213.2	60.9729	
0.0-2.4	6.5-10.0	0.0-100.0	0.000-1.571	0.016	0.136	14869.0	14840.0	7826.82	119.638	7013.26	116.17	-0.120168	0.0482949	-0.05	0.0	0.404717	0.0588169	3.09231	0.000498307	0.0499158	0.00292833	0.0253759	0.00112672	0.03	0.0	1.492	0.0	5.0	0.0	1.733	0.0	0.0373057	0.00110048	7.98293e-05	0.000176368	0.202145	0.00624681	0.239612	0.0894154	0.0062101	0.00335034	0.00144067	0.000498615	1.68288	0.117187	0.914431	0.0122329	0.611357	0.0288744	0.97309	0.0182522	0.564438	0.0229042	0.0706063	2.91747e-07	0.153933	0.00784879	0.299642	0.108511	-24048.4	4.0	1.80016e-05	-136177.0	7.0	4.99352e-05	1.0	5975.25	110.19	1851.57	67.8287	0.236568	0.00787571	1146.48	44.1915	
0.0-2.4	6.5-10.0	0.0-100.0	0.393-0.785	0.016	0.145	3895.0	3892.0	1990.98	51.2856	1900.82	50.3987	-0.255511	0.0899597	-0.05	0.0	0.404717	0.0	3.09231	0.0	0.0499158	0.0	0.0253759	0.0	0.03	0.0	1.492	0.0	5.0	0.0	1.733	0.0	0.0373057	0.0	2.35595e-05	0.00458844	0.202015	0.0123396	0.518497	0.764936	0.0035218	0.00428896	0.00230324	0.00145462	1.41682	0.222188	0.838463	0.0367922	0.624816	0.0596099	0.923956	0.0534681	0.538086	0.0450699	0.0705574	3.5797e-09	0.154402	0.0154221	0.269154	0.0998999	-6007.89	4.0	1.37975e-06	-30403.4	3.0	1.37141e-05	1.0	1506.38	49.899	484.608	33.7653	0.243401	0.0157576	1174.44	223.555	
0.0-2.4	6.5-10.0	0.0-100.0	0.785-1.178	0.016	0.152	3534.0	3533.0	1916.78	49.7846	1616.22	46.6691	0.00286451	0.0974874	-0.05	0.0	0.404717	0.0	3.09231	0.0	0.0499158	0.0	0.0253759	0.0	0.03	0.0	1.492	0.0	5.0	0.0	1.733	0.0	0.0373057	0.0	6.88744e-05	0.000959106	0.22161	0.0138906	0.111526	0.0960542	0.00999997	0.016016	0.000918066	0.000908618	1.868	0.326587	0.973724	0.0228007	0.627171	0.014996	0.999848	6.80781	0.563349	0.00876251	0.0704623	0.00342769	0.144417	0.00384652	0.110281	32.636	-5869.28	4.0	7.01066e-05	-27447.7	3.0	7.0241e-08	1.0	1486.03	48.3199	430.746	31.1491	0.224724	0.0151664	1109.76	63.5815	
0.0-2.4	6.5-10.0	0.0-100.0	1.178-1.571	0.016	0.152	3273.0	3271.0	1817.68	48.3279	1453.28	44.3979	-0.157135	0.102929	-0.05	0.0	0.404717	0.0	3.09231	0.0	0.0499158	0.0	0.0253759	0.0	0.03	0.0	1.492	0.0	5.0	0.0	1.733	0.0	0.0373057	0.0	0.000188434	0.000544939	0.187639	0.0120382	0.374742	0.211643	0.00265475	0.00433016	0.00162347	0.00112196	1.50231	0.158008	0.793015	0.0281388	0.546777	0.0544032	0.965382	0.0295749	0.556676	0.0546271	0.0704496	0.0125202	0.189103	0.0219579	0.429167	0.233795	-5469.32	4.0	4.17622e-05	-25216.6	3.0	9.52467e-06	1.0	1374.37	47.2893	443.305	32.2478	0.243885	0.0165138	1113.09	87.3223	
0.0-2.4	6.5-10.0	10.0-60.0	0.000-0.393	0.016	0.152	2653.0	2652.0	1423.62	42.9103	1228.36	40.5712	-0.115782	0.111789	-0.05	0.0	0.404717	0.0	3.09231	0.0	0.0499158	0.0	0.0254422	0.0	0.03	0.0	1.492	0.0	5.0	0.0	1.733	0.0	0.0373325	0.0	8.57987e-05	0.0003048	0.196146	0.0142673	0.239612	0.0	0.0062101	0.0	5.03515e-05	0.00110515	1.68288	0.0	0.869589	0.0252191	0.780394	0.869037	0.785484	0.860448	0.572175	0.0942075	0.0707557	0.0946827	0.141298	0.0409076	0.0704536	1.35623e-07	-4529.0	4.0	4.00339e-05	-19811.8	3.0	5.85872e-06	1.0	1095.07	42.0966	328.548	27.9413	0.230784	0.0183529	1119.64	7.44679	
0.0-2.4	6.5-10.0	10.0-60.0	0.000-1.571	0.016	0.16	9130.0	9128.0	5243.54	82.4068	3883.81	73.6964	-0.196361	0.0630993	-0.05	0.0	0.404717	0.0	3.09231	0.0	0.0499158	0.0	0.0254422	0.000681417	0.03	0.0	1.492	0.0	5.0	0.0	1.733	0.0	0.0373325	0.000138221	8.22954e-05	0.000174121	0.196407	0.00736654	0.239612	0.0	0.0062101	0.0	0.000468504	0.000609981	1.68288	0.0	0.886078	0.01466	0.641923	0.0380379	0.970248	0.0186151	0.573436	0.0289238	0.0705168	2.48697e-09	0.160015	0.0103114	0.37043	0.132281	-15702.1	4.0	1.49712e-06	-80019.0	4.0	5.2406e-05	1.0	3976.47	80.5547	1267.08	54.5907	0.241645	0.00969368	1129.43	4.37272	
0.0-2.4	6.5-10.0	10.0-60.0	0.393-0.785	0.016	0.128	2405.0	2396.0	1368.25	41.679	1027.69	37.3707	-0.225566	0.122624	-0.05	0.0	0.404717	0.0	3.09231	0.0	0.0499158	0.0	0.0254422	0.0	0.03	0.0	1.492	0.0	5.0	0.0	1.733	0.0	0.0373325	0.0	1.37048e-05	0.000223793	0.184662	0.0139962	0.239612	0.0	0.0062101	0.0	0.00085573	0.00134209	1.68288	0.0	0.993696	0.0331275	0.651112	0.790533	0.940648	0.17571	0.619452	0.342018	0.0706552	0.164556	0.1872	0.0277031	0.244543	0.181452	-4062.58	4.0	3.7872e-06	-17787.5	3.0	1.57635e-05	1.0	1038.39	41.7562	329.868	29.0525	0.241087	0.0199228	1195.59	10.4681	
0.0-2.4	6.5-10.0	10.0-60.0	0.785-1.178	0.016	0.152	2094.0	2093.0	1247.49	39.5336	845.492	34.0732	-0.223227	0.135429	-0.05	0.0	0.404717	0.0	3.09231	0.0	0.0499158	0.0	0.0254422	0.0	0.03	0.0	1.492	0.0	5.0	0.0	1.733	0.0	0.0373325	0.0	6.88744e-05	0.000959106	0.214186	0.0158806	0.239612	0.0	0.0062101	0.0	-6.5519e-05	0.00120086	1.68288	0.0	0.872404	0.0287893	0.914102	1.16413	0.566773	1.24416	0.610579	0.246967	0.0742006	1.35558	0.164618	0.1848	0.08701	0.0394773	-3714.33	4.0	4.65456e-05	-15343.6	3.0	2.54676e-06	1.0	945.791	38.224	301.696	25.5758	0.241843	0.0190155	1121.3	8.51589	
0.0-2.4	6.5-10.0	10.0-60.0	1.178-1.571	0.016	0.136	1978.0	1976.0	1206.83	38.7935	769.162	32.669	-0.265659	0.142105	-0.05	0.0	0.404717	0.0	3.09231	0.0	0.0499158	0.0	0.0254422	0.0	0.03	0.0	1.492	0.0	5.0	0.0	1.733	0.0	0.0373325	0.0	0.000177731	0.000547176	0.194284	0.014678	0.239612	0.0	0.0062101	0.0	0.000292282	0.00127022	1.68288	0.0	0.829541	0.0314985	0.552626	0.0529105	0.964052	0.029193	0.494315	0.0571656	0.0705622	7.702e-09	0.192934	0.0266236	0.494966	0.284975	-3424.06	4.0	5.68212e-06	-14411.5	3.0	9.87841e-07	1.0	896.642	37.9743	310.191	26.6597	0.257029	0.0204873	1096.29	9.06165	
0.0-2.4	6.5-30.0	0.0-10.0	0.000-0.393	0.008	0.16	1895.0	1894.0	935.929	35.2134	958.203	35.5278	0.0233928	0.126111	-0.05	0.0	0.412186	0.0	3.09295	0.0	0.047039	0.0	0.0239536	0.0	0.03	0.0	1.492	0.0	5.0	0.0	1.733	0.0	0.0353455	0.0	1.26048e-05	0.000103248	0.185751	0.0142755	0.194806	0.0	0.00388621	0.0	0.00202058	0.00137979	1.71005	0.0	1.00065	0.0361137	0.999986	0.718909	0.311982	0.109605	0.59578	0.0855205	0.0709257	4.69353e-06	0.197022	0.0386069	0.0852238	0.0185246	-2938.12	4.0	6.39943e-05	-13413.6	3.0	8.95347e-05	1.0	646.761	33.5061	289.168	25.4734	0.308963	0.0246099	1172.99	12.4031	
0.0-2.4	6.5-30.0	0.0-10.0	0.000-1.571	0.008	0.184	7245.0	7245.0	3581.82	69.8882	3663.05	70.4665	-0.111752	0.0645684	-0.05	0.0	0.412186	0.0	3.09295	0.0	0.047039	0.0	0.0239536	0.000848509	0.03	0.0	1.492	0.0	5.0	0.0	1.733	0.0	0.0353455	0.000169006	3.80561e-05	6.9663e-05	0.187252	0.00791672	0.194806	0.0	0.00388621	0.0	0.000656848	0.000688545	1.71005	0.0	0.968176	0.0188842	0.999572	0.112256	0.376342	0.0660725	0.52204	0.0436435	0.0706423	9.742e-07	0.187191	0.0155777	0.0844974	0.00872316	-11293.0	4.0	4.44819e-05	-61039.7	4.0	3.60123e-06	1.0	2565.76	67.2472	1016.06	49.081	0.283672	0.0125352	1150.84	6.396	
0.0-2.4	6.5-30.0	0.0-10.0	0.393-0.785	0.016	0.145	1900.0	1892.0	878.977	34.4769	1013.14	36.3702	-0.356227	0.123069	-0.05	0.0	0.412186	0.0	3.09295	0.0	0.047039	0.0	0.0239536	0.0	0.03	0.0	1.492	0.0	5.0	0.0	1.733	0.0	0.0353455	0.0	1.59709e-05	0.00459193	0.212202	0.0175383	0.194806	0.0	0.00388621	0.0	-0.000126498	0.00137462	1.71005	0.0	0.971506	0.0382544	0.772158	0.164706	0.923398	0.934924	0.491925	0.0678614	0.0915496	0.0643651	0.138017	0.0173689	0.148705	0.222421	-2746.64	4.0	1.61137e-05	-13306.6	3.0	8.74602e-06	1.0	621.644	32.9228	257.332	24.3155	0.292763	0.0251673	1153.09	12.9757	
0.0-2.4	6.5-30.0	0.0-10.0	0.785-1.178	0.016	0.128	1782.0	1777.0	899.467	34.2789	877.715	33.9604	0.0697735	0.131762	-0.05	0.0	0.412186	0.0	3.09295	0.0	0.047039	0.0	0.0239536	0.0	0.03	0.0	1.492	0.0	5.0	0.0	1.733	0.0	0.0353455	0.0	1.21148e-05	0.0045937	0.187818	0.0163608	0.194806	0.0	0.00388621	0.0	0.00118877	0.00140033	1.71005	0.0	0.962961	0.0391922	0.571054	0.0845767	0.999997	1.46377	0.479074	0.0791139	0.0704453	0.0137913	0.153509	0.0168874	0.0716339	3.36184	-2816.97	4.0	9.75129e-05	-12516.0	3.0	2.01398e-05	1.0	657.454	33.554	242.013	24.1484	0.269062	0.0248121	1147.31	13.2434	
0.0-2.4	6.5-30.0	0.0-10.0	1.178-1.571	0.016	0.152	1668.0	1659.0	852.193	33.3112	807.032	32.6275	-0.167538	0.137676	-0.05	0.0	0.412186	0.0	3.09295	0.0	0.047039	0.0	0.0239536	0.0	0.03	0.0	1.492	0.0	5.0	0.0	1.733	0.0	0.0353455	0.0	1.3619e-05	0.00459301	0.165901	0.015517	0.194806	0.0	0.00388621	0.0	0.00105957	0.00140865	1.71005	0.0	0.956507	0.0382531	0.999957	0.895518	0.323411	0.112586	0.55566	0.0999574	0.118689	2.37436	0.244403	0.0461194	0.0813393	0.0177876	-2765.09	4.0	3.35966e-05	-11586.6	3.0	3.90615e-05	1.0	630.935	33.087	221.258	23.692	0.259633	0.0258827	1142.95	12.8884	
0.0-2.4	6.5-30.0	0.0-100.0	0.000-0.393	0.008	0.176	5679.0	5678.0	3225.49	63.7224	2452.5	57.3378	-0.0420737	0.0791492	-0.05	0.0	0.412186	0.0	3.09295	0.0	0.047039	0.0	0.0244485	0.0	0.03	0.0	1.492	0.0	5.0	0.0	1.733	0.0	0.0355441	0.0	1.25807e-05	0.000103636	0.195641	0.00853521	0.193973	0.0877401	0.0020486	0.00464833	0.00049746	0.00067731	1.87594	0.189891	0.893865	0.0174091	0.963699	0.0773368	0.513101	0.133238	0.54165	0.0453429	0.136501	0.0932828	0.160433	0.0155605	0.0704478	5.98751e-09	-9958.71	4.0	1.58356e-05	-47130.4	3.0	5.33052e-07	1.0	2345.5	61.3133	879.996	43.7541	0.272825	0.0124483	1151.8	60.108	
0.0-2.4	6.5-30.0	0.0-100.0	0.000-1.571	0.008	0.128	20709.0	20665.0	12123.9	137.33	8540.95	123.516	-0.198662	0.0436386	-0.05	0.0	0.412186	0.0392474	3.09295	0.000375904	0.047039	0.00177788	0.0244485	0.000750956	0.03	0.0	1.492	0.0	5.0	0.0	1.733	0.0	0.0355441	0.000675956	3.69757e-05	6.79802e-05	0.192348	0.004424	0.194806	0.0809249	0.00388621	0.00250472	0.000224847	0.000364043	1.71005	0.123875	0.90105	0.00991167	0.778835	0.247616	0.627372	0.422191	0.472548	0.0542731	0.0705717	2.26969e-09	0.176853	0.0241178	0.0704503	7.37659e-08	-36499.7	4.0	3.48697e-06	-198845.0	7.0	0.000106823	1.0	8862.96	127.134	3260.94	86.3054	0.268968	0.0064337	1106.07	43.0281	
0.0-2.4	6.5-30.0	0.0-100.0	0.393-0.785	0.008	0.145	5408.0	5405.0	3083.39	62.2208	2321.56	55.7642	-0.333472	0.0816725	-0.05	0.0	0.412186	0.0	3.09295	0.0	0.047039	0.0	0.0244485	0.0	0.03	0.0	1.492	0.0	5.0	0.0	1.733	0.0	0.0355441	0.0	1.89238e-05	0.00459057	0.191955	0.00879615	0.0431777	0.107987	0.00997815	0.0195849	-0.000268687	0.000693892	1.89503	0.83285	1.03553	0.0191266	0.695271	0.0493903	0.952815	0.0337897	0.486194	0.0413213	0.0705987	3.23673e-09	0.152765	0.0108018	0.277244	0.106181	-9244.44	4.0	3.66586e-05	-44609.1	3.0	7.93276e-07	1.0	2248.19	60.7606	835.198	43.792	0.27087	0.0131086	1086.78	70.5263	
0.0-2.4	6.5-30.0	0.0-100.0	0.785-1.178	0.008	0.152	4928.0	4927.0	2949.48	60.4381	1977.44	51.7774	-0.135196	0.0883892	-0.05	0.0	0.412186	0.0	3.09295	0.0	0.047039	0.0	0.0244485	0.0	0.03	0.0	1.492	0.0	5.0	0.0	1.733	0.0	0.0355441	0.0	2.75139e-05	0.00458662	0.197413	0.00946627	0.0918396	0.0685565	0.00342668	0.00702651	0.000799113	0.00069256	2.01375	0.316371	0.956934	0.0189992	0.643416	0.0469367	1.0	0.0299985	0.502663	0.0437829	0.0705433	4.51328e-07	0.167816	0.0119894	0.344309	2.51522	-8859.77	4.0	7.45336e-07	-40455.4	3.0	4.37947e-06	1.0	2189.74	58.7463	759.743	40.9898	0.257585	0.0128559	1097.29	56.321	
0.0-2.4	6.5-30.0	0.0-100.0	1.178-1.571	0.008	0.152	4694.0	4692.0	2866.73	59.4639	1825.12	49.9428	-0.321019	0.092285	-0.05	0.0	0.412186	0.0	3.09295	0.0	0.047039	0.0	0.0244485	0.0	0.03	0.0	1.492	0.0	5.0	0.0	1.733	0.0	0.0355441	0.0	1.96612e-05	0.00459023	0.185273	0.00870031	0.449361	0.193671	0.00205439	0.00260759	0.000780004	0.000933907	1.48015	0.117135	0.764853	0.0249878	0.65743	0.0439752	0.97665	0.0182301	0.508363	0.0380346	0.0705915	3.76467e-07	0.169086	0.0145555	0.462556	0.229261	-8432.66	4.0	9.87138e-05	-38375.2	3.0	2.59092e-05	1.0	2082.13	57.3933	784.602	41.1528	0.273692	0.013185	1143.07	76.2189	
0.0-2.4	6.5-30.0	10.0-20.0	0.000-0.393	0.016	0.152	1449.0	1444.0	780.457	31.6356	663.539	29.7307	0.153843	0.151799	-0.05	0.0	0.412186	0.0	3.09295	0.0	0.047039	0.0	0.0249544	0.0	0.03	0.0	1.492	0.0	5.0	0.0	1.733	0.0	0.0357502	0.0	1.22174e-05	0.000115125	0.206157	0.0167845	0.194806	0.0	0.00388621	0.0	-0.0023964	0.00144188	1.71005	0.0	0.940447	0.0355378	0.999925	0.171655	0.688308	0.141482	0.637432	0.0652528	0.0709493	1.03872	0.138454	0.0250955	0.119502	0.0510231	-2395.06	4.0	1.13494e-05	-9938.96	3.0	1.01709e-06	1.0	538.537	29.8021	241.92	22.5344	0.309973	0.0259962	1132.17	11.8846	
0.0-2.4	6.5-30.0	10.0-20.0	0.000-1.571	0.008	0.16	5132.0	5131.0	2842.16	60.9819	2288.57	56.2601	-0.197337	0.0819885	-0.05	0.0	0.412186	0.0	3.09295	0.0	0.047039	0.0	0.0249544	0.000964526	0.03	0.0	1.492	0.0	5.0	0.0	1.733	0.0	0.0357502	0.000197876	1.00282e-05	0.000232918	0.199075	0.00915353	0.194806	0.0	0.00388621	0.0	-0.000712601	0.000777861	1.71005	0.0	0.938379	0.0208085	0.710622	0.0525502	0.930221	0.0423038	0.522797	0.042791	0.0706782	7.14298e-07	0.136247	0.0116043	0.280775	0.0893046	-8540.6	4.0	2.77962e-05	-41911.4	4.0	1.50027e-05	1.0	2037.83	58.4154	804.334	42.4077	0.283001	0.0136295	1130.79	6.95198	
0.0-2.4	6.5-30.0	10.0-20.0	0.393-0.785	0.008	0.128	1311.0	1306.0	707.322	30.1705	598.609	28.3118	-0.183569	0.160065	-0.05	0.0	0.412186	0.0	3.09295	0.0	0.047039	0.0	0.0249544	0.0	0.03	0.0	1.492	0.0	5.0	0.0	1.733	0.0	0.0357502	0.0	1.64982e-05	0.00459169	0.192815	0.0200577	0.194806	0.0	0.00388621	0.0	-0.000286207	0.00157029	1.71005	0.0	0.948109	0.043444	0.646237	0.0822358	0.94119	0.0710218	0.370157	0.0928314	0.0705801	5.58165e-09	0.12824	0.0176752	0.224417	0.183473	-2176.49	4.0	3.29232e-05	-8853.57	3.0	4.19406e-06	1.0	545.61	30.0372	161.711	20.2037	0.228625	0.0268475	1137.31	14.5808	
0.0-2.4	6.5-30.0	10.0-20.0	0.785-1.178	0.008	0.152	1233.0	1232.0	689.73	29.6232	542.201	27.0185	-0.30482	0.168594	-0.05	0.0	0.412186	0.0	3.09295	0.0	0.047039	0.0	0.0249544	0.0	0.03	0.0	1.492	0.0	5.0	0.0	1.733	0.0	0.0357502	0.0	2.75139e-05	0.00458662	0.211891	0.0208879	0.194806	0.0	0.00388621	0.0	-0.000396779	0.00148378	1.71005	0.0	0.935703	0.0404191	0.999996	0.731145	0.428222	0.205527	0.611421	0.148119	0.0706982	4.06186e-05	0.22899	0.0500539	0.0892994	0.0315318	-2091.82	4.0	5.64176e-05	-8315.18	3.0	9.04112e-06	1.0	509.108	28.2921	180.621	19.558	0.261872	0.0260301	1129.0	13.4865	
0.0-2.4	6.5-30.0	10.0-20.0	1.178-1.571	0.008	0.12	1139.0	1135.0	662.375	28.7928	472.568	25.2831	-0.599716	0.18252	-0.05	0.0	0.412186	0.0	3.09295	0.0	0.047039	0.0	0.0249544	0.0	0.03	0.0	1.492	0.0	5.0	0.0	1.733	0.0	0.0357502	0.0	2.02273e-05	0.00458997	0.184433	0.0161674	0.194806	0.0	0.00388621	0.0	0.000338438	0.0017873	1.71005	0.0	0.942905	0.0505894	0.648831	0.0804566	0.93789	0.0632993	0.474163	0.0821503	0.0705297	8.91274e-09	0.14022	0.0224583	0.346245	0.207292	-1877.61	4.0	6.68001e-06	-7611.82	3.0	3.80746e-06	1.0	441.106	27.7764	221.269	22.2796	0.334054	0.0303401	1133.82	16.9378	
0.0-2.4	6.5-30.0	10.0-30.0	0.000-0.393	0.016	0.152	2466.0	2457.0	1373.46	41.7133	1083.54	38.0802	0.0436375	0.118915	-0.05	0.0	0.412186	0.0	3.09295	0.0	0.047039	0.0	0.0241788	0.0	0.03	0.0	1.492	0.0	5.0	0.0	1.733	0.0	0.0354355	0.0	1.22174e-05	0.000115125	0.216421	0.0144381	0.194806	0.0	0.00388621	0.0	0.00181009	0.0010806	1.71005	0.0	0.906159	0.0266296	0.96394	0.510286	0.425506	0.78708	0.508046	0.0833537	0.0704415	9.51055e-09	0.151687	0.0471915	0.0706784	0.0182635	-4289.43	4.0	3.24917	-18299.1	3.0	1.88e-06	1.0	1018.16	39.5065	355.299	26.8515	0.25869	0.0179022	1109.43	8.7567	
0.0-2.4	6.5-30.0	10.0-30.0	0.000-1.571	0.008	0.16	8730.0	8729.0	5071.08	80.4535	3657.17	71.1253	-0.191389	0.0649427	-0.05	0.0	0.412186	0.0	3.09295	0.0	0.047039	0.0	0.0241788	0.00068639	0.03	0.0	1.492	0.0	5.0	0.0	1.733	0.0	0.0354355	0.00013765	1.00282e-05	0.000232918	0.206602	0.00714793	0.194806	0.0	0.00388621	0.0	0.00256211	7.73638e-11	1.71005	0.0	0.92257	0.0149412	0.676447	0.0846011	0.967615	0.0258876	0.515241	0.06969	0.0704405	0.0218315	0.141731	0.00906502	0.316841	0.120401	-15306.4	4.0	22.469	-76397.0	4.0	7.9144e-05	1.0	3753.9	75.2901	1317.19	50.5802	0.259745	0.00908317	1120.27	4.95377	
0.0-2.4	6.5-30.0	10.0-30.0	0.393-0.785	0.008	0.128	2265.0	2255.0	1280.79	40.1198	974.199	36.0969	-0.17731	0.125636	-0.05	0.0	0.412186	0.0	3.09295	0.0	0.047039	0.0	0.0241788	0.0	0.03	0.0	1.492	0.0	5.0	0.0	1.733	0.0	0.0354355	0.0	1.64982e-05	0.00459169	0.187023	0.0132012	0.194806	0.0	0.00388621	0.0	-0.000105117	0.00114646	1.71005	0.0	0.949708	0.0320218	0.696248	0.755079	0.955401	0.178073	0.515656	0.347766	0.0706556	0.158685	0.144568	0.0190985	0.213967	0.131953	-3921.53	4.0	8.85885e-06	-16641.0	3.0	3.34219e-06	1.0	941.155	39.2703	339.637	28.0395	0.265177	0.0202553	1138.38	10.7552	
0.0-2.4	6.5-30.0	10.0-30.0	0.785-1.178	0.008	0.152	2035.0	2034.0	1217.62	38.7747	816.351	33.2008	-0.352598	0.137897	-0.05	0.0	0.412186	0.0	3.09295	0.0	0.047039	0.0	0.0241788	0.0	0.03	0.0	1.492	0.0	5.0	0.0	1.733	0.0	0.0354355	0.0	2.75139e-05	0.00458662	0.218662	0.015597	0.194806	0.0	0.00388621	0.0	-0.000424644	0.0010993	1.71005	0.0	0.913402	0.0298341	0.715479	0.095854	1.0	0.00406387	0.60153	0.0742795	0.0843181	0.0226122	0.167493	0.0206824	3.31494	5.48026	-3657.17	4.0	5.41545e-08	-14905.0	3.0	8.70557e-06	1.0	900.169	36.8336	317.447	25.2426	0.260712	0.0189961	1114.2	9.84652	
0.0-2.4	6.5-30.0	10.0-30.0	1.178-1.571	0.008	0.145	1964.0	1963.0	1192.52	38.369	770.455	32.4059	-0.366292	0.142096	-0.05	0.0	0.412186	0.0	3.09295	0.0	0.047039	0.0	0.0241788	0.0	0.03	0.0	1.492	0.0	5.0	0.0	1.733	0.0	0.0354355	0.0	1.49137e-05	0.00459242	0.187516	0.0128706	0.194806	0.0	0.00388621	0.0	0.000140761	0.0012239	1.71005	0.0	0.896764	0.0344518	0.620838	0.054139	0.968242	0.0291519	0.478185	0.0641853	0.0705145	8.5536e-07	0.158115	0.0191031	0.400668	0.234219	-3438.95	4.0	1.23772e-05	-14330.2	3.0	4.67597e-06	1.0	830.057	37.0016	362.458	28.1399	0.303944	0.0214753	1103.26	11.2741	
0.0-2.4	6.5-30.0	10.0-60.0	0.000-0.393	0.016	0.152	3651.0	3638.0	2164.58	51.7313	1473.32	44.5528	-0.0980657	0.102273	-0.05	0.0	0.412186	0.0	3.09295	0.0	0.047039	0.0	0.0246478	0.0	0.03	0.0	1.492	0.0	5.0	0.0	1.733	0.0	0.0356249	0.0	1.22174e-05	0.000115125	0.197265	0.010648	0.194806	0.0	0.00388621	0.0	-0.000291693	0.000816489	1.71005	0.0	0.865686	0.0206459	0.883386	0.69722	0.639256	1.16108	0.533154	0.249287	0.0707723	1.35171e-06	0.154274	0.0655055	0.0707646	0.0580177	-6720.25	4.0	6.06957e-07	-28753.5	3.0	4.75046e-06	1.0	1596.07	49.8052	568.514	34.7874	0.262644	0.0147947	1083.09	6.64354	
0.0-2.4	6.5-30.0	10.0-60.0	0.000-1.571	0.008	0.16	12939.0	12937.0	8102.1	100.242	4834.09	82.3432	-0.274497	0.0567382	-0.05	0.0	0.412186	0.0	3.09295	0.0	0.047039	0.0	0.0246478	0.000532703	0.03	0.0	1.492	0.0	5.0	0.0	1.733	0.0	0.0356249	0.000108323	1.00282e-05	0.000232918	0.193226	0.00543897	0.194806	0.0	0.00388621	0.0	-3.59116e-05	0.000442654	1.71005	0.0	0.889672	0.011884	0.688649	0.0289312	0.981916	0.0102597	0.505835	0.0254246	0.07057	3.49177e-07	0.157494	0.00776315	0.459719	0.158814	-24061.1	4.0	3.07184e-06	-119332.0	4.0	0.000115298	1.0	5954.61	96.7661	2147.49	68.1321	0.265053	0.00774342	1098.63	3.87446	
0.0-2.4	6.5-30.0	10.0-60.0	0.393-0.785	0.008	0.128	3385.0	3375.0	2096.21	50.577	1278.75	41.7222	-0.323033	0.110326	-0.05	0.0	0.412186	0.0	3.09295	0.0	0.047039	0.0	0.0246478	0.0	0.03	0.0	1.492	0.0	5.0	0.0	1.733	0.0	0.0356249	0.0	1.64982e-05	0.00459169	0.183983	0.0104964	0.194806	0.0	0.00388621	0.0	-0.000310807	0.000912091	1.71005	0.0	0.944575	0.0257897	0.682989	0.380522	0.978166	0.119433	0.515586	0.322284	0.0705807	0.119459	0.169348	0.0218936	0.273883	0.247114	-6227.69	4.0	1.599e-05	-26575.1	3.0	9.97352e-06	1.0	1558.31	49.7533	537.903	35.0738	0.256608	0.0155444	1134.93	8.64135	
0.0-2.4	6.5-30.0	10.0-60.0	0.785-1.178	0.008	0.152	2995.0	2994.0	1931.88	48.3178	1062.13	38.276	-0.310269	0.121286	-0.05	0.0	0.412186	0.0	3.09295	0.0	0.047039	0.0	0.0246478	0.0	0.03	0.0	1.492	0.0	5.0	0.0	1.733	0.0	0.0356249	0.0	2.75139e-05	0.00458662	0.202019	0.0117787	0.194806	0.0	0.00388621	0.0	-2.76257e-05	0.000891533	1.71005	0.0	0.885363	0.0237265	0.695749	0.0683928	0.989531	0.0166797	0.523592	0.0617823	0.0705312	1.75122e-08	0.164971	0.0207142	0.736924	0.660309	-5714.22	4.0	1.48241e-05	-23336.7	3.0	1.72029e-05	1.0	1435.3	46.5695	496.584	32.1607	0.257047	0.0153559	1095.82	7.71764	
0.0-2.4	6.5-30.0	10.0-60.0	1.178-1.571	0.008	0.152	2908.0	2907.0	1900.42	47.9124	1006.51	37.4393	-0.434878	0.124943	-0.05	0.0	0.412186	0.0	3.09295	0.0	0.047039	0.0	0.0246478	0.0	0.03	0.0	1.492	0.0	5.0	0.0	1.733	0.0	0.0356249	0.0	1.96612e-05	0.00459023	0.191391	0.0106369	0.194806	0.0	0.00388621	0.0	0.000203406	0.000957312	1.71005	0.0	0.879032	0.026237	0.644255	0.059342	0.976659	0.0178645	0.441318	0.0552473	0.0705751	7.0237e-07	0.167475	0.0174577	0.537255	0.293823	-5386.92	4.0	4.94796e-06	-22596.7	3.0	1.54177e-05	1.0	1355.25	46.3087	545.174	34.1464	0.286869	0.0164479	1091.71	8.50513	
0.0-2.4	6.5-30.0	20.0-30.0	0.000-0.393	0.016	0.105	1017.0	1010.0	594.344	27.2034	415.655	23.6925	-0.0987711	0.192178	-0.05	0.0	0.412186	0.0	3.09295	0.0	0.047039	0.0	0.0232365	0.0	0.03	0.0	1.492	0.0	5.0	0.0	1.733	0.0	0.035063	0.0	1.20125e-05	0.000129932	0.230593	0.0260875	0.194806	0.0	0.00388621	0.0	0.00312721	0.00152136	1.71005	0.0	0.881937	0.0380262	0.63952	0.744777	0.872695	0.883628	0.477528	0.245925	0.0706191	0.0726196	0.121617	0.0950757	0.0704617	0.95557	-1899.61	4.0	1.69969e-07	-6678.81	3.0	7.32654e-07	1.0	471.57	26.1327	122.773	15.7678	0.20657	0.0247878	1093.6	12.3462	
0.0-2.4	6.5-30.0	20.0-30.0	0.000-1.571	0.008	0.152	3598.0	3598.0	2228.23	52.4901	1369.58	43.5516	-0.182274	0.106302	-0.05	0.0	0.412186	0.0	3.09295	0.0	0.047039	0.0	0.0232365	0.000963543	0.03	0.0	1.492	0.0	5.0	0.0	1.733	0.0	0.035063	0.000187674	1.79985e-05	0.004591	0.210861	0.0111444	0.194806	0.0	0.00388621	0.0	0.00360594	4.74901e-08	1.71005	0.0	0.883412	0.0216289	0.645648	0.145331	0.996023	0.0087572	0.507246	0.127344	0.070439	0.0301618	0.146825	0.0131711	0.47751	0.578243	-6789.27	4.0	0.000304356	-28584.2	4.0	1.97666e-05	1.0	1681.01	49.1706	547.226	31.872	0.245587	0.0130816	1094.56	7.02798	
0.0-2.4	6.5-30.0	20.0-30.0	0.393-0.785	0.016	0.145	954.0	949.0	567.574	26.3459	381.338	22.5353	-0.165093	0.200762	-0.05	0.0	0.412186	0.0	3.09295	0.0	0.047039	0.0	0.0232365	0.0	0.03	0.0	1.492	0.0	5.0	0.0	1.733	0.0	0.035063	0.0	1.59709e-05	0.00459193	0.182669	0.0177054	0.194806	0.0	0.00388621	0.0	0.00056816	0.00167519	1.71005	0.0	0.92796	0.0471269	0.760811	0.827772	0.971905	0.062268	0.649075	0.773161	0.0704504	0.254115	0.166432	0.0340601	0.467558	0.513097	-1724.92	4.0	2.66777e-06	-6247.6	3.0	5.24536e-05	1.0	393.602	25.2238	173.972	19.1741	0.306519	0.0306402	1123.84	15.6662	
0.0-2.4	6.5-30.0	20.0-30.0	0.785-1.178	0.016	0.12	802.0	795.0	520.972	24.8538	273.963	19.2528	-0.444306	0.239125	-0.05	0.0	0.412186	0.0	3.09295	0.0	0.047039	0.0	0.0232365	0.0	0.03	0.0	1.492	0.0	5.0	0.0	1.733	0.0	0.035063	0.0	1.13479e-05	0.00459405	0.230011	0.0240763	0.194806	0.0	0.00388621	0.0	-0.000172869	0.00159996	1.71005	0.0	0.851674	0.0429407	0.710303	0.145991	0.999991	0.193614	0.478791	0.151499	0.0708773	0.0315384	0.134174	0.0238139	0.0778706	3.28342	-1561.31	4.0	8.13529e-06	-5178.27	3.0	3.53944e-05	1.0	385.972	23.3217	135.0	15.6948	0.259131	0.0274728	1074.11	13.7077	
0.0-2.4	6.5-30.0	20.0-30.0	1.178-1.571	0.008	0.128	825.0	823.0	529.574	25.3325	293.383	20.1385	-0.0267821	0.229269	-0.05	0.0	0.412186	0.0	3.09295	0.0	0.047039	0.0	0.0232365	0.0	0.03	0.0	1.492	0.0	5.0	0.0	1.733	0.0	0.035063	0.0	3.66622e-05	0.000202958	0.193282	0.0213915	0.194806	0.0	0.00388621	0.0	-0.000168861	0.00165707	1.71005	0.0	0.846966	0.0462493	0.596397	0.446696	0.999528	7.5261	0.460308	0.413989	0.0705665	1.74254e-07	0.181836	0.202648	0.0760008	57.8542	-1564.95	4.0	1.93897e-06	-5351.24	3.0	1.2076e-05	1.0	389.765	24.4451	139.809	17.1659	0.264003	0.0298533	1071.11	14.7234	
0.0-2.4	6.5-30.0	30.0-60.0	0.000-0.393	0.016	0.12	1185.0	1179.0	790.14	30.5412	388.863	23.0543	-0.481256	0.20134	-0.05	0.0	0.412186	0.0	3.09295	0.0	0.047039	0.0	0.0253586	0.0	0.03	0.0	1.492	0.0	5.0	0.0	1.733	0.0	0.035917	0.0	1.21545e-05	0.000118996	0.172795	0.0156565	0.194806	0.0	0.00388621	0.0	0.00124941	0.00127675	1.71005	0.0	0.812892	0.0331818	0.883466	0.150075	0.999922	0.848648	0.609401	0.119779	0.0704424	0.000114983	0.176676	0.0309812	0.0713255	0.0721855	-2452.72	4.0	2.1835	-8163.47	3.0	8.38195e-08	1.0	591.874	29.6047	198.265	20.2923	0.250925	0.0237801	1049.63	10.3458	
0.0-2.4	6.5-30.0	30.0-60.0	0.000-1.571	0.008	0.145	4209.0	4207.0	3032.29	59.7386	1175.09	41.3684	-0.539694	0.116816	-0.05	0.0	0.412186	0.0	3.09295	0.0	0.047039	0.0	0.0253586	0.000859365	0.03	0.0	1.492	0.0	5.0	0.0	1.733	0.0	0.035917	0.000178325	3.69686e-05	0.0287936	0.177662	0.0084486	0.194806	0.0	0.00388621	0.0	-0.000556673	0.000717266	1.71005	0.0	0.846587	0.0192484	0.889452	2.84558	0.669385	2.08014	0.437498	0.216329	0.0705336	0.510874	0.220434	0.0806302	0.0706298	1.6048e-08	-8846.16	4.0	7.12882e-07	-34843.7	4.0	5.52902e-05	1.0	2252.77	58.6661	779.524	41.3261	0.257074	0.0126527	1070.87	6.12636	
0.0-2.4	6.5-30.0	30.0-60.0	0.393-0.785	0.016	0.096	1120.0	1110.0	806.745	30.5506	303.221	20.732	-0.805954	0.232195	-0.05	0.0	0.412186	0.0	3.09295	0.0	0.047039	0.0	0.0253586	0.0	0.03	0.0	1.492	0.0	5.0	0.0	1.733	0.0	0.035917	0.0	1.00324e-05	0.000766952	0.173997	0.0178324	0.194806	0.0	0.00388621	0.0	-0.00181541	0.00151538	1.71005	0.0	0.914963	0.0435904	0.99916	418466.0	0.471017	35438.5	0.416282	12815.4	0.0704505	569938.0	0.265735	3518.51	0.0704523	7.34827e-06	-2321.54	4.0	1.67961e-06	-7732.54	3.0	6.40247e-06	1.0	608.593	30.6276	198.152	21.5222	0.24562	0.0250038	1115.23	14.3979	
0.0-2.4	6.5-30.0	30.0-60.0	0.785-1.178	0.008	0.12	960.0	958.0	714.494	28.7517	243.503	18.86	-0.191711	0.255226	-0.05	0.0	0.412186	0.0	3.09295	0.0	0.047039	0.0	0.0253586	0.0	0.03	0.0	1.492	0.0	5.0	0.0	1.733	0.0	0.035917	0.0	1.26912e-05	0.00459344	0.173321	0.0170442	0.194806	0.0	0.00388621	0.0	0.00011739	0.00154221	1.71005	0.0	0.847999	0.0393421	0.748402	0.0759708	0.984996	0.0186235	0.318649	0.089761	0.0705716	2.50218e-09	0.161897	0.026976	1.10296	1.07819	-2077.95	4.0	1.08667e-05	-6560.45	3.0	8.69364e-08	1.0	534.63	28.6997	179.864	20.3276	0.251736	0.0265859	1071.77	12.5321	
0.0-2.4	6.5-30.0	30.0-60.0	1.178-1.571	0.008	0.105	944.0	940.0	705.713	28.5954	234.279	18.6088	-0.658312	0.262644	-0.05	0.0	0.412186	0.0	3.09295	0.0	0.047039	0.0	0.0253586	0.0	0.03	0.0	1.492	0.0	5.0	0.0	1.733	0.0	0.035917	0.0	4.85093e-05	0.000406753	0.197631	0.0187285	0.194806	0.0	0.00388621	0.0	7.91287e-05	0.00153689	1.71005	0.0	0.856782	0.0400671	0.852854	0.85352	0.655667	0.789528	0.322746	0.18364	0.0705256	0.131098	0.234467	0.0858252	0.0704786	0.0383927	-1972.4	4.0	1.23422e-06	-6420.23	3.0	8.46694e-07	1.0	521.413	27.7372	184.301	19.4614	0.261155	0.0254659	1077.38	12.8281	
0.0-2.4	6.5-8.0	0.0-100.0	0.000-0.393	0.024	0.136	2435.0	2425.0	1024.42	38.5167	1400.64	43.1243	-0.156576	0.10439	-0.05	0.0	0.366656	0.0	3.09164	0.0	0.0533603	0.0	0.0281511	0.0	0.03	0.0	1.492	0.0	5.0	0.0	1.733	0.0	0.039318	0.0	0.000283738	0.00239569	0.215905	0.0202871	0.38234	0.121499	0.01	0.00341549	0.00179959	0.00145541	1.80181	0.174803	0.875957	0.0298533	0.99999	0.713746	0.600986	0.140072	0.746861	0.0433693	0.0707474	0.000250756	0.148309	0.0263522	0.124871	0.0375671	-3503.31	4.0	1.59051e-05	-17451.8	3.0	3.31784e-05	1.0	817.146	37.9997	207.277	23.6809	0.202335	0.0218287	1309.66	73.8781	
0.0-2.4	6.5-8.0	0.0-100.0	0.000-1.571	0.016	0.16	8652.0	8649.0	3902.12	92.7168	4746.94	97.1596	-0.0943895	0.0590292	-0.05	0.0	0.366656	0.0977716	3.09164	0.000788131	0.0533603	0.00555416	0.0281511	0.00181907	0.03	0.0	1.492	0.0	5.0	0.0	1.733	0.0	0.0393179	0.00192655	2.99332e-05	0.00458551	0.211003	0.0102061	0.247328	0.092515	0.00999999	0.0035556	0.00197546	0.000716718	1.76918	0.144226	0.923238	0.0161391	0.565955	0.0581441	0.940811	0.0552228	0.585406	0.0445439	0.0705797	0.0135914	0.140083	0.0109276	0.246045	0.0962437	-12641.8	4.0	6.50729e-07	-73573.6	7.0	1.60419e-05	1.0	3102.22	85.5245	799.902	47.3542	0.204992	0.0111151	1189.83	51.8243	
0.0-2.4	6.5-8.0	0.0-100.0	0.393-0.785	0.016	0.145	2256.0	2254.0	953.342	37.1213	1300.74	41.5367	-0.185883	0.108375	-0.05	0.0	0.366656	0.0	3.09164	0.0	0.0533603	0.0	0.0281511	0.0	0.03	0.0	1.492	0.0	5.0	0.0	1.733	0.0	0.039318	0.0	5.71468e-05	0.0356234	0.200382	0.0203595	0.840202	0.0613475	0.00435761	0.0029239	-0.00285808	0.00440062	1.29411	0.0495922	0.616408	0.151699	0.781228	3012.61	0.659779	9339.72	0.660098	225.195	0.0704813	1360.4	0.147169	215.923	0.137874	683.993	-3144.59	4.0	6.45376e-05	-16059.8	3.0	4.07032e-05	1.0	760.863	36.4838	192.479	22.5723	0.2019	0.0223338	1211.54	28.3178	
0.0-2.4	6.5-8.0	0.0-100.0	0.785-1.178	0.016	0.152	2084.0	2083.0	1009.4	37.1814	1073.6	38.0349	0.0538132	0.1194	-0.05	0.0	0.366656	0.0	3.09164	0.0	0.0533603	0.0	0.0281511	0.0	0.03	0.0	1.492	0.0	5.0	0.0	1.733	0.0	0.039318	0.0	0.000162346	0.00052087	0.211434	0.0191804	0.125882	0.127257	0.00999964	0.014763	0.00156131	0.00132445	1.93842	0.430428	0.966225	0.0311374	0.532282	4.11859	0.971482	14.3602	0.518789	2.55751	0.0704588	1.08535e-07	0.134391	1.29961	0.0715255	1.50785e-05	-3182.22	4.0	2.03055e-05	-14856.1	3.0	2.34365e-07	1.0	793.637	36.5316	215.762	23.3046	0.213753	0.0217036	1135.37	92.3839	
0.0-2.4	6.5-8.0	0.0-100.0	1.178-1.571	0.024	0.152	1877.0	1874.0	914.936	35.4299	958.951	36.0455	-0.0634998	0.126332	-0.05	0.0	0.366656	0.0	3.09164	0.0	0.0533603	0.0	0.0281511	0.0	0.03	0.0	1.492	0.0	5.0	0.0	1.733	0.0	0.039318	0.0	0.00037077	0.135166	0.217067	0.0214088	0.647993	0.791046	0.00754216	0.00408385	-0.000414126	0.00194315	1.39667	0.230068	0.600016	0.170221	0.489337	0.0737789	0.910707	0.0933482	0.599683	0.0609612	0.0708778	0.0183993	0.1851	0.0314507	0.305681	0.169231	-2815.65	4.0	9.19123e-05	-13167.2	3.0	1.38193e-05	1.0	730.127	34.3399	184.808	20.7619	0.20199	0.0213016	1179.31	281.386	
0.0-2.4	6.5-8.0	10.0-60.0	0.000-0.393	0.016	0.128	1520.0	1517.0	692.555	31.1011	824.503	33.154	-0.15795	0.13616	-0.05	0.0	0.366656	0.0	3.09164	0.0	0.0533603	0.0	0.0275344	0.0	0.03	0.0	1.492	0.0	5.0	0.0	1.733	0.0	0.0390404	0.0	0.000280358	0.0026809	0.217466	0.0241917	0.247328	0.0	0.00999999	0.0	9.73683e-05	0.00160685	1.76918	0.0	0.918339	0.0333322	0.826276	0.000358228	1.0	0.03759	0.73026	0.000213776	0.114559	0.000200401	0.139916	9.92574e-05	0.487426	63.0862	-2336.61	4.0	1.98009e-06	-10278.9	3.0	1.29851e-05	1.0	548.22	30.5855	144.335	19.2711	0.208409	0.026205	1186.97	9.70516	
0.0-2.4	6.5-8.0	10.0-60.0	0.000-1.571	0.016	0.16	5214.0	5212.0	2632.75	60.5465	2579.08	60.0996	-0.138728	0.0771983	-0.05	0.0	0.366656	0.0	3.09164	0.0	0.0533603	0.0	0.0275344	0.00101223	0.03	0.0	1.492	0.0	5.0	0.0	1.733	0.0	0.0390404	0.000226075	2.99332e-05	0.00458551	0.202968	0.0115804	0.247328	0.0	0.00999999	0.0	0.000660533	0.00088804	1.76918	0.0	0.912206	0.0193182	0.626111	0.0660489	0.905416	0.0672532	0.657482	0.0375899	0.0706882	1.03361e-07	0.151313	0.0157119	0.249487	0.0822629	-8194.14	4.0	1.13997e-07	-42101.7	4.0	5.80892e-05	1.0	2060.38	59.6665	572.376	38.5769	0.217406	0.0137733	1183.41	5.60404	
0.0-2.4	6.5-8.0	10.0-60.0	0.393-0.785	0.016	0.128	1355.0	1346.0	675.32	30.2228	670.827	30.1475	-0.123482	0.151236	-0.05	0.0	0.366656	0.0	3.09164	0.0	0.0533603	0.0	0.0275344	0.0	0.03	0.0	1.492	0.0	5.0	0.0	1.733	0.0	0.0390404	0.0	3.68991e-05	0.00458231	0.188673	0.0225645	0.247328	0.0	0.00999999	0.0	0.00122946	0.00197386	1.76918	0.0	1.03189	0.0415253	0.611955	0.216733	0.796286	0.756358	0.68629	0.0777868	0.0705907	1.7796e-06	0.163295	0.0432072	0.142426	0.111847	-2114.59	4.0	3.0172e-06	-9041.88	3.0	7.63494e-05	1.0	537.861	30.6378	137.459	19.9274	0.203546	0.0280669	1255.22	12.847	
0.0-2.4	6.5-8.0	10.0-60.0	0.785-1.178	0.016	0.152	1201.0	1200.0	653.802	29.2712	546.181	27.3709	-0.098661	0.167884	-0.05	0.0	0.366656	0.0	3.09164	0.0	0.0533603	0.0	0.0275344	0.0	0.03	0.0	1.492	0.0	5.0	0.0	1.733	0.0	0.0390404	0.0	0.000162346	0.00052087	0.195042	0.0218543	0.247328	0.0	0.00999999	0.0	-0.00107956	0.00171271	1.76918	0.0	0.859782	0.0376749	0.813782	0.902349	0.592399	0.668725	0.59953	0.306315	0.119561	0.0764137	0.151706	0.0754277	0.0711948	0.384199	-2000.82	4.0	4.14416e-07	-8005.99	3.0	1.1537e-06	1.0	509.524	29.0736	144.278	19.1474	0.220675	0.0275694	1153.49	10.5683	
0.0-2.4	6.5-8.0	10.0-60.0	1.178-1.571	0.024	0.136	1138.0	1135.0	613.332	28.4807	521.597	26.8222	-0.166367	0.171747	-0.05	0.0	0.366656	0.0	3.09164	0.0	0.0533603	0.0	0.0275344	0.0	0.03	0.0	1.492	0.0	5.0	0.0	1.733	0.0	0.0390404	0.0	1.00919e-05	0.00212113	0.210157	0.0231963	0.247328	0.0	0.00999999	0.0	0.00154174	0.00177654	1.76918	0.0	0.83607	0.0417324	0.465075	0.0805048	0.919486	0.0769594	0.607973	0.0658544	0.0705696	1.45865e-07	0.209217	0.0421799	0.366623	0.202918	-1773.41	4.0	3.61313e-06	-7494.85	3.0	6.11394e-06	1.0	464.594	27.7176	148.739	18.7226	0.242509	0.028373	1140.29	11.5153	
0.0-2.4	8.0-10.0	0.0-100.0	0.000-0.393	0.016	0.16	1732.0	1731.0	1073.45	36.1571	657.548	29.8565	0.0885157	0.152927	-0.05	0.0	0.456324	0.0	3.0929	0.0	0.0461602	0.0	0.0224004	0.0	0.03	0.0	1.492	0.0	5.0	0.0	1.733	0.0	0.0352863	0.0	2.05538e-05	0.00458982	0.188295	0.0143201	0.482702	0.335463	0.000111624	0.00436177	0.00107003	0.00158127	1.46636	0.216501	0.755492	0.0391705	0.710647	0.741286	0.923695	0.81749	0.530981	0.195954	0.0706147	0.0538476	0.154537	0.0713176	0.07055	0.942221	-3241.31	4.0	1.26408e-07	-12486.3	3.0	1.11518e-06	1.0	791.782	34.7155	281.67	24.1642	0.262396	0.0207031	1154.63	132.698	
0.0-2.4	8.0-10.0	0.0-100.0	0.000-1.571	0.016	0.184	6217.0	6217.0	3920.27	76.6136	2296.98	65.1254	-0.182189	0.0840604	-0.05	0.0	0.456324	0.0666085	3.0929	0.000629888	0.0461602	0.00284689	0.0224004	0.00136399	0.03	0.0	1.492	0.0	5.0	0.0	1.733	0.0	0.0352863	0.00116978	8.20597e-05	0.000220638	0.194979	0.00786919	0.223696	0.161641	0.000490403	0.00440363	0.00112329	0.000693603	1.60773	0.189769	0.917606	0.0186683	0.715115	0.794197	1.0	130.197	0.569661	0.075725	0.0749829	0.0984796	0.183006	0.0805464	0.0711062	471.584	-11566.9	4.0	7.09277e-05	-52927.7	7.0	6.19339e-05	1.0	2871.54	71.0581	1048.73	48.1667	0.267514	0.0111188	1109.89	70.764	
0.0-2.4	8.0-10.0	0.0-100.0	0.393-0.785	0.016	0.105	1639.0	1629.0	1037.93	35.3829	591.049	28.374	-0.387701	0.162213	-0.05	0.0	0.456324	0.0	3.0929	0.0	0.0461602	0.0	0.0224004	0.0	0.03	0.0	1.492	0.0	5.0	0.0	1.733	0.0	0.0352863	0.0	0.000172932	0.00146308	0.20498	0.0160065	0.0247845	0.0475261	0.00888237	0.0102477	0.000250932	0.00142511	2.45426	1.19584	1.25011	0.0388603	0.999997	0.109163	1.0	0.0263985	0.692794	0.0487007	0.0705463	0.773133	0.211533	0.0286064	1.10295	1.72853	-2881.5	4.0	7.72957e-05	-11697.9	3.0	4.10035e-06	1.0	746.538	34.8253	291.39	25.7644	0.280742	0.0229038	1293.57	52.9574	
0.0-2.4	8.0-10.0	0.0-100.0	0.785-1.178	0.016	0.145	1450.0	1450.0	908.768	33.1859	541.229	27.0883	-0.0994427	0.168789	-0.05	0.0	0.456324	0.0	3.0929	0.0	0.0461602	0.0	0.0224004	0.0	0.03	0.0	1.492	0.0	5.0	0.0	1.733	0.0	0.0352863	0.0	9.83527e-05	0.000854857	0.229533	0.0199184	0.140876	0.302592	0.00619962	0.0180757	0.000607605	0.00127659	1.66474	0.645402	0.95206	0.0345065	0.760462	0.119086	1.0	0.759808	0.593317	0.0896296	0.070763	0.0236109	0.162342	0.0232755	0.0710411	7.34266e-06	-2721.18	4.0	1.01596e-05	-10231.0	3.0	9.73789e-07	1.0	693.834	31.807	214.934	20.7683	0.236511	0.0211583	1081.27	148.637	
0.0-2.4	8.0-10.0	0.0-100.0	1.178-1.571	0.016	0.128	1396.0	1395.0	903.412	32.919	491.566	25.9194	-0.34181	0.177944	-0.05	0.0	0.456324	0.0	3.0929	0.0	0.0461602	0.0	0.0224004	0.0	0.03	0.0	1.492	0.0	5.0	0.0	1.733	0.0	0.0352863	0.0	0.000173321	0.000555349	0.168756	0.0142125	0.274032	0.249395	-0.00287563	0.00732801	0.00196081	0.00153518	1.53954	0.259115	0.888996	0.0422724	0.677343	0.0857581	1.0	0.00633513	0.595286	0.0681911	0.0706024	9.86388e-09	0.224542	0.0324797	4.64021	1.08492	-2699.61	4.0	0.000106984	-9841.55	3.0	6.01517e-06	1.0	653.234	32.5056	250.178	23.9404	0.276926	0.0245036	1106.01	102.599	
0.0-2.4	8.0-10.0	10.0-60.0	0.000-0.393	0.016	0.145	1133.0	1132.0	728.328	29.5356	403.653	23.4031	-0.0067487	0.195347	-0.05	0.0	0.456324	0.0	3.0929	0.0	0.0461602	0.0	0.0230173	0.0	0.03	0.0	1.492	0.0	5.0	0.0	1.733	0.0	0.0355015	0.0	8.51781e-05	0.000319537	0.17904	0.017065	0.223696	0.0	0.000490403	0.0	0.000226953	0.00151519	1.60773	0.0	0.845444	0.0380622	0.711113	0.85145	0.94992	0.505764	0.444843	0.32083	0.0706164	0.169673	0.140844	0.0448573	0.0705334	1.34604e-06	-2228.77	4.0	3.97677e-07	-7737.54	3.0	7.90371e-07	1.0	545.05	28.837	183.278	19.9565	0.251642	0.0254292	1064.47	11.7341	
0.0-2.4	8.0-10.0	10.0-60.0	0.000-1.571	0.016	0.145	3916.0	3915.0	2606.51	56.0168	1308.25	42.8907	-0.313967	0.10927	-0.05	0.0	0.456324	0.0	3.0929	0.0	0.0461602	0.0	0.0230173	0.000964423	0.03	0.0	1.492	0.0	5.0	0.0	1.733	0.0	0.0355015	0.000169975	8.96232e-05	0.000224682	0.196188	0.00944195	0.223696	0.0	0.000490403	0.0	0.00180688	0.000832794	1.60773	0.0	0.832876	0.021951	0.520732	0.031455	0.916562	0.116726	0.293721	0.0832176	0.0704894	0.0271335	0.14546	0.0106579	0.0704479	2.73289	-7598.54	4.0	0.000131828	-31771.4	4.0	3.22133e-05	1.0	1913.88	53.7344	692.631	37.6452	0.265731	0.0132657	1056.75	6.71529	
0.0-2.4	8.0-10.0	10.0-60.0	0.393-0.785	0.016	0.12	1050.0	1049.0	691.322	28.6947	357.645	22.1296	-0.400855	0.208813	-0.05	0.0	0.456324	0.0	3.0929	0.0	0.0461602	0.0	0.0230173	0.0	0.03	0.0	1.492	0.0	5.0	0.0	1.733	0.0	0.0355015	0.0	0.000180866	0.000958622	0.180826	0.0177519	0.223696	0.0	0.000490403	0.0	0.000717873	0.00174562	1.60773	0.0	0.917079	0.0525804	0.706608	0.189605	0.978099	0.575084	0.488585	0.154841	0.0706675	0.0318599	0.216061	0.0528207	0.0718774	4.83771	-1990.57	4.0	7.06676e-05	-7122.09	3.0	5.22217e-06	1.0	497.869	28.1837	193.453	20.7787	0.27983	0.0277215	1109.55	16.8688	
0.0-2.4	8.0-10.0	10.0-60.0	0.785-1.178	0.008	0.112	893.0	890.0	594.892	26.599	295.084	20.1928	-0.42815	0.230644	-0.05	0.0	0.456324	0.0	3.0929	0.0	0.0461602	0.0	0.0230173	0.0	0.03	0.0	1.492	0.0	5.0	0.0	1.733	0.0	0.0355015	0.0	0.000152887	0.000500196	0.229668	0.0227072	0.223696	0.0	0.000490403	0.0	0.00145698	0.00167384	1.60773	0.0	0.89714	0.0450021	0.787884	1.12529	0.996127	22.0195	0.653736	0.286125	0.070628	1.72619e-06	0.174659	0.105117	0.0710288	2.51328e-05	-1730.78	4.0	2.78433e-05	-5905.94	3.0	6.34541e-06	1.0	436.948	25.0902	157.944	17.2539	0.265501	0.0264628	1096.82	14.2875	
0.0-2.4	8.0-10.0	10.0-60.0	1.178-1.571	0.016	0.112	840.0	838.0	592.819	26.3018	245.183	18.5511	-0.504024	0.25415	-0.05	0.0	0.456324	0.0	3.0929	0.0	0.0461602	0.0	0.0230173	0.0	0.03	0.0	1.492	0.0	5.0	0.0	1.733	0.0	0.0355015	0.0	0.000191479	0.00117239	0.178834	0.0183303	0.223696	0.0	0.000490403	0.0	-0.000515244	0.00183373	1.60773	0.0	0.850549	0.0475799	0.639912	0.0786792	1.0	0.0350492	0.346331	0.0958905	0.0705318	0.0207631	0.206648	0.0320823	0.536149	2.67501	-1679.81	4.0	1.57564e-07	-5573.73	3.0	3.95942e-06	1.0	431.105	25.9213	161.714	18.9091	0.272788	0.0295116	1067.62	14.7132	
1.2-1.6	6.5-30.0	0.0-100.0	0.000-0.393	0.016	0.136	1454.0	1451.0	775.351	31.7885	675.649	30.1798	0.10538	0.15058	-0.05	0.0	0.455381	0.0	3.09129	0.0	0.0460715	0.0	0.0318109	0.0	0.03	0.0	1.492	0.0	5.0	0.0	1.733	0.0	0.0389577	0.0	5.81655e-05	0.00099804	0.176391	0.0166599	0.0854046	0.0675458	0.01	0.0144498	-0.000713663	0.00141988	2.14981	0.498095	1.02962	0.0359542	0.960265	0.688759	0.633504	0.381026	0.569804	0.125947	0.11502	0.140976	0.132336	0.0265572	0.0706051	1.35635e-06	-2442.56	4.0	6.15684e-06	-9931.37	3.0	9.2482e-08	1.0	574.938	31.6306	200.413	22.6357	0.25848	0.0272028	1168.03	66.2863	
1.2-1.6	6.5-30.0	0.0-100.0	0.000-1.571	0.008	0.136	5263.0	5256.0	2904.42	73.5705	2351.14	69.6915	-0.0367284	0.0873977	-0.05	0.0	0.455381	0.134426	3.09129	0.000955161	0.0460715	0.00372951	0.0318109	0.00248121	0.03	0.0	1.492	0.0	5.0	0.0	1.733	0.0	0.0389577	0.00149359	2.31047e-05	0.000294422	0.189471	0.00934795	0.103775	0.0507441	0.00999984	0.0195355	0.0022774	0.000729166	2.09199	0.256609	0.987023	0.0192486	0.604779	0.47871	0.998507	5.29649	0.539586	0.314967	0.0705661	1.61077e-07	0.162887	0.0682449	0.291421	27.9681	-8752.23	4.0	3.84659e-07	-42854.3	7.0	0.000143622	1.0	2162.89	67.4733	741.53	43.6328	0.255311	0.0135596	1152.08	45.196	
1.2-1.6	6.5-30.0	0.0-100.0	0.393-0.785	0.016	0.128	1427.0	1421.0	740.814	31.346	680.179	30.3635	-0.178337	0.150174	-0.05	0.0	0.455381	0.0	3.09129	0.0	0.0460715	0.0	0.0318109	0.0	0.03	0.0	1.492	0.0	5.0	0.0	1.733	0.0	0.0389577	0.0	1.09472e-05	0.0189014	0.186791	0.0176039	0.139434	0.19412	-0.00369318	0.0130019	0.00262892	0.00151759	1.86952	0.551235	0.992776	0.0398203	0.681391	0.819203	0.904264	0.796715	0.592117	0.384905	0.0706566	0.219068	0.176638	0.0296343	0.18061	0.14183	-2240.96	4.0	5.54941e-05	-9654.78	3.0	6.83274e-07	1.0	533.188	30.8047	207.626	22.7404	0.280268	0.0283133	1155.64	123.238	
1.2-1.6	6.5-30.0	0.0-100.0	0.785-1.178	0.016	0.136	1234.0	1231.0	701.77	29.9291	529.205	26.8921	0.0264298	0.170503	-0.05	0.0	0.455381	0.0	3.09129	0.0	0.0460715	0.0	0.0318109	0.0	0.03	0.0	1.492	0.0	5.0	0.0	1.733	0.0	0.0389577	0.0	8.69929e-05	0.000637912	0.208036	0.0205157	0.0299165	0.0282526	0.00329113	0.0119193	0.00327064	5.5928e-08	3.12894	1.03768	0.917431	0.0350682	0.454374	0.0407299	0.915713	0.631055	0.293719	0.136499	0.077501	0.204247	0.10755	0.0194351	0.0704488	7.66256e-09	-2130.18	4.0	0.0111276	-8285.91	3.0	1.43384e-06	1.0	535.364	28.3265	166.406	18.2057	0.237123	0.0238903	1053.28	77.1145	
1.2-1.6	6.5-30.0	0.0-100.0	1.178-1.571	0.008	0.128	1148.0	1146.0	681.09	29.3104	464.903	25.3562	-0.121312	0.182302	-0.05	0.0	0.455381	0.0	3.09129	0.0	0.0460715	0.0	0.0318109	0.0	0.03	0.0	1.492	0.0	5.0	0.0	1.733	0.0	0.0389577	0.0	0.000198875	0.00213097	0.195506	0.0196484	0.3282	0.164716	0.00999997	0.0148928	0.00291244	0.0017937	1.65422	0.213923	0.86652	0.0492039	0.581328	0.133588	0.639974	0.306583	0.450371	0.133486	0.0733758	0.0253728	0.250693	0.0564407	0.0707313	0.0406416	-1917.45	4.0	7.34855e-08	-7670.63	3.0	1.50354e-06	1.0	501.061	28.5089	180.029	20.1946	0.264325	0.0273816	1184.28	85.5414	
1.2-1.6	6.5-30.0	10.0-60.0	0.000-0.393	0.016	0.12	962.0	960.0	540.188	26.2616	419.809	23.8599	0.0485327	0.191132	-0.05	0.0	0.455381	0.0	3.09129	0.0	0.0460715	0.0	0.0315312	0.0	0.03	0.0	1.492	0.0	5.0	0.0	1.733	0.0	0.0388337	0.0	3.25785e-05	0.00458429	0.182074	0.0212766	0.103775	0.0	0.00999984	0.0	-7.89945e-05	0.00175516	2.09199	0.0	1.04543	0.043778	0.999991	8.24754	0.650303	0.338779	0.600341	0.108049	0.0708683	5961.91	0.138231	0.028147	0.0945375	0.0659989	-1664.63	4.0	4.34941e-07	-6218.71	3.0	1.23449e-06	1.0	409.405	26.2138	130.783	18.2054	0.242106	0.0315798	1197.36	17.1283	
1.2-1.6	6.5-30.0	10.0-60.0	0.000-1.571	0.008	0.128	3265.0	3260.0	1951.61	50.3765	1308.22	43.5272	-0.217252	0.108904	-0.05	0.0	0.455381	0.0	3.09129	0.0	0.0460715	0.0	0.0315312	0.00163802	0.03	0.0	1.492	0.0	5.0	0.0	1.733	0.0	0.0388337	0.000362172	2.94195e-05	0.000284662	0.183435	0.0111862	0.103775	0.0	0.00999984	0.0	0.00163844	0.000926993	2.09199	0.0	1.00513	0.0241828	0.682686	0.775227	0.771886	3.62894	0.530502	0.263894	0.0717759	0.0250343	0.182703	0.106987	0.0708461	3.55157e-09	-5741.45	4.0	1.10089e-06	-25266.9	4.0	2.41307e-05	1.0	1462.84	49.7488	488.776	34.7609	0.250447	0.0165968	1166.02	9.34132	
1.2-1.6	6.5-30.0	10.0-60.0	0.393-0.785	0.008	0.112	864.0	860.0	491.918	25.0549	368.047	22.4471	-0.339773	0.20509	-0.05	0.0	0.455381	0.0	3.09129	0.0	0.0460715	0.0	0.0315312	0.0	0.03	0.0	1.492	0.0	5.0	0.0	1.733	0.0	0.0388337	0.0	1.71581e-05	0.00459138	0.166605	0.0196908	0.103775	0.0	0.00999984	0.0	0.0013663	0.00202628	2.09199	0.0	1.11751	0.0501089	0.698644	0.172426	1.0	0.00982115	0.709262	0.086411	0.100392	0.0472854	0.220823	0.0435764	4.92334	1.1094	-1441.28	4.0	1.02242e-05	-5483.64	3.0	6.50947e-06	1.0	351.622	25.5363	140.296	19.5556	0.285202	0.0370048	1254.35	20.0048	
1.2-1.6	6.5-30.0	10.0-60.0	0.785-1.178	0.016	0.128	745.0	742.0	465.085	23.9936	276.91	19.6861	-0.469449	0.238181	-0.05	0.0	0.455381	0.0	3.09129	0.0	0.0460715	0.0	0.0315312	0.0	0.03	0.0	1.492	0.0	5.0	0.0	1.733	0.0	0.0388337	0.0	6.66906e-05	0.00456861	0.179202	0.0234888	0.103775	0.0	0.00999984	0.0	0.000114599	0.00174945	2.09199	0.0	0.912993	0.0464474	0.708532	0.875126	0.880398	0.261009	0.431586	0.150772	0.0704592	7.78359e-07	0.134441	0.0535696	0.0707083	3.02832e-06	-1402.02	4.0	9.1085e-05	-4683.54	3.0	1.60606e-06	1.0	362.306	24.119	102.779	16.1393	0.22099	0.0327756	1096.0	17.3382	
1.2-1.6	6.5-30.0	10.0-60.0	1.178-1.571	0.008	0.128	694.0	693.0	453.528	23.5448	239.452	18.4472	-0.24159	0.255193	-0.05	0.0	0.455381	0.0	3.09129	0.0	0.0460715	0.0	0.0315312	0.0	0.03	0.0	1.492	0.0	5.0	0.0	1.733	0.0	0.0388337	0.0	0.000198875	0.00213097	0.200332	0.024408	0.103775	0.0	0.00999984	0.0	0.0037135	0.0019276	2.09199	0.0	0.990374	0.0515192	0.532228	0.130008	1.0	15.7636	0.452005	0.154759	0.078085	0.0303581	0.224953	0.0591262	0.0967361	31.5681	-1239.2	4.0	5.79758e-08	-4358.77	3.0	5.86359e-07	1.0	335.835	22.9945	117.693	16.1897	0.259504	0.0330575	1154.65	19.8018	
1.2-2.4	6.5-30.0	0.0-100.0	0.000-0.393	0.008	0.176	3364.0	3363.0	1658.17	47.8092	1704.89	48.2951	-0.15078	0.0949358	-0.05	0.0	0.531695	0.0	3.09123	0.0	0.0532825	0.0	0.0318072	0.0	0.03	0.0	1.492	0.0	5.0	0.0	1.733	0.0	0.044534	0.0	6.80269e-05	0.00021446	0.18396	0.0125863	0.096436	0.049603	0.00999981	0.0172885	0.00145753	0.000933762	2.28013	0.33814	0.958592	0.0218591	0.993599	5.69683	0.432611	4.52934	0.561992	0.836726	0.120285	8.84568	0.163156	0.216339	0.0704755	1.41472e-09	-5228.42	4.0	7.49227e-07	-25526.4	3.0	1.27644e-06	1.0	1259.09	47.5757	399.077	32.8321	0.240673	0.0185444	1153.97	56.7508	
1.2-2.4	6.5-30.0	0.0-100.0	0.000-1.571	0.008	0.128	11906.0	11862.0	6328.1	115.307	5533.91	111.807	-0.246538	0.0569365	-0.05	0.0	0.531695	0.0954984	3.09123	0.000721534	0.0532825	0.00281424	0.0318072	0.00240087	0.03	0.0	1.492	0.0	5.0	0.0	1.733	0.0	0.044534	0.00138641	2.08969e-05	0.00458966	0.197331	0.00678524	0.162424	0.0759366	0.00569552	0.00415524	0.00266064	0.000529989	1.80411	0.165191	0.92119	0.0130218	0.62344	0.0338064	0.746919	0.0783751	0.445473	0.0288971	0.0704424	8.00127e-12	0.148967	0.00758283	0.0704522	4.83193e-09	-18535.2	4.0	3.48135e-07	-105614.0	7.0	1.7602e-05	1.0	4805.35	104.831	1522.75	63.9736	0.240633	0.00910909	1113.29	46.6539	
1.2-2.4	6.5-30.0	0.0-100.0	0.393-0.785	0.016	0.145	3097.0	3087.0	1590.71	46.4061	1496.11	45.375	-0.406924	0.102001	-0.05	0.0	0.531695	0.0	3.09123	0.0	0.0532825	0.0	0.0318072	0.0	0.03	0.0	1.492	0.0	5.0	0.0	1.733	0.0	0.044534	0.0	2.82607e-05	0.000316533	0.189756	0.0131532	0.0580234	0.109466	-0.000448482	0.014584	0.0029545	0.00107029	1.94469	0.715948	1.0618	0.0258158	0.711249	0.0833957	0.893592	0.0707703	0.553378	0.0573296	0.0705836	9.64595e-07	0.158202	0.0176258	0.269637	0.0960275	-4596.8	4.0	3.18669e-06	-23256.5	3.0	1.48057e-05	1.0	1184.93	46.4719	405.771	33.2384	0.255089	0.0195253	1132.01	74.3041	
1.2-2.4	6.5-30.0	0.0-100.0	0.785-1.178	0.016	0.152	2806.0	2802.0	1542.34	45.2849	1259.52	42.0455	-0.19014	0.110882	-0.05	0.0	0.531695	0.0	3.09123	0.0	0.0532825	0.0	0.0318072	0.0	0.03	0.0	1.492	0.0	5.0	0.0	1.733	0.0	0.044534	0.0	0.000107249	0.000427742	0.204018	0.0150431	0.0345428	0.0432258	-0.00870037	0.0135123	0.00254541	0.00102579	2.43775	0.716471	1.06064	0.0262023	0.657812	74928.8	0.99663	733376.0	0.559121	59850.9	0.0711734	2701.56	0.157238	19985.2	0.0705181	2074450.0	-4453.08	4.0	4.90473e-08	-20964.3	3.0	5.37479e-05	1.0	1206.87	44.7432	335.466	29.0399	0.217505	0.0177124	1136.39	54.2483	
1.2-2.4	6.5-30.0	0.0-100.0	1.178-1.571	0.008	0.152	2639.0	2637.0	1528.08	44.5318	1108.79	39.5446	-0.267653	0.118433	-0.05	0.0	0.531695	0.0	3.09123	0.0	0.0532825	0.0	0.0318072	0.0	0.03	0.0	1.492	0.0	5.0	0.0	1.733	0.0	0.044534	0.0	0.000157903	0.000565848	0.197753	0.0136036	0.464978	0.183587	0.0060662	0.00379409	0.00217713	0.00134666	1.49675	0.126405	0.740493	0.0340465	0.626339	0.104397	0.872009	0.824219	0.547336	0.111682	0.0713901	0.0168809	0.202183	0.0331052	0.0708372	0.0794544	-4249.03	4.0	4.29573e-06	-19685.9	3.0	4.59323e-05	1.0	1147.14	43.2537	380.934	29.6061	0.24929	0.0179612	1155.44	77.4609	
1.2-2.4	6.5-30.0	10.0-60.0	0.000-0.393	0.016	0.152	2171.0	2170.0	1159.29	39.2424	1010.7	37.3007	-0.221432	0.123626	-0.05	0.0	0.531695	0.0	3.09123	0.0	0.0532825	0.0	0.0314801	0.0	0.03	0.0	1.492	0.0	5.0	0.0	1.733	0.0	0.044425	0.0	6.80295e-05	0.000214407	0.185584	0.0152748	0.162424	0.0	0.00569552	0.0	0.000597772	0.00113142	1.80411	0.0	0.882737	0.0254712	0.999794	0.660292	0.557947	0.730525	0.567957	0.0614067	0.0769762	1.42227	0.146222	0.0164166	0.0824038	0.024218	-3615.18	4.0	3.05372e-06	-15651.3	3.0	3.84635e-06	1.0	890.76	38.9885	268.527	26.3352	0.231631	0.0213206	1086.89	8.66346	
1.2-2.4	6.5-30.0	10.0-60.0	0.000-1.571	0.008	0.16	7413.0	7411.0	4271.92	75.5799	3139.16	67.6726	-0.359087	0.070592	-0.05	0.0	0.531695	0.0	3.09123	0.0	0.0532825	0.0	0.0314801	0.00129477	0.03	0.0	1.492	0.0	5.0	0.0	1.733	0.0	0.044425	0.000214832	2.84753e-05	0.00013348	0.183905	0.00765952	0.162424	0.0	0.00569552	0.0	0.00120393	0.000655533	1.80411	0.0	0.917731	0.0157617	0.999152	0.644774	0.420885	0.0548502	0.499415	0.0380913	0.0744167	1.71029e-05	0.19212	0.014589	0.070453	5.16371e-08	-12267.0	4.0	6.96986e-05	-62972.5	4.0	6.1752e-06	1.0	3196.03	74.891	1075.9	52.6657	0.251853	0.0114949	1110.9	5.45304	
1.2-2.4	6.5-30.0	10.0-60.0	0.393-0.785	0.016	0.128	1905.0	1890.0	1082.04	37.4225	807.83	33.5612	-0.447171	0.139346	-0.05	0.0	0.531695	0.0	3.09123	0.0	0.0532825	0.0	0.0314801	0.0	0.03	0.0	1.492	0.0	5.0	0.0	1.733	0.0	0.044425	0.0	2.93303e-05	0.000179133	0.163852	0.0137597	0.162424	0.0	0.00569552	0.0	0.00252307	0.00146547	1.80411	0.0	1.03817	0.0346812	0.749619	0.1767	0.91592	0.124417	0.642244	0.100894	0.0704634	5.91705e-09	0.188878	0.0306576	0.254622	0.18993	-3071.34	4.0	1.30714e-05	-13478.2	3.0	2.31398e-05	1.0	793.034	38.5609	289.01	28.8895	0.267097	0.02505	1196.41	12.6031	
1.2-2.4	6.5-30.0	10.0-60.0	0.785-1.178	0.016	0.152	1711.0	1707.0	1016.93	36.185	690.069	31.3452	-0.407058	0.150936	-0.05	0.0	0.531695	0.0	3.09123	0.0	0.0532825	0.0	0.0314801	0.0	0.03	0.0	1.492	0.0	5.0	0.0	1.733	0.0	0.044425	0.0	0.000107249	0.000427742	0.19272	0.0167537	0.162424	0.0	0.00569552	0.0	0.00105991	0.00136579	1.80411	0.0	0.939998	0.0334111	0.758319	0.284812	0.787958	1.30109	0.471012	0.179917	0.0705356	6.95996e-09	0.147808	0.0342998	0.0704527	2.12948e-07	-2859.3	4.0	3.84408e-06	-12037.2	3.0	4.31578e-08	1.0	781.639	35.932	235.289	24.2415	0.231372	0.0223712	1126.38	11.6769	
1.2-2.4	6.5-30.0	10.0-60.0	1.178-1.571	0.008	0.152	1626.0	1625.0	1008.61	35.7927	616.371	29.8146	-0.413807	0.159863	-0.05	0.0	0.531695	0.0	3.09123	0.0	0.0532825	0.0	0.0314801	0.0	0.03	0.0	1.492	0.0	5.0	0.0	1.733	0.0	0.044425	0.0	0.000157903	0.000565848	0.197327	0.0158413	0.162424	0.0	0.00569552	0.0	0.00235425	0.00135956	1.80411	0.0	0.91872	0.0342768	0.689927	0.103029	0.997776	0.187888	0.605938	0.0804129	0.0706084	0.0210711	0.201423	0.0269799	0.0704526	1.94347e-08	-2718.41	4.0	5.81329e-05	-11438.5	3.0	2.43959e-06	1.0	732.976	34.8973	275.635	25.2371	0.273282	0.0230659	1111.58	11.8641	
1.6-2.4	3.0-6.5	0.0-100.0	0.000-0.393	0.032	0.184	8772.0	8738.0	1771.67	64.8374	6966.07	96.9394	-0.167671	0.0466537	-0.05	0.0	5.43627e-08	0.0	3.09067	0.0	0.0521668	0.0	0.0508519	0.0	0.03	0.0	1.86	0.0	5.0	0.0	1.38	0.0	0.0508519	0.0	9.26994e-05	0.19503	0.248043	0.0278028	0.269	0.146095	0.004349	0.0116028	0.0085435	0.00107722	1.77988	0.237194	0.962106	0.0153185	0.962655	0.913199	0.794529	0.128752	0.773943	0.139997	0.0705073	1.21663	0.134287	0.0191667	0.296549	0.0491477	-8392.26	4.0	3.52135e-06	-72010.1	3.0	1.73255e-05	1.0	1543.48	66.5723	228.192	36.2065	0.1288	0.0198853	1236.46	80.7163	
1.6-2.4	3.0-6.5	0.0-100.0	0.000-1.571	0.032	0.136	32037.0	31112.0	6342.96	140.416	24769.1	195.278	-0.0721438	0.0249107	-0.05	0.0	5.43627e-08	0.0857002	3.09067	0.00115781	0.0521668	0.0906499	0.0508519	0.00117618	0.03	0.0	1.86	0.0	5.0	0.0	1.38	0.0	0.0508519	0.00059085	1.41936e-05	0.00459275	0.227952	0.0122772	0.342453	0.252255	0.0157318	0.00949993	0.00891467	0.000624318	1.52985	0.175655	0.92541	0.0092337	0.691504	0.0543641	0.809198	0.0751035	0.720306	0.0225615	0.0708898	4.09856e-08	0.143567	0.00998182	0.200751	0.0329195	-30801.3	4.0	8.25215e-06	-295923.0	7.0	2.97804e-05	1.0	5421.66	138.114	921.3	71.32	0.145248	0.0107744	1168.16	89.3086	
1.6-2.4	3.0-6.5	0.0-100.0	0.393-0.785	0.024	0.264	8230.0	8229.0	1567.56	62.2658	6661.25	94.7147	-0.209337	0.0477255	-0.05	0.0	5.43627e-08	0.0	3.09067	0.0	0.0521668	0.0	0.0508519	0.0	0.03	0.0	1.86	0.0	5.0	0.0	1.38	0.0	0.0508519	0.0	0.000137229	0.000596044	0.237569	0.0237738	0.360581	0.290949	0.011093	0.0173416	0.00831508	0.00123301	1.52994	0.217466	0.885502	0.0188217	0.72865	0.0748396	0.826929	0.071047	0.687073	0.0368842	0.0708607	7.66582e-08	0.130582	0.0141779	0.252415	0.0453045	-7635.95	4.0	8.8663e-05	-67267.2	3.0	3.1225e-05	1.0	1309.56	62.7397	258.0	36.5439	0.164587	0.0223771	1159.91	110.562	
1.6-2.4	3.0-6.5	0.0-100.0	0.785-1.178	0.032	0.24	7674.0	7664.0	1484.29	60.0062	6179.45	91.0826	-0.155281	0.0494831	-0.05	0.0	5.43627e-08	0.0	3.09067	0.0	0.0521668	0.0	0.0508519	0.0	0.03	0.0	1.86	0.0	5.0	0.0	1.38	0.0	0.0508519	0.0	4.38349e-05	0.00457912	0.198074	0.0243421	0.116489	0.08518	0.05	0.0704757	0.00929578	0.00104264	1.75192	0.2622	1.02785	0.0154889	0.666038	0.0997646	0.827512	0.105903	0.714424	0.0636067	0.0857348	0.039985	0.130707	0.026273	0.287854	0.0715602	-7311.55	4.0	9.84075e-06	-62119.9	3.0	1.38802e-05	1.0	1256.56	62.8891	227.732	38.1995	0.153428	0.0249772	1136.2	44.8984	
1.6-2.4	3.0-6.5	0.0-100.0	1.178-1.571	0.032	0.136	7361.0	7166.0	1540.59	59.384	5625.48	87.2453	0.0442017	0.051821	-0.05	0.0	5.43627e-08	0.0	3.09067	0.0	0.0521668	0.0	0.0508519	0.0	0.03	0.0	1.86	0.0	5.0	0.0	1.38	0.0	0.0508519	0.0	1.00838e-05	0.00109709	0.22998	0.0243965	0.124013	1.77303	0.0193793	0.201764	0.00889415	0.00113437	1.33124	9.31402	1.06952	0.0171018	0.962788	0.701379	0.276623	0.104643	0.669024	0.0580687	0.070432	3.52422e-05	0.20908	0.0246435	0.0899898	0.0111216	-7219.43	4.0	1.60144e-07	-57687.6	3.0	1.3159e-05	1.0	1304.33	60.4184	236.262	34.721	0.153358	0.0217483	1105.35	739.818	
1.6-2.4	3.0-6.5	10.0-60.0	0.000-0.393	0.024	0.209	5099.0	5096.0	1272.73	51.7611	3823.54	72.3174	-0.219543	0.0631743	-0.05	0.0	5.43627e-08	0.0	3.09067	0.0	0.0521668	0.0	0.0516458	0.0	0.03	0.0	1.86	0.0	5.0	0.0	1.38	0.0	0.0516458	0.0	9.26481e-05	0.000607494	0.2512	0.0334619	0.342453	0.0	0.0157318	0.0	0.00693835	0.00150636	1.52985	0.0	0.92386	0.0217533	0.733107	0.250148	0.86784	0.0672327	0.737129	0.098305	0.0708358	0.0552978	0.130992	0.0198285	0.362868	0.0848008	-5251.5	4.0	1.80398e-05	-39388.9	3.0	5.07619e-05	1.0	1132.19	52.625	140.545	26.1132	0.110428	0.02002	1167.36	5.66012	
1.6-2.4	3.0-6.5	10.0-60.0	0.000-1.571	0.024	0.136	17966.0	17528.0	4277.57	108.895	13250.3	144.323	-0.0759717	0.0338956	-0.05	0.0	5.43627e-08	0.0	3.09067	0.0	0.0521668	0.0	0.0516458	0.00138769	0.03	0.0	1.86	0.0	5.0	0.0	1.38	0.0	0.0516458	0.000693845	1.41936e-05	0.00459275	0.232577	0.014562	0.342453	0.0	0.0157318	0.0	0.00738845	0.000801925	1.52985	0.0	0.908712	0.0117337	0.916182	0.206443	0.466741	0.217544	0.732142	0.0236726	0.0725664	3.92237e-06	0.159689	0.0182921	0.116069	0.0197088	-18376.1	4.0	7.6449e-05	-157064.0	4.0	2.61322e-06	1.0	3667.68	106.75	609.89	54.0263	0.142578	0.0120974	1159.51	3.02331	
1.6-2.4	3.0-6.5	10.0-60.0	0.393-0.785	0.032	0.192	4716.0	4702.0	1064.43	48.8397	3637.57	70.4161	-0.206588	0.0646731	-0.05	0.0	5.43627e-08	0.0	3.09067	0.0	0.0521668	0.0	0.0516458	0.0	0.03	0.0	1.86	0.0	5.0	0.0	1.38	0.0	0.0516458	0.0	0.000122183	0.000722923	0.235886	0.0244282	0.342453	0.0	0.0157318	0.0	0.00697749	0.00154058	1.52985	0.0	0.834692	0.023204	0.634357	0.0671658	0.917671	0.0553575	0.600501	0.0510835	0.0706657	5.53871e-08	0.109714	0.0133983	0.266567	0.0804326	-4644.98	4.0	1.65152e-05	-35895.5	3.0	8.90701e-08	1.0	854.833	48.3898	209.592	29.9269	0.196906	0.0266244	1122.32	5.67372	
1.6-2.4	3.0-6.5	10.0-60.0	0.785-1.178	0.032	0.192	4209.0	4199.0	950.953	45.9589	3248.04	66.4025	-0.147803	0.0683588	-0.05	0.0	5.43627e-08	0.0	3.09067	0.0	0.0521668	0.0	0.0516458	0.0	0.03	0.0	1.86	0.0	5.0	0.0	1.38	0.0	0.0516458	0.0	3.95245e-05	0.0045811	0.191618	0.0263927	0.342453	0.0	0.0157318	0.0	0.00809084	0.00162789	1.52985	0.0	0.875909	0.023498	0.860916	0.929767	0.571734	0.756626	0.728698	0.0642782	0.147874	0.0705796	0.159016	0.0343712	0.114193	0.113809	-4310.19	4.0	4.13071e-06	-31583.4	3.0	1.06269e-07	1.0	798.784	47.8133	152.169	29.1526	0.160017	0.0296647	1142.79	5.92135	
1.6-2.4	3.0-6.5	10.0-60.0	1.178-1.571	0.024	0.16	3942.0	3916.0	1011.54	45.903	2904.56	63.2466	0.0271888	0.0722737	-0.05	0.0	5.43627e-08	0.0	3.09067	0.0	0.0521668	0.0	0.0516458	0.0	0.03	0.0	1.86	0.0	5.0	0.0	1.38	0.0	0.0516458	0.0	2.20625e-05	0.000302496	0.262784	0.0380503	0.342453	0.0	0.0157318	0.0	0.00828381	0.00173815	1.52985	0.0	0.940547	0.0250519	0.598711	0.0895601	0.967347	0.0367648	0.701898	0.0496861	0.0706593	2.12547e-07	0.141529	0.0172832	0.377842	0.206714	-4105.48	4.0	2.75428e-05	-29257.3	3.0	1.51644e-05	1.0	901.654	46.2422	109.885	22.1143	0.108632	0.021299	1176.09	6.58688	
1.6-2.4	6.5-30.0	0.0-100.0	0.000-0.393	0.016	0.16	1910.0	1908.0	883.037	35.6867	1024.97	37.6232	-0.340956	0.122994	-0.05	0.0	0.652823	0.0	3.0911	0.0	0.0569301	0.0	0.0308437	0.0	0.03	0.0	1.492	0.0	5.0	0.0	1.733	0.0	0.0494581	0.0	1.49215e-05	0.00459241	0.197828	0.0195151	0.107923	0.0743285	0.00551994	0.010032	0.00514843	0.00134929	2.33372	0.45354	0.933455	0.0277132	0.999934	0.618809	0.429858	0.115902	0.616141	0.0811718	0.0704368	9.59446e-09	0.18289	0.0282767	0.0706586	0.0178928	-2806.3	4.0	2.93015	-13284.8	3.0	2.78638e-06	1.0	694.413	35.2828	188.624	22.7027	0.213608	0.0242171	1168.36	88.2121	
1.6-2.4	6.5-30.0	0.0-100.0	0.000-1.571	0.008	0.152	6643.0	6637.0	3419.61	92.3317	3217.44	91.2275	-0.424311	0.0756593	-0.05	0.0	0.652823	0.152473	3.0911	0.00108634	0.0569301	0.00395795	0.0308437	0.00589094	0.03	0.0	1.492	0.0	5.0	0.0	1.733	0.0	0.0494581	0.00239424	2.77437e-05	0.00458652	0.196571	0.00969841	0.211707	0.175346	0.00199102	0.00574194	0.00234814	0.000777856	1.6767	0.235346	0.93066	0.0178664	0.921123	0.0650602	0.533047	0.127051	0.562383	0.0484552	0.204141	0.0990795	0.18553	0.0155189	0.0706902	2.10132e-09	-9823.68	4.0	1.14123e-06	-54918.1	7.0	1.78243e-06	1.0	2635.85	83.1639	783.762	47.9473	0.229196	0.0125817	1130.46	84.1935	
1.6-2.4	6.5-30.0	0.0-100.0	0.393-0.785	0.016	0.145	1670.0	1665.0	846.105	34.0703	818.857	33.6682	-0.611437	0.139145	-0.05	0.0	0.652823	0.0	3.0911	0.0	0.0569301	0.0	0.0308437	0.0	0.03	0.0	1.492	0.0	5.0	0.0	1.733	0.0	0.0494581	0.0	6.26145e-05	0.000292015	0.19232	0.0196324	0.0207152	0.0665382	-0.00295026	0.0130055	0.00336947	0.00151779	2.01766	1.24434	1.09653	0.0339606	0.785366	0.181526	0.841022	0.110172	0.531867	0.120277	0.0707859	0.0548234	0.143196	0.0249888	0.280245	0.100142	-2363.67	4.0	3.17302e-06	-11468.8	3.0	9.1681e-07	1.0	648.973	34.6947	197.132	24.1626	0.232987	0.0269725	1123.3	51.0288	
1.6-2.4	6.5-30.0	0.0-100.0	0.785-1.178	0.016	0.145	1572.0	1570.0	841.97	33.9449	727.852	32.22	-0.372127	0.146629	-0.05	0.0	0.652823	0.0	3.0911	0.0	0.0569301	0.0	0.0308437	0.0	0.03	0.0	1.492	0.0	5.0	0.0	1.733	0.0	0.0494581	0.0	0.000193155	0.0006043	0.20849	0.0217634	0.673815	0.791439	0.00192041	0.00413127	0.000100716	0.00324683	1.37046	0.186063	0.776821	0.069746	0.985962	0.82911	0.474164	0.276713	0.52721	0.217561	0.0706353	2.07124e-06	0.184393	0.0316131	0.0769188	0.0321841	-2317.57	4.0	7.20645e-06	-10761.7	3.0	3.70088e-05	1.0	671.238	33.5296	170.733	20.9591	0.202778	0.0235121	1209.28	220.452	
1.6-2.4	6.5-30.0	0.0-100.0	1.178-1.571	0.016	0.152	1491.0	1489.0	844.474	33.4089	644.408	30.2659	-0.39458	0.15574	-0.05	0.0	0.652823	0.0	3.0911	0.0	0.0569301	0.0	0.0308437	0.0	0.03	0.0	1.492	0.0	5.0	0.0	1.733	0.0	0.0494581	0.0	6.86081e-05	0.00142632	0.203885	0.0192853	0.638321	0.260967	0.0027691	0.00406591	0.0014565	0.00214083	1.39092	0.124988	0.6	0.0627475	0.911503	0.901852	0.600385	0.800746	0.591714	0.0589341	0.153196	1.38554	0.190614	0.037458	0.0704503	2.48255e-08	-2335.42	4.0	2.38235e-05	-10200.7	3.0	4.68543e-05	1.0	647.703	32.4084	196.771	21.3143	0.23301	0.0234962	1168.39	100.102	
1.6-2.4	6.5-30.0	10.0-60.0	0.000-0.393	0.016	0.152	1209.0	1209.0	618.337	29.1016	590.616	28.6214	-0.423215	0.162669	-0.05	0.0	0.652823	0.0	3.0911	0.0	0.0569301	0.0	0.0304907	0.0	0.03	0.0	1.492	0.0	5.0	0.0	1.733	0.0	0.0493821	0.0	1.5549e-05	0.00459212	0.191239	0.021496	0.211707	0.0	0.00199102	0.0	0.00194883	6.54586e-07	1.6767	0.0	0.782984	0.0306223	0.949656	0.546385	0.572359	0.761509	0.602606	0.196811	0.0704414	9.07734e-09	0.150061	0.0311623	0.0706285	0.122396	-1967.17	4.0	0.00583831	-7944.91	3.0	2.09396e-06	1.0	480.07	28.2087	138.267	18.0993	0.223612	0.0273135	1038.49	9.10016	
1.6-2.4	6.5-30.0	10.0-60.0	0.000-1.571	0.016	0.16	4148.0	4143.0	2309.93	56.0637	1832.76	51.6322	-0.479945	0.0927693	-0.05	0.0	0.652823	0.0	3.0911	0.0	0.0569301	0.0	0.0304907	0.00229635	0.03	0.0	1.492	0.0	5.0	0.0	1.733	0.0	0.0493821	0.000246125	7.1128e-05	0.0211424	0.185145	0.0105669	0.211707	0.0	0.00199102	0.0	0.00184417	0.000931454	1.6767	0.0	0.863765	0.0209278	0.98686	0.305977	0.524307	0.700442	0.537207	0.398416	0.604706	11.5	0.177661	0.0175794	0.0704525	3.73951e-06	-6534.19	4.0	9.66493e-06	-32574.1	4.0	3.22343e-05	1.0	1731.05	55.6687	578.885	39.1313	0.250607	0.0158108	1087.8	6.54977	
1.6-2.4	6.5-30.0	10.0-60.0	0.393-0.785	0.016	0.12	1041.0	1026.0	588.032	27.6453	437.843	24.782	-0.532464	0.189955	-0.05	0.0	0.652823	0.0	3.0911	0.0	0.0569301	0.0	0.0304907	0.0	0.03	0.0	1.492	0.0	5.0	0.0	1.733	0.0	0.0493821	0.0	7.78825e-05	0.000273021	0.156095	0.0189589	0.211707	0.0	0.00199102	0.0	0.00276098	0.00212293	1.6767	0.0	0.969244	0.0475017	0.974556	0.780704	0.63451	0.802644	0.539373	0.765349	0.217801	0.319729	0.184673	0.0319038	0.0704566	0.587281	-1646.37	4.0	9.62923e-07	-6668.1	3.0	2.89858e-05	1.0	439.58	29.2653	148.452	21.8651	0.252456	0.0352384	1155.74	15.7015	
1.6-2.4	6.5-30.0	10.0-60.0	0.785-1.178	0.016	0.145	966.0	964.0	551.2	27.025	412.688	24.3274	-0.396796	0.194977	-0.05	0.0	0.652823	0.0	3.0911	0.0	0.0569301	0.0	0.0304907	0.0	0.03	0.0	1.492	0.0	5.0	0.0	1.733	0.0	0.0493821	0.0	0.000193155	0.0006043	0.201854	0.0229345	0.211707	0.0	0.00199102	0.0	0.00309539	0.00213577	1.6767	0.0	0.981739	0.0485815	0.704526	0.093007	0.999982	0.617095	0.566838	0.111945	0.0705324	7.81351e-09	0.151546	0.0285657	0.0706647	0.833251	-1465.19	4.0	4.89796e-05	-6186.03	3.0	3.83785e-05	1.0	414.99	26.5118	136.209	18.2615	0.247114	0.0308356	1164.02	16.1497	
1.6-2.4	6.5-30.0	10.0-60.0	1.178-1.571	0.016	0.152	932.0	931.0	553.217	26.8631	377.768	23.3707	-0.549115	0.204734	-0.05	0.0	0.652823	0.0	3.0911	0.0	0.0569301	0.0	0.0304907	0.0	0.03	0.0	1.492	0.0	5.0	0.0	1.733	0.0	0.0493821	0.0	6.86081e-05	0.00142632	0.195856	0.0210675	0.211707	0.0	0.00199102	0.0	0.00113421	0.0019333	1.6767	0.0	0.887219	0.0465416	0.999996	0.105851	1.0	0.0799887	0.744301	0.0828024	0.121365	36.7805	0.198586	0.0576181	0.235413	0.00763436	-1475.6	4.0	4.05329e-07	-5971.31	3.0	2.37703e-06	1.0	397.618	26.1081	155.598	19.1295	0.281261	0.0317672	1102.58	14.7611	
