rap0.0-1.2_pT6.5-30.0_cent0.0-100.0
12481.7
3449.27 3208.55 3115.41 2703.69
131.89 122.079 138.899 99.2796
7557.18
1910.65 1987.49 1895.59 1760.79
101.734 96.9947 119.989 95.577
8484.44
2251.9 2228.32 2053.14 1930.67
134.041 135.329 154.885 94.7932
3997.29
1197.37 980.234 1062.27 773.02
112.468 111.878 133.616 69.0325
0.320251
0.347138 0.305507 0.340973 0.285913
0.0297822 0.0328741 0.0401041 0.0232744
rap0.0-1.2_pT6.5-30.0_cent10.0-60.0
8159.46
2173.46 2176.33 2027.0 1770.57
96.9248 103.571 122.871 81.5646
4000.58
1050.58 1057.37 939.106 952.272
68.448 73.2441 91.5935 76.6567
5540.06
1422.01 1568.09 1306.42 1214.31
97.7971 114.638 125.641 77.5128
2619.4
751.443 608.237 720.579 556.256
81.6446 91.7108 106.874 59.4612
0.321026
0.345736 0.279478 0.355491 0.314168
0.0342544 0.0399861 0.0481209 0.0303045
rap0.0-2.4_pT10.0-13.0_cent0.0-100.0
4725.27
1192.47 1239.71 1177.44 1113.23
58.8606 77.9856 81.8061 52.9457
1793.09
448.819 443.133 433.904 447.325
37.8515 43.6928 48.7585 36.3358
3194.7
797.022 828.302 797.143 772.749
59.6986 85.5139 98.8187 53.1348
1530.56
395.452 411.405 380.295 340.482
48.9614 72.577 85.9993 41.6509
0.323911
0.331623 0.331857 0.322985 0.30585
0.0376546 0.0546951 0.0695067 0.034471
rap0.0-2.4_pT10.0-13.0_cent10.0-60.0
3130.63
782.976 833.337 807.5 688.036
42.4441 71.1395 76.1757 41.659
1068.05
284.302 243.715 254.978 271.431
28.8845 35.1319 42.057 28.4617
2095.41
507.958 551.414 529.287 476.217
40.4084 78.0897 84.438 42.4297
1035.22
275.018 281.922 278.213 211.819
33.1192 66.7936 72.9764 33.6656
0.330675
0.351247 0.338306 0.344537 0.307861
0.0377712 0.0747682 0.0843264 0.0452403
rap0.0-2.4_pT10.0-30.0_cent0.0-100.0
7415.47
1952.59 1883.98 1793.89 1784.68
79.6289 86.2449 89.0977 66.8415
2724.55
693.859 716.214 656.105 643.583
49.4667 51.45 55.0071 44.1594
4824.8
1225.61 1240.97 1184.61 1162.55
79.6024 97.1978 103.048 65.8036
2590.68
726.98 643.016 609.272 622.123
68.6827 84.1821 89.8489 54.5636
0.349361
0.372316 0.341307 0.339638 0.348592
0.0317294 0.0418623 0.04716 0.0276456
rap0.0-2.4_pT10.0-30.0_cent10.0-60.0
4910.47
1289.66 1246.35 1203.28 1160.4
63.2565 76.7385 81.3055 54.6341
1642.67
420.46 410.673 398.235 399.662
37.7156 41.2911 47.2262 35.1746
3214.42
817.2 843.417 792.309 746.398
63.055 86.6793 87.5649 54.8882
1696.05
472.46 402.928 410.967 413.999
53.9103 73.7025 74.6497 46.4509
0.345394
0.366345 0.323288 0.34154 0.356773
0.0377429 0.0556841 0.0575866 0.0363353
rap0.0-2.4_pT13.0-30.0_cent0.0-100.0
2696.55
765.324 643.748 603.071 670.071
53.9036 36.4443 35.697 40.6827
925.637
233.314 266.756 221.477 191.524
30.8607 26.0986 26.1655 24.6097
1632.08
427.918 416.463 371.835 387.238
51.6203 34.7553 33.7665 37.7754
1064.47
337.406 227.284 231.236 282.832
48.177 28.594 29.0361 34.1921
0.394753
0.440867 0.353064 0.383431 0.422093
0.0547585 0.0396667 0.0424621 0.0441256
rap0.0-2.4_pT13.0-30.0_cent10.0-60.0
1777.9
508.061 411.173 384.134 464.101
47.0944 28.4673 28.6484 35.1087
571.074
130.495 166.889 138.287 126.803
23.1508 20.3532 21.1012 20.3998
1117.29
298.586 280.496 250.512 263.353
46.0802 27.8555 26.6514 33.9419
660.61
209.475 130.677 133.623 200.748
41.6459 21.9237 21.4605 31.3971
0.371567
0.412302 0.317815 0.347854 0.432553
0.0725154 0.0485679 0.0494786 0.0592112
rap0.0-2.4_pT6.5-10.0_cent0.0-100.0
19675.9
5336.24 5005.46 4927.41 4395.63
157.63 145.827 160.67 134.031
18265.9
5263.16 4921.79 4291.28 3885.22
151.463 146.51 154.09 141.162
14669.3
3936.88 3746.98 3641.0 3281.59
180.372 156.334 216.639 130.237
5006.62
1399.36 1258.48 1286.41 1114.03
143.939 117.763 186.002 90.0167
0.254454
0.262237 0.251422 0.261072 0.253441
0.0258377 0.0223576 0.0367761 0.0189646
rap0.0-2.4_pT6.5-10.0_cent10.0-60.0
12628.8
3441.23 3292.91 3078.68 2819.65
117.046 112.176 128.199 103.598
9379.56
2859.31 2501.31 2062.67 1947.97
104.014 104.366 106.043 100.451
9340.41
2548.06 2500.78 2230.8 2027.56
129.567 120.572 180.047 101.203
3288.39
893.174 792.129 847.878 792.091
100.992 89.4894 158.223 74.4274
0.260388
0.259551 0.240556 0.275403 0.280918
0.0279883 0.0259114 0.0500971 0.0242944
rap0.0-2.4_pT6.5-30.0_cent0.0-10.0
8603.89
2309.41 2108.51 2217.24 1969.3
109.704 95.0194 101.824 90.0382
9859.55
2642.4 2697.69 2384.78 2163.84
113.531 105.251 106.764 101.862
6149.69
1596.9 1446.43 1616.73 1475.21
123.516 97.8959 112.431 88.711
2454.21
712.511 662.085 600.504 494.087
103.186 78.899 88.8189 61.8928
0.285244
0.308525 0.314006 0.270835 0.250895
0.0422086 0.0346404 0.0380785 0.0292607
rap0.0-2.4_pT6.5-30.0_cent0.0-100.0
27012.2
7276.72 6877.11 6694.85 6166.89
176.38 169.493 184.29 149.945
21166.6
5974.63 5652.03 4974.79 4551.11
158.518 155.067 163.179 147.093
19399.6
5149.27 4968.75 4827.8 4424.61
193.508 193.068 236.145 145.808
7612.67
2127.45 1908.36 1867.05 1742.28
156.608 156.495 201.853 107.148
0.281823
0.292364 0.277495 0.278879 0.282522
0.0203217 0.021704 0.0291567 0.0159591
rap0.0-2.4_pT6.5-30.0_cent10.0-20.0
6353.13
1745.88 1584.05 1599.95 1424.56
82.4876 93.01 101.386 70.5447
5361.75
1531.19 1368.77 1313.52 1126.92
75.8025 78.4048 89.1745 67.0198
4412.45
1147.73 1202.66 1097.5 934.46
88.5566 124.958 113.903 69.8619
1940.68
598.149 381.39 502.452 490.105
75.501 105.496 95.6604 57.6922
0.305469
0.342607 0.240769 0.314043 0.344038
0.0401015 0.065081 0.0563806 0.0367402
rap0.0-2.4_pT6.5-30.0_cent10.0-30.0
11230.5
3092.93 2838.07 2761.91 2535.87
111.276 113.257 131.792 96.5603
8436.56
2445.54 2201.76 1949.05 1832.24
96.0041 96.4441 108.475 94.348
7932.61
2153.93 2075.47 1902.8 1743.44
118.892 139.172 171.12 94.2232
3297.85
938.993 762.602 859.107 792.431
96.2883 115.91 150.727 73.3577
0.293652
0.303594 0.268705 0.311055 0.312489
0.0291528 0.0394082 0.0525162 0.0263675
rap0.0-2.4_pT6.5-30.0_cent10.0-60.0
17502.4
4721.4 4530.27 4269.16 3983.77
132.87 136.005 152.56 117.391
11061.8
3294.63 2922.34 2474.7 2363.31
110.427 112.704 116.236 106.024
12552.9
3369.54 3353.46 3024.36 2777.28
142.555 161.528 192.997 115.312
4949.54
1351.86 1176.81 1244.81 1206.48
113.037 131.163 165.97 88.6749
0.282792
0.286326 0.259766 0.291581 0.30285
0.0225447 0.0278825 0.0374541 0.0203918
rap0.0-2.4_pT6.5-30.0_cent20.0-30.0
4878.34
1347.79 1260.43 1163.21 1110.53
74.5701 63.3625 87.5189 66.1003
3046.36
909.489 786.573 630.656 697.279
58.938 51.1834 58.2488 66.1416
3517.37
1000.91 872.641 795.855 807.771
78.0954 64.0462 137.545 64.2846
1360.97
346.884 387.784 367.358 302.758
58.3141 50.5718 126.874 46.3206
0.278982
0.257372 0.307661 0.315813 0.272625
0.040856 0.037022 0.106452 0.0384245
rap0.0-2.4_pT6.5-30.0_cent30.0-60.0
6262.01
1623.01 1697.01 1500.4 1437.77
72.0192 75.1005 72.3343 65.8761
2632.74
847.566 715.806 529.628 531.184
55.0175 57.7462 47.009 48.6812
4551.78
1189.83 1267.91 1072.61 1019.27
79.2462 80.4937 81.1911 65.4581
1710.23
433.188 429.1 427.794 418.5
62.1444 60.7571 65.9043 49.7136
0.273112
0.266903 0.252857 0.28512 0.291076
0.0364118 0.0340088 0.0417182 0.0319014
rap0.0-2.4_pT6.5-8.0_cent0.0-100.0
11186.0
3059.13 2722.66 2890.17 2515.09
134.299 114.671 122.794 111.542
13575.2
3914.43 3693.77 3125.54 2825.31
137.605 129.012 129.056 126.812
8573.64
2320.87 2151.47 2138.68 1944.49
161.578 120.063 128.888 108.393
2612.35
738.251 571.185 751.489 570.604
129.524 82.359 96.8237 70.376
0.233538
0.241327 0.209789 0.260016 0.226872
0.0409932 0.0289303 0.0316272 0.0261099
rap0.0-2.4_pT6.5-8.0_cent10.0-60.0
7201.23
1951.3 1859.0 1785.84 1605.47
98.5165 90.3999 93.8008 85.5841
6785.95
2084.68 1791.76 1451.3 1447.83
93.4595 90.8561 88.299 90.8841
5402.66
1450.91 1458.03 1293.66 1180.03
112.708 94.9035 104.838 82.4497
1798.57
500.39 400.963 492.172 425.443
89.3042 66.0287 83.9173 57.925
0.249759
0.256439 0.215688 0.275598 0.264996
0.043897 0.0339345 0.0447053 0.0331993
rap0.0-2.4_pT8.0-10.0_cent0.0-100.0
8456.03
2271.02 2275.29 2042.47 1876.15
80.6844 88.9322 108.052 73.4722
4816.08
1345.91 1217.19 1160.47 1062.92
66.437 70.0272 80.4077 64.0415
6028.58
1604.74 1577.7 1443.01 1340.17
82.7064 95.7886 159.008 72.6926
2427.45
666.283 697.588 599.456 535.977
64.4223 78.2059 143.044 54.5009
0.287067
0.293385 0.306593 0.293496 0.28568
0.0263827 0.0322152 0.0682919 0.0268087
rap0.0-2.4_pT8.0-10.0_cent10.0-60.0
5415.85
1483.06 1426.3 1300.89 1209.71
61.787 65.8489 91.8241 57.433
2604.85
776.03 714.079 598.858 503.263
47.5565 52.6068 54.1246 44.4089
3894.0
1086.15 1012.76 880.906 839.985
63.5637 73.3064 136.673 58.607
1521.86
396.912 413.546 419.987 369.724
47.604 59.6002 125.268 46.3951
0.281
0.26763 0.289943 0.322845 0.30563
0.0300997 0.0395844 0.0935582 0.0355014
rap1.2-1.6_pT6.5-30.0_cent0.0-100.0
6161.58
1643.41 1578.96 1511.6 1423.55
72.9445 73.7154 77.5689 71.5903
5565.63
1545.65 1599.15 1269.88 1146.02
71.7377 76.1659 75.7751 74.4089
4443.75
1220.52 1111.26 1116.78 983.836
77.6258 75.7615 87.7207 69.0123
1717.83
422.891 467.709 394.829 439.71
58.6794 59.3722 69.4349 52.9499
0.278797
0.257325 0.296212 0.261199 0.308884
0.0338297 0.0349667 0.0439355 0.0337969
rap1.2-1.6_pT6.5-30.0_cent10.0-60.0
3938.28
1101.4 978.664 923.22 926.19
57.7591 54.7254 49.7947 52.037
2814.4
891.54 807.549 589.899 508.241
53.102 54.1856 43.0332 42.3262
2872.59
826.299 685.935 708.132 650.092
62.1393 57.935 51.2587 52.8287
1065.69
275.098 292.729 215.088 276.099
46.8157 46.4025 36.1009 41.2001
0.270598
0.249772 0.299111 0.232975 0.298102
0.0404372 0.0443661 0.0370293 0.04121
rap1.2-2.4_pT6.5-30.0_cent0.0-100.0
14599.3
3827.17 3676.41 3589.59 3495.78
117.273 117.413 116.009 112.38
13414.9
4061.27 3654.64 3064.97 2755.02
119.821 120.398 111.521 110.374
10932.7
2883.89 2734.86 2777.68 2532.51
124.368 124.931 130.02 111.211
3666.59
943.287 941.552 811.911 963.27
92.1616 94.251 97.6486 81.8456
0.251149
0.246471 0.256106 0.226185 0.275552
0.0228659 0.0242969 0.0262028 0.0216722
rap1.2-2.4_pT6.5-30.0_cent10.0-60.0
9368.3
2548.59 2355.56 2230.34 2238.5
90.5941 88.0473 82.1556 83.7443
7031.72
2237.79 1861.19 1541.46 1381.65
85.83 84.9883 72.2246 70.1871
6950.45
1950.34 1735.48 1672.78 1574.81
96.6256 94.6709 83.8541 86.2936
2417.84
598.252 620.072 557.557 663.687
70.5858 72.7438 60.4696 67.7648
0.258088
0.234738 0.263238 0.249988 0.296487
0.0264092 0.0292724 0.0255006 0.0281672
rap1.6-2.4_pT3.0-6.5_cent0.0-100.0
28909.4
7923.27 7066.77 6858.93 7059.0
388.808 347.826 370.461 352.572
136914.0
36883.6 35186.2 33257.8 31578.0
612.312 551.299 590.886 552.133
24133.3
6767.17 5763.77 5697.8 5946.88
504.606 404.899 444.985 403.95
4776.1
1156.1 1303.01 1161.13 1112.12
384.15 295.931 327.47 279.35
0.165209
0.145912 0.184385 0.169287 0.157546
0.0479522 0.0408811 0.0468599 0.0387834
rap1.6-2.4_pT3.0-6.5_cent10.0-60.0
18435.2
5381.76 4429.82 4237.63 4395.21
281.921 250.13 251.384 246.32
67552.9
18789.5 17842.9 16043.5 14857.0
419.031 380.188 376.723 356.836
15356.5
4642.99 3413.43 3492.42 3792.05
300.938 307.673 266.841 272.92
3078.73
738.767 1016.39 745.215 603.159
181.396 246.592 173.886 174.539
0.167003
0.137272 0.229443 0.175856 0.137231
0.0329298 0.0541378 0.0396856 0.0389594
rap1.6-2.4_pT6.5-30.0_cent0.0-100.0
8409.37
2182.1 2085.42 2078.49 2065.21
91.8357 91.0578 86.2944 85.9198
7982.85
2515.92 2066.2 1792.55 1605.81
95.9614 93.1078 82.1329 80.5048
6487.12
1669.81 1615.0 1650.49 1541.29
95.7781 98.431 87.6157 86.08
1922.25
512.295 470.411 428.003 523.912
68.5542 71.6785 57.4164 61.4253
0.228584
0.234771 0.225572 0.20592 0.253685
0.0298224 0.0329299 0.0262678 0.0278074
rap1.6-2.4_pT6.5-30.0_cent10.0-60.0
5415.25
1444.99 1363.24 1305.61 1301.97
69.6708 68.3398 65.3243 65.101
4226.07
1347.0 1055.03 951.326 867.077
67.3311 65.0825 57.9756 55.5328
4067.76
1119.07 1042.72 962.31 926.072
71.9467 76.4476 65.9646 66.1575
1347.49
325.922 320.527 343.296 375.895
50.1197 58.0525 48.2506 50.8516
0.248832
0.225554 0.235121 0.26294 0.288713
0.0329362 0.0409204 0.0345356 0.0362916
