v2W_ctau1mm
rap	pT	cent	dPhi	ctauErrMin	ctauErrMax	NoCutEntry	CutEntry	NSig	NSigErr	NBkg	NBkgErr	coefExp	coefExpErr	coefPol1	coefPol1Err	coeffGaus	coeffGausErr	meanSig1	meanSig1Err	sigmaSig1	sigmaSig1Err	sigmaSig2	sigmaSig2Err	sigmaSig3	sigmaSig3Err	alpha	alphaErr	enne	enneErr	enneW	enneWErr	sigWidth	sigWidthErr	Gmc	GmcErr	bTau	bTauErr	fracRes	fracResErr	meanResSigW	meanResSigWErr	meanResSigN	meanResSigNErr	sigmaResSigW	sigmaResSigWErr	sigmaResSigN	sigmaResSigNErr	fpm	fpmErr	fLiving	fLivingErr	fbkgCtTot	fbkgCtTotErr	lambdam	lambdamErr	lambdap	lambdapErr	lambdasym	lambdasymErr	NLL	nFitPar	EDM	NLLMass	nFitParMass	EDMMass	Prob	PROMPT	PROMPTErr	NON-PROMPT	NON-PROMPTErr	Bfraction	BfractionErr	Resolution	ResolutionErr	
0.0-1.2	6.5-30.0	0.0-100.0	0.000-0.393	0.008	0.088	5363.0	5359.0	3449.27	131.89	1910.65	101.734	0.268525	0.187526	-0.05	0.0	0.508845	0.0	3.09245	0.0	0.0193171	0.0	0.0352406	0.0	0.03	0.0	1.492	0.04	5.0	0.0	1.733	0.07	0.0282815	0.0	2.21795e-05	1.43176	0.418394	0.0865031	0.245908	0.0821935	-0.000109909	0.00257936	0.00129676	0.00125144	1.688	0.125228	0.88638	0.0339801	0.703889	1.45096	0.721115	1.24403	0.545118	0.57329	0.0376471	0.123403	0.250124	0.161303	0.132264	0.279832	-16860.8	4.0	7835.05	-195969.0	3.0	31.293	1.0	2251.9	134.041	1197.37	112.468	0.347138	0.0297822	1.13716	0.0448629	
0.0-1.2	6.5-30.0	0.0-100.0	0.000-1.571	0.008	0.105	20043.0	20039.0	12481.7	391.38	7557.18	357.966	0.0244311	0.184615	-0.05	0.0	0.508845	0.524773	3.09245	0.000870126	0.0193171	0.00561923	0.0352406	0.0172915	0.03	0.0	1.492	0.04	5.0	0.0	1.733	0.07	0.0282815	0.00538066	1.87255e-05	2.6751e-05	0.399838	0.0539422	0.236177	0.079527	5.83622e-05	0.00144617	0.000979928	0.000657423	1.60413	0.0920545	0.895597	0.0190946	0.609893	0.188248	0.935894	0.0871373	0.464119	0.160168	0.0598619	0.0360341	0.217588	0.029512	1.32414	6.66704	-13129.4	4.0	49736.9	-862053.0	7.0	1036690.0	1.0	8484.44	342.994	3997.29	250.155	0.320251	0.0173445	1.10472	0.0360578	
0.0-1.2	6.5-30.0	0.0-100.0	0.393-0.785	0.008	0.096	5198.0	5196.0	3208.55	122.079	1987.49	96.9947	-0.0787016	0.169981	-0.05	0.0	0.508845	0.0	3.09245	0.0	0.0193171	0.0	0.0352406	0.0	0.03	0.0	1.492	0.04	5.0	0.0	1.733	0.07	0.0282815	0.0	1.00937e-05	0.00103092	0.401641	0.0998303	0.0755589	0.0712515	0.0054884	0.00636296	-0.000637171	0.0011975	1.88269	0.329588	0.9948	0.0391603	0.632989	2.18799	0.894964	20.5631	0.329338	2.93524	0.0602749	0.134531	0.167024	0.239906	0.0451554	0.143368	-16719.9	4.0	7332.52	-166809.0	3.0	151.326	1.0	2228.32	135.329	980.234	111.878	0.305507	0.0328741	1.08751	0.0499007	
0.0-1.2	6.5-30.0	0.0-100.0	0.785-1.178	0.008	0.08	5015.0	5011.0	3115.41	138.899	1895.59	119.989	0.0747194	0.241128	-0.05	0.0	0.508845	0.0	3.09245	0.0	0.0193171	0.0	0.0352406	0.0	0.03	0.0	1.492	0.04	5.0	0.0	1.733	0.07	0.0282815	0.0	4.10143e-05	0.000107112	0.460368	0.176053	0.187448	0.146811	0.00147636	0.00343833	0.00149816	0.00139585	1.59152	0.210616	0.895827	0.0393905	0.594128	7.85893	0.576521	2.7896	0.381815	5.03621	0.0289356	0.471854	0.465895	0.534746	0.10378	0.0585572	25649.0	4.0	35150.9	-258999.0	3.0	1025.88	1.0	2053.14	154.885	1062.27	133.616	0.340973	0.0401041	1.06154	0.0681014	
0.0-1.2	6.5-30.0	0.0-100.0	1.178-1.571	0.008	0.088	4467.0	4464.0	2703.69	99.2796	1760.79	95.577	-0.179803	0.222268	-0.05	0.0	0.508845	0.0	3.09245	0.0	0.0193171	0.0	0.0352406	0.0	0.03	0.0	1.492	0.04	5.0	0.0	1.733	0.07	0.0282815	0.0	1.37041e-05	2.80645	0.269706	0.0351227	0.822701	0.0724277	-0.00109986	0.000962734	-0.000159724	0.00353352	1.28762	0.0347594	0.6	0.206655	0.686397	0.116283	0.830764	0.223519	0.477983	0.127472	0.0522373	0.0265873	0.202838	0.0480195	1.42178	6.93183	-14532.8	4.0	833.829	-116795.0	3.0	1611.91	1.0	1930.67	94.7932	773.02	69.0325	0.285913	0.0232744	1.19492	0.0266243	
0.0-1.2	6.5-30.0	10.0-60.0	0.000-0.393	0.008	0.073	3229.0	3224.0	2173.46	96.9248	1050.58	68.448	0.145303	0.217091	-0.05	0.0	0.508845	0.0	3.09245	0.0	0.0193171	0.0	0.0352542	0.0	0.03	0.0	1.492	0.04	5.0	0.0	1.733	0.07	0.0282898	0.0	1.05857e-05	4.67892e-05	0.374678	0.0785635	0.236177	0.0	5.83622e-05	0.0	-0.00145346	0.00139333	1.60413	0.0	0.873748	0.0425722	0.993277	59.3531	0.468776	7.08231	0.43259	7.37915	0.00100095	6.02887	0.244439	0.0770255	0.0463582	0.0338696	-11078.0	4.0	3586.9	-97393.7	3.0	85.713	1.0	1422.01	97.7971	751.443	81.6446	0.345736	0.0342544	1.09127	0.013018	
0.0-1.2	6.5-30.0	10.0-60.0	0.000-1.571	0.008	0.105	12164.0	12159.0	8159.46	235.985	4000.58	178.547	0.0626014	0.18691	-0.05	0.0	0.508845	0.0	3.09245	0.0	0.0193171	0.0	0.0352542	0.000286163	0.03	0.0	1.492	0.04	5.0	0.0	1.733	0.07	0.0282898	8.75756e-05	1.87255e-05	2.6751e-05	0.431109	0.0798466	0.236177	0.0	5.83622e-05	0.0	0.000340372	0.000777805	1.60413	0.0	0.858973	0.0220994	0.556618	0.514836	0.919309	0.25767	0.36684	0.517675	0.0479404	0.0637909	0.209634	0.0483568	4.99209	269.007	7236.23	4.0	42265.7	-542908.0	4.0	1427330.0	1.0	5540.06	238.633	2619.4	192.385	0.321026	0.0216732	1.08227	0.00669862	
0.0-1.2	6.5-30.0	10.0-60.0	0.393-0.785	0.008	0.073	3235.0	3233.0	2176.33	103.571	1057.37	73.2441	0.114893	0.243257	-0.05	0.0	0.508845	0.0	3.09245	0.0	0.0193171	0.0	0.0352542	0.0	0.03	0.0	1.492	0.04	5.0	0.0	1.733	0.07	0.0282898	0.0	2.45136e-05	0.0594659	0.463232	0.175104	0.236177	0.0	5.83622e-05	0.0	5.71476e-05	0.0014919	1.60413	0.0	0.863644	0.0511928	0.540134	0.0245334	0.999997	47.8216	0.228289	0.0303665	0.0488544	0.0034383	0.164996	0.0104839	0.0660747	180.442	-11745.2	4.0	5927.42	-107260.0	3.0	222.644	1.0	1568.09	114.638	608.237	91.7108	0.279478	0.0399861	1.08511	0.0155609	
0.0-1.2	6.5-30.0	10.0-60.0	0.785-1.178	0.008	0.064	2971.0	2966.0	2027.0	122.871	939.106	91.5935	0.0482615	0.417703	-0.05	0.0	0.508845	0.0	3.09245	0.0	0.0193171	0.0	0.0352542	0.0	0.03	0.0	1.492	0.04	5.0	0.0	1.733	0.07	0.0282898	0.0	3.78823e-05	8.58329e-05	0.541188	0.313055	0.236177	0.0	5.83622e-05	0.0	0.00297373	0.00177298	1.60413	0.0	0.807436	0.0385081	0.404628	2.97505	0.745112	1.15657	0.13909	4.47358	0.0140166	0.156157	0.720419	0.832948	0.109913	0.0932507	26678.7	4.0	29937.1	-184569.0	3.0	1001.04	1.0	1306.42	125.641	720.579	106.874	0.355491	0.0481209	1.05153	0.0112928	
0.0-1.2	6.5-30.0	10.0-60.0	1.178-1.571	0.008	0.064	2727.0	2722.0	1770.57	81.5646	952.272	76.6567	-0.0743544	0.37076	-0.05	0.0	0.508845	0.0	3.09245	0.0	0.0193171	0.0	0.0352542	0.0	0.03	0.0	1.492	0.04	5.0	0.0	1.733	0.07	0.0282898	0.0	2.4668e-05	4.15522	0.295143	0.0469013	0.236177	0.0	5.83622e-05	0.0	-0.00199609	0.00177469	1.60413	0.0	0.864361	0.0372606	0.581369	0.381316	0.845731	0.507239	0.284002	0.54142	0.0508179	0.0499858	0.14129	0.120064	4.90985	218.033	-8368.02	4.0	975.822	-71331.4	3.0	2063.02	1.0	1214.31	77.5128	556.256	59.4612	0.314168	0.0303045	1.08554	0.0113308	
0.0-2.4	10.0-13.0	0.0-100.0	0.000-0.393	0.016	0.08	1648.0	1641.0	1192.47	58.8606	448.819	37.8515	0.150942	0.257717	-0.05	0.0	0.48839	0.0	3.09216	0.0	0.0422562	0.0	0.0218031	0.0	0.03	0.0	1.492	0.04	5.0	0.0	1.733	0.07	0.0333956	0.0	1.71938e-05	0.0002901	0.367448	0.096841	0.274398	0.109498	-0.00249292	0.00355003	0.0011927	0.00154381	1.69599	0.15967	0.834787	0.0429054	0.810685	0.0823761	0.999951	18.0882	0.553933	0.0241301	0.121852	0.0234983	0.204559	0.0142091	0.144847	97.4027	-3644.29	4.0	1609.62	-30728.5	3.0	36.9003	1.0	797.022	59.6986	395.452	48.9614	0.331623	0.0376546	1.13795	0.0628118	
0.0-2.4	10.0-13.0	0.0-100.0	0.000-1.571	0.008	0.136	6519.0	6518.0	4725.27	333.625	1793.09	255.03	-0.704518	0.31056	-0.05	0.0	0.48839	0.452435	3.09216	0.00239813	0.0422562	0.00754724	0.0218031	0.00968917	0.03	0.0	1.492	0.04	5.0	0.0	1.733	0.07	0.0333956	0.00283842	1.21637e-05	1.85867	0.420909	0.0912254	0.294117	0.0867943	0.000270012	0.00176522	0.000286876	0.000922524	1.60695	0.0922641	0.797927	0.0258826	0.87426	0.314552	0.530121	0.242227	8.56055e-08	7.20242	0.0858056	0.0991484	0.278035	0.0588166	0.0265918	0.0215415	-6945.91	4.0	16081.4	-194072.0	7.0	29887.6	1.0	3194.7	257.115	1530.56	164.038	0.323911	0.0261174	1.09951	0.0437199	
0.0-2.4	10.0-13.0	0.0-100.0	0.393-0.785	0.008	0.088	1684.0	1682.0	1239.71	77.9856	443.133	43.6928	-0.749078	0.28823	-0.05	0.0	0.48839	0.0	3.09216	0.0	0.0422562	0.0	0.0218031	0.0	0.03	0.0	1.492	0.04	5.0	0.0	1.733	0.07	0.0333956	0.0	1.60627e-05	0.00013147	0.47864	0.241406	0.680848	0.179328	0.0030049	0.00163927	-0.00164277	0.00232529	1.30469	0.0810495	0.608095	0.0466467	0.843982	0.0637407	1.0	94.5252	0.407294	0.116006	0.0488183	0.00943899	0.222793	0.019953	0.0200071	689.405	-2241.25	4.0	5877.18	-52457.7	3.0	693.711	1.0	828.302	85.5139	411.405	72.577	0.331857	0.0546951	1.13003	0.0618485	
0.0-2.4	10.0-13.0	0.0-100.0	0.785-1.178	0.008	0.105	1612.0	1611.0	1177.44	81.8061	433.904	48.7585	-1.19311	0.352996	-0.05	0.0	0.48839	0.0	3.09216	0.0	0.0422562	0.0	0.0218031	0.0	0.03	0.0	1.492	0.04	5.0	0.0	1.733	0.07	0.0333956	0.0	8.5376e-05	0.000184274	0.537644	0.365911	0.118034	0.0934839	0.00630016	0.00594207	0.000327341	0.00242369	1.90173	0.316188	0.98475	0.0763815	0.895127	44.401	1.0	514.874	0.387615	16.6093	0.079826	9.46147	0.389305	0.239298	0.0206163	869.341	109.496	4.0	6821.4	-56438.9	3.0	643.148	1.0	797.143	98.8187	380.295	85.9993	0.322985	0.0695067	1.13232	0.0694606	
0.0-2.4	10.0-13.0	0.0-100.0	1.178-1.571	0.008	0.088	1574.0	1560.0	1113.23	52.9457	447.325	36.3358	-1.03623	0.276449	-0.05	0.0	0.48839	0.0	3.09216	0.0	0.0422562	0.0	0.0218031	0.0	0.03	0.0	1.492	0.04	5.0	0.0	1.733	0.07	0.0333956	0.0	1.34644e-05	0.00253279	0.318568	0.0641347	0.547296	0.182925	-0.00213568	0.00229779	0.00286011	0.00238303	1.46442	0.108951	0.722867	0.0647461	1.0	242.473	0.521349	0.00515777	0.0961802	0.0040057	0.067327	192.574	0.24777	0.00182964	0.0431122	0.000334313	-4112.69	4.0	536.786	-24646.2	3.0	9.91616	1.0	772.749	53.1348	340.482	41.6509	0.30585	0.034471	1.18754	0.073026	
0.0-2.4	10.0-13.0	10.0-60.0	0.000-0.393	0.016	0.08	1072.0	1067.0	782.976	42.4441	284.302	28.8845	0.128714	0.319531	-0.05	0.0	0.48839	0.0	3.09216	0.0	0.0422562	0.0	0.0221228	0.0	0.03	0.0	1.492	0.04	5.0	0.0	1.733	0.07	0.033503	0.0	1.71938e-05	0.0002901	0.283045	0.0536309	0.294117	0.0	0.000270012	0.0	0.00012056	0.00176973	1.60695	0.0	0.74837	0.0507166	0.840609	0.0763671	0.999998	42.8482	0.515126	0.0622517	0.13783	0.0519231	0.216784	0.0402735	0.195933	132.592	-2550.72	4.0	324.397	-15297.6	3.0	14.5672	1.0	507.958	40.4084	275.018	33.1192	0.351247	0.0377712	1.07463	0.0124655	
0.0-2.4	10.0-13.0	10.0-60.0	0.000-1.571	0.008	0.136	4200.0	4198.0	3130.63	121.547	1068.05	70.7218	-0.861473	0.193839	-0.05	0.0	0.48839	0.0	3.09216	0.0	0.0422562	0.0	0.0221228	0.00153252	0.03	0.0	1.492	0.04	5.0	0.0	1.733	0.07	0.033503	0.000258863	1.21637e-05	1.85867	0.471897	0.145729	0.294117	0.0	0.000270012	0.0	0.000929912	0.00116676	1.60695	0.0	0.814632	0.0317128	0.925373	0.362114	0.5488	0.342198	0.0837197	0.350584	0.112733	0.253003	0.303155	0.0961333	0.0363713	0.0439296	-2687.21	4.0	13710.8	-138601.0	4.0	3823.15	1.0	2095.41	133.523	1035.22	113.249	0.330675	0.0338197	1.10812	0.00822832	
0.0-2.4	10.0-13.0	10.0-60.0	0.393-0.785	0.016	0.088	1078.0	1077.0	833.337	71.1395	243.715	35.1319	-1.06322	0.374687	-0.05	0.0	0.48839	0.0	3.09216	0.0	0.0422562	0.0	0.0221228	0.0	0.03	0.0	1.492	0.04	5.0	0.0	1.733	0.07	0.033503	0.0	1.60627e-05	0.00013147	0.596053	0.490811	0.294117	0.0	0.000270012	0.0	0.00117268	0.00212217	1.60695	0.0	0.801682	0.0605671	0.717288	0.0637824	1.0	2.59842	0.299358	0.0680475	0.0490196	0.0111274	0.188774	0.029811	0.02	19.8823	-1845.45	4.0	5154.57	-40592.3	3.0	851.746	1.0	551.414	78.0897	281.922	66.7936	0.338306	0.0747682	1.10144	0.015559	
0.0-2.4	10.0-13.0	10.0-60.0	0.785-1.178	0.016	0.105	1063.0	1062.0	807.5	76.1757	254.978	42.057	-1.43465	0.543977	-0.05	0.0	0.48839	0.0	3.09216	0.0	0.0422562	0.0	0.0221228	0.0	0.03	0.0	1.492	0.04	5.0	0.0	1.733	0.07	0.033503	0.0	8.5376e-05	0.000184274	0.715963	0.815043	0.294117	0.0	0.000270012	0.0	0.000246036	0.00322269	1.60695	0.0	0.958484	0.087106	0.979346	0.146545	0.999998	535.3	0.435297	1.05098	0.191685	0.370767	0.493515	0.362106	0.0214364	2027.59	-141.662	4.0	5695.93	-46176.6	3.0	639.377	1.0	529.287	84.438	278.213	72.9764	0.344537	0.0843264	1.18658	0.0248334	
0.0-2.4	10.0-13.0	10.0-60.0	1.178-1.571	0.016	0.056	985.0	959.0	688.036	41.659	271.431	28.4617	-1.1629	0.356237	-0.05	0.0	0.48839	0.0	3.09216	0.0	0.0422562	0.0	0.0221228	0.0	0.03	0.0	1.492	0.04	5.0	0.0	1.733	0.07	0.033503	0.0	1.27211e-05	0.00181467	0.309455	0.0805586	0.294117	0.0	0.000270012	0.0	0.00351547	0.00243676	1.60695	0.0	0.893284	0.0698567	0.779237	4.42254	0.593527	2.225	9.09046e-07	172.235	0.0121675	0.487906	0.250654	0.247631	0.0452155	0.181504	-2378.04	4.0	390.363	-14220.8	3.0	17.2792	1.0	476.217	42.4297	211.819	33.6656	0.307861	0.0452403	1.15011	0.0191496	
0.0-2.4	10.0-30.0	0.0-100.0	0.000-0.393	0.008	0.088	2651.0	2646.0	1952.59	79.6289	693.859	49.4667	-0.0273277	0.228699	-0.05	0.0	0.48923	0.0	3.0931	0.0	0.0434118	0.0	0.0214118	0.0	0.03	0.0	1.492	0.04	5.0	0.0	1.733	0.07	0.0340024	0.0	1.1122e-05	0.00169269	0.429531	0.096547	0.286858	0.0918796	0.000915639	0.00224089	0.00112442	0.00124061	1.62833	0.118442	0.852799	0.0366085	0.832985	1.41979	0.968203	19.7379	0.522898	9.67475	0.103917	0.516135	0.236404	0.130396	0.0200001	8.37664	-4403.18	4.0	3577.54	-59258.4	3.0	80.9591	1.0	1225.61	79.6024	726.98	68.6827	0.372316	0.0317294	1.13103	0.0471395	
0.0-2.4	10.0-30.0	0.0-100.0	0.000-1.571	0.008	0.136	10141.0	10140.0	7415.47	297.982	2724.55	227.535	-0.741605	0.187335	-0.05	0.0	0.48923	0.24356	3.0931	0.0013388	0.0434118	0.00503826	0.0214118	0.00529921	0.03	0.0	1.492	0.04	5.0	0.0	1.733	0.07	0.0340025	0.00178945	1.52572e-05	0.000100154	0.379301	0.052664	0.236663	0.0682407	0.00122367	0.00140879	0.000166961	0.000665369	1.62012	0.0865195	0.862742	0.0205048	0.909813	0.445213	0.732636	0.797315	0.28126	0.475579	0.0796617	0.134372	0.291919	0.0672981	0.037903	0.0716485	-11983.6	4.0	19960.5	-282230.0	7.0	235526.0	1.0	4824.8	239.323	2590.68	174.711	0.349361	0.018921	1.09058	0.0336895	
0.0-2.4	10.0-30.0	0.0-100.0	0.393-0.785	0.008	0.105	2601.0	2600.0	1883.98	86.2449	716.214	51.45	-0.714576	0.221248	-0.05	0.0	0.48923	0.0	3.0931	0.0	0.0434118	0.0	0.0214118	0.0	0.03	0.0	1.492	0.04	5.0	0.0	1.733	0.07	0.0340024	0.0	1.01316e-05	0.00876397	0.380786	0.12085	0.100919	0.169121	0.00498796	0.00652429	-0.000717438	0.00118018	1.74041	0.515379	0.887972	0.0402985	0.703154	0.00483313	1.0	274.529	0.305691	0.00455173	0.0356397	0.000433534	0.219952	0.00225308	0.0470486	851.116	-3230.43	4.0	6870.37	-68206.1	3.0	524.898	1.0	1240.97	97.1978	643.016	84.1821	0.341307	0.0418623	1.00728	0.105445	
0.0-2.4	10.0-30.0	0.0-100.0	0.785-1.178	0.008	0.105	2451.0	2449.0	1793.89	89.0977	656.105	55.0071	-1.28273	0.285134	-0.05	0.0	0.48923	0.0	3.0931	0.0	0.0434118	0.0	0.0214118	0.0	0.03	0.0	1.492	0.04	5.0	0.0	1.733	0.07	0.0340024	0.0	2.91026e-05	5.76628e-05	0.399195	0.150922	0.122074	0.0686439	0.00470031	0.00433712	0.000444159	0.00159861	1.84586	0.2159	0.931566	0.0519398	0.860926	0.355779	0.766325	1.31678	0.169741	1.15299	0.072179	0.0798781	0.426054	0.179729	0.0345356	0.112763	93.8588	4.0	8559.62	-72129.2	3.0	472.97	1.0	1184.61	103.048	609.272	89.8489	0.339638	0.04716	1.08527	0.0499774	
0.0-2.4	10.0-30.0	0.0-100.0	1.178-1.571	0.008	0.105	2437.0	2428.0	1784.68	66.8415	643.583	44.1594	-0.989563	0.233454	-0.05	0.0	0.48923	0.0	3.0931	0.0	0.0434118	0.0	0.0214118	0.0	0.03	0.0	1.492	0.04	5.0	0.0	1.733	0.07	0.0340024	0.0	3.2121e-05	7.73774e-05	0.308198	0.0463591	0.662879	0.127118	-0.000594368	0.00123554	0.00243198	0.00222447	1.36549	0.0619482	0.695526	0.0634493	0.999998	178.242	0.659464	0.287315	0.187216	0.21298	0.030487	233.495	0.245023	0.0240505	0.0444269	0.00834378	-6006.04	4.0	1022.01	-41072.6	3.0	7.0601	1.0	1162.55	65.8036	622.123	54.5636	0.348592	0.0276456	1.18282	0.0444713	
0.0-2.4	10.0-30.0	10.0-60.0	0.000-0.393	0.008	0.088	1715.0	1710.0	1289.66	63.2565	420.46	37.7156	-0.112529	0.287298	-0.05	0.0	0.48923	0.0	3.0931	0.0	0.0434118	0.0	0.0213624	0.0	0.03	0.0	1.492	0.04	5.0	0.0	1.733	0.07	0.0339866	0.0	1.1122e-05	0.00169269	0.436971	0.119729	0.236663	0.0	0.00122367	0.0	0.000176925	0.0013545	1.62012	0.0	0.817728	0.0398379	0.88137	0.194907	0.999996	12.1773	0.493038	0.242795	0.125353	0.174719	0.231522	0.117679	0.150824	171.877	-2977.55	4.0	2236.92	-35252.4	3.0	48.2386	1.0	817.2	63.055	472.46	53.9103	0.366345	0.0377429	1.06378	0.011688	
0.0-2.4	10.0-30.0	10.0-60.0	0.000-1.571	0.008	0.136	6554.0	6552.0	4910.47	141.057	1642.67	83.0603	-0.813899	0.152825	-0.05	0.0	0.48923	0.0	3.0931	0.0	0.0434118	0.0	0.0213624	0.00110561	0.03	0.0	1.492	0.04	5.0	0.0	1.733	0.07	0.0339866	0.000177477	1.52572e-05	0.000100154	0.434525	0.0877281	0.236663	0.0	0.00122367	0.0	0.000426918	0.000822493	1.62012	0.0	0.855684	0.0252002	0.918187	0.531287	0.58668	0.466487	0.125594	0.223124	0.0906227	0.259849	0.318795	0.0893069	0.0331899	0.0431484	-5955.38	4.0	16847.0	-198146.0	4.0	3340.15	1.0	3214.42	151.244	1696.05	129.315	0.345394	0.024394	1.08632	0.00757606	
0.0-2.4	10.0-30.0	10.0-60.0	0.393-0.785	0.008	0.105	1658.0	1657.0	1246.35	76.7385	410.673	41.2911	-0.818894	0.284518	-0.05	0.0	0.48923	0.0	3.0931	0.0	0.0434118	0.0	0.0213624	0.0	0.03	0.0	1.492	0.04	5.0	0.0	1.733	0.07	0.0339866	0.0	1.01316e-05	0.00876397	0.461899	0.235724	0.236663	0.0	0.00122367	0.0	0.000805707	0.00154566	1.62012	0.0	0.849465	0.0513336	0.621732	0.0868836	0.999999	25.2062	0.269368	0.0926118	0.0408567	0.00961493	0.202482	0.0369952	0.0378545	102.925	-1968.01	4.0	6085.45	-50150.1	3.0	713.362	1.0	843.417	86.6793	402.928	73.7025	0.323288	0.0556841	1.08259	0.0153733	
0.0-2.4	10.0-30.0	10.0-60.0	0.785-1.178	0.008	0.105	1602.0	1601.0	1203.28	81.3055	398.235	47.2262	-1.34602	0.405153	-0.05	0.0	0.48923	0.0	3.0931	0.0	0.0434118	0.0	0.0213624	0.0	0.03	0.0	1.492	0.04	5.0	0.0	1.733	0.07	0.0339866	0.0	2.91026e-05	5.76628e-05	0.511065	0.295904	0.236663	0.0	0.00122367	0.0	0.000380923	0.00196842	1.62012	0.0	0.941424	0.0601356	0.963642	2.05206	0.88953	1.87673	0.373392	0.74343	0.0428339	0.350453	0.56834	0.54737	0.104147	0.647757	460.033	4.0	7156.12	-56448.9	3.0	548.777	1.0	792.309	87.5649	410.967	74.6497	0.34154	0.0575866	1.13917	0.0189676	
0.0-2.4	10.0-30.0	10.0-60.0	1.178-1.571	0.008	0.08	1578.0	1560.0	1160.4	54.6341	399.662	35.1746	-0.997366	0.29695	-0.05	0.0	0.48923	0.0	3.0931	0.0	0.0434118	0.0	0.0213624	0.0	0.03	0.0	1.492	0.04	5.0	0.0	1.733	0.07	0.0339866	0.0	1.97786e-05	7.38276e-05	0.33007	0.0648988	0.236663	0.0	0.00122367	0.0	0.001673	0.00171906	1.62012	0.0	0.914159	0.0536273	0.764509	1.92708	0.674123	0.667255	2.9768e-05	107.577	0.0133248	0.0306032	0.227404	0.0933584	0.0423855	0.0376822	-3678.98	4.0	821.917	-25689.7	3.0	18.6325	1.0	746.398	54.8882	413.999	46.4509	0.356773	0.0363353	1.1221	0.0166749	
0.0-2.4	13.0-30.0	0.0-100.0	0.000-0.393	0.008	0.064	1002.0	998.0	765.324	53.9036	233.314	30.8607	-0.399277	0.429344	-0.05	0.0	0.488758	0.0	3.09481	0.0	0.0458409	0.0	0.0206736	0.0	0.03	0.0	1.492	0.04	5.0	0.0	1.733	0.07	0.0352927	0.0	5.42312e-05	0.000155716	0.510172	0.199928	0.320965	0.160542	0.00391952	0.00307986	0.000847888	0.00216114	1.50857	0.163159	0.89226	0.0703018	0.875137	0.0745626	1.0	104.629	0.479167	0.0836455	0.0371852	0.0121158	0.282769	0.0493938	0.0200737	363.923	-1147.87	4.0	1875.65	-23387.4	3.0	55.3305	1.0	427.918	51.6203	337.406	48.177	0.440867	0.0547585	1.1274	0.0660232	
0.0-2.4	13.0-30.0	0.0-100.0	0.000-1.571	0.008	0.105	3621.0	3621.0	2696.55	104.035	925.637	80.672	-0.826116	0.206498	-0.05	0.0	0.488758	0.220332	3.09481	0.00122907	0.0458409	0.00749735	0.0206736	0.00417749	0.03	0.0	1.492	0.04	5.0	0.0	1.733	0.07	0.0352927	0.00246063	1.00009e-05	0.0022258	0.321146	0.045046	0.132772	0.0920488	0.00351245	0.00313808	3.05416e-05	0.000913665	1.67468	0.204192	0.934663	0.0327908	0.905335	0.87835	0.861053	1.48833	0.341697	0.344734	0.0429625	0.0301759	0.315218	0.12201	0.0409397	0.0310789	-6072.88	4.0	3329.06	-70162.5	7.0	191965.0	1.0	1632.08	92.0361	1064.47	78.6919	0.394753	0.0248932	1.063	0.0485772	
0.0-2.4	13.0-30.0	0.0-100.0	0.393-0.785	0.008	0.064	917.0	910.0	643.748	36.4443	266.756	26.0986	-0.601779	0.34051	-0.05	0.0	0.488758	0.0	3.09481	0.0	0.0458409	0.0	0.0206736	0.0	0.03	0.0	1.492	0.04	5.0	0.0	1.733	0.07	0.0352927	0.0	1.55008e-05	0.000878565	0.231095	0.0396418	0.00883941	0.0082002	0.00999995	0.0180256	-0.00177661	0.00141292	3.31245	1.28622	0.915176	0.054559	0.65665	3.96766	1.0	0.435263	0.305807	3.66761	0.0304282	0.163836	0.203408	0.240713	0.0200003	183.904	-2478.55	4.0	126.573	-11145.2	3.0	4.50191	1.0	416.463	34.7553	227.284	28.594	0.353064	0.0396667	0.962877	0.0388392	
0.0-2.4	13.0-30.0	0.0-100.0	0.785-1.178	0.008	0.056	838.0	824.0	603.071	35.697	221.477	26.1655	-1.45128	0.48435	-0.05	0.0	0.488758	0.0	3.09481	0.0	0.0458409	0.0	0.0206736	0.0	0.03	0.0	1.492	0.04	5.0	0.0	1.733	0.07	0.0352927	0.0	3.39658e-05	0.000104935	0.221321	0.0364591	0.131789	0.1171	0.00298802	0.00557481	0.000152909	0.00171991	1.76077	0.331988	0.922132	0.0629197	0.999986	163.579	0.705474	1.07334	0.245755	0.260839	0.0716173	60.1972	0.514425	0.369049	0.0579686	0.0877221	-1880.41	4.0	113.611	-10700.0	3.0	109.499	1.0	371.835	33.7665	231.236	29.0361	0.383431	0.0424621	1.07091	0.0750334	
0.0-2.4	13.0-30.0	0.0-100.0	1.178-1.571	0.008	0.08	862.0	861.0	670.071	40.6827	191.524	24.6097	-0.952542	0.434725	-0.05	0.0	0.488758	0.0	3.09481	0.0	0.0458409	0.0	0.0206736	0.0	0.03	0.0	1.492	0.04	5.0	0.0	1.733	0.07	0.0352927	0.0	1.65646e-05	0.000171567	0.295203	0.0654425	0.867045	0.0572375	0.000445439	0.00122049	0.00049729	0.00620757	1.22585	0.0404956	0.600037	6.86777	0.917572	0.135368	0.999999	63.0239	0.249538	0.11476	0.00378646	0.00779059	0.238329	0.0243613	0.0228354	427.569	-1929.71	4.0	499.632	-12908.4	3.0	0.00390268	1.0	387.238	37.7754	282.832	34.1921	0.422093	0.0441256	1.16224	0.236851	
0.0-2.4	13.0-30.0	10.0-60.0	0.000-0.393	0.008	0.064	642.0	638.0	508.061	47.0944	130.495	23.1508	-0.723207	0.528344	-0.05	0.0	0.488758	0.0	3.09481	0.0	0.0458409	0.0	0.0199666	0.0	0.03	0.0	1.492	0.04	5.0	0.0	1.733	0.07	0.035084	0.0	5.42312e-05	0.000155716	0.680934	0.497439	0.132772	0.0	0.00351245	0.0	0.00079461	0.00224124	1.67468	0.0	0.93021	0.0739386	0.694552	11.2344	0.960445	1.41844	0.360416	9.09413	0.00107844	0.556451	0.284266	0.14436	0.0659717	0.176777	-1281.14	4.0	1526.47	-16608.5	3.0	152.666	1.0	298.586	46.0802	209.475	41.6459	0.412302	0.0725154	1.05961	0.0281456	
0.0-2.4	13.0-30.0	10.0-60.0	0.000-1.571	0.008	0.08	2354.0	2348.0	1777.9	71.5771	571.074	43.569	-0.737859	0.247205	-0.05	0.0	0.488758	0.0	3.09481	0.0	0.0458409	0.0	0.0199666	0.000793994	0.03	0.0	1.492	0.04	5.0	0.0	1.733	0.07	0.035084	0.000115507	1.60278e-05	0.000108096	0.379149	0.0786898	0.132772	0.0	0.00351245	0.0	0.000270715	0.00110662	1.67468	0.0	0.926483	0.0411073	0.809534	1.03711	0.768598	0.907673	0.215773	0.530755	0.0313355	0.0591226	0.341385	0.121366	0.0331315	0.0289716	-3933.61	4.0	2773.51	-46573.9	4.0	963.146	1.0	1117.29	71.7269	660.61	61.8769	0.371567	0.0314245	1.05677	0.0156271	
0.0-2.4	13.0-30.0	10.0-60.0	0.393-0.785	0.008	0.064	580.0	578.0	411.173	28.4673	166.889	20.3532	-0.46721	0.424817	-0.05	0.0	0.488758	0.0	3.09481	0.0	0.0458409	0.0	0.0199666	0.0	0.03	0.0	1.492	0.04	5.0	0.0	1.733	0.07	0.035084	0.0	1.55008e-05	0.000878565	0.209043	0.0460272	0.132772	0.0	0.00351245	0.0	-0.000293846	0.00194549	1.67468	0.0	0.91985	0.0777688	0.564961	0.867235	1.0	5.67903	0.27925	1.03439	0.0381304	0.100833	0.222539	0.363244	0.0200102	168.167	-1625.05	4.0	59.3096	-6327.17	3.0	4.2602	1.0	280.496	27.8555	130.677	21.9237	0.317815	0.0485679	1.05174	0.029493	
0.0-2.4	13.0-30.0	10.0-60.0	0.785-1.178	0.012	0.044	539.0	522.0	384.134	28.6484	138.287	21.1012	-1.27064	0.605039	-0.05	0.0	0.488758	0.0	3.09481	0.0	0.0458409	0.0	0.0199666	0.0	0.03	0.0	1.492	0.04	5.0	0.0	1.733	0.07	0.035084	0.0	3.14561e-05	0.000114974	0.23433	0.0505344	0.132772	0.0	0.00351245	0.0	3.76365e-05	0.00201227	1.67468	0.0	0.930383	0.0787148	0.844871	0.515317	1.0	0.10427	0.213798	0.670198	0.0510645	0.110773	0.540394	0.393389	4.7931	168.975	-1057.53	4.0	82.0596	-6404.02	3.0	116.854	1.0	250.512	26.6514	133.623	21.4605	0.347854	0.0494786	1.05974	0.0299655	
0.0-2.4	13.0-30.0	10.0-60.0	1.178-1.571	0.008	0.08	592.0	590.0	464.101	35.1087	126.803	20.3998	-0.687091	0.525153	-0.05	0.0	0.488758	0.0	3.09481	0.0	0.0458409	0.0	0.0199666	0.0	0.03	0.0	1.492	0.04	5.0	0.0	1.733	0.07	0.035084	0.0	1.65646e-05	0.000171567	0.355432	0.10503	0.132772	0.0	0.00351245	0.0	-0.000720395	0.00230971	1.67468	0.0	0.904016	0.0849101	0.740591	0.159251	1.0	14.658	0.0295645	0.266265	0.0123238	0.00958116	0.174864	0.0689469	0.0288283	41.2502	-1334.49	4.0	427.009	-8995.88	3.0	4.41575	1.0	263.353	33.9419	200.748	31.3971	0.432553	0.0592112	1.03976	0.0320114	
0.0-2.4	6.5-10.0	0.0-100.0	0.000-0.393	0.016	0.152	10616.0	10599.0	5336.24	157.63	5263.16	151.463	-0.0515231	0.0980874	-0.05	0.0	0.370478	0.0	3.09231	0.0	0.0530726	0.0	0.0258449	0.0	0.03	0.0	1.492	0.04	5.0	0.0	1.733	0.07	0.0382625	0.0	1.90055e-05	0.000117681	0.307651	0.0519392	0.138357	0.0473332	0.00466897	0.00498227	0.00322485	0.0010296	1.9815	0.167728	0.948711	0.0222729	0.495738	18.8043	0.663023	7.97719	0.46295	13.3582	0.0189809	0.507061	0.231878	0.188164	0.093261	0.0785591	-30079.2	4.0	6956.59	-320297.0	3.0	183.418	1.0	3936.88	180.372	1399.36	143.939	0.262237	0.0258377	1.14837	0.0378964	
0.0-2.4	6.5-10.0	0.0-100.0	0.000-1.571	0.008	0.136	38069.0	37942.0	19675.9	719.519	18265.9	718.895	-0.105745	0.0684262	-0.05	0.0	0.370478	0.220443	3.09231	0.000651351	0.0530726	0.0145316	0.0258449	0.00331625	0.03	0.0	1.492	0.04	5.0	0.0	1.733	0.07	0.0382625	0.00379972	2.70702e-05	5.76409e-05	0.317055	0.031281	0.173814	0.044334	0.00399264	0.00245512	0.00345711	0.000587156	1.78243	0.0904393	0.977476	0.0135958	0.548684	0.462855	0.918521	0.424211	0.56997	0.307704	0.0589863	0.0978672	0.249937	0.163575	0.341139	1.76228	-58476.9	4.0	48241.6	-1365340.0	7.0	378287.0	1.0	14669.3	604.085	5006.62	332.68	0.254454	0.0141172	1.15828	0.0249133	
0.0-2.4	6.5-10.0	0.0-100.0	0.393-0.785	0.016	0.145	9947.0	9927.0	5005.46	145.827	4921.79	146.51	-0.269781	0.100836	-0.05	0.0	0.370478	0.0	3.09231	0.0	0.0530726	0.0	0.0258449	0.0	0.03	0.0	1.492	0.04	5.0	0.0	1.733	0.07	0.0382625	0.0	1.01928e-05	2.11886	0.324509	0.046627	0.175237	0.0863871	0.00684653	0.00488837	0.00484399	0.00122184	1.78736	0.174703	1.03588	0.0287838	0.50151	0.276179	0.866776	0.229305	0.478743	0.285279	0.0510379	0.0359733	0.208641	0.0646507	0.423485	0.720365	-26477.4	4.0	2827.68	-275045.0	3.0	15.9527	1.0	3746.98	156.334	1258.48	117.763	0.251422	0.0223576	1.20201	0.0455613	
0.0-2.4	6.5-10.0	0.0-100.0	0.785-1.178	0.016	0.152	9221.0	9218.0	4927.41	160.67	4291.28	154.09	0.0783617	0.133165	-0.05	0.0	0.370478	0.0	3.09231	0.0	0.0530726	0.0	0.0258449	0.0	0.03	0.0	1.492	0.04	5.0	0.0	1.733	0.07	0.0382625	0.0	6.29812e-05	0.000142295	0.427472	0.144801	0.099274	0.0560735	0.00969724	0.0193283	0.00199248	0.00122699	1.94297	0.233692	0.996767	0.0294505	0.69493	3.03713	0.480807	1.90011	0.524151	0.616293	0.0428736	0.130854	0.270063	0.171305	0.0876576	0.0759084	15628.0	4.0	28233.0	-361377.0	3.0	68.2292	1.0	3641.0	216.639	1286.41	186.002	0.261072	0.0367761	1.1268	0.0416562	
0.0-2.4	6.5-10.0	0.0-100.0	1.178-1.571	0.016	0.152	8284.0	8281.0	4395.63	134.031	3885.22	141.162	-0.18578	0.123633	-0.05	0.0	0.370478	0.0	3.09231	0.0	0.0530726	0.0	0.0258449	0.0	0.03	0.0	1.492	0.04	5.0	0.0	1.733	0.07	0.0382625	0.0	5.59521e-05	0.000206186	0.22376	0.0203085	0.652049	0.158969	-0.000734564	0.0019028	0.00143758	0.00157065	1.37047	0.0645511	0.634441	0.0486996	0.847239	1.05972	0.514932	0.473397	0.635939	0.246574	0.00138585	5.63217	0.548036	0.420411	0.20195	0.0945501	-22004.6	4.0	525.332	-228237.0	3.0	1062.16	1.0	3281.59	130.237	1114.03	90.0167	0.253441	0.0189646	1.16821	0.0561329	
0.0-2.4	6.5-10.0	10.0-60.0	0.000-0.393	0.016	0.152	6302.0	6300.0	3441.23	117.046	2859.31	104.014	-0.130075	0.121643	-0.05	0.0	0.370478	0.0	3.09231	0.0	0.0530726	0.0	0.0256753	0.0	0.03	0.0	1.492	0.04	5.0	0.0	1.733	0.07	0.0381906	0.0	1.90055e-05	0.000117681	0.263554	0.0421625	0.173814	0.0	0.00399264	0.0	0.00246826	0.00116735	1.78243	0.0	0.875804	0.0266689	0.427085	2.24731	0.728461	1.36819	0.308322	2.31187	0.0226848	0.0485982	0.203937	0.0814798	0.0674479	0.0950003	-22199.6	4.0	2451.11	-159300.0	3.0	169.872	1.0	2548.06	129.567	893.174	100.992	0.259551	0.0279883	1.089	0.00885993	
0.0-2.4	6.5-10.0	10.0-60.0	0.000-1.571	0.008	0.16	22012.0	22009.0	12628.8	230.242	9379.56	207.96	-0.127332	0.0823162	-0.05	0.0	0.370478	0.0	3.09231	0.0	0.0530726	0.0	0.0256753	0.000585268	0.03	0.0	1.492	0.04	5.0	0.0	1.733	0.07	0.0381906	0.00012385	1.92169e-05	7.62105e-05	0.291282	0.0323521	0.173814	0.0	0.00399264	0.0	0.0026852	0.000715277	1.78243	0.0	0.923727	0.0162489	0.484907	0.364693	0.907387	0.107619	0.473909	0.376928	0.0438798	0.0325453	0.219115	0.0439805	0.639132	1.16328	-24333.3	4.0	63183.3	-741642.0	4.0	746.311	1.0	9340.41	283.174	3288.39	234.058	0.260388	0.0179154	1.12124	0.0055299	
0.0-2.4	6.5-10.0	10.0-60.0	0.393-0.785	0.016	0.145	5796.0	5794.0	3292.91	112.176	2501.31	104.366	-0.176339	0.142718	-0.05	0.0	0.370478	0.0	3.09231	0.0	0.0530726	0.0	0.0256753	0.0	0.03	0.0	1.492	0.04	5.0	0.0	1.733	0.07	0.0381906	0.0	1.01928e-05	2.11886	0.276515	0.0439326	0.173814	0.0	0.00399264	0.0	0.0038755	0.00150953	1.78243	0.0	1.02581	0.0363027	0.45385	0.308152	0.861225	0.217055	0.462007	0.427969	0.0386075	0.0341929	0.248565	0.11095	0.626623	1.43438	-17652.1	4.0	1315.72	-144663.0	3.0	75.139	1.0	2500.78	120.572	792.129	89.4894	0.240556	0.0259114	1.19231	0.0129022	
0.0-2.4	6.5-10.0	10.0-60.0	0.785-1.178	0.016	0.152	5143.0	5141.0	3078.68	128.199	2062.67	106.043	-0.0428839	0.209027	-0.05	0.0	0.370478	0.0	3.09231	0.0	0.0530726	0.0	0.0256753	0.0	0.03	0.0	1.492	0.04	5.0	0.0	1.733	0.07	0.0381906	0.0	6.29812e-05	0.000142295	0.41579	0.194575	0.173814	0.0	0.00399264	0.0	0.00221317	0.00170742	1.78243	0.0	0.922447	0.0356151	1.0	534.933	0.41014	0.236527	0.606461	0.0530556	0.10717	1261.14	0.321772	0.0497001	0.0982175	0.00853018	21733.7	4.0	28008.4	-210276.0	3.0	99.1493	1.0	2230.8	180.047	847.878	158.223	0.275403	0.0500971	1.12037	0.0121133	
0.0-2.4	6.5-10.0	10.0-60.0	1.178-1.571	0.016	0.136	4770.0	4767.0	2819.65	103.598	1947.97	100.451	-0.150328	0.203832	-0.05	0.0	0.370478	0.0	3.09231	0.0	0.0530726	0.0	0.0256753	0.0	0.03	0.0	1.492	0.04	5.0	0.0	1.733	0.07	0.0381906	0.0	5.49261e-05	0.000220802	0.24137	0.0264287	0.173814	0.0	0.00399264	0.0	0.000545486	0.00135419	1.78243	0.0	0.864644	0.0287869	0.487569	0.183763	0.871372	0.311247	0.444371	0.259684	0.0525102	0.0303714	0.226028	0.0482659	1.72071	18.766	-15604.7	4.0	509.361	-118985.0	3.0	1342.97	1.0	2027.56	101.203	792.091	74.4274	0.280918	0.0242944	1.08161	0.00950623	
0.0-2.4	6.5-30.0	0.0-10.0	0.000-0.393	0.008	0.136	4973.0	4951.0	2309.41	109.704	2642.4	113.531	0.0489507	0.148429	-0.05	0.0	0.406183	0.0	3.09255	0.0	0.0495373	0.0	0.0250291	0.0	0.03	0.0	1.492	0.04	5.0	0.0	1.733	0.07	0.0369966	0.0	2.92627e-05	6.86787e-05	0.354315	0.096651	0.19835	0.0	0.00208889	0.0	0.00371959	0.00182934	1.70743	0.0	1.01749	0.0381124	1.0	1023.02	0.423692	0.301437	0.639908	0.166547	0.00398496	1345.91	0.274198	0.0944144	0.104883	0.0316704	-9934.94	4.0	4548.83	-149947.0	3.0	26.3804	1.0	1596.9	123.516	712.511	103.186	0.308525	0.0422086	1.18668	0.0130985	
0.0-2.4	6.5-30.0	0.0-10.0	0.000-1.571	0.008	0.136	18537.0	18462.0	8603.89	202.908	9859.55	217.081	-0.119364	0.072245	-0.05	0.0	0.406183	0.0	3.09255	0.0	0.0495373	0.0	0.0250291	0.00116004	0.03	0.0	1.492	0.04	5.0	0.0	1.733	0.07	0.0369966	0.000233012	1.61666e-05	1.68756e-05	0.309168	0.0358152	0.19835	0.0	0.00208889	0.0	0.00224865	0.000827462	1.70743	0.0	0.963715	0.0207162	0.839549	0.497494	0.438878	0.463029	0.465719	0.265954	0.148907	0.197295	0.291924	0.1073	0.0617725	0.063095	-36374.2	4.0	9195.47	-579751.0	4.0	121.736	1.0	6149.69	217.84	2454.21	172.542	0.285244	0.018892	1.15012	0.00695774	
0.0-2.4	6.5-30.0	0.0-10.0	0.393-0.785	0.008	0.145	4824.0	4806.0	2108.51	95.0194	2697.69	105.251	-0.395801	0.133713	-0.05	0.0	0.406183	0.0	3.09255	0.0	0.0495373	0.0	0.0250291	0.0	0.03	0.0	1.492	0.04	5.0	0.0	1.733	0.07	0.0369966	0.0	2.84864e-05	5.39292e-05	0.339121	0.0619163	0.19835	0.0	0.00208889	0.0	0.00203059	0.00156374	1.70743	0.0	1.01114	0.0402305	0.777979	2.77003	0.77106	6.28679	0.521941	0.292934	0.0835306	0.542788	0.184667	0.374586	0.16471	1.52744	-10668.4	4.0	1228.49	-117795.0	3.0	8.15984	1.0	1446.43	97.8959	662.085	78.899	0.314006	0.0346404	1.18231	0.0137908	
0.0-2.4	6.5-30.0	0.0-10.0	0.785-1.178	0.008	0.128	4604.0	4602.0	2217.24	101.824	2384.78	106.764	0.118301	0.162945	-0.05	0.0	0.406183	0.0	3.09255	0.0	0.0495373	0.0	0.0250291	0.0	0.03	0.0	1.492	0.04	5.0	0.0	1.733	0.07	0.0369966	0.0	2.19419e-05	6.75748	0.345667	0.0885795	0.19835	0.0	0.00208889	0.0	0.00350359	0.00172049	1.70743	0.0	0.989847	0.0442774	0.482967	0.0142072	0.999999	10.6376	0.443252	0.015339	0.0610548	0.0024784	0.196426	0.00932935	0.0782692	47.947	-7676.93	4.0	2890.58	-127351.0	3.0	94.98	1.0	1616.73	112.431	600.504	88.8189	0.270835	0.0380785	1.16778	0.0150433	
0.0-2.4	6.5-30.0	0.0-10.0	1.178-1.571	0.008	0.152	4135.0	4133.0	1969.3	90.0382	2163.84	101.862	-0.294354	0.139431	-0.05	0.0	0.406183	0.0	3.09255	0.0	0.0495373	0.0	0.0250291	0.0	0.03	0.0	1.492	0.04	5.0	0.0	1.733	0.07	0.0369966	0.0	1.0825e-05	4.3417e-05	0.200812	0.0278177	0.19835	0.0	0.00208889	0.0	0.00207339	0.00148613	1.70743	0.0	0.900894	0.0390345	0.803419	0.915834	0.412256	1.23971	0.364545	2.37265	0.124952	0.200275	0.547769	0.486971	0.0460946	0.202213	-8087.45	4.0	204.042	-102232.0	3.0	1551.73	1.0	1475.21	88.711	494.087	61.8928	0.250895	0.0292607	1.10855	0.0127152	
0.0-2.4	6.5-30.0	0.0-100.0	0.000-0.393	0.008	0.152	13268.0	13251.0	7276.72	176.38	5974.63	158.518	-0.0517772	0.0902725	-0.05	0.0	0.406183	0.0	3.09255	0.0	0.0495373	0.0	0.024539	0.0	0.03	0.0	1.492	0.04	5.0	0.0	1.733	0.07	0.0368012	0.0	1.87871e-05	0.000150437	0.34837	0.0466536	0.188773	0.046412	0.00195616	0.00245764	0.00196544	0.000810922	1.81358	0.104055	0.922732	0.0193064	0.786368	4.47777	0.608154	2.17052	0.569324	1.26933	0.0244107	0.129638	0.229106	0.0884184	0.0957058	0.145115	-33295.4	4.0	9953.67	-398854.0	3.0	167.585	1.0	5149.27	193.508	2127.45	156.608	0.292364	0.0203217	1.14525	0.0298602	
0.0-2.4	6.5-30.0	0.0-100.0	0.000-1.571	0.004	0.164	48211.0	48178.0	27012.2	587.907	21166.6	573.806	-0.189039	0.0560804	-0.05	0.0	0.406183	0.139198	3.09255	0.000499466	0.0495373	0.00704912	0.024539	0.00211927	0.03	0.0	1.492	0.04	5.0	0.0	1.733	0.07	0.0368012	0.00197222	1.00456e-05	6.70688e-06	0.337974	0.0274194	0.19835	0.0380118	0.00208889	0.00129289	0.00255261	0.000454661	1.70743	0.0628596	0.944687	0.011605	0.60853	0.230054	0.933077	0.106202	0.533237	0.162182	0.0593558	0.0416996	0.244116	0.0551633	0.547893	1.43751	-60992.1	4.0	63491.8	-1731620.0	7.0	8761.69	1.0	19399.6	523.443	7612.67	350.961	0.281823	0.0114537	1.1374	0.0197017	
0.0-2.4	6.5-30.0	0.0-100.0	0.393-0.785	0.008	0.145	12549.0	12529.0	6877.11	169.493	5652.03	155.067	-0.32717	0.0925355	-0.05	0.0	0.406183	0.0	3.09255	0.0	0.0495373	0.0	0.024539	0.0	0.03	0.0	1.492	0.04	5.0	0.0	1.733	0.07	0.0368012	0.0	2.84864e-05	5.39292e-05	0.344376	0.0520551	0.147166	0.0720109	0.00527986	0.00343352	0.00225608	0.000899212	1.76284	0.161967	1.00316	0.02435	0.597456	0.301923	0.891071	0.16242	0.45849	0.240738	0.0523366	0.0351432	0.20235	0.0324713	0.418012	0.607678	-26834.4	4.0	9672.1	-362216.0	3.0	39.6764	1.0	4968.75	193.068	1908.36	156.495	0.277495	0.021704	1.14698	0.0388043	
0.0-2.4	6.5-30.0	0.0-100.0	0.785-1.178	0.008	0.152	11672.0	11669.0	6694.85	184.29	4974.79	163.179	-0.0970461	0.118577	-0.05	0.0	0.406183	0.0	3.09255	0.0	0.0495373	0.0	0.024539	0.0	0.03	0.0	1.492	0.04	5.0	0.0	1.733	0.07	0.0368012	0.0	1.02728e-05	0.00383331	0.412215	0.105778	0.110192	0.0438595	0.00642572	0.00380672	0.002438	0.000984349	1.89395	0.158315	1.00474	0.0259385	0.621192	0.372575	1.0	1.82355e-05	0.556674	0.23741	0.0756131	0.0442012	0.282766	0.0545549	0.72674	44.4147	17059.3	4.0	38220.3	-455535.0	3.0	13.3472	1.0	4827.8	236.145	1867.05	201.853	0.278879	0.0291567	1.13733	0.0305357	
0.0-2.4	6.5-30.0	0.0-100.0	1.178-1.571	0.008	0.152	10721.0	10718.0	6166.89	149.945	4551.11	147.093	-0.297076	0.111289	-0.05	0.0	0.406183	0.0	3.09255	0.0	0.0495373	0.0	0.024539	0.0	0.03	0.0	1.492	0.04	5.0	0.0	1.733	0.07	0.0368012	0.0	1.0825e-05	4.3417e-05	0.24911	0.0203122	0.588479	0.127844	-0.000847859	0.00122532	0.0024719	0.00117467	1.39348	0.0566297	0.690317	0.0341833	0.688361	0.171973	0.904897	0.204285	0.565809	0.135203	0.0673846	0.0429353	0.327916	0.18737	0.748939	4.33398	-26038.8	4.0	1411.61	-283827.0	3.0	1143.06	1.0	4424.61	145.808	1742.28	107.148	0.282522	0.0159591	1.15707	0.04537	
0.0-2.4	6.5-30.0	10.0-20.0	0.000-0.393	0.008	0.128	3280.0	3277.0	1745.88	82.4876	1531.19	75.8025	0.112722	0.167356	-0.05	0.0	0.406183	0.0	3.09255	0.0	0.0495373	0.0	0.0240648	0.0	0.03	0.0	1.492	0.04	5.0	0.0	1.733	0.07	0.0366147	0.0	1.21272e-05	9.04109	0.307574	0.0625847	0.19835	0.0	0.00208889	0.0	-0.000798635	0.00164052	1.70743	0.0	0.951028	0.0379592	0.913234	60.2403	0.714089	10.3228	0.632123	13.1772	0.00101255	0.975355	0.200677	0.116715	0.130915	0.156997	-8107.0	4.0	1848.05	-77286.3	3.0	44.6027	1.0	1147.73	88.5566	598.149	75.501	0.342607	0.0401015	1.14163	0.0126748	
0.0-2.4	6.5-30.0	10.0-20.0	0.000-1.571	0.008	0.16	11717.0	11715.0	6353.13	177.967	5361.75	158.623	-0.150491	0.100824	-0.05	0.0	0.406183	0.0	3.09255	0.0	0.0495373	0.0	0.0240648	0.000704427	0.03	0.0	1.492	0.04	5.0	0.0	1.733	0.07	0.0366147	0.000137463	1.13588e-05	0.0219528	0.378415	0.069813	0.19835	0.0	0.00208889	0.0	0.00301483	0.0010362	1.70743	0.0	0.96128	0.0251423	0.480054	0.527285	0.857987	0.276943	0.405442	0.78977	0.0350364	0.0583465	0.191414	0.158414	0.417499	0.979648	-14811.3	4.0	16944.6	-377700.0	4.0	5154.88	1.0	4412.45	206.316	1940.68	173.908	0.305469	0.0260017	1.14849	0.00843495	
0.0-2.4	6.5-30.0	10.0-20.0	0.393-0.785	0.008	0.128	2962.0	2952.0	1584.05	93.01	1368.77	78.4048	-0.111941	0.189066	-0.05	0.0	0.406183	0.0	3.09255	0.0	0.0495373	0.0	0.0240648	0.0	0.03	0.0	1.492	0.04	5.0	0.0	1.733	0.07	0.0366147	0.0	2.00232e-05	3.80084e-05	0.478169	0.29925	0.19835	0.0	0.00208889	0.0	0.00357684	0.00238546	1.70743	0.0	0.960749	0.0627777	0.461406	1.58173	0.895334	0.220978	0.159065	1.84074	0.0365912	0.0671198	0.133811	0.038023	0.205299	0.201418	-5158.76	4.0	5857.4	-85981.2	3.0	658.069	1.0	1202.66	124.958	381.39	105.496	0.240769	0.065081	1.14813	0.0210561	
0.0-2.4	6.5-30.0	10.0-20.0	0.785-1.178	0.008	0.152	2915.0	2913.0	1599.95	101.386	1313.52	89.1745	-0.145668	0.246476	-0.05	0.0	0.406183	0.0	3.09255	0.0	0.0495373	0.0	0.0240648	0.0	0.03	0.0	1.492	0.04	5.0	0.0	1.733	0.07	0.0366147	0.0	1.02728e-05	0.00383331	0.494919	0.253813	0.19835	0.0	0.00208889	0.0	0.00187901	0.00201648	1.70743	0.0	0.98814	0.05048	0.992959	203.718	0.437499	40.9667	0.59157	33.2857	0.00119603	171.547	0.588661	23.5385	0.110395	4.86368	378.053	4.0	7858.45	-104116.0	3.0	429.546	1.0	1097.5	113.903	502.452	95.6604	0.314043	0.0563806	1.16662	0.0171381	
0.0-2.4	6.5-30.0	10.0-20.0	1.178-1.571	0.008	0.12	2558.0	2551.0	1424.56	70.5447	1126.92	67.0198	-0.559829	0.206438	-0.05	0.0	0.406183	0.0	3.09255	0.0	0.0495373	0.0	0.0240648	0.0	0.03	0.0	1.492	0.04	5.0	0.0	1.733	0.07	0.0366147	0.0	1.01172e-05	3.47073	0.263735	0.0406672	0.19835	0.0	0.00208889	0.0	0.00167979	0.00186956	1.70743	0.0	0.955196	0.0523752	0.559641	0.186177	0.752439	0.36848	0.447158	0.254958	0.0456711	0.0325203	0.152716	0.0368063	0.448012	0.605888	-6208.83	4.0	352.365	-52692.6	3.0	49.3577	1.0	934.46	69.8619	490.105	57.6922	0.344038	0.0367402	1.14441	0.0175223	
0.0-2.4	6.5-30.0	10.0-30.0	0.000-0.393	0.008	0.128	5543.0	5538.0	3092.93	111.276	2445.54	96.0041	0.00745107	0.130551	-0.05	0.0	0.406183	0.0	3.09255	0.0	0.0495373	0.0	0.0239676	0.0	0.03	0.0	1.492	0.04	5.0	0.0	1.733	0.07	0.0365769	0.0	1.21272e-05	9.04109	0.355749	0.0617061	0.19835	0.0	0.00208889	0.0	5.22813e-05	0.00118423	1.70743	0.0	0.91421	0.0289595	0.739472	26.89	0.545103	9.8558	0.469178	11.1798	0.00100759	0.171386	0.197838	0.0523815	0.0730018	0.0287629	-15541.7	4.0	3365.16	-142235.0	3.0	214.981	1.0	2153.93	118.892	938.993	96.2883	0.303594	0.0291528	1.11725	0.00949817	
0.0-2.4	6.5-30.0	10.0-30.0	0.000-1.571	0.004	0.164	19668.0	19667.0	11230.5	227.688	8436.56	198.296	-0.128737	0.0873103	-0.05	0.0	0.406183	0.0	3.09255	0.0	0.0495373	0.0	0.0239676	0.000572108	0.03	0.0	1.492	0.04	5.0	0.0	1.733	0.07	0.0365769	0.000111306	1.00456e-05	6.70688e-06	0.393301	0.0634263	0.19835	0.0	0.00208889	0.0	0.00272729	0.000730339	1.70743	0.0	0.919618	0.0181002	0.483953	0.993335	0.895479	0.205702	0.396867	1.08792	0.0367828	0.0651235	0.176455	0.0398127	0.467563	0.817634	-1721.83	4.0	42740.5	-710298.0	4.0	760.465	1.0	7932.61	281.124	3297.85	240.075	0.293652	0.0205314	1.12081	0.00595271	
0.0-2.4	6.5-30.0	10.0-30.0	0.393-0.785	0.008	0.145	5041.0	5039.0	2838.07	113.257	2201.76	96.4441	-0.102054	0.151749	-0.05	0.0	0.406183	0.0	3.09255	0.0	0.0495373	0.0	0.0239676	0.0	0.03	0.0	1.492	0.04	5.0	0.0	1.733	0.07	0.0365769	0.0	2.84864e-05	5.39292e-05	0.363644	0.109335	0.19835	0.0	0.00208889	0.0	0.00364546	0.00158454	1.70743	0.0	0.942146	0.041089	0.467833	0.345002	0.896331	0.164558	0.294344	0.480412	0.0342086	0.0217797	0.142671	0.0213085	0.457943	0.734188	-9809.63	4.0	6808.21	-138726.0	3.0	384.482	1.0	2075.47	139.172	762.602	115.91	0.268705	0.0394082	1.13571	0.0136626	
0.0-2.4	6.5-30.0	10.0-30.0	0.785-1.178	0.008	0.152	4713.0	4711.0	2761.91	131.792	1949.05	108.475	-0.205274	0.22013	-0.05	0.0	0.406183	0.0	3.09255	0.0	0.0495373	0.0	0.0239676	0.0	0.03	0.0	1.492	0.04	5.0	0.0	1.733	0.07	0.0365769	0.0	1.02728e-05	0.00383331	0.561296	0.328661	0.19835	0.0	0.00208889	0.0	0.00168331	0.00167791	1.70743	0.0	0.9481	0.0405823	0.454221	131.404	0.645749	77.3437	0.355678	134.587	0.00100096	78.4515	0.417684	2.93392	0.0987466	1.02886	25768.4	4.0	27618.1	-220355.0	3.0	175.385	1.0	1902.8	171.12	859.107	150.727	0.311055	0.0525162	1.13967	0.0135321	
0.0-2.4	6.5-30.0	10.0-30.0	1.178-1.571	0.008	0.145	4369.0	4368.0	2535.87	96.5603	1832.24	94.348	-0.24884	0.202082	-0.05	0.0	0.406183	0.0	3.09255	0.0	0.0495373	0.0	0.0239676	0.0	0.03	0.0	1.492	0.04	5.0	0.0	1.733	0.07	0.0365769	0.0	1.38171e-05	4.85666e-05	0.275705	0.0350335	0.19835	0.0	0.00208889	0.0	0.000760681	0.0013596	1.70743	0.0	0.895741	0.0329787	0.513765	0.0637869	0.854928	0.219999	0.435978	0.151764	0.042662	0.0131238	0.182943	0.0462301	0.483766	0.732532	-13587.8	4.0	992.719	-105030.0	3.0	1208.33	1.0	1743.44	94.2232	792.431	73.3577	0.312489	0.0263675	1.1052	0.0107135	
0.0-2.4	6.5-30.0	10.0-60.0	0.000-0.393	0.008	0.152	8017.0	8016.0	4721.4	132.87	3294.63	110.427	-0.133062	0.111825	-0.05	0.0	0.406183	0.0	3.09255	0.0	0.0495373	0.0	0.0244301	0.0	0.03	0.0	1.492	0.04	5.0	0.0	1.733	0.07	0.0367581	0.0	1.87871e-05	0.000150437	0.324153	0.0453971	0.19835	0.0	0.00208889	0.0	0.00150356	0.000904076	1.70743	0.0	0.867855	0.0226457	0.579088	1.95896	0.76029	1.00612	0.433565	1.40939	0.0240816	0.0777452	0.206323	0.080705	0.0854799	0.144895	-23980.6	4.0	4587.37	-206018.0	3.0	181.895	1.0	3369.54	142.555	1351.86	113.037	0.286326	0.0225447	1.08721	0.00724557	
0.0-2.4	6.5-30.0	10.0-60.0	0.000-1.571	0.004	0.164	28567.0	28564.0	17502.4	270.847	11061.8	224.018	-0.227328	0.0727566	-0.05	0.0	0.406183	0.0	3.09255	0.0	0.0495373	0.0	0.0244301	0.000484478	0.03	0.0	1.492	0.04	5.0	0.0	1.733	0.07	0.0367581	9.56023e-05	1.00456e-05	6.70688e-06	0.343788	0.0370153	0.19835	0.0	0.00208889	0.0	0.00222663	0.000554271	1.70743	0.0	0.902055	0.0139997	0.540951	0.529648	0.926696	0.0947873	0.432507	0.522879	0.0440857	0.0485193	0.224188	0.0519025	0.83809	2.55813	-25819.9	4.0	53671.5	-988855.0	4.0	660.308	1.0	12552.9	321.522	4949.54	267.41	0.282792	0.0146384	1.10931	0.00456304	
0.0-2.4	6.5-30.0	10.0-60.0	0.393-0.785	0.008	0.145	7454.0	7452.0	4530.27	136.005	2922.34	112.704	-0.268076	0.129345	-0.05	0.0	0.406183	0.0	3.09255	0.0	0.0495373	0.0	0.0244301	0.0	0.03	0.0	1.492	0.04	5.0	0.0	1.733	0.07	0.0367581	0.0	2.84864e-05	5.39292e-05	0.342173	0.0734619	0.19835	0.0	0.00208889	0.0	0.002873	0.00118916	1.70743	0.0	0.956168	0.0332368	0.477109	0.21146	0.904682	0.132759	0.347104	0.323192	0.0380966	0.0219234	0.215211	0.050709	0.645216	1.51287	-15793.0	4.0	8090.06	-207551.0	3.0	57.355	1.0	3353.46	161.528	1176.81	131.163	0.259766	0.0278825	1.14506	0.0111245	
0.0-2.4	6.5-30.0	10.0-60.0	0.785-1.178	0.008	0.152	6746.0	6743.0	4269.16	152.56	2474.7	116.236	-0.245759	0.179174	-0.05	0.0	0.406183	0.0	3.09255	0.0	0.0495373	0.0	0.0244301	0.0	0.03	0.0	1.492	0.04	5.0	0.0	1.733	0.07	0.0367581	0.0	1.02728e-05	0.00383331	0.434231	0.155447	0.19835	0.0	0.00208889	0.0	0.0022847	0.00132906	1.70743	0.0	0.940772	0.0312089	0.73909	0.352467	1.0	5.36043e-05	0.615081	0.1593	0.10067	0.0818146	0.357184	0.120967	1.11848	34.557	22671.7	4.0	37079.2	-282853.0	3.0	129.035	1.0	3024.36	192.997	1244.81	165.97	0.291581	0.0374541	1.13479	0.0103705	
0.0-2.4	6.5-30.0	10.0-60.0	1.178-1.571	0.008	0.152	6348.0	6347.0	3983.77	117.391	2363.31	106.024	-0.286338	0.172608	-0.05	0.0	0.406183	0.0	3.09255	0.0	0.0495373	0.0	0.0244301	0.0	0.03	0.0	1.492	0.04	5.0	0.0	1.733	0.07	0.0367581	0.0	1.0825e-05	4.3417e-05	0.277319	0.0281047	0.19835	0.0	0.00208889	0.0	0.00117782	0.00104372	1.70743	0.0	0.876199	0.0258341	0.546662	0.0866401	0.899438	0.173871	0.401813	0.151459	0.0489173	0.0165257	0.218205	0.0292419	1.66835	12.958	-17883.3	4.0	1217.82	-154180.0	3.0	1398.59	1.0	2777.28	115.312	1206.48	88.6749	0.30285	0.0203918	1.09257	0.0083043	
0.0-2.4	6.5-30.0	20.0-30.0	0.000-0.393	0.008	0.105	2263.0	2257.0	1347.79	74.5701	909.489	58.938	-0.150494	0.208951	-0.05	0.0	0.406183	0.0	3.09255	0.0	0.0495373	0.0	0.0238617	0.0	0.03	0.0	1.492	0.04	5.0	0.0	1.733	0.07	0.0365357	0.0	1.01047e-05	0.00333619	0.446263	0.141479	0.19835	0.0	0.00208889	0.0	0.00362575	0.00146329	1.70743	0.0	0.886643	0.0429366	0.433985	0.230844	0.894111	0.974362	0.355172	0.39955	0.0385219	0.0637219	0.143521	0.090121	0.0863351	0.203196	-7488.96	4.0	1670.29	-53420.7	3.0	202.011	1.0	1000.91	78.0954	346.884	58.3141	0.257372	0.040856	1.0993	0.0138808	
0.0-2.4	6.5-30.0	20.0-30.0	0.000-1.571	0.008	0.136	7951.0	7924.0	4878.34	143.923	3046.36	116.74	-0.121633	0.15816	-0.05	0.0	0.406183	0.0	3.09255	0.0	0.0495373	0.0	0.0238617	0.000927783	0.03	0.0	1.492	0.04	5.0	0.0	1.733	0.07	0.0365357	0.000179909	1.61666e-05	1.68756e-05	0.426259	0.129406	0.19835	0.0	0.00208889	0.0	0.00203784	0.00104628	1.70743	0.0	0.865778	0.0265509	0.561938	1.59662	0.782576	4.66261	0.363498	2.42682	0.0455516	0.102724	0.178666	0.168656	0.0347452	0.301758	9981.6	4.0	23307.5	-277726.0	4.0	1773.6	1.0	3517.37	193.641	1360.97	168.346	0.278982	0.0335129	1.08589	0.00848508	
0.0-2.4	6.5-30.0	20.0-30.0	0.393-0.785	0.008	0.105	2079.0	2046.0	1260.43	63.3625	786.573	51.1834	-0.160169	0.22016	-0.05	0.0	0.406183	0.0	3.09255	0.0	0.0495373	0.0	0.0238617	0.0	0.03	0.0	1.492	0.04	5.0	0.0	1.733	0.07	0.0365357	0.0	1.22898e-05	0.163554	0.26444	0.04682	0.19835	0.0	0.00208889	0.0	0.00285376	0.00195789	1.70743	0.0	0.92414	0.0526141	0.638071	0.0517998	0.999998	5.84569	0.590091	0.0385593	0.0476252	0.00812682	0.181886	0.0184112	0.0292299	36.0773	-8196.26	4.0	304.803	-39008.0	3.0	18.2606	1.0	872.641	64.0462	387.784	50.5718	0.307661	0.037022	1.12378	0.0173425	
0.0-2.4	6.5-30.0	20.0-30.0	0.785-1.178	0.008	0.12	1797.0	1793.0	1163.21	87.5189	630.656	58.2488	-0.324658	0.43825	-0.05	0.0	0.406183	0.0	3.09255	0.0	0.0495373	0.0	0.0238617	0.0	0.03	0.0	1.492	0.04	5.0	0.0	1.733	0.07	0.0365357	0.0	1.50151e-05	1.29092	0.744887	1.14946	0.19835	0.0	0.00208889	0.0	0.00205764	0.00271137	1.70743	0.0	0.841029	0.068898	0.55035	1.60024	0.956646	0.20527	0.322647	1.63399	0.035018	0.0625911	0.151062	0.0488314	0.132887	0.225788	22985.6	4.0	15205.3	-96106.2	3.0	14.7461	1.0	795.855	137.545	367.358	126.874	0.315813	0.106452	1.07018	0.0217028	
0.0-2.4	6.5-30.0	20.0-30.0	1.178-1.571	0.008	0.128	1811.0	1807.0	1110.53	66.1003	697.279	66.1416	0.229509	0.489541	-0.05	0.0	0.406183	0.0	3.09255	0.0	0.0495373	0.0	0.0238617	0.0	0.03	0.0	1.492	0.04	5.0	0.0	1.733	0.07	0.0365357	0.0	2.47983e-05	5.01035e-05	0.293869	0.0650947	0.19835	0.0	0.00208889	0.0	-0.0023683	0.00226449	1.70743	0.0	0.807038	0.0421273	0.832792	35.682	0.394723	22.7235	0.250325	3.95065	0.0420517	0.467114	0.260065	1.82783	0.0369252	0.477288	-7562.57	4.0	900.86	-43029.4	3.0	1321.75	1.0	807.771	64.2846	302.758	46.3206	0.272625	0.0384245	1.04899	0.012991	
0.0-2.4	6.5-30.0	30.0-60.0	0.000-0.393	0.008	0.12	2474.0	2470.0	1623.01	72.0192	847.566	55.0175	-0.511965	0.218248	-0.05	0.0	0.406183	0.0	3.09255	0.0	0.0495373	0.0	0.0250674	0.0	0.03	0.0	1.492	0.04	5.0	0.0	1.733	0.07	0.037012	0.0	1.00028e-05	2.85792e-05	0.254221	0.058831	0.19835	0.0	0.00208889	0.0	3.70691e-05	0.0013782	1.70743	0.0	0.772663	0.0356055	0.989524	16.3103	0.472281	2.35654	0.346424	2.82431	0.0010007	25.7188	0.252607	0.0806224	0.0309246	0.0846138	-8541.0	4.0	1236.2	-49788.0	3.0	8.49577	1.0	1189.83	79.2462	433.188	62.1444	0.266903	0.0364118	1.02803	0.0107265	
0.0-2.4	6.5-30.0	30.0-60.0	0.000-1.571	0.008	0.145	8898.0	8895.0	6262.01	143.711	2632.74	105.884	-0.549985	0.132887	-0.05	0.0	0.406183	0.0	3.09255	0.0	0.0495373	0.0	0.0250674	0.000886206	0.03	0.0	1.492	0.04	5.0	0.0	1.733	0.07	0.037012	0.000178207	1.27502e-05	0.000164255	0.257417	0.0261864	0.19835	0.0	0.00208889	0.0	0.000565269	0.000811945	1.70743	0.0	0.815842	0.0216419	0.785251	1.47775	0.496485	1.00986	0.143546	0.219123	0.0500882	0.0684996	0.422638	0.166417	0.0432297	0.0271752	-29133.2	4.0	3487.46	-222038.0	4.0	177.557	1.0	4551.78	152.568	1710.23	117.92	0.273112	0.0177573	1.05443	0.00671176	
0.0-2.4	6.5-30.0	30.0-60.0	0.393-0.785	0.008	0.12	2412.0	2412.0	1697.01	75.1005	715.806	57.7462	-0.797537	0.279678	-0.05	0.0	0.406183	0.0	3.09255	0.0	0.0495373	0.0	0.0250674	0.0	0.03	0.0	1.492	0.04	5.0	0.0	1.733	0.07	0.037012	0.0	1.0132e-05	0.0868918	0.284326	0.0648339	0.19835	0.0	0.00208889	0.0	-0.000880117	0.00176623	1.70743	0.0	0.895472	0.0534508	0.791865	28.265	0.450056	8.2481	0.0622132	0.759463	0.0423125	0.305907	0.488757	0.506571	0.0446205	0.0543076	-7045.87	4.0	1310.31	-54163.4	3.0	218.08	1.0	1267.91	80.4937	429.1	60.7571	0.252857	0.0340088	1.10502	0.0173616	
0.0-2.4	6.5-30.0	30.0-60.0	0.785-1.178	0.008	0.12	2032.0	2030.0	1500.4	72.3343	529.628	47.009	-0.421354	0.267458	-0.05	0.0	0.406183	0.0	3.09255	0.0	0.0495373	0.0	0.0250674	0.0	0.03	0.0	1.492	0.04	5.0	0.0	1.733	0.07	0.037012	0.0	1.50151e-05	1.29092	0.219751	0.0433426	0.19835	0.0	0.00208889	0.0	0.00084927	0.00186656	1.70743	0.0	0.826108	0.0437791	0.988303	23.5423	0.468535	7.13118	0.231141	9.96584	0.00448918	5.6907	0.434353	0.285943	0.0591067	0.0428244	-8974.33	4.0	894.991	-45603.4	3.0	73.4673	1.0	1072.61	81.1911	427.794	65.9043	0.28512	0.0417182	1.06082	0.0136652	
0.0-2.4	6.5-30.0	30.0-60.0	1.178-1.571	0.008	0.12	1978.0	1969.0	1437.77	65.8761	531.184	48.6812	-0.412563	0.326645	-0.05	0.0	0.406183	0.0	3.09255	0.0	0.0495373	0.0	0.0250674	0.0	0.03	0.0	1.492	0.04	5.0	0.0	1.733	0.07	0.037012	0.0	1.01172e-05	3.47073	0.279101	0.046336	0.19835	0.0	0.00208889	0.0	0.0017673	0.00167749	1.70743	0.0	0.82973	0.0428457	0.694538	0.453433	0.617994	0.702032	0.150647	0.288036	0.0462962	0.0762433	0.578541	0.593125	0.0623275	0.0500315	-5465.29	4.0	366.933	-37891.7	3.0	165.053	1.0	1019.27	65.4581	418.5	49.7136	0.291076	0.0319014	1.06309	0.0134039	
0.0-2.4	6.5-8.0	0.0-100.0	0.000-0.393	0.016	0.136	6984.0	6973.0	3059.13	134.299	3914.43	137.605	-0.119319	0.119446	-0.05	0.0	0.358233	0.0	3.09163	0.0	0.0533795	0.0	0.0271906	0.0	0.03	0.0	1.492	0.04	5.0	0.0	1.733	0.07	0.038668	0.0	5.8071e-05	0.000360109	0.368989	0.111337	0.313059	0.129726	0.00413537	0.00521731	0.00312387	0.00171247	1.71404	0.172071	0.915955	0.0315008	0.999395	289.721	0.561075	6.51985	0.727179	4.2412	0.00116366	296.445	0.205246	1.80537	0.126575	1.63123	-20535.7	4.0	6030.08	-232452.0	3.0	527.015	1.0	2320.87	161.578	738.251	129.524	0.241327	0.0409932	1.22314	0.0677318	
0.0-2.4	6.5-8.0	0.0-100.0	0.000-1.571	0.016	0.16	24766.0	24761.0	11186.0	351.475	13575.2	368.201	-0.0708693	0.0772317	-0.05	0.0	0.358233	0.199624	3.09163	0.000964905	0.0533795	0.00846735	0.0271906	0.00356855	0.03	0.0	1.492	0.04	5.0	0.0	1.733	0.07	0.038668	0.00224316	2.57968e-05	9.0559e-05	0.286919	0.0315092	0.307488	0.0880482	0.00439684	0.00310131	0.00309862	0.000866735	1.63221	0.0944826	0.907654	0.0184127	0.53523	23.7584	0.877497	2.97347	0.576109	10.2245	0.0616255	2.49053	0.17106	2.75183	0.519231	13.9817	-78951.8	4.0	8612.64	-879346.0	7.0	20334.1	1.0	8573.64	330.448	2612.35	208.234	0.233538	0.0171083	1.17886	0.0401171	
0.0-2.4	6.5-8.0	0.0-100.0	0.393-0.785	0.016	0.145	6420.0	6416.0	2722.66	114.671	3693.77	129.012	-0.166812	0.121838	-0.05	0.0	0.358233	0.0	3.09163	0.0	0.0533795	0.0	0.0271906	0.0	0.03	0.0	1.492	0.04	5.0	0.0	1.733	0.07	0.038668	0.0	3.35609e-05	0.000234572	0.267472	0.04626	0.488577	0.194943	0.00546084	0.00439552	0.00116033	0.00232562	1.47132	0.124323	0.882468	0.0516234	0.62707	0.169596	0.827896	0.437492	0.498697	0.140937	0.0649101	0.0428486	0.12069	0.0289636	0.31021	0.501837	-22997.2	4.0	451.938	-176054.0	3.0	46.3027	1.0	2151.47	120.063	571.185	82.359	0.209789	0.0289303	1.20662	0.0678133	
0.0-2.4	6.5-8.0	0.0-100.0	0.785-1.178	0.016	0.152	6018.0	6015.0	2890.17	122.794	3125.54	129.056	0.130289	0.145064	-0.05	0.0	0.358233	0.0	3.09163	0.0	0.0533795	0.0	0.0271906	0.0	0.03	0.0	1.492	0.04	5.0	0.0	1.733	0.07	0.038668	0.0	4.17642e-05	0.79061	0.24635	0.0379445	0.230575	0.110068	0.00708186	0.0153869	0.00269957	0.00158268	1.73111	0.184706	0.899021	0.0356553	0.372716	2.33615	0.440153	1.53656	0.37723	1.50345	0.0326387	0.127942	0.338107	0.338444	0.0822815	0.0404546	-23623.6	4.0	1371.87	-185790.0	3.0	87.3836	1.0	2138.68	128.888	751.489	96.8237	0.260016	0.0316272	1.1458	0.0625559	
0.0-2.4	6.5-8.0	0.0-100.0	1.178-1.571	0.016	0.152	5343.0	5340.0	2515.09	111.542	2825.31	126.812	-0.0948317	0.151888	-0.05	0.0	0.358233	0.0	3.09163	0.0	0.0533795	0.0	0.0271906	0.0	0.03	0.0	1.492	0.04	5.0	0.0	1.733	0.07	0.038668	0.0	6.96199e-05	0.00138898	0.239102	0.0324877	0.599664	0.33064	-4.6222e-05	0.00372	0.00144302	0.0020842	1.40906	0.147928	0.656947	0.0548355	0.581187	0.613558	0.79152	0.708583	0.641529	0.307829	0.0693377	0.115027	0.347981	0.639502	0.575699	3.43603	-15280.2	4.0	419.035	-157650.0	3.0	663.722	1.0	1944.49	108.393	570.604	70.376	0.226872	0.0261099	1.16764	0.122488	
0.0-2.4	6.5-8.0	10.0-60.0	0.000-0.393	0.016	0.128	4041.0	4035.0	1951.3	98.5165	2084.68	93.4595	-0.165525	0.150617	-0.05	0.0	0.358233	0.0	3.09163	0.0	0.0533795	0.0	0.0263793	0.0	0.03	0.0	1.492	0.04	5.0	0.0	1.733	0.07	0.0383057	0.0	5.95546e-05	0.000344739	0.295353	0.0757661	0.307488	0.0	0.00439684	0.0	-7.07828e-05	0.00189561	1.63221	0.0	0.898936	0.0381259	0.995898	181.961	0.600762	28.487	0.726775	24.5234	0.00101597	271.011	0.229854	6.38259	0.100803	9.5632	-14302.3	4.0	2262.99	-111624.0	3.0	356.125	1.0	1450.91	112.708	500.39	89.3042	0.256439	0.043897	1.17422	0.0101064	
0.0-2.4	6.5-8.0	10.0-60.0	0.000-1.571	0.016	0.16	13990.0	13987.0	7201.23	186.866	6785.95	184.445	-0.0320338	0.100038	-0.05	0.0	0.358233	0.0	3.09163	0.0	0.0533795	0.0	0.0263793	0.000872481	0.03	0.0	1.492	0.04	5.0	0.0	1.733	0.07	0.0383056	0.000192798	2.57968e-05	9.0559e-05	0.253806	0.027139	0.307488	0.0	0.00439684	0.0	0.00158708	0.00104939	1.63221	0.0	0.886671	0.0214726	0.513936	1.76094	0.812179	0.621415	0.588344	1.21976	0.0445274	0.169592	0.190931	0.11072	0.402853	0.870886	-52412.5	4.0	3285.07	-446597.0	4.0	999.868	1.0	5402.66	200.614	1798.57	150.897	0.249759	0.0199268	1.16774	0.00564543	
0.0-2.4	6.5-8.0	10.0-60.0	0.393-0.785	0.016	0.145	3652.0	3651.0	1859.0	90.3999	1791.76	90.8561	0.00870726	0.183771	-0.05	0.0	0.358233	0.0	3.09163	0.0	0.0533795	0.0	0.0263793	0.0	0.03	0.0	1.492	0.04	5.0	0.0	1.733	0.07	0.0383057	0.0	3.35609e-05	0.000234572	0.239871	0.0435016	0.307488	0.0	0.00439684	0.0	0.00153116	0.00244638	1.63221	0.0	0.948531	0.0518879	0.509911	0.718839	0.8151	0.379182	0.434659	1.15024	0.0379539	0.0649969	0.101687	0.185622	0.432499	0.655238	-15100.0	4.0	159.979	-92842.9	3.0	94.1145	1.0	1458.03	94.9035	400.963	66.0287	0.215688	0.0339345	1.20093	0.0141904	
0.0-2.4	6.5-8.0	10.0-60.0	0.785-1.178	0.016	0.152	3239.0	3237.0	1785.84	93.8008	1451.3	88.299	0.139676	0.24396	-0.05	0.0	0.358233	0.0	3.09163	0.0	0.0533795	0.0	0.0263793	0.0	0.03	0.0	1.492	0.04	5.0	0.0	1.733	0.07	0.0383057	0.0	4.17642e-05	0.79061	0.210361	0.0444931	0.307488	0.0	0.00439684	0.0	0.000406056	0.00192095	1.63221	0.0	0.840241	0.0355205	1.0	64.3574	0.316497	0.0516065	0.598136	0.0166213	0.228457	165.103	0.405461	0.0662737	0.102277	0.00745206	-12181.3	4.0	1279.36	-92622.6	3.0	305.673	1.0	1293.66	104.838	492.172	83.9173	0.275598	0.0447053	1.14372	0.00903565	
0.0-2.4	6.5-8.0	10.0-60.0	1.178-1.571	0.016	0.136	3056.0	3053.0	1605.47	85.5841	1447.83	90.8841	-0.0445681	0.255609	-0.05	0.0	0.358233	0.0	3.09163	0.0	0.0533795	0.0	0.0263793	0.0	0.03	0.0	1.492	0.04	5.0	0.0	1.733	0.07	0.0383057	0.0	1.20568e-05	0.0173859	0.258139	0.0406407	0.307488	0.0	0.00439684	0.0	0.000789249	0.00209105	1.63221	0.0	0.793901	0.0421261	0.390486	0.163117	0.760264	0.407718	0.532573	0.160693	0.0458834	0.0177164	0.224764	0.0881378	0.461571	0.652541	-12093.7	4.0	700.054	-81274.1	3.0	1026.45	1.0	1180.03	82.4497	425.443	57.925	0.264996	0.0331993	1.12056	0.0103342	
0.0-2.4	8.0-10.0	0.0-100.0	0.000-0.393	0.008	0.152	3632.0	3616.0	2271.02	80.6844	1345.91	66.437	0.161707	0.176363	-0.05	0.0	0.391615	0.0	3.0932	0.0	0.0517291	0.0	0.0238981	0.0	0.03	0.0	1.492	0.04	5.0	0.0	1.733	0.07	0.0373548	0.0	1.01039e-05	0.487899	0.241785	0.0306893	0.0783534	0.0380246	0.00336464	0.00777792	0.00064401	0.00120933	2.21072	0.285123	0.928763	0.0306698	0.637734	1.10807	0.687502	1.59915	0.363245	0.474749	0.0454278	0.0604186	0.254796	0.155969	0.0575364	0.0374405	-10649.5	4.0	520.617	-66910.6	3.0	18.8314	1.0	1604.74	82.7064	666.283	64.4223	0.293385	0.0263827	1.08533	0.0436647	
0.0-2.4	8.0-10.0	0.0-100.0	0.000-1.571	0.008	0.152	13303.0	13271.0	8456.03	514.642	4816.08	494.131	-0.20905	0.15034	-0.05	0.0	0.391615	0.370341	3.0932	0.000953781	0.0517291	0.0244527	0.0238981	0.00568782	0.03	0.0	1.492	0.04	5.0	0.0	1.733	0.07	0.0373548	0.00672223	1.04463e-05	0.772766	0.34185	0.0523715	0.0999374	0.0382996	0.00376099	0.00404766	0.00117551	0.000801061	1.94825	0.155484	0.968427	0.0201857	0.965231	0.11921	0.489298	0.486987	0.40591	0.570361	0.252358	0.557299	0.360497	0.0808603	0.050613	0.0455559	15081.1	4.0	57048.8	-409366.0	7.0	729453.0	1.0	6028.58	409.584	2427.45	234.448	0.287067	0.0215282	1.1061	0.029369	
0.0-2.4	8.0-10.0	0.0-100.0	0.393-0.785	0.016	0.105	3527.0	3492.0	2275.29	88.9322	1217.19	70.0272	-0.541817	0.183429	-0.05	0.0	0.391615	0.0	3.0932	0.0	0.0517291	0.0	0.0238981	0.0	0.03	0.0	1.492	0.04	5.0	0.0	1.733	0.07	0.0373548	0.0	4.92988e-05	0.000250796	0.366264	0.0772961	0.0871788	0.0543777	0.00869349	0.0183421	0.00494354	0.00163955	2.08798	0.303036	1.07558	0.041571	0.480886	2.49628	0.97396	0.162699	0.270132	3.41698	0.0251204	0.261002	0.378781	0.231843	0.366028	1.5662	-5868.08	4.0	2591.6	-79488.2	3.0	149.905	1.0	1577.7	95.7886	697.588	78.2059	0.306593	0.0322152	1.19837	0.0462576	
0.0-2.4	8.0-10.0	0.0-100.0	0.785-1.178	0.008	0.145	3202.0	3202.0	2042.47	108.052	1160.47	80.4077	-0.0586053	0.293582	-0.05	0.0	0.391615	0.0	3.0932	0.0	0.0517291	0.0	0.0238981	0.0	0.03	0.0	1.492	0.04	5.0	0.0	1.733	0.07	0.0373548	0.0	6.83076e-05	0.000188408	0.745966	0.786585	0.0494462	0.0365968	0.00997806	0.0194271	0.00126301	0.00192666	2.17557	0.39497	1.05836	0.0494739	0.817332	30.3372	0.781984	33.3128	0.56909	29.539	0.00100105	1.55234	0.218397	0.0559374	0.126561	0.131116	27422.0	4.0	18967.2	-145271.0	3.0	9.15898	1.0	1443.01	159.008	599.456	143.044	0.293496	0.0682919	1.13964	0.0408125	
0.0-2.4	8.0-10.0	0.0-100.0	1.178-1.571	0.008	0.128	2940.0	2939.0	1876.15	73.4722	1062.92	64.0415	-0.425261	0.204307	-0.05	0.0	0.391615	0.0	3.0932	0.0	0.0517291	0.0	0.0238981	0.0	0.03	0.0	1.492	0.04	5.0	0.0	1.733	0.07	0.0373548	0.0	1.54046e-05	0.000145821	0.207804	0.0248964	0.681636	0.163444	-0.00101435	0.00214303	0.0021926	0.00224004	1.35029	0.0690844	0.6	0.267084	0.90236	1.93545	0.629093	2.4653	0.474403	0.714036	0.0589819	0.0750005	0.513972	0.507855	0.0592158	0.0720388	-7426.63	4.0	178.631	-54750.8	3.0	169.911	1.0	1340.17	72.6926	535.977	54.5009	0.28568	0.0268087	1.16509	0.0621101	
0.0-2.4	8.0-10.0	10.0-60.0	0.000-0.393	0.008	0.145	2260.0	2259.0	1483.06	61.787	776.03	47.5565	0.000997098	0.204603	-0.05	0.0	0.391615	0.0	3.0932	0.0	0.0517291	0.0	0.0245992	0.0	0.03	0.0	1.492	0.04	5.0	0.0	1.733	0.07	0.0376307	0.0	1.40048e-05	1.03758	0.220718	0.0323019	0.0999374	0.0	0.00376099	0.0	0.0011209	0.00144843	1.94825	0.0	0.887133	0.0362694	0.56636	0.0741606	0.999998	57.9706	0.296046	0.109102	0.0427874	0.00870431	0.163571	0.0289608	0.0200004	229.241	-7888.66	4.0	182.666	-36313.5	3.0	1.24516	1.0	1086.15	63.5637	396.912	47.604	0.26763	0.0300997	1.04292	0.0138842	
0.0-2.4	8.0-10.0	10.0-60.0	0.000-1.571	0.008	0.145	8022.0	8020.0	5415.85	138.583	2604.85	97.5394	-0.373992	0.147195	-0.05	0.0	0.391615	0.0	3.0932	0.0	0.0517291	0.0	0.0245992	0.000727063	0.03	0.0	1.492	0.04	5.0	0.0	1.733	0.07	0.0376307	0.000144577	1.82514e-05	0.000157912	0.329236	0.071975	0.0999374	0.0	0.00376099	0.0	0.00205405	0.00104743	1.94825	0.0	0.911419	0.0264494	0.610705	5.7451	0.634096	4.93256	0.205877	1.28035	0.0410362	0.156664	0.348636	0.175431	0.0474404	0.0943235	20560.3	4.0	91564.8	-244251.0	4.0	4000.39	1.0	3894.0	186.248	1521.86	162.1	0.281	0.0290542	1.0616	0.0102191	
0.0-2.4	8.0-10.0	10.0-60.0	0.393-0.785	0.008	0.12	2143.0	2140.0	1426.3	65.8489	714.079	52.6068	-0.603891	0.235966	-0.05	0.0	0.391615	0.0	3.0932	0.0	0.0517291	0.0	0.0245992	0.0	0.03	0.0	1.492	0.04	5.0	0.0	1.733	0.07	0.0376307	0.0	1.00002e-05	8.80711e-05	0.307951	0.0776974	0.0999374	0.0	0.00376099	0.0	0.00151641	0.00189605	1.94825	0.0	0.966751	0.0560698	0.755831	0.898256	0.585114	1.59533	0.17424	1.18032	0.0428792	0.0429675	0.433539	0.283297	0.0388689	0.0372278	-3837.6	4.0	1335.93	-40937.4	3.0	188.521	1.0	1012.76	73.3064	413.546	59.6002	0.289943	0.0395844	1.10478	0.0220806	
0.0-2.4	8.0-10.0	10.0-60.0	0.785-1.178	0.008	0.112	1904.0	1899.0	1300.89	91.8241	598.858	54.1246	-0.458856	0.443447	-0.05	0.0	0.391615	0.0	3.0932	0.0	0.0517291	0.0	0.0245992	0.0	0.03	0.0	1.492	0.04	5.0	0.0	1.733	0.07	0.0376307	0.0	1.4617e-05	0.013384	0.733156	0.975008	0.0999374	0.0	0.00376099	0.0	0.00211468	0.00260979	1.94825	0.0	0.975427	0.0660154	0.93084	6.8394	0.638371	3.35474	0.570174	3.88988	0.001	14.6001	0.221298	0.0618887	0.0591745	0.0510309	23106.8	4.0	15869.0	-97879.4	3.0	43.6532	1.0	880.906	136.673	419.987	125.268	0.322845	0.0935582	1.11162	0.0260691	
0.0-2.4	8.0-10.0	10.0-60.0	1.178-1.571	0.008	0.12	1714.0	1713.0	1209.71	57.433	503.263	44.4089	-0.474951	0.314778	-0.05	0.0	0.391615	0.0	3.0932	0.0	0.0517291	0.0	0.0245992	0.0	0.03	0.0	1.492	0.04	5.0	0.0	1.733	0.07	0.0376307	0.0	4.81487e-05	1.07517	0.220871	0.0326463	0.0999374	0.0	0.00376099	0.0	-0.00127984	0.00177729	1.94825	0.0	0.877152	0.0455319	0.891824	1.58186	0.431575	1.12393	0.159111	0.247354	0.0522153	0.0620523	0.595971	0.7732	0.0612511	0.0343215	-4498.61	4.0	139.992	-28991.7	3.0	128.682	1.0	839.985	58.607	369.724	46.3951	0.30563	0.0355014	1.03529	0.0173608	
1.2-1.6	6.5-30.0	0.0-100.0	0.000-0.393	0.008	0.136	3191.0	3189.0	1643.41	72.9445	1545.65	71.7377	0.0132407	0.156498	-0.05	0.0	0.509284	0.0	3.09145	0.0	0.044649	0.0	0.031803	0.0	0.03	0.0	1.492	0.04	5.0	0.0	1.733	0.07	0.0388793	0.0	8.70362e-05	0.000270698	0.267573	0.0513571	0.130197	0.0694199	0.00814269	0.0161506	0.00231097	0.00153433	1.98675	0.266132	0.902391	0.0381281	0.513458	0.648733	0.407682	0.619202	2.71481e-06	141.727	0.0176362	0.0316253	0.219048	0.0833325	0.0477306	0.0214106	-8665.84	4.0	527.687	-59923.2	3.0	1.52748	1.0	1220.52	77.6258	422.891	58.6794	0.257325	0.0338297	1.10553	0.0597605	
1.2-1.6	6.5-30.0	0.0-100.0	0.000-1.571	0.008	0.136	11739.0	11727.0	6161.58	167.758	5565.63	175.941	-0.155914	0.0868251	-0.05	0.0	0.509284	0.118206	3.09145	0.00100988	0.044649	0.00402795	0.031803	0.00299173	0.03	0.0	1.492	0.04	5.0	0.0	1.733	0.07	0.0388793	0.00151829	1.03021e-05	0.137313	0.279207	0.0289745	0.0999774	0.0369937	0.00921681	0.0152857	0.00361012	0.000820154	2.02628	0.173102	0.973998	0.0206238	0.541073	55.9958	0.569846	28.408	0.375993	32.525	0.0280156	1.30327	0.369213	0.910725	0.0863371	1.03646	-16683.9	4.0	3707.46	-288031.0	7.0	871.863	1.0	4443.75	166.105	1717.83	123.046	0.278797	0.0184711	1.12442	0.0313387	
1.2-1.6	6.5-30.0	0.0-100.0	0.393-0.785	0.008	0.128	3181.0	3178.0	1578.96	73.7154	1599.15	76.1659	-0.308656	0.153445	-0.05	0.0	0.509284	0.0	3.09145	0.0	0.044649	0.0	0.031803	0.0	0.03	0.0	1.492	0.04	5.0	0.0	1.733	0.07	0.0388793	0.0	1.40773e-05	0.000247178	0.270642	0.045123	0.0978918	0.063768	0.00830884	0.017385	0.0040614	0.00160852	2.07462	0.34261	1.02583	0.0407573	0.514985	2.46549	0.818127	1.20512	0.490872	1.92145	0.0386718	0.141795	0.313537	0.339148	0.201796	0.670888	-6500.61	4.0	481.478	-62347.7	3.0	107.623	1.0	1111.26	75.7615	467.709	59.3722	0.296212	0.0349667	1.17075	0.0557053	
1.2-1.6	6.5-30.0	0.0-100.0	0.785-1.178	0.008	0.136	2783.0	2781.0	1511.6	77.5689	1269.88	75.7751	0.00438659	0.217721	-0.05	0.0	0.509284	0.0	3.09145	0.0	0.044649	0.0	0.031803	0.0	0.03	0.0	1.492	0.04	5.0	0.0	1.733	0.07	0.0388793	0.0	1.0973e-05	0.00459423	0.34671	0.111483	0.0383419	0.0282596	0.00999981	0.0173776	0.00348475	0.0016686	2.63905	0.579204	0.974067	0.0425754	0.561288	0.245158	0.815872	1.3504	0.417679	0.384476	0.0563889	0.0144675	0.212756	0.115635	0.0526069	0.031282	14.6992	4.0	2328.5	-64504.6	3.0	123.913	1.0	1116.78	87.7207	394.829	69.4349	0.261199	0.0439355	1.08603	0.0509573	
1.2-1.6	6.5-30.0	0.0-100.0	1.178-1.571	0.008	0.12	2582.0	2569.0	1423.55	71.5903	1146.02	74.4089	-0.359278	0.18425	-0.05	0.0	0.509284	0.0	3.09145	0.0	0.044649	0.0	0.031803	0.0	0.03	0.0	1.492	0.04	5.0	0.0	1.733	0.07	0.0388793	0.0	3.21269e-05	0.000513866	0.255033	0.0402372	0.429426	0.219667	0.00289074	0.00368548	0.003765	0.00219809	1.45696	0.14329	0.788722	0.0600047	0.753221	0.858547	0.536033	1.13207	0.343376	0.875989	0.0822852	0.0627889	0.613685	0.72149	0.0552482	0.122083	-2232.1	4.0	355.346	-55579.5	3.0	1647.17	1.0	983.836	69.0123	439.71	52.9499	0.308884	0.0337969	1.12539	0.0842195	
1.2-1.6	6.5-30.0	10.0-60.0	0.000-0.393	0.008	0.12	1995.0	1992.0	1101.4	57.7591	891.54	53.102	0.0203183	0.205636	-0.05	0.0	0.509284	0.0	3.09145	0.0	0.044649	0.0	0.0316921	0.0	0.03	0.0	1.492	0.04	5.0	0.0	1.733	0.07	0.0388348	0.0	9.39567e-05	0.000265483	0.289857	0.0731907	0.0999774	0.0	0.00921681	0.0	0.00309602	0.00187937	2.02628	0.0	1.0559	0.045545	0.347351	14.0674	0.839964	4.37505	0.220805	25.8771	0.00957891	0.605786	0.224685	0.267764	0.104666	0.760198	-5114.06	4.0	454.34	-33831.9	3.0	3.22678	1.0	826.299	62.1393	275.098	46.8157	0.249772	0.0404372	1.18909	0.0182	
1.2-1.6	6.5-30.0	10.0-60.0	0.000-1.571	0.008	0.128	6760.0	6752.0	3938.28	109.811	2814.4	99.7897	-0.301496	0.113657	-0.05	0.0	0.509284	0.0	3.09145	0.0	0.044649	0.0	0.0316921	0.00211045	0.03	0.0	1.492	0.04	5.0	0.0	1.733	0.07	0.0388348	0.000422576	1.05393e-05	0.000462059	0.251738	0.0268625	0.0999774	0.0	0.00921681	0.0	0.00196843	0.000998047	2.02628	0.0	1.00291	0.0253474	0.727438	0.82126	0.616129	1.87348	0.424035	1.47541	0.0849024	0.121215	0.31722	0.139546	0.0413444	0.160898	-15987.8	4.0	1021.47	-134644.0	4.0	87.6115	1.0	2872.59	114.291	1065.69	86.7755	0.270598	0.0207017	1.14706	0.0099731	
1.2-1.6	6.5-30.0	10.0-60.0	0.393-0.785	0.008	0.112	1798.0	1786.0	978.664	54.7254	807.549	54.1856	-0.490083	0.217481	-0.05	0.0	0.509284	0.0	3.09145	0.0	0.044649	0.0	0.0316921	0.0	0.03	0.0	1.492	0.04	5.0	0.0	1.733	0.07	0.0388348	0.0	2.07034e-05	0.000129572	0.215431	0.0397084	0.0999774	0.0	0.00921681	0.0	0.00221436	0.00218981	2.02628	0.0	1.13456	0.0515487	0.733635	5.2521	0.999973	496.077	0.686907	7.74457	0.0990181	2.50351	0.455632	2.91806	0.0200098	1900.67	-3295.78	4.0	180.736	-30726.0	3.0	166.52	1.0	685.935	57.935	292.729	46.4025	0.299111	0.0443661	1.25261	0.0210114	
1.2-1.6	6.5-30.0	10.0-60.0	0.785-1.178	0.008	0.128	1514.0	1513.0	923.22	49.7947	589.899	43.0332	-0.550993	0.243353	-0.05	0.0	0.509284	0.0	3.09145	0.0	0.044649	0.0	0.0316921	0.0	0.03	0.0	1.492	0.04	5.0	0.0	1.733	0.07	0.0388348	0.0	2.57361e-05	0.000145696	0.207382	0.0365457	0.0999774	0.0	0.00921681	0.0	0.000830533	0.00182167	2.02628	0.0	0.938852	0.0489039	0.603027	0.508492	0.999943	124.143	0.438656	1.04647	0.0581634	0.0731735	0.209566	0.200389	0.0200154	775.92	-4867.8	4.0	38.1197	-23056.7	3.0	15.2031	1.0	708.132	51.2587	215.088	36.1009	0.232975	0.0370293	1.09718	0.0188315	
1.2-1.6	6.5-30.0	10.0-60.0	1.178-1.571	0.008	0.105	1451.0	1434.0	926.19	52.037	508.241	42.3262	-0.305026	0.276923	-0.05	0.0	0.509284	0.0	3.09145	0.0	0.044649	0.0	0.0316921	0.0	0.03	0.0	1.492	0.04	5.0	0.0	1.733	0.07	0.0388348	0.0	3.08551e-05	0.00051849	0.280679	0.0572776	0.0999774	0.0	0.00921681	0.0	0.0036287	0.00210135	2.02628	0.0	0.984719	0.0535133	0.615369	0.493262	0.88867	22.8904	0.35556	7.24524	0.0794002	0.124781	0.357292	0.356115	0.0200089	2.5238	-3503.43	4.0	262.42	-24128.0	3.0	7.35997	1.0	650.092	52.8287	276.099	41.2001	0.298102	0.04121	1.13279	0.0209338	
1.2-2.4	6.5-30.0	0.0-100.0	0.000-0.393	0.008	0.152	7905.0	7888.0	3827.17	117.273	4061.27	119.821	-0.201414	0.0990468	-0.05	0.0	0.555514	0.0	3.09114	0.0	0.0532008	0.0	0.0319045	0.0	0.03	0.0	1.492	0.04	5.0	0.0	1.733	0.07	0.044997	0.0	3.42723e-05	0.000135506	0.255558	0.0312181	0.147506	0.0525668	0.00656579	0.00470592	0.00233156	0.00102023	1.94036	0.171727	0.947898	0.0227635	0.364179	13.4978	0.733242	8.33388	0.263292	21.49	0.00100039	4.74277	0.216259	0.191174	0.0792198	0.0868015	-20613.5	4.0	809.558	-172964.0	3.0	0.292974	1.0	2883.89	124.368	943.287	92.1616	0.246471	0.0228659	1.14949	0.0399381	
1.2-2.4	6.5-30.0	0.0-100.0	0.000-1.571	0.008	0.128	28167.0	28013.0	14599.3	280.994	13414.9	283.225	-0.307653	0.0574997	-0.05	0.0	0.555514	0.0905652	3.09114	0.000755122	0.0532008	0.00311022	0.0319045	0.00210738	0.03	0.0	1.492	0.04	5.0	0.0	1.733	0.07	0.044997	0.00140897	1.38621e-05	0.000134836	0.268189	0.0177457	0.186805	0.0404235	0.00562667	0.0022307	0.00322071	0.00058275	1.79346	0.0844886	0.953484	0.0136426	0.687276	3.17012	0.605329	1.28292	0.527343	1.2343	0.0311449	0.189245	0.293153	0.0775633	0.100021	0.0731807	-62613.7	4.0	4941.68	-740674.0	7.0	311.938	1.0	10932.7	272.357	3666.59	186.765	0.251149	0.0118443	1.15765	0.0240011	
1.2-2.4	6.5-30.0	0.0-100.0	0.393-0.785	0.008	0.145	7351.0	7331.0	3676.41	117.413	3654.64	120.398	-0.46064	0.110338	-0.05	0.0	0.555514	0.0	3.09114	0.0	0.0532008	0.0	0.0319045	0.0	0.03	0.0	1.492	0.04	5.0	0.0	1.733	0.07	0.044997	0.0	2.65486e-05	7.2402e-05	0.280384	0.038024	0.215726	0.105061	0.00712779	0.00410469	0.00429657	0.00127562	1.7141	0.172696	1.00399	0.0296101	0.628139	0.966167	0.801657	0.368931	0.535652	0.595508	0.0459696	0.0920753	0.234056	0.0839808	0.43076	0.640355	-13995.5	4.0	1281.71	-169078.0	3.0	69.1415	1.0	2734.86	124.931	941.552	94.251	0.256106	0.0242969	1.19348	0.0511416	
1.2-2.4	6.5-30.0	0.0-100.0	0.785-1.178	0.008	0.152	6656.0	6654.0	3589.59	116.009	3064.97	111.521	-0.212054	0.124154	-0.05	0.0	0.555514	0.0	3.09114	0.0	0.0532008	0.0	0.0319045	0.0	0.03	0.0	1.492	0.04	5.0	0.0	1.733	0.07	0.044997	0.0	1.03152e-05	0.00396442	0.301579	0.0554289	0.127095	0.057169	0.00999999	0.014517	0.0028435	0.00118483	1.93778	0.197975	0.989778	0.0286706	0.612093	0.303354	0.748983	2.0245	0.438248	1.16423	0.0640956	0.041003	0.221135	0.0860163	0.0421076	0.119369	-12734.7	4.0	2843.27	-156053.0	3.0	52.4505	1.0	2777.68	130.02	811.911	97.6486	0.226185	0.0262028	1.15429	0.041738	
1.2-2.4	6.5-30.0	0.0-100.0	1.178-1.571	0.008	0.152	6254.0	6251.0	3495.78	112.38	2755.02	110.374	-0.390298	0.121939	-0.05	0.0	0.555514	0.0	3.09114	0.0	0.0532008	0.0	0.0319045	0.0	0.03	0.0	1.492	0.04	5.0	0.0	1.733	0.07	0.044997	0.0	3.88875e-05	0.000353399	0.245494	0.0253847	0.376887	0.131541	0.000173054	0.00284995	0.00284247	0.00131112	1.54336	0.106566	0.770692	0.0321671	0.842227	1.36115	0.507045	1.33074	0.469694	0.8533	0.0875641	0.0903469	0.451254	0.429906	0.0634699	0.191236	-12450.2	4.0	474.141	-145000.0	3.0	1064.84	1.0	2532.51	111.211	963.27	81.8456	0.275552	0.0216722	1.12598	0.0594276	
1.2-2.4	6.5-30.0	10.0-60.0	0.000-0.393	0.008	0.152	4787.0	4786.0	2548.59	90.5941	2237.79	85.83	-0.262579	0.128816	-0.05	0.0	0.555514	0.0	3.09114	0.0	0.0532008	0.0	0.0315262	0.0	0.03	0.0	1.492	0.04	5.0	0.0	1.733	0.07	0.0448783	0.0	3.42723e-05	0.000135506	0.260157	0.0400268	0.186805	0.0	0.00562667	0.0	0.00219372	0.0011939	1.79346	0.0	0.87107	0.0261365	0.701808	2.52816	0.758541	1.25276	0.541642	1.21528	0.0257884	0.0998941	0.18838	0.0856656	0.107771	0.198088	-14699.7	4.0	579.85	-92380.1	3.0	1.87124	1.0	1950.34	96.6256	598.252	70.5858	0.234738	0.0264092	1.10358	0.00838809	
1.2-2.4	6.5-30.0	10.0-60.0	0.000-1.571	0.008	0.16	16402.0	16399.0	9368.3	174.942	7031.72	160.384	-0.396808	0.0746463	-0.05	0.0	0.555514	0.0	3.09114	0.0	0.0532008	0.0	0.0315262	0.00146649	0.03	0.0	1.492	0.04	5.0	0.0	1.733	0.07	0.0448783	0.000228951	1.04253e-05	6.6059e-05	0.240496	0.0163322	0.186805	0.0	0.00562667	0.0	0.00322661	0.000700926	1.79346	0.0	0.929157	0.0163805	0.596794	0.147397	0.901175	0.118891	0.53511	0.139271	0.0425756	0.0191729	0.232452	0.035884	0.384942	0.440456	-44942.2	4.0	1500.99	-372249.0	4.0	47.4081	1.0	6950.45	181.393	2417.84	134.522	0.258088	0.0135263	1.14145	0.00542155	
1.2-2.4	6.5-30.0	10.0-60.0	0.393-0.785	0.008	0.145	4218.0	4217.0	2355.56	88.0473	1861.19	84.9883	-0.475585	0.153601	-0.05	0.0	0.555514	0.0	3.09114	0.0	0.0532008	0.0	0.0315262	0.0	0.03	0.0	1.492	0.04	5.0	0.0	1.733	0.07	0.0448783	0.0	2.65486e-05	7.2402e-05	0.212283	0.0287242	0.186805	0.0	0.00562667	0.0	0.00463041	0.00159429	1.79346	0.0	1.02976	0.0365995	0.527854	0.633878	0.817032	0.331102	0.519083	0.580833	0.0327975	0.0466146	0.279214	0.139269	0.702639	1.59781	-8499.02	4.0	441.538	-84814.9	3.0	114.263	1.0	1735.48	94.6709	620.072	72.7438	0.263238	0.0292724	1.20962	0.0126686	
1.2-2.4	6.5-30.0	10.0-60.0	0.785-1.178	0.008	0.152	3774.0	3772.0	2230.34	82.1556	1541.46	72.2246	-0.433387	0.154862	-0.05	0.0	0.555514	0.0	3.09114	0.0	0.0532008	0.0	0.0315262	0.0	0.03	0.0	1.492	0.04	5.0	0.0	1.733	0.07	0.0448783	0.0	1.03152e-05	0.00396442	0.223133	0.0256337	0.186805	0.0	0.00562667	0.0	0.000948878	0.00143135	1.79346	0.0	0.918925	0.034725	0.746031	0.227432	0.572569	1.26453	0.320216	1.3305	0.0927477	0.062462	0.204838	0.0576869	0.0290349	0.0550135	-12378.4	4.0	99.9102	-69523.4	3.0	5.3351	1.0	1672.78	83.8541	557.557	60.4696	0.249988	0.0255006	1.1347	0.0114342	
1.2-2.4	6.5-30.0	10.0-60.0	1.178-1.571	0.008	0.152	3621.0	3620.0	2238.5	83.7443	1381.65	70.1871	-0.464336	0.167828	-0.05	0.0	0.555514	0.0	3.09114	0.0	0.0532008	0.0	0.0315262	0.0	0.03	0.0	1.492	0.04	5.0	0.0	1.733	0.07	0.0448783	0.0	3.88875e-05	0.000353399	0.263857	0.0339312	0.186805	0.0	0.00562667	0.0	0.00119281	0.001422	1.79346	0.0	0.793116	0.0379536	0.999964	115.64	0.276688	20.6942	0.0599091	27.3669	0.00100166	239.865	0.308825	4.72275	0.0362605	0.535549	-10344.9	4.0	383.833	-69984.1	3.0	0.902307	1.0	1574.81	86.2936	663.687	67.7648	0.296487	0.0281672	1.0547	0.0116045	
1.6-2.4	3.0-6.5	0.0-100.0	0.000-0.393	0.016	0.232	44814.0	44806.0	7923.27	388.808	36883.6	612.312	0.0207723	0.0493813	-0.05	0.0	8.44397e-09	0.0	3.09057	0.0	0.0830696	0.0	0.051085	0.0	0.03	0.0	1.86	0.19	5.0	0.0	1.38	0.32	0.051085	0.0	0.000149401	0.0117133	0.295335	0.0794583	0.473976	0.263955	-0.00707842	0.0107562	0.01	0.00507868	1.54049	0.193925	0.818182	0.0240386	0.999993	55932.8	0.754923	13.9961	0.684362	85.1734	0.00100867	1982500.0	0.11914	44.1964	1.17826	104.071	-25259.0	4.0	5471.29	-3079640.0	3.0	7993.46	1.0	6767.17	504.606	1156.1	384.15	0.145912	0.0479522	1.21529	0.109406	
1.6-2.4	3.0-6.5	0.0-100.0	0.000-1.571	0.016	0.264	165833.0	165824.0	28909.4	1.79008	136914.0	1.12506	0.0773627	2.42459e-05	-0.05	0.0	8.44397e-09	0.240207	3.09057	9.10902e-07	0.0830696	20.8692	0.051085	6.57114e-06	0.03	0.0	1.86	0.19	5.0	0.0	1.38	0.32	0.051085	3.28869e-06	1.10324e-05	0.0465138	0.295222	0.0450826	0.306676	0.207312	-0.00606766	0.0158233	0.00999999	0.0017565	1.65447	0.204252	0.937192	0.0136797	1.0	234.046	0.771429	0.0092571	0.735337	0.044073	0.00105216	637038.0	0.125184	0.025669	1.05886	0.0418423	-236062.0	4.0	46115.8	-12664900.0	7.0	117720.0	1.0	24133.3	1025.01	4776.1	1025.01	0.165209	0.0354559	1.2035	0.0909728	
1.6-2.4	3.0-6.5	0.0-100.0	0.393-0.785	0.016	0.264	42259.0	42253.0	7066.77	347.826	35186.2	551.299	0.000712108	0.0543929	-0.05	0.0	8.44397e-09	0.0	3.09057	0.0	0.0830696	0.0	0.051085	0.0	0.03	0.0	1.86	0.19	5.0	0.0	1.38	0.32	0.051085	0.0	0.000104776	0.00436801	0.306111	0.069862	0.434071	0.259887	-0.00999985	0.0153683	0.01	0.00248473	1.61272	0.231443	0.821119	0.0194371	1.0	14.9767	0.826431	0.00325434	0.721253	0.0192037	0.00133925	617.273	0.137447	0.0090914	0.42357	0.00827943	-149125.0	4.0	6222.25	-2604940.0	3.0	1268.28	1.0	5763.77	404.899	1303.01	295.931	0.184385	0.0408811	1.22904	0.121373	
1.6-2.4	3.0-6.5	0.0-100.0	0.785-1.178	0.016	0.24	40120.0	40116.0	6858.93	370.461	33257.8	590.886	0.0567318	0.0544982	-0.05	0.0	8.44397e-09	0.0	3.09057	0.0	0.0830696	0.0	0.051085	0.0	0.03	0.0	1.86	0.19	5.0	0.0	1.38	0.32	0.051085	0.0	2.10511e-05	0.000549047	0.251282	0.0652972	0.0818643	0.0702753	-0.01	0.0192987	0.00960627	0.00189674	2.29979	0.540786	1.03602	0.0172323	0.766912	1.39253	0.845644	0.377821	0.646602	1.14507	0.0551065	0.297732	0.10643	0.196828	3.83227	78.808	350.093	4.0	25278.4	-2822460.0	3.0	4990.96	1.0	5697.8	444.985	1161.13	327.47	0.169287	0.0468599	1.19099	0.0757737	
1.6-2.4	3.0-6.5	0.0-100.0	1.178-1.571	0.016	0.24	38639.0	38637.0	7059.0	352.572	31578.0	552.133	0.251187	0.0593328	-0.05	0.0	8.44397e-09	0.0	3.09057	0.0	0.0830696	0.0	0.051085	0.0	0.03	0.0	1.86	0.19	5.0	0.0	1.38	0.32	0.051085	0.0	3.20725e-05	0.0130815	0.344264	0.101572	0.862746	0.0705318	0.0058369	0.00486993	0.01	0.00793181	1.3149	0.0586406	0.6	0.0918327	0.999998	1627930.0	0.74284	3175.89	0.772651	6625.35	0.00125365	1805840.0	0.128016	5389.77	1.04616	10912.9	-76459.0	4.0	28728.1	-2583550.0	3.0	1249.55	1.0	5946.88	403.95	1112.12	279.35	0.157546	0.0387834	1.24139	0.0332458	
1.6-2.4	3.0-6.5	10.0-60.0	0.000-0.393	0.016	0.209	24200.0	24171.0	5381.76	281.921	18789.5	419.031	0.00485047	0.0688102	-0.05	0.0	8.44397e-09	0.0	3.09057	0.0	0.0830696	0.0	0.0515494	0.0	0.03	0.0	1.86	0.19	5.0	0.0	1.38	0.32	0.0515494	0.0	0.000129268	0.000932346	0.273941	0.0616008	0.306676	0.0	-0.00606766	0.0	0.00747684	0.00181293	1.65447	0.0	0.915283	0.0225307	0.999995	10.4718	0.767144	0.00364331	0.702132	0.00980655	0.00113886	97.1218	0.104839	0.00427483	1.48589	0.185538	-46438.1	4.0	878.398	-1423370.0	3.0	2419.01	1.0	4642.99	300.938	738.767	181.396	0.137272	0.0329298	1.19176	0.00599859	
1.6-2.4	3.0-6.5	10.0-60.0	0.000-1.571	0.016	0.209	86037.0	85988.0	18435.2	582.319	67552.9	819.102	0.0860504	0.0373391	-0.05	0.0	8.44397e-09	0.0	3.09057	0.0	0.0830696	0.0	0.0515494	0.00169258	0.03	0.0	1.86	0.19	5.0	0.0	1.38	0.32	0.0515494	0.000846292	2.44459e-05	0.000226863	0.28728	0.0348799	0.306676	0.0	-0.00606766	0.0	0.00873939	0.00107314	1.65447	0.0	0.917251	0.0121717	0.371658	5.16311	0.925593	1.00068	0.354924	8.56232	0.00102599	0.78535	0.111762	0.043721	0.823117	1.11661	-276041.0	4.0	6534.84	-5555750.0	4.0	1914.9	1.0	15356.5	614.869	3078.73	390.165	0.167003	0.0204962	1.1928	0.00324472	
1.6-2.4	3.0-6.5	10.0-60.0	0.393-0.785	0.016	0.209	22289.0	22272.0	4429.82	250.13	17842.9	380.188	0.00544382	0.0738309	-0.05	0.0	8.44397e-09	0.0	3.09057	0.0	0.0830696	0.0	0.0515494	0.0	0.03	0.0	1.86	0.19	5.0	0.0	1.38	0.32	0.0515494	0.0	0.000185134	0.00079819	0.319978	0.0868398	0.306676	0.0	-0.00606766	0.0	0.00882095	0.00270093	1.65447	0.0	0.890925	0.024625	0.941359	89.2908	0.800267	34.1585	0.699152	5.6794	0.00100199	790.911	0.114776	0.676746	0.269875	0.825149	-90385.8	4.0	4490.49	-1195860.0	3.0	637.06	1.0	3413.43	307.673	1016.39	246.592	0.229443	0.0541378	1.17889	0.00645135	
1.6-2.4	3.0-6.5	10.0-60.0	0.785-1.178	0.016	0.2	20280.0	20280.0	4237.63	251.384	16043.5	376.723	0.0965178	0.0744275	-0.05	0.0	8.44397e-09	0.0	3.09057	0.0	0.0830696	0.0	0.0515494	0.0	0.03	0.0	1.86	0.19	5.0	0.0	1.38	0.32	0.0515494	0.0	3.10689e-05	0.000375227	0.227538	0.044392	0.306676	0.0	-0.00606766	0.0	0.00822049	0.00166173	1.65447	0.0	0.847166	0.0248216	0.368145	299.47	0.946856	57.8199	2.93192e-05	5597.45	0.00731408	8.29208	0.0821345	23.762	0.723898	145.8	-62380.9	4.0	285.791	-1147430.0	3.0	674.915	1.0	3492.42	266.841	745.215	173.886	0.175856	0.0396856	1.15631	0.00630423	
1.6-2.4	3.0-6.5	10.0-60.0	1.178-1.571	0.016	0.2	19265.0	19252.0	4395.21	246.32	14857.0	356.836	0.278042	0.0850954	-0.05	0.0	8.44397e-09	0.0	3.09057	0.0	0.0830696	0.0	0.0515494	0.0	0.03	0.0	1.86	0.19	5.0	0.0	1.38	0.32	0.0515494	0.0	1.12763e-05	0.178932	0.352315	0.11348	0.306676	0.0	-0.00606766	0.0	0.00879324	0.00209408	1.65447	0.0	0.95717	0.0257282	0.999999	0.788914	0.87743	0.000972002	0.784052	0.00050418	0.00866057	58.3782	0.136695	0.000267677	0.768418	0.0174066	-86817.9	4.0	1517.83	-1058290.0	3.0	566.684	1.0	3792.05	272.92	603.159	174.539	0.137231	0.0389594	1.21436	0.00703005	
1.6-2.4	6.5-30.0	0.0-100.0	0.000-0.393	0.008	0.152	4713.0	4697.0	2182.1	91.8357	2515.92	95.9614	-0.341912	0.128104	-0.05	0.0	0.639595	0.0	3.09076	0.0	0.0570978	0.0	0.0319945	0.0	0.03	0.0	1.492	0.04	5.0	0.0	1.733	0.07	0.049539	0.0	3.15307e-05	0.000173778	0.248254	0.0383751	0.171695	0.085994	0.00507026	0.00583142	0.00367335	0.00135728	1.8838	0.229153	0.922686	0.0284135	0.971468	1.23554	0.574963	0.456218	0.690004	0.246102	0.00100081	7.53008	0.223478	0.0566159	0.106353	0.0379064	-12378.1	4.0	300.08	-99427.0	3.0	2.8132	1.0	1669.81	95.7781	512.295	68.5542	0.234771	0.0298224	1.1465	0.0607679	
1.6-2.4	6.5-30.0	0.0-100.0	0.000-1.571	0.008	0.152	16428.0	16391.0	8409.37	216.818	7982.85	219.017	-0.432453	0.0742633	-0.05	0.0	0.639595	0.0896592	3.09076	0.00112894	0.0570978	0.00394383	0.0319945	0.0022238	0.03	0.0	1.492	0.04	5.0	0.0	1.733	0.07	0.0495389	0.00179002	1.37144e-05	0.000327844	0.25593	0.0210539	0.337019	0.0765519	0.00343684	0.00197833	0.00343437	0.000890053	1.60396	0.0792233	0.8959	0.0195253	0.738241	2.16659	0.861683	0.371263	0.638375	0.614363	0.0668465	0.435134	0.222101	0.131145	0.35025	0.761338	-44231.2	4.0	1259.4	-409499.0	7.0	48.676	1.0	6487.12	208.355	1922.25	133.765	0.228584	0.0147746	1.18287	0.0342324	
1.6-2.4	6.5-30.0	0.0-100.0	0.393-0.785	0.008	0.145	4169.0	4151.0	2085.42	91.0578	2066.2	93.1078	-0.585507	0.153711	-0.05	0.0	0.639595	0.0	3.09076	0.0	0.0570978	0.0	0.0319945	0.0	0.03	0.0	1.492	0.04	5.0	0.0	1.733	0.07	0.049539	0.0	1.91191e-05	0.000301555	0.290584	0.062611	0.653479	0.0874734	0.00512757	0.00198312	0.00394099	0.00313125	1.36098	0.0597214	0.811665	0.0696985	0.78359	2.19334	0.709358	0.598237	0.560504	0.892962	0.0430841	0.363435	0.197068	0.0683828	0.438457	0.590852	-7725.32	4.0	802.738	-92944.9	3.0	52.299	1.0	1615.0	98.431	470.411	71.6785	0.225572	0.0329299	1.19946	0.0321008	
1.6-2.4	6.5-30.0	0.0-100.0	0.785-1.178	0.008	0.145	3873.0	3871.0	2078.49	86.2944	1792.55	82.1329	-0.381112	0.150814	-0.05	0.0	0.639595	0.0	3.09076	0.0	0.0570978	0.0	0.0319945	0.0	0.03	0.0	1.492	0.04	5.0	0.0	1.733	0.07	0.049539	0.0	1.00081e-05	0.000130579	0.244159	0.0338936	0.283905	0.121121	0.00876046	0.0144238	0.000683434	0.00182334	1.63893	0.152102	0.925103	0.0432549	0.750587	1.11432	0.357369	4.05061	0.0484318	21.5179	0.0943485	0.181784	0.227861	0.0969685	0.0247733	0.310967	-13105.1	4.0	65.0665	-78520.5	3.0	1.99466	1.0	1650.49	87.6157	428.003	57.4164	0.20592	0.0262678	1.17279	0.0573829	
1.6-2.4	6.5-30.0	0.0-100.0	1.178-1.571	0.008	0.152	3672.0	3671.0	2065.21	85.9198	1605.81	80.5048	-0.432027	0.16118	-0.05	0.0	0.639595	0.0	3.09076	0.0	0.0570978	0.0	0.0319945	0.0	0.03	0.0	1.492	0.04	5.0	0.0	1.733	0.07	0.049539	0.0	2.89134e-05	0.000256279	0.239384	0.031844	0.350351	0.133684	-0.00427118	0.00495361	0.00255771	0.00167728	1.6055	0.129976	0.779761	0.0375416	0.999312	10.0267	0.583665	0.982631	0.644216	0.795804	0.00109395	2.97779	0.3105	0.138619	0.0961992	0.0834007	-11212.5	4.0	149.752	-76819.4	3.0	77.1217	1.0	1541.29	86.08	523.912	61.4253	0.253685	0.0278074	1.13933	0.0666118	
1.6-2.4	6.5-30.0	10.0-60.0	0.000-0.393	0.008	0.152	2792.0	2792.0	1444.99	69.6708	1347.0	67.3311	-0.459053	0.167112	-0.05	0.0	0.639595	0.0	3.09076	0.0	0.0570978	0.0	0.0314884	0.0	0.03	0.0	1.492	0.04	5.0	0.0	1.733	0.07	0.049422	0.0	3.15307e-05	0.000173778	0.233631	0.0409208	0.337019	0.0	0.00343684	0.0	0.00204958	0.00162119	1.60396	0.0	0.749491	0.0326898	0.949602	9.2758	0.71391	3.02497	0.695332	3.195	0.00101453	11.0702	0.183313	0.0399984	0.127987	0.0617241	-9791.18	4.0	132.092	-50795.5	3.0	2.92706	1.0	1119.07	71.9467	325.922	50.1197	0.225554	0.0329362	1.11331	0.00729513	
1.6-2.4	6.5-30.0	10.0-60.0	0.000-1.571	0.008	0.16	9642.0	9641.0	5415.25	136.117	4226.07	125.516	-0.473089	0.0981654	-0.05	0.0	0.639595	0.0	3.09076	0.0	0.0570978	0.0	0.0314884	0.00240481	0.03	0.0	1.492	0.04	5.0	0.0	1.733	0.07	0.049422	0.000276104	3.34301e-05	6.81326e-05	0.232774	0.0201736	0.337019	0.0	0.00343684	0.0	0.0034687	0.00103078	1.60396	0.0	0.809218	0.0227918	0.601303	0.251477	0.882696	0.133005	0.515001	0.242712	0.0299397	0.0169824	0.182813	0.027333	0.424209	0.426389	-29621.4	4.0	514.265	-210512.0	4.0	13.5598	1.0	4067.76	140.198	1347.49	101.726	0.248832	0.0177133	1.1407	0.00535976	
1.6-2.4	6.5-30.0	10.0-60.0	0.393-0.785	0.008	0.145	2420.0	2418.0	1363.24	68.3398	1055.03	65.0825	-0.483532	0.213653	-0.05	0.0	0.639595	0.0	3.09076	0.0	0.0570978	0.0	0.0314884	0.0	0.03	0.0	1.492	0.04	5.0	0.0	1.733	0.07	0.049422	0.0	1.91191e-05	0.000301555	0.201542	0.0413118	0.337019	0.0	0.00343684	0.0	0.00339162	0.00240248	1.60396	0.0	0.961235	0.0536809	0.811568	0.0139875	1.0	24.7511	0.654875	0.00845459	1.5	12.5119	0.242851	0.00748799	0.831576	68.5886	-5721.66	4.0	253.365	-46289.4	3.0	97.3599	1.0	1042.72	76.4476	320.527	58.0525	0.235121	0.0409204	1.2164	0.0140619	
1.6-2.4	6.5-30.0	10.0-60.0	0.785-1.178	0.008	0.145	2259.0	2257.0	1305.61	65.3243	951.326	57.9756	-0.382783	0.200904	-0.05	0.0	0.639595	0.0	3.09076	0.0	0.0570978	0.0	0.0314884	0.0	0.03	0.0	1.492	0.04	5.0	0.0	1.733	0.07	0.049422	0.0	1.00081e-05	0.000130579	0.2356	0.0350579	0.337019	0.0	0.00343684	0.0	0.00171457	0.0024266	1.60396	0.0	0.933486	0.0534945	0.999802	63.6113	0.671353	0.00891543	0.654894	0.0750592	0.0010007	58.8338	0.197642	0.0236848	0.13755	0.0365162	-7555.99	4.0	57.8577	-40582.7	3.0	0.430237	1.0	962.31	65.9646	343.296	48.2506	0.26294	0.0345356	1.20198	0.0137718	
1.6-2.4	6.5-30.0	10.0-60.0	1.178-1.571	0.008	0.152	2170.0	2169.0	1301.97	65.101	867.077	55.5328	-0.569572	0.210954	-0.05	0.0	0.639595	0.0	3.09076	0.0	0.0570978	0.0	0.0314884	0.0	0.03	0.0	1.492	0.04	5.0	0.0	1.733	0.07	0.049422	0.0	2.89134e-05	0.000256279	0.255027	0.0410886	0.337019	0.0	0.00343684	0.0	0.00157916	0.00196374	1.60396	0.0	0.654072	0.0508297	0.999916	21.7888	0.250841	0.201514	8.57296e-07	0.544479	0.00852659	10.8582	0.233317	0.102951	0.0235075	0.00515681	-7377.04	4.0	139.562	-39343.2	3.0	2.5678	1.0	926.072	66.1575	375.895	50.8516	0.288713	0.0362916	1.0727	0.010274	
