sigG1G2
rap	pT	cent	dPhi	ctauErrMin	ctauErrMax	NoCutEntry	CutEntry	NSig	NSigErr	NBkg	NBkgErr	coefExp	coefExpErr	coefPol1	coefPol1Err	coeffGaus	coeffGausErr	meanSig1	meanSig1Err	sigmaSig1	sigmaSig1Err	sigmaSig2	sigmaSig2Err	sigmaSig3	sigmaSig3Err	alpha	alphaErr	enne	enneErr	enne	enneErr	sigWidth	sigWidthErr	Gmc	GmcErr	bTau	bTauErr	fracRes	fracResErr	meanResSigW	meanResSigWErr	meanResSigN	meanResSigNErr	sigmaResSigW	sigmaResSigWErr	sigmaResSigN	sigmaResSigNErr	fpm	fpmErr	fLiving	fLivingErr	fbkgCtTot	fbkgCtTotErr	lambdam	lambdamErr	lambdap	lambdapErr	lambdasym	lambdasymErr	NLL	nFitPar	EDM	NLLMass	nFitParMass	EDMMass	Prob	PROMPT	PROMPTErr	NON-PROMPT	NON-PROMPTErr	Bfraction	BfractionErr	Resolution	ResolutionErr	
0.0-0.4	6.5-30.0	0.0-100.0	0.000-1.571	0.008	0.064	5368.0	5365.0	3475.95	764.063	1889.2	649.297	-0.302294	1.02787	-0.05	0.0	0.0503006	0.482183	3.09249	0.00364844	0.0644099	0.384616	0.0189717	0.00869885	0.03	0.0	1.492	0.04	1.733	0.07	1.733	0.07	0.0234627	0.0267641	1.86511e-05	9.62505e-05	0.451438	0.114645	0.650386	0.167133	-0.000266231	0.00113589	0.00218705	0.00185111	1.30969	0.063225	0.706856	0.0378432	0.679468	0.904969	0.562627	0.587552	0.253057	0.526829	0.0331355	0.120624	0.379984	0.209728	0.071737	0.0312935	-13753.5	4.0	14642.8	-237933.0	7.0	6534.51	1.0	2194.44	495.358	1281.51	303.401	0.36868	0.0324216	1.13591	0.0507788	
0.0-1.2	6.5-30.0	0.0-10.0	0.000-1.571	0.008	0.088	7334.0	7331.0	3761.44	130.907	3570.23	131.866	-0.0888509	0.131336	-0.05	0.0	0.254747	0.0	3.09217	0.0	0.0514835	0.0	0.0211595	0.000954719	0.03	0.0	1.492	0.04	1.733	0.07	1.733	0.07	0.031763	0.000236992	1.48841e-05	2.84191e-05	0.319303	0.0571131	0.236177	0.0	5.83622e-05	0.0	0.00235161	0.00129537	1.60413	0.0	0.945174	0.0345951	0.744687	2.00621	0.528004	1.57752	0.516351	0.28205	0.0440311	0.0848095	0.262077	0.147841	0.106494	0.139471	-22002.6	4.0	6462.41	-234124.0	4.0	116.812	1.0	2522.76	138.45	1238.68	115.404	0.329309	0.0284599	1.13583	0.0109945	
0.0-1.2	6.5-30.0	0.0-100.0	0.000-1.571	0.008	0.105	20204.0	20200.0	12278.5	394.66	7922.27	370.524	-0.133072	0.108368	-0.05	0.0	0.254747	0.288419	3.09217	0.000602545	0.0514835	0.0355348	0.021494	0.00421582	0.03	0.0	1.492	0.04	1.733	0.07	1.733	0.07	0.03193	0.0073742	1.87255e-05	2.6751e-05	0.408387	0.0558395	0.236177	0.079527	5.83622e-05	0.00144617	0.00106773	0.000656835	1.60413	0.0920545	0.892818	0.0189012	0.607088	0.207873	0.933634	0.0857356	0.465937	0.175289	0.0588011	0.0360479	0.224948	0.0380606	1.23013	5.83627	-9828.33	4.0	54789.3	-921949.0	7.0	2767810.0	1.0	8235.02	341.673	4043.44	252.129	0.329311	0.0175959	1.103	0.0361806	
0.0-1.2	6.5-30.0	10.0-20.0	0.000-1.571	0.008	0.088	4975.0	4974.0	2969.44	145.868	2004.34	114.604	-0.024272	0.21753	-0.05	0.0	0.254747	0.0	3.09217	0.0	0.0514835	0.0	0.0201655	0.000878555	0.03	0.0	1.492	0.04	1.733	0.07	1.733	0.07	0.0312774	0.000211067	1.48841e-05	2.84191e-05	0.523929	0.178561	0.236177	0.0	5.83622e-05	0.0	0.00139422	0.00145396	1.60413	0.0	0.912331	0.0405024	0.463076	3.53385	0.844527	0.75559	0.333945	3.89219	0.0363785	0.203919	0.281163	0.249901	0.574749	1.66868	-2667.67	4.0	17390.2	-247469.0	4.0	4477.75	1.0	1835.07	149.331	1134.37	131.45	0.382015	0.0400931	1.11513	0.0126553	
0.0-1.2	6.5-30.0	20.0-30.0	0.000-1.571	0.008	0.105	3478.0	3475.0	2210.34	240.657	1265.42	210.7	0.110602	0.781181	-0.05	0.0	0.254747	0.0	3.09217	0.0	0.0514835	0.0	0.0221917	0.000145839	0.03	0.0	1.492	0.04	1.733	0.07	1.733	0.07	0.0322837	3.73555e-05	1.87255e-05	2.6751e-05	0.558368	0.32367	0.236177	0.0	5.83622e-05	0.0	0.00161159	0.00156674	1.60413	0.0	0.859145	0.0444382	0.551628	0.147142	0.999988	35.4794	0.409463	0.221521	0.0457225	0.00980773	0.21327	0.0581867	0.0368002	251.519	25290.2	4.0	19911.8	-172024.0	4.0	175487.0	1.0	1488.11	200.26	722.222	141.549	0.326748	0.0532486	1.08238	0.0134712	
0.0-1.2	6.5-30.0	30.0-40.0	0.000-1.571	0.008	0.064	2015.0	2013.0	1409.31	76.845	604.511	51.3189	-0.632883	0.28486	-0.05	0.0	0.254747	0.0	3.09217	0.0	0.0514835	0.0	0.0219209	0.000905124	0.03	0.0	1.492	0.04	1.733	0.07	1.733	0.07	0.0321455	0.000229996	2.67574e-05	4.09709e-05	0.302761	0.0747953	0.236177	0.0	5.83622e-05	0.0	-0.000821546	0.00172687	1.60413	0.0	0.842079	0.0474636	0.565111	0.0268461	0.999999	29.2242	0.4194	0.0266327	0.0675211	0.00598475	0.193183	0.0128229	0.0693398	239.633	-11294.1	4.0	1939.34	-57090.5	4.0	1305.61	1.0	994.979	80.067	414.326	63.0691	0.293993	0.0417823	1.07208	0.014238	
0.0-1.2	6.5-30.0	40.0-50.0	0.000-1.571	0.016	0.048	1242.0	1226.0	930.9	58.9774	295.802	38.9473	-0.596769	0.491715	-0.05	0.0	0.254747	0.0	3.09217	0.0	0.0514835	0.0	0.0235458	0.00196601	0.03	0.0	1.492	0.04	1.733	0.07	1.733	0.07	0.0329908	0.000522854	1.07336e-05	8.63113e-05	0.318025	0.075194	0.236177	0.0	5.83622e-05	0.0	-0.00276736	0.00215568	1.60413	0.0	0.901704	0.0705163	0.707231	19.2208	1.0	0.0030688	0.25286	20.7899	0.00832508	0.37536	0.86204	6.14975	1.86656	23.1217	-4019.43	4.0	708.388	-30843.9	4.0	173.229	1.0	628.869	56.5186	302.031	44.4198	0.324451	0.0430625	1.1085	0.0219068	
0.0-1.2	6.5-30.0	50.0-100.0	0.000-1.571	0.008	0.056	1157.0	1155.0	977.761	60.6869	177.733	36.6837	-1.40502	0.932462	-0.05	0.0	0.254747	0.0	3.09217	0.0	0.0514835	0.0	0.0217635	0.00118445	0.03	0.0	1.492	0.04	1.733	0.07	1.733	0.07	0.0320657	0.000299556	1.7457e-05	3.13754e-05	0.402806	0.148109	0.236177	0.0	5.83622e-05	0.0	0.00194944	0.0015656	1.60413	0.0	0.775719	0.0628386	0.514884	0.241284	0.999999	120.154	3.49099e-07	0.228689	0.0152734	0.00809141	0.2212	0.0509182	0.021812	690.257	-5596.89	4.0	1535.24	-31290.5	4.0	877.362	1.0	706.159	61.3992	271.602	46.1848	0.27778	0.0439763	1.03313	0.0180193	
0.0-2.4	10.0-13.0	0.0-100.0	0.000-1.571	0.008	0.136	6530.0	6528.0	4626.52	317.591	1902.41	219.835	-0.833695	0.288912	-0.05	0.0	0.592254	0.745022	3.09066	0.00251817	0.0437584	0.0218081	0.020255	0.0172508	0.03	0.0	1.492	0.04	1.733	0.07	1.733	0.07	0.036074	0.0080787	1.21637e-05	1.85867	0.442351	0.107029	0.294117	0.0867943	0.000270012	0.00176522	0.000283041	0.000934164	1.60695	0.0922641	0.791722	0.0261943	0.8704	0.300648	0.528695	0.23277	1.95432e-06	8.24477	0.0838929	0.0911393	0.28412	0.0603073	0.0264162	0.0172482	-5709.44	4.0	19436.1	-214294.0	7.0	276361.0	1.0	3111.17	249.565	1515.35	165.807	0.327535	0.027908	1.09634	0.044022	
0.0-2.4	10.0-30.0	0.0-100.0	0.000-1.571	0.004	0.144	10143.0	10141.0	7260.75	294.409	2880.67	214.734	-0.867474	0.183788	-0.05	0.0	0.550018	0.468707	3.09173	0.00139784	0.0462485	0.0163299	0.0208173	0.0108281	0.03	0.0	1.492	0.04	1.733	0.07	1.733	0.07	0.0370331	0.00577315	1.70873e-05	5.44529e-05	0.397975	0.0612191	0.236071	0.0672041	0.00122446	0.0014114	0.000209355	0.000671876	1.62051	0.0854295	0.858228	0.0206691	0.910478	0.469024	0.727076	0.813985	0.283254	0.483606	0.0788182	0.137056	0.301287	0.0723163	0.0381221	0.0729893	-10294.4	4.0	23898.5	-306781.0	7.0	555913.0	1.0	4718.8	240.335	2541.95	178.253	0.350094	0.0200299	1.08748	0.0334179	
0.0-2.4	11.0-13.0	0.0-100.0	0.000-1.571	0.008	0.105	3501.0	3500.0	2580.04	222.494	920.531	151.067	-1.03059	0.380287	-0.05	0.0	0.550483	0.785272	3.09043	0.00327023	0.046905	0.0304872	0.0204433	0.0183107	0.03	0.0	1.492	0.04	1.733	0.07	1.733	0.07	0.0374029	0.0107609	1.31317e-05	0.000141526	0.539211	0.211618	0.127384	0.054916	-0.0011181	0.00400296	0.00187261	0.00140796	1.9166	0.182182	0.91598	0.0407349	0.813986	0.726233	0.588062	0.392378	1.84314e-05	10.7976	0.0724625	0.148905	0.29456	0.090672	0.0200019	0.194959	-2514.53	4.0	15666.6	-145667.0	7.0	2600660.0	1.0	1615.52	177.606	964.521	138.033	0.37384	0.0426961	1.09548	0.0435286	
0.0-2.4	13.0-16.0	0.0-100.0	0.000-1.571	0.008	0.08	2178.0	2173.0	1643.75	80.4885	529.685	51.9024	-0.709465	0.28011	-0.05	0.0	0.610098	0.270831	3.09367	0.00176449	0.0482001	0.0108915	0.018118	0.00766895	0.03	0.0	1.492	0.04	1.733	0.07	1.733	0.07	0.0393115	0.00413151	3.22941e-05	7.28178e-05	0.441445	0.11529	0.190435	0.151414	0.000860929	0.00325109	0.00242831	0.00141895	1.61744	0.225591	0.93712	0.045091	0.957122	2.67784	0.687587	3.23514	0.135138	0.603396	0.0479337	0.143471	0.23598	0.262856	0.0388544	0.108024	-4229.05	4.0	2871.14	-46723.8	7.0	212577.0	1.0	1080.86	78.6237	562.885	64.3446	0.342441	0.0353718	1.09962	0.0694223	
0.0-2.4	13.0-30.0	0.0-100.0	0.000-1.571	0.008	0.105	3612.0	3612.0	2639.15	93.7329	973.774	67.5537	-0.946808	0.203927	-0.05	0.0	0.504759	0.256704	3.09366	0.00120435	0.0505656	0.0126574	0.0211529	0.00569099	0.03	0.0	1.492	0.04	1.733	0.07	1.733	0.07	0.038887	0.00422397	1.00009e-05	0.0022258	0.3355	0.0506226	0.132772	0.0920488	0.00351245	0.00313808	0.000120058	0.000913131	1.67468	0.204192	0.931544	0.0328337	0.910377	0.928683	0.851517	1.54034	0.34548	0.365607	0.042695	0.0343165	0.329477	0.131763	0.0402956	0.0326114	-5880.18	4.0	3726.67	-73295.8	7.0	2389.12	1.0	1606.66	88.3941	1032.48	76.8247	0.391219	0.0255795	1.06062	0.0487882	
0.0-2.4	16.0-30.0	0.0-100.0	0.000-1.571	0.008	0.064	1434.0	1432.0	1001.4	67.9854	430.879	62.0836	-1.26862	0.360917	-0.05	0.0	0.229692	0.331647	3.09297	0.00156182	0.0697543	0.0762225	0.0266268	0.00701342	0.03	0.0	1.492	0.04	1.733	0.07	1.733	0.07	0.040789	0.0150737	1.03669e-05	0.000212641	0.228681	0.0290505	0.0950778	0.106211	0.00728087	0.00535444	-0.00131107	0.00107967	1.70142	0.346312	0.882184	0.0437934	0.562435	7.99405	0.973445	0.444146	0.111767	13.6386	0.0074105	0.0286747	0.432855	0.15449	0.0549895	0.0784828	-2416.55	4.0	482.185	-20899.8	7.0	227.539	1.0	540.314	48.3845	461.084	44.4451	0.46044	0.0315071	0.989691	0.0658612	
0.0-2.4	6.5-30.0	0.0-10.0	0.000-1.571	0.008	0.184	18323.0	18323.0	8319.67	195.991	10004.5	215.022	-0.223432	0.0709708	-0.05	0.0	0.441347	0.0	3.09133	0.0	0.0557055	0.0	0.0249634	0.000994612	0.03	0.0	1.492	0.04	1.733	0.07	1.733	0.07	0.0414449	0.000167339	1.10484e-05	0.188378	0.317155	0.0380687	0.197932	0.0	0.00209112	0.0	0.00418841	0.000841362	1.70729	0.0	0.988587	0.0200382	0.214391	246.609	0.728443	177.151	0.000218697	2632.36	0.00408637	5.03239	0.354048	10.0736	0.100898	23.1231	-30094.4	4.0	9414.0	-581342.0	4.0	357.953	1.0	6009.29	208.462	2310.39	162.414	0.277701	0.0183929	1.16653	0.00681017	
0.0-2.4	6.5-30.0	0.0-100.0	0.000-1.571	0.004	0.184	47830.0	47830.0	26301.8	577.059	21528.1	562.462	-0.29486	0.0538416	-0.05	0.0	0.441347	0.214151	3.09133	0.000496417	0.0557055	0.0149247	0.0246908	0.00423224	0.03	0.0	1.492	0.04	1.733	0.07	1.733	0.07	0.0413536	0.00449229	1.10484e-05	0.188378	0.345874	0.0288954	0.197932	0.0374389	0.00209112	0.00129423	0.00258619	0.000449222	1.70729	0.0620358	0.932885	0.0113678	0.604006	0.238548	0.924133	0.0944708	0.534688	0.171146	0.0579142	0.0385106	0.24491	0.0489502	0.625065	1.46201	-52896.5	4.0	68975.4	-1771800.0	7.0	17334.1	1.0	18863.6	513.76	7438.16	345.392	0.282801	0.0115737	1.12914	0.0196873	
0.0-2.4	6.5-30.0	0.0-5.0	0.000-1.571	0.008	0.184	9982.0	9982.0	4487.5	145.202	5495.28	155.977	-0.112836	0.0950657	-0.05	0.0	0.441347	0.0	3.09133	0.0	0.0557055	0.0	0.0243382	0.00138247	0.03	0.0	1.492	0.04	1.733	0.07	1.733	0.07	0.0412367	0.000227915	1.10484e-05	0.188378	0.32748	0.0605729	0.197932	0.0	0.00209112	0.0	0.00494623	0.00121373	1.70729	0.0	1.04998	0.0287002	0.661611	0.939946	0.836924	0.72626	0.640418	0.421676	0.0612052	0.200107	0.231463	0.107232	0.278273	0.806538	-18241.8	4.0	5929.24	-291705.0	4.0	72.4446	1.0	3258.0	161.431	1229.5	128.568	0.273984	0.0272441	1.2088	0.00999759	
0.0-2.4	6.5-30.0	10.0-15.0	0.000-1.571	0.008	0.152	6331.0	6330.0	3210.07	111.979	3119.95	110.575	-0.217479	0.125594	-0.05	0.0	0.441347	0.0	3.09133	0.0	0.0557055	0.0	0.023672	0.00104989	0.03	0.0	1.492	0.04	1.733	0.07	1.733	0.07	0.0410194	0.000169239	2.54256e-05	2.68579e-05	0.337002	0.0546001	0.197932	0.0	0.00209112	0.0	0.00490342	0.00132651	1.70729	0.0	0.934899	0.0302224	0.403132	0.0877692	0.844101	0.140718	0.347452	0.145207	0.0293786	0.00966703	0.17413	0.0403239	0.176131	0.102728	-17460.1	4.0	2662.96	-158117.0	4.0	277.81	1.0	2255.88	117.47	954.183	93.3517	0.297247	0.0271695	1.13048	0.0100234	
0.0-2.4	6.5-30.0	10.0-20.0	0.000-1.571	0.008	0.16	11656.0	11654.0	6221.91	180.98	5432.28	158.343	-0.231219	0.101611	-0.05	0.0	0.441347	0.0	3.09133	0.0	0.0557055	0.0	0.0239489	0.00044522	0.03	0.0	1.492	0.04	1.733	0.07	1.733	0.07	0.0411091	7.24493e-05	1.13588e-05	0.0219528	0.398177	0.0810843	0.197932	0.0	0.00209112	0.0	0.00308637	0.00104445	1.70729	0.0	0.95288	0.0248027	0.476782	2.07054	0.854307	0.453346	0.419592	1.93779	0.0350464	0.117934	0.201093	0.170244	0.419229	0.974888	-11345.7	4.0	21642.1	-410352.0	4.0	20433.4	1.0	4292.02	212.194	1929.89	180.53	0.310177	0.0275769	1.14245	0.00829621	
0.0-2.4	6.5-30.0	15.0-20.0	0.000-1.571	0.008	0.16	5324.0	5324.0	3007.54	515.871	2316.7	417.077	-0.248275	1.7253	-0.05	0.0	0.441347	0.0	3.09133	0.0	0.0557055	0.0	0.0242481	0.00100336	0.03	0.0	1.492	0.04	1.733	0.07	1.733	0.07	0.041207	0.000164921	1.13588e-05	0.0219528	0.463132	0.172319	0.197932	0.0	0.00209112	0.0	-0.000220444	0.00157998	1.70729	0.0	0.973388	0.0385179	0.717557	0.933801	0.771815	0.472205	0.547305	0.519938	0.0542343	0.132081	0.244686	0.30325	0.586708	2.01254	1920.35	4.0	17824.7	-220808.0	4.0	15379200000.0	1.0	2018.36	373.747	989.183	220.499	0.328901	0.0468241	1.15624	0.0130041	
0.0-2.4	6.5-30.0	20.0-25.0	0.000-1.571	0.008	0.145	4285.0	4285.0	2522.15	98.7772	1762.94	83.8749	-0.320484	0.165593	-0.05	0.0	0.441347	0.0	3.09133	0.0	0.0557055	0.0	0.0236578	0.00158115	0.03	0.0	1.492	0.04	1.733	0.07	1.733	0.07	0.0410149	0.000254753	1.27502e-05	0.000164255	0.335265	0.0619403	0.197932	0.0	0.00209112	0.0	0.00252285	0.00115376	1.70729	0.0	0.848265	0.0280885	0.457047	0.117752	0.913931	0.158679	0.379478	0.25783	0.0395881	0.0150489	0.177712	0.0473354	0.788635	2.69875	-11566.0	4.0	2384.24	-107808.0	4.0	90.6821	1.0	1846.36	102.108	675.798	76.7964	0.267945	0.0285833	1.07428	0.00889457	
0.0-2.4	6.5-30.0	20.0-30.0	0.000-1.571	0.008	0.152	7916.0	7916.0	4751.29	1214.74	3164.31	1052.2	-0.209459	6.09512	-0.05	0.0	0.441347	0.0	3.09133	0.0	0.0557055	0.0	0.0242049	0.00162506	0.03	0.0	1.492	0.04	1.733	0.07	1.733	0.07	0.0411928	0.000266724	2.54256e-05	2.68579e-05	0.423701	0.125882	0.197932	0.0	0.00209112	0.0	0.00271827	0.00101469	1.70729	0.0	0.864424	0.0257617	0.48693	1.12291	0.947369	0.279072	0.410955	1.32126	0.038492	0.0733945	0.177778	0.0774365	0.708132	5.77537	14298.3	4.0	26317.4	-287291.0	4.0	83793000.0	1.0	3418.26	887.269	1333.03	373.694	0.280562	0.0322612	1.08456	0.00823434	
0.0-2.4	6.5-30.0	25.0-30.0	0.000-1.571	0.008	0.136	3630.0	3627.0	2227.42	1058.21	1399.39	916.802	-0.0688992	22.2235	-0.05	0.0	0.441347	0.0	3.09133	0.0	0.0557055	0.0	0.0248836	0.003829	0.03	0.0	1.492	0.04	1.733	0.07	1.733	0.07	0.0414181	0.000642572	1.61666e-05	1.68756e-05	0.542959	0.354357	0.197932	0.0	0.00209112	0.0	0.00197583	0.00181622	1.70729	0.0	0.897922	0.0482269	0.657789	3.14386	0.986344	2.06334	0.56506	2.26716	0.0462212	0.55407	0.17665	0.123003	0.137416	2.17642	21003.3	4.0	18813.7	-155233.0	4.0	321721000.0	1.0	1558.44	753.539	668.983	347.361	0.30034	0.0629312	1.10617	0.0156995	
0.0-2.4	6.5-30.0	30.0-35.0	0.000-1.571	0.008	0.128	2742.0	2739.0	1637.92	73.7097	1101.94	65.0533	-0.524064	0.200693	-0.05	0.0	0.441347	0.0	3.09133	0.0	0.0557055	0.0	0.024822	0.00169291	0.03	0.0	1.492	0.04	1.733	0.07	1.733	0.07	0.0413975	0.000283537	1.79639e-05	0.125254	0.30573	0.0737582	0.197932	0.0	0.00209112	0.0	0.00202672	0.00159187	1.70729	0.0	0.894799	0.041445	0.630367	0.503662	0.852155	3.33945	0.456896	1.64546	0.0566139	0.0407071	0.313813	0.226497	0.0424747	0.196095	-8516.43	4.0	891.734	-56920.8	4.0	29.1053	1.0	1250.78	76.3763	387.142	54.4847	0.236362	0.0315181	1.10414	0.0134696	
0.0-2.4	6.5-30.0	30.0-40.0	0.000-1.571	0.008	0.128	4721.0	4718.0	3017.03	104.603	1701.86	83.3877	-0.528795	0.162679	-0.05	0.0	0.441347	0.0	3.09133	0.0	0.0557055	0.0	0.0244739	0.000906235	0.03	0.0	1.492	0.04	1.733	0.07	1.733	0.07	0.0412815	0.000150072	1.79639e-05	0.125254	0.249229	0.0398835	0.197932	0.0	0.00209112	0.0	0.0012525	0.00118795	1.70729	0.0	0.837897	0.0301501	0.751754	0.494434	0.612548	0.946341	0.39928	0.426789	0.065141	0.0325813	0.371917	0.18813	0.0568247	0.0409132	-16447.5	4.0	2501.19	-117077.0	4.0	895.405	1.0	2188.7	114.912	828.334	90.9461	0.274553	0.0286018	1.06773	0.00948854	
0.0-2.4	6.5-30.0	35.0-40.0	0.000-1.571	0.008	0.12	1979.0	1979.0	1376.16	73.9777	602.844	51.7388	-0.531618	0.275706	-0.05	0.0	0.441347	0.0	3.09133	0.0	0.0557055	0.0	0.0240961	0.00067261	0.03	0.0	1.492	0.04	1.733	0.07	1.733	0.07	0.0411572	0.000109996	2.47093e-05	3.60563e-05	0.21035	0.046599	0.197932	0.0	0.00209112	0.0	0.00102782	0.0017726	1.70729	0.0	0.78666	0.0430739	0.999976	575.694	0.4283	2.63795	0.400694	0.7442	0.0862374	670.759	0.48408	0.60529	0.0773607	0.0746439	-8500.12	4.0	1506.9	-50516.7	4.0	6537.58	1.0	935.153	85.7271	441.007	73.3759	0.320462	0.0504597	1.036	0.0131167	
0.0-2.4	6.5-30.0	40.0-45.0	0.000-1.571	0.008	0.12	1510.0	1509.0	1064.54	56.7726	445.008	43.0111	-0.562075	0.348564	-0.05	0.0	0.441347	0.0	3.09133	0.0	0.0557055	0.0	0.0238284	0.00212964	0.03	0.0	1.492	0.04	1.733	0.07	1.733	0.07	0.04107	0.000345136	2.47093e-05	3.60563e-05	0.27583	0.0597436	0.197932	0.0	0.00209112	0.0	-0.00176606	0.00180321	1.70729	0.0	0.911984	0.0488554	0.940663	2.36898	0.999998	0.108469	0.619285	1.13411	0.00100011	0.860077	0.941645	1.52646	0.727877	3.82556	-3991.06	4.0	388.678	-29012.3	4.0	122.211	1.0	784.374	56.3322	280.164	40.5796	0.263179	0.0354415	1.11536	0.0160201	
0.0-2.4	6.5-30.0	40.0-50.0	0.000-1.571	0.008	0.136	2713.0	2710.0	1950.44	78.7327	760.559	55.3572	-1.09221	0.257962	-0.05	0.0	0.441347	0.0	3.09133	0.0	0.0557055	0.0	0.0257665	0.00176194	0.03	0.0	1.492	0.04	1.733	0.07	1.733	0.07	0.0417186	0.000303969	1.61666e-05	1.68756e-05	0.292146	0.0458655	0.197932	0.0	0.00209112	0.0	-0.00057273	0.0013324	1.70729	0.0	0.817789	0.0381273	0.503924	7.11541	1.0	0.0249112	0.0926873	11.1628	0.0212637	0.134677	0.477789	0.278111	4.71517	327.804	-8081.29	4.0	883.705	-59721.1	4.0	73.8618	1.0	1377.99	78.0455	572.447	59.4217	0.293496	0.0280678	1.05515	0.0118507	
0.0-2.4	6.5-30.0	45.0-50.0	0.000-1.571	0.008	0.136	1202.0	1201.0	890.667	54.6378	310.722	34.2438	-1.92514	0.42612	-0.05	0.0	0.441347	0.0	3.09133	0.0	0.0557055	0.0	0.028507	0.00289742	0.03	0.0	1.492	0.04	1.733	0.07	1.733	0.07	0.0427029	0.00054028	1.61666e-05	1.68756e-05	0.308375	0.0675931	0.197932	0.0	0.00209112	0.0	-0.00334491	0.00204437	1.70729	0.0	0.746203	0.0527873	0.835372	1.45098	0.625373	1.14382	1.26924e-05	70.9737	0.0280863	0.0644414	0.295132	0.104594	0.0256736	0.027253	-4454.74	4.0	489.767	-25495.9	4.0	18.5737	1.0	582.26	54.3784	308.407	45.1566	0.346266	0.0460355	1.0117	0.015614	
0.0-2.4	6.5-30.0	5.0-10.0	0.000-1.571	0.008	0.112	8341.0	8311.0	3833.2	131.913	4477.94	147.735	-0.348071	0.108576	-0.05	0.0	0.441347	0.0	3.09133	0.0	0.0557055	0.0	0.0255965	0.00144135	0.03	0.0	1.492	0.04	1.733	0.07	1.733	0.07	0.0416601	0.000247367	1.67157e-05	3.06522e-05	0.30621	0.0457027	0.197932	0.0	0.00209112	0.0	0.00311915	0.00117807	1.70729	0.0	0.923253	0.0296472	0.246341	28.2357	0.61224	22.9124	1.76573e-07	127.065	0.00582846	0.658216	0.457742	1.83723	0.0868878	0.515436	-14234.7	4.0	3178.87	-245684.0	4.0	674.376	1.0	2745.44	133.525	1087.75	101.507	0.283771	0.0246146	1.12277	0.00977674	
0.0-2.4	6.5-30.0	50.0-100.0	0.000-1.571	0.008	0.088	2499.0	2482.0	2019.95	79.5589	463.164	49.1524	-1.04089	0.386607	-0.05	0.0	0.441347	0.0	3.09133	0.0	0.0557055	0.0	0.0251319	0.00128733	0.03	0.0	1.492	0.04	1.733	0.07	1.733	0.07	0.0415018	0.000217751	2.59256e-05	2.3357e-05	0.340546	0.0789886	0.197932	0.0	0.00209112	0.0	0.00323423	0.00121642	1.70729	0.0	0.842732	0.0419165	0.545042	0.704093	0.999998	570.932	0.000492774	4.08677	0.0127364	0.00782613	0.242419	0.177943	0.0211064	4006.78	-9754.28	4.0	1791.95	-57202.6	4.0	719.995	1.0	1525.15	84.7285	494.793	62.8508	0.244953	0.0295815	1.07078	0.0132299	
0.0-2.4	6.5-30.0	50.0-55.0	0.000-1.571	0.008	0.08	876.0	868.0	696.877	42.5903	171.237	23.0409	-0.679268	0.443767	-0.05	0.0	0.441347	0.0	3.09133	0.0	0.0557055	0.0	0.0264932	0.0023465	0.03	0.0	1.492	0.04	1.733	0.07	1.733	0.07	0.0419721	0.000413719	1.06333e-05	0.0003574	0.257133	0.0750883	0.197932	0.0	0.00209112	0.0	0.00249579	0.00261608	1.70729	0.0	0.897002	0.0735246	0.638425	1.00612	0.944354	9.4557	0.102619	0.871594	0.0358958	0.0176119	0.205221	0.272074	0.0347703	0.0535521	-4101.38	4.0	160.558	-14310.1	4.0	17.8678	1.0	536.906	46.7818	159.971	34.7476	0.229554	0.0478475	1.10557	0.0239232	
0.0-2.4	6.5-30.0	50.0-60.0	0.000-1.571	0.008	0.08	1406.0	1395.0	1138.94	53.2158	256.234	28.5994	-0.772768	0.372365	-0.05	0.0	0.441347	0.0	3.09133	0.0	0.0557055	0.0	0.0269019	0.00177734	0.03	0.0	1.492	0.04	1.733	0.07	1.733	0.07	0.0421171	0.000317108	1.06333e-05	0.0003574	0.233668	0.0457438	0.197932	0.0	0.00209112	0.0	0.00319534	0.00186418	1.70729	0.0	0.856809	0.0507142	0.752048	11.961	0.662339	15.0242	0.000909165	81.4659	0.0217753	0.139439	0.286855	0.227009	0.020002	1.99357	-6426.24	4.0	167.927	-23527.2	4.0	13.0156	1.0	866.462	56.1358	272.474	40.9182	0.239235	0.0341435	1.0797	0.0161395	
0.0-2.4	6.5-30.0	55.0-60.0	0.000-1.571	0.008	0.073	530.0	525.0	442.255	31.8676	82.9604	16.8605	-0.99499	0.702287	-0.05	0.0	0.441347	0.0	3.09133	0.0	0.0557055	0.0	0.0275609	0.00272834	0.03	0.0	1.492	0.04	1.733	0.07	1.733	0.07	0.0423544	0.000495912	1.72071e-05	2.22879e-05	0.203042	0.044327	0.197932	0.0	0.00209112	0.0	0.00457738	0.00251642	1.70729	0.0	0.793907	0.0682951	0.557216	38.5662	0.996632	40.2537	0.00272777	22.8347	0.00563442	2.61104	0.410562	4.85847	0.0200212	172.636	-2357.07	4.0	10.9796	-7144.72	4.0	8.53255	1.0	331.333	31.2827	110.921	21.7366	0.250808	0.0457062	1.04042	0.0208993	
0.0-2.4	6.5-30.0	60.0-100.0	0.000-1.571	0.008	0.088	1092.0	1084.0	877.699	58.9372	206.314	39.4879	-1.38367	0.827326	-0.05	0.0	0.441347	0.0	3.09133	0.0	0.0557055	0.0	0.0226071	0.00178874	0.03	0.0	1.492	0.04	1.733	0.07	1.733	0.07	0.0406825	0.000277649	2.59256e-05	2.3357e-05	0.459785	0.199083	0.197932	0.0	0.00209112	0.0	0.00293405	0.00160408	1.70729	0.0	0.788807	0.0570364	0.562583	0.35056	0.999998	17.4787	8.67651e-07	0.0825838	0.0184383	0.074815	0.209646	0.0666822	0.020262	2882.17	-4040.39	4.0	1580.04	-28557.0	4.0	832.032	1.0	640.724	59.9784	236.975	44.7161	0.269996	0.0476119	1.0373	0.0173939	
0.0-2.4	6.5-30.0	60.0-70.0	0.000-1.571	0.008	0.088	733.0	726.0	591.461	52.0702	135.39	36.5367	-1.68329	1.35791	-0.05	0.0	0.441347	0.0	3.09133	0.0	0.0557055	0.0	0.0206263	0.00176107	0.03	0.0	1.492	0.04	1.733	0.07	1.733	0.07	0.0400902	0.000253088	2.59256e-05	2.3357e-05	0.53453	0.34658	0.197932	0.0	0.00209112	0.0	0.00217444	0.00281568	1.70729	0.0	0.82108	0.0932245	0.424783	185.745	0.99999	25533.4	2.36547e-05	18377.4	0.0079961	0.680167	0.240472	45.3923	0.0202708	195226.0	-2650.25	4.0	107682.0	-21128.4	4.0	1070.38	1.0	417.439	53.8511	174.022	42.2386	0.294224	0.066551	1.0572	0.0290362	
0.0-2.4	6.5-30.0	70.0-100.0	0.000-1.571	0.016	0.073	358.0	355.0	284.885	27.6931	70.4877	14.5951	-0.850231	0.68596	-0.05	0.0	0.441347	0.0	3.09133	0.0	0.0557055	0.0	0.027113	0.00486358	0.03	0.0	1.492	0.04	1.733	0.07	1.733	0.07	0.0421927	0.000872991	1.00217e-05	0.000162887	0.283891	0.123225	0.197932	0.0	0.00209112	0.0	0.00293403	0.00359031	1.70729	0.0	0.826013	0.0910383	0.802209	0.909724	1.0	4.03845	4.64492e-08	15.8103	0.0443319	0.235807	0.16103	0.283231	0.349319	53.0885	-1652.39	4.0	87.1333	-5269.9	4.0	23.7489	1.0	219.097	28.3512	65.7885	19.7758	0.23093	0.065687	1.06028	0.0284428	
0.0-2.4	6.5-7.5	0.0-100.0	0.000-1.571	0.016	0.16	18361.0	18358.0	7572.71	304.749	10785.6	330.151	-0.0887154	0.0791694	-0.05	0.0	0.356833	0.231105	3.09005	0.0011331	0.0666866	0.0271505	0.0284249	0.00468807	0.03	0.0	1.492	0.04	1.733	0.07	1.733	0.07	0.045897	0.00709996	3.66049e-05	0.000137318	0.234106	0.0258874	0.380238	0.138046	0.00427683	0.00352717	0.00289254	0.00113456	1.5828	0.116516	0.869168	0.022156	0.532732	276.173	0.84211	57.3632	0.597353	11.8896	0.0622132	14.3233	0.148838	87.1495	0.64937	16.9768	-63034.4	4.0	4187.04	-686985.0	7.0	691.384	1.0	5844.87	282.937	1727.83	171.935	0.228166	0.020765	1.19197	0.0587963	
0.0-2.4	6.5-8.0	0.0-100.0	0.000-1.571	0.016	0.16	24568.0	24563.0	10867.3	307.587	13696.1	325.747	-0.152605	0.0671137	-0.05	0.0	0.372728	0.177161	3.09059	0.000905943	0.0634779	0.0161603	0.0277688	0.00375172	0.03	0.0	1.492	0.04	1.733	0.07	1.733	0.07	0.0445598	0.00435255	2.57968e-05	9.0559e-05	0.281493	0.0311793	0.307488	0.0880482	0.00439684	0.00310131	0.00316693	0.000863263	1.63221	0.0944826	0.899098	0.0180353	0.535026	24.8131	0.874377	3.3532	0.591509	10.6639	0.0626914	2.72402	0.186375	3.40901	0.538219	17.8571	-74539.6	4.0	9845.49	-898115.0	7.0	642.457	1.0	8304.51	302.705	2562.79	204.068	0.235826	0.0175518	1.17431	0.0405035	
0.0-2.4	6.5-8.5	0.0-100.0	0.000-1.571	0.016	0.16	29320.0	29285.0	13611.1	1003.91	15674.6	1017.39	-0.180128	0.107904	-0.05	0.0	0.451666	0.68507	3.09037	0.00118794	0.0576299	0.0498913	0.0256626	0.0136977	0.03	0.0	1.492	0.04	1.733	0.07	1.733	0.07	0.0431415	0.0152158	2.24999e-05	6.2246e-05	0.309893	0.0408309	0.244453	0.0703637	0.00606182	0.00301279	0.00361539	0.000758066	1.69089	0.0957886	0.937896	0.0162558	0.514643	0.369812	0.888343	0.207272	0.589778	0.276548	0.0596878	0.0586587	0.231012	0.0993761	0.45872	1.09304	-39518.6	4.0	56830.0	-1129530.0	7.0	930640.0	1.0	10441.0	810.14	3170.15	343.454	0.232909	0.018483	1.1677	0.0346547	
0.0-2.4	7.5-8.5	0.0-100.0	0.000-1.571	0.008	0.184	10958.0	10958.0	6069.0	262.132	4889.52	249.777	-0.402713	0.112309	-0.05	0.0	0.58355	0.487531	3.09052	0.000933408	0.049966	0.0235137	0.0217347	0.01058	0.03	0.0	1.492	0.04	1.733	0.07	1.733	0.07	0.0406648	0.0085118	3.64523e-05	0.000133371	0.418816	0.12438	0.180395	0.0713788	0.00786448	0.00437943	0.0038136	0.00111001	1.76532	0.139846	0.926832	0.0269002	0.493737	0.373007	0.906939	0.131751	0.437535	0.379122	0.0455787	0.0319124	0.23203	0.0524787	0.408887	0.631148	13956.5	4.0	32482.3	-372125.0	7.0	2691810.0	1.0	4551.37	273.915	1517.63	201.696	0.250063	0.0314297	1.12527	0.0418982	
0.0-2.4	8.0-10.0	0.0-100.0	0.000-1.571	0.008	0.184	13118.0	13118.0	8210.69	641.262	4908.09	620.077	-0.360454	0.196164	-0.05	0.0	0.467568	0.692168	3.09188	0.00102191	0.0556683	0.0510785	0.0233733	0.0142201	0.03	0.0	1.492	0.04	1.733	0.07	1.733	0.07	0.0417114	0.0160775	2.86287e-05	7.39866e-05	0.356999	0.0561898	0.101319	0.038551	0.00371713	0.00401088	0.00294811	0.000783232	1.94164	0.153292	0.97435	0.0195748	0.586806	0.72091	0.95273	0.0921034	0.47296	0.616733	0.0436026	0.0505067	0.304479	0.0826835	1.05669	6.96137	16624.8	4.0	49319.1	-402674.0	7.0	16748.7	1.0	5877.23	489.145	2333.46	248.556	0.284198	0.020585	1.11137	0.0290143	
0.0-2.4	8.5-9.5	0.0-100.0	0.000-1.571	0.008	0.12	6136.0	6127.0	3947.92	150.884	2179.67	135.981	-0.337332	0.140694	-0.05	0.0	0.232131	0.184551	3.0934	0.00098917	0.0764893	0.0450646	0.0285194	0.00475933	0.03	0.0	1.492	0.04	1.733	0.07	1.733	0.07	0.0445271	0.00906083	3.2051e-05	0.000103207	0.312956	0.0406572	0.0787498	0.0409311	0.00669735	0.00605873	0.00123984	0.000982982	2.08685	0.243496	0.969102	0.0254456	0.686864	1.45815	0.831319	3.27626	0.434598	1.06486	0.0499391	0.0846804	0.284703	0.164311	0.0446331	0.133141	-11288.5	4.0	3583.64	-134098.0	7.0	404.921	1.0	2712.81	135.951	1235.11	99.8064	0.312851	0.0222745	1.09916	0.0380705	
0.0-2.4	9.5-11.0	0.0-100.0	0.000-1.571	0.008	0.136	5258.0	5256.0	3620.05	149.368	1636.4	132.9	-0.500979	0.165936	-0.05	0.0	0.363312	0.276594	3.09126	0.0009606	0.0606636	0.0286706	0.0251366	0.00573821	0.03	0.0	1.492	0.04	1.733	0.07	1.733	0.07	0.041705	0.00765534	5.20639e-05	9.66049e-05	0.337191	0.0515464	0.492672	0.116015	-0.000315795	0.00154696	0.00100727	0.0011015	1.43747	0.0670787	0.671205	0.0309243	0.966332	0.0683657	0.472534	0.594424	0.197818	0.968134	0.292272	0.471654	0.364829	0.109837	0.0401734	0.0538511	-8797.03	4.0	3772.93	-107438.0	7.0	336.523	1.0	2582.8	130.498	1037.25	86.6272	0.28653	0.0208054	1.1165	0.0472934	
0.4-0.8	6.5-30.0	0.0-100.0	0.000-1.571	0.008	0.073	6193.0	6193.0	4011.56	283.703	2182.49	262.593	-0.00891017	0.301697	-0.05	0.0	0.741827	0.294956	3.09266	0.00119107	0.0201421	0.00482615	0.0595231	0.0652231	0.03	0.0	1.492	0.04	1.733	0.07	1.733	0.07	0.0348664	0.0144106	1.74651e-05	0.000239484	0.491624	0.152505	0.117942	0.0622417	-0.00405725	0.00414574	-0.000564708	0.00120341	1.86917	0.210931	0.959555	0.0348876	0.740644	0.216689	0.865318	0.294203	0.477654	0.179464	0.0671815	0.105469	0.216324	0.0307495	1.32691	9.41939	16777.3	4.0	32576.6	-364241.0	7.0	2993060.0	1.0	2556.34	229.866	1455.21	175.344	0.362755	0.0353889	1.10644	0.0439209	
0.8-1.2	6.5-30.0	0.0-100.0	0.000-1.571	0.008	0.105	8642.0	8638.0	4803.27	141.945	3834.91	134.888	-0.121771	0.106236	-0.05	0.0	0.244358	0.272258	3.09148	0.000943135	0.0514475	0.0204606	0.0286336	0.00344288	0.03	0.0	1.492	0.04	1.733	0.07	1.733	0.07	0.0355854	0.00376268	1.45333e-05	7.48505e-05	0.296074	0.0338357	0.403107	0.16806	0.0021768	0.00196872	0.00205711	0.00101337	1.46305	0.101114	0.789544	0.0289288	0.518438	0.184664	0.92867	0.201151	0.507527	0.259216	0.0524345	0.0326677	0.212388	0.127714	0.40062	1.52427	-28452.5	4.0	2130.4	-214979.0	7.0	63.0712	1.0	3463.97	134.926	1339.31	96.3983	0.278832	0.0182997	1.11128	0.0636214	
1.2-1.6	6.5-30.0	0.0-10.0	0.000-1.571	0.008	0.136	4604.0	4600.0	1990.9	101.233	2609.24	116.538	-0.110007	0.124502	-0.05	0.0	0.145091	0.0	3.09052	0.0	0.117065	0.0	0.0365072	0.00187116	0.03	0.0	1.492	0.04	1.733	0.07	1.733	0.07	0.0559264	0.000522109	1.03021e-05	0.137313	0.32482	0.0742171	0.0999774	0.0	0.00921681	0.0	0.00505115	0.00142354	2.02628	0.0	0.887638	0.0367028	0.420706	1.3837	0.481547	0.650556	0.264432	1.41183	0.019904	0.116436	0.476783	0.477401	0.0829304	0.041385	-440.382	4.0	2648.35	-120309.0	4.0	939.835	1.0	1406.86	103.06	584.031	79.9112	0.293351	0.0372638	1.05812	0.0138555	
1.2-1.6	6.5-30.0	0.0-100.0	0.000-1.571	0.008	0.136	11433.0	11421.0	6155.23	498.376	5265.62	506.858	-0.293068	0.117853	-0.05	0.0	0.145091	0.061053	3.09052	0.000990979	0.117065	0.123486	0.0364804	0.0032042	0.03	0.0	1.492	0.04	1.733	0.07	1.733	0.07	0.0559113	0.0187779	1.03021e-05	0.137313	0.284316	0.0302905	0.0999774	0.0369937	0.00921681	0.0152857	0.00364288	0.000798367	2.02628	0.173102	0.953321	0.0200353	0.509217	52.5409	0.587642	26.8033	0.368945	34.5759	0.0257463	1.06931	0.385594	1.12522	0.0866449	0.903947	-16650.6	4.0	3850.48	-274573.0	7.0	924.595	1.0	4508.82	381.624	1646.41	173.585	0.267481	0.0180627	1.10835	0.0319694	
1.2-1.6	6.5-30.0	10.0-20.0	0.000-1.571	0.008	0.128	2601.0	2595.0	1389.98	65.5625	1205.32	62.6416	-0.349484	0.16738	-0.05	0.0	0.145091	0.0	3.09052	0.0	0.117065	0.0	0.0394573	0.00212774	0.03	0.0	1.492	0.04	1.733	0.07	1.733	0.07	0.0576138	0.000622889	1.05393e-05	0.000462059	0.219578	0.0315129	0.0999774	0.0	0.00921681	0.0	0.00265163	0.00168951	2.02628	0.0	1.03761	0.0416245	0.601316	0.000265093	1.0	62.5979	0.628408	0.000169432	0.0992344	6.85502e-05	0.205695	0.000149952	0.139832	401.988	-6966.35	4.0	175.866	-41521.2	4.0	8.78741	1.0	965.107	67.0709	424.874	53.1777	0.305669	0.0354372	1.17451	0.0165481	
1.2-1.6	6.5-30.0	20.0-30.0	0.000-1.571	0.008	0.105	1882.0	1878.0	1140.67	58.9525	738.064	48.8046	-0.236441	0.211515	-0.05	0.0	0.145091	0.0	3.09052	0.0	0.117065	0.0	0.0344537	0.00196366	0.03	0.0	1.492	0.04	1.733	0.07	1.733	0.07	0.0548013	0.000527717	2.15115e-05	5.46744e-05	0.293029	0.0674627	0.0999774	0.0	0.00921681	0.0	0.000255981	0.00166931	2.02628	0.0	0.955202	0.0397617	0.480909	1.63815	0.811615	5.78529	0.337109	1.06094	0.0277495	0.0238744	0.153839	0.0912311	0.0273274	0.0188814	-6125.87	4.0	393.196	-30823.1	4.0	18.8327	1.0	849.284	61.4017	291.384	45.5012	0.25545	0.0376418	1.10981	0.0154005	
1.2-1.6	6.5-30.0	30.0-40.0	0.000-1.571	0.008	0.12	1146.0	1139.0	680.775	48.0629	458.607	47.5674	-0.35393	0.320155	-0.05	0.0	0.145091	0.0	3.09052	0.0	0.117065	0.0	0.0361763	0.00263218	0.03	0.0	1.492	0.04	1.733	0.07	1.733	0.07	0.0557423	0.000730205	1.02701e-05	1.42054	0.24071	0.0782648	0.0999774	0.0	0.00921681	0.0	0.00528286	0.00224202	2.02628	0.0	0.902422	0.0569923	0.945275	1.77998	0.526537	1.54499	0.273423	0.245519	0.0985066	0.119161	0.56376	0.739181	0.0636505	0.140426	-1767.34	4.0	154.659	-19662.1	4.0	227.959	1.0	549.067	50.0352	131.708	32.9744	0.193468	0.0464708	1.06932	0.0216443	
1.2-1.6	6.5-30.0	40.0-50.0	0.000-1.571	0.016	0.064	611.0	599.0	460.547	36.9648	138.767	26.6275	-2.7235	1.26322	-0.05	0.0	0.145091	0.0	3.09052	0.0	0.117065	0.0	0.0366805	0.00323102	0.03	0.0	1.492	0.04	1.733	0.07	1.733	0.07	0.0560232	0.000904267	1.70248e-05	0.000290648	0.29012	0.0850019	0.0999774	0.0	0.00921681	0.0	-0.00350658	0.00289608	2.02628	0.0	1.00222	0.0843616	0.582502	2.5233	0.948216	0.264501	0.0001717	115.58	0.00604086	0.0228842	0.299256	0.171486	0.105354	0.168749	-1813.01	4.0	87.2236	-8406.93	4.0	10.2204	1.0	339.555	36.7142	120.992	26.4476	0.262713	0.0534152	1.14652	0.0331855	
1.2-1.6	6.5-30.0	50.0-100.0	0.000-1.571	0.016	0.073	586.0	581.0	480.199	35.0044	101.169	19.1086	-1.67021	0.709391	-0.05	0.0	0.145091	0.0	3.09052	0.0	0.117065	0.0	0.0341207	0.00227729	0.03	0.0	1.492	0.04	1.733	0.07	1.733	0.07	0.0546229	0.000608066	1.14193e-05	0.000494472	0.31843	0.111097	0.0999774	0.0	0.00921681	0.0	0.00543031	0.00283838	2.02628	0.0	0.964167	0.0755496	0.863741	13.6744	0.616141	11.5925	9.60904e-06	46.291	0.0211456	0.144086	0.313394	0.169955	0.020012	12.7346	-2025.89	4.0	156.289	-8650.4	4.0	2.89218	1.0	366.031	36.5278	114.167	26.2984	0.23775	0.0519511	1.11677	0.0293526	
1.6-2.0	6.5-30.0	0.0-100.0	0.000-1.571	0.008	0.16	11954.0	11923.0	5995.01	203.014	5928.4	209.779	-0.484794	0.0927029	-0.05	0.0	0.23014	0.234046	3.08965	0.00128423	0.0876129	0.0430832	0.0399277	0.0057788	0.03	0.0	1.492	0.04	1.733	0.07	1.733	0.07	0.0547164	0.00810245	1.05212e-05	1.333	0.268702	0.0271749	0.352951	0.0860114	0.000933856	0.00217292	0.00459039	0.00106659	1.59661	0.0857668	0.927648	0.0235673	0.710547	0.209142	0.855559	0.299465	0.649811	0.118801	0.0648494	0.0519611	0.234387	0.0496756	0.436083	0.820792	-27927.6	4.0	1024.81	-276896.0	7.0	361.287	1.0	4674.05	187.938	1320.95	110.765	0.220343	0.0169024	1.20687	0.0366127	
1.6-2.4	3.0-30.0	0.0-100.0	0.000-1.571	0.008	0.264	179065.0	179056.0	34942.8	860.023	144114.0	1241.38	0.0221288	0.0256817	-0.05	0.0	0.0537392	0.0714811	3.0903	0.000932129	0.0175673	0.00771995	0.0526093	0.00366779	0.03	0.0	1.89	0.19	1.44	0.32	1.44	0.32	0.0513379	0.00177974	2.36546e-05	4.62758e-05	0.284584	0.025158	0.355594	0.0730674	0.00274748	0.0018247	0.00828069	0.000719337	1.59365	0.0691909	0.903979	0.0088194	0.303422	624.651	0.901461	80.8532	0.34504	969.538	0.00100512	11.2592	0.137668	21.0746	0.795133	489.782	-281815.0	4.0	31166.9	-12804100.0	7.0	12934.5	1.0	28824.0	883.088	6118.7	547.026	0.175107	0.01505	1.1957	0.0310799	
1.6-2.4	3.0-4.5	0.0-100.0	0.000-1.571	0.016	0.264	110866.0	110861.0	15029.8	735.601	95831.4	1107.12	0.241043	0.0335024	-0.05	0.0	0.059115	0.0628842	3.0892	0.00208463	0.0138505	0.00765922	0.0559772	0.00503144	0.03	0.0	1.86	0.19	1.38	0.32	1.38	0.32	0.0544018	0.00243623	4.04496e-05	0.00458068	0.29384	0.060431	0.30075	0.291762	-0.00999977	0.00417148	0.0078249	0.000968745	1.6808	0.353874	0.886023	0.0117259	0.999999	0.503367	0.824456	0.00101052	0.671891	0.00107603	0.0010342	152.439	0.102013	0.000305932	1.53223	0.0837817	-204787.0	4.0	30640.6	-9365920.0	7.0	5742.19	1.0	12852.6	798.194	2177.16	502.764	0.144857	0.0326913	1.18262	0.146837	
1.6-2.4	3.0-5.5	0.0-100.0	0.000-1.571	0.016	0.264	145709.0	145700.0	22052.4	895.19	123650.0	1314.29	0.105025	0.0304214	-0.05	0.0	0.0699285	0.071075	3.08972	0.00154163	0.0200001	0.000823089	0.0545373	0.00483667	0.03	0.0	1.86	0.19	1.38	0.32	1.38	0.32	0.0528611	0.00232057	7.85643e-05	0.00045627	0.301425	0.0462859	0.0303489	0.0401161	-0.00999982	0.0183667	0.00930529	0.000861987	2.51883	0.855689	1.10041	0.00835611	0.309959	1971.57	0.899368	1910.46	0.33564	13799.2	0.00353542	5204.16	0.123842	79.2015	0.80995	2362.81	-222036.0	4.0	43894.5	-11407300.0	7.0	119102.0	1.0	18621.9	921.949	3430.47	545.844	0.15556	0.0239331	1.16906	0.0523139	
1.6-2.4	3.0-6.5	0.0-10.0	0.000-1.571	0.016	0.264	77237.0	77229.0	9170.05	468.721	68059.8	837.136	0.0575526	0.0392673	-0.05	0.0	0.0438502	0.0	3.09048	0.0	0.0155498	0.0	0.0531864	0.00284381	0.03	0.0	1.86	0.19	1.38	0.32	1.38	0.32	0.052109	0.00138766	1.10324e-05	0.0465138	0.293566	0.0855691	0.306676	0.0	-0.00606766	0.0	0.01	0.000660856	1.65447	0.0	0.942169	0.0149144	0.999999	1870.96	0.72687	0.482207	0.751741	1.5947	0.00157662	264199.0	0.15313	1.49986	1.08701	1.25308	11610.1	4.0	6918320.0	-6027630.0	4.0	4609.01	1.0	7646.13	586.46	1523.92	444.137	0.166185	0.0476827	1.2062	0.00403854	
1.6-2.4	3.0-6.5	0.0-100.0	0.000-1.571	0.016	0.264	162872.0	162864.0	26978.3	785.28	135886.0	1193.94	0.0515861	0.0269162	-0.05	0.0	0.0438502	0.0563992	3.09048	0.00122105	0.0155498	0.00744924	0.053179	0.00338901	0.03	0.0	1.86	0.19	1.38	0.32	1.38	0.32	0.0521018	0.00165441	1.10324e-05	0.0465138	0.295697	0.0371588	0.306676	0.207312	-0.00606766	0.0158233	0.00962437	0.00109217	1.65447	0.204252	0.918581	0.00913889	0.999983	10375.9	0.768749	7.41816	0.741871	35.2709	0.0013315	581102.0	0.12692	21.2074	0.938351	28.0625	-250699.0	4.0	37306.9	-12201300.0	7.0	7822.71	1.0	22575.3	859.319	4402.96	568.373	0.163204	0.0205253	1.19351	0.0930143	
1.6-2.4	3.0-6.5	0.0-20.0	0.000-1.571	0.016	0.264	127148.0	127139.0	17249.9	656.009	109890.0	1074.59	0.0651662	0.0310652	-0.05	0.0	0.0438502	0.0	3.09048	0.0	0.0155498	0.0	0.0532729	0.00216927	0.03	0.0	1.86	0.19	1.38	0.32	1.38	0.32	0.0521934	0.00105852	1.10324e-05	0.0465138	0.291972	0.0536466	0.306676	0.0	-0.00606766	0.0	0.01	0.00132654	1.65447	0.0	0.926659	0.0106806	1.0	11793.0	0.76447	1.34652	0.741743	6.04899	0.00101398	2247830.0	0.127912	3.86752	0.984518	4.5157	-202193.0	4.0	47258.3	-10082500.0	4.0	3453.71	1.0	14588.3	739.481	2661.57	499.285	0.154295	0.0283432	1.19784	0.00286434	
1.6-2.4	3.0-6.5	10.0-20.0	0.000-1.571	0.016	0.209	49910.0	49867.0	8108.64	461.286	41759.3	674.681	0.0819962	0.0509664	-0.05	0.0	0.0438502	0.0	3.09048	0.0	0.0155498	0.0	0.0536642	0.00335981	0.03	0.0	1.86	0.19	1.38	0.32	1.38	0.32	0.0525753	0.00163951	2.44459e-05	0.000226863	0.272424	0.0585854	0.306676	0.0	-0.00606766	0.0	0.00999999	6.39747	1.65447	0.0	0.911421	0.0170288	1.0	44.5515	0.839598	3.29468	0.741357	5.59029	0.00179808	361.991	0.110917	0.123962	0.848559	5.07208	-228601.0	4.0	2272.47	-3438010.0	4.0	491.148	1.0	6969.2	480.328	1139.45	278.805	0.140523	0.0334414	1.1897	0.00452243	
1.6-2.4	3.0-6.5	20.0-30.0	0.000-1.571	0.016	0.192	19620.0	19616.0	4067.61	253.436	15548.3	361.359	-0.0320503	0.0653054	-0.05	0.0	0.0438502	0.0	3.09048	0.0	0.0155498	0.0	0.0551478	0.00331393	0.03	0.0	1.86	0.19	1.38	0.32	1.38	0.32	0.0540233	0.00161728	3.37661e-05	0.00022371	0.26599	0.0427087	0.306676	0.0	-0.00606766	0.0	0.00719683	0.00142618	1.65447	0.0	0.879653	0.0217013	0.287479	63.3396	0.935147	13.6178	0.0313684	437.271	0.00540832	1.18564	0.0957467	0.245422	0.899055	4.72887	-18799.1	4.0	252.47	-891589.0	4.0	2482.41	1.0	3275.99	245.162	791.618	144.481	0.194615	0.0333859	1.17301	0.0056416	
1.6-2.4	3.0-6.5	20.0-40.0	0.000-1.571	0.016	0.192	29208.0	29198.0	6703.25	294.062	22495.1	415.306	0.00470766	0.0550251	-0.05	0.0	0.0438502	0.0	3.09048	0.0	0.0155498	0.0	0.0527507	0.00234555	0.03	0.0	1.86	0.19	1.38	0.32	1.38	0.32	0.0516838	0.0011445	3.37661e-05	0.00022371	0.270635	0.0366789	0.306676	0.0	-0.00606766	0.0	0.00535535	0.00120535	1.65447	0.0	0.880259	0.0175611	0.271489	914.031	0.945652	187.087	5.91804e-05	11240.1	0.00215056	34.0148	0.101823	44.3855	0.709498	363.98	-52619.6	4.0	515.808	-1339120.0	4.0	1424.88	1.0	5437.1	298.278	1266.15	187.521	0.188886	0.0267192	1.17332	0.00456722	
1.6-2.4	3.0-6.5	30.0-40.0	0.000-1.571	0.016	0.152	9587.0	9511.0	2607.64	154.984	6903.45	208.787	0.114129	0.104477	-0.05	0.0	0.0438502	0.0	3.09048	0.0	0.0155498	0.0	0.0480398	0.00302734	0.03	0.0	1.86	0.19	1.38	0.32	1.38	0.32	0.0470874	0.00147657	2.09228e-05	0.00043611	0.303822	0.0807152	0.306676	0.0	-0.00606766	0.0	0.00607365	0.00203694	1.65447	0.0	0.874359	0.0300959	0.996879	48.8854	0.801791	0.294622	0.730915	6.91547	0.00107893	104.292	0.135352	1.15294	0.163706	2.2752	-40869.3	4.0	356.984	-354881.0	4.0	174.681	1.0	2153.45	172.273	454.193	118.429	0.174178	0.0442206	1.17026	0.0077951	
1.6-2.4	3.0-6.5	40.0-100.0	0.000-1.571	0.016	0.168	6516.0	6513.0	3018.94	140.137	3494.05	151.909	-0.0547069	0.129591	-0.05	0.0	0.0438502	0.0	3.09048	0.0	0.0155498	0.0	0.0528342	0.00308299	0.03	0.0	1.86	0.19	1.38	0.32	1.38	0.32	0.0517653	0.00150433	3.29575e-05	0.000302831	0.342553	0.123025	0.306676	0.0	-0.00606766	0.0	0.00999999	0.445618	1.65447	0.0	0.835342	0.0298096	0.999927	245761.0	0.761666	43178.2	0.781687	33493.6	0.00100418	498676.0	0.373375	11529.6	0.264207	11118.2	-4862.79	4.0	8465.16	-222833.0	4.0	460.223	1.0	2500.86	169.52	518.079	125.853	0.17161	0.0409195	1.15033	0.00750421	
1.6-2.4	3.0-6.5	40.0-50.0	0.000-1.571	0.016	0.145	3819.0	3756.0	1546.66	100.573	2210.19	110.264	0.0417965	0.178236	-0.05	0.0	0.0438502	0.0	3.09048	0.0	0.0155498	0.0	0.0524555	0.00520727	0.03	0.0	1.86	0.19	1.38	0.32	1.38	0.32	0.0513958	0.0025408	2.68027e-05	0.46819	0.418396	0.269472	0.306676	0.0	-0.00606766	0.0	0.00220712	0.00315994	1.65447	0.0	0.66092	0.0465014	0.686904	0.818333	0.903806	0.0668269	9.37299e-06	10.2185	0.0184965	0.0116699	0.052386	0.0220194	0.318952	0.186076	-4282.83	4.0	4996.49	-119115.0	4.0	698.57	1.0	1207.63	145.515	339.025	124.475	0.219199	0.079208	1.06879	0.00996848	
1.6-2.4	3.0-6.5	50.0-100.0	0.000-1.571	0.016	0.168	2696.0	2696.0	1495.89	86.4128	1200.54	80.4943	0.0049171	0.220465	-0.05	0.0	0.0438502	0.0	3.09048	0.0	0.0155498	0.0	0.0542864	0.00304087	0.03	0.0	1.86	0.19	1.38	0.32	1.38	0.32	0.0531826	0.00148394	3.29575e-05	0.000302831	0.324319	0.0911765	0.306676	0.0	-0.00606766	0.0	0.00353078	0.00341289	1.65447	0.0	0.832413	0.0438618	0.998679	18.8924	0.758663	0.834052	0.671621	1.05561	0.00100045	20.5609	0.184727	0.0901292	0.26287	0.283376	-11091.1	4.0	152.769	-69176.7	4.0	28.5423	1.0	1245.65	96.0978	250.238	65.3137	0.167284	0.0425793	1.14885	0.0110171	
1.6-2.4	4.5-5.5	0.0-100.0	0.000-1.571	0.016	0.192	34842.0	34811.0	7243.06	1862.19	27568.5	1979.32	-0.36504	0.106789	-0.05	0.0	0.566576	10.456	3.0902	0.00363294	0.0414143	0.170341	0.0643454	0.445302	0.03	0.0	1.86	0.19	1.38	0.32	1.38	0.32	0.0525954	0.124025	6.47859e-05	0.000417763	0.304636	0.064011	0.00904143	0.0167101	-0.00999986	0.0162899	0.00938948	0.00183692	3.71443	3.4468	1.1627	0.0144065	0.999991	1151.89	0.535589	3.73142	0.804929	1.33177	0.00138571	8269.52	0.279481	1.50864	0.221829	1.11493	-37874.4	4.0	12957.1	-1570390.0	7.0	22342.6	1.0	5849.52	1524.31	1393.54	436.06	0.192397	0.0343177	1.21012	0.064656	
1.6-2.4	5.5-6.5	0.0-100.0	0.000-1.571	0.016	0.168	17163.0	17137.0	5042.01	235.761	12095.9	293.102	-0.487229	0.0718343	-0.05	0.0	0.0389076	0.346903	3.0933	0.00206877	0.0256718	0.0606784	0.0515816	0.00923179	0.03	0.0	1.86	0.19	1.38	0.32	1.38	0.32	0.0508211	0.004542	1.17885e-05	0.00076077	0.242446	0.0370528	0.629208	0.099315	-0.00318522	0.00429654	0.01	0.00101507	1.49264	0.0754895	0.718601	0.0256024	0.999991	35935.9	0.532149	132.775	0.730201	56.8154	0.0010141	221778.0	0.312781	45.5128	0.121859	16.4332	-34691.2	4.0	1029.5	-543613.0	7.0	586.649	1.0	4120.6	231.27	921.405	134.974	0.182746	0.0253693	1.26227	0.0439255	
1.6-2.4	6.5-30.0	0.0-10.0	0.000-1.571	0.008	0.184	6384.0	6384.0	2742.31	117.184	3642.15	130.329	-0.46728	0.114469	-0.05	0.0	0.275476	0.0	3.08949	0.0	0.0906539	0.0	0.0408612	0.00220138	0.03	0.0	1.492	0.04	1.733	0.07	1.733	0.07	0.0589372	0.000552892	3.57761e-05	7.18959e-05	0.309128	0.0589077	0.337019	0.0	0.00343684	0.0	0.00383491	0.00171786	1.60396	0.0	1.0507	0.0367288	0.340278	14.5587	0.740515	8.4422	0.414015	17.7096	0.0010291	3.17382	0.324193	0.47741	0.194187	0.227171	-11736.4	4.0	563.089	-160376.0	4.0	107.463	1.0	2239.62	119.674	502.689	74.9953	0.183309	0.0262017	1.2645	0.0101167	
1.6-2.4	6.5-30.0	0.0-100.0	0.000-1.571	0.008	0.152	16192.0	16155.0	8383.84	189.999	7771.68	192.904	-0.504087	0.0767752	-0.05	0.0	0.275476	0.0887717	3.08949	0.00111747	0.0906539	0.0100002	0.040808	0.00249826	0.03	0.0	1.492	0.04	1.733	0.07	1.733	0.07	0.0589105	0.00221038	1.37144e-05	0.000327844	0.256905	0.0209843	0.337019	0.0765519	0.00343684	0.00197833	0.00346262	0.000878319	1.60396	0.0792233	0.889959	0.0193229	0.737486	2.11464	0.858523	0.349376	0.648601	0.579502	0.0667953	0.408851	0.226856	0.132003	0.364141	0.755117	-43866.8	4.0	1048.03	-398387.0	7.0	56.2893	1.0	6527.22	190.721	1856.62	127.529	0.221452	0.0143596	1.17989	0.0344511	
1.6-2.4	6.5-30.0	10.0-20.0	0.000-1.571	0.008	0.16	4078.0	4078.0	2044.13	88.6827	2034.69	87.9595	-0.440237	0.139712	-0.05	0.0	0.275476	0.0	3.08949	0.0	0.0906539	0.0	0.0431711	0.0024113	0.03	0.0	1.492	0.04	1.733	0.07	1.733	0.07	0.0601184	0.000627277	3.34301e-05	6.81326e-05	0.219816	0.0292385	0.337019	0.0	0.00343684	0.0	0.00324764	0.00183509	1.60396	0.0	0.891716	0.0390789	0.562577	1.20487	0.86776	0.300869	0.440842	1.05479	0.0188027	0.0335389	0.136973	0.0289259	0.257157	0.126165	-13769.8	4.0	63.335	-80330.5	4.0	4.84265	1.0	1580.65	90.4592	463.473	62.3266	0.226734	0.0288603	1.18077	0.00978306	
1.6-2.4	6.5-30.0	20.0-30.0	0.000-1.571	0.008	0.152	2554.0	2554.0	1449.37	71.1492	1105.47	66.405	-0.618476	0.206818	-0.05	0.0	0.275476	0.0	3.08949	0.0	0.0906539	0.0	0.038058	0.00220126	0.03	0.0	1.492	0.04	1.733	0.07	1.733	0.07	0.0575613	0.000527243	1.37144e-05	0.000327844	0.286781	0.0543472	0.337019	0.0	0.00343684	0.0	0.00450389	0.0017609	1.60396	0.0	0.74719	0.0412228	0.589038	0.490476	0.801803	0.470323	0.570644	0.540922	0.0415329	0.0430952	0.151017	0.0884859	0.697461	2.04998	-6063.54	4.0	266.483	-48750.7	4.0	130.207	1.0	1100.4	71.6691	348.97	50.1193	0.240774	0.0324974	1.11229	0.00917958	
1.6-2.4	6.5-30.0	30.0-40.0	0.000-1.571	0.008	0.12	1559.0	1557.0	984.845	56.1054	572.174	46.8314	-0.686484	0.264022	-0.05	0.0	0.275476	0.0	3.08949	0.0	0.0906539	0.0	0.0393337	0.00293532	0.03	0.0	1.492	0.04	1.733	0.07	1.733	0.07	0.0581793	0.000718909	2.16233e-05	4.66746e-05	0.198194	0.03247	0.337019	0.0	0.00343684	0.0	0.00104989	0.00234711	1.60396	0.0	0.783932	0.0504603	0.364	14.5392	0.98124	84.402	0.260167	29.3756	0.00100302	0.299768	0.302159	2.83674	0.0200007	483.126	-5395.91	4.0	50.124	-26108.4	4.0	7.01069	1.0	689.361	57.4944	295.484	45.2401	0.300031	0.0426379	1.12893	0.0116154	
1.6-2.4	6.5-30.0	40.0-50.0	0.000-1.571	0.008	0.136	859.0	857.0	575.064	40.3135	282.86	30.933	-1.05624	0.366355	-0.05	0.0	0.275476	0.0	3.08949	0.0	0.0906539	0.0	0.0395989	0.0034893	0.03	0.0	1.492	0.04	1.733	0.07	1.733	0.07	0.0583096	0.000858429	2.39456e-05	0.218028	0.241886	0.0630339	0.337019	0.0	0.00343684	0.0	0.000501625	0.00247473	1.60396	0.0	0.611704	0.0681302	0.647802	2.19492	0.903947	12.8032	0.28761	9.15332	0.0414146	0.0941637	0.254979	0.161572	0.021519	10.4525	-2896.49	4.0	68.3661	-12339.4	4.0	0.522592	1.0	434.96	41.1939	140.104	29.3879	0.243632	0.0481652	1.05599	0.0130825	
1.6-2.4	6.5-30.0	50.0-100.0	0.000-1.571	0.008	0.088	756.0	742.0	590.74	38.5848	151.634	23.1389	-0.526641	0.48548	-0.05	0.0	0.275476	0.0	3.08949	0.0	0.0906539	0.0	0.0449394	0.00331348	0.03	0.0	1.492	0.04	1.733	0.07	1.733	0.07	0.0610501	0.000883584	2.43092e-05	6.66999e-05	0.211404	0.0500292	0.337019	0.0	0.00343684	0.0	0.0043164	0.00315351	1.60396	0.0	0.756755	0.0668822	0.734178	1.31651	0.918551	8.79112	0.204549	1.39204	0.0490695	0.0491517	0.226139	0.249778	0.0388811	0.0911425	-3079.52	4.0	14.2406	-10471.6	4.0	0.552886	1.0	470.466	40.1421	120.275	26.9969	0.2036	0.0437224	1.11657	0.0150263	
2.0-2.4	6.5-30.0	0.0-100.0	0.000-1.571	0.008	0.152	4237.0	4236.0	2384.06	127.459	1852.25	121.371	-0.5848	0.170077	-0.05	0.0	0.405279	0.235539	3.08971	0.00263271	0.0921949	0.0270796	0.0432662	0.0081154	0.03	0.0	1.492	0.04	1.733	0.07	1.733	0.07	0.0675139	0.00765135	1.78875e-05	0.00273266	0.233164	0.0307737	0.349037	0.147135	0.00999999	0.0029756	0.00118553	0.00164025	1.55328	0.141848	0.77103	0.035871	0.265618	24.1001	0.89986	8.69224	0.000295332	60.4895	0.00211502	0.0413896	0.205636	1.03874	0.150178	0.953948	-16430.8	4.0	86.8286	-95737.0	7.0	1.35771	1.0	1858.67	117.487	525.387	68.6851	0.220375	0.0262909	1.10865	0.0700573	
