v2W_polFunct
rap	pT	cent	dPhi	ctauErrMin	ctauErrMax	NoCutEntry	CutEntry	NSig	NSigErr	NBkg	NBkgErr	coefExp	coefExpErr	coefPol1	coefPol1Err	coeffGaus	coeffGausErr	meanSig1	meanSig1Err	sigmaSig1	sigmaSig1Err	sigmaSig2	sigmaSig2Err	sigmaSig3	sigmaSig3Err	alpha	alphaErr	enne	enneErr	enneW	enneWErr	sigWidth	sigWidthErr	Gmc	GmcErr	bTau	bTauErr	fracRes	fracResErr	meanResSigW	meanResSigWErr	meanResSigN	meanResSigNErr	sigmaResSigW	sigmaResSigWErr	sigmaResSigN	sigmaResSigNErr	fpm	fpmErr	fLiving	fLivingErr	fbkgCtTot	fbkgCtTotErr	lambdam	lambdamErr	lambdap	lambdapErr	lambdasym	lambdasymErr	NLL	nFitPar	EDM	NLLMass	nFitParMass	EDMMass	Prob	PROMPT	PROMPTErr	NON-PROMPT	NON-PROMPTErr	Bfraction	BfractionErr	Resolution	ResolutionErr	
0.0-1.2	6.5-30.0	0.0-100.0	0.000-0.393	0.008	0.088	5399.0	5396.0	3498.47	136.392	1897.98	102.824	-1.0	0.0	0.128093	0.0788203	0.524256	0.0	3.0924	0.0	0.0195444	0.0	0.0362118	0.0	0.03	0.0	1.492	0.04	5.0	0.0	1.733	0.07	0.0287071	0.0	2.21795e-05	1.43176	0.427978	0.0902817	0.245908	0.0821935	-0.000109909	0.00257936	0.00137732	0.00126259	1.688	0.125228	0.887678	0.0340419	0.657723	2.92968	0.777016	1.00599	0.551031	1.33295	0.0377098	0.193945	0.230694	0.124357	0.173391	0.334557	-15697.3	4.0	9388.36	-209833.0	3.0	102.389	1.0	2244.4	138.313	1254.07	117.748	0.358463	0.0306184	1.13793	0.0448056	
0.0-1.2	6.5-30.0	0.0-100.0	0.000-1.571	0.008	0.105	20225.0	20221.0	12661.3	291.357	7559.94	253.13	-1.0	0.0	0.00797713	0.0605983	0.524256	0.3574	3.0924	0.000696357	0.0195444	0.003706	0.0362118	0.0131462	0.03	0.0	1.492	0.04	5.0	0.0	1.733	0.07	0.0287071	0.00399967	1.87255e-05	2.6751e-05	0.406696	0.0530186	0.236177	0.079527	5.83622e-05	0.00144617	0.000994127	0.000657331	1.60413	0.0920545	0.895747	0.0189506	0.607054	0.239684	0.933105	0.0920198	0.467643	0.199951	0.0588601	0.0409862	0.229346	0.0462292	1.25616	6.84293	-11039.3	4.0	51779.8	-908703.0	7.0	1171050.0	1.0	8463.02	292.921	4198.32	239.185	0.331586	0.0172814	1.10481	0.0360434	
0.0-1.2	6.5-30.0	0.0-100.0	0.393-0.785	0.008	0.096	5229.0	5227.0	3234.86	121.589	1992.85	97.221	-1.0	0.0	-0.0455011	0.0702576	0.524256	0.0	3.0924	0.0	0.0195444	0.0	0.0362118	0.0	0.03	0.0	1.492	0.04	5.0	0.0	1.733	0.07	0.0287071	0.0	1.00937e-05	0.00103092	0.407417	0.0953889	0.0755589	0.0712515	0.0054884	0.00636296	-0.000620458	0.0011769	1.88269	0.329588	0.990648	0.0383805	0.620959	1.01346	0.96243	12.7799	0.329359	1.61055	0.0570137	0.0653049	0.163362	0.107369	0.0410983	0.148867	-16451.1	4.0	6727.52	-166584.0	3.0	91.9115	1.0	2224.72	132.245	1010.14	109.261	0.312267	0.0316713	1.084	0.0500453	
0.0-1.2	6.5-30.0	0.0-100.0	0.785-1.178	0.008	0.08	5093.0	5089.0	3192.37	145.155	1897.0	123.003	-1.0	0.0	0.0231391	0.0923023	0.524256	0.0	3.0924	0.0	0.0195444	0.0	0.0362118	0.0	0.03	0.0	1.492	0.04	5.0	0.0	1.733	0.07	0.0287071	0.0	4.10143e-05	0.000107112	0.453548	0.15322	0.187448	0.146811	0.00147636	0.00343833	0.00094676	0.00135241	1.59152	0.210616	0.892696	0.0379942	0.694369	5.22388	0.538404	1.99793	0.418865	2.29627	0.0357832	0.389087	0.490407	0.42006	0.0985128	0.081627	24318.2	4.0	34941.1	-277174.0	3.0	832.374	1.0	2038.17	156.494	1154.21	136.588	0.361552	0.0395013	1.0594	0.0683078	
0.0-1.2	6.5-30.0	0.0-100.0	1.178-1.571	0.008	0.088	4502.0	4500.0	2729.61	103.178	1770.68	97.8112	-1.0	0.0	-0.0739584	0.101871	0.524256	0.0	3.0924	0.0	0.0195444	0.0	0.0362118	0.0	0.03	0.0	1.492	0.04	5.0	0.0	1.733	0.07	0.0287071	0.0	1.37041e-05	2.80645	0.29072	0.0456209	0.822701	0.0724277	-0.00109986	0.000962734	-4.85834e-06	0.00352782	1.28762	0.0347594	0.6	0.241724	0.695159	0.169935	0.829457	0.270723	0.491476	0.156802	0.0547887	0.0416138	0.231691	0.0361446	1.68071	12.2074	-12536.4	4.0	1774.19	-125288.0	3.0	1576.57	1.0	1939.13	101.306	790.479	76.0466	0.289594	0.0256192	1.19492	0.0272031	
0.0-1.2	6.5-30.0	10.0-60.0	0.000-0.393	0.008	0.073	3262.0	3257.0	2217.11	100.483	1040.01	68.8325	-1.0	0.0	0.0765131	0.092646	0.524256	0.0	3.0924	0.0	0.0195444	0.0	0.0363718	0.0	0.03	0.0	1.492	0.04	5.0	0.0	1.733	0.07	0.0288032	0.0	1.05857e-05	4.67892e-05	0.378793	0.0735151	0.236177	0.0	5.83622e-05	0.0	-0.00155043	0.00138515	1.60413	0.0	0.871285	0.0421676	0.962705	26.9731	0.465383	5.01783	0.436739	5.17448	0.00100626	0.442413	0.231129	0.0607423	0.0473852	0.0237962	-11503.2	4.0	4069.61	-105744.0	3.0	128.371	1.0	1410.81	100.195	806.309	85.3588	0.363675	0.0347934	1.08976	0.0128757	
0.0-1.2	6.5-30.0	10.0-60.0	0.000-1.571	0.008	0.105	12321.0	12317.0	8304.6	195.561	4012.81	141.023	-1.0	0.0	0.0274587	0.060336	0.524256	0.0	3.0924	0.0	0.0195444	0.0	0.0363718	0.000892517	0.03	0.0	1.492	0.04	5.0	0.0	1.733	0.07	0.0288032	0.000268092	1.87255e-05	2.6751e-05	0.434475	0.0752349	0.236177	0.0	5.83622e-05	0.0	0.00025853	0.000773241	1.60413	0.0	0.861029	0.0217851	0.566416	0.414403	0.918375	0.0760113	0.385934	0.424524	0.0498438	0.0396625	0.232635	0.0510489	4.99988	1172.61	7856.6	4.0	43118.3	-580083.0	4.0	445199.0	1.0	5522.59	220.846	2782.01	190.138	0.334996	0.0214935	1.08352	0.00661156	
0.0-1.2	6.5-30.0	10.0-60.0	0.393-0.785	0.008	0.073	3260.0	3258.0	2201.2	103.413	1057.13	73.2126	-1.0	0.0	0.044256	0.0927472	0.524256	0.0	3.0924	0.0	0.0195444	0.0	0.0363718	0.0	0.03	0.0	1.492	0.04	5.0	0.0	1.733	0.07	0.0288032	0.0	2.45136e-05	0.0594659	0.468295	0.165068	0.236177	0.0	5.83622e-05	0.0	1.72189e-05	0.00147585	1.60413	0.0	0.861449	0.0505329	0.539642	0.021133	0.999998	61.3116	0.217194	0.0348113	0.0476969	0.00261347	0.163981	0.00939275	0.0371774	264.97	-11719.5	4.0	5434.91	-107173.0	3.0	186.925	1.0	1568.28	112.118	632.922	89.5883	0.287534	0.0383925	1.08377	0.0153401	
0.0-1.2	6.5-30.0	10.0-60.0	0.785-1.178	0.008	0.064	3034.0	3028.0	2082.23	128.981	946.236	95.3591	-1.0	0.0	0.0128475	0.139366	0.524256	0.0	3.0924	0.0	0.0195444	0.0	0.0363718	0.0	0.03	0.0	1.492	0.04	5.0	0.0	1.733	0.07	0.0288032	0.0	3.78823e-05	8.58329e-05	0.521723	0.261121	0.236177	0.0	5.83622e-05	0.0	0.00141088	0.0016803	1.60413	0.0	0.765529	0.0394152	0.819424	5.1633	0.400469	27.2045	0.0202836	179.743	0.136542	2.29808	0.633649	4.15776	0.02477	1.98422	25514.2	4.0	30308.0	-199361.0	3.0	918.565	1.0	1294.03	128.733	788.197	111.941	0.378535	0.048377	1.02731	0.0112173	
0.0-1.2	6.5-30.0	10.0-60.0	1.178-1.571	0.008	0.064	2764.0	2760.0	1792.25	86.5906	968.281	80.1119	-1.0	0.0	-0.0249405	0.15189	0.524256	0.0	3.0924	0.0	0.0195444	0.0	0.0363718	0.0	0.03	0.0	1.492	0.04	5.0	0.0	1.733	0.07	0.0288032	0.0	2.4668e-05	4.15522	0.324798	0.0652575	0.236177	0.0	5.83622e-05	0.0	-0.00169798	0.00178031	1.60413	0.0	0.872555	0.038396	0.579154	3.39299	0.824548	2.18849	0.300188	2.98154	0.0511263	0.340192	0.163773	0.669215	4.99931	10299.1	-6251.13	4.0	1989.84	-80042.0	3.0	2053.78	1.0	1221.9	85.3185	570.352	67.4795	0.318232	0.0343683	1.09054	0.0117327	
0.0-2.4	10.0-13.0	0.0-100.0	0.000-0.393	0.016	0.08	1648.0	1641.0	1192.29	57.4439	448.839	37.117	-1.0	0.0	0.0585347	0.117412	0.51547	0.0	3.09184	0.0	0.0414825	0.0	0.0216756	0.0	0.03	0.0	1.492	0.04	5.0	0.0	1.733	0.07	0.0333866	0.0	1.71938e-05	0.0002901	0.360703	0.0849786	0.274398	0.109498	-0.00249292	0.00355003	0.00100601	0.00152091	1.69599	0.15967	0.828861	0.0423817	0.816584	0.0444206	0.999996	16.4176	0.54439	0.0305006	0.120438	0.0181534	0.205224	0.0183485	0.132618	99.7778	-3942.77	4.0	1266.54	-29404.8	3.0	26.7058	1.0	791.882	57.2047	400.405	46.7858	0.335829	0.0357493	1.1348	0.0631452	
0.0-2.4	10.0-13.0	0.0-100.0	0.000-1.571	0.008	0.136	6551.0	6549.0	4732.21	273.828	1817.4	210.494	-1.0	0.0	-0.334706	0.113326	0.51547	0.3506	3.09184	0.00194413	0.0414825	0.00559655	0.0216756	0.00762606	0.03	0.0	1.492	0.04	5.0	0.0	1.733	0.07	0.0333866	0.00215655	1.21637e-05	1.85867	0.419436	0.0838414	0.294117	0.0867943	0.000270012	0.00176522	0.000236912	0.000904153	1.60695	0.0922641	0.792632	0.0254026	0.876527	0.375776	0.527903	0.289467	1.70731e-07	15.2454	0.0850355	0.120397	0.301752	0.0782711	0.026819	0.0221659	-6712.85	4.0	14626.7	-192170.0	7.0	119713.0	1.0	3164.54	217.831	1567.67	148.822	0.331276	0.0249312	1.0968	0.0439493	
0.0-2.4	10.0-13.0	0.0-100.0	0.393-0.785	0.008	0.088	1684.0	1683.0	1246.65	76.0369	436.956	41.8134	-1.0	0.0	-0.334311	0.107102	0.51547	0.0	3.09184	0.0	0.0414825	0.0	0.0216756	0.0	0.03	0.0	1.492	0.04	5.0	0.0	1.733	0.07	0.0333866	0.0	1.60627e-05	0.00013147	0.481473	0.219669	0.680848	0.179328	0.0030049	0.00163927	-0.00170377	0.00231438	1.30469	0.0810495	0.604746	0.0732034	0.83588	0.0226638	1.0	40.8366	0.41543	0.0272997	0.0495636	0.00233053	0.207427	0.00732876	0.0339713	359.674	-2896.6	4.0	5159.55	-49928.2	3.0	699.075	1.0	819.564	81.258	427.087	69.1568	0.342587	0.0513883	1.12945	0.0622034	
0.0-2.4	10.0-13.0	0.0-100.0	0.785-1.178	0.008	0.105	1627.0	1626.0	1168.77	80.0082	457.696	51.5062	-1.0	0.0	-0.526141	0.12216	0.51547	0.0	3.09184	0.0	0.0414825	0.0	0.0216756	0.0	0.03	0.0	1.492	0.04	5.0	0.0	1.733	0.07	0.0333866	0.0	8.5376e-05	0.000184274	0.51939	0.322573	0.118034	0.0934839	0.00630016	0.00594207	0.000463713	0.00234138	1.90173	0.316188	0.951956	0.0722782	0.813157	0.49865	0.999984	614.523	0.284639	1.99192	0.0608194	0.524411	0.427583	0.435091	0.0844845	1526.16	533.281	4.0	6257.31	-55261.3	3.0	408.805	1.0	785.599	93.9294	383.174	81.3552	0.327843	0.0658903	1.10731	0.0710656	
0.0-2.4	10.0-13.0	0.0-100.0	1.178-1.571	0.008	0.088	1590.0	1575.0	1116.42	55.851	459.108	38.7718	-1.0	0.0	-0.495708	0.122078	0.51547	0.0	3.09184	0.0	0.0414825	0.0	0.0216756	0.0	0.03	0.0	1.492	0.04	5.0	0.0	1.733	0.07	0.0333866	0.0	1.34644e-05	0.00253279	0.332227	0.077081	0.547296	0.182925	-0.00213568	0.00229779	0.00299902	0.00243247	1.46442	0.108951	0.715937	0.0649086	0.999998	463.462	0.505695	0.367346	0.0870502	0.47129	0.0010987	361.207	0.28405	0.0847734	0.0425692	0.0262118	-3357.93	4.0	983.7	-27673.0	3.0	9.80302	1.0	765.051	56.9405	351.368	45.6768	0.314727	0.0377628	1.18564	0.0734646	
0.0-2.4	10.0-13.0	10.0-60.0	0.000-0.393	0.016	0.08	1076.0	1071.0	788.374	43.5004	282.959	28.8021	-1.0	0.0	0.0617516	0.147725	0.51547	0.0	3.09184	0.0	0.0414825	0.0	0.0218846	0.0	0.03	0.0	1.492	0.04	5.0	0.0	1.733	0.07	0.0334526	0.0	1.71938e-05	0.0002901	0.296744	0.0603902	0.294117	0.0	0.000270012	0.0	9.62797e-05	0.00177287	1.60695	0.0	0.745187	0.0507696	0.847037	0.0342428	1.0	47.4471	0.510708	0.0341509	0.136766	0.0263933	0.215894	0.0221152	0.162516	292.952	-2633.57	4.0	418.519	-15973.5	3.0	4.67374	1.0	507.179	41.6223	281.195	34.4964	0.356677	0.0390807	1.07307	0.0124436	
0.0-2.4	10.0-13.0	10.0-60.0	0.000-1.571	0.008	0.136	4230.0	4228.0	3139.43	120.273	1089.15	72.0635	-1.0	0.0	-0.386126	0.0810634	0.51547	0.0	3.09184	0.0	0.0414825	0.0	0.0218846	0.00149124	0.03	0.0	1.492	0.04	5.0	0.0	1.733	0.07	0.0334526	0.000236346	1.21637e-05	1.85867	0.470606	0.133658	0.294117	0.0	0.000270012	0.0	0.000853074	0.0011412	1.60695	0.0	0.808555	0.0310503	0.931385	0.428667	0.549394	0.392288	0.0868821	0.403163	0.11278	0.314952	0.332949	0.124145	0.0369541	0.0517688	-2356.75	4.0	12606.0	-137463.0	4.0	2860.79	1.0	2072.36	128.733	1067.07	109.271	0.339893	0.0322785	1.10498	0.00801907	
0.0-2.4	10.0-13.0	10.0-60.0	0.393-0.785	0.016	0.088	1077.0	1076.0	830.775	68.2021	245.771	34.0369	-1.0	0.0	-0.447983	0.127939	0.51547	0.0	3.09184	0.0	0.0414825	0.0	0.0218846	0.0	0.03	0.0	1.492	0.04	5.0	0.0	1.733	0.07	0.0334526	0.0	1.60627e-05	0.00013147	0.590005	0.440475	0.294117	0.0	0.000270012	0.0	0.00110265	0.00206707	1.60695	0.0	0.796168	0.0592901	0.71275	0.0453645	1.0	285.616	0.301872	0.0486878	0.0496739	0.00817845	0.18774	0.0208249	0.02	1141.37	-2029.32	4.0	4465.82	-37416.5	3.0	727.96	1.0	544.627	73.4266	286.148	62.8032	0.344435	0.0701084	1.09861	0.0151651	
0.0-2.4	10.0-13.0	10.0-60.0	0.785-1.178	0.016	0.105	1073.0	1072.0	803.069	74.1632	269.236	44.2975	-1.0	0.0	-0.606822	0.159926	0.51547	0.0	3.09184	0.0	0.0414825	0.0	0.0218846	0.0	0.03	0.0	1.492	0.04	5.0	0.0	1.733	0.07	0.0334526	0.0	8.5376e-05	0.000184274	0.680944	0.669381	0.294117	0.0	0.000270012	0.0	-7.25652e-05	0.00301999	1.60695	0.0	0.947109	0.0817302	0.983168	0.165341	0.99997	650.044	0.414186	4.2482	0.194195	0.453134	0.559886	0.491541	0.0200271	197.116	283.595	4.0	5234.4	-44632.9	3.0	424.631	1.0	519.967	79.4802	283.102	68.5188	0.352525	0.0788659	1.18012	0.0231504	
0.0-2.4	10.0-13.0	10.0-60.0	1.178-1.571	0.016	0.056	1002.0	977.0	696.185	45.4867	281.011	30.8684	-1.0	0.0	-0.518803	0.165906	0.51547	0.0	3.09184	0.0	0.0414825	0.0	0.0218846	0.0	0.03	0.0	1.492	0.04	5.0	0.0	1.733	0.07	0.0334526	0.0	1.27211e-05	0.00181467	0.339901	0.108852	0.294117	0.0	0.000270012	0.0	0.00360009	0.00256127	1.60695	0.0	0.886454	0.0704198	0.793294	5.52785	0.585085	2.25661	2.09963e-05	218.864	0.0114562	0.383647	0.278293	0.25055	0.0447592	0.14507	-1753.11	4.0	877.669	-17027.7	3.0	32.032	1.0	471.812	47.408	224.373	38.8862	0.322289	0.0517349	1.14638	0.0192188	
0.0-2.4	10.0-30.0	0.0-100.0	0.000-0.393	0.008	0.088	2664.0	2659.0	1960.53	80.4416	698.326	49.6226	-1.0	0.0	-0.0356144	0.10038	0.513605	0.0	3.09291	0.0	0.0425488	0.0	0.0211464	0.0	0.03	0.0	1.492	0.04	5.0	0.0	1.733	0.07	0.0338723	0.0	1.1122e-05	0.00169269	0.446373	0.102083	0.286858	0.0918796	0.000915639	0.00224089	0.00102124	0.00123113	1.62833	0.118442	0.849103	0.0362778	0.842278	1.45157	0.987943	30.1826	0.518779	11.4866	0.103148	0.572822	0.243744	0.14331	0.0202841	122.727	-4111.67	4.0	3730.34	-60947.1	3.0	89.955	1.0	1222.94	80.0377	737.59	69.3116	0.376219	0.0318054	1.12905	0.0473013	
0.0-2.4	10.0-30.0	0.0-100.0	0.000-1.571	0.008	0.136	10182.0	10181.0	7417.29	255.32	2763.83	196.414	-1.0	0.0	-0.345669	0.0702489	0.513605	0.20882	3.09291	0.00113193	0.0425488	0.0040437	0.0211464	0.00461806	0.03	0.0	1.492	0.04	5.0	0.0	1.733	0.07	0.0338723	0.00148093	1.52572e-05	0.000100154	0.388202	0.0518596	0.236663	0.0682407	0.00122367	0.00140879	0.00016695	0.000653409	1.62012	0.0865195	0.85866	0.0201573	0.904303	0.473874	0.742772	0.943512	0.280789	0.586398	0.0769235	0.13308	0.307198	0.0758667	0.0367457	0.0769505	-11535.7	4.0	19032.9	-286220.0	7.0	280691.0	1.0	4791.59	214.197	2625.71	163.844	0.353998	0.0184245	1.08812	0.0338376	
0.0-2.4	10.0-30.0	0.0-100.0	0.393-0.785	0.008	0.105	2601.0	2600.0	1890.48	84.597	709.845	49.7994	-1.0	0.0	-0.312625	0.0850233	0.513605	0.0	3.09291	0.0	0.0425488	0.0	0.0211464	0.0	0.03	0.0	1.492	0.04	5.0	0.0	1.733	0.07	0.0338723	0.0	1.01316e-05	0.00876397	0.386574	0.112271	0.100919	0.169121	0.00498796	0.00652429	-0.000795388	0.00113867	1.74041	0.515379	0.881998	0.0387123	0.697673	0.04654	0.999995	14.479	0.31449	0.0739303	0.0360864	0.00463813	0.207339	0.0156239	0.0200005	129.535	-4160.98	4.0	6011.0	-65811.3	3.0	532.928	1.0	1228.87	92.6805	661.607	80.2635	0.349968	0.0394628	1.00255	0.106232	
0.0-2.4	10.0-30.0	0.0-100.0	0.785-1.178	0.008	0.105	2460.0	2459.0	1775.73	87.3117	683.621	57.2888	-1.0	0.0	-0.53526	0.0941181	0.513605	0.0	3.09291	0.0	0.0425488	0.0	0.0211464	0.0	0.03	0.0	1.492	0.04	5.0	0.0	1.733	0.07	0.0338723	0.0	2.91026e-05	5.76628e-05	0.393865	0.140211	0.122074	0.0686439	0.00470031	0.00433712	0.000397199	0.00153606	1.84586	0.2159	0.925421	0.049722	0.851769	0.333935	0.800719	1.83366	0.166513	1.62187	0.0684638	0.0788235	0.443057	0.19342	0.0302449	0.135166	131.814	4.0	7780.57	-70624.6	3.0	343.024	1.0	1169.01	98.567	606.722	85.4489	0.341674	0.0450925	1.08064	0.0499687	
0.0-2.4	10.0-30.0	0.0-100.0	1.178-1.571	0.008	0.105	2456.0	2446.0	1782.87	70.6491	663.293	47.4871	-1.0	0.0	-0.4758	0.100241	0.513605	0.0	3.09291	0.0	0.0425488	0.0	0.0211464	0.0	0.03	0.0	1.492	0.04	5.0	0.0	1.733	0.07	0.0338723	0.0	3.2121e-05	7.73774e-05	0.325309	0.0573096	0.662879	0.127118	-0.000594368	0.00123554	0.00261787	0.00226346	1.36549	0.0619482	0.689324	0.0635946	1.0	255.184	0.646268	0.157565	0.179276	0.162512	0.0274812	627.247	0.281473	0.044658	0.0435016	0.0203149	-4969.63	4.0	1763.56	-46269.9	3.0	3.07891	1.0	1155.35	70.6113	627.519	59.2304	0.351971	0.0301524	1.1816	0.0447044	
0.0-2.4	10.0-30.0	10.0-60.0	0.000-0.393	0.008	0.088	1729.0	1724.0	1301.64	65.4641	423.033	38.3597	-1.0	0.0	-0.0587631	0.123631	0.513605	0.0	3.09291	0.0	0.0425488	0.0	0.020964	0.0	0.03	0.0	1.492	0.04	5.0	0.0	1.733	0.07	0.0338171	0.0	1.1122e-05	0.00169269	0.46571	0.136913	0.236663	0.0	0.00122367	0.0	8.1786e-05	0.00135496	1.62012	0.0	0.815063	0.0397236	0.983269	19.9752	0.805701	3.14066	0.481657	8.04872	0.00100626	12.6479	0.244566	0.070163	0.141648	0.104616	-2652.58	4.0	2618.71	-37939.5	3.0	70.7544	1.0	815.714	65.0815	485.924	56.123	0.373318	0.0388146	1.06221	0.0116336	
0.0-2.4	10.0-30.0	10.0-60.0	0.000-1.571	0.008	0.136	6592.0	6591.0	4916.18	141.222	1674.75	84.9685	-1.0	0.0	-0.362752	0.064038	0.513605	0.0	3.09291	0.0	0.0425488	0.0	0.020964	0.00106401	0.03	0.0	1.492	0.04	5.0	0.0	1.733	0.07	0.0338171	0.000160414	1.52572e-05	0.000100154	0.445125	0.0865183	0.236663	0.0	0.00122367	0.0	0.000419284	0.000806218	1.62012	0.0	0.850528	0.0247233	0.9023	0.612164	0.607548	0.565929	0.122545	0.278905	0.0816413	0.22291	0.332355	0.100683	0.0312455	0.0463929	-5476.71	4.0	16106.5	-201057.0	4.0	2819.73	1.0	3188.66	148.321	1727.52	126.774	0.351396	0.0237293	1.08323	0.00740901	
0.0-2.4	10.0-30.0	10.0-60.0	0.393-0.785	0.008	0.105	1655.0	1654.0	1242.02	73.9749	412.075	40.1517	-1.0	0.0	-0.339954	0.105204	0.513605	0.0	3.09291	0.0	0.0425488	0.0	0.020964	0.0	0.03	0.0	1.492	0.04	5.0	0.0	1.733	0.07	0.0338171	0.0	1.01316e-05	0.00876397	0.460854	0.216192	0.236663	0.0	0.00122367	0.0	0.000731936	0.00150053	1.62012	0.0	0.844234	0.0497942	0.618859	0.071417	1.0	3.54756	0.275784	0.0783886	0.0412017	0.0090338	0.200183	0.0344696	0.0336973	17.7098	-2404.76	4.0	5251.12	-46815.5	3.0	604.77	1.0	834.856	81.8119	407.165	69.3456	0.327825	0.0523074	1.07946	0.0148634	
0.0-2.4	10.0-30.0	10.0-60.0	0.785-1.178	0.008	0.105	1611.0	1610.0	1193.52	79.3782	417.115	49.3148	-1.0	0.0	-0.560621	0.127422	0.513605	0.0	3.09291	0.0	0.0425488	0.0	0.020964	0.0	0.03	0.0	1.492	0.04	5.0	0.0	1.733	0.07	0.0338171	0.0	2.91026e-05	5.76628e-05	0.496715	0.264657	0.236663	0.0	0.00122367	0.0	9.82254e-05	0.00186692	1.62012	0.0	0.909228	0.0571309	0.93604	1.36313	0.758662	55.156	0.186025	33.6884	0.0895508	0.584137	0.571369	0.444139	0.0200032	30.1085	626.275	4.0	6524.66	-54801.4	3.0	393.7	1.0	780.369	83.6478	413.153	71.122	0.346163	0.054963	1.11903	0.0177169	
0.0-2.4	10.0-30.0	10.0-60.0	1.178-1.571	0.008	0.08	1595.0	1578.0	1166.62	59.209	411.869	37.9609	-1.0	0.0	-0.45801	0.134095	0.513605	0.0	3.09291	0.0	0.0425488	0.0	0.020964	0.0	0.03	0.0	1.492	0.04	5.0	0.0	1.733	0.07	0.0338171	0.0	1.97786e-05	7.38276e-05	0.359479	0.0857873	0.236663	0.0	0.00122367	0.0	0.00183506	0.00177762	1.62012	0.0	0.908286	0.0542958	0.770122	1.95512	0.65987	0.770335	1.50353e-05	152.072	0.013297	0.0372128	0.252385	0.114096	0.0420273	0.0415607	-3000.36	4.0	1532.74	-30226.0	3.0	36.8332	1.0	741.473	60.5826	425.146	52.1506	0.364426	0.0406966	1.11845	0.016829	
0.0-2.4	13.0-30.0	0.0-100.0	0.000-0.393	0.008	0.064	1015.0	1011.0	772.666	56.7717	238.671	32.1149	-1.0	0.0	-0.236921	0.18228	0.511955	0.0	3.09483	0.0	0.0445931	0.0	0.02013	0.0	0.03	0.0	1.492	0.04	5.0	0.0	1.733	0.07	0.0348685	0.0	5.42312e-05	0.000155716	0.558876	0.247176	0.320965	0.160542	0.00391952	0.00307986	0.000573335	0.00216598	1.50857	0.163159	0.889162	0.0702434	0.997451	121.688	0.838126	3.18488	0.452113	10.5868	0.00100162	17.9767	0.308851	0.114877	0.0375552	0.0598619	-874.52	4.0	2219.21	-26151.0	3.0	78.6905	1.0	427.834	54.0396	344.832	50.7351	0.446288	0.0568885	1.12574	0.0662547	
0.0-2.4	13.0-30.0	0.0-100.0	0.000-1.571	0.008	0.105	3631.0	3631.0	2688.4	141.331	942.962	115.764	-1.0	0.0	-0.370889	0.103584	0.511955	0.324179	3.09483	0.00153693	0.0445931	0.0105777	0.02013	0.00611414	0.03	0.0	1.492	0.04	5.0	0.0	1.733	0.07	0.0348685	0.00356831	1.00009e-05	0.0022258	0.343877	0.0530894	0.132772	0.0920488	0.00351245	0.00313808	0.000176668	0.000918096	1.67468	0.204192	0.934038	0.0329299	0.882497	0.87218	0.912339	1.72462	0.351571	0.453121	0.0427706	0.0305432	0.316911	0.130292	0.0385278	0.041132	-5434.16	4.0	4166.11	-75471.0	7.0	219257.0	1.0	1629.29	110.441	1059.11	89.2243	0.393956	0.0259338	1.06252	0.0486323	
0.0-2.4	13.0-30.0	0.0-100.0	0.393-0.785	0.008	0.064	916.0	910.0	642.98	36.815	267.202	26.1083	-1.0	0.0	-0.252004	0.142068	0.511955	0.0	3.09483	0.0	0.0445931	0.0	0.02013	0.0	0.03	0.0	1.492	0.04	5.0	0.0	1.733	0.07	0.0348685	0.0	1.55008e-05	0.000878565	0.238795	0.0421405	0.00883941	0.0082002	0.00999995	0.0180256	-0.0017613	0.00140778	3.31245	1.28622	0.911425	0.0543955	0.653442	4.85505	1.0	3.50095	0.315176	4.45535	0.0303338	0.200674	0.198502	0.275611	0.0203471	175.109	-2515.47	4.0	151.674	-11392.1	3.0	1.91813	1.0	414.086	35.1468	228.894	29.0677	0.355989	0.0403519	0.959344	0.0388697	
0.0-2.4	13.0-30.0	0.0-100.0	0.785-1.178	0.008	0.056	832.0	819.0	593.99	35.1856	225.172	25.8247	-1.0	0.0	-0.549099	0.144028	0.511955	0.0	3.09483	0.0	0.0445931	0.0	0.02013	0.0	0.03	0.0	1.492	0.04	5.0	0.0	1.733	0.07	0.0348685	0.0	3.39658e-05	0.000104935	0.22366	0.0366956	0.131789	0.1171	0.00298802	0.00557481	0.000132799	0.00170314	1.76077	0.331988	0.918053	0.0624128	0.999918	87.6549	0.715894	42.0129	0.255589	0.44643	0.0773253	166.91	0.483815	7.4799	0.057628	4.21524	-1957.44	4.0	104.029	-10449.6	3.0	81.2276	1.0	368.253	33.2501	225.737	28.4346	0.380035	0.042247	1.06787	0.075325	
0.0-2.4	13.0-30.0	0.0-100.0	1.178-1.571	0.008	0.08	866.0	864.0	664.191	43.1124	200.641	27.0563	-1.0	0.0	-0.448952	0.17326	0.511955	0.0	3.09483	0.0	0.0445931	0.0	0.02013	0.0	0.03	0.0	1.492	0.04	5.0	0.0	1.733	0.07	0.0348685	0.0	1.65646e-05	0.000171567	0.315063	0.0834408	0.867045	0.0572375	0.000445439	0.00122049	0.000627665	0.00629884	1.22585	0.0404956	0.600057	1.57578	0.930465	22.5748	0.999999	9.08498	0.263926	18.7293	0.00100043	67.3494	0.276498	0.225369	0.02	72.0776	-1644.36	4.0	793.677	-14648.8	3.0	2.8891	1.0	386.923	40.6045	277.269	36.6316	0.417453	0.0480367	1.16224	0.0588713	
0.0-2.4	13.0-30.0	10.0-60.0	0.000-0.393	0.008	0.064	653.0	649.0	514.214	49.2891	134.82	24.3738	-1.0	0.0	-0.347405	0.210976	0.511955	0.0	3.09483	0.0	0.0445931	0.0	0.0193629	0.0	0.03	0.0	1.492	0.04	5.0	0.0	1.733	0.07	0.0346558	0.0	5.42312e-05	0.000155716	0.750033	0.646071	0.132772	0.0	0.00351245	0.0	0.00073631	0.00226649	1.67468	0.0	0.924864	0.0745684	0.703257	12.9487	0.964619	1.38034	0.353785	9.95	0.00108954	0.601064	0.297564	0.161379	0.0646922	0.183893	-1030.81	4.0	1726.88	-18355.0	3.0	154.25	1.0	297.226	47.9463	216.989	43.8151	0.421981	0.0749955	1.05554	0.0283309	
0.0-2.4	13.0-30.0	10.0-60.0	0.000-1.571	0.008	0.08	2362.0	2357.0	1774.5	74.1229	583.058	45.0926	-1.0	0.0	-0.322751	0.102853	0.511955	0.0	3.09483	0.0	0.0445931	0.0	0.0193629	0.000750504	0.03	0.0	1.492	0.04	5.0	0.0	1.733	0.07	0.0346558	0.000102324	1.60278e-05	0.000108096	0.406974	0.0933688	0.132772	0.0	0.00351245	0.0	0.00037737	0.0011098	1.67468	0.0	0.924015	0.041254	0.789012	0.862985	0.812871	0.979909	0.218515	0.600815	0.032465	0.0445126	0.332282	0.112588	0.0295418	0.0460401	-3554.95	4.0	3352.07	-50206.0	4.0	1638.16	1.0	1114.94	74.4405	659.564	64.2764	0.371689	0.0327261	1.0549	0.0156689	
0.0-2.4	13.0-30.0	10.0-60.0	0.393-0.785	0.008	0.064	577.0	575.0	408.939	28.4561	166.658	20.239	-1.0	0.0	-0.184564	0.17559	0.511955	0.0	3.09483	0.0	0.0445931	0.0	0.0193629	0.0	0.03	0.0	1.492	0.04	5.0	0.0	1.733	0.07	0.0346558	0.0	1.55008e-05	0.000878565	0.213072	0.0473863	0.132772	0.0	0.00351245	0.0	-0.000299699	0.00193637	1.67468	0.0	0.916701	0.0774917	0.559414	0.101104	1.0	242.165	0.28759	0.109541	0.0378222	0.0112441	0.21812	0.0587183	0.106025	1165.79	-1660.5	4.0	61.2401	-6323.16	3.0	2.67101	1.0	279.227	27.8335	129.712	21.8779	0.317191	0.0487339	1.04935	0.0293539	
0.0-2.4	13.0-30.0	10.0-60.0	0.785-1.178	0.012	0.044	538.0	522.0	379.155	28.3996	143.092	21.3009	-1.0	0.0	-0.489229	0.198393	0.511955	0.0	3.09483	0.0	0.0445931	0.0	0.0193629	0.0	0.03	0.0	1.492	0.04	5.0	0.0	1.733	0.07	0.0346558	0.0	3.14561e-05	0.000114974	0.23258	0.0495106	0.132772	0.0	0.00351245	0.0	1.20065e-06	0.00199387	1.67468	0.0	0.922475	0.0776477	0.848345	0.319667	0.999999	0.155167	0.209466	0.390015	0.0502844	0.0670829	0.504181	0.287112	4.60888	124.649	-1109.56	4.0	73.7378	-6360.91	3.0	89.9146	1.0	248.291	26.3935	130.864	21.1383	0.345146	0.0493947	1.05373	0.0294753	
0.0-2.4	13.0-30.0	10.0-60.0	1.178-1.571	0.008	0.08	593.0	591.0	461.822	37.6368	130.058	21.9402	-1.0	0.0	-0.330747	0.225929	0.511955	0.0	3.09483	0.0	0.0445931	0.0	0.0193629	0.0	0.03	0.0	1.492	0.04	5.0	0.0	1.733	0.07	0.0346558	0.0	1.65646e-05	0.000171567	0.385586	0.137874	0.132772	0.0	0.00351245	0.0	-0.000476643	0.00236842	1.67468	0.0	0.90387	0.0868938	0.735966	3.29704	0.99687	11.1894	0.0335374	8.16684	0.0124816	0.06189	0.188346	0.399986	0.0200003	22.1783	-1282.12	4.0	662.82	-10373.2	3.0	11.322	1.0	263.784	36.8936	198.038	34.0511	0.428819	0.064924	1.03965	0.0327575	
0.0-2.4	6.5-10.0	0.0-100.0	0.000-0.393	0.016	0.152	10491.0	10483.0	5310.97	160.374	5172.31	150.608	-1.0	0.0	-0.020052	0.0428547	0.401838	0.0	3.0923	0.0	0.0513409	0.0	0.0253059	0.0	0.03	0.0	1.492	0.04	5.0	0.0	1.733	0.07	0.037977	0.0	1.90055e-05	0.000117681	0.324744	0.0595992	0.138357	0.0473332	0.00466897	0.00498227	0.00274962	0.00102732	1.9815	0.167728	0.947822	0.0219543	0.598336	3.54649	0.670637	1.7588	0.563327	1.64699	0.0237839	0.0947764	0.227605	0.0968581	0.109108	0.133359	-29817.7	4.0	9504.27	-330522.0	3.0	434.563	1.0	3889.06	186.144	1421.91	150.671	0.267731	0.0271934	1.14774	0.0379065	
0.0-2.4	6.5-10.0	0.0-100.0	0.000-1.571	0.008	0.136	37767.0	37683.0	19553.7	680.342	18130.3	682.162	-1.0	0.0	-0.0573625	0.0319027	0.401838	0.212335	3.0923	0.000664468	0.0513409	0.0121819	0.0253059	0.00314796	0.03	0.0	1.492	0.04	5.0	0.0	1.733	0.07	0.037977	0.00336781	2.70702e-05	5.76409e-05	0.317487	0.0287787	0.173814	0.044334	0.00399264	0.00245512	0.00368146	0.000578463	1.78243	0.0904393	0.956995	0.0132024	0.489323	2.74738	0.68076	0.966694	0.513196	1.89566	0.0329083	0.178709	0.356019	0.248921	0.141145	0.155927	-37340.8	4.0	59362.2	-1435300.0	7.0	344622.0	1.0	14449.3	569.726	5104.43	321.529	0.261046	0.0137072	1.14406	0.0255079	
0.0-2.4	6.5-10.0	0.0-100.0	0.393-0.785	0.016	0.145	9851.0	9840.0	4950.75	145.805	4889.6	147.099	-1.0	0.0	-0.140919	0.0447257	0.401838	0.0	3.0923	0.0	0.0513409	0.0	0.0253059	0.0	0.03	0.0	1.492	0.04	5.0	0.0	1.733	0.07	0.037977	0.0	1.01928e-05	2.11886	0.32771	0.0481311	0.175237	0.0863871	0.00684653	0.00488837	0.00480925	0.00122011	1.78736	0.174703	1.02386	0.0283413	0.512856	2.11431	0.872092	0.388625	0.493494	1.51836	0.0510996	0.175631	0.234739	0.151403	0.366684	0.89697	-24212.6	4.0	3325.52	-278028.0	3.0	90.7114	1.0	3700.0	156.428	1250.75	118.12	0.252638	0.0226692	1.19349	0.0462011	
0.0-2.4	6.5-10.0	0.0-100.0	0.785-1.178	0.016	0.152	9179.0	9177.0	4930.28	163.894	4247.12	154.009	-1.0	0.0	0.0300866	0.053105	0.401838	0.0	3.0923	0.0	0.0513409	0.0	0.0253059	0.0	0.03	0.0	1.492	0.04	5.0	0.0	1.733	0.07	0.037977	0.0	6.29812e-05	0.000142295	0.418197	0.127746	0.099274	0.0560735	0.00969724	0.0193283	0.00157227	0.00118056	1.94297	0.233692	0.976651	0.0280061	0.768448	5.04801	0.414635	2.72531	0.525232	0.646742	0.046691	0.241803	0.310356	0.253634	0.0837987	0.0891766	13116.8	4.0	30291.4	-371459.0	3.0	12.0916	1.0	3570.17	211.253	1360.11	180.519	0.275869	0.0354473	1.11082	0.0424532	
0.0-2.4	6.5-10.0	0.0-100.0	1.178-1.571	0.016	0.152	8245.0	8241.0	4354.12	141.086	3888.12	157.76	-1.0	0.0	-0.10068	0.0752218	0.401838	0.0	3.0923	0.0	0.0513409	0.0	0.0253059	0.0	0.03	0.0	1.492	0.04	5.0	0.0	1.733	0.07	0.037977	0.0	5.59521e-05	0.000206186	0.231373	0.0233562	0.652049	0.158969	-0.000734564	0.0019028	0.00214595	0.00152964	1.37047	0.0645511	0.621238	0.0528912	0.673055	0.372498	0.867803	0.603008	0.623335	0.196188	0.0711209	0.0954028	0.498478	0.653087	0.600574	4.86767	-7254.21	4.0	823.459	-259085.0	3.0	4028.9	1.0	3249.0	135.935	1105.13	93.1523	0.253811	0.0197501	1.16574	0.0567825	
0.0-2.4	6.5-10.0	10.0-60.0	0.000-0.393	0.016	0.152	6252.0	6250.0	3439.52	119.15	2811.48	103.075	-1.0	0.0	-0.0517622	0.0527032	0.401838	0.0	3.0923	0.0	0.0513409	0.0	0.0251534	0.0	0.03	0.0	1.492	0.04	5.0	0.0	1.733	0.07	0.0379164	0.0	1.90055e-05	0.000117681	0.275781	0.0424235	0.173814	0.0	0.00399264	0.0	0.00240046	0.00116143	1.78243	0.0	0.869541	0.0261701	0.419693	1.18445	0.757827	0.718844	0.338052	1.35516	0.0227273	0.0403642	0.196415	0.0744454	0.0722956	0.0868609	-22665.9	4.0	3157.67	-166189.0	3.0	342.958	1.0	2513.08	131.028	926.439	103.05	0.269352	0.0284707	1.08485	0.00866512	
0.0-2.4	6.5-10.0	10.0-60.0	0.000-1.571	0.008	0.16	21911.0	21908.0	12596.8	235.854	9312.2	210.776	-1.0	0.0	-0.0599635	0.034776	0.401838	0.0	3.0923	0.0	0.0513409	0.0	0.0251534	0.000577955	0.03	0.0	1.492	0.04	5.0	0.0	1.733	0.07	0.0379164	0.000114671	1.92169e-05	7.62105e-05	0.302299	0.0344198	0.173814	0.0	0.00399264	0.0	0.00261962	0.000711365	1.78243	0.0	0.91705	0.0158826	0.497387	0.671227	0.908687	0.138127	0.502406	0.614192	0.0453105	0.0615256	0.253689	0.101311	0.573036	1.46942	-20608.1	4.0	57621.1	-778870.0	4.0	623.525	1.0	9225.99	285.252	3370.79	235.61	0.267591	0.0180205	1.1167	0.00538796	
0.0-2.4	6.5-10.0	10.0-60.0	0.393-0.785	0.016	0.145	5752.0	5750.0	3260.22	112.892	2491.28	106.131	-1.0	0.0	-0.104656	0.062863	0.401838	0.0	3.0923	0.0	0.0513409	0.0	0.0251534	0.0	0.03	0.0	1.492	0.04	5.0	0.0	1.733	0.07	0.0379164	0.0	1.01928e-05	2.11886	0.283998	0.0486103	0.173814	0.0	0.00399264	0.0	0.00392602	0.00151538	1.78243	0.0	1.01723	0.0358632	0.472336	0.550335	0.878186	0.255083	0.480301	0.647206	0.0391288	0.0585122	0.302324	0.241942	0.517677	1.51553	-15701.7	4.0	1763.97	-148269.0	3.0	198.196	1.0	2481.13	121.992	779.095	90.7114	0.23897	0.0265647	1.18622	0.0127043	
0.0-2.4	6.5-10.0	10.0-60.0	0.785-1.178	0.016	0.152	5151.0	5148.0	3100.27	135.049	2048.36	109.52	-1.0	0.0	-0.00989814	0.0754897	0.401838	0.0	3.0923	0.0	0.0513409	0.0	0.0251534	0.0	0.03	0.0	1.492	0.04	5.0	0.0	1.733	0.07	0.0379164	0.0	6.29812e-05	0.000142295	0.422841	0.18353	0.173814	0.0	0.00399264	0.0	0.00196106	0.00164425	1.78243	0.0	0.906155	0.033505	1.0	101.827	0.404225	0.0509379	0.603429	0.0132825	0.168579	262.15	0.346009	0.03693	0.0996382	0.00615193	21598.1	4.0	29396.0	-227357.0	3.0	315.626	1.0	2191.1	179.48	909.178	157.073	0.293257	0.0490274	1.10933	0.0113058	
0.0-2.4	6.5-10.0	10.0-60.0	1.178-1.571	0.016	0.136	4755.0	4752.0	2799.26	105.141	1953.44	102.469	-1.0	0.0	-0.0646355	0.0939643	0.401838	0.0	3.0923	0.0	0.0513409	0.0	0.0251534	0.0	0.03	0.0	1.492	0.04	5.0	0.0	1.733	0.07	0.0379164	0.0	5.49261e-05	0.000220802	0.254136	0.0319734	0.173814	0.0	0.00399264	0.0	0.000707581	0.00134767	1.78243	0.0	0.856825	0.0286413	0.49575	0.158935	0.869033	0.278595	0.452736	0.216324	0.0524562	0.026131	0.273242	0.115078	1.79291	20.1795	-13635.1	4.0	883.254	-123514.0	3.0	1420.62	1.0	2010.45	104.353	788.818	77.88	0.281795	0.0257296	1.07646	0.00941749	
0.0-2.4	6.5-30.0	0.0-10.0	0.000-0.393	0.008	0.136	4894.0	4880.0	2278.71	111.216	2601.99	113.116	-1.0	0.0	0.0170132	0.0656733	0.434264	0.0	3.09249	0.0	0.0483442	0.0	0.0244015	0.0	0.03	0.0	1.492	0.04	5.0	0.0	1.733	0.07	0.0367669	0.0	2.92627e-05	6.86787e-05	0.380125	0.123809	0.19835	0.0	0.00208889	0.0	0.00377856	0.00184508	1.70743	0.0	1.01468	0.0390162	1.0	6.98763	0.466481	0.00443942	0.6724	0.00221163	0.00182399	68.143	0.280724	0.00157314	0.123568	0.000639953	-9722.52	4.0	6253.89	-152104.0	3.0	88.1552	1.0	1590.26	129.563	688.454	109.048	0.302124	0.0455266	1.18474	0.0133939	
0.0-2.4	6.5-30.0	0.0-10.0	0.000-1.571	0.008	0.136	18347.0	18306.0	8526.51	206.853	9779.81	226.574	-1.0	0.0	-0.0757752	0.0376241	0.434264	0.0	3.09249	0.0	0.0483442	0.0	0.0244015	0.00118423	0.03	0.0	1.492	0.04	5.0	0.0	1.733	0.07	0.0367669	0.000222321	1.61666e-05	1.68756e-05	0.312017	0.0373078	0.19835	0.0	0.00208889	0.0	0.00229705	0.000824402	1.70743	0.0	0.949266	0.0205046	0.881786	0.537504	0.392501	0.426004	0.469735	0.399666	0.178876	0.338782	0.362285	0.192043	0.0651133	0.083072	-20447.0	4.0	11673.7	-610477.0	4.0	1972.77	1.0	6076.37	219.855	2450.14	173.606	0.287356	0.0191301	1.14045	0.00684099	
0.0-2.4	6.5-30.0	0.0-10.0	0.393-0.785	0.008	0.145	4786.0	4777.0	2111.83	96.7401	2665.64	104.498	-1.0	0.0	-0.193619	0.0591976	0.434264	0.0	3.09249	0.0	0.0483442	0.0	0.0244015	0.0	0.03	0.0	1.492	0.04	5.0	0.0	1.733	0.07	0.0367669	0.0	2.84864e-05	5.39292e-05	0.349369	0.0658801	0.19835	0.0	0.00208889	0.0	0.00161662	0.00155065	1.70743	0.0	0.987508	0.0396925	0.787873	1.28399	0.778524	2.72906	0.514947	0.210059	0.0817722	0.211674	0.171028	0.136958	0.169399	0.720358	-10383.2	4.0	1723.12	-120976.0	3.0	10.5247	1.0	1418.22	101.439	693.603	84.1344	0.328437	0.0368895	1.16619	0.0134721	
0.0-2.4	6.5-30.0	0.0-10.0	0.785-1.178	0.008	0.128	4554.0	4552.0	2190.85	98.2998	2361.25	103.074	-1.0	0.0	0.0317256	0.0661094	0.434264	0.0	3.09249	0.0	0.0483442	0.0	0.0244015	0.0	0.03	0.0	1.492	0.04	5.0	0.0	1.733	0.07	0.0367669	0.0	2.19419e-05	6.75748	0.323374	0.0672398	0.19835	0.0	0.00208889	0.0	0.00342038	0.00164403	1.70743	0.0	0.9692	0.0434088	0.476077	0.818365	0.866372	1.69277	0.425479	0.536401	0.0570191	0.0541512	0.237932	0.168552	0.0705562	0.0793513	-11412.4	4.0	1649.84	-119843.0	3.0	25.384	1.0	1590.75	103.348	600.102	79.4449	0.273913	0.034116	1.15381	0.0146154	
0.0-2.4	6.5-30.0	0.0-10.0	1.178-1.571	0.008	0.152	4112.0	4110.0	1944.74	98.3639	2165.85	122.477	-1.0	0.0	-0.169809	0.102728	0.434264	0.0	3.09249	0.0	0.0483442	0.0	0.0244015	0.0	0.03	0.0	1.492	0.04	5.0	0.0	1.733	0.07	0.0367669	0.0	1.0825e-05	4.3417e-05	0.205544	0.0283028	0.19835	0.0	0.00208889	0.0	0.00211809	0.00148287	1.70743	0.0	0.879315	0.0387238	0.820381	1.17113	0.394728	1.72882	0.323814	3.4957	0.126853	0.301492	0.747984	1.19889	0.0441055	0.239248	3347.06	4.0	234.426	-127104.0	3.0	6053.55	1.0	1458.19	92.691	486.55	61.2988	0.250188	0.0288687	1.09457	0.012469	
0.0-2.4	6.5-30.0	0.0-100.0	0.000-0.393	0.008	0.152	13155.0	13147.0	7264.34	179.278	5883.21	157.713	-1.0	0.0	-0.0232362	0.0396085	0.434264	0.0	3.09249	0.0	0.0483442	0.0	0.0240911	0.0	0.03	0.0	1.492	0.04	5.0	0.0	1.733	0.07	0.0366509	0.0	1.87871e-05	0.000150437	0.365684	0.0517087	0.188773	0.046412	0.00195616	0.00245764	0.00227997	0.000810254	1.81358	0.104055	0.915989	0.019264	0.688135	2.37767	0.711918	1.06551	0.574612	0.975997	0.0268922	0.104393	0.224605	0.0724465	0.118602	0.141036	-33197.2	4.0	12432.6	-411522.0	3.0	378.679	1.0	5103.92	197.178	2160.42	160.798	0.2974	0.020883	1.14085	0.0300671	
0.0-2.4	6.5-30.0	0.0-100.0	0.000-1.571	0.004	0.164	47950.0	47935.0	26924.4	538.525	21009.3	525.239	-1.0	0.0	-0.0965626	0.026348	0.434264	0.124392	3.09249	0.000509285	0.0483442	0.00559005	0.0240911	0.00197038	0.03	0.0	1.492	0.04	5.0	0.0	1.733	0.07	0.0366509	0.00221798	1.00456e-05	6.70688e-06	0.343276	0.0270716	0.19835	0.0380118	0.00208889	0.00129289	0.00261107	0.000450344	1.70743	0.0628596	0.938321	0.0113812	0.610506	0.501505	0.924393	0.308409	0.547658	0.337737	0.0578985	0.0968432	0.284855	0.153314	0.396335	1.97335	-42143.9	4.0	68167.4	-1801750.0	7.0	8136.23	1.0	19182.7	489.572	7741.77	341.245	0.287537	0.0112942	1.13316	0.0198422	
0.0-2.4	6.5-30.0	0.0-100.0	0.393-0.785	0.008	0.145	12453.0	12441.0	6833.74	168.68	5608.04	154.897	-1.0	0.0	-0.164523	0.0403562	0.434264	0.0	3.09249	0.0	0.0483442	0.0	0.0240911	0.0	0.03	0.0	1.492	0.04	5.0	0.0	1.733	0.07	0.0366509	0.0	2.84864e-05	5.39292e-05	0.348653	0.0505627	0.147166	0.0720109	0.00527986	0.00343352	0.00221422	0.000881319	1.76284	0.161967	0.991867	0.023799	0.604756	0.605388	0.896667	0.226348	0.471025	0.465227	0.0526199	0.0708149	0.215574	0.0739334	0.372973	0.783469	-25701.2	4.0	9406.44	-362477.0	3.0	67.8215	1.0	4912.2	188.726	1921.54	152.202	0.281184	0.0211631	1.13858	0.0393235	
0.0-2.4	6.5-30.0	0.0-100.0	0.785-1.178	0.008	0.152	11640.0	11637.0	6694.04	186.236	4943.73	163.611	-1.0	0.0	-0.0549557	0.0491258	0.434264	0.0	3.09249	0.0	0.0483442	0.0	0.0240911	0.0	0.03	0.0	1.492	0.04	5.0	0.0	1.733	0.07	0.0366509	0.0	1.02728e-05	0.00383331	0.405631	0.0947281	0.110192	0.0438595	0.00642572	0.00380672	0.00235501	0.000950672	1.89395	0.158315	0.989113	0.0247383	0.614498	0.289122	1.0	0.00146779	0.55067	0.204505	0.0746115	0.0369336	0.306721	0.0698623	0.446074	115.138	14521.7	4.0	39538.0	-464555.0	3.0	3.75182	1.0	4756.1	229.103	1937.94	194.645	0.289503	0.0279396	1.12508	0.0309129	
0.0-2.4	6.5-30.0	0.0-100.0	1.178-1.571	0.008	0.152	10701.0	10698.0	6132.75	157.975	4565.43	163.705	-1.0	0.0	-0.150656	0.0659583	0.434264	0.0	3.09249	0.0	0.0483442	0.0	0.0240911	0.0	0.03	0.0	1.492	0.04	5.0	0.0	1.733	0.07	0.0366509	0.0	1.0825e-05	4.3417e-05	0.260251	0.0238881	0.588479	0.127844	-0.000847859	0.00122532	0.00258545	0.00118832	1.39348	0.0566297	0.685687	0.034595	0.705931	0.295717	0.90347	0.349172	0.574682	0.1939	0.0676321	0.0729085	0.416192	0.330883	0.638264	4.63039	-9344.74	4.0	2595.7	-321926.0	3.0	3814.73	1.0	4388.86	153.13	1743.89	112.63	0.284356	0.0168414	1.15594	0.0455737	
0.0-2.4	6.5-30.0	10.0-20.0	0.000-0.393	0.008	0.128	3258.0	3256.0	1749.04	83.5778	1507.14	75.1597	-1.0	0.0	0.069391	0.0730689	0.434264	0.0	3.09249	0.0	0.0483442	0.0	0.0234355	0.0	0.03	0.0	1.492	0.04	5.0	0.0	1.733	0.07	0.0364096	0.0	1.21272e-05	9.04109	0.324646	0.065957	0.19835	0.0	0.00208889	0.0	-0.000869446	0.00161604	1.70743	0.0	0.941051	0.0371722	0.97795	34.9314	0.715518	4.80519	0.662355	5.69767	0.00102415	5.36577	0.191189	0.0543	0.136276	0.082331	-7862.86	4.0	2298.1	-81523.9	3.0	91.3841	1.0	1134.3	89.4235	614.749	76.9521	0.351477	0.0406648	1.13498	0.0123538	
0.0-2.4	6.5-30.0	10.0-20.0	0.000-1.571	0.008	0.16	11670.0	11668.0	6345.77	178.615	5322.64	159.338	-1.0	0.0	-0.0684308	0.0447458	0.434264	0.0	3.09249	0.0	0.0483442	0.0	0.0234355	0.000554675	0.03	0.0	1.492	0.04	5.0	0.0	1.733	0.07	0.0364096	0.00010099	1.13588e-05	0.0219528	0.38624	0.0676868	0.19835	0.0	0.00208889	0.0	0.00293982	0.00100931	1.70743	0.0	0.951344	0.0241574	0.476138	1.41344	0.847725	0.418526	0.41739	1.46531	0.0347167	0.095098	0.203751	0.238182	0.438094	1.31533	-13183.0	4.0	16859.8	-389353.0	4.0	6013.04	1.0	4356.74	201.613	1989.03	169.541	0.313442	0.0252185	1.14184	0.00806749	
0.0-2.4	6.5-30.0	10.0-20.0	0.393-0.785	0.008	0.128	2935.0	2924.0	1565.31	89.9239	1359.37	77.1042	-1.0	0.0	-0.0608992	0.0795971	0.434264	0.0	3.09249	0.0	0.0483442	0.0	0.0234355	0.0	0.03	0.0	1.492	0.04	5.0	0.0	1.733	0.07	0.0364096	0.0	2.00232e-05	3.80084e-05	0.480647	0.285939	0.19835	0.0	0.00208889	0.0	0.00348943	0.00224791	1.70743	0.0	0.952097	0.0592429	0.460014	0.809239	0.897711	0.140205	0.167616	0.961501	0.0363046	0.0338465	0.137265	0.0279905	0.237795	0.174087	-5534.32	4.0	4929.29	-81652.6	3.0	472.7	1.0	1194.54	116.974	370.77	97.0942	0.236867	0.0605178	1.14234	0.0197914	
0.0-2.4	6.5-30.0	10.0-20.0	0.785-1.178	0.008	0.152	2923.0	2921.0	1610.16	104.13	1311.51	92.4851	-1.0	0.0	-0.0747027	0.109993	0.434264	0.0	3.09249	0.0	0.0483442	0.0	0.0234355	0.0	0.03	0.0	1.492	0.04	5.0	0.0	1.733	0.07	0.0364096	0.0	1.02728e-05	0.00383331	0.490934	0.229366	0.19835	0.0	0.00208889	0.0	0.0015341	0.00191071	1.70743	0.0	0.970691	0.0467894	0.90439	80.8392	0.482927	83.9133	0.56294	70.8221	0.0010004	22.6453	0.651529	0.951894	0.112293	0.103969	1061.31	4.0	8005.72	-110734.0	3.0	427.871	1.0	1080.21	112.71	529.945	94.8574	0.329126	0.0549324	1.15482	0.0157641	
0.0-2.4	6.5-30.0	10.0-20.0	1.178-1.571	0.008	0.12	2551.0	2544.0	1419.58	72.6386	1124.66	68.2124	-1.0	0.0	-0.249318	0.100106	0.434264	0.0	3.09249	0.0	0.0483442	0.0	0.0234355	0.0	0.03	0.0	1.492	0.04	5.0	0.0	1.733	0.07	0.0364096	0.0	1.01172e-05	3.47073	0.282939	0.0529158	0.19835	0.0	0.00208889	0.0	0.00177175	0.00189796	1.70743	0.0	0.937998	0.0513553	0.548591	0.200007	0.748111	0.404432	0.447796	0.27674	0.0462656	0.0353008	0.158607	0.0386493	0.453866	0.671072	-5180.49	4.0	809.486	-55826.7	3.0	50.9298	1.0	923.006	74.5432	496.576	63.0216	0.349804	0.0406262	1.13295	0.0170424	
0.0-2.4	6.5-30.0	10.0-30.0	0.000-0.393	0.008	0.128	5532.0	5527.0	3119.02	116.73	2408.17	96.5755	-1.0	0.0	0.014224	0.0567368	0.434264	0.0	3.09249	0.0	0.0483442	0.0	0.0233583	0.0	0.03	0.0	1.492	0.04	5.0	0.0	1.733	0.07	0.0363815	0.0	1.21272e-05	9.04109	0.382568	0.0699899	0.19835	0.0	0.00208889	0.0	0.00136271	0.00117879	1.70743	0.0	0.899354	0.0286498	0.566305	1.64384	0.726701	0.886534	0.456196	1.11221	0.0221368	0.0570261	0.180823	0.0725362	0.0927982	0.106903	-15140.6	4.0	5048.93	-156417.0	3.0	542.474	1.0	2134.13	124.556	984.895	102.439	0.315771	0.0306434	1.10755	0.00932494	
0.0-2.4	6.5-30.0	10.0-30.0	0.000-1.571	0.004	0.164	19603.0	19601.0	11228.8	230.975	8372.72	199.015	-1.0	0.0	-0.061722	0.0363537	0.434264	0.0	3.09249	0.0	0.0483442	0.0	0.0233583	0.00054129	0.03	0.0	1.492	0.04	5.0	0.0	1.733	0.07	0.0363816	9.83047e-05	1.00456e-05	6.70688e-06	0.405674	0.0638771	0.19835	0.0	0.00208889	0.0	0.00269103	0.000716835	1.70743	0.0	0.914922	0.0175663	0.490013	1.05446	0.89356	0.202305	0.428587	1.08566	0.037251	0.0737432	0.201221	0.071881	0.433926	0.785501	-1118.64	4.0	43553.1	-735022.0	4.0	788.157	1.0	7843.38	278.586	3385.41	237.55	0.301494	0.020226	1.11772	0.0057635	
0.0-2.4	6.5-30.0	10.0-30.0	0.393-0.785	0.008	0.145	4994.0	4993.0	2817.85	110.347	2175.27	93.1104	-1.0	0.0	-0.0635394	0.0607131	0.434264	0.0	3.09249	0.0	0.0483442	0.0	0.0233583	0.0	0.03	0.0	1.492	0.04	5.0	0.0	1.733	0.07	0.0363815	0.0	2.84864e-05	5.39292e-05	0.365168	0.102835	0.19835	0.0	0.00208889	0.0	0.00365041	0.00153157	1.70743	0.0	0.932398	0.0396372	0.465826	0.261323	0.897914	0.111056	0.304239	0.340244	0.0339618	0.0164882	0.148583	0.0212859	0.358826	0.31192	-12019.3	4.0	5811.05	-132559.0	3.0	360.718	1.0	2059.35	132.162	758.503	108.837	0.269177	0.037158	1.12924	0.0131182	
0.0-2.4	6.5-30.0	10.0-30.0	0.785-1.178	0.008	0.152	4708.0	4706.0	2765.43	133.823	1940.6	111.092	-1.0	0.0	-0.0973711	0.082859	0.434264	0.0	3.09249	0.0	0.0483442	0.0	0.0233583	0.0	0.03	0.0	1.492	0.04	5.0	0.0	1.733	0.07	0.0363815	0.0	1.02728e-05	0.00383331	0.553875	0.29995	0.19835	0.0	0.00208889	0.0	0.00139171	0.00159659	1.70743	0.0	0.886606	0.0384331	0.824806	0.348958	0.414612	1.4904	0.334241	2.53192	0.155192	0.183935	0.414013	0.265183	0.0371942	0.138752	26465.2	4.0	28188.9	-227522.0	3.0	140.818	1.0	1871.44	165.904	893.989	145.582	0.323273	0.0502657	1.09928	0.0124247	
0.0-2.4	6.5-30.0	10.0-30.0	1.178-1.571	0.008	0.145	4367.0	4366.0	2523.5	99.15	1842.64	96.5808	-1.0	0.0	-0.11504	0.0969552	0.434264	0.0	3.09249	0.0	0.0483442	0.0	0.0233583	0.0	0.03	0.0	1.492	0.04	5.0	0.0	1.733	0.07	0.0363815	0.0	1.38171e-05	4.85666e-05	0.293647	0.0450013	0.19835	0.0	0.00208889	0.0	0.000982908	0.00135912	1.70743	0.0	0.888725	0.0328417	0.518	0.0770477	0.84902	0.226906	0.448922	0.143161	0.0430252	0.0129871	0.222819	0.0643307	0.495559	0.771996	-11498.1	4.0	1812.96	-111180.0	3.0	1096.99	1.0	1729.93	99.4437	793.572	79.0019	0.314473	0.0287651	1.10065	0.0106292	
0.0-2.4	6.5-30.0	10.0-60.0	0.000-0.393	0.008	0.152	7982.0	7980.0	4734.72	135.862	3246.2	109.799	-1.0	0.0	-0.0551791	0.048522	0.434264	0.0	3.09249	0.0	0.0483442	0.0	0.0239647	0.0	0.03	0.0	1.492	0.04	5.0	0.0	1.733	0.07	0.036604	0.0	1.87871e-05	0.000150437	0.341215	0.047793	0.19835	0.0	0.00208889	0.0	0.00152213	0.00089887	1.70743	0.0	0.860624	0.0223184	0.563423	1.55894	0.786713	0.688036	0.44426	1.22287	0.02409	0.0719571	0.202345	0.0673368	0.0911353	0.131233	-23875.8	4.0	5670.23	-216336.0	3.0	368.196	1.0	3335.88	144.978	1398.84	116.048	0.295443	0.0229972	1.0826	0.00711156	
0.0-2.4	6.5-30.0	10.0-60.0	0.000-1.571	0.004	0.164	28504.0	28501.0	17492.7	275.701	11008.8	227.059	-1.0	0.0	-0.106814	0.031495	0.434264	0.0	3.09249	0.0	0.0483442	0.0	0.0239647	0.000476501	0.03	0.0	1.492	0.04	5.0	0.0	1.733	0.07	0.036604	8.82453e-05	1.00456e-05	6.70688e-06	0.353261	0.0370162	0.19835	0.0	0.00208889	0.0	0.00216609	0.000546808	1.70743	0.0	0.896863	0.0136455	0.555156	0.688026	0.928828	0.106491	0.459703	0.61746	0.0452671	0.0672856	0.258814	0.116563	0.675657	2.67817	-22437.0	4.0	55284.5	-1030930.0	4.0	500.509	1.0	12416.1	319.872	5076.66	265.38	0.290216	0.0144649	1.10593	0.00443552	
0.0-2.4	6.5-30.0	10.0-60.0	0.393-0.785	0.008	0.145	7407.0	7406.0	4497.0	135.001	2909.29	113.552	-1.0	0.0	-0.14098	0.0557298	0.434264	0.0	3.09249	0.0	0.0483442	0.0	0.0239647	0.0	0.03	0.0	1.492	0.04	5.0	0.0	1.733	0.07	0.036604	0.0	2.84864e-05	5.39292e-05	0.346725	0.0715443	0.19835	0.0	0.00208889	0.0	0.0028842	0.00116292	1.70743	0.0	0.95029	0.0322988	0.487573	0.661428	0.916728	0.166609	0.373328	0.762254	0.038599	0.044871	0.252046	0.13809	0.5414	1.67416	-14827.7	4.0	7575.18	-207449.0	3.0	69.6719	1.0	3323.93	156.372	1173.06	125.44	0.260855	0.0267725	1.14113	0.010781	
0.0-2.4	6.5-30.0	10.0-60.0	0.785-1.178	0.008	0.152	6762.0	6760.0	4288.32	157.135	2471.95	119.836	-1.0	0.0	-0.11429	0.0706358	0.434264	0.0	3.09249	0.0	0.0483442	0.0	0.0239647	0.0	0.03	0.0	1.492	0.04	5.0	0.0	1.733	0.07	0.036604	0.0	1.02728e-05	0.00383331	0.428267	0.1388	0.19835	0.0	0.00208889	0.0	0.00139006	0.00124758	1.70743	0.0	0.86082	0.0289082	0.832435	0.433518	0.459247	0.957455	0.297506	1.61398	0.133066	0.180991	0.406271	0.190143	0.0389643	0.108431	22108.5	4.0	39283.1	-298835.0	3.0	126.503	1.0	2973.26	189.975	1315.06	162.92	0.306662	0.0362917	1.08272	0.00921238	
0.0-2.4	6.5-30.0	10.0-60.0	1.178-1.571	0.008	0.152	6351.0	6350.0	3973.79	120.963	2376.24	108.96	-1.0	0.0	-0.126125	0.0832134	0.434264	0.0	3.09249	0.0	0.0483442	0.0	0.0239647	0.0	0.03	0.0	1.492	0.04	5.0	0.0	1.733	0.07	0.036604	0.0	1.0825e-05	4.3417e-05	0.294006	0.0349829	0.19835	0.0	0.00208889	0.0	0.00132867	0.00105137	1.70743	0.0	0.870919	0.0258404	0.555935	0.119044	0.898605	0.182406	0.414465	0.180034	0.049168	0.0199126	0.260101	0.0708769	1.69482	15.5163	-14877.2	4.0	2311.36	-164220.0	3.0	1387.7	1.0	2757.62	121.421	1216.17	95.2222	0.306047	0.0220774	1.08918	0.00828196	
0.0-2.4	6.5-30.0	20.0-30.0	0.000-0.393	0.008	0.105	2273.0	2267.0	1369.36	81.1859	898.088	60.6635	-1.0	0.0	-0.0671272	0.0900589	0.434264	0.0	3.09249	0.0	0.0483442	0.0	0.0232614	0.0	0.03	0.0	1.492	0.04	5.0	0.0	1.733	0.07	0.0363464	0.0	1.01047e-05	0.00333619	0.47935	0.167717	0.19835	0.0	0.00208889	0.0	0.00352998	0.00151677	1.70743	0.0	0.879272	0.0426659	0.425083	0.242701	0.876472	0.901418	0.367576	0.391164	0.0368031	0.0629034	0.146434	0.0873045	0.087893	0.16695	-7437.36	4.0	2846.72	-62226.0	3.0	537.059	1.0	988.009	85.7324	381.356	66.5586	0.278491	0.0457152	1.09454	0.0137381	
0.0-2.4	6.5-30.0	20.0-30.0	0.000-1.571	0.008	0.136	7933.0	7917.0	4880.12	148.378	3037.78	118.629	-1.0	0.0	-0.0567376	0.0617262	0.434264	0.0	3.09249	0.0	0.0483442	0.0	0.0232614	0.000969294	0.03	0.0	1.492	0.04	5.0	0.0	1.733	0.07	0.0363464	0.000175475	1.61666e-05	1.68756e-05	0.440834	0.132158	0.19835	0.0	0.00208889	0.0	0.00188144	0.0010325	1.70743	0.0	0.856417	0.0259784	0.594866	0.949485	0.699658	2.31474	0.366986	1.21863	0.0471162	0.0589192	0.20499	0.115766	0.0355499	0.127203	10410.6	4.0	24871.3	-291609.0	4.0	1455.12	1.0	3476.67	193.348	1403.45	167.422	0.287586	0.033174	1.07992	0.00825776	
0.0-2.4	6.5-30.0	20.0-30.0	0.393-0.785	0.008	0.105	2059.0	2038.0	1255.57	63.8037	782.623	51.0443	-1.0	0.0	-0.0649982	0.0934944	0.434264	0.0	3.09249	0.0	0.0483442	0.0	0.0232614	0.0	0.03	0.0	1.492	0.04	5.0	0.0	1.733	0.07	0.0363464	0.0	1.22898e-05	0.163554	0.267178	0.0483041	0.19835	0.0	0.00208889	0.0	0.00283638	0.00194878	1.70743	0.0	0.911903	0.0517788	0.6474	4.74122	0.999999	17.9965	0.597527	3.06408	0.0502625	0.465094	0.18272	0.271453	0.0235835	84.6606	-8168.1	4.0	369.251	-39579.1	3.0	30.0203	1.0	862.94	64.9576	392.633	51.9098	0.312712	0.0381676	1.11574	0.0169626	
0.0-2.4	6.5-30.0	20.0-30.0	0.785-1.178	0.008	0.12	1784.0	1780.0	1157.31	87.1961	623.374	57.7351	-1.0	0.0	-0.140882	0.111617	0.434264	0.0	3.09249	0.0	0.0483442	0.0	0.0232614	0.0	0.03	0.0	1.492	0.04	5.0	0.0	1.733	0.07	0.0363464	0.0	1.50151e-05	1.29092	0.7591	1.17419	0.19835	0.0	0.00208889	0.0	0.00198187	0.00260794	1.70743	0.0	0.831527	0.065351	0.54677	2.71028	0.95842	0.273503	0.335954	2.80332	0.0345623	0.107236	0.15082	0.0631389	0.131146	0.304774	22928.3	4.0	15036.1	-96178.8	3.0	200.632	1.0	784.54	134.098	372.773	123.6	0.322102	0.104006	1.06421	0.0204671	
0.0-2.4	6.5-30.0	20.0-30.0	1.178-1.571	0.008	0.128	1816.0	1813.0	1100.88	67.5246	712.383	68.0888	-1.0	0.0	0.0654877	0.171864	0.434264	0.0	3.09249	0.0	0.0483442	0.0	0.0232614	0.0	0.03	0.0	1.492	0.04	5.0	0.0	1.733	0.07	0.0363464	0.0	2.47983e-05	5.01035e-05	0.31188	0.0832869	0.19835	0.0	0.00208889	0.0	-0.00198525	0.00220234	1.70743	0.0	0.797411	0.044396	0.79765	28.7504	0.449101	19.4244	0.240546	4.84661	0.0418181	0.543863	0.327859	1.97203	0.0343085	0.53128	-6463.23	4.0	1237.13	-45448.3	3.0	1381.07	1.0	802.696	66.9883	298.182	48.9679	0.270858	0.0412616	1.04307	0.013604	
0.0-2.4	6.5-30.0	30.0-60.0	0.000-0.393	0.008	0.12	2450.0	2446.0	1608.1	68.6956	838.724	53.2366	-1.0	0.0	-0.233708	0.0947321	0.434264	0.0	3.09249	0.0	0.0483442	0.0	0.0247891	0.0	0.03	0.0	1.492	0.04	5.0	0.0	1.733	0.07	0.0369133	0.0	1.00028e-05	2.85792e-05	0.249349	0.0430606	0.19835	0.0	0.00208889	0.0	0.00105553	0.00132807	1.70743	0.0	0.7524	0.0351476	0.622778	53.4028	0.628603	271.007	0.198166	183.224	0.036181	8.18076	0.244555	4.37703	0.020025	80.3742	-9228.53	4.0	456.992	-45847.8	3.0	0.00671911	1.0	1177.25	70.2456	430.842	52.3835	0.267921	0.030498	1.01591	0.0104338	
0.0-2.4	6.5-30.0	30.0-60.0	0.000-1.571	0.008	0.145	8901.0	8897.0	6249.05	147.503	2648.54	110.721	-1.0	0.0	-0.248393	0.060557	0.434264	0.0	3.09249	0.0	0.0483442	0.0	0.0247891	0.000926169	0.03	0.0	1.492	0.04	5.0	0.0	1.733	0.07	0.0369133	0.000175935	1.27502e-05	0.000164255	0.266265	0.0267791	0.19835	0.0	0.00208889	0.0	0.000556701	0.000807021	1.70743	0.0	0.808243	0.0213874	0.778508	1.34298	0.523888	0.975441	0.150237	0.25521	0.0510015	0.0645482	0.444635	0.186573	0.0418601	0.0316765	-26348.6	4.0	4118.62	-236310.0	4.0	341.568	1.0	4506.81	155.424	1742.24	120.545	0.278801	0.018133	1.04973	0.00660048	
0.0-2.4	6.5-30.0	30.0-60.0	0.393-0.785	0.008	0.12	2413.0	2413.0	1680.81	77.7295	732.298	64.1625	-1.0	0.0	-0.370352	0.116152	0.434264	0.0	3.09249	0.0	0.0483442	0.0	0.0247891	0.0	0.03	0.0	1.492	0.04	5.0	0.0	1.733	0.07	0.0369133	0.0	1.0132e-05	0.0868918	0.292247	0.0719075	0.19835	0.0	0.00208889	0.0	-0.000869142	0.00175964	1.70743	0.0	0.881919	0.0530506	0.799463	8.52818	0.474111	5.43532	0.0710207	0.765202	0.0403996	0.207001	0.551251	0.575958	0.0441515	0.0600929	-4480.47	4.0	2174.26	-59493.7	3.0	873.355	1.0	1251.99	83.1293	428.816	62.8607	0.255125	0.0354893	1.09625	0.0171066	
0.0-2.4	6.5-30.0	30.0-60.0	0.785-1.178	0.008	0.12	2054.0	2051.0	1515.85	78.0941	535.832	49.5781	-1.0	0.0	-0.180908	0.128924	0.434264	0.0	3.09249	0.0	0.0483442	0.0	0.0247891	0.0	0.03	0.0	1.492	0.04	5.0	0.0	1.733	0.07	0.0369133	0.0	1.50151e-05	1.29092	0.233504	0.0500524	0.19835	0.0	0.00208889	0.0	0.00073722	0.00191465	1.70743	0.0	0.818648	0.0437051	0.92498	1.65194	0.561973	1.46223	0.244533	0.237593	0.0723494	0.113153	0.404904	0.313666	0.0577432	0.110756	-9572.09	4.0	1737.1	-53080.1	3.0	111.538	1.0	1061.51	89.1199	454.336	74.1587	0.299724	0.0464216	1.05618	0.0135784	
0.0-2.4	6.5-30.0	30.0-60.0	1.178-1.571	0.008	0.12	1983.0	1972.0	1438.61	68.3848	533.583	50.809	-1.0	0.0	-0.165178	0.152676	0.434264	0.0	3.09249	0.0	0.0483442	0.0	0.0247891	0.0	0.03	0.0	1.492	0.04	5.0	0.0	1.733	0.07	0.0369133	0.0	1.01172e-05	3.47073	0.294789	0.0546103	0.19835	0.0	0.00208889	0.0	0.00176494	0.00169638	1.70743	0.0	0.824873	0.0428915	0.709618	0.517084	0.628335	0.770824	0.155507	0.33778	0.0440724	0.0929114	0.631296	0.742147	0.0614394	0.0529403	-4754.0	4.0	662.332	-40807.1	3.0	269.352	1.0	1012.17	68.7546	426.433	53.1331	0.296421	0.0341403	1.06005	0.0133779	
0.0-2.4	6.5-8.0	0.0-100.0	0.000-0.393	0.016	0.136	6923.0	6912.0	3054.97	137.673	3857.5	137.662	-1.0	0.0	-0.0482195	0.0516134	0.402886	0.0	3.09166	0.0	0.050835	0.0	0.0267197	0.0	0.03	0.0	1.492	0.04	5.0	0.0	1.733	0.07	0.0383072	0.0	5.8071e-05	0.000360109	0.391967	0.12663	0.313059	0.129726	0.00413537	0.00521731	0.00305742	0.00170866	1.71404	0.172071	0.905497	0.0311459	0.999976	447.885	0.576687	1.13681	0.746121	0.518738	0.0020476	443.641	0.207526	0.281441	0.144572	0.202889	-19932.1	4.0	8352.88	-244022.0	3.0	951.593	1.0	2283.66	166.522	771.309	135.449	0.252476	0.0428524	1.21778	0.0684259	
0.0-2.4	6.5-8.0	0.0-100.0	0.000-1.571	0.016	0.16	24630.0	24625.0	11121.6	326.809	13503.5	347.877	-1.0	0.0	-0.0410199	0.0368075	0.402886	0.169166	3.09166	0.000990594	0.050835	0.00485118	0.0267197	0.00323824	0.03	0.0	1.492	0.04	5.0	0.0	1.733	0.07	0.0383072	0.00146168	2.57968e-05	9.0559e-05	0.292104	0.0348224	0.307488	0.0880482	0.00439684	0.00310131	0.00334361	0.000882946	1.63221	0.0944826	0.914253	0.0182909	0.544482	0.35766	0.890176	0.476989	0.626974	0.357096	0.0686344	0.102469	0.241397	0.368041	0.492581	3.56379	-55599.1	4.0	14202.7	-942831.0	7.0	853.544	1.0	8450.79	320.904	2670.81	217.882	0.240146	0.0182758	1.18238	0.0398063	
0.0-2.4	6.5-8.0	0.0-100.0	0.393-0.785	0.016	0.145	6367.0	6363.0	2694.17	113.936	3669.7	127.483	-1.0	0.0	-0.094583	0.0519599	0.402886	0.0	3.09166	0.0	0.050835	0.0	0.0267197	0.0	0.03	0.0	1.492	0.04	5.0	0.0	1.733	0.07	0.0383072	0.0	3.35609e-05	0.000234572	0.276865	0.0515393	0.488577	0.194943	0.00546084	0.00439552	0.00146254	0.0023129	1.47132	0.124323	0.873559	0.0506554	0.636148	0.165006	0.822028	0.358505	0.520206	0.107865	0.065259	0.0332575	0.136285	0.0234768	0.248146	0.258466	-23209.0	4.0	654.099	-175318.0	3.0	3.42024	1.0	2131.25	120.966	562.92	84.1189	0.20894	0.0299462	1.2033	0.0684858	
0.0-2.4	6.5-8.0	0.0-100.0	0.785-1.178	0.016	0.152	6006.0	6004.0	2883.19	127.506	3121.05	132.022	-1.0	0.0	0.0602136	0.0645477	0.402886	0.0	3.09166	0.0	0.050835	0.0	0.0267197	0.0	0.03	0.0	1.492	0.04	5.0	0.0	1.733	0.07	0.0383072	0.0	4.17642e-05	0.79061	0.250889	0.0416184	0.230575	0.110068	0.00708186	0.0153869	0.00244153	0.00159293	1.73111	0.184706	0.883089	0.0347447	0.392269	4.20629	0.431961	2.652	0.385816	2.44367	0.0343806	0.208959	0.38661	0.451807	0.0827924	0.0689048	-22170.5	4.0	2653.48	-199301.0	3.0	75.8512	1.0	2092.67	137.04	790.516	106.946	0.274181	0.035055	1.13623	0.0635842	
0.0-2.4	6.5-8.0	0.0-100.0	1.178-1.571	0.016	0.152	5332.0	5328.0	2487.87	119.626	2840.81	145.285	-1.0	0.0	-0.0692938	0.0959889	0.402886	0.0	3.09166	0.0	0.050835	0.0	0.0267197	0.0	0.03	0.0	1.492	0.04	5.0	0.0	1.733	0.07	0.0383072	0.0	6.96199e-05	0.00138898	0.250786	0.0399624	0.599664	0.33064	-4.6222e-05	0.00372	0.00159982	0.00208004	1.40906	0.147928	0.651764	0.0553328	0.611588	0.728987	0.793835	1.04976	0.645959	0.345164	0.0708145	0.155204	0.507995	1.23946	0.554658	4.2925	-1045.4	4.0	705.492	-186978.0	3.0	3546.08	1.0	1920.47	115.347	567.409	74.3109	0.22807	0.0277832	1.16647	0.123042	
0.0-2.4	6.5-8.0	10.0-60.0	0.000-0.393	0.016	0.128	4028.0	4022.0	1967.53	101.343	2054.74	93.1724	-1.0	0.0	-0.0669545	0.0643333	0.402886	0.0	3.09166	0.0	0.050835	0.0	0.0259411	0.0	0.03	0.0	1.492	0.04	5.0	0.0	1.733	0.07	0.0379863	0.0	5.95546e-05	0.000344739	0.308495	0.0727846	0.307488	0.0	0.00439684	0.0	-0.000195006	0.00187615	1.63221	0.0	0.888733	0.0373175	0.998825	70.6442	0.605096	4.69537	0.744131	2.78625	0.00272915	120.39	0.222065	1.14437	0.105265	1.08429	-14524.1	4.0	3132.01	-119741.0	3.0	640.588	1.0	1419.49	114.572	548.046	92.6172	0.278545	0.0448331	1.16883	0.00982496	
0.0-2.4	6.5-8.0	10.0-60.0	0.000-1.571	0.016	0.16	13949.0	13946.0	7201.07	191.555	6745.7	185.068	-1.0	0.0	-0.0162132	0.0422142	0.402886	0.0	3.09166	0.0	0.050835	0.0	0.0259411	0.000872901	0.03	0.0	1.492	0.04	5.0	0.0	1.733	0.07	0.0379863	0.000177973	2.57968e-05	9.0559e-05	0.262246	0.0292872	0.307488	0.0	0.00439684	0.0	0.00142593	0.00105459	1.63221	0.0	0.877737	0.0210731	0.534587	0.975573	0.811368	0.373337	0.613633	0.610213	0.047721	0.109364	0.22041	0.0983621	0.366214	0.536778	-51479.4	4.0	5868.72	-473486.0	4.0	1162.09	1.0	5316.97	209.604	1884.1	162.608	0.261642	0.0214818	1.16306	0.00550665	
0.0-2.4	6.5-8.0	10.0-60.0	0.393-0.785	0.016	0.145	3618.0	3617.0	1840.62	89.4344	1776.6	88.5983	-1.0	0.0	-0.0175443	0.0725115	0.402886	0.0	3.09166	0.0	0.050835	0.0	0.0259411	0.0	0.03	0.0	1.492	0.04	5.0	0.0	1.733	0.07	0.0379863	0.0	3.35609e-05	0.000234572	0.242798	0.0475078	0.307488	0.0	0.00439684	0.0	0.00273693	0.00244817	1.63221	0.0	0.953602	0.0512222	0.462527	0.78518	0.831973	0.288778	0.491961	0.692188	0.0388774	0.0532538	0.141793	0.0654726	0.350661	0.330532	-15915.2	4.0	249.412	-91505.3	3.0	20.6596	1.0	1449.33	95.2282	391.288	66.8627	0.212585	0.0348267	1.20371	0.0140508	
0.0-2.4	6.5-8.0	10.0-60.0	0.785-1.178	0.016	0.152	3249.0	3247.0	1791.12	100.487	1455.95	92.4105	-1.0	0.0	0.0755873	0.0938018	0.402886	0.0	3.09166	0.0	0.050835	0.0	0.0259411	0.0	0.03	0.0	1.492	0.04	5.0	0.0	1.733	0.07	0.0379863	0.0	4.17642e-05	0.79061	0.212355	0.0517528	0.307488	0.0	0.00439684	0.0	9.98889e-05	0.00197797	1.63221	0.0	0.826381	0.035324	0.957136	90.1313	0.34861	19.9789	0.589208	1.09551	0.154008	3.76441	0.430009	6.27882	0.101394	2.38474	-11862.4	4.0	2602.38	-105120.0	3.0	610.716	1.0	1264.77	117.658	526.349	98.3896	0.293866	0.0523993	1.13671	0.00889199	
0.0-2.4	6.5-8.0	10.0-60.0	1.178-1.571	0.016	0.136	3052.0	3049.0	1600.39	87.2675	1449.57	92.2125	-1.0	0.0	-0.0247717	0.114117	0.402886	0.0	3.09166	0.0	0.050835	0.0	0.0259411	0.0	0.03	0.0	1.492	0.04	5.0	0.0	1.733	0.07	0.0379863	0.0	1.20568e-05	0.0173859	0.280747	0.0539281	0.307488	0.0	0.00439684	0.0	0.000795761	0.00208055	1.63221	0.0	0.778498	0.0434527	0.40223	0.163408	0.759739	0.393528	0.528622	0.1643	0.0455748	0.0175934	0.266952	0.118934	0.480538	0.693043	-10779.8	4.0	1069.16	-85054.9	3.0	1001.37	1.0	1167.99	86.3184	432.4	62.853	0.270184	0.0364054	1.11305	0.0105234	
0.0-2.4	8.0-10.0	0.0-100.0	0.000-0.393	0.008	0.152	3567.0	3561.0	2247.92	79.7225	1313.46	64.5785	-1.0	0.0	0.0670785	0.075018	0.411521	0.0	3.09316	0.0	0.0509338	0.0	0.023238	0.0	0.03	0.0	1.492	0.04	5.0	0.0	1.733	0.07	0.0372206	0.0	1.01039e-05	0.487899	0.249498	0.0321951	0.0783534	0.0380246	0.00336464	0.00777792	0.00126084	0.00119073	2.21072	0.285123	0.933115	0.0301437	0.558719	0.775355	0.999822	104.791	0.437898	1.45319	0.0483429	0.0990133	0.226844	0.307894	0.0201063	1022.88	-10774.6	4.0	556.512	-65176.2	3.0	12.4525	1.0	1596.0	81.5439	651.924	63.0886	0.290011	0.0261127	1.08877	0.0434282	
0.0-2.4	8.0-10.0	0.0-100.0	0.000-1.571	0.008	0.152	13137.0	13124.0	8400.54	478.552	4723.58	456.713	-1.0	0.0	-0.108094	0.0625972	0.411521	0.345594	3.09316	0.000942564	0.0509338	0.0215262	0.023238	0.00536854	0.03	0.0	1.492	0.04	5.0	0.0	1.733	0.07	0.0372206	0.00614083	1.04463e-05	0.772766	0.35079	0.0534098	0.0999374	0.0382996	0.00376099	0.00404766	0.0028241	0.000787659	1.94825	0.155484	0.979551	0.0196534	0.604583	1.71083	0.960919	0.234806	0.487225	1.39763	0.0436676	0.130096	0.350098	0.178721	0.338757	1.9488	14638.3	4.0	51196.4	-406973.0	7.0	688953.0	1.0	5981.88	382.18	2418.66	221.183	0.287917	0.0205969	1.11488	0.0289487	
0.0-2.4	8.0-10.0	0.0-100.0	0.393-0.785	0.016	0.105	3483.0	3456.0	2247.13	89.8465	1209.66	73.4688	-1.0	0.0	-0.260328	0.0856031	0.411521	0.0	3.09316	0.0	0.0509338	0.0	0.023238	0.0	0.03	0.0	1.492	0.04	5.0	0.0	1.733	0.07	0.0372206	0.0	4.92988e-05	0.000250796	0.366837	0.0778976	0.0871788	0.0543777	0.00869349	0.0183421	0.00478916	0.00161541	2.08798	0.303036	1.05242	0.0404656	0.499659	1.93317	0.959195	0.20179	0.295236	2.55444	0.0264111	0.189006	0.410124	0.339557	0.374323	1.76635	-3991.73	4.0	2867.49	-82486.5	3.0	442.663	1.0	1553.39	95.296	693.739	77.4157	0.308722	0.0321636	1.17945	0.0471533	
0.0-2.4	8.0-10.0	0.0-100.0	0.785-1.178	0.008	0.145	3173.0	3173.0	2051.76	107.331	1121.58	75.101	-1.0	0.0	-0.0571328	0.086916	0.411521	0.0	3.09316	0.0	0.0509338	0.0	0.023238	0.0	0.03	0.0	1.492	0.04	5.0	0.0	1.733	0.07	0.0372206	0.0	6.83076e-05	0.000188408	0.721322	0.673233	0.0494462	0.0365968	0.00997806	0.0194271	0.00143371	0.00183507	2.17557	0.39497	1.0332	0.0466123	0.8343	0.620345	0.999967	245.306	0.639675	0.251595	0.096315	0.11345	0.223696	0.165163	0.109316	1056.41	24027.8	4.0	18346.4	-141915.0	3.0	93.9784	1.0	1425.87	152.769	625.889	137.284	0.305049	0.0649794	1.11747	0.0410082	
0.0-2.4	8.0-10.0	0.0-100.0	1.178-1.571	0.008	0.128	2912.0	2911.0	1860.29	73.4797	1051.27	64.5037	-1.0	0.0	-0.191543	0.0985817	0.411521	0.0	3.09316	0.0	0.0509338	0.0	0.023238	0.0	0.03	0.0	1.492	0.04	5.0	0.0	1.733	0.07	0.0372206	0.0	1.54046e-05	0.000145821	0.216711	0.0265505	0.681636	0.163444	-0.00101435	0.00214303	0.0021732	0.00223502	1.35029	0.0690844	0.6	0.151504	0.930927	2.51814	0.597339	2.70234	0.473516	0.740725	0.0539413	0.0927438	0.586907	0.702469	0.0577651	0.0775203	-6805.58	4.0	201.795	-54816.2	3.0	203.756	1.0	1329.95	72.3083	530.342	53.9233	0.285085	0.0267099	1.16509	0.0594352	
0.0-2.4	8.0-10.0	10.0-60.0	0.000-0.393	0.008	0.145	2224.0	2223.0	1463.69	60.5756	759.418	46.4108	-1.0	0.0	0.00204955	0.0897206	0.411521	0.0	3.09316	0.0	0.0509338	0.0	0.0238399	0.0	0.03	0.0	1.492	0.04	5.0	0.0	1.733	0.07	0.0374439	0.0	1.40048e-05	1.03758	0.223982	0.0302638	0.0999374	0.0	0.00376099	0.0	0.00108218	0.00141892	1.94825	0.0	0.878997	0.0356928	0.571447	1.84898	1.0	0.919477	0.317056	1.98413	0.0426188	0.123872	0.162771	0.141359	0.0262806	123.978	-8029.5	4.0	108.319	-34817.0	3.0	1.62358	1.0	1076.99	61.0786	386.693	44.7218	0.264191	0.0285309	1.0367	0.0136194	
0.0-2.4	8.0-10.0	10.0-60.0	0.000-1.571	0.008	0.145	7962.0	7961.0	5376.49	140.873	2584.44	101.932	-1.0	0.0	-0.173033	0.057095	0.411521	0.0	3.09316	0.0	0.0509338	0.0	0.0238399	0.000722919	0.03	0.0	1.492	0.04	5.0	0.0	1.733	0.07	0.0374439	0.00013543	1.82514e-05	0.000157912	0.341696	0.0731156	0.0999374	0.0	0.00376099	0.0	0.00189613	0.00101319	1.94825	0.0	0.899329	0.0255652	0.645367	1.99053	0.594973	1.849	0.20738	0.593768	0.0401424	0.0572227	0.388664	0.180571	0.0472178	0.0405724	22665.0	4.0	98896.6	-252128.0	4.0	2651.82	1.0	3855.81	181.467	1520.69	155.92	0.28284	0.0280374	1.05228	0.00983285	
0.0-2.4	8.0-10.0	10.0-60.0	0.393-0.785	0.008	0.12	2133.0	2128.0	1409.38	68.1612	719.374	58.7666	-1.0	0.0	-0.288962	0.114273	0.411521	0.0	3.09316	0.0	0.0509338	0.0	0.0238399	0.0	0.03	0.0	1.492	0.04	5.0	0.0	1.733	0.07	0.0374439	0.0	1.00002e-05	8.80711e-05	0.317419	0.0858595	0.0999374	0.0	0.00376099	0.0	0.00151276	0.0018883	1.94825	0.0	0.954572	0.0554793	0.775176	1.24702	0.593698	2.27394	0.181575	1.75394	0.0433577	0.0631723	0.493484	0.444926	0.0382034	0.0543557	-1683.8	4.0	1802.87	-45070.2	3.0	731.763	1.0	1002.59	74.6358	406.793	60.0542	0.288633	0.040259	1.0952	0.0217614	
0.0-2.4	8.0-10.0	10.0-60.0	0.785-1.178	0.008	0.112	1901.0	1897.0	1314.85	94.4598	582.471	53.7799	-1.0	0.0	-0.21667	0.107921	0.411521	0.0	3.09316	0.0	0.0509338	0.0	0.0238399	0.0	0.03	0.0	1.492	0.04	5.0	0.0	1.733	0.07	0.0374439	0.0	1.4617e-05	0.013384	0.76627	1.02423	0.0999374	0.0	0.00376099	0.0	0.00195117	0.0025775	1.94825	0.0	0.954646	0.0642422	0.969744	16.2696	0.617919	5.99695	0.582823	6.45985	0.00104305	9.25207	0.216247	0.0569905	0.0586089	0.0438068	22266.0	4.0	15673.4	-101435.0	3.0	208.541	1.0	866.398	135.8	448.451	124.922	0.341066	0.0917947	1.09526	0.0251992	
0.0-2.4	8.0-10.0	10.0-60.0	1.178-1.571	0.008	0.12	1702.0	1701.0	1193.12	57.5396	508.41	46.206	-1.0	0.0	-0.19073	0.145588	0.411521	0.0	3.09316	0.0	0.0509338	0.0	0.0238399	0.0	0.03	0.0	1.492	0.04	5.0	0.0	1.733	0.07	0.0374439	0.0	4.81487e-05	1.07517	0.222552	0.0329523	0.0999374	0.0	0.00376099	0.0	5.54165e-05	0.00173581	1.94825	0.0	0.904805	0.0448138	0.665068	0.276701	1.0	0.0961374	0.360116	0.377188	0.0570366	0.0349572	0.507766	0.386684	4.99812	2031.43	-3848.63	4.0	132.844	-29363.9	3.0	232.365	1.0	839.08	57.5214	354.038	44.3031	0.296733	0.0342639	1.0565	0.017272	
1.2-1.6	6.5-30.0	0.0-100.0	0.000-0.393	0.008	0.136	3130.0	3127.0	1622.99	74.1857	1504.96	70.2992	-1.0	0.0	0.00233348	0.070562	0.588314	0.0	3.09131	0.0	0.0435299	0.0	0.0307933	0.0	0.03	0.0	1.492	0.04	5.0	0.0	1.733	0.07	0.0387961	0.0	8.70362e-05	0.000270698	0.317555	0.0810908	0.130197	0.0694199	0.00814269	0.0161506	0.00262838	0.00153912	1.98675	0.266132	0.886314	0.0377567	0.477208	2.52447	0.444058	6.70999	0.00150475	178.978	0.0173553	0.310536	0.220508	0.421954	0.0473068	0.601398	-7629.33	4.0	1326.83	-61654.3	3.0	20.665	1.0	1211.8	83.1197	411.197	64.7617	0.253357	0.0381851	1.09416	0.0606743	
1.2-1.6	6.5-30.0	0.0-100.0	0.000-1.571	0.008	0.136	11514.0	11502.0	5999.43	219.536	5503.36	240.56	-1.0	0.0	-0.10712	0.0599023	0.588314	0.164792	3.09131	0.00127515	0.0435299	0.00546422	0.0307933	0.00243606	0.03	0.0	1.492	0.04	5.0	0.0	1.733	0.07	0.0387961	0.0021027	1.03021e-05	0.137313	0.287019	0.0302628	0.0999774	0.0369937	0.00921681	0.0152857	0.0036827	0.000803601	2.02628	0.173102	0.94719	0.0198722	0.529197	132.166	0.580953	80.556	0.346949	70.3155	0.0234738	3.76135	0.487245	2.48655	0.0835641	3.94865	-1104.04	4.0	3803.42	-314907.0	7.0	30622.3	1.0	4375.41	192.905	1624.02	122.92	0.270696	0.017935	1.10361	0.0321611	
1.2-1.6	6.5-30.0	0.0-100.0	0.393-0.785	0.008	0.128	3134.0	3130.0	1547.57	76.6656	1583.34	81.0295	-1.0	0.0	-0.169804	0.0780319	0.588314	0.0	3.09131	0.0	0.0435299	0.0	0.0307933	0.0	0.03	0.0	1.492	0.04	5.0	0.0	1.733	0.07	0.0387961	0.0	1.40773e-05	0.000247178	0.294561	0.0605219	0.0978918	0.063768	0.00830884	0.017385	0.00382644	0.00161763	2.07462	0.34261	1.00444	0.0395389	0.563226	35.8348	0.80777	15.1938	0.516753	23.3836	0.0391971	1.82263	0.391523	3.39849	0.188836	5.91545	-3707.51	4.0	1041.85	-68178.8	3.0	401.786	1.0	1097.1	80.0438	450.474	62.8583	0.291085	0.0379714	1.15389	0.0567675	
1.2-1.6	6.5-30.0	0.0-100.0	0.785-1.178	0.008	0.136	2688.0	2686.0	1449.81	69.4192	1237.17	68.4396	-1.0	0.0	-0.0253988	0.0840852	0.588314	0.0	3.09131	0.0	0.0435299	0.0	0.0307933	0.0	0.03	0.0	1.492	0.04	5.0	0.0	1.733	0.07	0.0387961	0.0	1.0973e-05	0.00459423	0.309698	0.0741084	0.0383419	0.0282596	0.00999981	0.0173776	0.00358534	0.00149277	2.63905	0.579204	0.960067	0.0387658	0.54181	0.0945676	1.0	0.000142898	0.48026	0.121356	0.0571081	0.0133374	0.222391	0.0614141	0.872499	25.8015	-4254.57	4.0	860.786	-53179.4	3.0	64.02	1.0	1094.81	73.2628	354.993	53.9291	0.244855	0.0353015	1.07398	0.0510128	
1.2-1.6	6.5-30.0	0.0-100.0	1.178-1.571	0.008	0.12	2560.0	2546.0	1372.57	82.9614	1173.91	103.457	-1.0	0.0	-0.248635	0.160583	0.588314	0.0	3.09131	0.0	0.0435299	0.0	0.0307933	0.0	0.03	0.0	1.492	0.04	5.0	0.0	1.733	0.07	0.0387961	0.0	3.21269e-05	0.000513866	0.25476	0.0402881	0.429426	0.219667	0.00289074	0.00368548	0.00393501	0.00222114	1.45696	0.14329	0.761602	0.0604451	0.776086	1.07277	0.610831	2.24637	0.332655	2.19985	0.0834555	0.133857	0.95433	2.2995	0.0484648	0.292006	8604.79	4.0	360.97	-81150.9	3.0	8043.65	1.0	963.813	73.6136	408.76	51.3392	0.297806	0.0327877	1.11468	0.0867902	
1.2-1.6	6.5-30.0	10.0-60.0	0.000-0.393	0.008	0.12	1963.0	1960.0	1091.91	59.4736	868.419	52.3229	-1.0	0.0	0.00554018	0.0882353	0.588314	0.0	3.09131	0.0	0.0435299	0.0	0.0304633	0.0	0.03	0.0	1.492	0.04	5.0	0.0	1.733	0.07	0.0386887	0.0	9.39567e-05	0.000265483	0.345199	0.115438	0.0999774	0.0	0.00921681	0.0	0.0010123	0.00187342	2.02628	0.0	1.04745	0.0435244	0.503529	4175.48	0.817424	784.98	0.40977	4022.35	0.00100215	5389.91	0.223223	34.3221	0.113856	90.3048	-4408.35	4.0	1072.57	-35658.8	3.0	31.8658	1.0	816.167	67.7127	275.746	53.2389	0.252535	0.0467771	1.18235	0.0173518	
1.2-1.6	6.5-30.0	10.0-60.0	0.000-1.571	0.008	0.128	6633.0	6625.0	3844.52	110.423	2781.64	102.942	-1.0	0.0	-0.15728	0.0559862	0.588314	0.0	3.09131	0.0	0.0435299	0.0	0.0304633	0.00253561	0.03	0.0	1.492	0.04	5.0	0.0	1.733	0.07	0.0386887	0.000410971	1.05393e-05	0.000462059	0.268119	0.0330517	0.0999774	0.0	0.00921681	0.0	0.0019378	0.000986543	2.02628	0.0	0.979649	0.0245627	0.746322	0.893831	0.609342	2.67604	0.41697	2.68958	0.0893659	0.14591	0.360341	0.189149	0.0368052	0.267427	-11888.3	4.0	1763.36	-138936.0	4.0	356.684	1.0	2836.24	115.808	1008.28	87.2578	0.262264	0.0214102	1.12883	0.00959275	
1.2-1.6	6.5-30.0	10.0-60.0	0.393-0.785	0.008	0.112	1768.0	1758.0	944.003	56.3235	814.383	61.0997	-1.0	0.0	-0.277061	0.113244	0.588314	0.0	3.09131	0.0	0.0435299	0.0	0.0304633	0.0	0.03	0.0	1.492	0.04	5.0	0.0	1.733	0.07	0.0386887	0.0	2.07034e-05	0.000129572	0.220319	0.0424442	0.0999774	0.0	0.00921681	0.0	0.00206105	0.00213133	2.02628	0.0	1.1046	0.0492945	0.774087	25.1895	0.998629	215.324	0.675048	40.1431	0.106258	13.8906	0.580919	14.8591	0.0270072	1610.35	-1123.87	4.0	199.508	-34067.1	3.0	846.057	1.0	674.663	57.4855	269.34	44.0736	0.285317	0.0434739	1.22827	0.0199496	
1.2-1.6	6.5-30.0	10.0-60.0	0.785-1.178	0.008	0.128	1478.0	1477.0	895.781	48.5553	581.258	42.6277	-1.0	0.0	-0.267457	0.110033	0.588314	0.0	3.09131	0.0	0.0435299	0.0	0.0304633	0.0	0.03	0.0	1.492	0.04	5.0	0.0	1.733	0.07	0.0386887	0.0	2.57361e-05	0.000145696	0.209097	0.0369666	0.0999774	0.0	0.00921681	0.0	0.000723193	0.00177716	2.02628	0.0	0.921432	0.0471009	0.623973	1.44521	0.999869	279.148	0.459526	2.75133	0.0592433	0.20669	0.22852	0.567844	0.0200029	718.891	-4683.19	4.0	27.2696	-22181.5	3.0	33.9534	1.0	697.539	49.5586	198.242	33.7927	0.221306	0.0357663	1.08381	0.0180204	
1.2-1.6	6.5-30.0	10.0-60.0	1.178-1.571	0.008	0.105	1422.0	1405.0	902.666	51.0818	502.451	42.3029	-1.0	0.0	-0.141248	0.140583	0.588314	0.0	3.09131	0.0	0.0435299	0.0	0.0304633	0.0	0.03	0.0	1.492	0.04	5.0	0.0	1.733	0.07	0.0386887	0.0	3.08551e-05	0.00051849	0.289074	0.0597543	0.0999774	0.0	0.00921681	0.0	0.00371657	0.00204356	2.02628	0.0	0.959623	0.0514681	0.620225	0.66118	0.902508	29.1027	0.37403	9.04966	0.0779683	0.157441	0.384798	0.475182	0.0200056	2.15481	-3271.36	4.0	252.403	-23474.2	3.0	17.5464	1.0	638.32	51.1673	264.346	39.2051	0.292851	0.0401465	1.11324	0.0199652	
1.2-2.4	6.5-30.0	0.0-100.0	0.000-0.393	0.008	0.152	7756.0	7747.0	3750.95	116.252	3997.03	117.68	-1.0	0.0	-0.0965115	0.0443185	0.632315	0.0	3.09107	0.0	0.0511992	0.0	0.030484	0.0	0.03	0.0	1.492	0.04	5.0	0.0	1.733	0.07	0.0447125	0.0	3.42723e-05	0.000135506	0.279731	0.0408994	0.147506	0.0525668	0.00656579	0.00470592	0.00238826	0.0010149	1.94036	0.171727	0.935834	0.0225395	0.355215	9.50757	0.752697	5.58692	0.271913	15.651	0.00100011	3.33886	0.226052	0.127145	0.0810355	0.0757312	-21417.7	4.0	1571.26	-170422.0	3.0	12.6602	1.0	2844.4	127.07	906.548	95.7322	0.241685	0.0243982	1.14103	0.0404135	
1.2-2.4	6.5-30.0	0.0-100.0	0.000-1.571	0.008	0.128	27725.0	27615.0	14271.8	260.872	13342.9	277.124	-1.0	0.0	-0.159574	0.0287617	0.632315	0.0496804	3.09107	0.000791998	0.0511992	0.00248226	0.030484	0.000978607	0.03	0.0	1.492	0.04	5.0	0.0	1.733	0.07	0.0447125	0.00102153	1.38621e-05	0.000134836	0.27172	0.0179202	0.186805	0.0404235	0.00562667	0.0022307	0.00228789	0.00057146	1.79346	0.0844886	0.912931	0.0134527	0.86862	0.333017	0.453616	0.508529	0.455313	0.598462	0.162151	0.211785	0.336766	0.105621	0.0491432	0.0691223	-44676.1	4.0	4953.98	-766145.0	7.0	33107.5	1.0	10676.2	257.605	3595.62	180.546	0.251939	0.0117826	1.13076	0.0250951	
1.2-2.4	6.5-30.0	0.0-100.0	0.393-0.785	0.008	0.145	7223.0	7212.0	3592.27	116.515	3620.11	120.14	-1.0	0.0	-0.233009	0.0486772	0.632315	0.0	3.09107	0.0	0.0511992	0.0	0.030484	0.0	0.03	0.0	1.492	0.04	5.0	0.0	1.733	0.07	0.0447125	0.0	2.65486e-05	7.2402e-05	0.282932	0.0394706	0.215726	0.105061	0.00712779	0.00410469	0.00414677	0.00126898	1.7141	0.172696	0.991016	0.0290279	0.662264	1.5492	0.791388	0.566558	0.571139	0.821976	0.0484065	0.172856	0.26541	0.179992	0.369838	0.770385	-12902.2	4.0	1494.56	-169322.0	3.0	233.334	1.0	2672.35	124.24	919.921	93.8768	0.256084	0.0247779	1.18494	0.0519284	
1.2-2.4	6.5-30.0	0.0-100.0	0.785-1.178	0.008	0.152	6546.0	6544.0	3497.56	111.173	3046.65	107.913	-1.0	0.0	-0.114824	0.0536853	0.632315	0.0	3.09107	0.0	0.0511992	0.0	0.030484	0.0	0.03	0.0	1.492	0.04	5.0	0.0	1.733	0.07	0.0447125	0.0	1.03152e-05	0.00396442	0.290982	0.0425243	0.127095	0.057169	0.00999999	0.014517	0.00112923	0.00111181	1.93778	0.197975	0.967691	0.0274581	0.998503	174.361	0.396942	2.80432	0.467875	2.21331	0.00148713	141.59	0.282532	0.0817873	0.0660954	0.0336485	-15802.7	4.0	1231.78	-146538.0	3.0	40.7052	1.0	2708.61	118.02	788.953	84.5291	0.225572	0.02308	1.13783	0.0426192	
1.2-2.4	6.5-30.0	0.0-100.0	1.178-1.571	0.008	0.152	6198.0	6195.0	3426.53	119.987	2768.78	131.186	-1.0	0.0	-0.212085	0.0826831	0.632315	0.0	3.09107	0.0	0.0511992	0.0	0.030484	0.0	0.03	0.0	1.492	0.04	5.0	0.0	1.733	0.07	0.0447125	0.0	3.88875e-05	0.000353399	0.251225	0.0265717	0.376887	0.131541	0.000173054	0.00284995	0.00287092	0.00130471	1.54336	0.106566	0.738032	0.0323192	0.826062	2.25062	0.487057	2.82071	0.39423	5.40086	0.0941643	0.258213	0.57159	1.08191	0.0487291	0.750923	1005.92	4.0	590.477	-172110.0	3.0	5609.08	1.0	2478.31	114.453	948.228	81.6747	0.276731	0.0217773	1.11227	0.0614155	
1.2-2.4	6.5-30.0	10.0-60.0	0.000-0.393	0.008	0.152	4719.0	4718.0	2510.08	90.8163	2208.4	84.6773	-1.0	0.0	-0.119549	0.0566679	0.632315	0.0	3.09107	0.0	0.0511992	0.0	0.0299729	0.0	0.03	0.0	1.492	0.04	5.0	0.0	1.733	0.07	0.0445852	0.0	3.42723e-05	0.000135506	0.292414	0.0555577	0.186805	0.0	0.00562667	0.0	0.00227554	0.00119172	1.79346	0.0	0.862508	0.0258195	0.703093	2.63354	0.789149	1.04007	0.564195	1.30248	0.0265583	0.124645	0.191313	0.077567	0.118113	0.196455	-13693.7	4.0	1198.36	-93207.4	3.0	23.0923	1.0	1928.93	100.2	581.147	74.9101	0.231525	0.028644	1.09809	0.00824587	
1.2-2.4	6.5-30.0	10.0-60.0	0.000-1.571	0.008	0.16	16182.0	16179.0	9183.91	173.147	6996.11	159.624	-1.0	0.0	-0.193255	0.0337205	0.632315	0.0	3.09107	0.0	0.0511992	0.0	0.0299729	0.001582	0.03	0.0	1.492	0.04	5.0	0.0	1.733	0.07	0.0445852	0.00019552	1.04253e-05	6.6059e-05	0.25288	0.0188704	0.186805	0.0	0.00562667	0.0	0.00328474	0.000697195	1.79346	0.0	0.915909	0.0160854	0.601564	0.331212	0.898407	0.158017	0.545992	0.279902	0.0409596	0.0386113	0.260952	0.0724331	0.316221	0.400226	-41252.6	4.0	2361.97	-374081.0	4.0	158.702	1.0	6838.53	181.502	2345.38	135.187	0.255379	0.0139103	1.13271	0.00528844	
1.2-2.4	6.5-30.0	10.0-60.0	0.393-0.785	0.008	0.145	4147.0	4146.0	2290.22	86.7034	1855.92	86.3102	-1.0	0.0	-0.244926	0.0681995	0.632315	0.0	3.09107	0.0	0.0511992	0.0	0.0299729	0.0	0.03	0.0	1.492	0.04	5.0	0.0	1.733	0.07	0.0445852	0.0	2.65486e-05	7.2402e-05	0.208595	0.0271285	0.186805	0.0	0.00562667	0.0	0.00463039	0.00157877	1.79346	0.0	1.01489	0.0356265	0.550437	1.15293	0.835188	0.409444	0.540115	0.910805	0.032858	0.0859147	0.347568	0.306706	0.579111	1.56459	-7608.72	4.0	302.851	-84753.6	3.0	441.874	1.0	1700.83	91.0512	589.39	68.1328	0.25735	0.0281088	1.19936	0.0122577	
1.2-2.4	6.5-30.0	10.0-60.0	0.785-1.178	0.008	0.152	3728.0	3726.0	2186.72	81.7065	1539.35	72.1376	-1.0	0.0	-0.206464	0.0707236	0.632315	0.0	3.09107	0.0	0.0511992	0.0	0.0299729	0.0	0.03	0.0	1.492	0.04	5.0	0.0	1.733	0.07	0.0445852	0.0	1.03152e-05	0.00396442	0.239033	0.0323096	0.186805	0.0	0.00562667	0.0	0.000933964	0.00142694	1.79346	0.0	0.908227	0.0340448	0.74633	0.240158	0.614659	1.77605	0.352982	1.66939	0.0942159	0.0700943	0.21297	0.0672749	0.0280745	0.0661577	-11535.3	4.0	271.173	-69864.9	3.0	8.41786	1.0	1647.95	85.2551	538.774	62.307	0.246384	0.0269651	1.12767	0.0111488	
1.2-2.4	6.5-30.0	10.0-60.0	1.178-1.571	0.008	0.152	3586.0	3585.0	2200.94	83.3976	1384.4	70.532	-1.0	0.0	-0.226984	0.0777404	0.632315	0.0	3.09107	0.0	0.0511992	0.0	0.0299729	0.0	0.03	0.0	1.492	0.04	5.0	0.0	1.733	0.07	0.0445852	0.0	3.88875e-05	0.000353399	0.271617	0.0356177	0.186805	0.0	0.00562667	0.0	0.00117528	0.00139968	1.79346	0.0	0.774398	0.0378109	0.99974	243.046	0.283988	7.71745	0.0607433	9.20089	0.001	21.0404	0.33172	0.222681	0.0345285	0.041383	-9550.33	4.0	458.097	-70375.1	3.0	2.6398	1.0	1538.54	85.5529	662.405	67.4585	0.300964	0.0284493	1.04332	0.0114111	
1.6-2.4	3.0-6.5	0.0-100.0	0.000-0.393	0.016	0.232	43804.0	43796.0	7513.47	341.009	36284.0	549.711	-1.0	0.0	0.0140079	0.0232643	0.950245	0.0	3.08996	0.0	0.0529438	0.0	0.0152264	0.0	0.03	0.0	1.86	0.19	5.0	0.0	1.38	0.32	0.0517215	0.0	0.000149401	0.0117133	0.346995	0.0951767	0.473976	0.263955	-0.00707842	0.0107562	0.01	1.76314	1.54049	0.193925	0.798307	0.0194348	1.0	52.2447	0.775445	0.0011553	0.705648	0.00806383	0.00110279	173152.0	0.123049	0.00422834	0.739248	0.00195714	-132094.0	4.0	5174.67	-2723090.0	3.0	406.521	1.0	6374.34	394.348	1139.13	272.918	0.151612	0.0356661	1.20832	0.111494	
1.6-2.4	3.0-6.5	0.0-100.0	0.000-1.571	0.016	0.264	162584.0	162575.0	27142.6	778.793	135433.0	1155.98	-1.0	0.0	0.0308222	0.0122418	0.950245	0.0497347	3.08996	0.00135233	0.0529438	0.00263029	0.0152264	0.0066297	0.03	0.0	1.86	0.19	5.0	0.0	1.38	0.32	0.0517216	0.00142158	1.10324e-05	0.0465138	0.309592	0.0360917	0.306676	0.207312	-0.00606766	0.0158233	0.01	0.00878058	1.65447	0.204252	0.920145	0.00888208	1.0	438.605	0.773325	0.0394184	0.756659	0.165995	0.00167691	142765.0	0.139122	0.119351	0.775514	0.0272353	-503328.0	4.0	12890.2	-11556300.0	7.0	4633.2	1.0	22667.3	811.02	4475.31	501.24	0.164881	0.0178507	1.19435	0.0928372	
1.6-2.4	3.0-6.5	0.0-100.0	0.393-0.785	0.016	0.264	41625.0	41619.0	6558.16	328.98	35061.2	543.778	-1.0	0.0	-0.0109697	0.023689	0.950245	0.0	3.08996	0.0	0.0529438	0.0	0.0152264	0.0	0.03	0.0	1.86	0.19	5.0	0.0	1.38	0.32	0.0517215	0.0	0.000104776	0.00436801	0.29943	0.0595622	0.434071	0.259887	-0.00999985	0.0153683	0.01	0.00299847	1.61272	0.231443	0.8024	0.0188126	1.0	0.0806627	0.813506	0.000141982	0.731004	7.10645e-05	0.00103338	80.0379	0.14263	3.16984e-05	0.444071	0.000490466	-119680.0	4.0	2708.67	-2570240.0	3.0	1578.74	1.0	5332.96	361.829	1225.2	251.259	0.186821	0.0371485	1.22202	0.123423	
1.6-2.4	3.0-6.5	0.0-100.0	0.785-1.178	0.016	0.24	39226.0	39223.0	6453.16	322.731	32770.2	528.824	-1.0	0.0	0.0219465	0.0247472	0.950245	0.0	3.08996	0.0	0.0529438	0.0	0.0152264	0.0	0.03	0.0	1.86	0.19	5.0	0.0	1.38	0.32	0.0517215	0.0	2.10511e-05	0.000549047	0.2447	0.05856	0.0818643	0.0702753	-0.01	0.0192987	0.01	0.00139661	2.29979	0.540786	1.08604	0.01567	0.999993	506632.0	0.766601	7623.07	0.812498	8020.49	0.00211533	691089.0	0.164645	7322.05	1.20855	19281.8	-122426.0	4.0	2903.49	-2443360.0	3.0	693.071	1.0	5391.93	370.033	1061.23	258.894	0.164452	0.039267	1.23123	0.0720315	
1.6-2.4	3.0-6.5	0.0-100.0	1.178-1.571	0.016	0.24	37928.0	37925.0	6605.33	322.831	31320.0	520.369	-1.0	0.0	0.107738	0.0255761	0.950245	0.0	3.08996	0.0	0.0529438	0.0	0.0152264	0.0	0.03	0.0	1.86	0.19	5.0	0.0	1.38	0.32	0.0517215	0.0	3.20725e-05	0.0130815	0.339045	0.0776019	0.862746	0.0705318	0.0058369	0.00486993	0.01	0.00495679	1.3149	0.0586406	0.6	0.0477556	1.0	5831590.0	0.733656	42933.3	0.793411	54345.9	0.00131578	8537930.0	0.145746	62065.7	1.09036	130872.0	-128342.0	4.0	2584.14	-2382520.0	3.0	2379.2	1.0	5571.81	343.797	1033.52	215.849	0.156467	0.0317707	1.24139	0.0331439	
1.6-2.4	3.0-6.5	10.0-60.0	0.000-0.393	0.016	0.209	23638.0	23608.0	5022.37	249.312	18586.1	380.409	-1.0	0.0	-0.00265773	0.0314635	0.950245	0.0	3.08996	0.0	0.0529438	0.0	0.0153238	0.0	0.03	0.0	1.86	0.19	5.0	0.0	1.38	0.32	0.051723	0.0	0.000129268	0.000932346	0.291415	0.0675267	0.306676	0.0	-0.00606766	0.0	0.00755159	0.00171698	1.65447	0.0	0.895291	0.0218203	0.999997	2.78655	0.778776	0.00187035	0.721964	0.00210917	0.00174327	83.0307	0.109898	0.000890737	0.774955	0.0191475	-98507.2	4.0	526.588	-1262350.0	3.0	427.24	1.0	4361.02	266.712	661.347	159.212	0.13168	0.0310193	1.18118	0.00573343	
1.6-2.4	3.0-6.5	10.0-60.0	0.000-1.571	0.016	0.209	84368.0	84310.0	17181.7	468.191	67127.3	721.102	-1.0	0.0	0.0282309	0.0164993	0.950245	0.0	3.08996	0.0	0.0529438	0.0	0.0153238	0.00351034	0.03	0.0	1.86	0.19	5.0	0.0	1.38	0.32	0.051723	2.58725e-05	2.44459e-05	0.000226863	0.296006	0.0342009	0.306676	0.0	-0.00606766	0.0	0.00861712	0.000986865	1.65447	0.0	0.89907	0.0117916	0.988907	1.26744	0.816619	0.474816	0.745896	0.389539	0.0560977	0.534683	0.118536	0.0658356	0.538375	0.787338	-377238.0	4.0	3002.29	-5141850.0	4.0	1987.84	1.0	14315.7	508.81	2866.02	335.878	0.166807	0.0190128	1.18317	0.00310618	
1.6-2.4	3.0-6.5	10.0-60.0	0.393-0.785	0.016	0.209	21897.0	21871.0	4130.2	232.676	17741.6	367.462	-1.0	0.0	-0.0110895	0.0319435	0.950245	0.0	3.08996	0.0	0.0529438	0.0	0.0153238	0.0	0.03	0.0	1.86	0.19	5.0	0.0	1.38	0.32	0.051723	0.0	0.000185134	0.00079819	0.297182	0.0553483	0.306676	0.0	-0.00606766	0.0	0.00857374	0.00225041	1.65447	0.0	0.869459	0.0236303	0.439467	2.30392	0.900101	0.368771	0.427449	2.11247	0.00136507	0.298133	0.112035	0.120047	0.287888	0.199846	-92001.1	4.0	1013.87	-1142190.0	3.0	605.244	1.0	3150.75	249.596	979.449	183.949	0.237143	0.0424867	1.16772	0.00609936	
1.6-2.4	3.0-6.5	10.0-60.0	0.785-1.178	0.016	0.2	19900.0	19900.0	3958.93	224.183	15941.3	346.406	-1.0	0.0	0.0367834	0.033181	0.950245	0.0	3.08996	0.0	0.0529438	0.0	0.0153238	0.0	0.03	0.0	1.86	0.19	5.0	0.0	1.38	0.32	0.051723	0.0	3.10689e-05	0.000375227	0.244496	0.0563754	0.306676	0.0	-0.00606766	0.0	0.00612678	0.00172484	1.65447	0.0	0.836066	0.0245086	0.359081	1.64407	0.938862	0.409364	1.09008e-05	11.0378	0.00399693	0.0309052	0.0809418	0.193195	0.376928	0.250393	-100680.0	4.0	546.556	-1041710.0	3.0	436.827	1.0	3260.45	253.617	698.485	178.32	0.176433	0.0439205	1.15069	0.00617314	
1.6-2.4	3.0-6.5	10.0-60.0	1.178-1.571	0.016	0.2	18932.0	18913.0	4071.47	227.703	14841.7	344.323	-1.0	0.0	0.110378	0.0356855	0.950245	0.0	3.08996	0.0	0.0529438	0.0	0.0153238	0.0	0.03	0.0	1.86	0.19	5.0	0.0	1.38	0.32	0.051723	0.0	1.12763e-05	0.178932	0.356759	0.104781	0.306676	0.0	-0.00606766	0.0	0.00874227	0.00196672	1.65447	0.0	0.936744	0.0247674	1.0	0.478385	0.860545	7.47378e-05	0.791757	7.06755e-05	0.00124794	24.5331	0.143622	3.74555e-05	0.557424	0.000501918	-88640.5	4.0	1042.63	-1016220.0	3.0	771.211	1.0	3501.52	246.191	569.954	152.571	0.139987	0.0366462	1.20326	0.00668418	
1.6-2.4	6.5-30.0	0.0-100.0	0.000-0.393	0.008	0.152	4625.0	4618.0	2124.18	89.403	2494.63	94.3995	-1.0	0.0	-0.160572	0.0566949	0.724034	0.0	3.0908	0.0	0.054952	0.0	0.0294712	0.0	0.03	0.0	1.492	0.04	5.0	0.0	1.733	0.07	0.0492552	0.0	3.15307e-05	0.000173778	0.250299	0.0380274	0.171695	0.085994	0.00507026	0.00583142	0.00364161	0.00133863	1.8838	0.229153	0.911751	0.0283857	0.983814	2.36921	0.57506	0.524062	0.697758	0.251645	0.00111559	5.80253	0.239505	0.0646111	0.102942	0.0366764	-14166.3	4.0	249.847	-95277.1	3.0	2.01582	1.0	1633.59	92.5072	490.594	65.2434	0.230957	0.0291358	1.13924	0.0614522	
1.6-2.4	6.5-30.0	0.0-100.0	0.000-1.571	0.008	0.152	16210.0	16191.0	8250.26	246.751	7941.26	245.598	-1.0	0.0	-0.206192	0.0339781	0.724034	0.118819	3.0908	0.00120604	0.054952	0.00429433	0.0294712	0.00216624	0.03	0.0	1.492	0.04	5.0	0.0	1.733	0.07	0.0492552	0.00217331	1.37144e-05	0.000327844	0.262089	0.0212711	0.337019	0.0765519	0.00343684	0.00197833	0.00325715	0.00087828	1.60396	0.0792233	0.88264	0.0193075	0.753442	0.30563	0.844063	0.381	0.646611	0.126291	0.0662917	0.100224	0.227593	0.0458539	0.27781	0.390816	-47140.0	4.0	1286.66	-399014.0	7.0	30.9337	1.0	6329.64	225.399	1920.62	135.155	0.232795	0.0148287	1.17624	0.0347292	
1.6-2.4	6.5-30.0	0.0-100.0	0.393-0.785	0.008	0.145	4089.0	4080.0	2031.92	87.1054	2048.39	88.1275	-1.0	0.0	-0.285266	0.0622209	0.724034	0.0	3.0908	0.0	0.054952	0.0	0.0294712	0.0	0.03	0.0	1.492	0.04	5.0	0.0	1.733	0.07	0.0492552	0.0	1.91191e-05	0.000301555	0.275702	0.0508234	0.653479	0.0874734	0.00512757	0.00198312	0.00341198	0.00300499	1.36098	0.0597214	0.791031	0.0686874	0.822857	1.44284	0.687021	0.471964	0.580268	0.560041	0.0426396	0.284749	0.185758	0.0579533	0.347648	0.290589	-9924.74	4.0	472.873	-87166.2	3.0	6.0054	1.0	1564.45	92.3712	467.474	66.6052	0.230065	0.0312605	1.19468	0.0325628	
1.6-2.4	6.5-30.0	0.0-100.0	0.785-1.178	0.008	0.145	3858.0	3855.0	2048.49	86.8918	1806.95	83.542	-1.0	0.0	-0.187213	0.0695471	0.724034	0.0	3.0908	0.0	0.054952	0.0	0.0294712	0.0	0.03	0.0	1.492	0.04	5.0	0.0	1.733	0.07	0.0492552	0.0	1.00081e-05	0.000130579	0.273761	0.0477558	0.283905	0.121121	0.00876046	0.0144238	0.00189075	0.00183381	1.63893	0.152102	0.966848	0.0420298	0.48505	8.59622	0.689013	3.94563	0.358369	8.04444	0.0145556	0.530487	0.28555	0.119587	0.0885158	0.0967489	-11369.0	4.0	330.774	-81368.5	3.0	13.5282	1.0	1623.65	90.3942	424.842	61.2588	0.207393	0.0285812	1.19666	0.0546453	
1.6-2.4	6.5-30.0	0.0-100.0	1.178-1.571	0.008	0.152	3638.0	3636.0	2047.27	84.5856	1589.53	76.8836	-1.0	0.0	-0.194565	0.0721909	0.724034	0.0	3.0908	0.0	0.054952	0.0	0.0294712	0.0	0.03	0.0	1.492	0.04	5.0	0.0	1.733	0.07	0.0492552	0.0	2.89134e-05	0.000256279	0.254761	0.0353352	0.350351	0.133684	-0.00427118	0.00495361	0.00233435	0.00166091	1.6055	0.129976	0.763598	0.0375256	0.999781	6.31745	0.586949	0.919351	0.645895	0.76091	0.00320712	7.6893	0.271021	0.0769033	0.0958643	0.0713324	-12225.4	4.0	241.927	-75037.9	3.0	5.35429	1.0	1507.12	85.7271	540.151	63.0065	0.26384	0.0287807	1.1322	0.0676494	
1.6-2.4	6.5-30.0	10.0-60.0	0.000-0.393	0.008	0.152	2756.0	2756.0	1413.96	68.4038	1342.68	66.4791	-1.0	0.0	-0.207454	0.0733578	0.724034	0.0	3.0908	0.0	0.054952	0.0	0.0288823	0.0	0.03	0.0	1.492	0.04	5.0	0.0	1.733	0.07	0.0491588	0.0	3.15307e-05	0.000173778	0.24207	0.0429308	0.337019	0.0	0.00343684	0.0	0.00205786	0.00160283	1.60396	0.0	0.744403	0.0324692	0.958903	11.2049	0.721037	3.02107	0.706794	3.15101	0.00101868	8.44095	0.187359	0.0428499	0.128242	0.0623163	-9684.79	4.0	124.505	-49707.1	3.0	3.38225	1.0	1101.22	70.2975	312.738	48.2959	0.221179	0.0324372	1.11105	0.00721138	
1.6-2.4	6.5-30.0	10.0-60.0	0.000-1.571	0.008	0.16	9549.0	9548.0	5325.17	133.197	4222.95	121.629	-1.0	0.0	-0.224634	0.0420777	0.724034	0.0	3.0908	0.0	0.054952	0.0	0.0288823	0.00243485	0.03	0.0	1.492	0.04	5.0	0.0	1.733	0.07	0.0491588	0.000197391	3.34301e-05	6.81326e-05	0.24246	0.021758	0.337019	0.0	0.00343684	0.0	0.00346729	0.00102514	1.60396	0.0	0.79985	0.0225755	0.601317	0.393242	0.884202	0.109643	0.523918	0.284265	0.0290509	0.0201785	0.193149	0.0285502	0.340316	0.207605	-30518.9	4.0	683.395	-207702.0	4.0	7.5922	1.0	3983.99	138.605	1341.18	102.012	0.251857	0.0180912	1.13631	0.00526772	
1.6-2.4	6.5-30.0	10.0-60.0	0.393-0.785	0.008	0.145	2379.0	2377.0	1335.19	65.1565	1042.34	60.0361	-1.0	0.0	-0.233625	0.0837081	0.724034	0.0	3.0908	0.0	0.054952	0.0	0.0288823	0.0	0.03	0.0	1.492	0.04	5.0	0.0	1.733	0.07	0.0491588	0.0	1.91191e-05	0.000301555	0.195075	0.0353939	0.337019	0.0	0.00343684	0.0	0.00479608	0.00234529	1.60396	0.0	0.900645	0.0536586	0.569003	0.411626	0.821651	0.237451	0.436104	0.467077	0.0284271	0.0240509	0.179737	0.0530749	0.573512	0.677616	-7260.29	4.0	107.506	-42912.7	3.0	3.17291	1.0	1022.13	71.3067	313.062	53.1987	0.23447	0.0381652	1.18525	0.0135161	
1.6-2.4	6.5-30.0	10.0-60.0	0.785-1.178	0.008	0.145	2249.0	2247.0	1290.16	65.7184	956.877	58.0817	-1.0	0.0	-0.180296	0.0913678	0.724034	0.0	3.0908	0.0	0.054952	0.0	0.0288823	0.0	0.03	0.0	1.492	0.04	5.0	0.0	1.733	0.07	0.0491588	0.0	1.00081e-05	0.000130579	0.260311	0.0477777	0.337019	0.0	0.00343684	0.0	0.00144953	0.00244251	1.60396	0.0	0.917102	0.0525202	0.999396	4.65854	0.673347	0.33778	0.642716	0.193102	0.00161803	1.03175	0.197061	0.0561186	0.142735	0.132144	-6972.76	4.0	240.917	-41829.7	3.0	3.63258	1.0	944.05	68.8845	346.108	52.3776	0.268268	0.0382289	1.19359	0.013377	
1.6-2.4	6.5-30.0	10.0-60.0	1.178-1.571	0.008	0.152	2163.0	2162.0	1286.16	65.2225	876.395	55.9444	-1.0	0.0	-0.278917	0.0923465	0.724034	0.0	3.0908	0.0	0.054952	0.0	0.0288823	0.0	0.03	0.0	1.492	0.04	5.0	0.0	1.733	0.07	0.0491588	0.0	2.89134e-05	0.000256279	0.262847	0.0439051	0.337019	0.0	0.00343684	0.0	0.00174643	0.00194758	1.60396	0.0	0.639692	0.053044	0.887212	1.56535	0.287522	0.668024	6.54808e-09	1.34256	0.0252911	0.0384692	0.258768	0.0925616	0.0227089	0.00700468	-6978.32	4.0	218.678	-40213.4	3.0	6.99528	1.0	899.116	66.6142	387.049	52.3813	0.300933	0.0377596	1.06693	0.0105425	
