weightedEff_TnPAtRD3_4DEff2_RapPtEffMap5_Ratio
rap	pT	cent	dPhi	ctauErrMin	ctauErrMax	NoCutEntry	CutEntry	NSig	NSigErr	NBkg	NBkgErr	coefExp	coefExpErr	coefPol1	coefPol1Err	coeffGaus	coeffGausErr	meanSig1	meanSig1Err	sigmaSig1	sigmaSig1Err	sigmaSig2	sigmaSig2Err	sigmaSig3	sigmaSig3Err	alpha	alphaErr	enne	enneErr	enneW	enneWErr	sigWidth	sigWidthErr	Gmc	GmcErr	bTau	bTauErr	fracRes	fracResErr	meanResSigW	meanResSigWErr	meanResSigN	meanResSigNErr	sigmaResSigW	sigmaResSigWErr	sigmaResSigN	sigmaResSigNErr	fpm	fpmErr	fLiving	fLivingErr	fbkgCtTot	fbkgCtTotErr	lambdam	lambdamErr	lambdap	lambdapErr	lambdasym	lambdasymErr	NLL	nFitPar	EDM	NLLMass	nFitParMass	EDMMass	Prob	PROMPT	PROMPTErr	NON-PROMPT	NON-PROMPTErr	Bfraction	BfractionErr	Resolution	ResolutionErr	
0.0-0.4	6.5-30.0	0.0-100.0	0.000-1.571	0.008	0.064	5454.0	5451.0	3760.22	31.047	1691.04	24.1098	-0.0815319	0.0441412	-0.05	0.0	4.87646e-06	0.848583	3.09354	0.000171051	0.010927	0.0679934	0.018464	0.000459615	0.03	0.0	1.492	0.0	5.0	0.0	1.733	0.0	0.0184639	0.00255555	3.59557e-05	0.000193278	0.428165	0.0132446	0.709974	0.264125	-0.00206547	0.00229629	0.0015414	0.00130615	1.32298	0.0992276	0.672972	0.0335874	0.828746	0.16952	0.559865	0.241679	0.332254	0.042672	0.070731	2.30626e-08	0.315433	0.0355737	0.0705445	5.33123e-09	-9990.79	4.0	1.24069e-05	-47698.7	7.0	0.000211817	1.0	2425.25	41.5114	1334.97	37.9962	0.355025	0.00967025	1172.18	83.2445	
0.0-1.2	6.5-30.0	0.0-10.0	0.000-1.571	0.008	0.088	7503.0	7501.0	4080.32	75.1721	3420.42	70.6434	0.00514102	0.0668881	-0.05	0.0	0.491707	0.0	3.09245	0.0	0.0194964	0.0	0.0352766	0.00136011	0.03	0.0	1.492	0.0	5.0	0.0	1.733	0.0	0.0286259	0.000425975	1.12992e-05	0.000388937	0.319936	0.0105561	0.282557	0.0	0.00228371	0.0	0.000731427	0.000688132	1.58042	0.0	0.934895	0.0204145	0.902358	0.1331	0.456904	0.0966768	0.52205	0.0667503	0.0705287	0.816858	0.270043	0.0100521	0.0958685	0.0489691	-11728.8	4.0	7.23752e-07	-64711.9	4.0	5.92344e-05	1.0	2762.23	65.2141	1318.09	47.4645	0.323036	0.0099949	1154.48	5.93027	
0.0-1.2	6.5-30.0	0.0-100.0	0.000-1.571	0.008	0.105	20613.0	20608.0	13067.1	132.402	7540.55	109.552	-0.0156007	0.0467688	-0.05	0.0	0.491707	0.0449787	3.09245	0.000272274	0.0194964	0.000580681	0.0344753	0.00150813	0.03	0.0	1.492	0.0	5.0	0.0	1.733	0.0	0.0281253	0.000578788	1.16782e-05	0.000130175	0.39367	0.00714068	0.282557	0.19576	0.00228371	0.00264771	-0.000529194	0.000364149	1.58042	0.170805	0.852635	0.0106028	0.925194	0.0135785	0.443098	0.0283474	0.416528	0.021116	0.398447	0.0616361	0.323658	0.0129641	0.0705645	1.68325e-09	-34686.5	4.0	1.51494e-05	-202386.0	7.0	0.000104897	1.0	8888.07	112.887	4179.08	80.1625	0.319816	0.00520894	1107.85	85.5139	
0.0-1.2	6.5-30.0	10.0-20.0	0.000-1.571	0.008	0.088	4986.0	4984.0	3102.95	62.8187	1880.7	52.1909	-0.0204037	0.0905501	-0.05	0.0	0.491707	0.0	3.09245	0.0	0.0194964	0.0	0.0337936	0.00132825	0.03	0.0	1.492	0.0	5.0	0.0	1.733	0.0	0.0277016	0.000411808	1.12992e-05	0.000388937	0.475954	0.0158136	0.282557	0.0	0.00228371	0.0	-0.00185535	0.000789797	1.58042	0.0	0.888499	0.0234862	0.674914	0.0675824	0.775604	0.0478364	0.496736	0.0398804	0.0705703	8.29623e-08	0.267614	0.0287451	0.45766	0.0669508	-7381.89	4.0	5.73637e-07	-41811.9	4.0	3.55086e-05	1.0	1954.47	51.8506	1148.48	40.7857	0.370126	0.0107992	1127.88	6.63686	
0.0-1.2	6.5-30.0	20.0-30.0	0.000-1.571	0.008	0.105	3566.0	3563.0	2354.64	55.1233	1208.43	43.5002	0.158286	0.11358	-0.05	0.0	0.491707	0.0	3.09245	0.0	0.0194964	0.0	0.0352998	0.00180664	0.03	0.0	1.492	0.0	5.0	0.0	1.733	0.0	0.0286404	0.000565913	1.16782e-05	0.000130175	0.504574	0.0203386	0.282557	0.0	0.00228371	0.0	0.00106033	0.000825691	1.58042	0.0	0.8476	0.0235806	0.652352	169.138	0.999999	147436.0	0.497224	131.083	0.0705673	3.70991e-06	0.213203	57.3799	0.070625	1040050.0	-5989.17	4.0	0.000125249	-28869.6	4.0	4.65662e-06	1.0	1591.59	46.3267	763.046	32.817	0.324061	0.0116915	1105.07	6.48803	
0.0-1.2	6.5-30.0	30.0-40.0	0.000-1.571	0.008	0.064	2068.0	2066.0	1487.67	42.4198	578.204	29.8324	-0.298714	0.165349	-0.05	0.0	0.491707	0.0	3.09245	0.0	0.0194964	0.0	0.0365988	0.00199529	0.03	0.0	1.492	0.0	5.0	0.0	1.733	0.0	0.0294575	0.000630029	1.32366e-05	0.000329048	0.31848	0.0182927	0.282557	0.0	0.00228371	0.0	-0.00100509	0.00103073	1.58042	0.0	0.822545	0.0274125	0.571207	0.0717746	0.999995	4.06334	0.421265	0.0644812	0.0705163	1.0551e-08	0.194188	0.0259458	0.17618	29.7407	-4369.26	4.0	1.67521e-05	-15906.3	4.0	7.77436e-05	1.0	1090.85	38.0261	396.822	24.6274	0.26674	0.0147036	1091.4	7.41107	
0.0-1.2	6.5-30.0	40.0-50.0	0.000-1.571	0.016	0.048	1290.0	1272.0	976.993	33.3657	294.767	20.7629	-0.247323	0.231199	-0.05	0.0	0.491707	0.0	3.09245	0.0	0.0194964	0.0	0.0325171	0.00201023	0.03	0.0	1.492	0.0	5.0	0.0	1.733	0.0	0.0269138	0.000617258	1.43354e-05	8.22848e-05	0.315957	0.0205779	0.282557	0.0	0.00228371	0.0	-0.00315678	0.00140735	1.58042	0.0	0.879282	0.0419711	0.999998	0.0227159	1.0	0.00653741	0.457346	0.0437647	0.0717193	9.86488e-05	0.623626	0.0672716	4.96352	1.12788	-2536.5	4.0	0.000113002	-9370.51	4.0	9.00437e-05	1.0	665.957	29.4362	311.036	21.4956	0.31836	0.0191277	1122.69	11.7917	
0.0-1.2	6.5-30.0	50.0-100.0	0.000-1.571	0.008	0.056	1198.0	1197.0	1055.76	33.941	141.239	15.4096	-0.242004	0.343126	-0.05	0.0	0.491707	0.0	3.09245	0.0	0.0194964	0.0	0.0323915	0.00170376	0.03	0.0	1.492	0.0	5.0	0.0	1.733	0.0	0.0268367	0.000522631	1.34486e-05	0.000306561	0.371951	0.0246232	0.282557	0.0	0.00228371	0.0	0.00120261	0.00110878	1.58042	0.0	0.756071	0.0337627	1.0	0.0258045	1.0	0.0111331	0.336734	0.0679675	0.0705089	1.49901e-05	0.213884	0.0307893	1.25827	3.10793	-3111.54	4.0	7.10862e-07	-9152.98	4.0	2.11998e-07	1.0	764.748	30.4367	291.01	20.2355	0.275641	0.0169953	1056.35	8.66862	
0.0-2.4	10.0-13.0	0.0-100.0	0.000-1.571	0.008	0.136	6918.0	6916.0	5137.7	80.6985	1778.12	56.1452	-0.637509	0.0991634	-0.05	0.0	0.395729	0.0676698	3.09098	0.000537378	0.0213681	0.00160859	0.0420592	0.00229543	0.03	0.0	1.492	0.0	5.0	0.0	1.733	0.0	0.0353501	0.00105468	1.25623e-05	9.06713e-05	0.391319	0.0106342	0.0553454	0.0788853	0.000212513	0.0144851	2.32345e-05	0.000512106	2.09412	0.553674	0.944082	0.0154097	0.917701	0.508212	0.724913	0.745304	0.329962	0.166725	0.0704527	4.90031e-11	0.30359	0.0531447	0.0704982	2.51421e-09	-12187.0	4.0	3.22639e-05	-61134.1	7.0	2.46222e-05	1.0	3372.3	68.6243	1765.4	51.6961	0.343617	0.00849211	1041.48	73.2814	
0.0-2.4	10.0-30.0	0.0-100.0	0.000-1.571	0.004	0.144	10593.0	10592.0	7933.36	99.9653	2658.68	68.6871	-0.665325	0.0813557	-0.05	0.0	0.43266	0.0502147	3.09192	0.000426771	0.0215903	0.00118756	0.0444418	0.00201452	0.03	0.0	1.492	0.0	5.0	0.0	1.733	0.0	0.0363623	0.000884567	1.0177e-05	0.00195203	0.369118	0.00789499	0.0477214	0.0592155	-0.000892962	0.00748279	0.000160859	0.00039344	2.03646	0.461587	0.964839	0.0127575	0.909655	0.181342	0.831305	0.287443	0.365816	0.0821182	0.0704674	0.0902642	0.302933	0.0197724	0.0705694	0.0804294	-18885.3	4.0	3.39435e-07	-98242.5	7.0	1.59741e-05	1.0	5048.66	84.2272	2884.7	66.0943	0.363617	0.00695814	1041.34	50.8543	
0.0-2.4	11.0-13.0	0.0-100.0	0.000-1.571	0.008	0.105	3612.0	3611.0	2771.69	58.6728	839.215	38.8616	-0.851221	0.146024	-0.05	0.0	0.499293	0.0737613	3.09042	0.00071829	0.0228765	0.00171663	0.0483002	0.00369217	0.03	0.0	1.492	0.0	5.0	0.0	1.733	0.0	0.0378074	0.00149691	4.93653e-05	0.000238442	0.456826	0.0155511	0.0328637	0.0389686	-0.000371389	0.0145275	0.00125176	0.000713293	2.53131	0.734887	0.988621	0.0222811	0.991275	0.922435	0.661889	0.330678	0.327053	0.091916	0.0708069	5.91087e-06	0.328156	0.0173452	0.0708585	0.0324864	-6080.79	4.0	4.08412e-07	-29746.2	7.0	8.02375e-06	1.0	1694.95	48.0779	1076.75	39.2896	0.38848	0.0115461	1075.09	57.6872	
0.0-2.4	13.0-16.0	0.0-100.0	0.000-1.571	0.008	0.08	2221.0	2215.0	1756.71	46.3608	458.302	29.1713	-0.407777	0.196583	-0.05	0.0	0.429045	0.0696867	3.09379	0.000884439	0.0197417	0.00207945	0.0501616	0.00390601	0.03	0.0	1.492	0.0	5.0	0.0	1.733	0.0	0.040048	0.00168961	1.00002e-05	0.000966722	0.418935	0.0188541	0.0326157	0.0670782	-0.00999634	0.0183094	0.0024811	0.000858677	1.86063	0.773549	1.02993	0.0282772	0.870736	24.4453	0.949062	28.3961	0.263518	1.37786	0.0707763	4.72756	0.22927	1.25998	0.0707615	0.00031303	-4092.16	4.0	9.15145e-07	-17215.3	7.0	7.83621e-06	1.0	1130.22	39.1226	626.489	30.2368	0.356626	0.0144111	1067.28	45.6213	
0.0-2.4	13.0-30.0	0.0-100.0	0.000-1.571	0.008	0.105	3675.0	3675.0	2803.55	59.142	871.512	39.5659	-0.721885	0.14281	-0.05	0.0	0.46804	0.0696296	3.09377	0.000704727	0.0214319	0.00175397	0.0482595	0.00354144	0.03	0.0	1.492	0.0	5.0	0.0	1.733	0.0	0.0381301	0.00148428	2.10356e-05	0.0045896	0.333348	0.0115558	0.0347602	0.122355	-0.00537756	0.015369	0.000255919	0.00061737	1.80759	0.989032	0.99397	0.0223674	0.905527	0.0810747	0.991549	0.500154	0.40633	0.0550745	0.0705176	0.0161795	0.306438	0.0232241	0.0705608	4.31414	-6734.35	4.0	1.53264e-05	-30270.8	7.0	0.000104386	1.0	1675.89	48.8989	1127.66	41.3173	0.402226	0.0120498	1033.06	74.6176	
0.0-2.4	16.0-30.0	0.0-100.0	0.000-1.571	0.008	0.064	1454.0	1452.0	1047.54	36.5009	404.404	26.2521	-1.0093	0.20939	-0.05	0.0	0.29251	0.175701	3.09367	0.00120208	0.0207125	0.00387391	0.0357652	0.00444438	0.03	0.0	1.492	0.0	5.0	0.0	1.733	0.0	0.032101	0.00213427	5.46616e-05	1.05755	0.234483	0.0128287	0.461092	0.573416	0.00155876	0.00498774	5.60989e-05	2.05727e-08	1.33655	0.440517	0.77809	0.0422664	0.992151	0.74882	0.978465	0.915762	0.49522	0.059161	0.0704441	3.07802e-06	0.390251	0.044573	0.0704472	0.285875	-2701.84	4.0	9.04448	-10536.6	7.0	1.05284e-05	1.0	579.837	28.5634	467.708	25.9472	0.44648	0.0192743	1072.36	202.519	
0.0-2.4	6.5-30.0	0.0-10.0	0.000-1.571	0.008	0.184	18828.0	18828.0	8797.08	110.789	10031.9	116.227	-0.187267	0.0390181	-0.05	0.0	0.440304	0.0	3.09241	0.0	0.047649	0.0	0.0240763	0.000574834	0.03	0.0	1.492	0.0	5.0	0.0	1.733	0.0	0.0363884	0.000106437	3.80561e-05	6.9663e-05	0.30751	0.00779536	0.19482	0.0	0.00388614	0.0	0.00175708	0.000440299	1.71004	0.0	0.96482	0.0118206	0.910544	0.0346536	0.396332	0.0357742	0.492072	0.0410085	0.235085	0.0538076	0.372034	0.0162901	0.0707782	0.00864262	-24495.3	4.0	6.35513e-08	-175729.0	4.0	5.97333e-05	1.0	6303.46	100.183	2493.62	68.7093	0.28346	0.00694692	1148.57	3.99751	
0.0-2.4	6.5-30.0	0.0-100.0	0.000-1.571	0.004	0.128	49395.0	49271.0	27779.8	208.619	21490.4	192.833	-0.22449	0.0273734	-0.05	0.0	0.440304	0.0247484	3.09241	0.000253685	0.047649	0.00110435	0.0241117	0.000500085	0.03	0.0	1.492	0.0	5.0	0.0	1.733	0.0	0.0364015	0.000438512	3.69757e-05	6.79802e-05	0.339767	0.00469286	0.19482	0.0809237	0.00388614	0.00250476	0.00204256	0.000246843	1.71004	0.123875	0.943531	0.00653302	0.65807	0.017127	0.927553	0.0144879	0.575047	0.0110388	0.0705826	2.03748e-07	0.284986	0.00718562	0.321247	0.0438332	-73004.7	4.0	2.44183e-06	-514722.0	7.0	9.16167e-05	1.0	19972.1	181.897	7807.73	118.444	0.281058	0.00370458	1134.25	40.6441	
0.0-2.4	6.5-30.0	0.0-5.0	0.000-1.571	0.008	0.184	10210.0	10210.0	4765.63	81.9391	5444.91	85.9831	-0.0496547	0.0528646	-0.05	0.0	0.440304	0.0	3.09241	0.0	0.047649	0.0	0.0234535	0.000811481	0.03	0.0	1.492	0.0	5.0	0.0	1.733	0.0	0.03616	0.000147292	3.80561e-05	6.9663e-05	0.328475	0.0110883	0.19482	0.0	0.00388614	0.0	0.0036505	0.000618751	1.71004	0.0	1.04773	0.0167351	0.715138	0.0665546	0.843508	0.0772079	0.649668	0.0259733	0.0706105	6.72677e-07	0.217236	0.0135378	0.203011	0.0489121	-13435.7	4.0	1.40826e-07	-89048.7	4.0	3.37213e-05	1.0	3453.37	74.1539	1312.26	49.8228	0.275359	0.00932116	1205.64	5.85493	
0.0-2.4	6.5-30.0	10.0-15.0	0.000-1.571	0.008	0.152	6508.0	6506.0	3382.99	67.4671	3122.56	65.5078	-0.183043	0.0700701	-0.05	0.0	0.440304	0.0	3.09241	0.0	0.047649	0.0	0.0237444	0.000864546	0.03	0.0	1.492	0.0	5.0	0.0	1.733	0.0	0.0362661	0.000158406	1.79985e-05	0.004591	0.328956	0.012349	0.19482	0.0	0.00388614	0.0	0.000789708	0.000701022	1.71004	0.0	0.916965	0.0178907	0.861652	0.0594959	0.48606	0.148338	0.498707	0.0767789	0.232298	0.0770203	0.195071	0.0191021	0.0704623	1.18153e-09	-9427.28	4.0	2.63441e-07	-54313.0	4.0	3.43719e-05	1.0	2367.07	60.2997	1015.93	42.6391	0.300304	0.0110902	1116.56	5.91506	
0.0-2.4	6.5-30.0	10.0-20.0	0.000-1.571	0.008	0.16	11994.0	11993.0	6503.46	92.5772	5488.52	86.9226	-0.193733	0.0529081	-0.05	0.0	0.440304	0.0	3.09241	0.0	0.047649	0.0	0.0236216	0.000650394	0.03	0.0	1.492	0.0	5.0	0.0	1.733	0.0	0.0362212	0.000118698	1.00282e-05	0.000232918	0.38253	0.0101081	0.19482	0.0	0.00388614	0.0	0.00062241	0.000527648	1.71004	0.0	0.959254	0.0135209	0.697232	0.273772	0.802147	0.0379991	0.56385	0.169073	0.0705838	0.084828	0.191275	0.027617	0.397005	0.0431438	-16678.5	4.0	1.02359e-07	-107916.0	4.0	9.06117e-05	1.0	4512.71	81.7456	1990.75	57.9551	0.306107	0.00777342	1144.81	4.56108	
0.0-2.4	6.5-30.0	15.0-20.0	0.000-1.571	0.008	0.16	5486.0	5486.0	3116.59	63.308	2369.06	57.0993	-0.207274	0.080601	-0.05	0.0	0.440304	0.0	3.09241	0.0	0.047649	0.0	0.0234229	0.000973303	0.03	0.0	1.492	0.0	5.0	0.0	1.733	0.0	0.0361489	0.000176488	1.00282e-05	0.000232918	0.43382	0.0159493	0.19482	0.0	0.00388614	0.0	-0.000906384	0.00079428	1.71004	0.0	0.983138	0.0203075	0.794439	0.104412	0.710098	0.0586032	0.577342	0.045641	0.0706753	0.0316756	0.24409	0.0309426	0.436668	0.0578018	-7328.7	4.0	7.27852e-09	-45333.8	4.0	3.01855e-05	1.0	2122.97	55.1888	993.622	39.9183	0.318817	0.0110504	1161.01	6.92304	
0.0-2.4	6.5-30.0	20.0-25.0	0.000-1.571	0.008	0.145	4444.0	4444.0	2648.49	57.5782	1795.34	49.6215	-0.245016	0.0928263	-0.05	0.0	0.440304	0.0	3.09241	0.0	0.047649	0.0	0.0230993	0.00091311	0.03	0.0	1.492	0.0	5.0	0.0	1.733	0.0	0.0360322	0.000163815	3.69686e-05	0.0287936	0.355654	0.0157704	0.19482	0.0	0.00388614	0.0	0.00121246	0.000727863	1.71004	0.0	0.879019	0.0187287	0.648093	0.398242	0.932062	0.0562105	0.571761	0.298224	0.0706796	0.0914283	0.203937	0.02334	0.490238	0.136525	-7354.29	4.0	4.2115e-05	-36029.6	4.0	2.01482e-05	1.0	1955.85	51.8692	692.638	33.3044	0.261522	0.0112162	1091.72	6.07098	
0.0-2.4	6.5-30.0	20.0-30.0	0.000-1.571	0.008	0.152	8205.0	8205.0	5021.46	79.154	3183.5	66.5394	-0.159506	0.0696658	-0.05	0.0	0.440304	0.0	3.09241	0.0	0.047649	0.0	0.0232974	0.000668322	0.03	0.0	1.492	0.0	5.0	0.0	1.733	0.0	0.0361035	0.000120689	1.79985e-05	0.004591	0.417847	0.012793	0.19482	0.0	0.00388614	0.0	0.00146513	0.000546995	1.71004	0.0	0.889621	0.0142523	0.677246	0.204271	0.961487	0.01838	0.57984	0.13586	0.0704473	0.0442991	0.19083	0.0126469	0.478917	0.132996	-13225.2	4.0	3.70353e-07	-71733.5	4.0	2.23695e-06	1.0	3602.08	70.1304	1419.39	46.8498	0.282664	0.0081972	1098.61	4.64632	
0.0-2.4	6.5-30.0	25.0-30.0	0.000-1.571	0.008	0.136	3761.0	3757.0	2371.12	54.2965	1385.88	44.3043	-0.0469831	0.105566	-0.05	0.0	0.440304	0.0	3.09241	0.0	0.047649	0.0	0.0235451	0.000993062	0.03	0.0	1.492	0.0	5.0	0.0	1.733	0.0	0.0361934	0.000180788	3.37928e-05	7.02542e-05	0.475374	0.0198724	0.19482	0.0	0.00388614	0.0	0.001687	0.000831272	1.71004	0.0	0.905748	0.0220434	0.724972	0.0286218	0.999961	5.06963	0.60539	0.0188588	0.0706438	0.00742242	0.176212	0.00878766	0.114689	16.791	-5893.59	4.0	4.56009e-08	-30011.2	4.0	2.49043e-06	1.0	1636.34	47.1793	734.781	33.2407	0.309888	0.0120904	1109.17	7.24689	
0.0-2.4	6.5-30.0	30.0-35.0	0.000-1.571	0.008	0.128	2868.0	2866.0	1761.29	47.1275	1104.46	39.5498	-0.374925	0.118906	-0.05	0.0	0.440304	0.0	3.09241	0.0	0.047649	0.0	0.0245258	0.00123644	0.03	0.0	1.492	0.0	5.0	0.0	1.733	0.0	0.0365561	0.000232146	3.69757e-05	6.79802e-05	0.324835	0.0192132	0.19482	0.0	0.00388614	0.0	0.00165378	0.000955764	1.71004	0.0	0.906308	0.0245705	0.649969	0.0644912	1.0	0.628912	0.531729	0.0562377	0.0707558	0.015091	0.297891	0.025862	0.0704717	5.49782e-05	-4732.43	4.0	6.4073e-06	-22020.0	4.0	2.64002e-05	1.0	1338.28	43.4544	423.004	27.0944	0.240168	0.0139767	1109.54	8.08	
0.0-2.4	6.5-30.0	30.0-40.0	0.000-1.571	0.008	0.128	4914.0	4911.0	3175.92	62.3107	1734.76	49.4107	-0.372019	0.0950107	-0.05	0.0	0.440304	0.0	3.09241	0.0	0.047649	0.0	0.0243473	0.000851612	0.03	0.0	1.492	0.0	5.0	0.0	1.733	0.0	0.0364892	0.00015902	3.69757e-05	6.79802e-05	0.260706	0.0122969	0.19482	0.0	0.00388614	0.0	0.00138623	0.000696214	1.71004	0.0	0.848326	0.0177328	0.764988	0.076008	0.698654	0.161751	0.447568	0.069624	0.07061	2.51292e-08	0.393567	0.0315984	0.0705796	0.0181266	-8516.85	4.0	8.04485e-07	-40705.0	4.0	4.34765e-05	1.0	2342.84	58.1016	833.086	39.1164	0.262313	0.0111898	1071.99	5.64955	
0.0-2.4	6.5-30.0	35.0-40.0	0.000-1.571	0.008	0.12	2045.0	2045.0	1410.96	40.7713	633.941	29.7548	-0.362464	0.157369	-0.05	0.0	0.440304	0.0	3.09241	0.0	0.047649	0.0	0.0240755	0.00119889	0.03	0.0	1.492	0.0	5.0	0.0	1.733	0.0	0.0363881	0.000221981	3.63218e-05	5.72307e-05	0.207136	0.0132335	0.19482	0.0	0.00388614	0.0	0.00142625	0.00101246	1.71004	0.0	0.789291	0.0255489	0.958354	0.142923	0.52691	0.137848	0.375254	0.0542667	0.0854711	0.0629421	0.508388	0.0591968	0.0727545	0.0135576	-3814.76	4.0	2.45276e-06	-15359.7	4.0	6.45525e-06	1.0	994.681	38.3993	416.277	28.1615	0.295031	0.0180468	1035.04	7.84358	
0.0-2.4	6.5-30.0	40.0-45.0	0.000-1.571	0.008	0.12	1586.0	1584.0	1128.16	36.238	455.798	25.315	-0.376142	0.186129	-0.05	0.0	0.440304	0.0	3.09241	0.0	0.047649	0.0	0.0230845	0.00118879	0.03	0.0	1.492	0.0	5.0	0.0	1.733	0.0	0.0360269	0.000213167	3.63218e-05	5.72307e-05	0.27921	0.0199868	0.19482	0.0	0.00388614	0.0	-0.0019226	0.00120414	1.71004	0.0	0.874565	0.0319453	1.0	63943.9	0.755683	49.2209	0.420261	38.6219	0.0705465	135958.0	0.566887	5.5292	0.0704909	32.0649	-2932.17	4.0	4.76576e-05	-11591.4	4.0	3.46847e-06	1.0	840.145	33.6467	288.017	22.1228	0.255297	0.0178126	1088.83	10.33	
0.0-2.4	6.5-30.0	40.0-50.0	0.000-1.571	0.008	0.136	2834.0	2831.0	2061.52	48.8097	769.431	33.0205	-0.942775	0.14718	-0.05	0.0	0.440304	0.0	3.09241	0.0	0.047649	0.0	0.0248196	0.000956242	0.03	0.0	1.492	0.0	5.0	0.0	1.733	0.0	0.0366668	0.000181138	3.37928e-05	7.02542e-05	0.294473	0.0142859	0.19482	0.0	0.00388614	0.0	-0.0020214	0.000861641	1.71004	0.0	0.788873	0.0233429	0.999894	6.00499	0.524708	0.0384208	0.20617	0.0185613	0.0704754	9.65875	0.486109	0.0136945	0.0704513	0.004783	-5135.58	4.0	3.89222e-06	-22397.2	4.0	1.02384e-06	1.0	1461.43	44.3959	600.089	31.2344	0.291091	0.0134929	1034.79	7.16432	
0.0-2.4	6.5-30.0	45.0-50.0	0.000-1.571	0.008	0.136	1247.0	1246.0	937.454	32.7064	308.537	20.9947	-1.84806	0.251553	-0.05	0.0	0.440304	0.0	3.09241	0.0	0.047649	0.0	0.0273379	0.00165655	0.03	0.0	1.492	0.0	5.0	0.0	1.733	0.0	0.037656	0.000336556	3.37928e-05	7.02542e-05	0.308544	0.020219	0.19482	0.0	0.00388614	0.0	-0.00352546	0.00128533	1.71004	0.0	0.786143	0.0363789	0.927587	47.1824	0.999928	3.31401	0.414562	19.5622	0.0711624	47.2449	0.302683	1.20293	0.0706089	0.00794113	-2222.53	4.0	5.42272e-07	-8870.83	4.0	1.48646e-06	1.0	620.085	29.0591	317.369	22.3386	0.338544	0.0206957	1033.11	11.1447	
0.0-2.4	6.5-30.0	5.0-10.0	0.000-1.571	0.008	0.112	8618.0	8584.0	4032.07	74.5452	4552.14	77.9557	-0.33949	0.0581203	-0.05	0.0	0.440304	0.0	3.09241	0.0	0.047649	0.0	0.0247094	0.000803171	0.03	0.0	1.492	0.0	5.0	0.0	1.733	0.0	0.0366252	0.00015164	3.69703e-05	0.0265992	0.294248	0.0109974	0.19482	0.0	0.00388614	0.0	0.000455719	0.000639447	1.71004	0.0	0.926193	0.0171236	0.913967	0.0425638	0.360737	0.0381839	0.411283	0.0476462	0.223492	0.0640683	0.484021	0.0279132	0.0705148	0.00792614	-11085.0	4.0	3.91089e-07	-73402.3	4.0	1.38415e-05	1.0	2857.64	67.2204	1174.43	46.8913	0.291272	0.0103077	1122.68	5.68727	
0.0-2.4	6.5-30.0	50.0-100.0	0.000-1.571	0.008	0.088	2617.0	2596.0	2176.07	49.1149	419.864	25.6155	-0.495162	0.198792	-0.05	0.0	0.440304	0.0	3.09241	0.0	0.047649	0.0	0.0249421	0.00100687	0.03	0.0	1.492	0.0	5.0	0.0	1.733	0.0	0.0367133	0.000191428	3.69533e-05	0.0259228	0.333041	0.0166272	0.19482	0.0	0.00388614	0.0	0.00260447	0.000853077	1.71004	0.0	0.852171	0.0233338	0.999995	0.00791154	0.999948	3.97734	0.412065	0.0632498	0.0707264	6.98209e-10	0.241698	0.0150228	0.0705828	17.032	-5756.44	4.0	5.96254e-06	-20973.4	4.0	4.535e-06	1.0	1631.29	45.3542	544.78	29.1986	0.250351	0.0121703	1074.44	7.45066	
0.0-2.4	6.5-30.0	50.0-55.0	0.000-1.571	0.008	0.08	937.0	927.0	764.269	29.2054	162.694	15.8558	-0.407483	0.316239	-0.05	0.0	0.440304	0.0	3.09241	0.0	0.047649	0.0	0.0257514	0.00164418	0.03	0.0	1.492	0.0	5.0	0.0	1.733	0.0	0.0370248	0.000320022	1.00002e-05	2.73951e-05	0.277997	0.0249133	0.19482	0.0	0.00388614	0.0	0.00145882	0.00165434	1.71004	0.0	0.970015	0.04753	0.951141	0.208368	0.998578	0.106229	0.503279	0.177488	0.070901	1.76864e-08	0.216395	0.0452617	0.138417	14.4844	-2079.15	4.0	9.87848e-07	-6499.21	4.0	2.86861e-06	1.0	583.174	27.7358	181.096	17.9036	0.236953	0.0216051	1152.09	16.111	
0.0-2.4	6.5-30.0	50.0-60.0	0.000-1.571	0.008	0.08	1497.0	1484.0	1237.01	37.1428	246.945	19.7375	-0.450195	0.258614	-0.05	0.0	0.440304	0.0	3.09241	0.0	0.047649	0.0	0.0262881	0.0013247	0.03	0.0	1.492	0.0	5.0	0.0	1.733	0.0	0.0372353	0.000261725	1.00002e-05	2.73951e-05	0.250355	0.0177824	0.19482	0.0	0.00388614	0.0	0.002726	0.00120842	1.71004	0.0	0.895738	0.0333168	0.99997	38.702	0.903303	20.1006	0.457975	4.8901	0.0707589	4.32611e-08	0.2894	0.214113	0.0706028	4.83953e-07	-3366.64	4.0	3.59138e-05	-11114.2	4.0	2.80491e-06	1.0	939.83	35.374	297.184	23.1215	0.240243	0.0172433	1102.6	10.8965	
0.0-2.4	6.5-30.0	55.0-60.0	0.000-1.571	0.008	0.073	560.0	555.0	471.776	22.8987	83.2293	11.6538	-0.548331	0.449446	-0.05	0.0	0.440304	0.0	3.09241	0.0	0.047649	0.0	0.0270934	0.00231429	0.03	0.0	1.492	0.0	5.0	0.0	1.733	0.0	0.037557	0.000467212	3.34445e-05	6.9324e-05	0.206658	0.0242059	0.19482	0.0	0.00388614	0.0	0.00444848	0.00174889	1.71004	0.0	0.808322	0.0462226	0.999987	0.972614	0.999987	11.0701	0.442894	0.0667809	0.0709152	1.52342	0.392611	0.0550494	0.0705758	28.4903	-1292.39	4.0	1.43226e-05	-3621.89	4.0	5.54484e-06	1.0	355.565	21.9284	116.211	14.657	0.246327	0.0286749	1046.8	14.3694	
0.0-2.4	6.5-30.0	60.0-100.0	0.000-1.571	0.008	0.088	1120.0	1107.0	933.215	32.0192	173.788	16.3038	-0.564433	0.308274	-0.05	0.0	0.440304	0.0	3.09241	0.0	0.047649	0.0	0.0225328	0.00139537	0.03	0.0	1.492	0.0	5.0	0.0	1.733	0.0	0.0358309	0.000245567	3.69533e-05	0.0259228	0.417158	0.029231	0.19482	0.0	0.00388614	0.0	0.00226259	0.00118855	1.71004	0.0	0.77784	0.0312018	0.919853	0.955296	0.99997	0.678356	0.239152	0.606351	0.0706677	0.224499	0.200173	0.026605	0.0715169	4.46023	-2412.35	4.0	1.49671e-06	-8049.88	4.0	1.44526e-06	1.0	675.004	28.6592	258.212	19.0647	0.27669	0.0180892	1028.04	9.50439	
0.0-2.4	6.5-30.0	60.0-70.0	0.000-1.571	0.008	0.088	741.0	731.0	623.452	26.0203	107.65	12.6983	-0.710389	0.392667	-0.05	0.0	0.440304	0.0	3.09241	0.0	0.047649	0.0	0.0196297	0.00135664	0.03	0.0	1.492	0.0	5.0	0.0	1.733	0.0	0.0348618	0.000213772	3.69533e-05	0.0259228	0.458905	0.0375893	0.19482	0.0	0.00388614	0.0	0.00234103	0.00144995	1.71004	0.0	0.764506	0.0380872	1.0	0.0279581	0.999999	0.046169	0.388079	0.0973035	0.0704457	1.02245e-05	0.22289	0.040296	0.0712593	2.83989	-1594.74	4.0	2.78659e-05	-5056.11	4.0	3.16605e-05	1.0	438.496	22.9264	184.956	15.8203	0.296664	0.0221496	1019.95	11.4933	
0.0-2.4	6.5-30.0	70.0-100.0	0.000-1.571	0.016	0.073	378.0	374.0	308.236	18.5864	65.7421	10.1488	-0.338976	0.495032	-0.05	0.0	0.440304	0.0	3.09241	0.0	0.047649	0.0	0.0281264	0.00273651	0.03	0.0	1.492	0.0	5.0	0.0	1.733	0.0	0.0379796	0.000567131	3.69173e-05	0.0282483	0.307338	0.0408076	0.19482	0.0	0.00388614	0.0	0.00252143	0.00218121	1.71004	0.0	0.828683	0.0576968	0.804717	0.11966	1.0	0.681007	7.3733e-07	0.641278	0.0707036	0.0543652	0.152146	0.0327238	0.0705397	4.22545e-09	-821.61	4.0	4.40145e-07	-2276.04	4.0	1.4062e-05	1.0	232.508	17.151	75.7285	10.8833	0.245683	0.0320501	1059.54	18.1671	
0.0-2.4	6.5-7.5	0.0-100.0	0.000-1.571	0.016	0.16	18687.0	18683.0	7811.76	131.725	10871.3	142.851	-0.0583826	0.0386751	-0.05	0.0	0.437541	0.0740968	3.091	0.000560499	0.0483402	0.00303266	0.0269186	0.00128929	0.03	0.0	1.492	0.0	5.0	0.0	1.733	0.0	0.0378153	0.00118726	8.17783e-05	0.000350179	0.243118	0.00849659	0.206936	0.0943215	0.00999971	0.0031414	0.00372031	0.000477521	1.88995	0.200823	0.987312	0.0105857	0.505598	0.0236276	0.84392	0.0313384	0.669789	0.0159039	0.0705863	8.47677e-09	0.293913	0.0188464	0.367685	0.0513126	-24817.5	4.0	1.39341e-07	-172717.0	7.0	1.63573e-06	1.0	6268.76	119.968	1543.0	62.4144	0.197523	0.00726246	1229.73	59.2563	
0.0-2.4	6.5-8.0	0.0-100.0	0.000-1.571	0.016	0.16	24692.0	24686.0	11083.2	151.065	13603.5	159.155	-0.107434	0.0345779	-0.05	0.0	0.443228	0.0583859	3.09156	0.000457198	0.0484278	0.00235588	0.0267004	0.00104943	0.03	0.0	1.492	0.0	5.0	0.0	1.733	0.0	0.0379	0.000939485	2.99332e-05	0.00458551	0.300254	0.00794969	0.247328	0.092515	0.00999999	0.0035556	0.00311984	0.000416149	1.76918	0.144226	0.941999	0.00948751	0.525658	0.0234191	0.86596	0.0237223	0.633443	0.0152185	0.0706221	1.5763e-08	0.25991	0.0138912	0.361803	0.0447059	-33178.8	4.0	1.25163e-06	-236102.0	7.0	0.000107626	1.0	8706.81	135.27	2376.35	72.5481	0.214411	0.0058572	1200.85	50.6366	
0.0-2.4	6.5-8.5	0.0-100.0	0.000-1.571	0.016	0.16	29842.0	29821.0	14168.6	161.792	15652.4	166.306	-0.137514	0.0321239	-0.05	0.0	0.431189	0.0439419	3.09137	0.000390949	0.0496703	0.00193062	0.0257564	0.000857813	0.03	0.0	1.492	0.0	5.0	0.0	1.733	0.0	0.0379625	0.000772291	7.56762e-05	0.000240875	0.318697	0.00762049	0.226798	0.0773955	0.00999999	0.00269626	0.00310019	0.000365466	1.75627	0.126619	0.954654	0.00859726	0.546884	0.0360773	0.874445	0.022339	0.627937	0.0225584	0.0704693	0.00757538	0.290035	0.0115214	0.346586	0.0408496	-40791.0	4.0	3.11533e-06	-291978.0	7.0	9.84225e-06	1.0	11062.9	145.545	3105.73	80.5131	0.219198	0.00510152	1185.0	41.4616	
0.0-2.4	7.5-8.5	0.0-100.0	0.000-1.571	0.008	0.184	11154.0	11154.0	6332.54	98.5727	4821.67	90.5753	-0.328355	0.0580484	-0.05	0.0	0.457137	0.0535144	3.09163	0.000544503	0.0495946	0.00218495	0.0239169	0.00122562	0.03	0.0	1.492	0.0	5.0	0.0	1.733	0.0	0.0378802	0.000957125	8.69412e-05	0.000593911	0.393921	0.0120594	0.237333	0.116679	0.00999999	0.0164169	0.00187203	0.000560556	1.6166	0.148917	0.915749	0.0144932	0.634797	0.0940616	0.904809	0.0269711	0.557958	0.0655095	0.0706541	0.0236154	0.282441	0.0147529	0.351995	0.0639925	-16228.8	4.0	7.25707e-06	-99905.8	7.0	2.1396e-05	1.0	4712.38	87.2889	1620.15	53.6159	0.255846	0.00747162	1122.42	52.8734	
0.0-2.4	8.0-10.0	0.0-100.0	0.000-1.571	0.008	0.184	14108.0	14108.0	8958.95	114.182	5149.18	96.0515	-0.266962	0.0562287	-0.05	0.0	0.412006	0.0385478	3.09301	0.000423641	0.0504324	0.00205899	0.0230873	0.000836379	0.03	0.0	1.492	0.0	5.0	0.0	1.733	0.0	0.0368961	0.000797208	8.20597e-05	0.000220638	0.338363	0.00840029	0.223708	0.161679	0.000490489	0.00440365	0.00142675	0.00046136	1.60773	0.189825	0.915003	0.012506	0.956192	0.0118175	0.603184	0.0493365	0.525987	0.0287563	0.453849	0.109456	0.36701	0.0161671	0.0706288	1.74726e-09	-22340.4	4.0	1.88702e-07	-131520.0	7.0	4.0421e-05	1.0	6351.18	99.7869	2607.77	67.1556	0.29108	0.00651353	1108.23	70.9038	
0.0-2.4	8.5-9.5	0.0-100.0	0.000-1.571	0.008	0.12	6664.0	6654.0	4253.62	78.7429	2400.73	65.9277	-0.211902	0.0823211	-0.05	0.0	0.492932	0.0685692	3.09439	0.00060712	0.0432191	0.00230876	0.0228928	0.00129238	0.03	0.0	1.492	0.0	5.0	0.0	1.733	0.0	0.0344454	0.00100221	6.95629e-05	0.856416	0.298907	0.00955823	0.195257	0.140777	-0.00999932	0.0168172	0.00201427	0.000665258	1.55521	0.187671	0.923919	0.0179028	0.795379	0.480549	0.91087	2.76715	0.539651	0.508395	0.070552	6.04404e-08	0.259404	0.096561	0.070575	0.593515	-11018.3	4.0	3.38716e-06	-57271.9	7.0	2.83293e-05	1.0	2878.22	67.6477	1375.39	48.8422	0.323347	0.00979888	1076.67	57.9295	
0.0-2.4	9.5-11.0	0.0-100.0	0.000-1.571	0.008	0.136	5600.0	5597.0	3909.23	73.667	1687.61	56.5864	-0.378988	0.0993658	-0.05	0.0	0.386757	0.0623279	3.09268	0.000613323	0.0480517	0.00301691	0.0234728	0.00131546	0.03	0.0	1.492	0.0	5.0	0.0	1.733	0.0	0.035084	0.00114931	1.00134e-05	0.000394123	0.336866	0.0120827	0.411816	0.288493	0.0022233	0.00388478	-6.96759e-05	0.000718411	1.51553	0.180886	0.758925	0.0204366	0.999996	386.243	0.66938	14.3736	0.4524	2.50692	0.0706321	6277.95	0.369184	1.46196	0.102679	1.95097	-9806.78	4.0	1.54541e-06	-47782.5	7.0	1.11802e-05	1.0	2784.34	64.3255	1124.88	42.8263	0.287751	0.00951905	1133.42	120.364	
0.4-0.8	6.5-30.0	0.0-100.0	0.000-1.571	0.008	0.073	6124.0	6124.0	4122.27	72.6778	2001.74	56.2229	0.0265205	0.0901855	-0.05	0.0	0.525627	0.0608035	3.09303	0.000450411	0.0180612	0.00079239	0.0362364	0.00269012	0.03	0.0	1.492	0.0	5.0	0.0	1.733	0.0	0.0281842	0.000986956	1.07909e-05	6.48731e-06	0.455946	0.0139299	0.164736	0.163076	-0.00113548	0.00593586	-0.000334732	0.000585729	1.82366	0.359661	0.930753	0.0175774	0.759289	0.044017	0.813556	0.0390921	0.488246	0.0289132	0.070608	3.13962e-09	0.262856	0.0300264	0.500208	0.0883386	-10185.5	4.0	2.06816e-05	-53320.6	7.0	5.68655e-05	1.0	2703.82	60.6894	1418.44	45.1242	0.344093	0.00911162	1127.59	101.191	
0.8-1.2	6.5-30.0	0.0-100.0	0.000-1.571	0.008	0.105	9034.0	9029.0	5218.69	92.6726	3809.89	84.7174	0.010321	0.0685557	-0.05	0.0	0.464859	0.0935206	3.0923	0.00058041	0.0323445	0.00384674	0.0311346	0.00391578	0.03	0.0	1.492	0.0	5.0	0.0	1.733	0.0	0.0317028	0.00137626	3.76156e-05	0.000218351	0.309743	0.00978464	0.510138	0.279061	0.00698866	0.00378923	-0.000430213	0.000675053	1.44442	0.131788	0.74228	0.0184639	0.592197	0.0338012	0.931283	0.0252957	0.571402	0.025119	0.0705294	2.84432e-09	0.236988	0.016016	0.353012	0.0948155	-14983.9	4.0	1.23029e-05	-79557.7	7.0	7.89798e-05	1.0	3796.11	79.9975	1422.59	49.9358	0.272594	0.00825389	1155.09	101.857	
1.2-1.6	6.5-30.0	0.0-10.0	0.000-1.571	0.008	0.136	4875.0	4870.0	2032.59	54.707	2837.84	61.6306	-0.154802	0.0731405	-0.05	0.0	0.598742	0.0	3.09125	0.0	0.0435302	0.0	0.0309081	0.00206772	0.03	0.0	1.492	0.0	5.0	0.0	1.733	0.0	0.0389598	0.00032911	2.31047e-05	0.000294422	0.30701	0.0160142	0.103775	0.0	0.00999984	0.0	0.00231711	0.000778782	2.09199	0.0	0.902592	0.0204461	0.99541	0.0313172	0.334088	0.0393356	0.428195	0.0535462	0.0721548	0.795175	0.543394	0.0377081	0.0762654	0.00751486	-5667.97	4.0	1.47441e-05	-38448.3	4.0	0.000102945	1.0	1430.71	48.964	601.888	34.3088	0.296118	0.0148792	1088.25	7.59906	
1.2-1.6	6.5-30.0	0.0-100.0	0.000-1.571	0.008	0.136	12230.0	12215.0	6351.54	108.0	5863.74	105.697	-0.234724	0.0539696	-0.05	0.0	0.598742	0.0911255	3.09125	0.000646609	0.0435302	0.0017842	0.0304962	0.00204541	0.03	0.0	1.492	0.0	5.0	0.0	1.733	0.0	0.0388294	0.000884815	2.31047e-05	0.000294422	0.285231	0.0088561	0.103775	0.0507441	0.00999984	0.0195355	0.00413402	0.000477281	2.09199	0.256609	0.896778	0.0122374	0.563536	0.0471951	0.522156	0.162031	0.269846	0.111278	0.0704664	2.97202e-08	0.49284	0.0664549	0.0705765	4.22085e-09	-17004.4	4.0	2.63041e-05	-109431.0	7.0	4.66481e-05	1.0	4675.78	94.2945	1675.76	58.1564	0.263835	0.00798194	1083.94	49.2836	
1.2-1.6	6.5-30.0	10.0-20.0	0.000-1.571	0.008	0.128	2805.0	2797.0	1432.77	45.8418	1364.16	45.0862	-0.217668	0.105962	-0.05	0.0	0.598742	0.0	3.09125	0.0	0.0435302	0.0	0.0369365	0.00370719	0.03	0.0	1.492	0.0	5.0	0.0	1.733	0.0	0.041012	0.000669859	2.94195e-05	0.000284662	0.223972	0.0137835	0.103775	0.0	0.00999984	0.0	0.00297211	0.00107875	2.09199	0.0	1.03559	0.0269081	0.596672	0.0741978	0.999999	0.791692	0.636817	0.0479244	0.0985946	0.0177526	0.214334	0.0228752	0.134572	2.1016	-4127.42	4.0	3.33106e-05	-20840.4	4.0	6.05504e-06	1.0	1001.12	41.9833	431.659	30.4527	0.301275	0.0189428	1189.67	10.4962	
1.2-1.6	6.5-30.0	20.0-30.0	0.000-1.571	0.008	0.105	2021.0	2016.0	1185.42	38.6062	830.416	33.6956	-0.0544762	0.13579	-0.05	0.0	0.598742	0.0	3.09125	0.0	0.0435302	0.0	0.0256067	0.00214142	0.03	0.0	1.492	0.0	5.0	0.0	1.733	0.0	0.0373852	0.000294274	1.00889e-05	0.00459463	0.326614	0.0222355	0.103775	0.0	0.00999984	0.0	-0.00222002	0.00107605	2.09199	0.0	0.989411	0.0254088	0.999601	0.00768817	0.771024	0.136691	0.657612	0.0590615	0.336888	1.12134	0.137151	0.0165703	0.0704583	2.20791e-08	-3494.87	4.0	1.739e-05	-14691.9	4.0	2.92041e-05	1.0	881.552	35.3957	303.864	22.946	0.256335	0.0174642	1153.91	9.76282	
1.2-1.6	6.5-30.0	30.0-40.0	0.000-1.571	0.008	0.12	1244.0	1233.0	697.288	29.9096	535.725	27.0731	-0.290175	0.169194	-0.05	0.0	0.598742	0.0	3.09125	0.0	0.0435302	0.0	0.0279143	0.00317052	0.03	0.0	1.492	0.0	5.0	0.0	1.733	0.0	0.0380422	0.000466751	1.72747e-05	0.00459133	0.242211	0.0301898	0.103775	0.0	0.00999984	0.0	0.00543842	0.00137239	2.09199	0.0	0.895156	0.0357623	0.923938	0.106791	0.667826	0.204007	0.295439	0.140104	0.0929206	0.0446564	0.540947	0.0565376	0.0704586	0.0271818	-1825.81	4.0	5.17181e-05	-8318.06	4.0	1.46208e-05	1.0	567.426	29.3933	129.861	17.3952	0.186238	0.0236334	1082.73	13.2492	
1.2-1.6	6.5-30.0	40.0-50.0	0.000-1.571	0.016	0.064	653.0	640.0	473.804	23.3373	166.221	15.3962	-2.05827	0.355113	-0.05	0.0	0.598742	0.0	3.09125	0.0	0.0435302	0.0	0.0312252	0.00434875	0.03	0.0	1.492	0.0	5.0	0.0	1.733	0.0	0.0390612	0.000697458	2.95545e-05	0.000300613	0.296214	0.0324467	0.103775	0.0	0.00999984	0.0	-0.0038743	0.0020024	2.09199	0.0	1.00839	0.0545575	0.983461	0.916018	0.988602	0.658473	0.429831	0.177741	0.128377	0.197762	0.316917	0.0894833	0.113319	0.304743	-1173.28	4.0	2.36846e-05	-4107.6	4.0	4.13467e-06	1.0	348.383	21.9251	125.421	14.9807	0.264711	0.0288044	1168.54	21.0972	
1.2-1.6	6.5-30.0	50.0-100.0	0.000-1.571	0.016	0.073	629.0	624.0	511.518	23.6378	112.489	12.638	-1.23483	0.389522	-0.05	0.0	0.598742	0.0	3.09125	0.0	0.0435302	0.0	0.0285854	0.00277166	0.03	0.0	1.492	0.0	5.0	0.0	1.733	0.0	0.0382416	0.000415664	1.01642e-05	0.000817577	0.360883	0.0373982	0.103775	0.0	0.00999984	0.0	0.00541434	0.0018629	2.09199	0.0	0.994408	0.0522845	1.0	0.882684	0.999991	0.245611	0.442712	0.235698	0.0705701	1218.01	0.299677	0.152613	0.0706994	1.58147e-09	-1264.92	4.0	7.34983e-06	-4125.34	4.0	8.0226e-07	1.0	387.224	21.8401	124.294	13.7762	0.24299	0.0244795	1157.75	20.1237	
1.6-2.0	6.5-30.0	0.0-100.0	0.000-1.571	0.008	0.16	12214.0	12197.0	6147.1	119.847	6049.7	119.406	-0.415852	0.0562516	-0.05	0.0	0.536965	0.118557	3.09084	0.000792153	0.0539002	0.00281342	0.0348091	0.003226	0.03	0.0	1.492	0.0	5.0	0.0	1.733	0.0	0.0460549	0.00151264	2.61437e-05	0.00458725	0.276221	0.00940948	0.462154	0.274076	0.00485629	0.00340939	0.00423699	1.29268e-06	1.4787	0.146906	0.876167	0.0168593	0.71888	0.0702147	0.836134	0.0426534	0.649938	0.0320949	0.0704381	0.0186984	0.23427	0.0134552	0.318974	0.0471061	-16516.0	4.0	1.92447e-05	-108294.0	7.0	1.01067e-05	1.0	4762.39	104.996	1384.71	55.9637	0.225262	0.00797472	1193.07	91.7694	
1.6-2.4	3.0-30.0	0.0-100.0	0.000-1.571	0.008	0.264	217503.0	217495.0	43587.1	365.925	173907.0	513.998	0.0129709	0.00939296	-0.05	0.0	0.0533157	0.0139648	3.08899	0.000421343	0.0173364	0.00230831	0.0520001	0.000185851	0.03	0.0	1.89	0.0	5.0	0.0	1.44	0.0	0.050753	0.000189472	1.05692e-05	6.49144e-05	0.279731	0.0052249	0.19593	0.106578	0.00823221	0.0041731	0.00940551	0.000199321	1.71895	0.159922	1.01111	0.0030109	0.865809	0.0237872	0.731045	0.013688	0.785882	0.00717473	0.0754982	0.0101663	0.214199	0.0073861	0.42786	0.0123008	-188761.0	4.0	3.50843e-05	-2491700.0	7.0	0.000295205	1.0	36121.2	347.481	7465.84	180.865	0.171286	0.00389239	1183.62	49.1034	
1.6-2.4	3.0-4.5	0.0-100.0	0.000-1.571	0.016	0.264	139335.0	139330.0	19467.5	292.207	119861.0	430.287	0.186911	0.0112507	-0.05	0.0	0.882596	0.0183542	3.08764	0.000696271	0.0555391	0.00136841	0.02	0.00133276	0.03	0.0	1.86	0.0	5.0	0.0	1.38	0.0	0.0526252	0.000679591	8.85777e-05	0.0369611	0.299924	0.00976223	0.101357	0.069759	0.0499991	0.0925249	0.00921973	0.000253289	1.84755	0.275177	1.02625	0.00349173	0.761975	0.0609521	0.727229	0.0230976	0.717114	0.0260018	0.0704317	0.0121407	0.121731	0.008797	0.468376	0.0110435	-112660.0	4.0	2.56878e-05	-1530460.0	7.0	9.29075e-05	1.0	16907.1	277.508	2560.41	118.685	0.131522	0.00576807	1136.84	42.7392	
1.6-2.4	3.0-5.5	0.0-100.0	0.000-1.571	0.016	0.264	182463.0	182455.0	27809.3	600.893	154646.0	744.19	0.0512042	0.0114432	-0.05	0.0	0.929969	0.0768584	3.0881	0.000687656	0.052442	0.00351129	0.0165682	0.00768819	0.03	0.0	1.86	0.0	5.0	0.0	1.38	0.0	0.0507621	0.00193156	1.55371e-05	0.00459213	0.283817	0.007638	0.125652	0.0884483	0.0251244	0.0167426	0.0122161	0.000220251	1.92178	0.271466	1.06561	0.00309365	0.759646	0.0317295	0.69606	0.0205344	0.816027	0.00667601	0.0704521	6.1696e-10	0.260679	0.00972908	0.414742	0.0145838	-150700.0	4.0	5.74288e-07	-2054440.0	7.0	0.0625119	1.0	23742.8	531.463	4066.51	164.252	0.146228	0.00499016	1207.03	54.1692	
1.6-2.4	3.0-6.5	0.0-10.0	0.000-1.571	0.016	0.264	103089.0	103081.0	12509.2	193.831	90571.8	339.936	0.0233612	0.0128507	-0.05	0.0	0.93656	0.0	3.08894	0.0	0.0522828	0.0	0.0158227	0.0015216	0.03	0.0	1.86	0.0	5.0	0.0	1.38	0.0	0.0507539	1.50469e-05	1.3729e-05	0.00459296	0.258294	0.0111888	0.173641	0.0	0.0248856	0.0	0.0123462	0.000311801	1.74699	0.0	1.07325	0.00452371	0.780285	0.198191	0.638626	0.0552053	0.811594	0.0337671	0.0710147	0.0539816	0.379042	0.0102906	0.347125	0.0148989	-76509.9	4.0	2.47363e-07	-1100380.0	4.0	0.00211629	1.0	10548.6	194.611	1960.53	109.907	0.156727	0.00844385	1217.29	1.64793	
1.6-2.4	3.0-6.5	0.0-100.0	0.000-1.571	0.016	0.264	200951.0	200943.0	33181.0	339.994	167762.0	499.459	0.00775739	0.00952796	-0.05	0.0	0.93656	0.00977153	3.08894	0.000497866	0.0522828	0.000728781	0.0168824	0.00139371	0.03	0.0	1.86	0.0	5.0	0.0	1.38	0.0	0.0507756	0.000370914	1.3729e-05	0.00459296	0.281113	0.00661126	0.173641	0.119565	0.0248856	0.0127773	0.0116288	0.000213641	1.74699	0.202734	1.03548	0.00309586	0.681048	0.0234483	0.722679	0.0172256	0.796507	0.00601053	0.070647	1.13239e-08	0.269611	0.0076832	0.399009	0.0130152	-168588.0	4.0	1.21464e-06	-2283250.0	7.0	0.00182681	1.0	28166.3	323.973	5014.69	155.894	0.151131	0.00443573	1189.96	56.0547	
1.6-2.4	3.0-6.5	0.0-20.0	0.000-1.571	0.016	0.264	158643.0	158635.0	21572.6	245.572	137062.0	419.272	0.0178402	0.0104509	-0.05	0.0	0.93656	0.0	3.08894	0.0	0.0522828	0.0	0.0139972	0.00144207	0.03	0.0	1.86	0.0	5.0	0.0	1.38	0.0	0.0507199	1.26236e-05	1.3729e-05	0.00459296	0.253848	0.00862864	0.173641	0.0	0.0248856	0.0	0.0130441	0.000245228	1.74699	0.0	1.05051	0.00354715	0.657053	0.0257172	0.714265	0.0194603	0.799309	0.00623275	0.0704877	1.16851e-10	0.312309	0.00834517	0.391	0.0139894	-127345.0	4.0	2.20918e-06	-1762790.0	4.0	0.000438454	1.0	18483.8	247.272	3088.75	134.563	0.143179	0.00602096	1200.79	1.28219	
1.6-2.4	3.0-6.5	10.0-20.0	0.000-1.571	0.016	0.209	55553.0	55512.0	9441.47	154.525	46070.3	245.976	0.00732804	0.0180589	-0.05	0.0	0.93656	0.0	3.08894	0.0	0.0522828	0.0	0.09	0.00578182	0.03	0.0	1.86	0.0	5.0	0.0	1.38	0.0	0.0554431	0.000297709	1.37782e-05	0.00459294	0.268555	0.0128799	0.173641	0.0	0.0248856	0.0	0.0113836	0.000394843	1.74699	0.0	0.979169	0.00565415	0.627425	0.0285195	0.834543	0.0162265	0.72337	0.0134636	0.0706951	3.32121e-08	0.140933	0.00795173	0.457158	0.0233656	-51354.1	4.0	5.67388e-05	-559307.0	4.0	7.10466e-06	1.0	8261.16	154.581	1180.31	77.3791	0.125014	0.00793615	1149.89	1.98934	
1.6-2.4	3.0-6.5	20.0-30.0	0.000-1.571	0.016	0.192	22832.0	22827.0	4720.86	109.603	18104.8	159.341	-0.0556091	0.0288752	-0.05	0.0	0.93656	0.0	3.08894	0.0	0.0522828	0.0	0.0618759	0.0190031	0.03	0.0	1.86	0.0	5.0	0.0	1.38	0.0	0.0529431	0.000704484	1.37746e-05	0.00459294	0.289816	0.0137301	0.173641	0.0	0.0248856	0.0	0.00352098	0.000608638	1.74699	0.0	0.971107	0.00871774	0.845182	0.0634821	0.777267	0.0367783	0.708185	0.0281077	0.0709139	2.08551e-07	0.104812	0.00943537	0.365351	0.0277327	-21589.8	4.0	5.27288e-06	-210188.0	4.0	0.000292254	1.0	3813.38	103.489	907.475	57.5798	0.192227	0.0113511	1144.22	3.05703	
1.6-2.4	3.0-6.5	20.0-40.0	0.000-1.571	0.016	0.192	33954.0	33936.0	7818.37	128.519	26117.9	186.522	-0.0316313	0.0240052	-0.05	0.0	0.93656	0.0	3.08894	0.0	0.0522828	0.0	0.0312136	0.00887744	0.03	0.0	1.86	0.0	5.0	0.0	1.38	0.0	0.0512044	0.000171656	1.37746e-05	0.00459294	0.317024	0.0118545	0.173641	0.0	0.0248856	0.0	0.004794	0.000491732	1.74699	0.0	0.960905	0.00714667	0.790985	0.0685169	0.806788	0.030689	0.709198	0.0293867	0.070923	0.0187603	0.116548	0.00827991	0.344986	0.0262366	-32935.4	4.0	4.94447e-06	-326548.0	4.0	2.12108e-06	1.0	6392.68	123.649	1425.69	69.252	0.182352	0.00833498	1137.08	2.49535	
1.6-2.4	3.0-6.5	30.0-40.0	0.000-1.571	0.016	0.152	11122.0	11019.0	3148.26	74.6867	7870.65	101.488	0.0419811	0.0437305	-0.05	0.0	0.93656	0.0	3.08894	0.0	0.0522828	0.0	0.0176699	0.00401603	0.03	0.0	1.86	0.0	5.0	0.0	1.38	0.0	0.0507926	4.43163e-05	1.3843e-05	0.00459291	0.357136	0.021113	0.173641	0.0	0.0248856	0.0	0.00653315	0.000837834	1.74699	0.0	0.933378	0.0123329	0.999994	0.0856062	0.37783	0.0700593	0.6911	0.0375096	0.0721334	0.771334	0.1875	0.0154076	0.0969909	0.0118087	-11663.1	4.0	4.58072e-07	-94135.5	4.0	1.84743e-06	1.0	2603.43	72.9468	544.836	40.9124	0.173059	0.0123297	1117.97	4.25432	
1.6-2.4	3.0-6.5	40.0-100.0	0.000-1.571	0.016	0.168	8353.0	8349.0	3835.92	73.609	4513.04	78.0731	-0.0530156	0.0579572	-0.05	0.0	0.93656	0.0	3.08894	0.0	0.0522828	0.0	0.0147964	0.00236069	0.03	0.0	1.86	0.0	5.0	0.0	1.38	0.0	0.0507343	2.18387e-05	1.33924e-05	0.00459311	0.319299	0.0164958	0.173641	0.0	0.0248856	0.0	0.00477079	0.000898527	1.74699	0.0	0.907673	0.0132063	1.0	0.0425018	0.599715	0.0655677	0.765863	0.0210605	0.0709019	0.00738134	0.232848	0.0256171	0.238324	0.0336292	-9842.73	4.0	1.06616e-06	-70471.4	4.0	4.69388e-06	1.0	3160.43	72.8301	675.489	42.3581	0.176096	0.0105128	1100.35	4.50112	
1.6-2.4	3.0-6.5	40.0-50.0	0.000-1.571	0.016	0.145	4816.0	4785.0	1944.86	53.956	2839.79	61.6916	-0.0181223	0.0729525	-0.05	0.0	0.93656	0.0	3.08894	0.0	0.0522828	0.0	0.0202041	0.00696491	0.03	0.0	1.86	0.0	5.0	0.0	1.38	0.0	0.0508525	8.7776e-05	1.39771e-05	0.00459285	0.291895	0.0202987	0.173641	0.0	0.0248856	0.0	0.00942595	0.00124215	1.74699	0.0	0.954012	0.0201673	0.999992	0.14649	0.496272	0.124102	0.870776	0.0257488	0.0709072	0.772722	0.254266	0.0454559	0.213821	0.0460018	-5455.8	4.0	1.49913e-05	-37438.1	4.0	0.000107308	1.0	1568.61	52.4669	376.242	31.1114	0.193455	0.0150695	1132.28	7.02082	
1.6-2.4	3.0-6.5	50.0-100.0	0.000-1.571	0.016	0.168	3536.0	3536.0	1901.01	50.255	1635.15	47.5366	-0.0430185	0.0963743	-0.05	0.0	0.93656	0.0	3.08894	0.0	0.0522828	0.0	0.012313	0.0023691	0.03	0.0	1.86	0.0	5.0	0.0	1.38	0.0	0.0506922	1.82532e-05	1.33924e-05	0.00459311	0.352271	0.0253063	0.173641	0.0	0.0248856	0.0	0.00213891	2.46046e-08	1.74699	0.0	0.890913	0.0181737	0.823728	0.247187	0.715137	0.0990045	0.646478	0.113112	0.0704411	1.13911	0.198757	0.00861813	0.322831	0.0278533	-4464.71	4.0	0.412437	-27154.5	4.0	2.31245e-05	1.0	1574.97	49.3494	326.039	27.8587	0.171508	0.0139357	1088.97	6.14332	
1.6-2.4	4.5-5.5	0.0-100.0	0.000-1.571	0.016	0.192	43127.0	43067.0	8627.08	173.172	34440.7	235.887	-0.414302	0.0212929	-0.05	0.0	0.976214	0.0666886	3.08882	0.000907074	0.0492351	0.00237852	0.0173646	0.0209803	0.03	0.0	1.86	0.0	5.0	0.0	1.38	0.0	0.0487197	0.00138276	2.24592e-05	0.000300031	0.323344	0.0114322	0.168306	0.155053	0.0139897	0.0158776	0.00967214	0.000431751	1.94031	0.379299	1.06732	0.00663879	0.99641	0.050822	0.534703	0.0716001	0.845949	0.0115258	0.0738024	7.63281e-07	0.332131	0.0280859	0.246941	0.0366392	-38444.2	4.0	3.96735e-05	-424075.0	7.0	0.00749599	1.0	6901.59	155.654	1725.49	78.9663	0.200009	0.00822583	1257.41	94.7794	
1.6-2.4	5.5-6.5	0.0-100.0	0.000-1.571	0.016	0.168	18488.0	18448.0	5715.88	144.659	12732.1	167.093	-0.463004	0.0377368	-0.05	0.0	0.224411	0.234999	3.09345	0.00104181	0.0407519	0.00848966	0.054748	0.00413499	0.03	0.0	1.86	0.0	5.0	0.0	1.38	0.0	0.0519364	0.00238788	1.49587e-05	0.00459239	0.278668	0.0125058	0.433557	0.413492	0.016385	0.017632	0.00820564	0.000759722	1.45242	0.194727	0.87441	0.0136931	0.524361	0.0896845	0.823664	0.126721	0.679968	0.0571002	0.070597	0.0293258	0.30637	0.0220114	0.189957	0.0529629	-18689.9	4.0	7.69385e-06	-167213.0	7.0	0.000100967	1.0	4726.8	130.029	989.079	56.7751	0.173041	0.00891533	1160.9	130.92	
1.6-2.4	6.5-30.0	0.0-10.0	0.000-1.571	0.008	0.184	6449.0	6449.0	2741.04	65.4425	3708.33	72.4549	-0.408203	0.0646994	-0.05	0.0	0.6706	0.0	3.09069	0.0	0.0564291	0.0	0.0314373	0.00239189	0.03	0.0	1.492	0.0	5.0	0.0	1.733	0.0	0.0496075	0.00024965	6.70809e-05	0.00017923	0.298642	0.0165854	0.211707	0.0	0.00199102	0.0	0.00427441	0.000886339	1.6767	0.0	1.08694	0.020112	0.693952	0.0510477	0.888379	0.0855677	0.674682	0.0277003	0.0987018	0.0239014	0.264964	0.019172	0.29658	0.102734	-7564.34	4.0	1.07637e-06	-52469.9	4.0	6.96299e-05	1.0	2201.8	61.9201	539.234	35.1628	0.196726	0.0119375	1235.51	6.97381	
1.6-2.4	6.5-30.0	0.0-100.0	0.000-1.571	0.008	0.152	16551.0	16529.0	8447.43	165.179	8081.18	164.007	-0.443765	0.0510838	-0.05	0.0	0.6706	0.135493	3.09069	0.000704256	0.0564291	0.00285275	0.0314127	0.00559501	0.03	0.0	1.492	0.0	5.0	0.0	1.733	0.0	0.0496023	0.00194336	2.77437e-05	0.00458652	0.259654	0.00750683	0.211707	0.175346	0.00199102	0.00574194	0.0034756	0.000489786	1.6767	0.235346	0.950839	0.011116	0.746762	0.0660219	0.843295	0.0441298	0.646096	0.0300365	0.0707586	0.0201663	0.22468	0.010765	0.283427	0.04155	-22627.5	4.0	3.76828e-05	-151752.0	7.0	0.000144624	1.0	6451.53	140.165	1995.91	72.4924	0.236274	0.0072318	1143.62	81.8038	
1.6-2.4	6.5-30.0	10.0-20.0	0.000-1.571	0.008	0.16	4203.0	4203.0	2043.52	55.4629	2159.48	56.4992	-0.358028	0.0848851	-0.05	0.0	0.6706	0.0	3.09069	0.0	0.0564291	0.0	0.0336293	0.00351314	0.03	0.0	1.492	0.0	5.0	0.0	1.733	0.0	0.0500788	0.000388556	2.91966e-05	0.00458585	0.221581	0.0129935	0.211707	0.0	0.00199102	0.0	0.00112262	0.00101734	1.6767	0.0	0.96106	0.0216154	0.991103	0.656572	0.72365	0.0800512	0.635552	0.0427354	0.0706046	2.47283e-06	0.135775	0.015056	0.255653	0.0421583	-5756.97	4.0	7.59112e-06	-32673.9	4.0	5.9209e-07	1.0	1537.34	53.3488	506.176	35.9703	0.247698	0.0162678	1150.34	7.11781	
1.6-2.4	6.5-30.0	20.0-30.0	0.000-1.571	0.008	0.152	2617.0	2617.0	1464.71	44.0167	1152.1	40.3113	-0.609813	0.117425	-0.05	0.0	0.6706	0.0	3.09069	0.0	0.0564291	0.0	0.0260335	0.00252948	0.03	0.0	1.492	0.0	5.0	0.0	1.733	0.0	0.0485654	0.000223322	2.77437e-05	0.00458652	0.291414	0.0180127	0.211707	0.0	0.00199102	0.0	0.00305605	0.00105833	1.6767	0.0	0.81669	0.0253835	0.851204	0.927707	0.624583	0.29858	0.574385	0.128761	0.0705072	0.172456	0.070736	0.848002	0.332339	0.131178	-3918.16	4.0	5.34944e-07	-19426.7	4.0	5.77681e-05	1.0	1076.44	40.3875	388.268	26.8488	0.265082	0.016509	1058.75	7.71743	
1.6-2.4	6.5-30.0	30.0-40.0	0.000-1.571	0.008	0.12	1601.0	1599.0	990.169	35.7907	608.754	29.9933	-0.546689	0.161846	-0.05	0.0	0.6706	0.0	3.09069	0.0	0.0564291	0.0	0.0280862	0.0033111	0.03	0.0	1.492	0.0	5.0	0.0	1.733	0.0	0.0489407	0.00031296	7.90451e-05	0.000185159	0.216095	0.0158348	0.211707	0.0	0.00199102	0.0	0.0011392	0.00138288	1.6767	0.0	0.845808	0.030444	0.999996	0.0124264	1.0	3186.28	0.731756	1.85311	0.0704766	9.08446e-06	0.271168	0.80511	0.0728728	24964.1	-2577.43	4.0	1.82186e-05	-11202.6	4.0	5.16901e-06	1.0	674.884	33.7825	315.285	26.0009	0.318415	0.0236023	1076.62	9.42689	
1.6-2.4	6.5-30.0	40.0-50.0	0.000-1.571	0.008	0.136	890.0	889.0	587.035	26.8987	301.889	20.9385	-0.985364	0.234803	-0.05	0.0	0.6706	0.0	3.09069	0.0	0.0564291	0.0	0.0310167	0.00367466	0.03	0.0	1.492	0.0	5.0	0.0	1.733	0.0	0.0495202	0.000379074	6.70209e-05	0.882424	0.240303	0.0247429	0.211707	0.0	0.00199102	0.0	0.000458213	0.00151859	1.6767	0.0	0.675584	0.0353548	0.735341	0.0323226	0.999983	8.31359	0.400508	0.0401784	0.0705005	3.60314e-09	0.253613	0.0157571	0.0837086	48.6653	-1503.33	4.0	3.108e-05	-5767.12	4.0	9.32945e-06	1.0	437.514	25.4303	149.521	17.0805	0.254706	0.0266529	977.223	9.63367	
1.6-2.4	6.5-30.0	50.0-100.0	0.000-1.571	0.008	0.088	788.0	771.0	609.391	26.8332	161.448	16.4968	-0.246725	0.317853	-0.05	0.0	0.6706	0.0	3.09069	0.0	0.0564291	0.0	0.0454159	0.00572729	0.03	0.0	1.492	0.0	5.0	0.0	1.733	0.0	0.0530545	0.000807474	7.21792e-05	0.000182081	0.217139	0.0248029	0.211707	0.0	0.00199102	0.0	0.00399726	0.00192544	1.6767	0.0	0.813721	0.0418847	0.774042	0.0637295	0.999955	3.11333	0.250771	0.0703253	0.07049	1.72363e-08	0.221288	0.0267253	0.0707511	14.0557	-1529.58	4.0	1.83156e-05	-5038.21	4.0	8.2134e-05	1.0	479.692	26.4076	129.699	16.8472	0.212834	0.0260091	1056.95	12.7097	
2.0-2.4	6.5-30.0	0.0-100.0	0.000-1.571	0.008	0.152	4337.0	4335.0	2358.88	65.2423	1976.27	62.2346	-0.518535	0.0922803	-0.05	0.0	0.844275	0.0543256	3.09084	0.00149668	0.0632187	0.00298685	0.023573	0.00403848	0.03	0.0	1.492	0.0	5.0	0.0	1.733	0.0	0.0588283	0.0015757	7.87116e-05	0.000484264	0.227491	0.0123901	0.0616687	0.0610904	-0.00999983	0.0176875	0.00211594	0.000827757	2.1655	0.541626	0.916123	0.0178577	0.795635	0.00717429	1.0	3.17085	0.628067	0.00507851	0.114979	0.00380607	0.194525	0.00277967	0.180411	14.4852	-6156.35	4.0	6.49957e-06	-34003.3	7.0	2.14692e-05	1.0	1763.64	59.6009	595.241	37.9987	0.25234	0.0145184	1037.65	66.9378	
