weightedEff_TnPAtRD3_4DEff2_RapPtEffMap3_Ratio_Prof
rap	pT	cent	dPhi	ctauErrMin	ctauErrMax	NoCutEntry	CutEntry	NSig	NSigErr	NBkg	NBkgErr	coefExp	coefExpErr	coefPol1	coefPol1Err	coeffGaus	coeffGausErr	meanSig1	meanSig1Err	sigmaSig1	sigmaSig1Err	sigmaSig2	sigmaSig2Err	sigmaSig3	sigmaSig3Err	alpha	alphaErr	enne	enneErr	enneW	enneWErr	sigWidth	sigWidthErr	Gmc	GmcErr	bTau	bTauErr	fracRes	fracResErr	meanResSigW	meanResSigWErr	meanResSigN	meanResSigNErr	sigmaResSigW	sigmaResSigWErr	sigmaResSigN	sigmaResSigNErr	fpm	fpmErr	fLiving	fLivingErr	fbkgCtTot	fbkgCtTotErr	lambdam	lambdamErr	lambdap	lambdapErr	lambdasym	lambdasymErr	NLL	nFitPar	EDM	NLLMass	nFitParMass	EDMMass	Prob	PROMPT	PROMPTErr	NON-PROMPT	NON-PROMPTErr	Bfraction	BfractionErr	Resolution	ResolutionErr	
0.0-0.4	6.5-30.0	0.0-100.0	0.000-1.571	0.008	0.105	9095.0	9082.0	7836.97	92.8444	1245.04	45.0223	-1.05482	0.116812	-0.05	0.0	0.417691	0.0696004	3.09367	0.000253685	0.0152927	0.000745238	0.0231345	0.000950882	0.03	0.0	1.696	0.0	5.0	0.0	1.718	0.0	0.0202321	0.000425697	1.23578e-05	0.0128429	0.369174	0.00944687	0.44677	0.141299	-0.000774749	0.00115443	0.00044054	0.000700521	1.18582	0.0694746	0.8778	0.0188985	0.999998	0.0624123	0.857595	0.0277185	0.211897	0.0272705	0.141236	0.793173	0.360628	0.0180062	0.214394	0.0403832	-23639.2	4.0	1.36611e-07	-89396.8	7.0	2.24005e-06	1.0	5666.87	83.4126	2170.09	55.7805	0.276905	0.00631655	1026.9	28.6228	
0.0-1.2	6.5-30.0	0.0-100.0	0.000-1.571	0.008	0.145	32356.0	32339.0	27903.5	176.507	4435.42	87.6641	-1.07159	0.0635517	-0.05	0.0	0.382032	0.0413826	3.09366	0.000180353	0.0185771	0.000678887	0.0313945	0.000753816	0.03	0.0	1.696	0.0	5.0	0.0	1.718	0.0	0.0272198	0.00037318	1.01594e-05	0.0045946	0.369797	0.00500905	0.0390389	0.0103328	-0.00174128	0.00308162	0.000300208	0.000231876	2.01564	0.13992	0.988683	0.00642241	0.987793	0.0125574	0.909131	0.0372233	0.262462	0.0179087	0.290867	0.144058	0.418458	0.0116421	0.140926	1.10032e-09	-76522.7	4.0	8.52006e-05	-352165.0	7.0	1.96806e-05	1.0	20132.3	158.954	7771.22	107.075	0.278503	0.00340904	1047.83	9.69197	
0.0-2.4	10.0-13.0	0.0-100.0	0.000-1.571	0.008	0.145	12378.0	12368.0	10491.5	111.025	1876.07	60.9237	-1.24173	0.0986981	-0.05	0.0	0.466333	0.0415254	3.09335	0.000362927	0.0462768	0.00139957	0.0230885	0.000933097	0.03	0.0	1.696	0.0	5.0	0.0	1.718	0.0	0.0358212	0.000648677	1.22072e-05	0.0133174	0.39089	0.00796443	0.0307555	0.0102492	0.002156	0.00527054	0.000476936	0.000355999	2.23784	0.221634	0.980534	0.0107619	0.989625	0.0302206	0.906182	0.177885	0.280149	0.138478	0.141255	3.01434e-09	0.420199	0.0435984	0.141162	0.346264	-25719.8	4.0	4.49578e-07	-120142.0	7.0	4.19939e-05	1.0	7162.03	96.2819	3329.44	69.0451	0.317347	0.00565971	1042.06	13.2911	
0.0-2.4	10.0-30.0	0.0-100.0	0.000-1.571	0.008	0.145	19525.0	19513.0	16270.0	139.17	3242.83	79.626	-1.25241	0.0748582	-0.05	0.0	0.468651	0.0353475	3.09347	0.000288369	0.0453443	0.00113077	0.0228491	0.000780533	0.03	0.0	1.696	0.0	5.0	0.0	1.718	0.0	0.0352279	0.000531497	1.00498e-05	0.00459465	0.379065	0.00580059	0.0302029	0.00772777	-0.00137981	0.00391645	4.04022e-05	0.000275411	2.28455	0.177331	0.990444	0.00892631	0.972306	0.00756021	1.0	0.00577517	0.255003	0.0148446	0.140891	0.034057	0.420472	0.0118834	0.279438	2.53774	-38656.4	4.0	4.92296e-05	-197897.0	7.0	8.37514e-05	1.0	10386.9	117.095	5883.07	91.377	0.361591	0.00468789	1053.08	10.5251	
0.0-2.4	11.0-13.0	0.0-100.0	0.000-1.571	0.008	0.145	6620.0	6617.0	5630.59	81.6485	986.586	44.9696	-1.35528	0.139957	-0.05	0.0	0.352592	0.0476366	3.09363	0.000498211	0.0535227	0.00282425	0.0247649	0.00104482	0.03	0.0	1.696	0.0	5.0	0.0	1.718	0.0	0.0375116	0.00103221	3.00105e-05	0.000309596	0.399154	0.0105605	0.035575	0.0156752	0.00158392	0.00595811	0.000285108	0.000491994	2.10523	0.269949	1.00145	0.0153993	0.981731	0.0516045	0.999945	0.147396	0.251914	0.0680857	0.141286	0.317035	0.393295	0.0332988	0.140926	5.90671e-11	-13243.2	4.0	5.03768e-07	-59958.6	7.0	3.56379e-05	1.0	3697.68	69.5626	1932.91	52.4358	0.343287	0.00787054	1060.61	17.3358	
0.0-2.4	13.0-16.0	0.0-100.0	0.000-1.571	0.008	0.081	4203.0	4198.0	3398.26	62.7711	799.72	36.6286	-1.10561	0.146866	-0.05	0.0	0.607198	0.0648184	3.09348	0.000601289	0.0409516	0.00166225	0.0184162	0.00176681	0.03	0.0	1.696	0.0	5.0	0.0	1.718	0.0	0.033934	0.000902521	2.11265e-05	10.8791	0.375707	0.0119744	0.0661462	0.04102	-0.00168051	0.0047893	-0.000613737	0.000612157	1.77416	0.264604	0.996355	0.0210799	0.970396	0.0114083	0.999995	0.179023	0.269873	0.0294322	0.205104	0.0749476	0.447847	0.0261727	0.21607	2.50999	-7998.3	4.0	1.81931e-06	-36056.8	7.0	2.82182e-06	1.0	2044.14	51.8311	1354.12	43.4327	0.398474	0.0104487	1065.49	26.967	
0.0-2.4	13.0-30.0	0.0-100.0	0.000-1.571	0.008	0.081	7146.0	7139.0	5770.7	83.9826	1367.74	51.475	-1.27626	0.114633	-0.05	0.0	0.485183	0.0678325	3.09372	0.000478765	0.0434158	0.00184881	0.0221498	0.00152461	0.03	0.0	1.696	0.0	5.0	0.0	1.718	0.0	0.0341631	0.000932016	1.02238e-05	0.00459457	0.368015	0.00848257	0.0480882	0.0218371	-0.00242622	0.00419284	-0.000345626	0.000443074	1.94086	0.230379	1.00077	0.0161208	1.0	0.615051	0.962432	0.0129421	0.279613	0.0209402	0.147302	0.347496	0.446254	0.0198994	0.229927	0.0791647	-13041.9	4.0	5.11512e-05	-64896.6	7.0	7.37238e-05	1.0	3225.97	66.1446	2544.74	59.5188	0.440975	0.00807415	1065.14	18.8346	
0.0-2.4	16.0-30.0	0.0-100.0	0.000-1.571	0.008	0.056	2942.0	2929.0	2394.71	52.2299	534.222	29.4562	-1.39836	0.184999	-0.05	0.0	0.155086	0.0562432	3.09354	0.000757024	0.0150471	0.0026477	0.0367232	0.00161963	0.03	0.0	1.696	0.0	5.0	0.0	1.718	0.0	0.0342718	0.000870414	1.01425e-05	0.00459461	0.360741	0.0119666	0.0340288	0.0240391	-0.00317689	0.0069571	-3.67393e-05	0.00064643	2.18001	0.438439	1.00078	0.0254096	1.0	0.0765062	0.985786	0.0117359	0.286832	0.0307046	0.140893	6.59819e-07	0.435222	0.0293239	0.236778	0.193421	-5075.63	4.0	4.12698e-05	-23909.4	7.0	7.85856e-05	1.0	1196.36	39.8025	1198.35	39.8308	0.500414	0.0125511	1062.63	28.5972	
0.0-2.4	6.5-30.0	0.0-100.0	0.000-1.571	0.004	0.224	71435.0	71412.0	60858.5	267.976	10552.3	146.541	-1.12388	0.0413939	-0.05	0.0	0.461199	0.0190609	3.09234	0.000159918	0.0468553	0.000593951	0.0254241	0.00040874	0.03	0.0	1.696	0.0	5.0	0.0	1.718	0.0	0.036889	0.000275798	1.01537e-05	0.0045946	0.371776	0.00356708	0.0430983	0.00586475	-0.000930869	0.00240021	0.000358294	0.000163992	2.16125	0.0881268	0.960664	0.00421997	0.999999	0.0111431	0.854223	0.0114528	0.286204	0.00987237	0.142563	0.795194	0.427555	0.00768394	0.140981	1.23545e-09	-150431.0	4.0	5.01846e-05	-817530.0	7.0	5.93803e-05	1.0	44786.4	242.563	16072.1	157.972	0.26409	0.00232068	1041.35	6.84489	
0.0-2.4	6.5-7.5	0.0-100.0	0.000-1.571	0.008	0.168	21450.0	21437.0	18560.3	148.628	2876.82	79.9822	-0.750639	0.0789323	-0.05	0.0	0.453654	0.0370751	3.0911	0.000312757	0.0492501	0.00117309	0.0280841	0.000783166	0.03	0.0	1.696	0.0	5.0	0.0	1.718	0.0	0.0391316	0.000534831	2.82935e-05	5.56844e-05	0.404638	0.00824867	0.0564692	0.0173463	0.0089199	0.0166626	0.000465468	0.000349463	1.98278	0.173627	0.970445	0.00750059	1.0	0.0128459	0.793527	0.0311255	0.40673	0.0222972	0.141469	0.793302	0.410727	0.0168035	0.140981	5.07947e-10	-46240.7	4.0	7.17088e-06	-219369.0	7.0	6.65429e-06	1.0	14951.3	139.692	3608.94	77.5523	0.194445	0.00387744	1053.84	15.7176	
0.0-2.4	6.5-8.0	0.0-100.0	0.000-1.571	0.008	0.168	30083.0	30064.0	25902.2	173.323	4161.88	91.0507	-0.865841	0.0652054	-0.05	0.0	0.505541	0.0269327	3.09128	0.000259731	0.047933	0.000777506	0.026387	0.00066124	0.03	0.0	1.696	0.0	5.0	0.0	1.718	0.0	0.0388046	0.000385345	1.01726e-05	0.00459459	0.399052	0.00675922	0.0575665	0.0136708	0.00223244	0.00490816	0.000590349	0.000288044	2.00934	0.138671	0.956682	0.00628905	0.999999	0.00665055	0.74313	0.0218762	0.304839	0.0144833	0.14099	2.8633e-11	0.399242	0.0128471	0.140999	4.44041e-10	-64952.8	4.0	3.16794e-06	-317928.0	7.0	1.19397e-06	1.0	20681.9	162.88	5220.23	92.7238	0.201536	0.00331604	1046.41	13.0412	
0.0-2.4	6.5-8.5	0.0-100.0	0.000-1.571	0.008	0.168	37320.0	37300.0	32090.3	195.195	5209.99	105.927	-0.953225	0.058928	-0.05	0.0	0.489863	0.029586	3.09138	0.000231239	0.0476279	0.000771829	0.0265265	0.000700129	0.03	0.0	1.696	0.0	5.0	0.0	1.718	0.0	0.0383429	0.000401894	1.02618e-05	0.00459455	0.382146	0.00576515	0.0565076	0.0117314	-0.00114815	0.00417186	0.00112816	0.000254354	2.00908	0.120785	0.957955	0.00570969	1.0	0.00845716	0.747213	0.0352686	0.346074	0.026381	0.141386	9.16604e-06	0.429124	0.0127916	0.14099	0.0176619	-80674.8	4.0	7.25273e-08	-402594.0	7.0	2.80298e-05	1.0	25388.2	182.233	6702.14	104.989	0.208852	0.00301496	1045.9	11.2045	
0.0-2.4	7.5-8.5	0.0-100.0	0.000-1.571	0.008	0.136	15869.0	15848.0	13517.4	125.605	2330.74	67.7445	-1.21456	0.0882205	-0.05	0.0	0.547876	0.041127	3.09178	0.000341674	0.0454621	0.000989322	0.0240391	0.00106915	0.03	0.0	1.696	0.0	5.0	0.0	1.718	0.0	0.0373313	0.00054892	3.14286e-05	0.000250139	0.357673	0.00804131	0.0553572	0.0153282	-0.00751851	0.00509998	0.00172515	0.000370382	2.03235	0.165504	0.945108	0.00879545	1.0	0.0201635	0.712822	0.0462361	0.266884	0.0353105	0.141603	3.18185e-05	0.445396	0.0198077	0.140975	0.0219808	-34455.3	4.0	2.68615e-05	-157645.0	7.0	6.82573e-05	1.0	10449.5	116.431	3067.87	70.2912	0.226958	0.00475323	1035.58	15.4496	
0.0-2.4	8.0-10.0	0.0-100.0	0.000-1.571	0.008	0.136	21827.0	21814.0	18663.1	149.004	3150.71	81.7959	-1.33374	0.0773852	-0.05	0.0	0.40349	0.0397158	3.09266	0.000281655	0.0457704	0.00117869	0.0264488	0.000752279	0.03	0.0	1.696	0.0	5.0	0.0	1.718	0.0	0.0355326	0.000523214	2.68589e-05	0.000536565	0.34796	0.00625298	0.0458891	0.0102194	-0.0026995	0.0043131	0.000471232	0.000294175	2.19478	0.149274	0.940927	0.00742749	0.999999	0.0160774	0.840018	0.0226433	0.231656	0.0194028	0.142981	0.369357	0.451954	0.0141885	0.153106	0.0184209	-47551.5	4.0	2.13936e-06	-224395.0	7.0	0.000187847	1.0	13965.2	135.989	4697.81	86.4181	0.251717	0.00417158	1032.36	12.5747	
0.0-2.4	8.5-9.5	0.0-100.0	0.000-1.571	0.008	0.136	10724.0	10720.0	9195.2	103.889	1524.7	55.8812	-1.2535	0.110251	-0.05	0.0	0.384322	0.053381	3.09325	0.000391894	0.0449072	0.00169344	0.0262458	0.000925401	0.03	0.0	1.696	0.0	5.0	0.0	1.718	0.0	0.0346287	0.000697533	1.33225e-05	0.00459315	0.361008	0.0091193	0.0500628	0.0142661	0.00161968	0.00572458	0.000568658	0.000412525	2.25294	0.202615	0.935686	0.0103542	0.999999	0.033113	0.898585	0.0247029	0.235871	0.0260914	0.141604	1.48771e-05	0.447135	0.0194477	0.148507	0.0313512	-23722.6	4.0	3.83466e-05	-102888.0	7.0	0.000154291	1.0	6879.22	94.8634	2315.98	60.3569	0.251868	0.00591506	1042.01	18.6126	
0.0-2.4	9.5-11.0	0.0-100.0	0.000-1.571	0.008	0.128	9623.0	9614.0	8147.18	97.8183	1466.72	53.7407	-1.32479	0.11159	-0.05	0.0	0.543761	0.0543993	3.09282	0.000416991	0.0430426	0.00124442	0.02278	0.00134571	0.03	0.0	1.696	0.0	5.0	0.0	1.718	0.0	0.0352727	0.000688624	2.86811e-05	0.000348843	0.365639	0.00915394	0.0230452	0.0104935	-0.00132346	0.00761159	-0.000809543	0.000408549	2.46487	0.337054	0.953383	0.0113629	0.961669	1.01046	0.947196	3.93802	0.198707	0.063799	0.143224	1.38522	0.437678	0.130545	0.141319	1.00979e-07	-20602.0	4.0	3.18783e-07	-91071.2	7.0	1.76627e-06	1.0	5827.71	86.9585	2319.48	58.6647	0.284697	0.00633757	1013.91	17.1783	
0.4-0.8	6.5-30.0	0.0-100.0	0.000-1.571	0.008	0.073	10111.0	10073.0	8651.22	98.2537	1421.91	49.2396	-1.20986	0.111586	-0.05	0.0	0.388836	0.073557	3.09418	0.000307224	0.0195783	0.000933314	0.0271349	0.00122644	0.03	0.0	1.696	0.0	5.0	0.0	1.718	0.0	0.0244754	0.000513856	2.82435e-05	0.000449249	0.357403	0.0082579	0.076506	0.0434519	-0.00258405	0.00354869	-0.000573888	0.00042694	1.67312	0.203336	0.974955	0.0121686	0.989162	23.2571	0.890506	21.2467	0.209923	1.6545	0.140923	1.36483e-05	0.445945	1.11755	0.141037	2.9231	-24010.8	4.0	2.53182e-07	-98537.6	7.0	2.19124e-05	1.0	6049.58	87.2992	2601.64	61.4299	0.300726	0.00622537	1044.98	23.4934	
0.8-1.2	6.5-30.0	0.0-100.0	0.000-1.571	0.008	0.145	13149.0	13146.0	11204.6	113.746	1941.42	60.6142	-1.10643	0.0960596	-0.05	0.0	0.545039	0.0567058	3.09339	0.000350128	0.0351805	0.000928138	0.0286624	0.00121821	0.03	0.0	1.696	0.0	5.0	0.0	1.718	0.0	0.0323781	0.000410985	1.00235e-05	0.00459466	0.382746	0.00846911	0.021701	0.00683238	-0.000835981	0.00729644	0.00111199	0.000360182	2.63751	0.286474	1.00867	0.00985703	0.976573	0.00958269	1.0	0.000989122	0.361419	0.0221866	0.233105	0.0769504	0.434788	0.0176603	4.31929	0.57155	-29529.8	4.0	1.23081e-05	-129395.0	7.0	6.23228e-06	1.0	8298.82	102.671	2905.83	65.6809	0.259341	0.00523745	1070.65	13.0017	
1.2-1.6	6.5-30.0	0.0-100.0	0.000-1.571	0.004	0.152	16021.0	16012.0	13876.3	129.097	2135.62	70.1835	-0.904158	0.096155	-0.05	0.0	0.540053	0.0588949	3.08933	0.000381655	0.0338246	0.000906713	0.0478715	0.00203527	0.03	0.0	1.696	0.0	5.0	0.0	1.718	0.0	0.0408892	0.000715587	1.10187e-05	0.00459421	0.393572	0.00775479	0.0606589	0.0149845	-0.000791808	0.00423917	0.00109799	0.000348018	1.99894	0.146766	0.955254	0.00890396	0.999995	0.00334617	0.804847	0.0278615	0.321946	0.0204179	0.286014	0.889888	0.476862	0.0193688	0.140918	2.31259e-10	-32963.9	4.0	2.68155e-06	-158790.0	7.0	9.64901e-06	1.0	10144.7	115.699	3731.51	75.3902	0.268913	0.00482273	1048.59	14.417	
1.6-2.0	6.5-30.0	0.0-100.0	0.000-1.571	0.004	0.145	16142.0	16130.0	13765.5	131.554	2365.6	76.8386	-1.34547	0.0961488	-0.05	0.0	0.753901	0.0560822	3.08946	0.00043649	0.0420126	0.000849264	0.0637619	0.00442964	0.03	0.0	1.696	0.0	5.0	0.0	1.718	0.0	0.0482826	0.00102078	1.76494e-05	0.00459116	0.354926	0.00756653	0.0501204	0.0105066	0.00447381	0.00580861	0.000502609	0.000366336	2.34179	0.172123	0.92884	0.00853264	0.998342	23.7297	0.839004	7.97088	0.331773	1.81376	0.140888	6.11706e-08	0.419653	0.880834	0.140942	1.66781	-31483.7	4.0	6.79451e-05	-158149.0	7.0	0.000163007	1.0	10378.6	120.257	3386.87	75.3094	0.246041	0.00493982	1046.12	15.5183	
1.6-2.4	3.0-30.0	0.0-100.0	0.000-1.571	0.004	0.24	89581.0	89455.0	74957.5	319.265	14497.6	203.58	-0.313712	0.0362045	-0.05	0.0	0.339211	0.0365396	3.08908	0.000202041	0.0643383	0.00163423	0.0415806	0.000644862	0.03	0.0	2.059	0.0	5.0	0.0	1.41	0.0	0.0504639	0.000588294	1.03367e-05	0.00459452	0.373708	0.40161	0.048199	0.00677046	0.00323956	0.0047584	0.00049033	0.00840459	2.28286	0.107063	0.877053	0.489806	0.817944	0.0	0.9999	0.0	0.604322	0.0	0.0846182	0.0	0.4172	0.0	0.483258	0.0	-1e+30	4.0	0.0	-1022550.0	7.0	0.000312704	1.0	69485.0	27313.7	5472.42	27312.1	0.073007	0.364368	991.631	206.39	
1.6-2.4	3.0-4.5	0.0-100.0	0.000-1.571	0.024	0.24	35108.0	35026.0	29248.2	209.659	5777.8	143.121	0.603058	0.0606156	-0.05	0.0	0.28647	0.0437903	3.08902	0.000328428	0.0732174	0.00378432	0.0409996	0.000933095	0.03	0.0	2.04	0.0	5.0	0.0	1.31	0.0	0.0522984	0.00111235	2.69452e-05	0.00010696	0.397423	0.00990003	0.0920982	0.0334626	-0.00295184	0.0134997	0.00138306	0.000422575	1.7428	0.171363	0.904594	0.00537615	1.0	0.0077169	0.532664	0.0411625	0.466549	0.0289523	0.140893	8.87329e-09	0.454896	0.0199111	0.141007	0.014474	-62133.7	4.0	3.72797e-05	-366547.0	7.0	0.000326353	1.0	26108.6	205.545	3139.57	87.9145	0.107342	0.00290565	1011.27	22.9497	
1.6-2.4	3.0-5.5	0.0-100.0	0.000-1.571	0.024	0.24	53138.0	53027.0	44219.5	250.631	8808.26	165.498	0.184308	0.0478941	-0.05	0.0	0.320266	0.0412895	3.08865	0.000265452	0.06684	0.0023558	0.0411126	0.000772511	0.03	0.0	2.04	0.0	5.0	0.0	1.31	0.0	0.0507911	0.000781164	1.07449e-05	0.00459433	0.378975	0.00733405	0.0947176	0.0252455	-0.00210053	0.00695986	0.000570821	0.000328578	1.7053	0.119034	0.903058	0.00444481	0.925073	0.00570794	0.710606	0.00531314	0.430832	0.00432627	0.140954	1.42797	0.396262	0.00160798	0.140894	0.0412862	-95317.0	4.0	0.000108362	-577467.0	7.0	0.000113493	1.0	39049.2	246.267	5170.28	111.897	0.116923	0.00244218	1006.83	16.3243	
1.6-2.4	3.0-6.5	0.0-100.0	0.000-1.571	0.016	0.24	66523.0	66404.0	55629.0	296.248	10775.0	206.807	0.0039126	0.044037	-0.05	0.0	0.343935	0.0462348	3.08896	0.0002386	0.0659047	0.00248494	0.0411932	0.000758156	0.03	0.0	2.04	0.0	5.0	0.0	1.31	0.0	0.05106	0.000838701	1.26007e-05	0.00459348	0.391701	0.00651314	0.0545752	0.0111807	0.00463949	0.00732318	0.000364462	0.00027206	2.11806	0.135123	0.924822	0.00387896	1.0	0.00549634	0.634705	0.018675	0.417873	0.0113635	0.141014	9.71264e-10	0.442225	0.011183	0.140897	2.56903e-07	-120213.0	4.0	7.18871e-07	-738444.0	7.0	0.00015205	1.0	48768.1	286.729	6860.99	126.882	0.123335	0.00218424	1026.38	12.5857	
1.6-2.4	4.5-5.5	0.0-100.0	0.000-1.571	0.024	0.192	18030.0	17996.0	15107.1	142.557	2888.87	90.0217	-0.651565	0.0834639	-0.05	0.0	0.363847	0.0851586	3.08792	0.000450732	0.0595968	0.00266628	0.042266	0.00136449	0.03	0.0	2.04	0.0	5.0	0.0	1.31	0.0	0.0492822	0.00103161	2.75213e-05	0.000465277	0.347871	0.0107044	0.103514	0.0420907	-0.000476917	0.00793976	-0.000778381	0.000525459	1.6297	0.164957	0.899721	0.00789778	1.0	4.6167	0.726518	0.0349615	0.316922	0.020669	0.140964	10065.8	0.379965	0.0153491	0.140891	9.17058e-07	-33376.6	4.0	2.00883e-06	-177013.0	7.0	4.78231e-05	1.0	13069.7	139.918	2037.36	68.8185	0.134861	0.00437401	1000.31	24.1014	
1.6-2.4	5.5-6.5	0.0-100.0	0.000-1.571	0.024	0.16	13385.0	13364.0	11454.3	124.515	1909.94	77.1783	-0.838739	0.103586	-0.05	0.0	0.409019	0.0940236	3.09026	0.000532605	0.0644131	0.00323946	0.0420863	0.00194413	0.03	0.0	2.04	0.0	5.0	0.0	1.31	0.0	0.0523814	0.0014196	1.00139e-05	0.00459467	0.429472	0.0131076	0.163974	0.0525224	0.00159916	0.00563014	0.000548723	0.000553198	1.56105	0.126401	0.879489	0.00968533	0.855788	0.027644	0.999998	0.676278	0.439522	0.0249326	0.140942	0.0314315	0.486941	0.0220941	0.140944	1.7462e-06	-25008.1	4.0	8.16944e-05	-127546.0	7.0	5.91266e-05	1.0	9672.97	118.44	1781.35	57.8479	0.155518	0.00475895	1022.86	26.7994	
1.6-2.4	6.5-30.0	0.0-100.0	0.000-1.571	0.008	0.188	23057.0	23048.0	19494.1	157.619	3553.86	94.3545	-1.22109	0.0760934	-0.05	0.0	0.618987	0.0529144	3.08993	0.000392625	0.0526892	0.000970579	0.0397069	0.00161347	0.03	0.0	1.696	0.0	5.0	0.0	1.718	0.0	0.0481573	0.000529923	1.30059e-05	0.00459329	0.358612	0.00660226	0.0446101	0.00857781	0.00265167	0.00592245	-5.42275e-05	0.000316623	2.45063	0.167161	0.923841	0.00721037	0.999783	0.0665165	0.848293	0.0332239	0.304333	0.0236333	0.141037	4.52211e-07	0.409021	0.013054	0.140911	0.0239976	-43421.9	4.0	6.98255e-05	-233171.0	7.0	3.69429e-06	1.0	14791.3	144.789	4702.79	90.0375	0.241242	0.00418662	1040.83	14.1101	
2.0-2.4	6.5-30.0	0.0-100.0	0.000-1.571	0.008	0.144	6915.0	6903.0	5816.57	88.5473	1086.47	55.7579	-1.08083	0.140267	-0.05	0.0	0.50709	0.103987	3.08938	0.000812297	0.0609945	0.0026121	0.0450175	0.00231816	0.03	0.0	1.696	0.0	5.0	0.0	1.718	0.0	0.0537165	0.00121108	1.21911e-05	0.00459367	0.367204	0.0130952	0.0274908	0.012152	-0.01	0.0156797	-0.00171899	0.000636878	3.13309	0.601028	0.920868	0.0136311	0.999999	1.11032	0.892887	0.0325996	0.26143	0.0290779	0.141228	260.284	0.389239	0.0201408	0.140912	7.77737e-09	-12004.4	4.0	2.83048e-07	-60859.4	7.0	4.12872e-05	1.0	4452.26	82.0345	1364.31	50.6672	0.234556	0.00794535	1046.2	36.3913	
