v2noW_random2
rap	pT	cent	dPhi	ctauErrMin	ctauErrMax	NoCutEntry	CutEntry	NSig	NSigErr	NBkg	NBkgErr	coefExp	coefExpErr	coefPol1	coefPol1Err	coeffGaus	coeffGausErr	meanSig1	meanSig1Err	sigmaSig1	sigmaSig1Err	sigmaSig2	sigmaSig2Err	sigmaSig3	sigmaSig3Err	alpha	alphaErr	enne	enneErr	sigWidth	sigWidthErr	Gmc	GmcErr	bTau	bTauErr	fracRes	fracResErr	meanResSigW	meanResSigWErr	meanResSigN	meanResSigNErr	sigmaResSigW	sigmaResSigWErr	sigmaResSigN	sigmaResSigNErr	fpm	fpmErr	fLiving	fLivingErr	fbkgCtTot	fbkgCtTotErr	lambdam	lambdamErr	lambdap	lambdapErr	lambdasym	lambdasymErr	NLL	nFitPar	EDM	NLLMass	nFitParMass	EDMMass	Prob	PROMPT	PROMPTErr	NON-PROMPT	NON-PROMPTErr	Bfraction	BfractionErr	Resolution	ResolutionErr	
0.0-1.2	6.5-30.0	0.0-100.0	0.000-0.393	0.008	0.088	1144.0	1143.0	796.0	30.2348	346.984	21.5662	0.353572	0.212446	-0.05	0.0	0.544682	0.0	3.09263	0.0	0.021676	0.0	0.0355732	0.0	0.03	0.0	1.492	0.04	1.733	0.07	0.0288462	0.0	2.21795e-05	1.43176	0.208981	0.0170166	0.245908	0.0821935	-0.000109909	0.00257936	0.000604946	0.0013512	1.688	0.125228	0.8652	0.0408782	0.561319	0.385707	0.742979	0.220491	0.366414	0.33469	0.0242055	0.028303	0.136151	0.0302494	0.120125	0.0500724	-2481.82	4.0	2.19717e-05	-8073.6	3.0	8.79662e-06	1.0	567.5	28.2129	228.499	20.1656	0.28706	0.0228672	1.1248	0.0463397	
0.0-1.2	6.5-30.0	0.0-100.0	0.000-1.571	0.008	0.105	4448.0	4446.0	2994.22	64.0363	1451.65	50.5714	-0.0278403	0.11751	-0.05	0.0	0.544682	0.178024	3.09263	0.000663581	0.021676	0.00157523	0.0355732	0.00710798	0.03	0.0	1.492	0.04	1.733	0.07	0.0288462	0.00202143	1.87255e-05	2.6751e-05	0.199431	0.00857695	0.236177	0.079527	5.83622e-05	0.00144617	-0.000370523	0.000720247	1.60413	0.0920545	0.88051	0.0218523	0.646971	0.0573267	0.985884	0.01184	0.454745	0.0543941	0.0634749	0.0104166	0.146945	0.012551	1.10851	1.58327	-9318.16	4.0	2.05185e-06	-37195.6	7.0	8.30808e-05	1.0	2117.55	58.2237	876.663	41.1165	0.292786	0.0122212	1.09541	0.0369229	
0.0-1.2	6.5-30.0	0.0-100.0	0.393-0.785	0.008	0.096	1201.0	1200.0	802.354	30.5248	397.629	22.9573	-0.27963	0.197269	-0.05	0.0	0.544682	0.0	3.09263	0.0	0.021676	0.0	0.0355732	0.0	0.03	0.0	1.492	0.04	1.733	0.07	0.0288462	0.0	1.00937e-05	0.00103092	0.209169	0.0161507	0.0755589	0.0712515	0.0054884	0.00636296	-0.00230944	0.00128252	1.88269	0.329588	0.959902	0.0409356	0.654215	0.0386827	0.999997	4.37438	0.414012	0.0396028	0.0684837	0.00856767	0.135613	0.0112247	0.0666162	41.3636	-2450.32	4.0	3.29287e-05	-8452.5	3.0	5.19209e-07	1.0	551.117	28.4184	251.237	21.4327	0.313125	0.0239089	1.05812	0.0523017	
0.0-1.2	6.5-30.0	0.0-100.0	0.785-1.178	0.008	0.08	1060.0	1060.0	710.693	28.6585	349.306	21.4456	0.0713023	0.210342	-0.05	0.0	0.544682	0.0	3.09263	0.0	0.021676	0.0	0.0355732	0.0	0.03	0.0	1.492	0.04	1.733	0.07	0.0288462	0.0	4.10143e-05	0.000107112	0.19136	0.0182342	0.187448	0.146811	0.00147636	0.00343833	0.00120582	0.00143451	1.59152	0.210616	0.89502	0.0413974	0.534958	0.0133951	1.0	4.28821	0.479049	0.0128657	0.0519765	0.00198868	0.186683	0.00564419	0.0763173	30.3043	-2289.34	4.0	1.38773e-05	-7345.64	3.0	1.0608e-05	1.0	510.397	27.2262	200.296	19.5677	0.281832	0.0250784	1.06099	0.0683179	
0.0-1.2	6.5-30.0	0.0-100.0	1.178-1.571	0.008	0.088	1043.0	1042.0	684.408	28.3409	357.59	21.8264	-0.216435	0.207687	-0.05	0.0	0.544682	0.0	3.09263	0.0	0.021676	0.0	0.0355732	0.0	0.03	0.0	1.492	0.04	1.733	0.07	0.0288462	0.0	1.37041e-05	2.80645	0.192397	0.0175371	0.822701	0.0724277	-0.00109986	0.000962734	0.000815331	0.00440143	1.28762	0.0347594	0.637656	0.0916618	0.686505	0.0849241	0.958311	0.0382938	0.429233	0.086122	0.0641125	0.0199864	0.148027	0.0277741	1.48824	3.14409	-2097.52	4.0	1.22087e-05	-7163.3	3.0	1.16222e-07	1.0	492.432	26.7795	191.976	19.0928	0.2805	0.0253637	1.19837	0.0247429	
0.0-1.2	6.5-30.0	10.0-60.0	0.000-0.393	0.008	0.073	726.0	725.0	512.216	24.103	212.774	16.7767	0.195434	0.270076	-0.05	0.0	0.544682	0.0	3.09263	0.0	0.021676	0.0	0.0346026	0.0	0.03	0.0	1.492	0.04	1.733	0.07	0.0283035	0.0	1.05857e-05	4.67892e-05	0.205281	0.021612	0.236177	0.0	5.83622e-05	0.0	-0.00135943	0.0016894	1.60413	0.0	0.912868	0.0520207	0.435504	1.12821	0.773643	1.47088	0.247892	0.952712	0.00100002	0.0832549	0.170613	0.041769	0.0592607	0.0439995	-1636.5	4.0	1.29859e-05	-4821.71	3.0	3.47747e-05	1.0	368.333	22.6221	143.883	16.0371	0.280904	0.0283822	1.11546	0.0162589	
0.0-1.2	6.5-30.0	10.0-60.0	0.000-1.571	0.008	0.105	2767.0	2765.0	1966.23	48.5393	798.548	34.4737	-0.0604792	0.13966	-0.05	0.0	0.544682	0.0	3.09263	0.0	0.021676	0.0	0.0346026	0.00182368	0.03	0.0	1.492	0.04	1.733	0.07	0.0283035	0.000507576	1.87255e-05	2.6751e-05	0.209146	0.0111128	0.236177	0.0	5.83622e-05	0.0	-0.000310632	0.00087631	1.60413	0.0	0.849563	0.0265483	0.563754	0.076813	0.986479	0.00857567	0.346398	0.0866046	0.0499189	0.00839052	0.143205	0.0154726	4.99984	3.86228	-6061.68	4.0	5.79282e-05	-22072.6	4.0	3.02597e-05	1.0	1401.79	44.9601	564.44	31.9068	0.287067	0.0145982	1.07658	0.00800106	
0.0-1.2	6.5-30.0	10.0-60.0	0.393-0.785	0.008	0.073	762.0	761.0	548.502	25.0137	212.65	17.023	-0.0314949	0.270048	-0.05	0.0	0.544682	0.0	3.09263	0.0	0.021676	0.0	0.0346026	0.0	0.03	0.0	1.492	0.04	1.733	0.07	0.0283035	0.0	2.45136e-05	0.0594659	0.210965	0.020315	0.236177	0.0	5.83622e-05	0.0	-0.00242076	0.00165566	1.60413	0.0	0.834505	0.0535103	0.638268	0.0105967	1.0	4.88003	0.317889	0.0119966	0.0647871	0.00223003	0.124789	0.00295462	0.0531996	34.3828	-1666.05	4.0	4.79261e-05	-5103.96	3.0	6.68594e-05	1.0	389.317	23.4256	159.185	16.9187	0.290218	0.0278616	1.06755	0.015975	
0.0-1.2	6.5-30.0	10.0-60.0	0.785-1.178	0.008	0.064	634.0	634.0	455.613	22.7124	178.375	15.4473	-0.18489	0.294879	-0.05	0.0	0.544682	0.0	3.09263	0.0	0.021676	0.0	0.0346026	0.0	0.03	0.0	1.492	0.04	1.733	0.07	0.0283035	0.0	3.78823e-05	8.58329e-05	0.21015	0.0245476	0.236177	0.0	5.83622e-05	0.0	0.00180669	0.0017115	1.60413	0.0	0.783546	0.0482178	0.488332	0.383406	0.687635	0.761732	0.256244	0.340547	0.0297706	0.0216243	0.223517	0.0608374	0.0344761	0.0334241	-1451.01	4.0	1.3446e-05	-4139.84	3.0	5.24602e-06	1.0	325.091	21.1025	130.522	15.0008	0.286476	0.0296659	1.03763	0.0139056	
0.0-1.2	6.5-30.0	10.0-60.0	1.178-1.571	0.008	0.064	645.0	643.0	448.318	22.716	194.68	16.198	-0.263166	0.281832	-0.05	0.0	0.544682	0.0	3.09263	0.0	0.021676	0.0	0.0346026	0.0	0.03	0.0	1.492	0.04	1.733	0.07	0.0283035	0.0	2.4668e-05	4.15522	0.210305	0.0227579	0.236177	0.0	5.83622e-05	0.0	-0.000637111	0.00196904	1.60413	0.0	0.895121	0.0582218	0.608693	0.103897	0.959942	0.0340515	0.225487	0.0973044	0.0595961	0.0156774	0.127585	0.0255272	3.19178	3.42509	-1313.18	4.0	9.57153e-08	-4166.41	3.0	4.68566e-07	1.0	317.427	21.3356	130.891	15.5083	0.291961	0.0312692	1.10442	0.0180217	
0.0-2.4	10.0-13.0	0.0-100.0	0.000-0.393	0.016	0.08	456.0	456.0	328.472	19.2945	127.527	13.0892	0.262499	0.348604	-0.05	0.0	0.443657	0.0	3.09257	0.0	0.0395255	0.0	0.0249954	0.0	0.03	0.0	1.492	0.04	1.733	0.07	0.0322598	0.0	1.71938e-05	0.0002901	0.18614	0.0254118	0.274398	0.109498	-0.00249292	0.00355003	0.000866366	0.00196336	1.69599	0.15967	0.809482	0.0579606	0.648913	0.830786	0.986365	0.609788	0.528454	0.791763	0.0772916	0.0428554	0.164429	0.198893	0.058488	3.00567	-1042.06	4.0	6.38211e-05	-2802.07	3.0	2.79672e-08	1.0	244.52	18.2479	83.9522	12.2883	0.255584	0.0342661	1.1246	0.0651428	
0.0-2.4	10.0-13.0	0.0-100.0	0.000-1.571	0.008	0.136	1804.0	1804.0	1314.07	41.7135	489.983	30.2639	-0.454281	0.188201	-0.05	0.0	0.443657	0.137533	3.09257	0.0010575	0.0395255	0.00311473	0.0249954	0.00281744	0.03	0.0	1.492	0.04	1.733	0.07	0.0322598	0.00104182	1.21637e-05	1.85867	0.191123	0.0119952	0.294117	0.0867943	0.000270012	0.00176522	-0.000158588	0.0011054	1.60695	0.0922641	0.799219	0.0324276	0.733212	0.0394011	0.999998	11.9218	0.38287	0.0363648	0.0697879	0.00950008	0.162991	0.0156931	0.0999002	105.552	-3870.67	4.0	7.30172e-05	-13536.6	7.0	7.48436e-05	1.0	920.868	37.9809	393.202	27.2736	0.299225	0.018454	1.10017	0.0439458	
0.0-2.4	10.0-13.0	0.0-100.0	0.393-0.785	0.008	0.088	474.0	473.0	347.624	19.904	125.359	13.1873	-0.81466	0.35784	-0.05	0.0	0.443657	0.0	3.09257	0.0	0.0395255	0.0	0.0249954	0.0	0.03	0.0	1.492	0.04	1.733	0.07	0.0322598	0.0	1.60627e-05	0.00013147	0.216545	0.0255984	0.680848	0.179328	0.0030049	0.00163927	-0.00487839	0.00292149	1.30469	0.0810495	0.6	0.0610465	0.769047	0.049066	0.999999	1.73055	0.500277	0.0425095	0.0521049	0.0108996	0.184354	0.0180412	0.0201012	8.6404	-1015.71	4.0	5.99541e-05	-2924.9	3.0	2.00417e-06	1.0	245.799	18.1631	101.825	12.877	0.292917	0.0330288	1.12865	0.0623427	
0.0-2.4	10.0-13.0	0.0-100.0	0.785-1.178	0.008	0.105	427.0	427.0	313.118	18.9766	113.869	12.6831	-0.354187	0.370004	-0.05	0.0	0.443657	0.0	3.09257	0.0	0.0395255	0.0	0.0249954	0.0	0.03	0.0	1.492	0.04	1.733	0.07	0.0322598	0.0	8.5376e-05	0.000184274	0.170566	0.0234005	0.118034	0.0934839	0.00630016	0.00594207	0.00013989	0.00214377	1.90173	0.316188	0.9119	0.0650922	0.852659	0.0497803	0.999969	0.988373	0.490133	0.0693577	0.127213	0.0423834	0.217763	0.0271191	0.0225336	4.32922	-902.113	4.0	9.0155e-06	-2580.52	3.0	1.59382e-06	1.0	216.634	18.1142	96.4846	13.782	0.308141	0.0398571	1.07717	0.0729871	
0.0-2.4	10.0-13.0	0.0-100.0	1.178-1.571	0.008	0.088	447.0	446.0	325.615	19.3695	120.483	13.0404	-0.926179	0.367882	-0.05	0.0	0.443657	0.0	3.09257	0.0	0.0395255	0.0	0.0249954	0.0	0.03	0.0	1.492	0.04	1.733	0.07	0.0322598	0.0	1.34644e-05	0.00253279	0.193511	0.0234913	0.547296	0.182925	-0.00213568	0.00229779	0.00257937	0.00343169	1.46442	0.108951	0.773374	0.0966202	0.863924	0.0262288	0.999994	3.8252	0.129126	0.0361131	0.0655641	0.0114887	0.117356	0.00679625	0.0924744	20.3586	-912.511	4.0	9.15949e-06	-2719.56	3.0	4.80368e-05	1.0	221.193	18.237	104.422	14.0728	0.320691	0.0387809	1.20186	0.0705703	
0.0-2.4	10.0-13.0	10.0-60.0	0.000-0.393	0.016	0.08	315.0	315.0	226.585	16.0667	88.415	10.9527	0.0935801	0.417177	-0.05	0.0	0.443657	0.0	3.09257	0.0	0.0395255	0.0	0.0272298	0.0	0.03	0.0	1.492	0.04	1.733	0.07	0.0332508	0.0	1.71938e-05	0.0002901	0.184604	0.0286359	0.294117	0.0	0.000270012	0.0	-0.000475712	0.00233823	1.60695	0.0	0.715619	0.070233	0.971205	1.26044	0.394136	0.836396	0.271539	0.977931	0.00483563	1.11633	0.180671	0.0859512	0.0494024	0.0357557	-708.588	4.0	8.63753e-05	-1811.8	3.0	9.03907e-06	1.0	161.112	15.0526	65.4727	10.8454	0.288954	0.0432573	1.05877	0.0167543	
0.0-2.4	10.0-13.0	10.0-60.0	0.000-1.571	0.008	0.136	1176.0	1176.0	873.376	31.7489	302.509	20.9082	-0.464677	0.228912	-0.05	0.0	0.443657	0.0	3.09257	0.0	0.0395255	0.0	0.0272298	0.00186739	0.03	0.0	1.492	0.04	1.733	0.07	0.0332508	0.000425394	1.21637e-05	1.85867	0.19371	0.0146008	0.294117	0.0	0.000270012	0.0	0.000218058	0.00139827	1.60695	0.0	0.782311	0.0421373	0.894507	0.204832	0.567941	0.218565	0.0906719	0.146122	0.0996103	0.0888181	0.162102	0.0279285	0.0382178	0.0302447	-2511.89	4.0	3.38329e-07	-8340.82	4.0	5.0401e-05	1.0	600.055	29.6471	273.321	22.4021	0.312947	0.0229892	1.09156	0.0106586	
0.0-2.4	10.0-13.0	10.0-60.0	0.393-0.785	0.016	0.088	311.0	310.0	241.385	16.483	68.6144	9.94581	-0.834199	0.484359	-0.05	0.0	0.443657	0.0	3.09257	0.0	0.0395255	0.0	0.0272298	0.0	0.03	0.0	1.492	0.04	1.733	0.07	0.0332508	0.0	1.60627e-05	0.00013147	0.212026	0.0289118	0.294117	0.0	0.000270012	0.0	-0.00272661	0.00254782	1.60695	0.0	0.783027	0.0823741	0.658771	0.0226199	1.0	13.1445	0.344241	0.0237383	0.0535911	0.00418168	0.167332	0.00823439	0.0609859	88.6567	-670.229	4.0	1.12572e-05	-1811.72	3.0	4.98242e-07	1.0	164.444	15.0893	76.9408	11.3666	0.318747	0.0417567	1.09192	0.0208487	
0.0-2.4	10.0-13.0	10.0-60.0	0.785-1.178	0.016	0.105	281.0	281.0	210.198	15.4735	70.791	10.0009	-0.22821	0.46825	-0.05	0.0	0.443657	0.0	3.09257	0.0	0.0395255	0.0	0.0272298	0.0	0.03	0.0	1.492	0.04	1.733	0.07	0.0332508	0.0	8.5376e-05	0.000184274	0.18311	0.0311607	0.294117	0.0	0.000270012	0.0	0.00257643	0.00310643	1.60695	0.0	0.87881	0.0896442	0.987184	1.01431	0.843897	0.833182	0.535475	0.640309	0.00228395	0.755238	0.16989	0.116587	0.616484	0.752927	-601.934	4.0	1.8766e-05	-1585.78	3.0	3.66834e-06	1.0	147.694	14.7233	62.5041	10.9425	0.297358	0.0472324	1.14221	0.0243429	
0.0-2.4	10.0-13.0	10.0-60.0	1.178-1.571	0.016	0.056	269.0	266.0	194.24	14.9107	71.7575	9.9925	-1.01052	0.477524	-0.05	0.0	0.443657	0.0	3.09257	0.0	0.0395255	0.0	0.0272298	0.0	0.03	0.0	1.492	0.04	1.733	0.07	0.0332508	0.0	1.27211e-05	0.00181467	0.193668	0.0291289	0.294117	0.0	0.000270012	0.0	0.00505085	0.0036487	1.60695	0.0	0.967092	0.116536	0.840258	0.0934317	0.999983	0.906892	0.153578	0.129499	0.0637385	0.0374528	0.111178	0.0232412	0.0795206	2.81052	-536.864	4.0	7.93369e-06	-1482.71	3.0	4.97022e-08	1.0	127.555	14.0586	66.6855	11.3125	0.343314	0.0519357	1.1915	0.0333837	
0.0-2.4	10.0-30.0	0.0-100.0	0.000-0.393	0.008	0.088	750.0	750.0	549.928	24.8944	200.077	16.4276	0.135461	0.27816	-0.05	0.0	0.504668	0.0	3.09335	0.0	0.0399345	0.0	0.023418	0.0	0.03	0.0	1.492	0.04	1.733	0.07	0.0328096	0.0	1.1122e-05	0.00169269	0.192369	0.0192222	0.286858	0.0918796	0.000915639	0.00224089	0.000769421	0.00154554	1.62833	0.118442	0.839518	0.0467537	0.78868	0.0842947	0.999999	6.29161	0.494348	0.0819063	0.0816873	0.0306585	0.150461	0.0247607	0.0200031	30.683	-1708.69	4.0	8.82613e-07	-5006.14	3.0	8.11631e-06	1.0	393.13	23.2501	156.798	16.5601	0.285124	0.0272068	1.12393	0.048411	
0.0-2.4	10.0-30.0	0.0-100.0	0.000-1.571	0.008	0.136	2925.0	2925.0	2158.34	52.6136	766.732	37.1023	-0.553494	0.147989	-0.05	0.0	0.504668	0.094548	3.09335	0.000821754	0.0399345	0.00225769	0.023418	0.00185185	0.03	0.0	1.492	0.04	1.733	0.07	0.0328096	0.00107529	1.52572e-05	0.000100154	0.185936	0.00892764	0.236663	0.0682407	0.00122367	0.00140879	-0.000377407	0.000808362	1.62012	0.0865195	0.861109	0.0253476	0.800108	0.00781747	1.0	2.26038	0.426956	0.00800411	0.0683049	0.00264709	0.168053	0.00282098	0.0445216	6.62885	-6450.26	4.0	8.02541e-05	-23438.4	7.0	0.000113603	1.0	1475.51	48.0016	682.825	35.8815	0.316366	0.0147276	1.08959	0.0340542	
0.0-2.4	10.0-30.0	0.0-100.0	0.393-0.785	0.008	0.105	785.0	784.0	571.535	25.4642	212.444	17.01	-0.904208	0.27606	-0.05	0.0	0.504668	0.0	3.09335	0.0	0.0399345	0.0	0.023418	0.0	0.03	0.0	1.492	0.04	1.733	0.07	0.0328096	0.0	1.01316e-05	0.00876397	0.187738	0.017043	0.100919	0.169121	0.00498796	0.00652429	-0.00306968	0.00130074	1.74041	0.515379	0.835784	0.0441027	0.756174	0.0114944	1.0	15.4967	0.473841	0.0102411	0.0455077	0.00222075	0.181795	0.00423085	0.0200426	138.444	-1730.32	4.0	5.98608e-05	-5231.2	3.0	1.74724e-06	1.0	385.49	23.7403	186.045	18.3664	0.325518	0.0286764	0.966295	0.113516	
0.0-2.4	10.0-30.0	0.0-100.0	0.785-1.178	0.008	0.105	678.0	678.0	508.735	23.9728	169.253	15.3369	-0.490238	0.304718	-0.05	0.0	0.504668	0.0	3.09335	0.0	0.0399345	0.0	0.023418	0.0	0.03	0.0	1.492	0.04	1.733	0.07	0.0328096	0.0	2.91026e-05	5.76628e-05	0.169989	0.0173447	0.122074	0.0686439	0.00470031	0.00433712	0.000354785	0.00160675	1.84586	0.2159	0.873111	0.0504357	0.89332	0.124617	0.511391	0.178086	0.142173	0.180925	0.142833	0.113358	0.21608	0.0450964	0.0406017	0.0192359	-1531.0	4.0	2.10521e-07	-4455.93	3.0	6.49471e-07	1.0	345.136	22.9583	163.599	17.9446	0.321581	0.031852	1.04173	0.0528011	
0.0-2.4	10.0-30.0	0.0-100.0	1.178-1.571	0.008	0.105	712.0	712.0	530.485	24.626	181.611	16.0494	-0.9678	0.301693	-0.05	0.0	0.504668	0.0	3.09335	0.0	0.0399345	0.0	0.023418	0.0	0.03	0.0	1.492	0.04	1.733	0.07	0.0328096	0.0	3.2121e-05	7.73774e-05	0.191843	0.0177877	0.662879	0.127118	-0.000594368	0.00123554	0.000845484	0.00328085	1.36549	0.0619482	0.775835	0.0933659	0.948089	0.869558	0.896	0.949691	0.234308	0.114454	0.0655326	0.0617524	0.14867	0.0343607	0.0642492	0.0588634	-1495.57	4.0	2.38056e-05	-4694.16	3.0	5.45623e-05	1.0	351.739	22.8928	178.746	18.0642	0.336948	0.0302473	1.19954	0.0420579	
0.0-2.4	10.0-30.0	10.0-60.0	0.000-0.393	0.008	0.088	510.0	510.0	375.427	20.5634	134.571	13.4904	-0.0957173	0.338884	-0.05	0.0	0.504668	0.0	3.09335	0.0	0.0399345	0.0	0.0246285	0.0	0.03	0.0	1.492	0.04	1.733	0.07	0.0332457	0.0	1.1122e-05	0.00169269	0.187915	0.022232	0.236663	0.0	0.00122367	0.0	3.98622e-05	0.00173254	1.62012	0.0	0.82383	0.0513901	0.75111	0.92322	0.76924	1.11808	0.381294	1.02005	0.00100004	0.314447	0.165223	0.0399581	0.0825188	0.0593368	-1185.85	4.0	1.39002e-06	-3206.69	3.0	3.36469e-06	1.0	262.822	19.0893	112.605	13.9716	0.299939	0.0333928	1.06736	0.0151388	
0.0-2.4	10.0-30.0	10.0-60.0	0.000-1.571	0.008	0.136	1912.0	1912.0	1438.39	40.5027	473.555	25.9938	-0.469227	0.182881	-0.05	0.0	0.504668	0.0	3.09335	0.0	0.0399345	0.0	0.0246285	0.00150757	0.03	0.0	1.492	0.04	1.733	0.07	0.0332457	0.000276597	1.52572e-05	0.000100154	0.192555	0.0112278	0.236663	0.0	0.00122367	0.0	0.000268287	0.000998781	1.62012	0.0	0.854331	0.031507	0.795118	0.116662	0.644055	0.298902	0.143368	0.286244	0.0680276	0.0272751	0.170372	0.0194119	0.0200398	0.128789	-4268.13	4.0	5.2079e-06	-14554.2	4.0	1.96686e-06	1.0	985.306	37.6955	453.089	28.53	0.314996	0.0177409	1.08551	0.00946422	
0.0-2.4	10.0-30.0	10.0-60.0	0.393-0.785	0.008	0.105	509.0	508.0	389.456	20.9104	118.511	12.8956	-0.60244	0.365389	-0.05	0.0	0.504668	0.0	3.09335	0.0	0.0399345	0.0	0.0246285	0.0	0.03	0.0	1.492	0.04	1.733	0.07	0.0332457	0.0	1.01316e-05	0.00876397	0.191875	0.0215833	0.236663	0.0	0.00122367	0.0	-0.00177013	0.00181684	1.62012	0.0	0.830386	0.063089	0.572105	0.0285595	1.0	4.63761	0.401275	0.0283924	0.0439319	0.00395978	0.205809	0.0134511	0.0383992	33.8106	-1142.17	4.0	6.59066e-07	-3209.02	3.0	6.46296e-06	1.0	269.297	19.5354	120.16	14.6354	0.308532	0.0337307	1.07123	0.0186653	
0.0-2.4	10.0-30.0	10.0-60.0	0.785-1.178	0.008	0.105	442.0	442.0	333.701	19.3983	108.298	12.284	-0.232696	0.378571	-0.05	0.0	0.504668	0.0	3.09335	0.0	0.0399345	0.0	0.0246285	0.0	0.03	0.0	1.492	0.04	1.733	0.07	0.0332457	0.0	2.91026e-05	5.76628e-05	0.184827	0.0236382	0.236663	0.0	0.00122367	0.0	0.00307746	0.00214107	1.62012	0.0	0.940825	0.0674822	0.999941	0.451675	0.874316	0.152756	0.632114	0.10175	0.00104598	0.534969	0.228198	0.0805915	0.238526	0.412247	-1002.82	4.0	1.90536e-06	-2715.41	3.0	1.20609e-07	1.0	233.892	18.1653	99.8098	13.3709	0.299099	0.0360997	1.1388	0.0212784	
0.0-2.4	10.0-30.0	10.0-60.0	1.178-1.571	0.008	0.08	451.0	449.0	340.001	19.645	108.995	12.4472	-1.00531	0.390546	-0.05	0.0	0.504668	0.0	3.09335	0.0	0.0399345	0.0	0.0246285	0.0	0.03	0.0	1.492	0.04	1.733	0.07	0.0332457	0.0	1.97786e-05	7.38276e-05	0.206285	0.0231674	0.236663	0.0	0.00122367	0.0	0.000995254	0.00240305	1.62012	0.0	0.982336	0.0749689	0.868247	0.0391121	0.99996	7.15418	0.20494	0.0375877	0.0572709	0.0103774	0.131973	0.00868468	0.058859	22.37	-945.767	4.0	2.12506e-06	-2760.69	3.0	1.13175e-07	1.0	222.097	18.2867	117.904	14.7016	0.346775	0.0383175	1.16525	0.0241218	
0.0-2.4	13.0-30.0	0.0-100.0	0.000-0.393	0.008	0.064	294.0	292.0	222.86	15.7668	69.1328	9.74016	-0.133964	0.471045	-0.05	0.0	0.544983	0.0	3.09471	0.0	0.0410171	0.0	0.0219218	0.0	0.03	0.0	1.492	0.04	1.733	0.07	0.0336979	0.0	5.42312e-05	0.000155716	0.200699	0.0290397	0.320965	0.160542	0.00391952	0.00307986	0.000786251	0.00252969	1.50857	0.163159	0.905895	0.0813834	0.993964	0.217974	1.0	0.0286344	0.480685	0.120228	0.00119871	0.291781	0.148165	0.0381822	2.3455	2.09068	-657.022	4.0	4.71756e-05	-1693.5	3.0	1.89168e-07	1.0	150.257	14.3436	72.6035	10.9143	0.32578	0.043211	1.13476	0.065932	
0.0-2.4	13.0-30.0	0.0-100.0	0.000-1.571	0.008	0.105	1121.0	1121.0	849.447	32.7666	271.656	22.2659	-0.718348	0.248596	-0.05	0.0	0.544983	0.139369	3.09471	0.00133262	0.0410171	0.00371207	0.0219218	0.00288182	0.03	0.0	1.492	0.04	1.733	0.07	0.0336979	0.00180055	1.00009e-05	0.0022258	0.178471	0.0133648	0.132772	0.0920488	0.00351245	0.00313808	-0.000477734	0.00115336	1.67468	0.204192	0.93787	0.0392872	0.829298	0.70136	0.805638	0.407852	0.33957	0.776497	0.00100698	0.978111	0.182944	0.0262592	0.0352255	0.0247807	-2587.37	4.0	4.85949e-05	-7957.44	7.0	9.25774e-05	1.0	557.714	29.8139	291.732	23.5093	0.343438	0.0242993	1.06545	0.0490653	
0.0-2.4	13.0-30.0	0.0-100.0	0.393-0.785	0.008	0.064	311.0	310.0	225.26	15.9612	84.7342	10.6883	-0.971634	0.436066	-0.05	0.0	0.544983	0.0	3.09471	0.0	0.0410171	0.0	0.0219218	0.0	0.03	0.0	1.492	0.04	1.733	0.07	0.0336979	0.0	1.55008e-05	0.000878565	0.153694	0.0225423	0.00883941	0.0082002	0.00999995	0.0180256	-0.00380827	0.00181163	3.31245	1.28622	0.850423	0.0636346	0.833092	0.0653829	0.999992	3.17423	0.521795	0.0554237	0.0394583	0.0139408	0.185857	0.0237344	0.0200355	11.7584	-714.992	4.0	8.93012e-06	-1774.51	3.0	3.66178e-07	1.0	145.844	15.085	79.4153	12.3462	0.35255	0.0487849	0.902117	0.0431507	
0.0-2.4	13.0-30.0	0.0-100.0	0.785-1.178	0.008	0.056	251.0	248.0	193.419	14.6083	54.5757	8.63491	-0.738455	0.537311	-0.05	0.0	0.544983	0.0	3.09471	0.0	0.0410171	0.0	0.0219218	0.0	0.03	0.0	1.492	0.04	1.733	0.07	0.0336979	0.0	3.39658e-05	0.000104935	0.166907	0.0262586	0.131789	0.1171	0.00298802	0.00557481	0.00265494	0.00253379	1.76077	0.331988	0.965526	0.0896526	0.999929	1.01419	0.4734	0.270353	0.382742	0.251947	0.0584221	1.5638	0.199711	0.0809585	0.0406855	0.0248097	-627.301	4.0	4.63033e-07	-1408.9	3.0	2.75795e-07	1.0	130.045	14.0849	63.3745	11.1725	0.327653	0.0521938	1.10362	0.0753997	
0.0-2.4	13.0-30.0	0.0-100.0	1.178-1.571	0.008	0.08	265.0	264.0	204.425	15.2162	59.5982	9.31135	-1.05832	0.529624	-0.05	0.0	0.544983	0.0	3.09471	0.0	0.0410171	0.0	0.0219218	0.0	0.03	0.0	1.492	0.04	1.733	0.07	0.0336979	0.0	1.65646e-05	0.000171567	0.187083	0.0268151	0.867045	0.0572375	0.000445439	0.00122049	-0.00743556	0.010845	1.22585	0.0404956	0.600016	1.20601	0.662469	0.0779814	1.0	33.146	0.0648824	0.114362	0.00466898	0.00425772	0.197894	0.0280496	0.0200077	154.076	-583.055	4.0	1.97948e-05	-1490.2	3.0	8.18546e-06	1.0	128.886	13.5757	75.539	11.1301	0.36952	0.0469874	1.16224	0.0474754	
0.0-2.4	13.0-30.0	10.0-60.0	0.000-0.393	0.008	0.064	195.0	193.0	149.415	12.8256	43.5794	7.65869	-0.551518	0.594868	-0.05	0.0	0.544983	0.0	3.09471	0.0	0.0410171	0.0	0.0207814	0.0	0.03	0.0	1.492	0.04	1.733	0.07	0.0333675	0.0	5.42312e-05	0.000155716	0.191393	0.0343799	0.132772	0.0	0.00351245	0.0	0.00116115	0.00240382	1.67468	0.0	0.916077	0.0779021	0.650702	0.0791468	1.0	12.9675	0.277388	0.088538	0.001003	0.0145959	0.166623	0.0236588	0.0208055	45.4055	-483.036	4.0	9.40265e-06	-1048.79	3.0	8.40319e-07	1.0	101.715	11.713	47.7001	8.81637	0.319246	0.0522564	1.04888	0.0295026	
0.0-2.4	13.0-30.0	10.0-60.0	0.000-1.571	0.008	0.08	736.0	734.0	566.687	25.2144	167.365	15.3772	-0.467256	0.306858	-0.05	0.0	0.544983	0.0	3.09471	0.0	0.0410171	0.0	0.0207814	0.00206826	0.03	0.0	1.492	0.04	1.733	0.07	0.0333675	0.000293058	1.60278e-05	0.000108096	0.190357	0.0178181	0.132772	0.0	0.00351245	0.0	2.59827e-07	0.00134979	1.67468	0.0	0.922407	0.0453892	0.99978	5.02003	0.454238	0.264377	0.163997	0.370759	0.00108595	7.47584	0.200166	0.036931	0.020736	0.00909418	-1765.18	4.0	1.8312e-07	-4928.12	4.0	6.96105e-06	1.0	387.21	23.3867	179.477	17.7168	0.316713	0.0279077	1.05368	0.0172294	
0.0-2.4	13.0-30.0	10.0-60.0	0.393-0.785	0.008	0.064	198.0	198.0	149.082	12.9365	48.9163	8.19665	-0.256405	0.556621	-0.05	0.0	0.544983	0.0	3.09471	0.0	0.0410171	0.0	0.0207814	0.0	0.03	0.0	1.492	0.04	1.733	0.07	0.0333675	0.0	1.55008e-05	0.000878565	0.153668	0.0306349	0.132772	0.0	0.00351245	0.0	-0.00188906	0.00249462	1.67468	0.0	0.885041	0.0877195	0.914221	1.18028	0.653625	0.979216	0.546697	0.940299	0.00106542	1.36001	0.267388	0.103179	0.0430827	0.0586455	-476.166	4.0	6.90446e-07	-1057.77	3.0	1.19559e-06	1.0	104.651	12.6988	44.4312	9.67779	0.298031	0.059542	1.02551	0.0328265	
0.0-2.4	13.0-30.0	10.0-60.0	0.785-1.178	0.012	0.044	161.0	157.0	121.489	11.6074	35.5279	6.98523	-0.28188	0.650528	-0.05	0.0	0.544983	0.0	3.09471	0.0	0.0410171	0.0	0.0207814	0.0	0.03	0.0	1.492	0.04	1.733	0.07	0.0333675	0.0	3.14561e-05	0.000114974	0.17881	0.0353254	0.132772	0.0	0.00351245	0.0	0.0026863	0.00285664	1.67468	0.0	0.947798	0.102655	0.999448	0.540547	0.37238	0.258345	0.222736	0.300034	0.0010015	0.767526	0.172941	0.0920575	0.0276134	0.0166545	-401.964	4.0	5.22168e-07	-817.597	3.0	2.98848e-05	1.0	84.6477	10.7569	36.8411	7.91793	0.303247	0.05838	1.07304	0.0393171	
0.0-2.4	13.0-30.0	10.0-60.0	1.178-1.571	0.008	0.08	182.0	181.0	145.187	12.7713	35.8336	7.33121	-1.04895	0.6829	-0.05	0.0	0.544983	0.0	3.09471	0.0	0.0410171	0.0	0.0207814	0.0	0.03	0.0	1.492	0.04	1.733	0.07	0.0333675	0.0	1.65646e-05	0.000171567	0.222385	0.0376816	0.132772	0.0	0.00351245	0.0	-0.00175191	0.00290008	1.67468	0.0	0.949426	0.0963643	0.689349	0.759305	0.999835	0.987653	0.0384269	0.970169	0.00866468	0.0110405	0.17178	0.0516872	0.0200159	2.52774	-410.655	4.0	1.4761e-05	-962.401	3.0	7.34773e-06	1.0	94.3809	11.6288	50.8063	9.28858	0.349937	0.0560846	1.07429	0.0369284	
0.0-2.4	6.5-10.0	0.0-100.0	0.000-0.393	0.016	0.152	2012.0	2011.0	1011.62	36.8446	999.322	36.6773	-0.0298126	0.123685	-0.05	0.0	0.406974	0.0	3.09211	0.0	0.0508837	0.0	0.0248637	0.0	0.03	0.0	1.492	0.04	1.733	0.07	0.0376872	0.0	1.90055e-05	0.000117681	0.192264	0.0152944	0.138357	0.0473332	0.00466897	0.00498227	0.000631556	0.0012118	1.9815	0.167728	0.930805	0.0287409	0.25468	0.353979	0.755641	0.257036	0.118221	1.07407	0.00100866	0.275047	0.115531	0.0208576	0.0908617	0.0225215	-3290.33	4.0	1.9595e-05	-14341.1	3.0	4.61059e-06	1.0	742.717	35.9168	268.906	25.5772	0.265816	0.0233563	1.13568	0.0391075	
0.0-2.4	6.5-10.0	0.0-100.0	0.000-1.571	0.008	0.136	7420.0	7402.0	3926.86	83.8532	3475.68	81.1033	-0.0284084	0.0683895	-0.05	0.0	0.406974	0.0758157	3.09211	0.000705868	0.0508837	0.00409321	0.0248637	0.00151465	0.03	0.0	1.492	0.04	1.733	0.07	0.0376872	0.00152807	2.70702e-05	5.76409e-05	0.211051	0.009042	0.173814	0.044334	0.00399264	0.00245512	0.00144133	0.000678714	1.78243	0.0904393	0.942795	0.0168878	0.606265	0.0557076	0.98166	0.0167045	0.532072	0.0474935	0.0680328	0.0101957	0.134896	0.00999012	0.51393	0.37703	-11984.2	4.0	3.08711e-05	-62804.3	7.0	0.000155398	1.0	2969.06	77.0727	957.801	48.362	0.24391	0.0111601	1.13428	0.0261934	
0.0-2.4	6.5-10.0	0.0-100.0	0.393-0.785	0.016	0.145	1972.0	1969.0	1040.64	36.8534	928.344	35.297	-0.082298	0.128464	-0.05	0.0	0.406974	0.0	3.09211	0.0	0.0508837	0.0	0.0248637	0.0	0.03	0.0	1.492	0.04	1.733	0.07	0.0376872	0.0	1.01928e-05	2.11886	0.2227	0.0180704	0.175237	0.0863871	0.00684653	0.00488837	0.00246445	0.00149499	1.78736	0.174703	1.00883	0.0379487	0.587722	0.113416	0.930387	0.0626032	0.406036	0.106406	0.0610087	0.0163525	0.115262	0.017905	0.304872	0.162295	-3023.36	4.0	4.65523e-08	-14098.3	3.0	2.17263e-06	1.0	769.674	35.8187	270.971	25.1418	0.260388	0.0223307	1.18289	0.0478832	
0.0-2.4	6.5-10.0	0.0-100.0	0.785-1.178	0.016	0.152	1774.0	1773.0	955.828	35.1758	817.173	33.1464	0.130724	0.136938	-0.05	0.0	0.406974	0.0	3.09211	0.0	0.0508837	0.0	0.0248637	0.0	0.03	0.0	1.492	0.04	1.733	0.07	0.0376872	0.0	6.29812e-05	0.000142295	0.23437	0.0209874	0.099274	0.0560735	0.00969724	0.0193283	-8.52068e-05	0.00128383	1.94297	0.233692	0.982137	0.0320674	0.632012	0.022206	0.999983	11.3936	0.524091	0.01809	0.0638389	0.00405952	0.140798	0.00608987	0.0947555	28.4603	-2901.7	4.0	1.75908e-05	-12543.0	3.0	1.3437e-09	1.0	741.864	34.054	213.964	21.8243	0.223852	0.0212949	1.11517	0.0426431	
0.0-2.4	6.5-10.0	0.0-100.0	1.178-1.571	0.016	0.152	1662.0	1662.0	917.261	34.375	744.72	31.7663	-0.144982	0.143665	-0.05	0.0	0.406974	0.0	3.09211	0.0	0.0508837	0.0	0.0248637	0.0	0.03	0.0	1.492	0.04	1.733	0.07	0.0376872	0.0	5.59521e-05	0.000206186	0.198684	0.0189523	0.652049	0.158969	-0.000734564	0.0019028	0.00288501	0.00204604	1.37047	0.0645511	0.630135	0.046829	0.229593	27.0479	0.706882	15.8945	0.177109	36.2363	0.00130037	0.927677	0.286747	0.14731	0.108045	0.0741463	-2768.23	4.0	9.44909e-05	-11680.2	3.0	4.89687e-06	1.0	714.262	33.5233	202.999	21.5682	0.22131	0.0220025	1.1674	0.0563212	
0.0-2.4	6.5-10.0	10.0-60.0	0.000-0.393	0.016	0.152	1252.0	1252.0	684.21	29.8135	567.786	27.7928	-0.0603748	0.16434	-0.05	0.0	0.406974	0.0	3.09211	0.0	0.0508837	0.0	0.025072	0.0	0.03	0.0	1.492	0.04	1.733	0.07	0.037769	0.0	1.90055e-05	0.000117681	0.199092	0.0201828	0.173814	0.0	0.00399264	0.0	0.00346892	0.00151896	1.78243	0.0	0.871105	0.0374371	0.299478	0.0883516	0.85757	0.110271	0.221485	0.156487	0.0247421	0.0102545	0.11542	0.0241563	0.113622	0.0464015	-2158.29	4.0	4.96809e-06	-8419.04	3.0	9.27963e-07	1.0	523.839	28.8706	160.371	19.0089	0.234388	0.0258369	1.08589	0.0124061	
0.0-2.4	6.5-10.0	10.0-60.0	0.000-1.571	0.008	0.16	4500.0	4500.0	2632.51	58.211	1867.13	51.2167	-0.0998582	0.0909361	-0.05	0.0	0.406974	0.0	3.09211	0.0	0.0508837	0.0	0.025072	0.000933591	0.03	0.0	1.492	0.04	1.733	0.07	0.037769	0.000183761	1.92169e-05	7.62105e-05	0.207434	0.0108851	0.173814	0.0	0.00399264	0.0	0.000350797	0.000823637	1.78243	0.0	0.897368	0.0205252	0.556152	0.0863524	0.97716	0.0214982	0.486654	0.0792267	0.0553346	0.0111349	0.142825	0.0135011	0.599309	0.55083	-7771.77	4.0	7.20846e-05	-36333.7	4.0	3.36117e-05	1.0	1990.73	56.5988	641.773	38.3022	0.243788	0.0135142	1.10341	0.00689552	
0.0-2.4	6.5-10.0	10.0-60.0	0.393-0.785	0.016	0.145	1199.0	1198.0	718.309	29.9621	479.669	25.6731	-0.0819047	0.179318	-0.05	0.0	0.406974	0.0	3.09211	0.0	0.0508837	0.0	0.025072	0.0	0.03	0.0	1.492	0.04	1.733	0.07	0.037769	0.0	1.01928e-05	2.11886	0.193816	0.0196603	0.173814	0.0	0.00399264	0.0	0.00118477	0.00191639	1.78243	0.0	0.99492	0.0491078	0.470207	0.0813471	0.969238	0.0315997	0.306306	0.153508	0.0451579	0.0109391	0.117259	0.0242536	0.586415	0.616894	-2047.62	4.0	4.37857e-06	-8123.13	3.0	1.07039e-06	1.0	531.119	30.1776	187.19	21.9284	0.260599	0.0285269	1.17048	0.0172434	
0.0-2.4	6.5-10.0	10.0-60.0	0.785-1.178	0.016	0.152	1047.0	1046.0	612.886	27.8083	433.113	24.3628	-0.0487049	0.188473	-0.05	0.0	0.406974	0.0	3.09211	0.0	0.0508837	0.0	0.025072	0.0	0.03	0.0	1.492	0.04	1.733	0.07	0.037769	0.0	6.29812e-05	0.000142295	0.241534	0.025318	0.173814	0.0	0.00399264	0.0	-0.00146754	0.00155169	1.78243	0.0	0.8617	0.0378196	0.339627	0.656532	0.76977	0.342853	0.0928341	0.724143	0.00100306	0.0831064	0.164917	0.032122	0.0772137	0.0280514	-1819.38	4.0	8.57575e-07	-6922.38	3.0	3.58667e-08	1.0	463.882	26.5388	149.004	17.5218	0.243119	0.0263752	1.07967	0.012469	
0.0-2.4	6.5-10.0	10.0-60.0	1.178-1.571	0.016	0.136	1002.0	1002.0	616.027	27.6396	385.946	23.1056	-0.222789	0.200265	-0.05	0.0	0.406974	0.0	3.09211	0.0	0.0508837	0.0	0.025072	0.0	0.03	0.0	1.492	0.04	1.733	0.07	0.037769	0.0	5.49261e-05	0.000220802	0.205602	0.0229052	0.173814	0.0	0.00399264	0.0	0.00125053	0.00163111	1.78243	0.0	0.838899	0.0414274	0.486341	0.0812701	0.969016	0.0324109	0.446051	0.10125	0.0607538	0.0151597	0.199787	0.0393833	1.31583	2.98592	-1759.1	4.0	1.43448e-06	-6638.64	3.0	4.89373e-06	1.0	474.668	26.906	141.36	17.6235	0.22947	0.0266915	1.06473	0.0134836	
0.0-2.4	6.5-30.0	0.0-10.0	0.000-0.393	0.008	0.136	936.0	932.0	455.579	24.5647	476.46	24.9852	0.0903541	0.178537	-0.05	0.0	0.437691	0.0	3.09259	0.0	0.0462006	0.0	0.0229057	0.0	0.03	0.0	1.492	0.04	1.733	0.07	0.035061	0.0	2.92627e-05	6.86787e-05	0.190014	0.0209402	0.19835	0.0	0.00208889	0.0	0.00172986	0.00181395	1.70743	0.0	0.938095	0.0464676	0.700019	0.631348	0.473301	0.727935	0.52782	0.768376	0.00100027	0.201934	0.101118	0.0390922	0.0989752	0.0282537	-1515.36	4.0	8.39088e-06	-5935.52	3.0	0.000101611	1.0	318.269	23.4041	137.309	17.5518	0.301395	0.034931	1.13302	0.0154211	
0.0-2.4	6.5-30.0	0.0-10.0	0.000-1.571	0.008	0.136	3661.0	3652.0	1796.19	49.3146	1855.69	49.914	-0.0612793	0.0905893	-0.05	0.0	0.437691	0.0	3.09259	0.0	0.0462006	0.0	0.0229057	0.00119004	0.03	0.0	1.492	0.04	1.733	0.07	0.0350611	0.000218588	1.61666e-05	1.68756e-05	0.191665	0.0113308	0.19835	0.0	0.00208889	0.0	0.00114815	0.00096809	1.70743	0.0	0.968381	0.0261237	0.988034	0.764315	0.385501	0.132617	0.531644	0.0700995	0.186159	0.344973	0.1626	0.0206082	0.0884859	0.0269512	-5747.79	4.0	9.42982e-06	-28272.4	4.0	3.95485e-06	1.0	1288.12	47.3245	508.075	34.4017	0.282862	0.0175074	1.15326	0.00879241	
0.0-2.4	6.5-30.0	0.0-10.0	0.393-0.785	0.008	0.145	980.0	978.0	449.708	24.6321	528.337	26.1789	-0.30005	0.169986	-0.05	0.0	0.437691	0.0	3.09259	0.0	0.0462006	0.0	0.0229057	0.0	0.03	0.0	1.492	0.04	1.733	0.07	0.035061	0.0	2.84864e-05	5.39292e-05	0.237959	0.0256206	0.19835	0.0	0.00208889	0.0	0.000198246	0.00182542	1.70743	0.0	0.916598	0.0496874	0.469775	2.00713	0.754631	2.46106	0.109725	2.09538	0.00100911	0.116696	0.118425	0.0272213	0.137124	0.0376759	-1396.3	4.0	6.41247e-08	-6230.22	3.0	7.44281e-06	1.0	307.583	22.8349	142.125	17.2684	0.316038	0.0342759	1.11882	0.0163162	
0.0-2.4	6.5-30.0	0.0-10.0	0.785-1.178	0.008	0.128	886.0	885.0	458.798	24.2851	426.198	23.6047	0.164489	0.188826	-0.05	0.0	0.437691	0.0	3.09259	0.0	0.0462006	0.0	0.0229057	0.0	0.03	0.0	1.492	0.04	1.733	0.07	0.035061	0.0	2.19419e-05	6.75748	0.175095	0.021671	0.19835	0.0	0.00208889	0.0	0.00182655	0.0021013	1.70743	0.0	0.996889	0.0589968	0.46656	0.00209919	1.0	2.97646	0.368025	0.00258875	0.0571199	0.000322001	0.136902	0.000703626	0.0762367	11.1119	-1430.98	4.0	3.01239e-05	-5640.14	3.0	6.22418e-07	1.0	338.705	24.0506	120.093	17.2457	0.261756	0.0349421	1.17257	0.0201044	
0.0-2.4	6.5-30.0	0.0-10.0	1.178-1.571	0.008	0.152	859.0	859.0	433.386	23.7952	425.71	23.6333	-0.169752	0.189257	-0.05	0.0	0.437691	0.0	3.09259	0.0	0.0462006	0.0	0.0229057	0.0	0.03	0.0	1.492	0.04	1.733	0.07	0.035061	0.0	1.0825e-05	4.3417e-05	0.168893	0.0225657	0.19835	0.0	0.00208889	0.0	0.00247849	0.00203091	1.70743	0.0	1.05166	0.055975	0.262555	0.593234	0.747292	0.783829	0.204979	0.897032	0.00100061	0.100652	0.253629	0.065894	0.0823486	0.031981	-1412.58	4.0	2.3359e-05	-5427.35	3.0	1.7156e-05	1.0	325.293	23.6389	108.093	16.584	0.249415	0.035732	1.21032	0.0194951	
0.0-2.4	6.5-30.0	0.0-100.0	0.000-0.393	0.008	0.152	2762.0	2761.0	1562.22	44.3569	1198.77	40.0516	-0.00164401	0.113093	-0.05	0.0	0.437691	0.0	3.09259	0.0	0.0462006	0.0	0.0242418	0.0	0.03	0.0	1.492	0.04	1.733	0.07	0.0355626	0.0	1.87871e-05	0.000150437	0.193998	0.0120978	0.188773	0.046412	0.00195616	0.00245764	0.000628442	0.000939168	1.81358	0.104055	0.896486	0.0243895	0.487356	0.743418	0.662001	0.336369	0.378456	0.6889	0.00100013	0.0800642	0.129694	0.0189948	0.0908613	0.0192752	-4939.69	4.0	1.66828e-06	-20911.0	3.0	1.90277e-06	1.0	1137.57	42.5382	424.656	30.1932	0.271828	0.0177191	1.12821	0.0310547	
0.0-2.4	6.5-30.0	0.0-100.0	0.000-1.571	0.004	0.164	10345.0	10343.0	6068.85	98.6835	4274.14	89.0649	-0.122012	0.0617724	-0.05	0.0	0.437691	0.0618059	3.09259	0.00054102	0.0462006	0.00255314	0.0242418	0.00113005	0.03	0.0	1.492	0.04	1.733	0.07	0.0355626	0.00101267	1.00456e-05	6.70688e-06	0.199648	0.00641858	0.19835	0.0380118	0.00208889	0.00129289	0.000857496	0.000518709	1.70743	0.0628596	0.912517	0.0141508	0.651707	0.0447193	0.98018	0.0144536	0.504945	0.0375364	0.0670946	0.00880604	0.143088	0.0082977	0.51597	0.320214	-18201.2	4.0	9.84242e-07	-92379.6	7.0	3.08719e-05	1.0	4417.68	90.1999	1651.17	60.8007	0.272073	0.00898875	1.11614	0.0206607	
0.0-2.4	6.5-30.0	0.0-100.0	0.393-0.785	0.008	0.145	2757.0	2754.0	1606.08	44.6876	1147.87	39.2281	-0.233318	0.115878	-0.05	0.0	0.437691	0.0	3.09259	0.0	0.0462006	0.0	0.0242418	0.0	0.03	0.0	1.492	0.04	1.733	0.07	0.0355626	0.0	2.84864e-05	5.39292e-05	0.208283	0.0126621	0.147166	0.0720109	0.00527986	0.00343352	-0.000249299	0.00103068	1.76284	0.161967	0.97039	0.0291868	0.661217	0.0771378	0.945001	0.0538892	0.459118	0.0662924	0.064509	0.0151928	0.136475	0.014237	0.296959	0.170564	-4689.38	4.0	1.74515e-05	-20938.5	3.0	2.22684e-06	1.0	1147.62	42.9813	458.463	31.4722	0.285454	0.0179138	1.12268	0.0408933	
0.0-2.4	6.5-30.0	0.0-100.0	0.785-1.178	0.008	0.152	2452.0	2451.0	1459.5	42.4629	991.506	36.5393	0.027426	0.124493	-0.05	0.0	0.437691	0.0	3.09259	0.0	0.0462006	0.0	0.0242418	0.0	0.03	0.0	1.492	0.04	1.733	0.07	0.0355626	0.0	1.02728e-05	0.00383331	0.205979	0.0138943	0.110192	0.0438595	0.00642572	0.00380672	0.00141989	0.00100235	1.89395	0.158315	0.955424	0.0273573	0.589578	0.335845	0.999287	2.02084	0.480503	0.266754	0.0622678	0.0326056	0.160387	0.118458	0.0784317	5.87717	-4382.93	4.0	1.8569e-05	-18405.7	3.0	3.5584e-07	1.0	1085.11	40.8718	374.387	28.1506	0.256518	0.0177855	1.09887	0.0324044	
0.0-2.4	6.5-30.0	0.0-100.0	1.178-1.571	0.008	0.152	2374.0	2374.0	1441.76	42.1763	932.185	35.6266	-0.299378	0.128951	-0.05	0.0	0.437691	0.0	3.09259	0.0	0.0462006	0.0	0.0242418	0.0	0.03	0.0	1.492	0.04	1.733	0.07	0.0355626	0.0	1.0825e-05	4.3417e-05	0.193883	0.0128909	0.588479	0.127844	-0.000847859	0.00122532	0.00242939	0.00160874	1.39348	0.0566297	0.703848	0.0409167	0.689365	0.0807461	0.979559	0.0178463	0.515422	0.0660237	0.070135	0.0168564	0.16709	0.022585	1.975	2.891	-4205.59	4.0	3.17749e-06	-17791.4	3.0	1.47139e-05	1.0	1053.13	40.4891	388.629	28.6269	0.269551	0.0182226	1.16042	0.0448717	
0.0-2.4	6.5-30.0	10.0-20.0	0.000-0.393	0.008	0.128	690.0	690.0	389.695	22.1432	300.294	20.0238	0.231548	0.225584	-0.05	0.0	0.437691	0.0	3.09259	0.0	0.0462006	0.0	0.0253406	0.0	0.03	0.0	1.492	0.04	1.733	0.07	0.0359907	0.0	1.21272e-05	9.04109	0.208164	0.0242455	0.19835	0.0	0.00208889	0.0	0.00107225	0.00196153	1.70743	0.0	0.892974	0.0529721	0.235735	0.131651	0.875673	0.15023	0.00136657	0.571059	0.0170179	0.0257664	0.134495	0.0365896	0.124439	0.0744836	-1200.03	4.0	2.60724e-05	-4269.07	3.0	3.16384e-06	1.0	276.0	20.55	113.696	14.7678	0.291755	0.0340772	1.1034	0.0171833	
0.0-2.4	6.5-30.0	10.0-20.0	0.000-1.571	0.008	0.16	2510.0	2510.0	1420.48	42.8918	1089.45	38.8419	-0.151005	0.118724	-0.05	0.0	0.437691	0.0	3.09259	0.0	0.0462006	0.0	0.0253406	0.00143364	0.03	0.0	1.492	0.04	1.733	0.07	0.0359908	0.0002838	1.13588e-05	0.0219528	0.203912	0.0127177	0.19835	0.0	0.00208889	0.0	-0.00149218	0.00113078	1.70743	0.0	0.933972	0.0307832	0.615558	0.110372	0.944787	0.0659381	0.45617	0.0958353	0.0537171	0.0217236	0.128681	0.0153866	0.317629	0.226821	-4168.51	4.0	4.61368e-05	-18754.8	4.0	2.37834e-06	1.0	989.258	40.6298	431.218	30.4638	0.303573	0.0193886	1.13028	0.0101957	
0.0-2.4	6.5-30.0	10.0-20.0	0.393-0.785	0.008	0.128	639.0	635.0	366.234	21.4941	268.701	19.0912	0.020256	0.23839	-0.05	0.0	0.437691	0.0	3.09259	0.0	0.0462006	0.0	0.0253406	0.0	0.03	0.0	1.492	0.04	1.733	0.07	0.0359907	0.0	2.00232e-05	3.80084e-05	0.198172	0.0254227	0.19835	0.0	0.00208889	0.0	-0.00261975	0.00245363	1.70743	0.0	0.994561	0.0679582	0.514438	0.0286409	0.999993	11.4617	0.265338	0.037813	0.0466137	0.00393056	0.113091	0.00743208	0.0829402	28.5409	-1081.83	4.0	5.99652e-07	-3881.88	3.0	7.69963e-06	1.0	264.639	21.0867	101.595	15.4587	0.277406	0.0389436	1.17099	0.0231354	
0.0-2.4	6.5-30.0	10.0-20.0	0.785-1.178	0.008	0.152	619.0	618.0	340.257	20.8707	277.935	19.3197	-0.223217	0.234633	-0.05	0.0	0.437691	0.0	3.09259	0.0	0.0462006	0.0	0.0253406	0.0	0.03	0.0	1.492	0.04	1.733	0.07	0.0359907	0.0	1.02728e-05	0.00383331	0.216368	0.0304574	0.19835	0.0	0.00208889	0.0	0.000380711	0.00226896	1.70743	0.0	0.958433	0.0612024	0.620756	0.291978	0.932597	0.0687407	0.491986	0.257188	0.0450891	0.0416369	0.125368	0.0479386	0.61887	0.673927	-1007.66	4.0	5.85811e-07	-3731.57	3.0	6.01862e-05	1.0	247.171	19.8783	93.0862	14.0674	0.273576	0.0377849	1.14658	0.020506	
0.0-2.4	6.5-30.0	10.0-20.0	1.178-1.571	0.008	0.12	562.0	559.0	325.204	20.1502	233.786	17.7377	-0.728763	0.260414	-0.05	0.0	0.437691	0.0	3.09259	0.0	0.0462006	0.0	0.0253406	0.0	0.03	0.0	1.492	0.04	1.733	0.07	0.0359907	0.0	1.01172e-05	3.47073	0.199992	0.0231649	0.19835	0.0	0.00208889	0.0	0.000221967	0.00239801	1.70743	0.0	0.887295	0.0707386	0.366951	0.393017	0.772313	0.203189	0.0230116	0.818025	0.00240377	0.0499202	0.132005	0.0383194	0.162075	0.0450479	-889.029	4.0	5.85774e-05	-3353.06	3.0	1.12556e-06	1.0	206.921	18.8302	118.283	15.6176	0.363719	0.0424075	1.09972	0.0228769	
0.0-2.4	6.5-30.0	10.0-30.0	0.000-0.393	0.008	0.128	1171.0	1170.0	661.326	28.9091	508.675	26.136	0.107307	0.173358	-0.05	0.0	0.437691	0.0	3.09259	0.0	0.0462006	0.0	0.0237307	0.0	0.03	0.0	1.492	0.04	1.733	0.07	0.0353682	0.0	1.21272e-05	9.04109	0.209273	0.0204308	0.19835	0.0	0.00208889	0.0	0.00199506	0.0014678	1.70743	0.0	0.867946	0.0395352	0.350935	0.288288	0.774375	0.196564	0.201671	0.59316	0.0212687	0.0119857	0.127491	0.0301331	0.103624	0.0423735	-2072.76	4.0	1.29336e-06	-7855.13	3.0	1.24475e-09	1.0	492.458	27.4546	168.868	18.5696	0.255348	0.0257653	1.08727	0.0126501	
0.0-2.4	6.5-30.0	10.0-30.0	0.000-1.571	0.004	0.164	4260.0	4260.0	2514.84	56.3457	1744.74	49.0372	-0.0554251	0.0938584	-0.05	0.0	0.437691	0.0	3.09259	0.0	0.0462006	0.0	0.0237307	0.000980736	0.03	0.0	1.492	0.04	1.733	0.07	0.0353682	0.00018501	1.00456e-05	6.70688e-06	0.206259	0.00989088	0.19835	0.0	0.00208889	0.0	-9.49158e-05	0.000806281	1.70743	0.0	0.888611	0.0222148	0.569926	0.0919769	0.951972	0.0461075	0.423893	0.0884102	0.0507167	0.0141425	0.132572	0.012188	0.301125	0.169146	-7453.22	4.0	5.50439e-06	-34312.7	4.0	6.66668e-05	1.0	1793.59	53.3812	721.249	38.6754	0.286798	0.0139721	1.10057	0.00718937	
0.0-2.4	6.5-30.0	10.0-30.0	0.393-0.785	0.008	0.145	1114.0	1113.0	658.889	28.5684	454.106	24.7262	0.00374635	0.183687	-0.05	0.0	0.437691	0.0	3.09259	0.0	0.0462006	0.0	0.0237307	0.0	0.03	0.0	1.492	0.04	1.733	0.07	0.0353682	0.0	2.84864e-05	5.39292e-05	0.185459	0.0167111	0.19835	0.0	0.00208889	0.0	0.000321031	0.00177353	1.70743	0.0	0.952116	0.0503266	0.463087	0.73143	0.982727	0.0292931	0.287624	0.605203	0.0431649	0.0315353	0.126048	0.0229119	0.593562	0.863307	-1923.13	4.0	7.76762e-06	-7476.79	3.0	2.1701e-07	1.0	456.116	27.6411	202.773	21.2184	0.30775	0.0293087	1.14235	0.0168129	
0.0-2.4	6.5-30.0	10.0-30.0	0.785-1.178	0.008	0.152	999.0	998.0	592.183	27.0434	405.814	23.3448	-0.144322	0.194378	-0.05	0.0	0.437691	0.0	3.09259	0.0	0.0462006	0.0	0.0237307	0.0	0.03	0.0	1.492	0.04	1.733	0.07	0.0353682	0.0	1.02728e-05	0.00383331	0.228959	0.0235556	0.19835	0.0	0.00208889	0.0	-0.000863956	0.00155201	1.70743	0.0	0.890045	0.0422482	0.345504	6.26668	0.73677	8.11186	0.204637	7.6367	0.00100674	0.0744498	0.20294	0.213789	0.0858436	0.235384	-1764.57	4.0	7.9782e-05	-6595.01	3.0	1.0573e-06	1.0	432.286	25.4042	159.897	17.5775	0.270012	0.0270002	1.1015	0.0136833	
0.0-2.4	6.5-30.0	10.0-30.0	1.178-1.571	0.008	0.145	976.0	976.0	601.845	27.0658	374.136	22.4689	-0.222078	0.202989	-0.05	0.0	0.437691	0.0	3.09259	0.0	0.0462006	0.0	0.0237307	0.0	0.03	0.0	1.492	0.04	1.733	0.07	0.0353682	0.0	1.38171e-05	4.85666e-05	0.205411	0.0190702	0.19835	0.0	0.00208889	0.0	0.000520572	0.00170937	1.70743	0.0	0.871162	0.0489018	0.567849	0.16022	0.941193	0.0948742	0.438373	0.125379	0.0594334	0.0230029	0.156982	0.0298426	0.295818	0.266034	-1696.57	4.0	2.15174e-06	-6473.62	3.0	2.85687e-06	1.0	412.19	25.607	189.655	19.6176	0.315123	0.029354	1.08933	0.0156754	
0.0-2.4	6.5-30.0	10.0-60.0	0.000-0.393	0.008	0.152	1762.0	1762.0	1059.29	36.1273	702.688	30.7994	-0.0654602	0.147954	-0.05	0.0	0.437691	0.0	3.09259	0.0	0.0462006	0.0	0.0247914	0.0	0.03	0.0	1.492	0.04	1.733	0.07	0.035775	0.0	1.87871e-05	0.000150437	0.193032	0.0148141	0.19835	0.0	0.00208889	0.0	-0.000273361	0.00114177	1.70743	0.0	0.8808	0.0297308	0.70398	0.552692	0.622768	0.805606	0.509391	0.778067	0.00100026	0.991544	0.141654	0.0239509	0.0869791	0.0278313	-3313.69	4.0	1.58692e-06	-12661.4	3.0	4.73789e-07	1.0	780.18	34.6883	279.112	24.2053	0.263489	0.0210093	1.09553	0.0095811	
0.0-2.4	6.5-30.0	10.0-60.0	0.000-1.571	0.004	0.164	6412.0	6412.0	4060.87	70.7536	2350.68	57.4099	-0.170082	0.0812109	-0.05	0.0	0.437691	0.0	3.09259	0.0	0.0462006	0.0	0.0247914	0.000783992	0.03	0.0	1.492	0.04	1.733	0.07	0.035775	0.000152749	1.00456e-05	6.70688e-06	0.200623	0.00782575	0.19835	0.0	0.00208889	0.0	0.000599667	0.000631575	1.70743	0.0	0.880853	0.0172174	0.591865	0.0716698	0.980823	0.0174762	0.445226	0.067402	0.053882	0.00989029	0.146824	0.010814	0.603099	0.547723	-11935.8	4.0	3.47483e-08	-54720.2	4.0	4.77691e-05	1.0	2960.8	67.6867	1100.07	47.8294	0.270895	0.0107911	1.09556	0.00554867	
0.0-2.4	6.5-30.0	10.0-60.0	0.393-0.785	0.008	0.145	1708.0	1707.0	1104.11	36.4593	602.882	28.7767	-0.187374	0.160354	-0.05	0.0	0.437691	0.0	3.09259	0.0	0.0462006	0.0	0.0247914	0.0	0.03	0.0	1.492	0.04	1.733	0.07	0.035775	0.0	2.84864e-05	5.39292e-05	0.19188	0.0142893	0.19835	0.0	0.00208889	0.0	-1.01261e-05	0.00134726	1.70743	0.0	0.940946	0.0392885	0.487987	0.0623979	0.981769	0.0205801	0.350225	0.095683	0.0464148	0.00889071	0.147662	0.0199875	0.622847	0.697582	-3160.64	4.0	2.91308e-05	-12356.9	3.0	5.43425e-07	1.0	794.197	35.621	309.912	26.1879	0.28069	0.0218325	1.13491	0.0130564	
0.0-2.4	6.5-30.0	10.0-60.0	0.785-1.178	0.008	0.152	1489.0	1488.0	943.809	33.8353	544.202	27.299	-0.0808492	0.16845	-0.05	0.0	0.437691	0.0	3.09259	0.0	0.0462006	0.0	0.0247914	0.0	0.03	0.0	1.492	0.04	1.733	0.07	0.035775	0.0	1.02728e-05	0.00383331	0.217042	0.017729	0.19835	0.0	0.00208889	0.0	0.00112864	0.00124774	1.70743	0.0	0.861889	0.0330219	0.611495	0.717475	0.640935	0.408371	0.407828	0.703955	0.0163109	0.050657	0.191712	0.0373009	0.0800031	0.0335428	-2802.6	4.0	3.89026e-07	-10525.5	3.0	2.49746e-07	1.0	695.457	32.0384	248.352	22.0029	0.263138	0.021319	1.0834	0.0105298	
0.0-2.4	6.5-30.0	10.0-60.0	1.178-1.571	0.008	0.152	1453.0	1453.0	953.906	33.8706	499.087	26.3132	-0.385349	0.177046	-0.05	0.0	0.437691	0.0	3.09259	0.0	0.0462006	0.0	0.0247914	0.0	0.03	0.0	1.492	0.04	1.733	0.07	0.035775	0.0	1.0825e-05	4.3417e-05	0.204979	0.0161952	0.19835	0.0	0.00208889	0.0	0.0011408	0.00134898	1.70743	0.0	0.867964	0.0370929	0.602322	0.122859	0.979669	0.0199116	0.36118	0.112443	0.0580335	0.0156504	0.160548	0.024378	1.88356	2.5728	-2673.48	4.0	7.92235e-05	-10298.9	3.0	5.32704e-06	1.0	691.011	32.4655	262.896	23.2192	0.275599	0.0222875	1.08728	0.0118687	
0.0-2.4	6.5-30.0	20.0-30.0	0.000-0.393	0.008	0.105	481.0	478.0	272.57	18.6108	205.429	16.71	-0.0322536	0.272297	-0.05	0.0	0.437691	0.0	3.09259	0.0	0.0462006	0.0	0.0219696	0.0	0.03	0.0	1.492	0.04	1.733	0.07	0.0347225	0.0	1.01047e-05	0.00333619	0.21305	0.038851	0.19835	0.0	0.00208889	0.0	0.002695	0.00218522	1.70743	0.0	0.867598	0.0589921	0.967996	2.01232	0.372449	1.30142	0.44174	1.37755	0.00101778	1.46656	0.132181	0.0463268	0.0758044	0.0284826	-874.558	4.0	5.18606e-05	-2782.62	3.0	4.16425e-07	1.0	218.684	18.2635	53.8854	11.142	0.197694	0.0385845	1.08705	0.018872	
0.0-2.4	6.5-30.0	20.0-30.0	0.000-1.571	0.008	0.136	1750.0	1747.0	1095.01	36.565	651.814	29.8972	0.0920671	0.153675	-0.05	0.0	0.437691	0.0	3.09259	0.0	0.0462006	0.0	0.0219696	0.00127954	0.03	0.0	1.492	0.04	1.733	0.07	0.0347226	0.00022762	1.61666e-05	1.68756e-05	0.210147	0.0156394	0.19835	0.0	0.00208889	0.0	0.00174479	0.00113126	1.70743	0.0	0.813756	0.031801	0.490959	0.138752	0.725901	0.34293	0.303692	0.196301	0.0390026	0.0231671	0.15635	0.0359525	0.075057	0.039169	-3306.16	4.0	3.02509e-07	-12659.9	4.0	2.82819e-05	1.0	803.631	34.6306	291.382	23.9548	0.266099	0.0199904	1.05314	0.00984925	
0.0-2.4	6.5-30.0	20.0-30.0	0.393-0.785	0.008	0.105	475.0	472.0	294.398	18.8305	177.591	15.4202	0.00751228	0.293248	-0.05	0.0	0.437691	0.0	3.09259	0.0	0.0462006	0.0	0.0219696	0.0	0.03	0.0	1.492	0.04	1.733	0.07	0.0347225	0.0	1.22898e-05	0.163554	0.174439	0.0217395	0.19835	0.0	0.00208889	0.0	0.00266605	0.00246098	1.70743	0.0	0.89452	0.0731849	0.5211	0.0325474	0.999997	1.34042	0.428469	0.0365369	0.0453431	0.00464511	0.147831	0.0103465	0.0472886	4.93863	-862.008	4.0	2.84001e-07	-2804.24	3.0	8.71383e-06	1.0	192.83	17.8651	101.568	14.4652	0.345002	0.0439008	1.1044	0.0237596	
0.0-2.4	6.5-30.0	20.0-30.0	0.785-1.178	0.008	0.12	380.0	379.0	250.768	17.1586	128.239	13.1111	0.0274303	0.345137	-0.05	0.0	0.437691	0.0	3.09259	0.0	0.0462006	0.0	0.0219696	0.0	0.03	0.0	1.492	0.04	1.733	0.07	0.0347225	0.0	1.50151e-05	1.29092	0.262021	0.0394805	0.19835	0.0	0.00208889	0.0	-0.00221088	0.0020275	1.70743	0.0	0.784633	0.0540983	0.457708	1.59602	0.870436	2.12017	0.132836	1.42073	0.00141276	0.391024	0.135399	0.0424372	0.140182	0.0865686	-762.744	4.0	2.68285e-05	-2199.22	3.0	6.77056e-07	1.0	186.835	15.8598	63.9333	10.3556	0.25495	0.03743	1.03527	0.0164343	
0.0-2.4	6.5-30.0	20.0-30.0	1.178-1.571	0.008	0.128	414.0	413.0	276.205	18.0358	136.784	13.6339	0.61425	0.336246	-0.05	0.0	0.437691	0.0	3.09259	0.0	0.0462006	0.0	0.0219696	0.0	0.03	0.0	1.492	0.04	1.733	0.07	0.0347225	0.0	2.47983e-05	5.01035e-05	0.213524	0.0335586	0.19835	0.0	0.00208889	0.0	-0.000178244	0.002383	1.70743	0.0	0.817036	0.069265	0.511777	0.223233	0.352333	0.213479	0.000167575	0.664139	0.0481072	0.0266412	0.260669	0.100308	0.0404694	0.0122453	-816.034	4.0	5.2393e-06	-2435.82	3.0	9.19146e-07	1.0	205.138	17.2508	71.0668	11.8192	0.257297	0.039355	1.05517	0.0214974	
0.0-2.4	6.5-30.0	30.0-60.0	0.000-0.393	0.008	0.12	591.0	590.0	397.325	21.6206	192.667	16.2107	-0.471683	0.285276	-0.05	0.0	0.437691	0.0	3.09259	0.0	0.0462006	0.0	0.0264611	0.0	0.03	0.0	1.492	0.04	1.733	0.07	0.0364414	0.0	1.00028e-05	2.85792e-05	0.172276	0.0208554	0.19835	0.0	0.00208889	0.0	0.00147759	0.00181133	1.70743	0.0	0.864681	0.04701	0.297357	0.0622701	0.999998	5.45098	0.203467	0.167636	0.0010004	0.0289057	0.157193	0.0280052	0.0210053	54.129	-1236.89	4.0	8.90088e-06	-3677.29	3.0	1.80406e-06	1.0	290.253	20.7921	107.072	14.7242	0.269482	0.0340337	1.08518	0.015014	
0.0-2.4	6.5-30.0	30.0-60.0	0.000-1.571	0.008	0.145	2152.0	2151.0	1548.17	42.7007	603.021	29.6316	-0.506513	0.162737	-0.05	0.0	0.437691	0.0	3.09259	0.0	0.0462006	0.0	0.0264611	0.00129173	0.03	0.0	1.492	0.04	1.733	0.07	0.0364414	0.000263713	1.27502e-05	0.000164255	0.190144	0.0124849	0.19835	0.0	0.00208889	0.0	0.00192054	0.0010084	1.70743	0.0	0.841622	0.0273107	0.596683	0.118887	0.624663	0.246467	0.153647	0.249281	0.0460352	0.0119175	0.199983	0.0251828	0.0200193	0.07957	-4527.74	4.0	6.61561e-06	-16343.8	4.0	5.81879e-05	1.0	1164.58	41.4312	383.585	28.2264	0.247768	0.016903	1.07055	0.0086059	
0.0-2.4	6.5-30.0	30.0-60.0	0.393-0.785	0.008	0.12	594.0	594.0	445.859	22.5803	148.102	14.5642	-0.78583	0.331421	-0.05	0.0	0.437691	0.0	3.09259	0.0	0.0462006	0.0	0.0264611	0.0	0.03	0.0	1.492	0.04	1.733	0.07	0.0364414	0.0	1.0132e-05	0.0868918	0.202498	0.0262814	0.19835	0.0	0.00208889	0.0	-0.00125211	0.00205191	1.70743	0.0	0.91791	0.0624949	0.413042	0.516401	0.661234	0.822803	0.136562	0.638814	0.001	0.046863	0.253816	0.0737387	0.0685297	0.0319147	-1257.56	4.0	1.16041e-06	-3792.5	3.0	5.444e-06	1.0	336.627	22.392	109.231	15.5358	0.244991	0.0325607	1.11968	0.0205355	
0.0-2.4	6.5-30.0	30.0-60.0	0.785-1.178	0.008	0.12	490.0	488.0	351.158	20.2493	136.843	13.9901	0.0927476	0.337668	-0.05	0.0	0.437691	0.0	3.09259	0.0	0.0462006	0.0	0.0264611	0.0	0.03	0.0	1.492	0.04	1.733	0.07	0.0364414	0.0	1.50151e-05	1.29092	0.194338	0.0258418	0.19835	0.0	0.00208889	0.0	0.00393791	0.00208277	1.70743	0.0	0.828747	0.05114	0.654475	0.32936	0.643821	0.73896	0.211017	0.222706	0.0414176	0.0296182	0.169684	0.0511481	0.0352964	0.0293999	-1044.64	4.0	3.5227e-06	-2983.2	3.0	1.14286e-07	1.0	262.524	19.4581	88.6341	13.2504	0.252405	0.0348134	1.06247	0.015989	
0.0-2.4	6.5-30.0	30.0-60.0	1.178-1.571	0.008	0.12	477.0	477.0	354.883	20.3714	122.11	13.4989	-0.915728	0.368808	-0.05	0.0	0.437691	0.0	3.09259	0.0	0.0462006	0.0	0.0264611	0.0	0.03	0.0	1.492	0.04	1.733	0.07	0.0364414	0.0	1.01172e-05	3.47073	0.203928	0.0297468	0.19835	0.0	0.00208889	0.0	0.00257224	0.00215523	1.70743	0.0	0.867809	0.056171	0.633158	0.150481	0.976615	0.0266309	0.165057	0.14319	0.0476207	0.0170127	0.175587	0.0395186	4.99929	3.11278	-992.565	4.0	2.8395e-05	-2914.14	3.0	6.55011e-07	1.0	280.172	19.8464	74.7109	12.3942	0.210522	0.0327674	1.08718	0.0179717	
0.0-2.4	6.5-8.0	0.0-100.0	0.000-0.393	0.016	0.136	1163.0	1159.0	479.846	26.6041	679.177	30.1178	-0.222602	0.149954	-0.05	0.0	0.357625	0.0	3.09173	0.0	0.0542536	0.0	0.0276642	0.0	0.03	0.0	1.492	0.04	1.733	0.07	0.0392972	0.0	5.8071e-05	0.000360109	0.201674	0.0253781	0.313059	0.129726	0.00413537	0.00521731	0.00325036	0.00193583	1.71404	0.172071	0.894276	0.0412188	0.986293	0.472358	0.632765	0.239289	0.776443	0.117186	0.00111169	1.49456	0.119641	0.0346874	0.152037	0.0519224	-1716.58	4.0	1.59041e-07	-7468.4	3.0	7.99521e-06	1.0	366.418	25.9467	113.428	17.3224	0.236384	0.033637	1.21207	0.0695204	
0.0-2.4	6.5-8.0	0.0-100.0	0.000-1.571	0.016	0.16	4270.0	4270.0	1925.1	63.1559	2344.67	66.392	-0.0493338	0.0833096	-0.05	0.0	0.357625	0.119216	3.09173	0.00111108	0.0542536	0.00768597	0.0276642	0.00222314	0.03	0.0	1.492	0.04	1.733	0.07	0.0392972	0.00196288	2.57968e-05	9.0559e-05	0.214132	0.0142054	0.307488	0.0880482	0.00439684	0.00310131	0.00225399	0.00109766	1.63221	0.0944826	0.894306	0.0252092	0.542787	0.0773295	0.943795	0.0551612	0.552598	0.0644371	0.0651126	0.0142863	0.13395	0.0145612	0.294534	0.157758	-6153.82	4.0	9.65361e-06	-33312.8	7.0	9.32334e-05	1.0	1497.07	58.0422	428.031	33.9694	0.222342	0.0160673	1.17177	0.040992	
0.0-2.4	6.5-8.0	0.0-100.0	0.393-0.785	0.016	0.145	1126.0	1124.0	498.563	26.5711	625.437	28.8601	0.00658518	0.156031	-0.05	0.0	0.357625	0.0	3.09173	0.0	0.0542536	0.0	0.0276642	0.0	0.03	0.0	1.492	0.04	1.733	0.07	0.0392972	0.0	3.35609e-05	0.000234572	0.215861	0.0301073	0.488577	0.194943	0.00546084	0.00439552	0.00169196	0.00306149	1.47132	0.124323	0.907517	0.0772036	0.596736	0.0804003	0.919531	0.122141	0.487709	0.0947989	0.0750548	0.023786	0.123924	0.0214308	0.271575	0.215204	-1542.34	4.0	2.05647e-06	-7261.74	3.0	9.35598e-09	1.0	394.207	26.2846	104.356	16.7457	0.209314	0.0316813	1.21608	0.066755	
0.0-2.4	6.5-8.0	0.0-100.0	0.785-1.178	0.016	0.152	1030.0	1029.0	492.068	26.0627	536.932	26.9095	0.144108	0.168647	-0.05	0.0	0.357625	0.0	3.09173	0.0	0.0542536	0.0	0.0276642	0.0	0.03	0.0	1.492	0.04	1.733	0.07	0.0392972	0.0	4.17642e-05	0.79061	0.214938	0.0262184	0.230575	0.110068	0.00708186	0.0153869	6.09973e-05	0.00210057	1.73111	0.184706	0.904311	0.0491453	0.473758	0.0351542	1.0	23.5596	0.353915	0.0475391	0.0559086	0.00495457	0.106822	0.00851873	0.0682813	80.903	-1530.74	4.0	6.58268e-07	-6601.7	3.0	6.85149e-09	1.0	377.287	25.315	114.781	16.6878	0.233263	0.031583	1.149	0.0630383	
0.0-2.4	6.5-8.0	0.0-100.0	1.178-1.571	0.016	0.152	951.0	951.0	454.967	24.9686	495.837	25.7726	-0.0770413	0.175531	-0.05	0.0	0.357625	0.0	3.09173	0.0	0.0542536	0.0	0.0276642	0.0	0.03	0.0	1.492	0.04	1.733	0.07	0.0392972	0.0	6.96199e-05	0.00138898	0.222644	0.0315947	0.599664	0.33064	-4.6222e-05	0.00372	0.00231221	0.00267627	1.40906	0.147928	0.648064	0.057925	0.529999	0.10516	0.941213	0.0896333	0.607047	0.0856122	0.0696891	0.0237437	0.217759	0.0459437	0.390527	0.459377	-1387.1	4.0	2.83804e-05	-6031.52	3.0	5.22656e-05	1.0	359.075	24.3235	95.8921	15.1986	0.210767	0.0313396	1.16565	0.123449	
0.0-2.4	6.5-8.0	10.0-60.0	0.000-0.393	0.016	0.128	703.0	701.0	328.821	21.5402	372.089	22.5219	-0.245181	0.202875	-0.05	0.0	0.357625	0.0	3.09173	0.0	0.0542536	0.0	0.0273727	0.0	0.03	0.0	1.492	0.04	1.733	0.07	0.0391658	0.0	5.95546e-05	0.000344739	0.220242	0.0339435	0.307488	0.0	0.00439684	0.0	-0.000375112	0.00247815	1.63221	0.0	0.904552	0.0524089	0.994578	0.867457	0.710046	0.220594	0.778274	0.115011	0.00106789	1.17372	0.130022	0.0399039	0.168796	0.0778757	-1079.8	4.0	3.2213e-07	-4212.13	3.0	1.22367e-05	1.0	255.157	20.8973	73.6643	13.4388	0.224025	0.038144	1.1772	0.0139439	
0.0-2.4	6.5-8.0	10.0-60.0	0.000-1.571	0.016	0.16	2555.0	2555.0	1329.38	42.7915	1225.61	41.5613	-0.0768622	0.111984	-0.05	0.0	0.357625	0.0	3.09173	0.0	0.0542536	0.0	0.0273727	0.00136235	0.03	0.0	1.492	0.04	1.733	0.07	0.0391658	0.000305814	2.57968e-05	9.0559e-05	0.211933	0.0164253	0.307488	0.0	0.00439684	0.0	0.00126485	0.00136505	1.63221	0.0	0.860729	0.0310336	0.383185	0.0791037	0.880988	0.0695742	0.437547	0.115762	0.0350796	0.0108609	0.149028	0.0223594	0.213368	0.0701613	-3978.14	4.0	1.90927e-05	-18868.7	4.0	3.76384e-07	1.0	1027.79	41.7077	301.593	27.1894	0.226867	0.0191045	1.15422	0.0080132	
0.0-2.4	6.5-8.0	10.0-60.0	0.393-0.785	0.016	0.145	682.0	681.0	372.949	22.0655	308.052	20.5424	0.0622796	0.223236	-0.05	0.0	0.357625	0.0	3.09173	0.0	0.0542536	0.0	0.0273727	0.0	0.03	0.0	1.492	0.04	1.733	0.07	0.0391658	0.0	3.35609e-05	0.000234572	0.198529	0.0312553	0.307488	0.0	0.00439684	0.0	9.46207e-05	0.00319352	1.63221	0.0	0.995109	0.0734571	0.407827	0.0978113	0.955945	0.0549937	0.368303	0.181241	0.047824	0.0144378	0.132552	0.0352027	0.474652	0.519052	-1071.42	4.0	1.22093e-06	-4162.09	3.0	1.87365e-07	1.0	293.78	22.5183	79.1683	15.0631	0.212277	0.0383868	1.22676	0.0206321	
0.0-2.4	6.5-8.0	10.0-60.0	0.785-1.178	0.016	0.152	587.0	586.0	308.113	20.279	277.864	19.5186	0.172462	0.234669	-0.05	0.0	0.357625	0.0	3.09173	0.0	0.0542536	0.0	0.0273727	0.0	0.03	0.0	1.492	0.04	1.733	0.07	0.0391658	0.0	4.17642e-05	0.79061	0.207454	0.0302199	0.307488	0.0	0.00439684	0.0	-0.000983565	0.00269762	1.63221	0.0	0.800647	0.0592225	0.353307	0.651644	0.892165	0.220147	0.163114	0.897385	0.0209274	0.0300964	0.11138	0.0290427	0.118101	0.0779419	-939.601	4.0	8.55161e-05	-3469.15	3.0	5.68332e-06	1.0	229.225	19.588	78.8881	13.529	0.256036	0.0405469	1.12388	0.0146085	
0.0-2.4	6.5-8.0	10.0-60.0	1.178-1.571	0.016	0.136	583.0	583.0	318.437	20.4026	264.717	19.0395	-0.203936	0.240967	-0.05	0.0	0.357625	0.0	3.09173	0.0	0.0542536	0.0	0.0273727	0.0	0.03	0.0	1.492	0.04	1.733	0.07	0.0391658	0.0	1.20568e-05	0.0173859	0.225328	0.0364303	0.307488	0.0	0.00439684	0.0	0.00183708	0.00248285	1.63221	0.0	0.764467	0.061997	0.433342	0.124756	0.889861	0.14612	0.52272	0.123837	0.0557103	0.0241134	0.233851	0.0599504	0.303724	0.225857	-904.794	4.0	5.51246e-06	-3471.02	3.0	5.39614e-05	1.0	247.882	19.834	70.5544	12.7115	0.221565	0.0373088	1.1063	0.0148339	
0.0-2.4	8.0-10.0	0.0-100.0	0.000-0.393	0.008	0.152	849.0	848.0	531.451	25.4727	316.542	20.8318	0.395822	0.220736	-0.05	0.0	0.470329	0.0	3.09245	0.0	0.0470888	0.0	0.0217533	0.0	0.03	0.0	1.492	0.04	1.733	0.07	0.0359657	0.0	1.01039e-05	0.487899	0.184005	0.0187608	0.0783534	0.0380246	0.00336464	0.00777792	5.77094e-05	0.00166114	2.21072	0.285123	0.922675	0.0446418	0.495062	0.0222361	0.999995	0.592568	0.371381	0.0249413	0.0555844	0.00334762	0.109289	0.0059176	0.113114	3.06474	-1609.19	4.0	1.14331e-05	-5512.55	3.0	1.32245e-07	1.0	376.788	24.6789	154.663	18.3808	0.29102	0.0316485	1.08054	0.0457341	
0.0-2.4	8.0-10.0	0.0-100.0	0.000-1.571	0.008	0.152	3150.0	3148.0	1995.81	54.7377	1151.94	46.3866	0.00419596	0.118752	-0.05	0.0	0.470329	0.0899138	3.09245	0.000895673	0.0470888	0.00400184	0.0217533	0.00200967	0.03	0.0	1.492	0.04	1.733	0.07	0.0359657	0.00167633	1.04463e-05	0.772766	0.209068	0.0119564	0.0999374	0.0382996	0.00376099	0.00404766	0.00103612	0.000887438	1.94825	0.155484	0.961258	0.0238397	0.655916	0.0833092	0.990038	0.0093036	0.493198	0.0701682	0.0614776	0.0130849	0.142698	0.0149808	4.31766	2.50379	-5906.11	4.0	4.42111e-07	-24668.8	7.0	0.00013183	1.0	1473.51	50.7847	522.302	33.9277	0.2617	0.0154099	1.10046	0.030022	
0.0-2.4	8.0-10.0	0.0-100.0	0.393-0.785	0.016	0.105	846.0	842.0	541.039	25.4899	300.955	20.2395	-0.281358	0.226583	-0.05	0.0	0.470329	0.0	3.09245	0.0	0.0470888	0.0	0.0217533	0.0	0.03	0.0	1.492	0.04	1.733	0.07	0.0359657	0.0	4.92988e-05	0.000250796	0.227728	0.0226959	0.0871788	0.0543777	0.00869349	0.0183421	0.00143354	0.00189742	2.08798	0.303036	1.0311	0.050506	0.708856	0.758114	0.912489	0.092827	0.411612	0.332159	0.0431834	0.049688	0.106193	0.0303485	0.351344	0.2628	-1514.05	4.0	2.23926e-05	-5501.72	3.0	1.95121e-06	1.0	376.127	24.3599	164.912	18.4325	0.304807	0.0308943	1.16213	0.0496845	
0.0-2.4	8.0-10.0	0.0-100.0	0.785-1.178	0.008	0.145	744.0	744.0	462.887	23.6456	281.113	19.425	0.104369	0.233386	-0.05	0.0	0.470329	0.0	3.09245	0.0	0.0470888	0.0	0.0217533	0.0	0.03	0.0	1.492	0.04	1.733	0.07	0.0359657	0.0	6.83076e-05	0.000188408	0.24807	0.0327041	0.0494462	0.0365968	0.00997806	0.0194271	0.00025405	0.00162721	2.17557	0.39497	0.958039	0.042513	0.425886	13.4825	0.776595	6.14047	0.0892237	13.3461	0.00104303	0.200757	0.194848	0.0769896	0.064638	0.056115	-1398.78	4.0	3.93558e-07	-4752.22	3.0	3.45101e-07	1.0	363.016	22.8247	99.8711	14.252	0.215757	0.0287492	1.0519	0.0429854	
0.0-2.4	8.0-10.0	0.0-100.0	1.178-1.571	0.008	0.128	711.0	710.0	462.707	23.6288	247.281	18.5178	-0.255359	0.249893	-0.05	0.0	0.470329	0.0	3.09245	0.0	0.0470888	0.0	0.0217533	0.0	0.03	0.0	1.492	0.04	1.733	0.07	0.0359657	0.0	1.54046e-05	0.000145821	0.175964	0.0224458	0.681636	0.163444	-0.00101435	0.00214303	0.00357964	0.00304111	1.35029	0.0690844	0.621117	0.0750276	0.973022	0.806189	0.436778	0.334609	0.56496	0.26137	0.0010261	1.29242	0.261041	0.0730175	0.0801955	0.0311591	-1403.5	4.0	6.14446e-05	-4527.92	3.0	1.51226e-06	1.0	356.294	23.1563	106.413	15.3199	0.229979	0.0309563	1.1686	0.057505	
0.0-2.4	8.0-10.0	10.0-60.0	0.000-0.393	0.008	0.145	549.0	549.0	353.464	20.5775	195.454	16.295	0.334189	0.280224	-0.05	0.0	0.470329	0.0	3.09245	0.0	0.0470888	0.0	0.0222917	0.0	0.03	0.0	1.492	0.04	1.733	0.07	0.0361399	0.0	1.40048e-05	1.03758	0.175738	0.0236961	0.0999374	0.0	0.00376099	0.0	0.000705581	0.00200399	1.94825	0.0	0.898261	0.0552454	0.46572	0.00889739	1.0	7.37632	0.319119	0.0113642	0.0477721	0.00113809	0.111598	0.00247689	0.0518913	38.4885	-1097.5	4.0	1.4393e-06	-3353.62	3.0	7.98103e-05	1.0	263.52	20.173	89.9433	14.1073	0.254463	0.0370604	1.05146	0.0212397	
0.0-2.4	8.0-10.0	10.0-60.0	0.000-1.571	0.008	0.145	1945.0	1945.0	1299.35	39.5183	645.479	30.1302	-0.146575	0.155022	-0.05	0.0	0.470329	0.0	3.09245	0.0	0.0470888	0.0	0.0222917	0.00135588	0.03	0.0	1.492	0.04	1.733	0.07	0.0361399	0.00022149	1.82514e-05	0.000157912	0.203782	0.0144074	0.0999374	0.0	0.00376099	0.0	0.000252216	0.00106108	1.94825	0.0	0.90035	0.0294636	0.6802	0.246311	0.671413	0.38596	0.381456	0.117459	0.0502001	0.017862	0.176978	0.034739	0.0599426	0.0186214	-3830.29	4.0	9.20818e-07	-14429.0	4.0	2.52616e-05	1.0	965.004	38.2	334.346	26.4811	0.257318	0.0188178	1.05307	0.0113366	
0.0-2.4	8.0-10.0	10.0-60.0	0.393-0.785	0.008	0.12	517.0	517.0	344.709	20.2614	172.285	15.4301	-0.337861	0.299769	-0.05	0.0	0.470329	0.0	3.09245	0.0	0.0470888	0.0	0.0222917	0.0	0.03	0.0	1.492	0.04	1.733	0.07	0.0361399	0.0	1.00002e-05	8.80711e-05	0.191928	0.0255367	0.0999374	0.0	0.00376099	0.0	0.000194974	0.00245798	1.94825	0.0	0.994832	0.0706084	0.683158	0.256046	0.972334	0.0431854	0.356982	0.238258	0.0441839	0.0269955	0.103356	0.031466	0.756638	1.35291	-987.535	4.0	8.76129e-05	-3149.55	3.0	2.10181e-06	1.0	238.653	20.1114	106.056	15.702	0.307668	0.0418079	1.12699	0.0280496	
0.0-2.4	8.0-10.0	10.0-60.0	0.785-1.178	0.008	0.112	460.0	459.0	304.446	19.0187	154.547	14.5548	-0.443953	0.317762	-0.05	0.0	0.470329	0.0	3.09245	0.0	0.0470888	0.0	0.0222917	0.0	0.03	0.0	1.492	0.04	1.733	0.07	0.0361399	0.0	1.4617e-05	0.013384	0.272084	0.0408205	0.0999374	0.0	0.00376099	0.0	0.000284899	0.00188282	1.94825	0.0	0.83407	0.0515216	0.411905	0.528397	0.622881	0.801449	0.0346208	0.934468	0.001	0.0434786	0.223807	0.0612602	0.0557265	0.0188122	-895.988	4.0	8.80872e-07	-2740.55	3.0	3.36516e-06	1.0	232.661	17.8958	71.785	11.3633	0.235789	0.034295	1.00274	0.0192863	
0.0-2.4	8.0-10.0	10.0-60.0	1.178-1.571	0.008	0.12	419.0	419.0	297.568	18.6405	121.432	13.0895	-0.267248	0.357387	-0.05	0.0	0.470329	0.0	3.09245	0.0	0.0470888	0.0	0.0222917	0.0	0.03	0.0	1.492	0.04	1.733	0.07	0.0361399	0.0	4.81487e-05	1.07517	0.186217	0.0284083	0.0999374	0.0	0.00376099	0.0	-0.000155662	0.00220068	1.94825	0.0	0.876022	0.058496	0.600718	0.23112	0.970928	0.0304574	0.312295	0.200537	0.0603787	0.0271565	0.148053	0.0388656	4.99999	3.51179	-867.446	4.0	1.12972e-07	-2497.71	3.0	6.53429e-07	1.0	227.518	18.2288	70.05	12.1826	0.235408	0.0381925	1.03443	0.0222937	
1.2-1.6	6.5-30.0	0.0-100.0	0.000-0.393	0.008	0.136	692.0	692.0	362.089	22.0275	329.839	21.284	0.266811	0.21595	-0.05	0.0	0.325024	0.0	3.09049	0.0	0.051537	0.0	0.0309237	0.0	0.03	0.0	1.492	0.04	1.733	0.07	0.0388426	0.0	8.70362e-05	0.000270698	0.175914	0.022393	0.130197	0.0694199	0.00814269	0.0161506	0.00174509	0.00196576	1.98675	0.266132	0.992019	0.0523249	0.163499	1.55169	0.806886	2.47219	0.249359	1.86879	0.00100826	0.182615	0.1221	0.0540414	0.0918522	0.0490999	-1194.09	4.0	1.79093e-05	-4206.47	3.0	1.76722e-05	1.0	261.387	21.1218	100.703	15.1923	0.278115	0.038395	1.17042	0.0562787	
1.2-1.6	6.5-30.0	0.0-100.0	0.000-1.571	0.008	0.136	2574.0	2573.0	1454.43	51.1578	1118.56	47.7536	0.124242	0.126583	-0.05	0.0	0.325024	0.159792	3.09049	0.0013079	0.051537	0.00790102	0.0309237	0.00278478	0.03	0.0	1.492	0.04	1.733	0.07	0.0388426	0.00186071	1.03021e-05	0.137313	0.193512	0.0129573	0.0999774	0.0369937	0.00921681	0.0152857	0.00158452	0.00104882	2.02628	0.173102	0.969104	0.0278167	0.648857	0.0976381	0.987288	0.0217482	0.516492	0.0817365	0.0671866	0.0184962	0.125216	0.0151061	0.519319	0.736908	-4341.71	4.0	4.43587e-05	-19179.1	7.0	2.50861e-05	1.0	1056.24	46.923	398.193	31.901	0.273779	0.0197066	1.12061	0.0323268	
1.2-1.6	6.5-30.0	0.0-100.0	0.393-0.785	0.008	0.128	721.0	720.0	391.096	22.8001	328.966	21.3965	-0.0570469	0.216294	-0.05	0.0	0.325024	0.0	3.09049	0.0	0.051537	0.0	0.0309237	0.0	0.03	0.0	1.492	0.04	1.733	0.07	0.0388426	0.0	1.40773e-05	0.000247178	0.211705	0.0270098	0.0978918	0.063768	0.00830884	0.017385	-0.000138767	0.0022611	2.07462	0.34261	1.07478	0.0573878	0.809177	0.299216	0.78283	0.81049	0.505662	0.126843	0.0670663	0.0654895	0.116083	0.0233728	0.127999	0.0873034	-1127.08	4.0	8.50561e-06	-4418.74	3.0	3.73133e-05	1.0	279.301	22.6905	111.795	17.0941	0.285851	0.0404067	1.20971	0.0554795	
1.2-1.6	6.5-30.0	0.0-100.0	0.785-1.178	0.008	0.136	605.0	605.0	354.568	21.1974	250.431	18.5794	0.374138	0.24942	-0.05	0.0	0.325024	0.0	3.09049	0.0	0.051537	0.0	0.0309237	0.0	0.03	0.0	1.492	0.04	1.733	0.07	0.0388426	0.0	1.0973e-05	0.00459423	0.188376	0.0258928	0.0383419	0.0282596	0.00999981	0.0173776	0.000703684	0.00188238	2.63905	0.579204	0.88562	0.0503013	0.985554	0.805504	0.238982	0.251625	0.282948	0.269707	0.00102815	1.47391	0.163482	0.0530534	0.0521259	0.014467	-1080.26	4.0	3.45025e-06	-3663.28	3.0	8.37199e-08	1.0	262.841	20.622	91.727	14.4367	0.2587	0.0376646	1.01059	0.0561851	
1.2-1.6	6.5-30.0	0.0-100.0	1.178-1.571	0.008	0.12	556.0	555.0	347.505	20.9459	207.495	17.2836	-0.141702	0.273993	-0.05	0.0	0.325024	0.0	3.09049	0.0	0.051537	0.0	0.0309237	0.0	0.03	0.0	1.492	0.04	1.733	0.07	0.0388426	0.0	3.21269e-05	0.000513866	0.180946	0.0252031	0.429426	0.219667	0.00289074	0.00368548	0.00228648	0.00279083	1.45696	0.14329	0.757974	0.0888774	0.964502	0.548311	0.528879	0.317032	0.461163	0.328563	0.00100261	1.25507	0.219932	0.0531068	0.0902799	0.0359367	-957.607	4.0	1.07339e-07	-3337.77	3.0	3.70622e-07	1.0	245.256	20.6952	102.249	15.7398	0.294237	0.0416771	1.11327	0.0880453	
1.2-1.6	6.5-30.0	10.0-60.0	0.000-0.393	0.008	0.12	447.0	447.0	250.226	18.1045	196.727	16.5624	0.251531	0.279746	-0.05	0.0	0.325024	0.0	3.09049	0.0	0.051537	0.0	0.0313128	0.0	0.03	0.0	1.492	0.04	1.733	0.07	0.0390524	0.0	9.39567e-05	0.000265483	0.178645	0.0268423	0.0999774	0.0	0.00921681	0.0	0.00135916	0.00244278	2.02628	0.0	1.04008	0.0656861	0.286923	0.761444	0.706135	0.820673	0.475263	0.710487	0.00100001	0.182734	0.132969	0.0626969	0.104562	0.0539592	-777.831	4.0	5.48648e-05	-2545.56	3.0	1.40444e-05	1.0	178.456	17.3018	71.7706	12.6335	0.286823	0.0460261	1.17648	0.0261324	
1.2-1.6	6.5-30.0	10.0-60.0	0.000-1.571	0.008	0.128	1582.0	1582.0	980.191	35.7188	601.589	29.9577	-0.0416833	0.161121	-0.05	0.0	0.325024	0.0	3.09049	0.0	0.051537	0.0	0.0313128	0.00183101	0.03	0.0	1.492	0.04	1.733	0.07	0.0390525	0.000495477	1.05393e-05	0.000462059	0.189496	0.0154189	0.0999774	0.0	0.00921681	0.0	0.000116397	0.00131431	2.02628	0.0	0.996003	0.0352422	0.344532	0.670529	0.755238	0.317923	0.129747	0.929017	0.0010002	0.0485339	0.145414	0.0246236	0.0825613	0.0241409	-2837.56	4.0	7.9682e-05	-11155.0	4.0	0.000103502	1.0	716.925	34.9806	263.266	25.1625	0.268586	0.023732	1.14164	0.0138363	
1.2-1.6	6.5-30.0	10.0-60.0	0.393-0.785	0.008	0.112	428.0	427.0	258.04	18.1489	168.958	15.5016	-0.340769	0.303551	-0.05	0.0	0.325024	0.0	3.09049	0.0	0.051537	0.0	0.0313128	0.0	0.03	0.0	1.492	0.04	1.733	0.07	0.0390524	0.0	2.07034e-05	0.000129572	0.180265	0.0290717	0.0999774	0.0	0.00921681	0.0	-0.00291162	0.0031158	2.02628	0.0	1.17216	0.0781521	0.429302	0.503131	0.858271	0.783362	0.204194	0.672636	0.00100522	0.176574	0.119467	0.0321609	0.0855016	0.0520999	-716.396	4.0	5.31961e-05	-2437.29	3.0	1.32982e-06	1.0	182.778	19.0464	75.2617	15.0174	0.291667	0.0544627	1.28339	0.0321213	
1.2-1.6	6.5-30.0	10.0-60.0	0.785-1.178	0.008	0.128	370.0	370.0	233.685	17.0393	136.316	13.8912	0.135148	0.337313	-0.05	0.0	0.325024	0.0	3.09049	0.0	0.051537	0.0	0.0313128	0.0	0.03	0.0	1.492	0.04	1.733	0.07	0.0390524	0.0	2.57361e-05	0.000145696	0.20044	0.0363622	0.0999774	0.0	0.00921681	0.0	0.000516632	0.00226971	2.02628	0.0	0.873081	0.0609568	0.820228	0.580331	0.512657	0.758168	0.339598	0.603115	0.00100224	0.928787	0.140735	0.0463087	0.0472381	0.0302222	-717.212	4.0	1.42578e-06	-2082.81	3.0	3.43572e-06	1.0	183.347	16.6781	50.3381	10.6257	0.21541	0.0426712	1.04716	0.022871	
1.2-1.6	6.5-30.0	10.0-60.0	1.178-1.571	0.008	0.105	337.0	334.0	237.856	16.8901	96.144	11.9824	-0.430873	0.407089	-0.05	0.0	0.325024	0.0	3.09049	0.0	0.051537	0.0	0.0313128	0.0	0.03	0.0	1.492	0.04	1.733	0.07	0.0390524	0.0	3.08551e-05	0.00051849	0.187344	0.0301778	0.0999774	0.0	0.00921681	0.0	0.00175749	0.00275008	2.02628	0.0	0.940221	0.0734809	0.752992	0.149647	0.999946	0.961419	0.549347	0.116089	0.109786	0.0644824	0.200489	0.0557052	0.125812	4.84809	-642.601	4.0	6.60343e-08	-1888.69	3.0	1.57272e-06	1.0	168.795	16.7397	69.0612	12.6729	0.290349	0.0491287	1.09824	0.0283095	
1.2-2.4	6.5-30.0	0.0-100.0	0.000-0.393	0.008	0.152	1618.0	1617.0	765.941	32.6642	851.153	33.9433	-0.155737	0.134031	-0.05	0.0	0.61139	0.0	3.09063	0.0	0.0514606	0.0	0.029432	0.0	0.03	0.0	1.492	0.04	1.733	0.07	0.0442234	0.0	3.42723e-05	0.000135506	0.174417	0.0165584	0.147506	0.0525668	0.00656579	0.00470592	0.00225262	0.00132498	1.94036	0.171727	0.909296	0.03075	0.249058	0.668849	0.745224	1.10277	0.135811	0.72427	0.00108433	0.131272	0.126541	0.0266152	0.0826566	0.0227811	-2557.94	4.0	5.87652e-05	-11051.9	3.0	7.49086e-06	1.0	568.467	32.2441	197.474	22.8669	0.257819	0.0277563	1.12259	0.042131	
1.2-2.4	6.5-30.0	0.0-100.0	0.000-1.571	0.008	0.128	5897.0	5873.0	3092.36	78.3247	2780.7	76.2913	-0.176496	0.0787796	-0.05	0.0	0.61139	0.122474	3.09063	0.0010385	0.0514606	0.00334267	0.029432	0.00356072	0.03	0.0	1.492	0.04	1.733	0.07	0.0442234	0.00177427	1.38621e-05	0.000134836	0.201399	0.00981153	0.186805	0.0404235	0.00562667	0.0022307	0.00217628	0.00076214	1.79346	0.0844886	0.938252	0.018633	0.734075	0.206139	0.751572	0.794962	0.555002	0.0630843	0.064942	0.0421011	0.154059	0.0250789	0.100014	0.0445775	-9152.22	4.0	5.80512e-05	-48156.0	7.0	1.34832e-05	1.0	2332.38	71.564	759.982	44.7438	0.245761	0.0130617	1.14749	0.0247752	
1.2-2.4	6.5-30.0	0.0-100.0	0.393-0.785	0.008	0.145	1556.0	1553.0	807.736	32.7845	745.248	31.8168	-0.212978	0.143509	-0.05	0.0	0.61139	0.0	3.09063	0.0	0.0514606	0.0	0.029432	0.0	0.03	0.0	1.492	0.04	1.733	0.07	0.0442234	0.0	2.65486e-05	7.2402e-05	0.218642	0.0214005	0.215726	0.105061	0.00712779	0.00410469	0.0061488	0.00166474	1.7141	0.172696	1.00417	0.0411742	0.283123	0.0553402	0.86746	0.0567693	7.64424e-07	0.84614	0.0139872	0.00517784	0.135995	0.0283954	0.191304	0.0621697	-2306.17	4.0	3.53109e-05	-10657.8	3.0	2.66198e-06	1.0	616.53	32.0658	191.206	21.5	0.236719	0.0248231	1.19359	0.0519946	
1.2-2.4	6.5-30.0	0.0-100.0	0.785-1.178	0.008	0.152	1392.0	1391.0	757.439	31.5822	633.53	29.5557	-0.0159793	0.15548	-0.05	0.0	0.61139	0.0	3.09063	0.0	0.0514606	0.0	0.029432	0.0	0.03	0.0	1.492	0.04	1.733	0.07	0.0442234	0.0	1.03152e-05	0.00396442	0.21682	0.0215292	0.127095	0.057169	0.00999999	0.014517	0.000731901	0.00148794	1.93778	0.197975	0.930172	0.0380177	0.78258	0.79502	0.471085	0.714983	0.320614	0.231924	0.080555	0.0712673	0.163339	0.0477517	0.057549	0.0516779	-2151.59	4.0	3.55884e-06	-9439.22	3.0	9.04853e-06	1.0	579.766	30.7907	177.673	20.459	0.234571	0.0251778	1.11018	0.045382	
1.2-2.4	6.5-30.0	0.0-100.0	1.178-1.571	0.008	0.152	1331.0	1331.0	761.814	31.3348	569.094	28.0919	-0.379904	0.165405	-0.05	0.0	0.61139	0.0	3.09063	0.0	0.0514606	0.0	0.029432	0.0	0.03	0.0	1.492	0.04	1.733	0.07	0.0442234	0.0	3.88875e-05	0.000353399	0.199475	0.019578	0.376887	0.131541	0.000173054	0.00284995	0.00311073	0.00180984	1.54336	0.106566	0.804432	0.0455578	0.599453	0.651657	0.651165	0.912004	0.449777	0.725161	0.00100344	0.280129	0.215848	0.0360802	0.0915303	0.0317862	-2147.12	4.0	8.24277e-05	-9028.79	3.0	1.88677e-05	1.0	570.123	30.6458	191.691	21.2466	0.251624	0.025898	1.14059	0.0577968	
1.2-2.4	6.5-30.0	10.0-60.0	0.000-0.393	0.008	0.152	1036.0	1036.0	547.765	27.0344	488.165	25.9084	-0.197125	0.177334	-0.05	0.0	0.61139	0.0	3.09063	0.0	0.0514606	0.0	0.0298582	0.0	0.03	0.0	1.492	0.04	1.733	0.07	0.0443343	0.0	3.42723e-05	0.000135506	0.178498	0.0202598	0.186805	0.0	0.00562667	0.0	0.000992973	0.00158923	1.79346	0.0	0.856427	0.0360968	0.378401	0.644976	0.723143	0.765548	0.279007	0.651648	0.00100214	0.0948209	0.122	0.0284455	0.0959159	0.030321	-1735.83	4.0	6.29756e-07	-6695.38	3.0	1.32883e-05	1.0	412.977	26.6099	134.788	18.3552	0.246069	0.0312311	1.09422	0.0114874	
1.2-2.4	6.5-30.0	10.0-60.0	0.000-1.571	0.008	0.16	3645.0	3645.0	2103.82	52.6808	1541.27	47.0394	-0.247914	0.100249	-0.05	0.0	0.61139	0.0	3.09063	0.0	0.0514606	0.0	0.0298582	0.00208936	0.03	0.0	1.492	0.04	1.733	0.07	0.0443343	0.000273414	1.04253e-05	6.6059e-05	0.192502	0.0111923	0.186805	0.0	0.00562667	0.0	0.00110594	0.000928836	1.79346	0.0	0.917959	0.0225124	0.720471	0.064907	0.913345	0.960152	0.554712	0.369874	0.0835357	0.0252808	0.15589	0.0125832	0.02	3.89488	-6049.0	4.0	4.7685e-07	-28411.1	4.0	6.53622e-06	1.0	1575.42	51.7067	528.403	35.9501	0.251163	0.0158885	1.13406	0.00740922	
1.2-2.4	6.5-30.0	10.0-60.0	0.393-0.785	0.008	0.145	946.0	945.0	556.248	26.553	388.72	23.1863	-0.27221	0.199361	-0.05	0.0	0.61139	0.0	3.09063	0.0	0.0514606	0.0	0.0298582	0.0	0.03	0.0	1.492	0.04	1.733	0.07	0.0443343	0.0	2.65486e-05	7.2402e-05	0.175422	0.0202451	0.186805	0.0	0.00562667	0.0	0.00247486	0.00215807	1.79346	0.0	1.02881	0.053084	0.429973	0.159388	0.972202	0.03118	0.360969	0.214816	0.0355475	0.0118789	0.16027	0.0309356	0.684189	0.84063	-1543.57	4.0	2.2477e-05	-6113.62	3.0	1.19696e-05	1.0	411.277	27.2296	144.971	20.0972	0.260622	0.0339205	1.20896	0.0183676	
1.2-2.4	6.5-30.0	10.0-60.0	0.785-1.178	0.008	0.152	855.0	854.0	492.488	25.2328	361.492	22.4881	-0.05748	0.20609	-0.05	0.0	0.61139	0.0	3.09063	0.0	0.0514606	0.0	0.0298582	0.0	0.03	0.0	1.492	0.04	1.733	0.07	0.0443343	0.0	1.03152e-05	0.00396442	0.218816	0.0259122	0.186805	0.0	0.00562667	0.0	0.00037506	0.00183679	1.79346	0.0	0.913848	0.0448395	0.430463	0.637744	0.71432	0.786832	0.223331	0.828606	0.00102216	0.143497	0.161324	0.0415559	0.0944052	0.0470057	-1396.02	4.0	1.56286e-06	-5414.29	3.0	6.9492e-06	1.0	374.79	24.3188	117.698	16.0945	0.238986	0.0302994	1.13136	0.0147265	
1.2-2.4	6.5-30.0	10.0-60.0	1.178-1.571	0.008	0.152	808.0	808.0	506.713	25.1456	301.253	20.6605	-0.512756	0.228937	-0.05	0.0	0.61139	0.0	3.09063	0.0	0.0514606	0.0	0.0298582	0.0	0.03	0.0	1.492	0.04	1.733	0.07	0.0443343	0.0	3.88875e-05	0.000353399	0.205354	0.0241524	0.186805	0.0	0.00562667	0.0	0.00293487	0.00189467	1.79346	0.0	0.871901	0.0481289	0.61299	0.743149	0.79778	0.184179	0.448491	0.35286	0.0148542	0.0305626	0.199689	0.0398257	0.125765	0.0644567	-1388.59	4.0	1.00288e-05	-5143.36	3.0	6.77163e-06	1.0	378.892	24.5722	127.821	17.0438	0.252254	0.0312198	1.10411	0.0154534	
1.6-2.4	3.0-6.5	0.0-100.0	0.000-0.393	0.016	0.232	4423.0	4423.0	839.986	45.7197	3583.0	69.5211	-0.146166	0.0649793	-0.05	0.0	0.0425283	0.0	3.09018	0.0	0.0151702	0.0	0.0523218	0.0	0.03	0.0	1.86	0.19	1.38	0.32	0.0512926	0.0	0.000149401	0.0117133	0.243131	0.0345211	0.473976	0.263955	-0.00707842	0.0107562	0.00999999	0.0329285	1.54049	0.193925	0.854359	0.026028	0.999989	0.736743	0.871232	0.00272891	0.70961	0.00213774	0.00114319	0.906154	0.105599	0.000841475	0.369859	0.00643761	-4180.03	4.0	5.09772e-06	-33407.4	3.0	8.02513e-08	1.0	699.381	45.743	140.604	26.4936	0.167389	0.030196	1.22832	0.105535	
1.6-2.4	3.0-6.5	0.0-100.0	0.000-1.571	0.016	0.264	15923.0	15921.0	3040.88	100.629	12879.7	141.266	-0.119704	0.034609	-0.05	0.0	0.0425283	0.0319083	3.09018	0.00165985	0.0151702	0.00533215	0.0523218	0.00247608	0.03	0.0	1.86	0.19	1.38	0.32	0.0512926	0.00120964	1.10324e-05	0.0465138	0.231888	0.0170618	0.306676	0.207312	-0.00606766	0.0158233	0.00915491	0.000835884	1.65447	0.204252	0.928153	0.0122812	0.550265	3.57759	0.878555	0.0986776	0.559516	1.36194	0.00100253	0.992174	0.109775	0.180027	0.277235	0.406247	-15114.2	4.0	1.52711e-06	-140664.0	7.0	0.000283036	1.0	2503.49	97.6595	537.389	54.6828	0.176721	0.017005	1.19864	0.0919687	
1.6-2.4	3.0-6.5	0.0-100.0	0.393-0.785	0.016	0.264	4039.0	4038.0	737.942	43.0425	3300.05	66.4424	-0.163218	0.0677136	-0.05	0.0	0.0425283	0.0	3.09018	0.0	0.0151702	0.0	0.0523218	0.0	0.03	0.0	1.86	0.19	1.38	0.32	0.0512926	0.0	0.000104776	0.00436801	0.238064	0.0327827	0.434071	0.259887	-0.00999985	0.0153683	0.00704926	0.00172715	1.61272	0.231443	0.783615	0.02661	0.98331	0.763927	0.849759	0.0267319	0.676735	0.103719	0.00100165	1.49564	0.104622	0.0195798	0.26845	0.0351439	-3780.36	4.0	2.2781e-05	-30120.8	3.0	1.22321e-07	1.0	595.026	43.3732	142.916	27.3162	0.193668	0.0352511	1.2151	0.125516	
1.6-2.4	3.0-6.5	0.0-100.0	0.785-1.178	0.016	0.24	3778.0	3778.0	733.958	42.1636	3044.03	63.9354	-0.0709617	0.0704317	-0.05	0.0	0.0425283	0.0	3.09018	0.0	0.0151702	0.0	0.0523218	0.0	0.03	0.0	1.86	0.19	1.38	0.32	0.0512926	0.0	2.10511e-05	0.000549047	0.17917	0.0303707	0.0818643	0.0702753	-0.01	0.0192987	0.01	0.000980808	2.29979	0.540786	1.05559	0.0214628	0.990886	0.820027	0.67948	0.138046	0.765706	0.0869952	0.00104259	1.36732	0.113405	0.0267159	0.216532	0.0503004	-3653.42	4.0	5.55242e-07	-27952.1	3.0	1.30197e-07	1.0	605.309	45.3276	128.648	30.0005	0.17528	0.0396154	1.20666	0.0744907	
1.6-2.4	3.0-6.5	0.0-100.0	1.178-1.571	0.016	0.24	3683.0	3682.0	729.393	41.8308	2952.59	63.0317	-0.089286	0.0715427	-0.05	0.0	0.0425283	0.0	3.09018	0.0	0.0151702	0.0	0.0523218	0.0	0.03	0.0	1.86	0.19	1.38	0.32	0.0512926	0.0	3.20725e-05	0.0130815	0.268413	0.0411464	0.862746	0.0705318	0.0058369	0.00486993	0.01	0.00272277	1.3149	0.0586406	0.6	0.0466169	0.784612	0.0605544	0.965006	0.0421235	0.721674	0.0467795	0.106447	0.0288099	0.131327	0.0259503	0.801093	0.95882	-3493.03	4.0	6.1149e-06	-27154.2	3.0	1.29579e-07	1.0	612.94	41.4791	116.453	23.0097	0.159658	0.0301882	1.24139	0.0331421	
1.6-2.4	3.0-6.5	10.0-60.0	0.000-0.393	0.016	0.209	2567.0	2564.0	615.254	36.6364	1948.74	51.7272	-0.193194	0.0883712	-0.05	0.0	0.0425283	0.0	3.09018	0.0	0.0151702	0.0	0.05372	0.0	0.03	0.0	1.86	0.19	1.38	0.32	0.0526583	0.0	0.000129268	0.000932346	0.252225	0.043212	0.306676	0.0	-0.00606766	0.0	0.00698408	0.00202074	1.65447	0.0	0.932765	0.0283177	0.997591	0.927539	0.902879	0.0461505	0.741136	0.0630073	0.00102825	1.47625	0.109441	0.0180409	0.513188	0.229368	-2626.34	4.0	1.75894e-06	-18038.2	3.0	3.80178e-08	1.0	523.754	37.0873	91.4998	20.7958	0.148719	0.0326197	1.20112	0.00762345	
1.6-2.4	3.0-6.5	10.0-60.0	0.000-1.571	0.016	0.209	9045.0	9041.0	2109.26	77.5379	6931.72	104.085	-0.136625	0.0468816	-0.05	0.0	0.0425283	0.0	3.09018	0.0	0.0151702	0.0	0.05372	0.0021037	0.03	0.0	1.86	0.19	1.38	0.32	0.0526582	0.00102742	2.44459e-05	0.000226863	0.234123	0.0197918	0.306676	0.0	-0.00606766	0.0	0.00735444	0.00107813	1.65447	0.0	0.886713	0.0156385	0.906525	0.116858	0.894385	0.0512118	0.676679	0.0597714	0.0610764	0.054973	0.103344	0.0108557	0.286911	0.0709067	-9136.73	4.0	4.12465e-06	-74964.1	4.0	1.83832e-05	1.0	1742.88	75.8673	366.38	42.8058	0.173701	0.0192636	1.17669	0.00408529	
1.6-2.4	3.0-6.5	10.0-60.0	0.393-0.785	0.016	0.209	2379.0	2379.0	507.438	34.2845	1871.43	50.386	-0.175642	0.0900517	-0.05	0.0	0.0425283	0.0	3.09018	0.0	0.0151702	0.0	0.05372	0.0	0.03	0.0	1.86	0.19	1.38	0.32	0.0526583	0.0	0.000185134	0.00079819	0.236857	0.0336332	0.306676	0.0	-0.00606766	0.0	0.0082069	0.00203051	1.65447	0.0	0.850686	0.0318755	0.282794	0.263874	0.904667	0.100961	0.000728101	0.992398	0.0034512	0.00339815	0.10149	0.0296463	0.176265	0.0395894	-2280.65	4.0	1.0977e-07	-16523.2	3.0	0.000134433	1.0	391.371	33.7019	116.066	22.3182	0.22873	0.0411777	1.1581	0.00811685	
1.6-2.4	3.0-6.5	10.0-60.0	0.785-1.178	0.016	0.2	2069.0	2069.0	493.375	32.7002	1575.59	46.3808	-0.0761853	0.098063	-0.05	0.0	0.0425283	0.0	3.09018	0.0	0.0151702	0.0	0.05372	0.0	0.03	0.0	1.86	0.19	1.38	0.32	0.0526583	0.0	3.10689e-05	0.000375227	0.183549	0.0317226	0.306676	0.0	-0.00606766	0.0	-0.00184829	0.00217169	1.65447	0.0	0.772986	0.0319469	0.689979	0.831848	0.896022	0.100133	0.162093	0.61683	0.00100391	0.0873491	0.0597995	0.0143624	0.19263	0.0400988	-2180.52	4.0	6.86688e-05	-14112.6	3.0	0.000129534	1.0	390.676	35.047	102.699	24.5795	0.208156	0.0478708	1.1197	0.0076455	
1.6-2.4	3.0-6.5	10.0-60.0	1.178-1.571	0.016	0.2	2030.0	2029.0	494.43	32.8348	1534.58	46.0229	-0.0808346	0.0994185	-0.05	0.0	0.0425283	0.0	3.09018	0.0	0.0151702	0.0	0.05372	0.0	0.03	0.0	1.86	0.19	1.38	0.32	0.0526583	0.0	1.12763e-05	0.178932	0.270951	0.0565879	0.306676	0.0	-0.00606766	0.0	0.00972696	0.0133297	1.65447	0.0	0.908021	0.0338925	0.484565	0.777527	0.689564	0.388858	0.371739	0.722633	0.00102474	0.322926	0.136718	0.017901	0.0555476	0.0254687	-2056.0	4.0	1.98515e-05	-13802.0	3.0	2.97274e-05	1.0	430.831	33.5953	63.5985	18.1074	0.12863	0.0356126	1.1879	0.00898104	
1.6-2.4	6.5-30.0	0.0-100.0	0.000-0.393	0.008	0.152	926.0	925.0	408.316	24.2325	516.714	26.374	-0.42806	0.173207	-0.05	0.0	0.831058	0.0	3.09112	0.0	0.0519776	0.0	0.0260029	0.0	0.03	0.0	1.492	0.04	1.733	0.07	0.0485744	0.0	3.15307e-05	0.000173778	0.1719	0.0239865	0.171695	0.085994	0.00507026	0.00583142	0.00371717	0.001834	1.8838	0.229153	0.885839	0.038856	0.271216	0.618405	0.776625	0.743592	0.122052	0.797001	0.00100953	0.0758182	0.134229	0.0300341	0.0893209	0.0281294	-1373.75	4.0	4.7106e-07	-5753.6	3.0	7.2451e-06	1.0	310.218	24.4258	98.0975	17.0752	0.240249	0.0393128	1.12218	0.0636861	
1.6-2.4	6.5-30.0	0.0-100.0	0.000-1.571	0.008	0.152	3323.0	3319.0	1646.58	55.9945	1672.52	56.2138	-0.391282	0.0985168	-0.05	0.0	0.831058	0.122659	3.09112	0.00158229	0.0519776	0.00348039	0.0260029	0.00739156	0.03	0.0	1.492	0.04	1.733	0.07	0.0485745	0.0020351	1.37144e-05	0.000327844	0.211029	0.0149737	0.337019	0.0765519	0.00343684	0.00197833	0.00327584	0.00119007	1.60396	0.0792233	0.871912	0.0267582	0.686267	0.116195	0.917169	0.140553	0.569349	0.0786543	0.0679585	0.0383673	0.153185	0.0162306	0.235338	0.178317	-4822.43	4.0	3.43359e-05	-25128.2	7.0	0.00010588	1.0	1283.59	52.0332	362.988	30.8944	0.22045	0.0172	1.17092	0.0354341	
1.6-2.4	6.5-30.0	0.0-100.0	0.393-0.785	0.008	0.145	835.0	833.0	415.811	23.5755	417.21	23.6031	-0.326817	0.191839	-0.05	0.0	0.831058	0.0	3.09112	0.0	0.0519776	0.0	0.0260029	0.0	0.03	0.0	1.492	0.04	1.733	0.07	0.0485744	0.0	1.91191e-05	0.000301555	0.21139	0.0304948	0.653479	0.0874734	0.00512757	0.00198312	0.00480232	0.00390395	1.36098	0.0597214	0.72823	0.0966677	0.485676	0.222592	0.833181	0.0964764	0.375497	0.256682	0.0220484	0.0202738	0.149449	0.0405036	0.290824	0.110029	-1187.28	4.0	7.59233e-05	-5166.71	3.0	2.8858e-05	1.0	326.514	23.2027	89.297	14.8755	0.214754	0.0336388	1.18076	0.0348141	
1.6-2.4	6.5-30.0	0.0-100.0	0.785-1.178	0.008	0.145	787.0	786.0	406.207	23.4943	379.76	22.9247	-0.278084	0.201441	-0.05	0.0	0.831058	0.0	3.09112	0.0	0.0519776	0.0	0.0260029	0.0	0.03	0.0	1.492	0.04	1.733	0.07	0.0485744	0.0	1.00081e-05	0.000130579	0.240083	0.033855	0.283905	0.121121	0.00876046	0.0144238	-0.00081413	0.00250355	1.63893	0.152102	0.889459	0.0612536	0.756223	0.233627	0.477136	0.253072	0.0378962	0.674915	0.104748	0.0609438	0.159837	0.0371752	0.0374465	0.0317612	-1084.86	4.0	7.5747e-07	-4834.06	3.0	1.41173e-06	1.0	318.495	22.9329	87.7121	14.571	0.215929	0.0336265	1.15288	0.0608737	
1.6-2.4	6.5-30.0	0.0-100.0	1.178-1.571	0.008	0.152	775.0	775.0	416.142	23.3593	358.809	22.0981	-0.52994	0.208764	-0.05	0.0	0.831058	0.0	3.09112	0.0	0.0519776	0.0	0.0260029	0.0	0.03	0.0	1.492	0.04	1.733	0.07	0.0485744	0.0	2.89134e-05	0.000256279	0.216575	0.0296783	0.350351	0.133684	-0.00427118	0.00495361	0.00375389	0.00233139	1.6055	0.129976	0.838947	0.054269	0.272226	11.8894	0.914916	16.935	0.179652	14.488	0.00184863	6.43421	0.199014	0.132536	0.10464	0.0833801	-1197.31	4.0	0.00010073	-4786.63	3.0	4.69963e-06	1.0	323.739	22.62	92.4024	14.4335	0.222045	0.0323672	1.16633	0.0634514	
1.6-2.4	6.5-30.0	10.0-60.0	0.000-0.393	0.008	0.152	589.0	589.0	301.202	20.1434	287.9	19.8092	-0.512056	0.233089	-0.05	0.0	0.831058	0.0	3.09112	0.0	0.0519776	0.0	0.0269221	0.0	0.03	0.0	1.492	0.04	1.733	0.07	0.048659	0.0	3.15307e-05	0.000173778	0.177725	0.0297509	0.337019	0.0	0.00343684	0.0	0.00389772	0.00227724	1.60396	0.0	0.743268	0.0465953	0.62039	0.808304	0.729049	0.336214	0.551444	0.413908	0.0232933	0.0403978	0.132859	0.0351001	0.123266	0.0557893	-964.302	4.0	8.93299e-06	-3448.86	3.0	3.72884e-05	1.0	237.239	19.9925	63.963	12.8948	0.212359	0.0403871	1.11054	0.0103377	
1.6-2.4	6.5-30.0	10.0-60.0	0.000-1.571	0.008	0.16	2063.0	2063.0	1126.31	38.6388	936.668	36.1016	-0.378378	0.128722	-0.05	0.0	0.831058	0.0	3.09112	0.0	0.0519776	0.0	0.0269221	0.00523739	0.03	0.0	1.492	0.04	1.733	0.07	0.048659	0.000244776	3.34301e-05	6.81326e-05	0.199368	0.016508	0.337019	0.0	0.00343684	0.0	0.00393737	0.00140645	1.60396	0.0	0.80643	0.0313965	0.499563	0.104177	0.89688	0.0595577	0.40784	0.130995	0.0291627	0.0110531	0.159013	0.0223751	0.233041	0.0906443	-3224.54	4.0	9.42796e-07	-14776.1	4.0	3.08422e-06	1.0	866.937	37.8786	259.37	25.0886	0.230283	0.0208271	1.13939	0.00736629	
1.6-2.4	6.5-30.0	10.0-60.0	0.393-0.785	0.008	0.145	518.0	517.0	296.134	19.3374	220.845	17.281	-0.212471	0.26283	-0.05	0.0	0.831058	0.0	3.09112	0.0	0.0519776	0.0	0.0269221	0.0	0.03	0.0	1.492	0.04	1.733	0.07	0.048659	0.0	1.91191e-05	0.000301555	0.169105	0.0276873	0.337019	0.0	0.00343684	0.0	0.00522391	0.00316522	1.60396	0.0	0.914804	0.0751094	0.38705	0.133407	0.950007	0.0470638	0.355867	0.210001	0.0288445	0.0132086	0.198884	0.0536803	0.815564	1.01453	-832.17	4.0	6.57979e-06	-3016.68	3.0	4.36075e-06	1.0	226.525	19.7035	69.6093	13.7872	0.23506	0.0439542	1.19242	0.0191013	
1.6-2.4	6.5-30.0	10.0-60.0	0.785-1.178	0.008	0.145	485.0	484.0	259.521	18.6324	224.449	17.6664	-0.173577	0.260891	-0.05	0.0	0.831058	0.0	3.09112	0.0	0.0519776	0.0	0.0269221	0.0	0.03	0.0	1.492	0.04	1.733	0.07	0.048659	0.0	1.00081e-05	0.000130579	0.227912	0.0352563	0.337019	0.0	0.00343684	0.0	-0.000716218	0.00319772	1.60396	0.0	0.906993	0.0708551	0.99939	3.72673	0.49665	1.02625	0.550836	0.667247	0.0039742	4.42266	0.175515	0.118396	0.117638	0.0780779	-688.203	4.0	4.43436e-06	-2753.47	3.0	1.86492e-06	1.0	190.257	17.7616	69.2644	12.3945	0.266893	0.0437465	1.18846	0.0179251	
1.6-2.4	6.5-30.0	10.0-60.0	1.178-1.571	0.008	0.152	471.0	471.0	268.493	18.609	202.489	16.742	-0.566055	0.278346	-0.05	0.0	0.831058	0.0	3.09112	0.0	0.0519776	0.0	0.0269221	0.0	0.03	0.0	1.492	0.04	1.733	0.07	0.048659	0.0	2.89134e-05	0.000256279	0.225485	0.0390022	0.337019	0.0	0.00343684	0.0	0.0039259	0.00283991	1.60396	0.0	0.800845	0.067248	0.389902	0.045172	0.999993	5.52951	0.216492	0.0954838	0.00460194	0.00453899	0.19136	0.018238	0.0219636	42.0788	-752.641	4.0	3.86962e-05	-2694.26	3.0	9.11833e-07	1.0	209.419	18.1119	59.0744	11.5814	0.220022	0.0403495	1.13677	0.0157046	
