resOpt2
rap	pT	cent	dPhi	ctauErrMin	ctauErrMax	NoCutEntry	CutEntry	NSig	NSigErr	NBkg	NBkgErr	coefExp	coefExpErr	coefPol1	coefPol1Err	coeffGaus	coeffGausErr	meanSig1	meanSig1Err	sigmaSig1	sigmaSig1Err	sigmaSig2	sigmaSig2Err	sigmaSig3	sigmaSig3Err	alpha	alphaErr	enne	enneErr	enneW	enneWErr	sigWidth	sigWidthErr	Gmc	GmcErr	bTau	bTauErr	fracRes	fracResErr	meanResSigW	meanResSigWErr	meanResSigN	meanResSigNErr	sigmaResSigW	sigmaResSigWErr	sigmaResSigN	sigmaResSigNErr	fpm	fpmErr	fLiving	fLivingErr	fbkgCtTot	fbkgCtTotErr	lambdam	lambdamErr	lambdap	lambdapErr	lambdasym	lambdasymErr	NLL	nFitPar	EDM	NLLMass	nFitParMass	EDMMass	Prob	PROMPT	PROMPTErr	NON-PROMPT	NON-PROMPTErr	Bfraction	BfractionErr	Resolution	ResolutionErr	
0.0-0.4	6.5-30.0	0.0-100.0	0.000-1.571	0.008	0.105	8565.0	8552.0	7382.47	148.316	1170.28	76.4447	-1.04215	0.180836	-0.05	0.0	0.420282	0.144903	3.09369	0.00042483	0.0151408	0.00190443	0.0232263	0.00101648	0.03	0.0	1.696	0.05	5.0	0.0	1.718	0.07	0.0202258	0.000451917	1.68647e-05	3.60603e-05	0.361378	0.0116017	0.0412563	0.0187466	-0.00568417	0.00506639	-0.000476029	0.000401528	1.9561	0.23217	0.915559	0.0160291	0.957129	0.0260808	0.878691	0.031784	0.173863	0.0627656	0.336728	0.209435	0.361652	0.0220462	0.0617252	0.0701729	-56684.3	2.0	261.791	-197742.0	7.0	443.022	1.0	5280.13	126.232	2102.34	80.4083	0.284775	0.00926817	0.980574	0.0186201	
0.0-1.2	6.5-30.0	0.0-100.0	0.000-1.571	0.008	0.145	30049.0	30032.0	25914.5	260.476	4117.18	127.746	-1.07641	0.0969769	-0.05	0.0	0.381486	0.0436233	3.09372	0.00027538	0.0184479	0.0010121	0.0312809	0.000491669	0.03	0.0	1.696	0.05	5.0	0.0	1.718	0.07	0.0271117	0.000337538	3.35891e-05	7.03403e-08	0.364299	0.00696782	0.0363835	0.00953099	-0.00179413	0.00321886	-0.000100527	0.000221339	2.02745	0.140729	0.926539	0.00859037	0.922462	0.0345716	0.909903	0.0156948	0.193432	0.0329487	0.0299149	0.0102756	0.410359	0.0149555	0.179058	0.032537	-172973.0	2.0	368.257	-758687.0	7.0	273.137	1.0	18520.5	227.445	7394.0	150.334	0.285323	0.0050427	0.98833	0.0102033	
0.0-2.4	10.0-13.0	0.0-100.0	0.000-1.571	0.008	0.145	12154.0	12144.0	10310.1	150.25	1833.94	88.1212	-1.23385	0.132939	-0.05	0.0	0.462892	0.0677691	3.09337	0.000478322	0.0465894	0.00281922	0.0232543	0.00103662	0.03	0.0	1.696	0.05	5.0	0.0	1.718	0.07	0.0359887	0.00115523	5.4086e-05	1.12806e-09	0.387358	0.0110585	0.0847722	0.0318272	0.00318917	0.00280993	-5.51424e-05	0.000366459	1.61951	0.135984	0.888069	0.0169264	0.919748	0.0367484	0.976501	0.0300375	0.170726	0.0397638	0.0373917	0.0167012	0.402426	0.0216202	0.147593	0.105251	-42639.7	2.0	11.9234	-207397.0	7.0	81.0164	1.0	7011.03	127.273	3299.07	89.8366	0.319984	0.00736065	0.971674	0.019183	
0.0-2.4	10.0-30.0	0.0-100.0	0.000-1.571	0.008	0.145	19150.0	19138.0	15960.0	185.838	3178.51	113.448	-1.25125	0.100008	-0.05	0.0	0.468577	0.0554704	3.09347	0.00037773	0.0456754	0.00220578	0.0229572	0.000858072	0.03	0.0	1.696	0.05	5.0	0.0	1.718	0.07	0.0354633	0.00091464	1.34171e-05	1.68501e-09	0.377069	0.00789307	0.061429	0.0187332	-0.00106161	0.00252365	1.84409e-06	0.000248595	1.76588	0.127349	0.91248	0.0120503	0.943118	0.0369183	0.964288	0.0183684	0.210048	0.0359456	0.0275917	0.0147378	0.42346	0.0172481	0.169295	0.063478	-62023.9	2.0	17.6439	-332741.0	7.0	125.496	1.0	10122.1	151.618	5837.93	117.122	0.365784	0.00597599	0.986422	0.0139342	
0.0-2.4	11.0-13.0	0.0-100.0	0.000-1.571	0.008	0.145	6503.0	6500.0	5536.55	111.323	963.773	67.0744	-1.35401	0.185446	-0.05	0.0	0.350753	0.0873106	3.09363	0.000648311	0.053916	0.00617553	0.0248755	0.0014658	0.03	0.0	1.696	0.05	5.0	0.0	1.718	0.07	0.037701	0.00206216	1.95666e-05	9.68631e-08	0.394841	0.0145165	0.152755	0.0965681	0.00355134	0.00260494	-0.000548064	0.000635924	1.43754	0.174684	0.860769	0.0408461	0.928886	0.0498284	0.987053	0.0151063	0.191271	0.0530555	0.0362732	0.021696	0.389958	0.0263553	0.207694	0.170456	-21535.1	2.0	8.35507	-101893.0	7.0	56.6782	1.0	3596.26	91.7152	1940.29	68.5933	0.350451	0.0101902	0.971297	0.0413603	
0.0-2.4	13.0-16.0	0.0-100.0	0.000-1.571	0.008	0.081	4132.0	4126.0	3337.23	82.1114	789.611	51.1497	-1.11721	0.194929	-0.05	0.0	0.608866	0.109573	3.09338	0.000765847	0.0412884	0.00310933	0.0184742	0.00239122	0.03	0.0	1.696	0.05	5.0	0.0	1.718	0.07	0.0342264	0.00159951	2.62966e-05	2.93314e-11	0.375027	0.015993	0.0297848	0.0145497	-0.01	0.0133005	-5.8469e-05	0.000461222	2.21078	0.332015	0.946445	0.0175717	0.784059	0.747684	0.954153	0.0474894	0.0818744	0.768938	0.0064858	0.022621	0.458535	0.0415029	0.219076	0.111744	-12336.1	2.0	3.96775	-58584.2	7.0	28.058	1.0	1996.33	65.3852	1340.9	54.3234	0.401799	0.012932	1.0073	0.0197407	
0.0-2.4	13.0-30.0	0.0-100.0	0.000-1.571	0.008	0.081	6995.0	6988.0	5642.59	115.357	1346.26	77.9085	-1.28415	0.154895	-0.05	0.0	0.491344	0.116526	3.09371	0.000625023	0.0437767	0.00395397	0.0221327	0.00167583	0.03	0.0	1.696	0.05	5.0	0.0	1.718	0.07	0.0345077	0.0017446	1.00764e-05	1.42678e-08	0.368306	0.0114038	0.0330329	0.0174075	-0.00922003	0.0132591	-4.44038e-05	0.000343446	2.0516	0.269494	0.952695	0.0166731	1.0	11.4057	0.961023	0.111624	0.283604	0.156395	0.00101169	1.65929	0.45163	0.173635	0.232819	0.677121	-19604.2	2.0	10.0053	-103879.0	7.0	49.4233	1.0	3143.06	85.475	2499.54	76.081	0.442977	0.00998925	1.00831	0.0185221	
0.0-2.4	16.0-30.0	0.0-100.0	0.000-1.571	0.008	0.056	2863.0	2850.0	2327.63	65.04	522.689	37.2674	-1.4003	0.246638	-0.05	0.0	0.156266	0.0877809	3.09366	0.00095138	0.0149905	0.00286439	0.0371444	0.00278597	0.03	0.0	1.696	0.05	5.0	0.0	1.718	0.07	0.0346297	0.00126437	3.3375e-05	9.01575e-05	0.362518	0.0162245	0.109582	0.115936	-0.0012168	0.00405477	-0.000169215	0.000598065	1.51989	0.290444	0.930493	0.0520086	1.0	39.8837	0.986663	0.0510232	0.28745	0.139016	0.00106028	40.8357	0.435348	0.134853	0.245378	0.903574	-7327.91	2.0	7.47504	-37301.1	7.0	21.1132	1.0	1161.56	48.562	1166.07	48.6464	0.50097	0.0155189	1.01197	0.0523028	
0.0-2.4	6.5-30.0	0.0-100.0	0.000-1.571	0.004	0.224	67638.0	67615.0	57623.0	405.771	9992.23	227.723	-1.12927	0.0651872	-0.05	0.0	0.459907	0.0369737	3.09238	0.000254037	0.0471381	0.00100394	0.0255438	0.00081823	0.03	0.0	1.696	0.05	5.0	0.0	1.718	0.07	0.0370718	0.000512344	1.258e-05	6.33362e-07	0.367105	0.0054936	0.0395513	0.00542533	-0.00065644	0.00248699	9.93094e-05	0.000173197	2.1898	0.0895116	0.910275	0.0056548	0.996054	0.0720638	0.8329	0.0435974	0.24528	0.0181067	0.0373611	0.0539591	0.424338	0.012826	0.118394	0.0174133	-337030.0	2.0	183.903	-1814240.0	7.0	19.474	1.0	42132.1	358.341	15490.9	228.657	0.268831	0.0034875	0.992716	0.0071287	
0.0-2.4	6.5-7.5	0.0-100.0	0.000-1.571	0.008	0.168	20052.0	20039.0	17360.5	307.627	2678.81	188.756	-0.761558	0.172194	-0.05	0.0	0.447305	0.142647	3.09121	0.000658107	0.0496986	0.00251917	0.0281624	0.00343139	0.03	0.0	1.696	0.05	5.0	0.0	1.718	0.07	0.0392833	0.000985002	1.46325e-05	1.04365	0.392908	0.016134	0.0274931	0.00809829	0.00662081	0.0166341	0.00121918	0.000545244	2.51531	0.251785	0.891192	0.0111481	0.988003	0.0114801	0.641471	0.0694978	0.174111	0.0718834	0.499182	0.549677	0.387154	0.0268463	0.0589654	0.0115194	-148150.0	2.0	83.7609	-675196.0	7.0	3978.01	1.0	13900.5	275.761	3460.07	138.319	0.199307	0.00714193	0.972795	0.0154056	
0.0-2.4	6.5-8.0	0.0-100.0	0.000-1.571	0.008	0.168	27942.0	27925.0	24070.6	306.521	3854.45	171.255	-0.873411	0.122322	-0.05	0.0	0.500918	0.082131	3.09135	0.000489237	0.0483679	0.0011638	0.0265614	0.00229593	0.03	0.0	1.696	0.05	5.0	0.0	1.718	0.07	0.0390382	0.00101042	1.06819e-05	6.35669e-06	0.387435	0.0124627	0.0375559	0.00876698	-0.000429432	0.00619673	0.000941455	0.000426979	2.2911	0.169192	0.889513	0.00991883	0.990031	0.0118251	0.657851	0.0501998	0.204797	0.0479953	0.415135	0.467482	0.402954	0.0226137	0.0689986	0.0113026	-188295.0	2.0	79.8147	-893064.0	7.0	2955.15	1.0	19074.6	280.842	4996.04	154.658	0.207557	0.00585636	0.979109	0.0131778	
0.0-2.4	6.5-8.5	0.0-100.0	0.000-1.571	0.008	0.168	34621.0	34601.0	29780.3	321.764	4822.17	176.656	-0.957465	0.106284	-0.05	0.0	0.485944	0.0679595	3.09143	0.000413221	0.0480085	0.000931088	0.026749	0.00187932	0.03	0.0	1.696	0.05	5.0	0.0	1.718	0.07	0.0385723	0.000825558	2.38435e-05	5.23465e-06	0.371674	0.010286	0.0366796	0.00717041	-0.00262645	0.00533113	0.00047591	0.000355772	2.32876	0.146774	0.896156	0.0083534	0.999999	0.00455458	0.693077	0.0784219	0.238006	0.0646338	0.0723825	13.8031	0.413166	0.0311772	0.10003	0.0229199	-218907.0	2.0	85.5146	-1064550.0	7.0	381.431	1.0	23415.1	296.313	6365.12	168.898	0.213736	0.00518003	0.986183	0.0111489	
0.0-2.4	7.5-8.5	0.0-100.0	0.000-1.571	0.008	0.136	14569.0	14548.0	12408.2	182.871	2140.62	101.61	-1.21495	0.139398	-0.05	0.0	0.548792	0.0740203	3.09174	0.000541931	0.0457797	0.00174849	0.024393	0.00187495	0.03	0.0	1.696	0.05	5.0	0.0	1.718	0.07	0.0376646	0.000979175	3.5227e-05	4.17602e-05	0.347583	0.0123315	0.0451238	0.0121541	-0.0072094	0.00561322	5.43267e-06	0.000472657	2.1991	0.182947	0.901479	0.0124646	0.987406	0.0144217	0.685369	0.0529126	0.187416	0.0468905	0.412528	0.33981	0.440709	0.0301697	0.084228	0.0172719	-70757.2	2.0	1.52944	-324352.0	7.0	4.25164	1.0	9511.67	167.023	2896.57	100.341	0.233439	0.00731825	0.997103	0.0161909	
0.0-2.4	8.0-10.0	0.0-100.0	0.000-1.571	0.008	0.136	20545.0	20532.0	17573.4	207.096	2959.44	117.044	-1.33	0.11332	-0.05	0.0	0.404098	0.0598488	3.09263	0.000410993	0.0458658	0.00216533	0.026678	0.000894228	0.03	0.0	1.696	0.05	5.0	0.0	1.718	0.07	0.0356959	0.00083431	1.06093e-05	3.63822e-09	0.344351	0.00913462	0.0493876	0.0109542	0.000525422	0.00399226	-0.000143324	0.000333425	2.11013	0.137345	0.908676	0.0103514	0.983861	0.0919775	0.848991	0.0801541	0.206653	0.0440837	0.0364446	0.0478824	0.448781	0.0257144	0.151161	0.0452436	-88089.3	2.0	2.83678	-421946.0	7.0	41.6435	1.0	13108.0	185.799	4465.44	115.883	0.254102	0.00587511	1.00241	0.0130018	
0.0-2.4	8.5-9.5	0.0-100.0	0.000-1.571	0.008	0.136	10122.0	10118.0	8682.11	143.855	1436.02	80.5452	-1.24389	0.161471	-0.05	0.0	0.386372	0.0928215	3.09321	0.000566556	0.0449901	0.00292803	0.0264109	0.00154162	0.03	0.0	1.696	0.05	5.0	0.0	1.718	0.07	0.0347863	0.00120303	1.61471e-05	3.66487e-06	0.35832	0.0132021	0.0510208	0.0152692	0.00361757	0.00549739	7.99027e-05	0.000475572	2.16101	0.191159	0.919088	0.0149438	0.978052	0.133289	0.925185	0.219215	0.240065	0.0387659	0.0644463	0.0812476	0.449591	0.0472013	0.175952	0.258135	-43409.5	2.0	0.787857	-190733.0	7.0	22.5515	1.0	6482.48	129.033	2199.63	80.256	0.253352	0.0082357	1.01975	0.0187797	
0.0-2.4	9.5-11.0	0.0-100.0	0.000-1.571	0.008	0.128	9396.0	9387.0	7962.38	131.781	1425.0	73.7982	-1.32041	0.155078	-0.05	0.0	0.542529	0.0694223	3.09281	0.000562713	0.0432103	0.00222254	0.022974	0.000748777	0.03	0.0	1.696	0.05	5.0	0.0	1.718	0.07	0.0354179	0.000992014	4.61932e-05	1.75574e-06	0.367554	0.0132083	0.0946533	0.0370468	0.00139483	0.00321146	7.88449e-05	0.00045249	1.57638	0.138864	0.87602	0.0187941	0.927981	0.0616057	0.913313	0.0584253	0.134142	0.0517757	0.0310393	0.0166009	0.437709	0.0304484	0.147618	0.0631594	-35199.5	2.0	12.1358	-161662.0	7.0	42.1395	1.0	5703.09	115.281	2259.29	76.0174	0.283746	0.00831222	0.964357	0.021148	
0.4-0.8	6.5-30.0	0.0-100.0	0.000-1.571	0.008	0.073	9587.0	9545.0	8173.0	155.302	1372.96	77.3142	-1.24468	0.182851	-0.05	0.0	0.34734	0.0960511	3.09463	0.000476628	0.0290988	0.00137001	0.0207025	0.00119245	0.03	0.0	1.696	0.05	5.0	0.0	1.718	0.07	0.0239548	0.000610183	3.62012e-05	2.19645e-10	0.355857	0.0120505	0.0440704	0.0189422	-0.00335026	0.0047604	9.00565e-05	0.000378473	1.94023	0.224231	0.918189	0.0151357	0.979676	0.292368	0.885067	0.531247	0.198594	0.0475593	0.102793	0.196574	0.446843	0.082162	0.109826	0.0594524	-62913.0	2.0	221.877	-245973.0	7.0	64.6606	1.0	5710.49	133.686	2462.51	91.033	0.301298	0.00955421	0.985809	0.0183552	
0.8-1.2	6.5-30.0	0.0-100.0	0.000-1.571	0.008	0.145	11896.0	11893.0	10129.1	155.183	1764.47	83.1317	-1.12254	0.143495	-0.05	0.0	0.553018	0.0862735	3.09348	0.00052655	0.0351585	0.0014575	0.0284791	0.00192421	0.03	0.0	1.696	0.05	5.0	0.0	1.718	0.07	0.0323439	0.000644701	2.63171e-05	3.12815e-11	0.375526	0.0123391	0.0252228	0.0123352	0.00474538	0.0064379	0.000116709	0.000378121	2.22391	0.299687	0.942987	0.0133948	0.98228	0.013812	0.720251	0.0814216	0.0984341	0.103614	0.283163	0.182024	0.43429	0.0267746	0.0324704	0.0138424	-54498.3	2.0	14.474	-237314.0	7.0	5.71253	1.0	7408.06	137.084	2721.09	87.4574	0.268639	0.00759019	0.995762	0.0163492	
1.2-1.6	6.5-30.0	0.0-100.0	0.000-1.571	0.004	0.152	14994.0	14986.0	12995.1	186.777	1991.62	100.77	-0.902859	0.146789	-0.05	0.0	0.533727	0.0843925	3.08941	0.000588432	0.0337408	0.00136271	0.0477546	0.00277955	0.03	0.0	1.696	0.05	5.0	0.0	1.718	0.07	0.0408773	0.00100532	3.02336e-05	2.07313e-10	0.383323	0.0135365	0.0605824	0.0181432	-0.00143211	0.00425656	0.000104208	0.000412249	1.97565	0.161837	0.884019	0.015148	0.999999	0.10158	0.785	0.0456548	0.263664	0.0349857	0.155605	3.12516	0.467191	0.0301555	0.0973785	0.0198816	-66658.9	2.0	173.539	-331444.0	7.0	3.69968	1.0	9400.73	166.101	3594.32	109.553	0.276592	0.00743419	0.985196	0.0185463	
1.6-2.0	6.5-30.0	0.0-100.0	0.000-1.571	0.004	0.145	15626.0	15615.0	13215.2	195.78	2399.48	114.27	-1.32192	0.141832	-0.05	0.0	0.705305	0.0958956	3.09009	0.000687694	0.0490779	0.0012128	0.0375202	0.00427076	0.03	0.0	1.696	0.05	5.0	0.0	1.718	0.07	0.0459748	0.000862896	1.47067e-05	3.70281e-07	0.354141	0.0118559	0.0692177	0.0151298	0.00589367	0.00445577	0.000497596	0.000473595	2.03396	0.13573	0.875003	0.0131558	0.991314	0.0166083	0.76824	0.053781	0.22626	0.0468019	0.36336	0.507907	0.415586	0.0248724	0.0744433	0.0215564	-70643.4	2.0	1.67473	-355366.0	7.0	1.50667	1.0	9947.35	176.853	3267.81	109.102	0.247277	0.00739856	0.999493	0.0168192	
1.6-2.4	3.0-30.0	0.0-100.0	0.000-1.571	0.004	0.24	83943.0	83794.0	69347.3	804.149	14447.2	635.275	-0.599117	0.097903	-0.05	0.0	0.347385	0.190099	3.08955	0.000472918	0.0635908	0.0068831	0.0417124	0.00309204	0.03	0.0	2.059	0.08	5.0	0.0	1.41	0.1	0.0504009	0.00172412	1.74679e-05	5.09545e-05	0.537678	0.0386614	0.0595191	0.00808293	0.00568574	0.00364107	0.000610938	0.00034817	2.03068	0.0819978	0.88139	0.00713645	0.840237	0.0714258	0.970472	0.00543654	0.346156	0.0687684	0.0776945	0.0290907	0.635732	0.0946237	4.99998	1134.43	-315406.0	2.0	74644.6	-4952070.0	7.0	6644.94	1.0	57078.6	780.498	12268.7	437.414	0.176916	0.00596463	0.987951	0.008999	
1.6-2.4	3.0-4.5	0.0-100.0	0.000-1.571	0.024	0.24	30106.0	30013.0	24428.3	683.811	5585.98	554.828	0.00365074	0.206556	-0.05	0.0	0.315546	0.366184	3.09004	0.00111229	0.0694704	0.0191273	0.0409818	0.00750244	0.03	0.0	2.04	0.08	5.0	0.0	1.31	0.1	0.0516954	0.00453755	3.3213e-05	6.84293e-05	0.834026	0.232212	0.152039	0.0491521	0.00785331	0.0161368	-0.00133911	0.00163691	1.5157	0.113301	0.831005	0.0246442	0.765872	0.174706	0.923945	0.0293049	0.4173	0.146847	0.0686603	0.0426916	0.919565	0.348623	5.0	1893.53	-142921.0	2.0	40608.3	-2533260.0	7.0	9164.45	1.0	20867.0	674.231	3561.32	351.183	0.145787	0.0137847	0.966883	0.0260757	
1.6-2.4	3.0-5.5	0.0-100.0	0.000-1.571	0.024	0.24	48544.0	48409.0	39371.2	684.633	9038.51	539.685	-0.29669	0.140113	-0.05	0.0	0.337156	0.242203	3.08938	0.000741522	0.0650435	0.00976818	0.0412243	0.00426942	0.03	0.0	2.04	0.08	5.0	0.0	1.31	0.1	0.0505258	0.00241384	1.33231e-05	0.0273667	0.744695	0.126371	0.111931	0.0259431	0.00756512	0.0053187	-0.000577105	0.000954819	1.63454	0.0936064	0.850915	0.0148043	0.807705	0.106805	0.955895	0.0146709	0.360246	0.0970456	0.0704353	0.0436802	0.853643	0.367927	4.64209	181.215	-168812.0	2.0	67787.9	-3692860.0	7.0	6930.64	1.0	33446.1	695.229	5925.15	394.59	0.150494	0.0096746	0.970598	0.0167461	
1.6-2.4	3.0-6.5	0.0-100.0	0.000-1.571	0.016	0.24	61348.0	61205.0	50332.0	711.941	10874.0	549.23	-0.3823	0.122043	-0.05	0.0	0.359952	0.198235	3.08958	0.000616452	0.0646138	0.0070753	0.0412419	0.00364942	0.03	0.0	2.04	0.08	5.0	0.0	1.31	0.1	0.0509061	0.00187286	1.16039e-05	1.83434e-07	0.666778	0.082537	0.0726873	0.0143009	0.00892288	0.0115422	0.000116155	0.000667473	1.85882	0.0987596	0.874603	0.0106046	0.808801	0.0825967	0.96334	0.0129273	0.3719	0.0745081	0.0740855	0.0417981	0.783393	0.295304	4.98426	221.83	-228374.0	2.0	71790.2	-4197490.0	7.0	6982.86	1.0	42730.5	721.945	7601.46	409.199	0.151026	0.00784432	0.980041	0.0127247	
1.6-2.4	4.5-5.5	0.0-100.0	0.000-1.571	0.024	0.192	18437.0	18390.0	14996.3	645.033	3394.55	590.985	-0.809957	0.282243	-0.05	0.0	0.371905	0.770636	3.08831	0.00120214	0.0593758	0.0238092	0.0419806	0.00880752	0.03	0.0	2.04	0.08	5.0	0.0	1.31	0.1	0.049174	0.0058442	3.14986e-05	0.0195276	0.622423	0.122402	0.086383	0.0293212	0.00796526	0.0109084	-0.000167323	0.00116899	1.73086	0.153055	0.866397	0.0186463	0.872359	0.202735	0.999998	0.0388772	0.295936	0.2118	0.0898685	0.124654	0.806269	0.34128	4.95552	1023.37	-26666.8	2.0	27885.8	-945457.0	7.0	5525.69	1.0	12595.8	576.698	2400.49	222.969	0.160072	0.013178	0.971902	0.0219778	
1.6-2.4	5.5-6.5	0.0-100.0	0.000-1.571	0.024	0.16	12804.0	12784.0	10965.2	201.328	1819.22	115.357	-0.814755	0.188015	-0.05	0.0	0.428468	0.156301	3.09036	0.000939628	0.0638962	0.003222	0.0415079	0.00406639	0.03	0.0	2.04	0.08	5.0	0.0	1.31	0.1	0.0522878	0.00124998	1.13031e-05	0.0014207	0.419108	0.0258459	0.121122	0.047319	0.00235778	0.00610226	0.000948206	0.00108912	1.59491	0.144361	0.856403	0.0255327	0.870886	0.202241	0.827036	0.419096	0.369457	0.11815	0.0919453	0.0412192	0.513627	0.0820263	0.0718896	0.0459003	-70191.8	2.0	49.8813	-363782.0	7.0	3.97164	1.0	9207.69	193.093	1757.47	98.7162	0.160278	0.00850816	0.976061	0.0279713	
1.6-2.4	6.5-30.0	0.0-100.0	0.000-1.571	0.008	0.188	22595.0	22586.0	19104.4	245.155	3481.98	147.354	-1.21987	0.121892	-0.05	0.0	0.610604	0.0864576	3.08996	0.000622898	0.0526885	0.00159547	0.0400129	0.00274448	0.03	0.0	1.696	0.05	5.0	0.0	1.718	0.07	0.048151	0.000871479	3.35396e-05	3.48851e-05	0.360804	0.0106484	0.0507427	0.00938907	0.00405901	0.004801	0.000814073	0.000404957	2.22561	0.1344	0.886308	0.00987038	0.999998	9.68251	0.819415	0.0848653	0.254118	0.0300163	0.065204	32.1226	0.408398	0.0224752	0.106143	0.0237558	-103449.0	2.0	4.96735	-561356.0	7.0	0.996864	1.0	14488.8	221.654	4615.6	134.426	0.241599	0.00631658	0.998513	0.0130786	
2.0-2.4	6.5-30.0	0.0-100.0	0.000-1.571	0.008	0.144	6968.0	6957.0	5872.27	146.21	1085.27	90.6083	-1.04866	0.247756	-0.05	0.0	0.486945	0.188629	3.08944	0.00133433	0.0610097	0.00255235	0.0455376	0.00505763	0.03	0.0	1.696	0.05	5.0	0.0	1.718	0.07	0.0536322	0.00130891	1.00319e-05	1.2166e-09	0.377865	0.022747	0.0492998	0.0201944	-0.00605931	0.0114916	0.00178122	0.000853352	1.99796	0.247395	0.883343	0.0182333	1.0	40.8136	0.89457	0.0472114	0.248717	0.0332872	0.121316	56.5869	0.39258	0.027923	0.118311	0.0354689	-32957.9	2.0	5.3893	-169757.0	7.0	1.81564	1.0	4527.75	133.076	1344.52	78.2366	0.22896	0.0120418	0.968826	0.022376	
