weightedEff_TnPAtRD3_4DEff2_RapPtEffMap3_Ratio
rap	pT	cent	dPhi	ctauErrMin	ctauErrMax	NoCutEntry	CutEntry	NSig	NSigErr	NBkg	NBkgErr	coefExp	coefExpErr	coefPol1	coefPol1Err	coeffGaus	coeffGausErr	meanSig1	meanSig1Err	sigmaSig1	sigmaSig1Err	sigmaSig2	sigmaSig2Err	sigmaSig3	sigmaSig3Err	alpha	alphaErr	enne	enneErr	enneW	enneWErr	sigWidth	sigWidthErr	Gmc	GmcErr	bTau	bTauErr	fracRes	fracResErr	meanResSigW	meanResSigWErr	meanResSigN	meanResSigNErr	sigmaResSigW	sigmaResSigWErr	sigmaResSigN	sigmaResSigNErr	fpm	fpmErr	fLiving	fLivingErr	fbkgCtTot	fbkgCtTotErr	lambdam	lambdamErr	lambdap	lambdapErr	lambdasym	lambdasymErr	NLL	nFitPar	EDM	NLLMass	nFitParMass	EDMMass	Prob	PROMPT	PROMPTErr	NON-PROMPT	NON-PROMPTErr	Bfraction	BfractionErr	Resolution	ResolutionErr	
0.0-0.4	6.5-30.0	0.0-100.0	0.000-1.571	0.008	0.064	5604.0	5600.0	3726.74	67.9323	1873.24	52.5437	-0.197187	0.09169	-0.05	0.0	0.549788	0.0765506	3.09284	0.000374815	0.0190428	0.00102057	0.018862	0.00148951	0.03	0.0	1.492	0.0	5.0	0.0	1.733	0.0	0.0189616	0.000436667	3.59557e-05	0.000193278	0.432726	0.0131798	0.709974	0.264125	-0.00206547	0.00229629	0.00238706	0.00128781	1.32298	0.0992276	0.668108	0.033071	0.845379	0.16486	0.554812	0.221585	0.350021	0.0401374	0.070743	5.58097e-09	0.331979	0.0343059	0.070512	2.46288e-09	-10200.0	4.0	6.38683e-06	-49164.0	7.0	9.08113e-06	1.0	2368.49	56.2793	1358.25	43.7766	0.364461	0.00968746	1171.37	83.6228	
0.0-1.2	6.5-30.0	0.0-10.0	0.000-1.571	0.008	0.088	7880.0	7877.0	4200.64	76.6768	3676.12	73.1732	0.00671785	0.064492	-0.05	0.0	0.494304	0.0	3.09238	0.0	0.0194509	0.0	0.0357881	0.00136399	0.03	0.0	1.492	0.0	5.0	0.0	1.733	0.0	0.0288912	0.000427212	1.12992e-05	0.000388937	0.331465	0.0105961	0.282557	0.0	0.00228371	0.0	0.00231848	0.000683725	1.58042	0.0	0.952424	0.020516	0.646982	0.14377	0.792286	0.308742	0.558805	0.0267561	0.0706215	4.97508e-10	0.23432	0.0373521	0.144326	0.110398	-12076.4	4.0	2.62885e-07	-68161.2	4.0	6.78238e-05	1.0	2832.44	66.0713	1368.2	48.1252	0.325713	0.00979318	1164.71	6.01814	
0.0-1.2	6.5-30.0	0.0-100.0	0.000-1.571	0.008	0.105	21279.0	21274.0	13365.2	134.178	7908.69	112.005	-0.00993859	0.0456951	-0.05	0.0	0.494304	0.0451521	3.09238	0.000270006	0.0194509	0.000573245	0.0347614	0.0015693	0.03	0.0	1.492	0.0	5.0	0.0	1.733	0.0	0.0282502	0.000598244	1.16782e-05	0.000130175	0.396981	0.00701947	0.282557	0.19576	0.00228371	0.00264771	0.000440894	0.000366446	1.58042	0.170805	0.883628	0.010749	0.650704	0.0215363	0.928404	0.0137122	0.515112	0.0166078	0.0704624	2.3138e-09	0.255793	0.0119258	0.470123	0.0749288	-35346.6	4.0	6.97573e-08	-209317.0	7.0	1.71625e-05	1.0	9043.9	113.969	4321.32	81.4091	0.323326	0.00515416	1125.14	82.0695	
0.0-1.2	6.5-30.0	10.0-20.0	0.000-1.571	0.008	0.088	5099.0	5097.0	3168.71	63.6535	1927.85	53.018	0.0381976	0.0894736	-0.05	0.0	0.494304	0.0	3.09238	0.0	0.0194509	0.0	0.0343512	0.00134605	0.03	0.0	1.492	0.0	5.0	0.0	1.733	0.0	0.0279953	0.000417617	1.12992e-05	0.000388937	0.470211	0.01542	0.282557	0.0	0.00228371	0.0	-0.00168635	0.000792472	1.58042	0.0	0.901488	0.0236232	0.692138	0.739226	0.801036	0.103058	0.522187	0.262309	0.0705659	0.105688	0.290813	0.0353931	0.452634	0.0710093	-7520.67	4.0	1.51095e-08	-42854.3	4.0	8.36233e-05	1.0	1983.0	52.4173	1185.71	41.5702	0.374193	0.010752	1135.25	6.72918	
0.0-1.2	6.5-30.0	20.0-30.0	0.000-1.571	0.008	0.105	3659.0	3656.0	2412.67	55.7039	1243.37	43.9735	0.152851	0.111927	-0.05	0.0	0.494304	0.0	3.09238	0.0	0.0194509	0.0	0.0349264	0.00175425	0.03	0.0	1.492	0.0	5.0	0.0	1.733	0.0	0.0283529	0.000546395	1.16782e-05	0.000130175	0.494947	0.0197925	0.282557	0.0	0.00228371	0.0	0.000757741	0.000821796	1.58042	0.0	0.852563	0.0236764	0.667052	0.0456867	1.0	0.00408347	0.511475	0.0366248	0.0704492	4.73835e-11	0.221213	0.0172118	0.487275	0.0428073	-6154.96	4.0	3.59346e-05	-29724.4	4.0	6.5164e-06	1.0	1631.01	46.8814	781.659	33.2493	0.323981	0.0115744	1107.81	6.53636	
0.0-1.2	6.5-30.0	30.0-40.0	0.000-1.571	0.008	0.064	2136.0	2134.0	1532.35	43.1066	601.412	30.4507	-0.416659	0.16258	-0.05	0.0	0.494304	0.0	3.09238	0.0	0.0194509	0.0	0.0366211	0.00199815	0.03	0.0	1.492	0.0	5.0	0.0	1.733	0.0	0.0294144	0.000629011	1.32366e-05	0.000329048	0.320595	0.0178159	0.282557	0.0	0.00228371	0.0	-0.00136944	0.00103189	1.58042	0.0	0.829239	0.0270665	0.575971	0.0422161	0.999918	1.98229	0.426973	0.0397157	0.0706224	0.00781744	0.190792	0.0172177	0.0994644	9.611	-4472.98	4.0	2.93548e-05	-16500.1	4.0	0.000108521	1.0	1109.91	38.4205	422.438	25.3471	0.27568	0.0146107	1095.03	7.35263	
0.0-1.2	6.5-30.0	40.0-50.0	0.000-1.571	0.016	0.048	1305.0	1287.0	989.815	33.6847	297.165	21.0238	-0.206134	0.23046	-0.05	0.0	0.494304	0.0	3.09238	0.0	0.0194509	0.0	0.0334414	0.00209084	0.03	0.0	1.492	0.0	5.0	0.0	1.733	0.0	0.0274326	0.000644463	1.43354e-05	8.22848e-05	0.316602	0.0201972	0.282557	0.0	0.00228371	0.0	-0.00329434	0.00141415	1.58042	0.0	0.884709	0.0411901	1.0	1.58204	0.999999	0.00110936	0.462039	0.0689338	0.0706713	5071.03	0.645817	0.109489	1.5844	70.7475	-2540.79	4.0	8.3582e-06	-9486.97	4.0	1.3809e-06	1.0	666.323	29.5531	323.492	21.9177	0.326821	0.0191474	1125.74	11.6121	
0.0-1.2	6.5-30.0	50.0-100.0	0.000-1.571	0.008	0.056	1198.0	1196.0	1051.32	33.8987	144.827	15.5768	-0.345602	0.338358	-0.05	0.0	0.494304	0.0	3.09238	0.0	0.0194509	0.0	0.032199	0.00172346	0.03	0.0	1.492	0.0	5.0	0.0	1.733	0.0	0.0266703	0.000526107	1.34486e-05	0.000306561	0.372124	0.0247199	0.282557	0.0	0.00228371	0.0	0.000932635	0.00111587	1.58042	0.0	0.763747	0.0338776	1.0	0.0137997	1.0	0.00973964	0.364576	0.0679042	0.185528	0.414425	0.218033	0.0318333	2.43429	2.09429	-3098.09	4.0	3.50963e-05	-9136.53	4.0	6.86414e-05	1.0	762.732	30.3993	288.591	20.1463	0.274503	0.0169962	1060.3	8.75365	
0.0-2.4	10.0-13.0	0.0-100.0	0.000-1.571	0.008	0.136	6742.0	6740.0	5005.98	79.7419	1733.92	55.553	-0.642028	0.100582	-0.05	0.0	0.401547	0.0697145	3.09097	0.000546715	0.0215027	0.00165509	0.0423962	0.0023951	0.03	0.0	1.492	0.0	5.0	0.0	1.733	0.0	0.0355154	0.0010962	1.25623e-05	9.06713e-05	0.392707	0.010811	0.0553454	0.0788853	0.000212513	0.0144851	0.000200647	0.000519422	2.09412	0.553674	0.946234	0.0156083	0.895263	0.16017	0.750589	0.754923	0.336473	0.228688	0.0705653	2.28419e-07	0.301081	0.0277643	0.0704709	0.0582106	-11869.5	4.0	8.43045e-05	-59395.1	7.0	1.57595e-05	1.0	3287.89	67.7822	1718.09	50.9942	0.343208	0.00859531	1043.32	73.0916	
0.0-2.4	10.0-30.0	0.0-100.0	0.000-1.571	0.004	0.144	10419.0	10417.0	7805.72	99.1383	2611.57	68.0725	-0.66904	0.0822089	-0.05	0.0	0.434138	0.0512224	3.09196	0.000430273	0.0215818	0.00122108	0.0446609	0.00205769	0.03	0.0	1.492	0.0	5.0	0.0	1.733	0.0	0.0364812	0.00090584	1.0177e-05	0.00195203	0.369881	0.00797027	0.0477214	0.0592155	-0.000892962	0.00748279	0.000216208	0.000396675	2.03646	0.461587	0.96513	0.0128474	0.915438	0.144977	0.817655	0.740418	0.364019	0.148964	0.0705986	1.00732e-06	0.302711	0.0242457	0.0704811	0.0579133	-18570.2	4.0	8.57948e-05	-96442.9	7.0	0.00010793	1.0	4964.39	83.5037	2841.33	65.5718	0.364006	0.00701389	1041.6	50.8392	
0.0-2.4	11.0-13.0	0.0-100.0	0.000-1.571	0.008	0.105	3583.0	3581.0	2747.46	58.4502	833.518	38.7621	-0.849944	0.146201	-0.05	0.0	0.500607	0.0722217	3.09051	0.000721121	0.0229108	0.0017047	0.0484465	0.00361114	0.03	0.0	1.492	0.0	5.0	0.0	1.733	0.0	0.0378797	0.00146658	4.93653e-05	0.000238442	0.457814	0.0156701	0.0328637	0.0389686	-0.000371389	0.0145275	0.00194428	0.000714949	2.53131	0.734887	0.995925	0.022263	0.786561	0.894002	0.968022	11.0709	0.370442	0.634702	0.0707771	0.0266221	0.303699	0.233105	0.0706767	5.54334e-06	-6040.06	4.0	2.81682e-06	-29464.9	7.0	6.64928e-05	1.0	1686.45	47.8979	1061.01	38.942	0.386178	0.0115499	1081.59	57.2404	
0.0-2.4	13.0-16.0	0.0-100.0	0.000-1.571	0.008	0.08	2229.0	2223.0	1766.42	46.4523	456.58	29.1208	-0.41483	0.196809	-0.05	0.0	0.423348	0.0672654	3.09383	0.000881082	0.0195425	0.00202593	0.0500777	0.00377291	0.03	0.0	1.492	0.0	5.0	0.0	1.733	0.0	0.0400973	0.0016384	1.00002e-05	0.000966722	0.42114	0.0188188	0.0326157	0.0670782	-0.00999634	0.0183094	0.00252257	0.00085798	1.86063	0.773549	1.03177	0.028247	0.85115	0.0506104	0.995305	1.1503	0.283079	0.0433077	0.0705965	1.09437e-09	0.228962	0.0149689	0.0704689	6.0588	-4100.91	4.0	0.000104255	-17289.3	7.0	1.01024e-06	1.0	1132.71	39.1359	633.706	30.3651	0.358752	0.01437	1068.99	45.5019	
0.0-2.4	13.0-30.0	0.0-100.0	0.000-1.571	0.008	0.105	3677.0	3677.0	2807.11	59.1147	870.022	39.4649	-0.723546	0.142726	-0.05	0.0	0.464607	0.0671062	3.09384	0.000700895	0.0212649	0.00169978	0.048196	0.00343261	0.03	0.0	1.492	0.0	5.0	0.0	1.733	0.0	0.0381278	0.00144055	2.10356e-05	0.0045896	0.333875	0.0115599	0.0347602	0.122355	-0.00537756	0.015369	0.000249217	0.000617347	1.80759	0.989032	0.993599	0.0222817	0.910655	0.121868	0.981801	0.746566	0.404694	0.0789596	0.0710733	0.0325988	0.307843	0.0306216	0.0705848	3.41925	-6736.18	4.0	1.52998e-05	-30293.4	7.0	5.97141e-05	1.0	1676.49	48.8704	1130.62	41.3372	0.40277	0.0120378	1032.71	74.6562	
0.0-2.4	16.0-30.0	0.0-100.0	0.000-1.571	0.008	0.064	1448.0	1446.0	1041.51	36.3595	404.499	26.171	-1.00468	0.209928	-0.05	0.0	0.291338	0.184475	3.0938	0.00121847	0.020593	0.00386119	0.0355291	0.0047595	0.03	0.0	1.492	0.0	5.0	0.0	1.733	0.0	0.0319077	0.00226407	5.46616e-05	1.05755	0.230845	0.0126785	0.461092	0.573416	0.00155876	0.00498774	6.72118e-05	0.00122941	1.33655	0.440517	0.780684	0.0437792	0.997967	0.558564	0.970761	0.993951	0.490316	0.090302	0.070444	2.66819e-08	0.391189	0.0615744	0.0708883	0.381135	-2697.34	4.0	9.11206	-10487.3	7.0	1.41782e-05	1.0	576.006	28.7346	465.504	26.1804	0.446951	0.019708	1073.37	201.92	
0.0-2.4	6.5-30.0	0.0-10.0	0.000-1.571	0.008	0.184	19191.0	19191.0	8886.0	111.71	10306.2	117.893	-0.189159	0.038496	-0.05	0.0	0.432343	0.0	3.09244	0.0	0.0479499	0.0	0.0242125	0.000572981	0.03	0.0	1.492	0.0	5.0	0.0	1.733	0.0	0.0364256	0.000108101	3.80561e-05	6.9663e-05	0.313208	0.00782985	0.19482	0.0	0.00388614	0.0	0.0020705	0.000440507	1.71004	0.0	0.989262	0.0117729	0.999991	0.103525	0.368967	0.0271377	0.55759	0.0242316	0.0706172	0.000604838	0.385997	0.0168738	0.0972643	0.00609645	-24653.9	4.0	6.23299e-05	-179351.0	4.0	8.2062e-05	1.0	6342.16	100.698	2543.84	69.325	0.286275	0.00692192	1165.2	4.02401	
0.0-2.4	6.5-30.0	0.0-100.0	0.000-1.571	0.004	0.128	50088.0	49962.0	28069.0	210.168	21893.2	194.784	-0.22386	0.0271259	-0.05	0.0	0.432343	0.0245957	3.09244	0.000252033	0.0479499	0.00112829	0.0241729	0.00049518	0.03	0.0	1.492	0.0	5.0	0.0	1.733	0.0	0.0364107	0.000442432	3.69757e-05	6.79802e-05	0.340136	0.00464292	0.19482	0.0809237	0.00388614	0.00250476	0.00209582	0.000246729	1.71004	0.123875	0.947054	0.00652306	0.656866	0.0173638	0.927225	0.0159952	0.580002	0.0109333	0.0706278	2.03884e-07	0.287507	0.0072666	0.30393	0.0446876	-73595.3	4.0	1.50798e-05	-522446.0	7.0	1.32257e-05	1.0	20086.6	182.752	7982.37	119.794	0.284384	0.00369868	1136.61	40.4541	
0.0-2.4	6.5-30.0	0.0-5.0	0.000-1.571	0.008	0.184	10434.0	10434.0	4822.05	82.5975	5612.62	87.251	-0.0538529	0.0520635	-0.05	0.0	0.432343	0.0	3.09244	0.0	0.0479499	0.0	0.0234527	0.000795353	0.03	0.0	1.492	0.0	5.0	0.0	1.733	0.0	0.0361423	0.000146485	3.80561e-05	6.9663e-05	0.337519	0.0111466	0.19482	0.0	0.00388614	0.0	0.00411391	0.000616961	1.71004	0.0	1.0487	0.0167416	0.70148	0.0942422	0.826958	0.11539	0.643724	0.0486072	0.0705416	0.0375798	0.217178	0.0140284	0.201078	0.049983	-13520.9	4.0	8.1792e-05	-91163.3	4.0	4.43286e-05	1.0	3463.71	74.393	1358.34	50.553	0.281694	0.00930729	1206.32	5.85934	
0.0-2.4	6.5-30.0	10.0-15.0	0.000-1.571	0.008	0.152	6548.0	6546.0	3395.89	67.691	3149.67	65.8463	-0.16095	0.0697574	-0.05	0.0	0.432343	0.0	3.09244	0.0	0.0479499	0.0	0.0237857	0.000856184	0.03	0.0	1.492	0.0	5.0	0.0	1.733	0.0	0.0362656	0.000159383	1.79985e-05	0.004591	0.333419	0.0123787	0.19482	0.0	0.00388614	0.0	0.00177719	0.000707679	1.71004	0.0	0.949339	0.0181149	0.671447	0.0698506	0.848155	0.0752761	0.577872	0.0399597	0.0707111	8.29286e-07	0.170792	0.0136456	0.211578	0.0484329	-9423.31	4.0	7.90118e-05	-54673.3	4.0	3.35612e-05	1.0	2370.88	60.2848	1025.01	42.6413	0.301839	0.0110214	1138.14	6.08308	
0.0-2.4	6.5-30.0	10.0-20.0	0.000-1.571	0.008	0.16	12054.0	12052.0	6539.51	92.8793	5512.48	87.1765	-0.169349	0.0527837	-0.05	0.0	0.432343	0.0	3.09244	0.0	0.0479499	0.0	0.0235756	0.000637637	0.03	0.0	1.492	0.0	5.0	0.0	1.733	0.0	0.0361877	0.000117905	1.00282e-05	0.000232918	0.380952	0.00999793	0.19482	0.0	0.00388614	0.0	0.000839923	0.000530395	1.71004	0.0	0.96993	0.0136094	0.701958	0.0450213	0.810872	0.0346824	0.584042	0.0248022	0.0706057	1.22342e-09	0.210623	0.0163085	0.38201	0.0451954	-16712.4	4.0	8.36586e-08	-108516.0	4.0	3.25884e-07	1.0	4516.95	81.8896	2022.56	58.4417	0.309283	0.00778262	1152.04	4.61292	
0.0-2.4	6.5-30.0	15.0-20.0	0.000-1.571	0.008	0.16	5505.0	5505.0	3138.86	63.4987	2365.78	57.0866	-0.179777	0.0806303	-0.05	0.0	0.432343	0.0	3.09244	0.0	0.0479499	0.0	0.0232609	0.000944109	0.03	0.0	1.492	0.0	5.0	0.0	1.733	0.0	0.0360719	0.000172796	1.00282e-05	0.000232918	0.428397	0.015645	0.19482	0.0	0.00388614	0.0	-0.000645258	0.000796939	1.71004	0.0	0.984987	0.0204309	0.786602	0.0976942	0.723071	0.0583738	0.584459	0.0421163	0.0706538	0.0288418	0.267441	0.0281708	0.417602	0.0586526	-7362.11	4.0	7.67956e-05	-45535.9	4.0	3.81415e-05	1.0	2128.04	55.3398	1010.82	40.3404	0.322034	0.0110784	1162.28	6.97062	
0.0-2.4	6.5-30.0	20.0-25.0	0.000-1.571	0.008	0.145	4534.0	4534.0	2702.08	58.2031	1831.7	50.1746	-0.267734	0.0919487	-0.05	0.0	0.432343	0.0	3.09244	0.0	0.0479499	0.0	0.0231867	0.000898552	0.03	0.0	1.492	0.0	5.0	0.0	1.733	0.0	0.0360448	0.000164057	3.69686e-05	0.0287936	0.352548	0.0153029	0.19482	0.0	0.00388614	0.0	0.000942055	0.00073015	1.71004	0.0	0.887784	0.0189493	0.657373	0.738204	0.93721	0.0526406	0.585472	0.291224	0.0707394	0.0953429	0.212748	0.0235861	0.491934	0.142833	-7455.92	4.0	4.74584e-05	-36846.0	4.0	2.91424e-05	1.0	1977.78	52.2738	724.294	34.0742	0.268051	0.0112109	1097.41	6.17154	
0.0-2.4	6.5-30.0	20.0-30.0	0.000-1.571	0.008	0.152	8357.0	8357.0	5115.1	79.9245	3241.84	67.1924	-0.17798	0.0690645	-0.05	0.0	0.432343	0.0	3.09244	0.0	0.0479499	0.0	0.0233648	0.000655024	0.03	0.0	1.492	0.0	5.0	0.0	1.733	0.0	0.03611	0.000120295	1.79985e-05	0.004591	0.412754	0.0125039	0.19482	0.0	0.00388614	0.0	0.00124877	0.000546294	1.71004	0.0	0.894922	0.0142567	0.685356	0.156676	0.964689	0.0163578	0.58951	0.100435	0.0704501	0.0344603	0.196198	0.0122308	0.480853	0.138931	-13450.7	4.0	0.000109577	-73212.8	4.0	4.40161e-06	1.0	3660.56	70.7958	1454.54	47.5089	0.284362	0.00815625	1102.07	4.66078	
0.0-2.4	6.5-30.0	25.0-30.0	0.000-1.571	0.008	0.136	3823.0	3819.0	2411.08	54.7587	1407.92	44.6694	-0.0598754	0.104767	-0.05	0.0	0.432343	0.0	3.09244	0.0	0.0479499	0.0	0.0235864	0.000971893	0.03	0.0	1.492	0.0	5.0	0.0	1.733	0.0	0.0361917	0.000179774	3.37928e-05	7.02542e-05	0.47043	0.0196431	0.19482	0.0	0.00388614	0.0	0.00157662	0.000825776	1.71004	0.0	0.908021	0.0217512	0.729725	0.0554011	0.996576	0.186824	0.617163	0.0355541	0.0705162	4.95954e-09	0.180946	0.0153441	0.0704498	1.75777e-08	-6014.27	4.0	4.32662e-07	-30570.8	4.0	2.4164e-06	1.0	1671.9	47.703	739.18	33.4008	0.306576	0.0119761	1110.66	7.15914	
0.0-2.4	6.5-30.0	30.0-35.0	0.000-1.571	0.008	0.128	2920.0	2918.0	1780.45	47.4406	1137.31	40.0935	-0.392932	0.117233	-0.05	0.0	0.432343	0.0	3.09244	0.0	0.0479499	0.0	0.0245863	0.00120349	0.03	0.0	1.492	0.0	5.0	0.0	1.733	0.0	0.0365675	0.000229666	3.69757e-05	6.79802e-05	0.325392	0.0191151	0.19482	0.0	0.00388614	0.0	0.00163094	0.00094929	1.71004	0.0	0.907371	0.0242468	0.651983	0.063928	0.999983	0.697985	0.532841	0.0558543	0.0704426	0.014931	0.292189	0.0251311	0.0704862	1.79899e-06	-4802.07	4.0	9.66993e-06	-22450.5	4.0	2.29908e-05	1.0	1353.5	43.7307	426.952	27.2241	0.2398	0.0138916	1110.23	7.97788	
0.0-2.4	6.5-30.0	30.0-40.0	0.000-1.571	0.008	0.128	5018.0	5015.0	3234.44	62.9058	1780.25	50.0299	-0.409541	0.0938977	-0.05	0.0	0.432343	0.0	3.09244	0.0	0.0479499	0.0	0.0241608	0.000834906	0.03	0.0	1.492	0.0	5.0	0.0	1.733	0.0	0.0364061	0.000157265	3.69757e-05	6.79802e-05	0.265597	0.0120508	0.19482	0.0	0.00388614	0.0	0.00113366	0.000694948	1.71004	0.0	0.850516	0.0175751	0.769182	0.0771299	0.673728	0.150905	0.444885	0.0667774	0.0706123	2.8442e-08	0.390536	0.0313001	0.0705195	0.0163467	-8652.52	4.0	1.61114e-06	-41666.2	4.0	2.41993e-05	1.0	2370.88	58.421	863.568	39.6095	0.266991	0.0110908	1073.38	5.60646	
0.0-2.4	6.5-30.0	35.0-40.0	0.000-1.571	0.008	0.12	2097.0	2097.0	1450.4	41.2992	646.522	30.0299	-0.435113	0.156186	-0.05	0.0	0.432343	0.0	3.09244	0.0	0.0479499	0.0	0.0236232	0.00114783	0.03	0.0	1.492	0.0	5.0	0.0	1.733	0.0	0.0362053	0.000212569	3.63218e-05	5.72307e-05	0.217231	0.0133184	0.19482	0.0	0.00388614	0.0	0.00095651	0.00101476	1.71004	0.0	0.797704	0.0253271	0.939449	0.148396	0.528685	0.14136	0.387062	0.0530942	0.087602	0.0531163	0.505323	0.0598219	0.074553	0.0140046	-3881.16	4.0	6.38074e-07	-15819.1	4.0	4.03435e-06	1.0	1009.53	38.5686	440.861	28.6145	0.303959	0.0177289	1040.22	7.81922	
0.0-2.4	6.5-30.0	40.0-45.0	0.000-1.571	0.008	0.12	1588.0	1587.0	1130.81	36.2853	456.131	25.3373	-0.371632	0.186119	-0.05	0.0	0.432343	0.0	3.09244	0.0	0.0479499	0.0	0.0233453	0.00118104	0.03	0.0	1.492	0.0	5.0	0.0	1.733	0.0	0.0361028	0.000216759	3.63218e-05	5.72307e-05	0.277458	0.0198603	0.19482	0.0	0.00388614	0.0	-0.00207674	0.00120362	1.71004	0.0	0.876438	0.0316245	1.0	0.0299226	0.769733	0.882394	0.435305	0.708753	0.0726038	0.00013224	0.58858	0.107491	0.0725522	0.195501	-2935.33	4.0	2.79235e-05	-11614.2	4.0	4.36419e-06	1.0	842.687	33.6807	288.121	22.1065	0.254792	0.0177576	1090.04	10.2368	
0.0-2.4	6.5-30.0	40.0-50.0	0.000-1.571	0.008	0.136	2849.0	2846.0	2072.78	48.9659	773.164	33.1377	-0.917046	0.146673	-0.05	0.0	0.432343	0.0	3.09244	0.0	0.0479499	0.0	0.0250878	0.000947277	0.03	0.0	1.492	0.0	5.0	0.0	1.733	0.0	0.0367603	0.000183491	3.37928e-05	7.02542e-05	0.292929	0.0141474	0.19482	0.0	0.00388614	0.0	-0.00293826	0.000908036	1.71004	0.0	0.873096	0.0245717	0.971504	0.034695	1.0	0.00338587	0.499851	0.0368619	0.0706231	1.25449e-06	0.447224	0.0327131	2.41945	6.04506	-5114.97	4.0	5.52208e-08	-22523.1	4.0	1.45349e-06	1.0	1462.91	44.5672	609.864	31.6145	0.294225	0.0135765	1087.88	7.93925	
0.0-2.4	6.5-30.0	45.0-50.0	0.000-1.571	0.008	0.136	1260.0	1259.0	946.889	32.9162	312.093	21.1819	-1.77747	0.248763	-0.05	0.0	0.432343	0.0	3.09244	0.0	0.0479499	0.0	0.0276467	0.00166859	0.03	0.0	1.492	0.0	5.0	0.0	1.733	0.0	0.0377879	0.000346495	3.37928e-05	7.02542e-05	0.310068	0.0199485	0.19482	0.0	0.00388614	0.0	-0.00369223	0.00131023	1.71004	0.0	0.80043	0.0370139	0.939812	0.110928	0.999871	6.51424	0.427762	0.0965998	0.0707047	3.36543e-09	0.299526	0.0287818	0.0706329	26.7573	-2223.29	4.0	1.76394e-06	-8968.65	4.0	1.24927e-06	1.0	618.688	29.1277	328.201	22.7164	0.34661	0.0207454	1041.91	11.4478	
0.0-2.4	6.5-30.0	5.0-10.0	0.000-1.571	0.008	0.112	8756.0	8722.0	4063.4	75.1548	4658.8	79.0171	-0.340679	0.057457	-0.05	0.0	0.432343	0.0	3.09244	0.0	0.0479499	0.0	0.0249957	0.000814502	0.03	0.0	1.492	0.0	5.0	0.0	1.733	0.0	0.0367247	0.000157346	3.69703e-05	0.0265992	0.294497	0.0109504	0.19482	0.0	0.00388614	0.0	0.000569326	0.000633872	1.71004	0.0	0.937354	0.0167992	1.0	0.112174	0.33327	0.0298193	0.466454	0.0346816	0.0704455	3.07827e-07	0.498483	0.0289481	0.0880235	0.00629114	-11235.0	4.0	4.34436e-05	-74654.5	4.0	1.08793e-05	1.0	2881.69	67.6877	1181.7	47.1018	0.290817	0.0102682	1130.11	5.6096	
0.0-2.4	6.5-30.0	50.0-100.0	0.000-1.571	0.008	0.088	2617.0	2596.0	2173.6	49.1116	422.328	25.7053	-0.530008	0.198475	-0.05	0.0	0.432343	0.0	3.09244	0.0	0.0479499	0.0	0.0250603	0.000990825	0.03	0.0	1.492	0.0	5.0	0.0	1.733	0.0	0.0367497	0.000191772	3.69533e-05	0.0259228	0.332777	0.0166086	0.19482	0.0	0.00388614	0.0	0.00243339	0.000859219	1.71004	0.0	0.859236	0.02349	0.999999	6.82491	0.999997	147217.0	0.426647	873.583	0.0705822	6.1523e-06	0.247093	95.4691	0.0704702	920016.0	-5728.88	4.0	3.89523e-06	-20962.9	4.0	3.52575e-06	1.0	1628.09	45.3435	545.504	29.2357	0.250968	0.0121966	1078.96	7.531	
0.0-2.4	6.5-30.0	50.0-55.0	0.000-1.571	0.008	0.08	926.0	916.0	753.411	29.0423	162.549	15.8939	-0.367435	0.316174	-0.05	0.0	0.432343	0.0	3.09244	0.0	0.0479499	0.0	0.0257893	0.0016443	0.03	0.0	1.492	0.0	5.0	0.0	1.733	0.0	0.0370349	0.000324987	1.00002e-05	2.73951e-05	0.275147	0.025157	0.19482	0.0	0.00388614	0.0	0.00124827	0.00168716	1.71004	0.0	0.986879	0.0496534	1.0	0.0141747	1.0	0.0784251	0.500364	0.0749656	0.356014	0.310231	0.22325	0.0377036	0.0717073	4.16717e-05	-2044.11	4.0	3.94297e-05	-6403.73	4.0	3.33346e-06	1.0	577.681	27.682	175.73	17.7849	0.233245	0.0218265	1163.57	16.9545	
0.0-2.4	6.5-30.0	50.0-60.0	0.000-1.571	0.008	0.08	1484.0	1471.0	1223.2	36.9826	247.761	19.8072	-0.437213	0.258138	-0.05	0.0	0.432343	0.0	3.09244	0.0	0.0479499	0.0	0.0263744	0.0013233	0.03	0.0	1.492	0.0	5.0	0.0	1.733	0.0	0.037268	0.000265804	1.00002e-05	2.73951e-05	0.24739	0.0177769	0.19482	0.0	0.00388614	0.0	0.00261583	0.00123008	1.71004	0.0	0.910853	0.0342984	1.0	4.78951	1.0	0.0164286	0.498222	0.0244416	0.0759868	9.65596	0.288734	0.0163133	0.070607	1.23726e-06	-3316.02	4.0	7.32046e-07	-10991.8	4.0	3.07018e-06	1.0	930.599	35.2938	292.597	23.071	0.239207	0.0174196	1112.53	11.3051	
0.0-2.4	6.5-30.0	55.0-60.0	0.000-1.571	0.008	0.073	558.0	552.0	467.992	22.8232	84.0113	11.7017	-0.587577	0.447821	-0.05	0.0	0.432343	0.0	3.09244	0.0	0.0479499	0.0	0.0272539	0.00230748	0.03	0.0	1.492	0.0	5.0	0.0	1.733	0.0	0.0376256	0.000474395	3.34445e-05	6.9324e-05	0.204717	0.0240133	0.19482	0.0	0.00388614	0.0	0.004237	0.00176693	1.71004	0.0	0.811563	0.0467384	0.999999	3.80922	1.0	0.0754285	0.449637	0.0555187	0.0710975	4.92407	0.400967	0.0515737	0.0705356	2.21186e-06	-1279.71	4.0	3.45069e-06	-3595.83	4.0	4.57726e-06	1.0	351.416	21.8751	116.575	14.7352	0.249097	0.0290483	1048.82	14.5599	
0.0-2.4	6.5-30.0	60.0-100.0	0.000-1.571	0.008	0.088	1133.0	1120.0	944.609	32.2026	175.397	16.3649	-0.66593	0.30816	-0.05	0.0	0.432343	0.0	3.09244	0.0	0.0479499	0.0	0.0228153	0.00136894	0.03	0.0	1.492	0.0	5.0	0.0	1.733	0.0	0.03591	0.000246861	3.69533e-05	0.0259228	0.418014	0.0290124	0.19482	0.0	0.00388614	0.0	0.00189084	0.00119307	1.71004	0.0	0.794858	0.0314116	0.994913	0.0498064	0.998922	0.898875	0.321833	0.126746	0.070636	2.59285e-06	0.202774	0.0234618	0.0706858	2.57079	-2429.42	4.0	8.16346e-06	-8158.15	4.0	2.30828e-07	1.0	682.492	28.7862	262.117	19.1612	0.277488	0.0179439	1038.47	9.67945	
0.0-2.4	6.5-30.0	60.0-70.0	0.000-1.571	0.008	0.088	749.0	738.0	628.38	26.1279	109.706	12.8058	-0.783967	0.390498	-0.05	0.0	0.432343	0.0	3.09244	0.0	0.0479499	0.0	0.0197723	0.00135393	0.03	0.0	1.492	0.0	5.0	0.0	1.733	0.0	0.0348707	0.000217896	3.69533e-05	0.0259228	0.460898	0.0376115	0.19482	0.0	0.00388614	0.0	0.00212567	0.00145227	1.71004	0.0	0.76894	0.0383749	0.939631	0.0503144	0.917341	0.895022	0.356859	0.345996	0.0704423	1.01275e-08	0.191189	0.0466349	0.07045	4.09024	-1609.19	4.0	4.9316e-06	-5109.18	4.0	2.86443e-05	1.0	442.529	23.0064	185.851	15.8253	0.295763	0.0219776	1022.63	11.6167	
0.0-2.4	6.5-30.0	70.0-100.0	0.000-1.571	0.016	0.073	384.0	380.0	314.619	18.7517	65.3514	10.1182	-0.482096	0.498327	-0.05	0.0	0.432343	0.0	3.09244	0.0	0.0479499	0.0	0.0283771	0.0026589	0.03	0.0	1.492	0.0	5.0	0.0	1.733	0.0	0.038094	0.000562172	3.69173e-05	0.0282483	0.313483	0.0403941	0.19482	0.0	0.00388614	0.0	0.00224109	0.00216901	1.71004	0.0	0.82985	0.0575043	0.839619	35.9892	0.999968	118.237	0.00438347	45.2126	0.0707677	7.72435	0.160824	2.98211	0.0724437	1559.76	-826.551	4.0	4.3316e-05	-2321.87	4.0	1.05347e-05	1.0	234.879	17.2186	79.7399	11.0947	0.253449	0.0318648	1060.28	18.1194	
0.0-2.4	6.5-7.5	0.0-100.0	0.000-1.571	0.016	0.16	19055.0	19051.0	7940.87	134.811	11109.9	146.054	-0.0651405	0.0383429	-0.05	0.0	0.407288	0.0729544	3.09101	0.000559335	0.0504469	0.00345101	0.0272736	0.00130458	0.03	0.0	1.492	0.0	5.0	0.0	1.733	0.0	0.0384368	0.001287	8.17783e-05	0.000350179	0.239442	0.00806406	0.206936	0.0943215	0.00999971	0.0031414	0.00374417	0.000479144	1.88995	0.200823	0.994874	0.0106067	0.514382	0.0308444	0.844284	0.0369176	0.68025	0.0191852	0.0706028	0.00766196	0.302676	0.0187804	0.346723	0.0560044	-25019.0	4.0	4.06889e-08	-176380.0	7.0	7.13416e-05	1.0	6269.93	121.534	1670.94	65.1525	0.210423	0.00738619	1234.55	58.7862	
0.0-2.4	6.5-8.0	0.0-100.0	0.000-1.571	0.016	0.16	25735.0	25729.0	11575.2	153.937	14154.4	162.063	-0.117629	0.0339258	-0.05	0.0	0.418662	0.056008	3.09156	0.000443075	0.0492209	0.00244266	0.0267916	0.00100786	0.03	0.0	1.492	0.0	5.0	0.0	1.733	0.0	0.037836	0.000939987	2.99332e-05	0.00458551	0.303906	0.00764436	0.247328	0.092515	0.00999999	0.0035556	0.0031498	0.000410806	1.76918	0.144226	0.947286	0.00940347	0.528865	0.0233006	0.868898	0.0254718	0.638506	0.0147925	0.070606	1.63311e-08	0.267462	0.0132008	0.338569	0.0446406	-34311.0	4.0	3.20762e-06	-247165.0	7.0	8.44483e-05	1.0	8972.34	136.884	2602.91	75.4851	0.224868	0.00579515	1203.97	50.341	
0.0-2.4	6.5-8.5	0.0-100.0	0.000-1.571	0.016	0.16	30834.0	30813.0	14644.9	164.736	16168.2	169.295	-0.145426	0.0316327	-0.05	0.0	0.413379	0.0430176	3.09138	0.000381902	0.0501541	0.00199664	0.0258758	0.000831964	0.03	0.0	1.492	0.0	5.0	0.0	1.733	0.0	0.0378497	0.000775849	7.56762e-05	0.000240875	0.321177	0.00734049	0.226798	0.0773955	0.00999999	0.00269626	0.00310081	0.00036202	1.75627	0.126619	0.959179	0.00853655	0.549681	0.021821	0.878676	0.0223354	0.632296	0.0134532	0.070587	1.52919e-09	0.293057	0.0112719	0.331412	0.0393798	-41891.1	4.0	3.6957e-06	-302709.0	7.0	3.51632e-05	1.0	11311.4	147.263	3333.5	83.0832	0.227622	0.00506252	1187.82	41.2421	
0.0-2.4	7.5-8.5	0.0-100.0	0.000-1.571	0.008	0.184	11778.0	11778.0	6695.53	101.039	5082.48	92.6602	-0.331046	0.0565002	-0.05	0.0	0.437934	0.0519968	3.09167	0.00051958	0.0488629	0.00218405	0.0240646	0.00110873	0.03	0.0	1.492	0.0	5.0	0.0	1.733	0.0	0.0370284	0.000917797	8.69412e-05	0.000593911	0.399214	0.0117023	0.237333	0.116679	0.00999999	0.0164169	0.0018142	0.000546954	1.6166	0.148917	0.918608	0.0141715	0.628286	0.0323304	0.907952	0.025853	0.55559	0.0227116	0.0706148	4.21246e-07	0.281468	0.0139075	0.342135	0.0616555	-17162.9	4.0	2.96284e-06	-106221.0	7.0	8.01052e-06	1.0	4958.4	89.2277	1737.13	55.2273	0.259446	0.00725998	1124.2	52.6637	
0.0-2.4	8.0-10.0	0.0-100.0	0.000-1.571	0.008	0.184	13933.0	13933.0	8888.36	113.689	5045.27	95.2926	-0.253085	0.0568102	-0.05	0.0	0.410126	0.0386905	3.09313	0.000424073	0.0504901	0.00208559	0.0230241	0.000840828	0.03	0.0	1.492	0.0	5.0	0.0	1.733	0.0	0.0368539	0.000805072	8.20597e-05	0.000220638	0.339679	0.0084145	0.223708	0.161679	0.000490489	0.00440365	0.00205504	0.000465039	1.60773	0.189825	0.932814	0.0126349	0.768289	0.0347223	0.938231	0.0187121	0.586582	0.0208924	0.070636	5.39923e-07	0.337753	0.0144638	0.428981	0.0925044	-22091.2	4.0	4.33468e-07	-129800.0	7.0	9.6283e-05	1.0	6296.85	99.2128	2591.51	66.7454	0.291562	0.00651781	1119.7	69.1185	
0.0-2.4	8.5-9.5	0.0-100.0	0.000-1.571	0.008	0.12	6480.0	6470.0	4153.46	77.4408	2316.5	64.4919	-0.184474	0.0836661	-0.05	0.0	0.497654	0.0675725	3.09463	0.00061032	0.0431401	0.00228696	0.0226837	0.00127305	0.03	0.0	1.492	0.0	5.0	0.0	1.733	0.0	0.0344187	0.000994938	6.95629e-05	0.856416	0.298453	0.00962604	0.195257	0.140777	-0.00999932	0.0168172	0.00211347	0.000671361	1.55521	0.187671	0.923244	0.0180254	0.760758	0.0819009	0.999821	1.7433	0.548197	0.0457707	0.0714954	0.0181398	0.256621	0.0155538	0.0754503	3.44241e-05	-10736.5	4.0	1.64257e-06	-55550.9	7.0	7.28986e-06	1.0	2804.34	66.5445	1349.12	48.2393	0.324819	0.00991025	1076.2	57.9947	
0.0-2.4	9.5-11.0	0.0-100.0	0.000-1.571	0.008	0.136	5512.0	5509.0	3844.41	72.9877	1664.56	56.1029	-0.365015	0.100215	-0.05	0.0	0.385168	0.0630474	3.09265	0.000620797	0.0485431	0.00301662	0.0234953	0.00137937	0.03	0.0	1.492	0.0	5.0	0.0	1.733	0.0	0.0353133	0.00116876	1.00134e-05	0.000394123	0.33745	0.0122275	0.411816	0.288493	0.0022233	0.00388478	7.25261e-06	0.0007278	1.51553	0.180886	0.763141	0.0207111	0.999992	3.1123	0.670955	0.0808298	0.45955	0.053312	0.0710508	4.13035e-08	0.378158	0.0252333	0.104937	0.0246951	-9610.76	4.0	3.96121e-06	-46922.7	7.0	4.91677e-05	1.0	2736.99	63.7535	1107.42	42.502	0.28806	0.0096081	1135.09	119.82	
0.4-0.8	6.5-30.0	0.0-100.0	0.000-1.571	0.008	0.073	6331.0	6331.0	4232.56	73.8634	2098.41	57.6329	0.0552502	0.0881082	-0.05	0.0	0.509645	0.059851	3.09299	0.000450724	0.017986	0.000803914	0.0362329	0.00256284	0.03	0.0	1.492	0.0	5.0	0.0	1.733	0.0	0.0284362	0.000963742	1.07909e-05	6.48731e-06	0.45265	0.0135516	0.164736	0.163076	-0.00113548	0.00593586	-0.000491448	0.000587081	1.82366	0.359661	0.943579	0.0176527	0.761079	0.0425071	0.839346	0.0358904	0.499677	0.0283715	0.070609	7.57472e-09	0.272539	0.0293291	0.507568	0.0995342	-10382.4	4.0	4.6933e-05	-55220.4	7.0	6.78532e-06	1.0	2754.83	61.4531	1477.73	46.1551	0.349134	0.00904386	1136.46	99.6513	
0.8-1.2	6.5-30.0	0.0-100.0	0.000-1.571	0.008	0.105	9343.0	9339.0	5328.12	94.4657	4010.81	87.2113	0.00748893	0.067839	-0.05	0.0	0.453908	0.0948883	3.09228	0.000578779	0.0328052	0.00473393	0.0308126	0.00448559	0.03	0.0	1.492	0.0	5.0	0.0	1.733	0.0	0.0317325	0.00163003	3.76156e-05	0.000218351	0.309767	0.00969561	0.510138	0.279061	0.00698866	0.00378923	-0.00031354	0.000670267	1.44442	0.131788	0.74269	0.0182748	0.579257	0.0604395	0.930254	0.0280021	0.574404	0.0453011	0.0706117	0.0145203	0.229742	0.0161682	0.339813	0.0961685	-15374.4	4.0	1.59778e-05	-82462.7	7.0	3.11675e-05	1.0	3876.09	81.3999	1452.03	50.6559	0.272522	0.00818796	1155.22	101.812	
1.2-1.6	6.5-30.0	0.0-10.0	0.000-1.571	0.008	0.136	4739.0	4733.0	1979.84	53.9207	2753.55	60.6702	-0.16643	0.0742552	-0.05	0.0	0.604458	0.0	3.09132	0.0	0.0436198	0.0	0.0307751	0.00210237	0.03	0.0	1.492	0.0	5.0	0.0	1.733	0.0	0.0390476	0.000327701	2.31047e-05	0.000294422	0.300493	0.0157277	0.103775	0.0	0.00999984	0.0	0.00235638	0.000785567	2.09199	0.0	0.897267	0.0206141	0.999959	0.139001	0.334894	0.0407052	0.436919	0.0548595	0.0724139	0.771023	0.541852	0.0389636	0.0777638	0.00751417	-5506.04	4.0	4.30094e-05	-37235.9	4.0	0.000101899	1.0	1379.78	48.1935	600.056	34.3157	0.303083	0.0152408	1084.3	7.64407	
1.2-1.6	6.5-30.0	0.0-100.0	0.000-1.571	0.008	0.136	12060.0	12045.0	6277.52	107.16	5767.16	104.73	-0.25249	0.0543187	-0.05	0.0	0.604458	0.0909525	3.09132	0.000652615	0.0436198	0.00178393	0.0304269	0.00204556	0.03	0.0	1.492	0.0	5.0	0.0	1.733	0.0	0.0389395	0.000888875	2.31047e-05	0.000294422	0.284617	0.00879116	0.103775	0.0507441	0.00999984	0.0195355	0.00225214	0.000478485	2.09199	0.256609	0.949056	0.0123119	0.843712	0.100562	0.483351	0.0844305	0.468007	0.0297481	0.0705956	3.74922e-07	0.437214	0.0223105	0.0704748	1.07288e-10	-16884.7	4.0	8.71668e-05	-107757.0	7.0	3.15231e-05	1.0	4573.65	93.4881	1703.87	59.0802	0.271425	0.00819185	1123.12	46.6706	
1.2-1.6	6.5-30.0	10.0-20.0	0.000-1.571	0.008	0.128	2763.0	2756.0	1415.95	45.4913	1339.98	44.6475	-0.22641	0.106937	-0.05	0.0	0.604458	0.0	3.09132	0.0	0.0436198	0.0	0.0367233	0.00374938	0.03	0.0	1.492	0.0	5.0	0.0	1.733	0.0	0.0410308	0.000663673	2.94195e-05	0.000284662	0.222451	0.0137527	0.103775	0.0	0.00999984	0.0	0.00289436	0.00108414	2.09199	0.0	1.03406	0.0271621	0.59631	0.0739966	0.999993	0.645325	0.636764	0.047748	0.098805	0.0178337	0.217705	0.0233294	0.145996	3.52955	-4066.78	4.0	3.32517e-05	-20500.1	4.0	5.2311e-06	1.0	987.219	41.6883	428.728	30.3588	0.302785	0.0191068	1188.48	10.5902	
1.2-1.6	6.5-30.0	20.0-30.0	0.000-1.571	0.008	0.105	2024.0	2018.0	1183.99	38.5853	833.866	33.7441	-0.0975657	0.135542	-0.05	0.0	0.604458	0.0	3.09132	0.0	0.0436198	0.0	0.0258649	0.00219018	0.03	0.0	1.492	0.0	5.0	0.0	1.733	0.0	0.0376126	0.000297864	1.00889e-05	0.00459463	0.32644	0.0221861	0.103775	0.0	0.00999984	0.0	-0.00193199	0.00107612	2.09199	0.0	1.00251	0.0253714	0.898027	0.265087	0.998395	4.45553	0.711546	0.112062	0.0706993	2.32483e-06	0.153791	0.0362672	0.0705137	19.6184	-3481.41	4.0	1.1761e-05	-14700.8	4.0	1.86673e-05	1.0	878.911	35.3358	305.084	22.9576	0.257674	0.0174773	1164.0	9.7919	
1.2-1.6	6.5-30.0	30.0-40.0	0.000-1.571	0.008	0.12	1248.0	1238.0	695.657	29.8985	542.352	27.2128	-0.304719	0.168205	-0.05	0.0	0.604458	0.0	3.09132	0.0	0.0436198	0.0	0.0280088	0.00319395	0.03	0.0	1.492	0.0	5.0	0.0	1.733	0.0	0.0382151	0.000462968	1.72747e-05	0.00459133	0.246861	0.0305232	0.103775	0.0	0.00999984	0.0	0.00534427	0.00137396	2.09199	0.0	0.901338	0.0356534	0.902366	0.103591	0.686625	0.170386	0.308624	0.0812984	0.0921184	0.037356	0.535811	0.0561064	0.070467	3.27457e-09	-1819.63	4.0	2.23368e-06	-8348.22	4.0	2.08955e-05	1.0	566.419	29.3134	129.238	17.248	0.185778	0.023473	1087.32	13.244	
1.2-1.6	6.5-30.0	40.0-50.0	0.000-1.571	0.016	0.064	653.0	639.0	471.223	23.2765	167.837	15.4396	-2.05718	0.353207	-0.05	0.0	0.604458	0.0	3.09132	0.0	0.0436198	0.0	0.0306066	0.00430563	0.03	0.0	1.492	0.0	5.0	0.0	1.733	0.0	0.0389952	0.000668348	2.95545e-05	0.000300613	0.294678	0.0324035	0.103775	0.0	0.00999984	0.0	-0.00409513	0.00199381	2.09199	0.0	1.00407	0.0541954	0.999998	3.28685	0.948451	0.113016	0.43269	0.0407399	0.170234	7.93692	0.324236	0.0272285	0.111203	0.0919524	-1171.51	4.0	2.89094e-05	-4097.47	4.0	1.3801e-05	1.0	346.786	21.8739	124.437	14.9271	0.264072	0.028867	1165.21	20.9272	
1.2-1.6	6.5-30.0	50.0-100.0	0.000-1.571	0.016	0.073	631.0	626.0	513.056	23.6697	112.942	12.6551	-1.26065	0.389392	-0.05	0.0	0.604458	0.0	3.09132	0.0	0.0436198	0.0	0.0287721	0.00281587	0.03	0.0	1.492	0.0	5.0	0.0	1.733	0.0	0.0384387	0.000416848	1.01642e-05	0.000817577	0.361779	0.037081	0.103775	0.0	0.00999984	0.0	0.00532112	0.00187506	2.09199	0.0	0.997791	0.0526502	0.999925	4.56993	0.999954	0.0519993	0.45129	0.0961431	0.0705456	6.48611	0.301548	0.034427	0.0707447	1.68213e-05	-1257.42	4.0	1.47269e-05	-4138.61	4.0	7.0216e-07	1.0	386.147	21.8297	126.91	13.9087	0.24736	0.0245904	1160.36	20.2878	
1.6-2.0	6.5-30.0	0.0-100.0	0.000-1.571	0.008	0.16	12495.0	12478.0	6233.28	120.846	6244.73	120.88	-0.422407	0.0551305	-0.05	0.0	0.552455	0.1167	3.09089	0.000792492	0.0541229	0.00275293	0.0342991	0.00329115	0.03	0.0	1.492	0.0	5.0	0.0	1.733	0.0	0.0463121	0.00151875	2.61437e-05	0.00458725	0.276021	0.00936643	0.462154	0.274076	0.00485629	0.00340939	0.00424407	1.31089e-07	1.4787	0.146906	0.881364	0.0167641	0.711908	0.051347	0.838068	0.0453658	0.652559	0.0273593	0.0704381	0.015537	0.239759	0.0134185	0.307844	0.0481335	-16769.1	4.0	5.58746e-05	-110997.0	7.0	1.57094e-05	1.0	4830.21	105.921	1403.06	56.4783	0.225092	0.00794064	1195.13	91.1469	
1.6-2.4	3.0-30.0	0.0-100.0	0.000-1.571	0.008	0.264	245070.0	245060.0	46976.6	402.359	198083.0	559.438	0.152457	0.00879104	-0.05	0.0	0.0358616	0.00697437	3.09002	0.000420481	0.012334	0.00142206	0.0526334	0.00063083	0.03	0.0	1.89	0.0	5.0	0.0	1.44	0.0	0.0517338	0.000321786	1.05692e-05	6.49144e-05	0.293295	0.0054658	0.19593	0.106578	0.00823221	0.0041731	0.00939238	0.000193152	1.71895	0.159922	1.00133	0.00280193	0.920465	0.0190808	0.741501	0.0109815	0.768802	0.00709406	0.0707782	2.15086e-08	0.170248	0.00651698	0.468673	0.00985262	-208829.0	4.0	8.45839e-06	-2835460.0	7.0	0.100101	1.0	39475.2	380.545	7501.35	186.077	0.159683	0.00371745	1176.92	49.7762	
1.6-2.4	3.0-4.5	0.0-100.0	0.000-1.571	0.016	0.264	171992.0	171986.0	25718.5	405.374	146270.0	532.449	0.346104	0.0103155	-0.05	0.0	0.146866	0.039053	3.08938	0.000706668	0.1	0.00189598	0.0499013	0.00104729	0.03	0.0	1.86	0.0	5.0	0.0	1.38	0.0	0.0599424	0.0012994	8.85777e-05	0.0369611	0.316997	0.00967629	0.101357	0.069759	0.0499991	0.0925249	0.00731038	0.000236302	1.84755	0.275177	1.03488	0.00310494	0.949003	0.0220269	0.737166	0.0128361	0.704687	0.0127945	0.0711245	3.22121e-07	0.100644	0.00403863	0.470821	0.00979085	-137787.0	4.0	5.91346e-07	-1925490.0	7.0	0.00549751	1.0	22642.2	379.031	3076.31	136.56	0.119615	0.00496379	1143.85	42.243	
1.6-2.4	3.0-5.5	0.0-100.0	0.000-1.571	0.016	0.264	209971.0	209961.0	32912.9	971.848	177049.0	993.385	0.226349	0.0148668	-0.05	0.0	3.11197e-10	0.973192	3.08951	0.000541005	0.0477205	0.0586611	0.0516398	0.00162926	0.03	0.0	1.86	0.0	5.0	0.0	1.38	0.0	0.0516398	0.00200747	1.55371e-05	0.00459213	0.324359	0.0078898	0.125652	0.0884483	0.0251244	0.0167426	0.00875097	0.000210668	1.92178	0.271466	1.03321	0.00283691	0.971985	0.033773	0.716232	0.025563	0.754546	0.0284344	0.0707411	1.51487e-08	0.1236	0.0154858	0.475078	0.0122854	-171273.0	4.0	1.93484e-05	-2393260.0	7.0	0.000410492	1.0	28404.7	850.851	4508.19	195.444	0.136973	0.00434791	1182.14	56.4109	
1.6-2.4	3.0-6.5	0.0-10.0	0.000-1.571	0.016	0.264	96501.0	96491.0	10747.5	213.736	85742.6	346.951	0.0681954	0.0132126	-0.05	0.0	0.770728	0.0	3.08978	0.0	0.0464884	0.0	0.0568155	0.00483681	0.03	0.0	1.86	0.0	5.0	0.0	1.38	0.0	0.0490486	0.000642274	1.3729e-05	0.00459296	0.238866	0.0130942	0.173641	0.0	0.0248856	0.0	0.0124786	0.000329105	1.74699	0.0	1.07203	0.00466519	0.879153	0.0746742	0.618159	0.0384268	0.818076	0.00866412	0.0709884	3.0542e-08	0.399479	0.0113499	0.357248	0.0165812	-68411.1	4.0	7.34068e-07	-1023310.0	4.0	0.0011641	1.0	9149.66	210.519	1597.81	110.537	0.148669	0.00985079	1216.41	1.69878	
1.6-2.4	3.0-6.5	0.0-100.0	0.000-1.571	0.016	0.264	228321.0	228311.0	37827.0	500.896	190481.0	633.157	0.154209	0.00899163	-0.05	0.0	0.770728	0.0351825	3.08978	0.000518478	0.0464884	0.000842386	0.09	0.00275686	0.03	0.0	1.86	0.0	5.0	0.0	1.38	0.0	0.059353	0.00103385	1.3729e-05	0.00459296	0.287965	0.00697897	0.173641	0.119565	0.0248856	0.0127773	0.0119561	0.000206963	1.74699	0.202734	1.04157	0.00287366	0.806374	0.0265201	0.714471	0.0156716	0.810111	0.00608139	0.0705939	1.50858e-08	0.236488	0.00836727	0.437949	0.0124495	-188756.0	4.0	1.17796e-05	-2622640.0	7.0	0.00276057	1.0	32765.3	462.049	5061.66	172.447	0.133811	0.00420039	1194.34	55.5671	
1.6-2.4	3.0-6.5	0.0-20.0	0.000-1.571	0.016	0.264	182243.0	182233.0	25194.9	275.944	157038.0	456.046	0.159228	0.0097748	-0.05	0.0	0.770728	0.0	3.08978	0.0	0.0464884	0.0	0.09	0.0016317	0.03	0.0	1.86	0.0	5.0	0.0	1.38	0.0	0.059353	0.000283636	1.3729e-05	0.00459296	0.253524	0.00879576	0.173641	0.0	0.0248856	0.0	0.0140325	0.000237732	1.74699	0.0	1.06609	0.00326413	0.79958	0.0346343	0.692163	0.0207177	0.830565	0.005688	0.0705579	7.19646e-09	0.30609	0.0080093	0.407462	0.0138621	-144858.0	4.0	1.95292e-06	-2050040.0	4.0	1.8631e-06	1.0	21941.7	280.451	3253.28	148.902	0.129124	0.00573831	1212.08	1.18622	
1.6-2.4	3.0-6.5	10.0-20.0	0.000-1.571	0.016	0.209	85742.0	85583.0	13856.1	195.007	71726.9	309.522	0.282486	0.0144801	-0.05	0.0	0.770728	0.0	3.08978	0.0	0.0464884	0.0	0.09	0.000654625	0.03	0.0	1.86	0.0	5.0	0.0	1.38	0.0	0.059353	0.000113792	1.37782e-05	0.00459294	0.288396	0.0113205	0.173641	0.0	0.0248856	0.0	0.0124408	0.000339957	1.74699	0.0	1.0191	0.00451308	0.804188	0.0317005	0.828609	0.0156661	0.772031	0.0131179	0.0707417	2.77461e-08	0.132221	0.00761121	0.44182	0.0200038	-77449.8	4.0	1.03076e-06	-899129.0	4.0	1.27295e-06	1.0	12191.4	193.378	1664.7	92.222	0.120142	0.00643736	1178.21	1.6129	
1.6-2.4	3.0-6.5	20.0-30.0	0.000-1.571	0.016	0.192	25288.0	25282.0	5146.05	136.015	20136.8	182.951	0.0777552	0.0274234	-0.05	0.0	0.770728	0.0	3.08978	0.0	0.0464884	0.0	0.078921	0.00914321	0.03	0.0	1.86	0.0	5.0	0.0	1.38	0.0	0.055621	0.00148721	1.37746e-05	0.00459294	0.28273	0.0133667	0.173641	0.0	0.0248856	0.0	-0.000880886	0.000597029	1.74699	0.0	0.951543	0.00851225	0.931929	0.0491158	0.784307	0.0278909	0.613709	0.0346756	0.0708784	1.15102e-07	0.0841031	0.00597057	0.378429	0.0228079	-23048.5	4.0	6.11535e-07	-235292.0	4.0	0.000168787	1.0	4165.03	124.913	981.024	64.4727	0.190636	0.0114707	1130.56	2.96018	
1.6-2.4	3.0-6.5	20.0-40.0	0.000-1.571	0.016	0.192	37399.0	37385.0	8495.4	173.694	28891.5	224.794	0.0903923	0.0229151	-0.05	0.0	0.770728	0.0	3.08978	0.0	0.0464884	0.0	0.0753323	0.00737996	0.03	0.0	1.86	0.0	5.0	0.0	1.38	0.0	0.0544682	0.00117007	1.37746e-05	0.00459294	0.310018	0.011651	0.173641	0.0	0.0248856	0.0	0.00102081	0.000482093	1.74699	0.0	0.947365	0.00693191	0.898637	0.0408985	0.795075	0.0244361	0.643867	0.0242599	0.0707835	1.42728e-07	0.0932335	0.00526326	0.355708	0.020027	-35107.5	4.0	2.47441e-06	-363162.0	4.0	0.000413718	1.0	6989.83	159.341	1505.56	76.8984	0.177221	0.00829491	1127.66	2.40621	
1.6-2.4	3.0-6.5	30.0-40.0	0.000-1.571	0.016	0.152	12111.0	11990.0	3133.18	79.8255	8856.68	109.976	0.158796	0.0411641	-0.05	0.0	0.770728	0.0	3.08978	0.0	0.0464884	0.0	0.0370808	0.00526788	0.03	0.0	1.86	0.0	5.0	0.0	1.38	0.0	0.0445075	0.00050312	1.3843e-05	0.00459291	0.368093	0.022847	0.173641	0.0	0.0248856	0.0	0.00518804	0.000817266	1.74699	0.0	0.936128	0.0117805	0.999993	0.0790369	0.471201	0.0915023	0.702563	0.0381768	0.0709248	6.02009e-05	0.165645	0.0138045	0.104235	0.0176175	-12458.4	4.0	8.82541e-05	-103335.0	4.0	2.25713e-06	1.0	2638.83	76.9419	494.354	39.4808	0.15778	0.0119425	1119.87	4.06882	
1.6-2.4	3.0-6.5	40.0-100.0	0.000-1.571	0.016	0.168	8678.0	8673.0	3720.74	76.779	4952.22	84.4171	0.414617	0.0554182	-0.05	0.0	0.770728	0.0	3.08978	0.0	0.0464884	0.0	0.0532223	0.0039008	0.03	0.0	1.86	0.0	5.0	0.0	1.38	0.0	0.0481156	0.000494632	1.33924e-05	0.00459311	0.337613	0.0195234	0.173641	0.0	0.0248856	0.0	0.00466857	0.000830754	1.74699	0.0	0.838414	0.0121105	0.934816	0.337872	0.791605	0.202461	0.66468	0.108033	0.0707423	0.0480357	0.177833	0.0341684	0.248997	0.138718	-10337.6	4.0	1.62126e-05	-73307.0	4.0	5.48715e-05	1.0	3168.95	75.5188	551.795	39.4532	0.148302	0.0101524	1053.96	3.98049	
1.6-2.4	3.0-6.5	40.0-50.0	0.000-1.571	0.016	0.145	5193.0	5159.0	1867.21	55.2581	3291.52	66.9137	0.563405	0.0680024	-0.05	0.0	0.770728	0.0	3.08978	0.0	0.0464884	0.0	0.0462158	0.00438544	0.03	0.0	1.86	0.0	5.0	0.0	1.38	0.0	0.046426	0.000500452	1.39771e-05	0.00459285	0.332182	0.0259862	0.173641	0.0	0.0248856	0.0	0.00466803	0.00100158	1.74699	0.0	0.735099	0.0157528	0.796203	0.167561	0.894911	0.0932953	0.568544	0.0964714	0.0708415	3.71576e-07	0.128248	0.0248067	0.2589	0.0890289	-6045.88	4.0	3.02132e-05	-40604.5	4.0	3.7463e-05	1.0	1578.55	53.6901	288.652	27.8072	0.15459	0.0141723	988.174	4.84182	
1.6-2.4	3.0-6.5	50.0-100.0	0.000-1.571	0.016	0.168	3485.0	3485.0	1905.09	56.2257	1579.78	53.2495	0.204973	0.0985876	-0.05	0.0	0.770728	0.0	3.08978	0.0	0.0464884	0.0	0.0723313	0.00875083	0.03	0.0	1.86	0.0	5.0	0.0	1.38	0.0	0.0535274	0.00135557	1.33924e-05	0.00459311	0.343433	0.0267534	0.173641	0.0	0.0248856	0.0	0.00478968	0.00138584	1.74699	0.0	0.908525	0.0188476	0.960995	0.0933861	0.711264	0.0874952	0.6723	0.0370706	0.0704411	2.15874e-08	0.195281	0.0199131	0.229167	0.041668	-4478.89	4.0	5.77555e-05	-26695.8	4.0	8.42139e-06	1.0	1603.5	54.8692	301.588	29.1584	0.158306	0.014575	1100.93	6.42647	
1.6-2.4	4.5-5.5	0.0-100.0	0.000-1.571	0.016	0.192	37979.0	37919.0	8141.09	446.959	29776.5	470.582	-0.377516	0.0247978	-0.05	0.0	0.0254649	0.632378	3.08898	0.00369051	0.0212162	1.16821	0.0499122	0.00715555	0.03	0.0	1.86	0.0	5.0	0.0	1.38	0.0	0.0493888	0.0097944	2.24592e-05	0.000300031	0.317573	0.011969	0.168306	0.155053	0.0139897	0.0158776	0.00922503	0.000460215	1.94031	0.379299	1.06397	0.00707859	0.999994	0.991156	0.546378	0.0669097	0.845165	0.00777547	0.100286	1.26389	0.317101	0.011854	0.255078	0.0115159	-34152.3	4.0	1.03358e-05	-368577.0	7.0	0.146856	1.0	6550.65	366.499	1590.44	112.269	0.195359	0.00866823	1255.05	95.1499	
1.6-2.4	5.5-6.5	0.0-100.0	0.000-1.571	0.016	0.168	18350.0	18310.0	5494.01	155.276	12815.5	177.21	-0.505903	0.0360463	-0.05	0.0	0.828703	0.0802055	3.09293	0.00105685	0.0471551	0.00190696	0.0899952	0.055199	0.03	0.0	1.86	0.0	5.0	0.0	1.38	0.0	0.0568337	0.00779555	1.49587e-05	0.00459239	0.279794	0.012326	0.433557	0.413492	0.016385	0.017632	0.00832642	0.00076369	1.45242	0.194727	0.871032	0.01377	0.503038	0.0724744	0.840716	0.0876429	0.67211	0.0453566	0.0705793	0.0202798	0.303052	0.0181781	0.200674	0.0465001	-18399.3	4.0	7.80657e-07	-165762.0	7.0	0.000227533	1.0	4484.48	136.461	1009.53	58.0661	0.183751	0.00920507	1159.46	131.563	
1.6-2.4	6.5-30.0	0.0-10.0	0.000-1.571	0.008	0.184	6570.0	6570.0	2753.22	65.8472	3816.6	73.4779	-0.416609	0.0637723	-0.05	0.0	0.680153	0.0	3.09074	0.0	0.0561424	0.0	0.0316358	0.00251952	0.03	0.0	1.492	0.0	5.0	0.0	1.733	0.0	0.049638	0.0002568	6.70809e-05	0.00017923	0.297977	0.016448	0.211707	0.0	0.00199102	0.0	0.00454663	0.000885659	1.6767	0.0	1.08961	0.0200478	0.698837	0.227883	0.755723	0.860816	0.660774	0.0299244	0.0706055	0.0851672	0.28552	0.103207	0.213812	0.321625	-7588.67	4.0	5.78374e-07	-53533.2	4.0	1.72972e-05	1.0	2205.81	62.245	547.403	35.5347	0.198823	0.0119987	1237.37	6.95818	
1.6-2.4	6.5-30.0	0.0-100.0	0.000-1.571	0.008	0.152	16748.0	16725.0	8479.66	158.803	8245.44	158.001	-0.445629	0.0493894	-0.05	0.0	0.680153	0.12413	3.09074	0.000704091	0.0561424	0.00264243	0.0311876	0.00521833	0.03	0.0	1.492	0.0	5.0	0.0	1.733	0.0	0.0495472	0.00178209	2.77437e-05	0.00458652	0.259719	0.00746486	0.211707	0.175346	0.00199102	0.00574194	0.00364846	0.000488953	1.6767	0.235346	0.923568	0.0111889	0.729275	0.000968557	0.649979	0.00149495	0.550308	0.000858008	0.0705071	0.854052	0.254953	0.000517915	0.0716491	0.038172	-22566.5	4.0	4.64135e-05	-153674.0	7.0	9.5212e-05	1.0	6455.41	135.646	2024.25	72.26	0.238718	0.00725471	1125.87	84.8737	
1.6-2.4	6.5-30.0	10.0-20.0	0.000-1.571	0.008	0.16	4191.0	4191.0	2022.44	54.9369	2168.58	56.249	-0.346795	0.0846332	-0.05	0.0	0.680153	0.0	3.09074	0.0	0.0561424	0.0	0.0329664	0.00332232	0.03	0.0	1.492	0.0	5.0	0.0	1.733	0.0	0.0499142	0.000350914	2.91966e-05	0.00458585	0.222611	0.0131603	0.211707	0.0	0.00199102	0.0	0.00134997	0.00102557	1.6767	0.0	0.966864	0.0216965	0.999957	0.174107	0.709933	0.0595889	0.641537	0.0358206	0.0708764	0.791542	0.137183	0.0154437	0.248881	0.0373998	-5716.97	4.0	9.6607e-06	-32556.7	4.0	4.16361e-05	1.0	1524.5	52.9481	497.939	35.6592	0.246207	0.0163142	1154.16	7.16382	
1.6-2.4	6.5-30.0	20.0-30.0	0.000-1.571	0.008	0.152	2674.0	2674.0	1496.63	44.4827	1177.42	40.7367	-0.635357	0.116308	-0.05	0.0	0.680153	0.0	3.09074	0.0	0.0561424	0.0	0.0259334	0.00257394	0.03	0.0	1.492	0.0	5.0	0.0	1.733	0.0	0.0485688	0.000219793	2.77437e-05	0.00458652	0.287975	0.0180631	0.211707	0.0	0.00199102	0.0	0.00442727	0.00106202	1.6767	0.0	0.846523	0.0254827	0.718381	0.08696	0.837632	0.0717522	0.678696	0.0490194	0.0706288	4.86539e-08	0.201893	0.0263861	0.433503	0.113221	-4018.37	4.0	1.00256e-06	-19906.2	4.0	4.41804e-06	1.0	1110.7	41.1608	385.934	27.1293	0.257868	0.0164268	1077.06	7.89405	
1.6-2.4	6.5-30.0	30.0-40.0	0.000-1.571	0.008	0.12	1633.0	1630.0	1003.97	36.0163	625.881	30.3173	-0.531868	0.159408	-0.05	0.0	0.680153	0.0	3.09074	0.0	0.0561424	0.0	0.0274713	0.00323891	0.03	0.0	1.492	0.0	5.0	0.0	1.733	0.0	0.0488385	0.000291359	7.90451e-05	0.000185159	0.216893	0.0157295	0.211707	0.0	0.00199102	0.0	0.00108551	0.00137247	1.6767	0.0	0.84441	0.0302121	1.0	0.0691229	1.0	0.142462	0.733374	0.0356049	0.0704555	2.37934e-09	0.26798	0.0347475	0.0722655	3.77922e-06	-2622.15	4.0	1.26034e-08	-11446.8	4.0	1.61664e-05	1.0	683.239	33.997	320.735	26.2188	0.319466	0.023466	1075.76	9.34713	
1.6-2.4	6.5-30.0	40.0-50.0	0.000-1.571	0.008	0.136	890.0	889.0	584.858	26.8457	304.078	20.9746	-0.95805	0.233319	-0.05	0.0	0.680153	0.0	3.09074	0.0	0.0561424	0.0	0.0308025	0.00371158	0.03	0.0	1.492	0.0	5.0	0.0	1.733	0.0	0.0494701	0.000369586	6.70209e-05	0.882424	0.237356	0.0246059	0.211707	0.0	0.00199102	0.0	0.000477775	0.00152251	1.6767	0.0	0.679122	0.035274	0.745638	0.0745767	0.999879	0.0381313	0.421341	0.0803984	0.0705726	3.1576e-09	0.253608	0.0355162	0.132601	2.76204	-1506.59	4.0	1.4619e-06	-5764.87	4.0	1.08553e-05	1.0	436.632	25.4106	148.225	17.0384	0.253439	0.0267092	979.154	9.64294	
1.6-2.4	6.5-30.0	50.0-100.0	0.000-1.571	0.008	0.088	787.0	770.0	606.319	26.7826	163.565	16.5717	-0.239547	0.315355	-0.05	0.0	0.680153	0.0	3.09074	0.0	0.0561424	0.0	0.0451259	0.00597275	0.03	0.0	1.492	0.0	5.0	0.0	1.733	0.0	0.0528691	0.000815287	7.21792e-05	0.000182081	0.215903	0.0248652	0.211707	0.0	0.00199102	0.0	0.0039964	0.00194826	1.6767	0.0	0.822406	0.0423292	0.771321	0.109989	0.999904	0.875446	0.255971	0.103106	0.0706423	0.0334047	0.224514	0.0345544	0.07051	2.86955e-05	-1522.34	4.0	2.04552e-05	-5028.46	4.0	9.0115e-05	1.0	477.697	26.4101	128.622	16.8677	0.212135	0.0261942	1062.23	12.9171	
2.0-2.4	6.5-30.0	0.0-100.0	0.000-1.571	0.008	0.152	4253.0	4251.0	2303.17	64.3659	1947.84	61.5353	-0.511618	0.0927618	-0.05	0.0	0.853718	0.0550668	3.09094	0.00150637	0.0623676	0.00295889	0.0234203	0.00422533	0.03	0.0	1.492	0.0	5.0	0.0	1.733	0.0	0.0583177	0.00156908	7.87116e-05	0.000484264	0.226521	0.0123078	0.0616687	0.0610904	-0.00999983	0.0176875	0.00206537	0.000838367	2.1655	0.541626	0.916447	0.0179767	0.81179	0.0480365	0.999997	0.218951	0.632335	0.0340808	0.121369	0.0246324	0.198011	0.0146492	0.147445	0.00101634	-6003.8	4.0	4.23718e-06	-33260.8	7.0	2.69017e-05	1.0	1706.79	58.6949	596.381	38.0483	0.258939	0.0148507	1037.92	66.9188	
