pT  rapidity  cent  v2_nominal  v2Syst_tot  contrib_tnp  contrib_4d  contrib_3d contrib_fit 
<<<<<<< HEAD
65300 0024 010 0.146982 0.140993 0.00449375 0.000734701 0.0461691 4.34387
65300 0024 1030 0.0377467 0.0458865 0.00335998 0.686323 0.603001 0.925515
65300 0024 3060 -0.00191801 -0.0352836 0.195249 20.7127 307.281 51.1109
=======
65300 0024 010 0.141927 0.0554384 0.0047484 0.00203598 0.0752267 0.352833
65300 0024 1030 0.0480017 0.0395041 0.00432522 0.116802 0.419818 0.681696
65300 0024 3060 -0.00378963 -0.0374982 0.207503 15.4837 79.5936 13.1272
>>>>>>> 6a0ba3c92cb6cfd86898f4b26add6a64a76cec72
