pT  rapidity  cent  v2_nominal  v2Syst_tot  contrib_tnp  contrib_4d  contrib_3d contrib_fit 
<<<<<<< HEAD
3065 0024 1060 0.0760454 0.0589786 4.22337e-05 0.000113343 0.00131869 3.00018
6580 0024 1060 0.12276 0.027553 1.75312e-05 0.000243092 0.0491441 0.00485718
80100 0024 1060 0.136037 0.0136889 0.00161268 0.00114839 3.50169e-05 0.0366478
100300 0024 1060 0.0104022 0.0130776 0.506018 0.401762 0.0468399 3.12962
=======
   6.91512e-310 inf 2.93347e-05 2.93347e-05 inf 3.00003
   6.91512e-310 6.91512e-310 1 6.05847e-15 3.409e-19 3.06876e-14
   6.95257e-310 1.0771e-309 1 2.90195e-05 1 2.00006
   0 -nan inf inf inf inf
>>>>>>> 6a0ba3c92cb6cfd86898f4b26add6a64a76cec72
