pT  rapidity  cent  v2_nominal  v2Syst_tot  contrib_tnp  contrib_4d  contrib_3d contrib_fit 
<<<<<<< HEAD
65300 0012 1060 0.0329781 0.0698025 0.00593548 0.00334142 2.64097 9.1494
65300 1216 1060 0.18971 0.00863624 0.000246913 0.00126786 6.08571e-06 0.00275762
65300 1624 1060 0.130455 0.0120411 0.00241432 0.00364679 7.50301e-07 0.0122879
=======
   6.91512e-310 1.02568e-309 9.35504e-15 1 0.999999 1.00003
   6.95257e-310 8.25821e-310 1.6292e-23 2.90205e-05 1.0108 2.00009
   4.86173e-63 1.28629e-62 1 1 4 5
>>>>>>> 6a0ba3c92cb6cfd86898f4b26add6a64a76cec72
