v2W_noTnPSF
rap	pT	cent	dPhi	ctauErrMin	ctauErrMax	NoCutEntry	CutEntry	NSig	NSigErr	NBkg	NBkgErr	coefExp	coefExpErr	coefPol1	coefPol1Err	coeffGaus	coeffGausErr	meanSig1	meanSig1Err	sigmaSig1	sigmaSig1Err	sigmaSig2	sigmaSig2Err	sigmaSig3	sigmaSig3Err	alpha	alphaErr	enne	enneErr	enneW	enneWErr	sigWidth	sigWidthErr	Gmc	GmcErr	bTau	bTauErr	fracRes	fracResErr	meanResSigW	meanResSigWErr	meanResSigN	meanResSigNErr	sigmaResSigW	sigmaResSigWErr	sigmaResSigN	sigmaResSigNErr	fpm	fpmErr	fLiving	fLivingErr	fbkgCtTot	fbkgCtTotErr	lambdam	lambdamErr	lambdap	lambdapErr	lambdasym	lambdasymErr	NLL	nFitPar	EDM	NLLMass	nFitParMass	EDMMass	Prob	PROMPT	PROMPTErr	NON-PROMPT	NON-PROMPTErr	Bfraction	BfractionErr	Resolution	ResolutionErr	
0.0-1.2	6.5-30.0	0.0-100.0	0.000-0.393	0.008	0.088	6134.0	6130.0	3901.63	155.411	2229.19	121.063	0.290183	0.198787	-0.05	0.0	0.532607	0.0	3.09233	0.0	0.0197889	0.0	0.0365975	0.0	0.03	0.0	1.492	0.04	5.0	0.0	1.733	0.07	0.0288892	0.0	2.21795e-05	1.43176	0.420066	0.0884155	0.245908	0.0821935	-0.000109909	0.00257936	0.00145195	0.00130015	1.688	0.125228	0.890078	0.0347946	0.630845	0.547249	0.770164	0.574563	0.554471	0.325598	0.0360512	0.0672866	0.231175	0.116963	0.179363	0.285666	-21748.5	4.0	11377.7	-280589.0	3.0	58.6004	1.0	2520.34	157.099	1381.29	132.774	0.354029	0.0309711	1.13934	0.0447424	
0.0-1.2	6.5-30.0	0.0-100.0	0.000-1.571	0.008	0.105	22946.0	22940.0	14130.8	317.168	8809.7	282.624	0.0433041	0.142827	-0.05	0.0	0.532607	0.35444	3.09233	0.000682657	0.0197889	0.00361424	0.0365975	0.0135747	0.03	0.0	1.492	0.04	5.0	0.0	1.733	0.07	0.0288892	0.00407256	1.87255e-05	2.6751e-05	0.399118	0.049852	0.236177	0.079527	5.83622e-05	0.00144617	0.00111229	0.000668762	1.60413	0.0920545	0.896725	0.0192902	0.592429	0.238177	0.929232	0.0936685	0.471573	0.202991	0.0583798	0.0391426	0.224932	0.0437248	1.09864	4.83642	-32555.1	4.0	55608.4	-1184750.0	7.0	936954.0	1.0	9503.03	321.032	4627.75	261.448	0.327494	0.0169792	1.10541	0.0360141	
0.0-1.2	6.5-30.0	0.0-100.0	0.393-0.785	0.008	0.096	5940.0	5938.0	3621.31	138.138	2317.58	113.54	-0.0850311	0.171927	-0.05	0.0	0.532607	0.0	3.09233	0.0	0.0197889	0.0	0.0365975	0.0	0.03	0.0	1.492	0.04	5.0	0.0	1.733	0.07	0.0288892	0.0	1.00937e-05	0.00103092	0.404319	0.0932067	0.0755589	0.0712515	0.0054884	0.00636296	-0.000540496	0.00120777	1.88269	0.329588	0.990856	0.0394266	0.625636	0.847767	0.902573	2.9575	0.315906	1.36583	0.0588466	0.0630276	0.163146	0.0792714	0.0418518	0.156377	-22874.1	4.0	7702.05	-221078.0	3.0	60.8988	1.0	2503.57	148.94	1117.74	121.986	0.308656	0.031561	1.08417	0.0501775	
0.0-1.2	6.5-30.0	0.0-100.0	0.785-1.178	0.008	0.08	5768.0	5762.0	3561.21	162.034	2201.53	140.756	0.0913673	0.242176	-0.05	0.0	0.532607	0.0	3.09233	0.0	0.0197889	0.0	0.0365975	0.0	0.03	0.0	1.492	0.04	5.0	0.0	1.733	0.07	0.0288892	0.0	4.10143e-05	0.000107112	0.441092	0.13613	0.187448	0.146811	0.00147636	0.00343833	0.00180467	0.00137351	1.59152	0.210616	0.884197	0.0384969	0.486089	17.0211	0.586985	6.06606	0.30052	15.1464	0.0229154	1.29254	0.492221	1.79982	0.0993857	0.0622326	19557.7	4.0	35327.6	-344177.0	3.0	915.721	1.0	2288.05	170.561	1273.16	146.999	0.357508	0.0379376	1.05359	0.0691568	
0.0-1.2	6.5-30.0	0.0-100.0	1.178-1.571	0.008	0.088	5102.0	5098.0	3040.88	118.501	2057.94	116.593	-0.133206	0.240529	-0.05	0.0	0.532607	0.0	3.09233	0.0	0.0197889	0.0	0.0365975	0.0	0.03	0.0	1.492	0.04	5.0	0.0	1.733	0.07	0.0288892	0.0	1.37041e-05	2.80645	0.286748	0.0440788	0.822701	0.0724277	-0.00109986	0.000962734	-0.000225503	0.00385646	1.28762	0.0347594	0.6	0.269583	0.685412	0.206676	0.820923	0.315566	0.500636	0.187398	0.05397	0.0468248	0.222917	0.042202	1.61425	12.0893	-17725.5	4.0	1901.27	-171148.0	3.0	2833.47	1.0	2176.03	114.909	864.846	84.553	0.284406	0.0255011	1.19492	0.027717	
0.0-1.2	6.5-30.0	10.0-60.0	0.000-0.393	0.008	0.073	3690.0	3683.0	2466.57	113.913	1216.87	80.6279	0.182459	0.242156	-0.05	0.0	0.532607	0.0	3.09233	0.0	0.0197889	0.0	0.0366049	0.0	0.03	0.0	1.492	0.04	5.0	0.0	1.733	0.07	0.0288936	0.0	1.05857e-05	4.67892e-05	0.367291	0.0679027	0.236177	0.0	5.83622e-05	0.0	-0.000994883	0.00141246	1.60413	0.0	0.873118	0.0429881	0.692326	0.468674	0.711761	1.1261	0.45459	0.488455	0.0494034	0.0395628	0.217747	0.0822081	0.0379009	0.0467368	-15931.5	4.0	4652.07	-139716.0	3.0	106.608	1.0	1577.6	112.563	888.963	95.1195	0.360405	0.0347866	1.09088	0.0131403	
0.0-1.2	6.5-30.0	10.0-60.0	0.000-1.571	0.008	0.105	13919.0	13913.0	9255.59	222.181	4657.86	169.59	0.0969332	0.168944	-0.05	0.0	0.532607	0.0	3.09233	0.0	0.0197889	0.0	0.0366049	0.00115571	0.03	0.0	1.492	0.04	5.0	0.0	1.733	0.07	0.0288936	0.000342169	1.87255e-05	2.6751e-05	0.4218	0.0681113	0.236177	0.0	5.83622e-05	0.0	0.000286453	0.000783671	1.60413	0.0	0.860341	0.0219571	0.556168	0.445499	0.916852	0.18671	0.393181	0.439983	0.0496807	0.0527082	0.229938	0.0522888	3.87399	142.984	-4524.17	4.0	45498.7	-738758.0	4.0	17435.0	1.0	6186.25	244.212	3069.34	207.403	0.33162	0.0209467	1.0831	0.006661	
0.0-1.2	6.5-30.0	10.0-60.0	0.393-0.785	0.008	0.073	3693.0	3691.0	2465.45	116.671	1225.55	84.919	0.129097	0.246269	-0.05	0.0	0.532607	0.0	3.09233	0.0	0.0197889	0.0	0.0366049	0.0	0.03	0.0	1.492	0.04	5.0	0.0	1.733	0.07	0.0288936	0.0	2.45136e-05	0.0594659	0.462452	0.158883	0.236177	0.0	5.83622e-05	0.0	0.000115497	0.00151529	1.60413	0.0	0.861638	0.0518616	0.537735	0.0927482	0.999908	34.332	0.225163	0.217929	0.0479908	0.0128755	0.161577	0.0447419	0.0350028	106.411	-16096.4	4.0	6186.47	-139925.0	3.0	142.962	1.0	1764.02	125.496	701.427	99.4112	0.284502	0.0380076	1.08389	0.0157452	
0.0-1.2	6.5-30.0	10.0-60.0	0.785-1.178	0.008	0.064	3404.0	3397.0	2315.7	141.798	1081.93	107.502	0.0949864	0.424215	-0.05	0.0	0.532607	0.0	3.09233	0.0	0.0197889	0.0	0.0366049	0.0	0.03	0.0	1.492	0.04	5.0	0.0	1.733	0.07	0.0288936	0.0	3.78823e-05	8.58329e-05	0.500563	0.224592	0.236177	0.0	5.83622e-05	0.0	0.00151835	0.0016811	1.60413	0.0	0.759776	0.0391623	0.806222	4.79889	0.387475	25.7947	0.00183232	647.016	0.13568	2.06475	0.612388	3.96136	0.0240037	1.82234	23524.4	4.0	31289.0	-238515.0	3.0	963.544	1.0	1444.04	140.323	871.661	121.329	0.376414	0.047052	1.02404	0.0110968	
0.0-1.2	6.5-30.0	10.0-60.0	1.178-1.571	0.008	0.064	3130.0	3124.0	1992.86	99.4471	1131.88	96.4916	-0.0309834	0.403059	-0.05	0.0	0.532607	0.0	3.09233	0.0	0.0197889	0.0	0.0366049	0.0	0.03	0.0	1.492	0.04	5.0	0.0	1.733	0.07	0.0288936	0.0	2.4668e-05	4.15522	0.319491	0.0629216	0.236177	0.0	5.83622e-05	0.0	-0.0018191	0.00188304	1.60413	0.0	0.866799	0.0374549	0.568431	4.65045	0.820643	5.3199	0.3078	3.91059	0.0506672	0.579921	0.160495	1.64145	4.43312	1455.77	-8913.54	4.0	2663.72	-109847.0	3.0	3511.16	1.0	1368.58	96.5142	624.285	74.9759	0.31326	0.0342208	1.08703	0.0114064	
0.0-2.4	10.0-13.0	0.0-100.0	0.000-0.393	0.016	0.08	1793.0	1784.0	1284.43	61.6376	500.018	40.6919	0.197113	0.256616	-0.05	0.0	0.514321	0.0	3.09178	0.0	0.0420556	0.0	0.0219579	0.0	0.03	0.0	1.492	0.04	5.0	0.0	1.733	0.07	0.0338206	0.0	1.71938e-05	0.0002901	0.357193	0.0829963	0.274398	0.109498	-0.00249292	0.00355003	0.00111394	0.00152515	1.69599	0.15967	0.832934	0.0427463	0.809795	0.0591461	0.999997	20.9972	0.564343	0.0425954	0.120602	0.0269758	0.204036	0.026325	0.150145	140.101	-4720.67	4.0	1360.68	-34325.1	3.0	20.8986	1.0	858.07	61.3327	426.359	49.8473	0.331944	0.0353891	1.13696	0.0629162	
0.0-2.4	10.0-13.0	0.0-100.0	0.000-1.571	0.008	0.136	7152.0	7150.0	5129.65	280.715	2020.68	218.284	-0.717311	0.24647	-0.05	0.0	0.514321	0.344637	3.09178	0.00184498	0.0420556	0.00544079	0.0219579	0.00766442	0.03	0.0	1.492	0.04	5.0	0.0	1.733	0.07	0.0338207	0.00211831	1.21637e-05	1.85867	0.415479	0.0819275	0.294117	0.0867943	0.000270012	0.00176522	0.000290527	0.000901925	1.60695	0.0922641	0.790223	0.0253034	0.877877	0.291662	0.518891	0.224773	1.44787e-07	12.358	0.0903563	0.104523	0.302697	0.0708251	0.026706	0.0163019	-7440.51	4.0	16253.0	-225473.0	7.0	151379.0	1.0	3449.79	227.255	1679.85	156.382	0.327479	0.0246623	1.09557	0.0440584	
0.0-2.4	10.0-13.0	0.0-100.0	0.393-0.785	0.008	0.088	1852.0	1850.0	1357.33	82.6289	493.193	46.6374	-0.731032	0.280467	-0.05	0.0	0.514321	0.0	3.09178	0.0	0.0420556	0.0	0.0219579	0.0	0.03	0.0	1.492	0.04	5.0	0.0	1.733	0.07	0.0338206	0.0	1.60627e-05	0.00013147	0.480753	0.219398	0.680848	0.179328	0.0030049	0.00163927	-0.00151603	0.00232651	1.30469	0.0810495	0.6	4.28639	0.837609	0.104918	0.999999	158.488	0.428056	0.257089	0.0488186	0.0275392	0.214968	0.0354633	0.020007	772.944	-3320.93	4.0	6012.85	-59896.8	3.0	731.496	1.0	896.279	88.3405	461.049	74.9319	0.339674	0.0511865	1.12865	0.368893	
0.0-2.4	10.0-13.0	0.0-100.0	0.785-1.178	0.008	0.105	1769.0	1767.0	1267.71	84.885	499.785	55.8243	-1.3068	0.394408	-0.05	0.0	0.514321	0.0	3.09178	0.0	0.0420556	0.0	0.0219579	0.0	0.03	0.0	1.492	0.04	5.0	0.0	1.733	0.07	0.0338206	0.0	8.5376e-05	0.000184274	0.508465	0.302916	0.118034	0.0934839	0.00630016	0.00594207	0.000516611	0.00230643	1.90173	0.316188	0.953083	0.0710255	0.805561	1.61455	0.948946	2.35385	0.263794	2.27788	0.0485982	0.802246	0.43339	0.922114	0.162816	2.40225	504.308	4.0	6747.1	-62808.3	3.0	493.731	1.0	858.669	99.2334	409.039	85.3911	0.32266	0.0637998	1.10816	0.0708048	
0.0-2.4	10.0-13.0	0.0-100.0	1.178-1.571	0.008	0.088	1735.0	1715.0	1214.57	60.6435	501.175	42.4791	-1.01335	0.291716	-0.05	0.0	0.514321	0.0	3.09178	0.0	0.0420556	0.0	0.0219579	0.0	0.03	0.0	1.492	0.04	5.0	0.0	1.733	0.07	0.0338206	0.0	1.34644e-05	0.00253279	0.330324	0.0764484	0.547296	0.182925	-0.00213568	0.00229779	0.00309988	0.00243508	1.46442	0.108951	0.710731	0.0657483	1.0	22.3775	0.507156	0.47284	0.088618	0.628539	0.0394168	7.55473	0.282999	0.120865	0.042425	0.039505	-3910.78	4.0	1109.34	-32873.6	3.0	15.762	1.0	835.679	61.8349	378.896	49.401	0.311958	0.0375728	1.18422	0.0738045	
0.0-2.4	10.0-13.0	10.0-60.0	0.000-0.393	0.016	0.08	1171.0	1164.0	849.278	46.799	315.7	31.5799	0.176086	0.319109	-0.05	0.0	0.514321	0.0	3.09178	0.0	0.0420556	0.0	0.0222022	0.0	0.03	0.0	1.492	0.04	5.0	0.0	1.733	0.07	0.033898	0.0	1.71938e-05	0.0002901	0.295157	0.0595407	0.294117	0.0	0.000270012	0.0	0.000134316	0.00177224	1.60695	0.0	0.747938	0.0508974	0.846502	0.0873165	0.999988	31.046	0.533333	0.0293916	0.138002	0.0410919	0.214023	0.0186632	0.178358	141.888	-3141.5	4.0	445.898	-18744.5	3.0	4.20397	1.0	549.974	44.7362	299.304	36.8088	0.352422	0.038747	1.07442	0.0125052	
0.0-2.4	10.0-13.0	10.0-60.0	0.000-1.571	0.008	0.136	4608.0	4606.0	3402.73	128.946	1203.25	78.1485	-0.850795	0.19748	-0.05	0.0	0.514321	0.0	3.09178	0.0	0.0420556	0.0	0.0222022	0.00142423	0.03	0.0	1.492	0.04	5.0	0.0	1.733	0.07	0.033898	0.000226527	1.21637e-05	1.85867	0.466182	0.130224	0.294117	0.0	0.000270012	0.0	0.000918428	0.00113635	1.60695	0.0	0.805392	0.0307973	0.927823	0.326894	0.53925	0.332014	0.0875358	0.38389	0.121823	0.266324	0.329639	0.115361	0.0370786	0.0428718	-2399.94	4.0	14027.6	-159689.0	4.0	3416.99	1.0	2258.9	138.177	1143.83	116.808	0.336152	0.0318768	1.10335	0.00793436	
0.0-2.4	10.0-13.0	10.0-60.0	0.393-0.785	0.016	0.088	1182.0	1179.0	906.95	73.9134	272.97	37.2248	-1.01109	0.36798	-0.05	0.0	0.514321	0.0	3.09178	0.0	0.0420556	0.0	0.0222022	0.0	0.03	0.0	1.492	0.04	5.0	0.0	1.733	0.07	0.033898	0.0	1.60627e-05	0.00013147	0.58622	0.432688	0.294117	0.0	0.000270012	0.0	0.001156	0.00205901	1.60695	0.0	0.790405	0.0590667	0.712445	0.0877851	1.0	12.7765	0.316445	0.0919745	0.0490569	0.0152938	0.185904	0.038175	0.0200001	113.034	-2366.27	4.0	5211.63	-44531.9	3.0	827.477	1.0	595.602	79.6613	311.347	68.071	0.343291	0.0696457	1.09567	0.0150389	
0.0-2.4	10.0-13.0	10.0-60.0	0.785-1.178	0.016	0.105	1162.0	1160.0	869.718	78.1388	290.65	47.0474	-1.52316	0.609928	-0.05	0.0	0.514321	0.0	3.09178	0.0	0.0420556	0.0	0.0222022	0.0	0.03	0.0	1.492	0.04	5.0	0.0	1.733	0.07	0.033898	0.0	8.5376e-05	0.000184274	0.663221	0.611623	0.294117	0.0	0.000270012	0.0	0.000105517	0.00297564	1.60695	0.0	0.94994	0.079938	0.967705	0.449357	0.999998	778.0	0.423782	1.73715	0.191586	0.413828	0.555578	0.453975	0.0200967	2625.09	239.297	4.0	5658.66	-49825.8	3.0	489.003	1.0	566.957	83.3419	302.76	71.3521	0.348113	0.0758451	1.18172	0.0226796	
0.0-2.4	10.0-13.0	10.0-60.0	1.178-1.571	0.016	0.056	1092.0	1059.0	754.889	49.1523	304.871	33.7456	-1.10888	0.378086	-0.05	0.0	0.514321	0.0	3.09178	0.0	0.0420556	0.0	0.0222022	0.0	0.03	0.0	1.492	0.04	5.0	0.0	1.733	0.07	0.033898	0.0	1.27211e-05	0.00181467	0.335951	0.107679	0.294117	0.0	0.000270012	0.0	0.00376991	0.00257615	1.60695	0.0	0.880039	0.0704296	0.792112	6.11997	0.590689	2.30782	1.96484e-05	280.978	0.0114116	0.342194	0.280716	0.267536	0.0448996	0.142672	-1986.12	4.0	997.575	-20057.7	3.0	40.579	1.0	514.362	51.3277	240.527	41.9303	0.318626	0.0515251	1.14288	0.0191407	
0.0-2.4	10.0-30.0	0.0-100.0	0.000-0.393	0.008	0.088	2863.0	2856.0	2083.94	84.4539	772.871	53.6553	-0.0211549	0.224942	-0.05	0.0	0.514049	0.0	3.09284	0.0	0.0431356	0.0	0.0214155	0.0	0.03	0.0	1.492	0.04	5.0	0.0	1.733	0.07	0.0343417	0.0	1.1122e-05	0.00169269	0.438429	0.0975628	0.286858	0.0918796	0.000915639	0.00224089	0.00101817	0.00123155	1.62833	0.118442	0.852519	0.0365458	0.835641	1.59365	0.996287	102.791	0.542313	12.3733	0.103241	0.607113	0.242696	0.153474	0.0201454	187.73	-4906.8	4.0	3840.95	-68086.9	3.0	64.6797	1.0	1310.44	84.1185	773.498	72.3753	0.371171	0.0313035	1.13088	0.0471496	
0.0-2.4	10.0-30.0	0.0-100.0	0.000-1.571	0.008	0.136	10967.0	10965.0	7937.86	265.263	3027.24	203.359	-0.734061	0.159217	-0.05	0.0	0.514049	0.192335	3.09284	0.00112347	0.0431356	0.00394572	0.0214155	0.00425283	0.03	0.0	1.492	0.04	5.0	0.0	1.733	0.07	0.0343417	0.00142755	1.52572e-05	0.000100154	0.38502	0.0509299	0.236663	0.0682407	0.00122367	0.00140879	0.000214209	0.000654471	1.62012	0.0865195	0.857192	0.0201672	0.901999	0.40017	0.723309	0.931464	0.273284	0.706884	0.0815653	0.131341	0.305652	0.0685651	0.0343725	0.0742199	-12839.4	4.0	20733.9	-328162.0	7.0	357893.0	1.0	5156.42	225.336	2781.44	172.405	0.350402	0.0182925	1.08723	0.0338984	
0.0-2.4	10.0-30.0	0.0-100.0	0.393-0.785	0.008	0.105	2817.0	2815.0	2031.09	91.4487	784.398	54.8561	-0.689216	0.217363	-0.05	0.0	0.514049	0.0	3.09284	0.0	0.0431356	0.0	0.0214155	0.0	0.03	0.0	1.492	0.04	5.0	0.0	1.733	0.07	0.0343417	0.0	1.01316e-05	0.00876397	0.388162	0.114175	0.100919	0.169121	0.00498796	0.00652429	-0.000614903	0.00114773	1.74041	0.515379	0.880844	0.0389325	0.683051	0.0345545	1.0	242.066	0.309673	0.0418254	0.035387	0.00375164	0.213196	0.0174486	0.0200209	1095.33	-4631.88	4.0	6997.17	-77842.9	3.0	566.705	1.0	1324.81	100.384	706.281	86.7771	0.347735	0.0397523	1.00163	0.106415	
0.0-2.4	10.0-30.0	0.0-100.0	0.785-1.178	0.008	0.105	2640.0	2638.0	1904.38	92.4063	734.323	61.5456	-1.31185	0.303899	-0.05	0.0	0.514049	0.0	3.09284	0.0	0.0431356	0.0	0.0214155	0.0	0.03	0.0	1.492	0.04	5.0	0.0	1.733	0.07	0.0343417	0.0	2.91026e-05	5.76628e-05	0.390621	0.13565	0.122074	0.0686439	0.00470031	0.00433712	0.000434406	0.00152156	1.84586	0.2159	0.929061	0.0491337	0.853121	0.311241	0.794018	2.10768	0.169962	1.91456	0.0784613	0.0986173	0.437887	0.183845	0.0283434	0.125525	-72.4745	4.0	8274.48	-79703.2	3.0	438.132	1.0	1261.16	103.904	643.218	89.5838	0.337758	0.0440937	1.08338	0.0497005	
0.0-2.4	10.0-30.0	0.0-100.0	1.178-1.571	0.008	0.105	2645.0	2630.0	1914.38	75.5284	716.179	51.195	-0.954324	0.245066	-0.05	0.0	0.514049	0.0	3.09284	0.0	0.0431356	0.0	0.0214155	0.0	0.03	0.0	1.492	0.04	5.0	0.0	1.733	0.07	0.0343417	0.0	3.2121e-05	7.73774e-05	0.323595	0.0561947	0.662879	0.127118	-0.000594368	0.00123554	0.00269154	0.00226748	1.36549	0.0619482	0.681833	0.0656572	0.999999	450.868	0.644781	0.303287	0.183758	0.298297	0.0192601	456.726	0.277949	0.0380562	0.0433677	0.0226003	-5730.16	4.0	1888.44	-53225.1	3.0	9.92024	1.0	1246.38	75.3892	668.002	62.9291	0.348939	0.0298501	1.18013	0.0450101	
0.0-2.4	10.0-30.0	10.0-60.0	0.000-0.393	0.008	0.088	1860.0	1853.0	1384.7	68.4546	469.196	41.381	-0.105784	0.287083	-0.05	0.0	0.514049	0.0	3.09284	0.0	0.0431356	0.0	0.0212809	0.0	0.03	0.0	1.492	0.04	5.0	0.0	1.733	0.07	0.034301	0.0	1.1122e-05	0.00169269	0.455912	0.129373	0.236663	0.0	0.00122367	0.0	6.22315e-05	0.00135234	1.62012	0.0	0.81839	0.0398775	0.985731	23.477	0.806076	3.22807	0.504448	8.0005	0.0010003	11.6341	0.243062	0.0706343	0.144327	0.109244	-3174.56	4.0	2656.88	-42057.1	3.0	51.7938	1.0	876.324	68.1407	508.379	58.2922	0.367139	0.0379836	1.06416	0.0117048	
0.0-2.4	10.0-30.0	10.0-60.0	0.000-1.571	0.008	0.136	7089.0	7087.0	5264.33	149.942	1823.44	91.1586	-0.802704	0.155252	-0.05	0.0	0.514049	0.0	3.09284	0.0	0.0431356	0.0	0.0212809	0.00102956	0.03	0.0	1.492	0.04	5.0	0.0	1.733	0.07	0.034301	0.000155202	1.52572e-05	0.000100154	0.441037	0.0846427	0.236663	0.0	0.00122367	0.0	0.000450513	0.000806444	1.62012	0.0	0.848207	0.0246079	0.912859	0.5033	0.582565	0.447359	0.118247	0.259445	0.0934172	0.251579	0.328658	0.0924348	0.0320388	0.040894	-5893.04	4.0	17568.1	-228662.0	4.0	3195.76	1.0	3433.14	157.838	1831.19	134.429	0.347849	0.0235355	1.08184	0.00736378	
0.0-2.4	10.0-30.0	10.0-60.0	0.393-0.785	0.008	0.105	1788.0	1786.0	1336.85	79.8656	449.357	43.608	-0.792609	0.280869	-0.05	0.0	0.514049	0.0	3.09284	0.0	0.0431356	0.0	0.0212809	0.0	0.03	0.0	1.492	0.04	5.0	0.0	1.733	0.07	0.034301	0.0	1.01316e-05	0.00876397	0.462485	0.218371	0.236663	0.0	0.00122367	0.0	0.000865436	0.00151445	1.62012	0.0	0.843973	0.050181	0.612214	0.0613031	1.0	830.881	0.278572	0.0684294	0.0408307	0.00799819	0.19731	0.0302501	0.125244	4823.77	-2724.85	4.0	6103.28	-55100.4	3.0	696.257	1.0	898.876	88.4977	437.97	75.0514	0.327614	0.0526184	1.07931	0.0149764	
0.0-2.4	10.0-30.0	10.0-60.0	0.785-1.178	0.008	0.105	1726.0	1723.0	1279.75	83.558	444.279	52.1072	-1.37809	0.430968	-0.05	0.0	0.514049	0.0	3.09284	0.0	0.0431356	0.0	0.0212809	0.0	0.03	0.0	1.492	0.04	5.0	0.0	1.733	0.07	0.034301	0.0	2.91026e-05	5.76628e-05	0.4925	0.254412	0.236663	0.0	0.00122367	0.0	0.000367107	0.00187759	1.62012	0.0	0.935347	0.0570356	0.948637	4.26548	0.915488	3.0848	0.369202	3.19581	0.0478178	2.7115	0.573957	1.23573	0.141884	1.75979	491.571	4.0	6954.14	-60948.9	3.0	486.396	1.0	841.27	87.8631	438.479	74.3129	0.342629	0.0535861	1.13535	0.017934	
0.0-2.4	10.0-30.0	10.0-60.0	1.178-1.571	0.008	0.08	1714.0	1690.0	1248.24	62.9652	442.098	40.8292	-0.946562	0.312111	-0.05	0.0	0.514049	0.0	3.09284	0.0	0.0431356	0.0	0.0212809	0.0	0.03	0.0	1.492	0.04	5.0	0.0	1.733	0.07	0.034301	0.0	1.97786e-05	7.38276e-05	0.356191	0.0842444	0.236663	0.0	0.00122367	0.0	0.00128753	0.00176801	1.62012	0.0	0.90477	0.0538816	0.988068	1.38616	0.565383	0.365829	0.0645056	0.50179	0.00100225	3.47805	0.252974	0.0870548	0.0373308	0.021908	-3381.18	4.0	1647.53	-34424.8	3.0	38.9895	1.0	798.689	64.655	449.548	55.4196	0.360146	0.0405114	1.11627	0.0166684	
0.0-2.4	13.0-30.0	0.0-100.0	0.000-0.393	0.008	0.064	1069.0	1064.0	805.269	58.1805	259.333	33.9463	-0.460598	0.425705	-0.05	0.0	0.514639	0.0	3.09481	0.0	0.0452282	0.0	0.0203908	0.0	0.03	0.0	1.492	0.04	5.0	0.0	1.733	0.07	0.0354196	0.0	5.42312e-05	0.000155716	0.547962	0.235864	0.320965	0.160542	0.00391952	0.00307986	0.000398915	0.00216052	1.50857	0.163159	0.889537	0.0706873	0.997091	115.345	0.83248	3.32748	0.461294	10.5497	0.00100074	3.64095	0.305744	0.113617	0.0360288	0.0588316	-915.327	4.0	2259.45	-27781.7	3.0	57.4312	1.0	449.966	55.8004	355.303	52.113	0.441223	0.0563188	1.12594	0.0662601	
0.0-2.4	13.0-30.0	0.0-100.0	0.000-1.571	0.008	0.105	3815.0	3815.0	2812.8	136.912	1002.62	111.595	-0.777557	0.235499	-0.05	0.0	0.514639	0.298323	3.09481	0.00145052	0.0452282	0.00962452	0.0203908	0.00592466	0.03	0.0	1.492	0.04	5.0	0.0	1.733	0.07	0.0354196	0.00326894	1.00009e-05	0.0022258	0.341023	0.0514339	0.132772	0.0920488	0.00351245	0.00313808	0.000218503	0.000919336	1.67468	0.204192	0.938448	0.0330252	0.880816	0.955001	0.916656	1.89102	0.368515	0.493674	0.0426094	0.0292847	0.311673	0.13279	0.0387882	0.0427297	-6114.96	4.0	4221.52	-81850.2	7.0	179394.0	1.0	1710.48	110.109	1102.32	89.8393	0.391895	0.0256176	1.06589	0.0483502	
0.0-2.4	13.0-30.0	0.0-100.0	0.393-0.785	0.008	0.064	964.0	957.0	672.588	38.7934	284.561	27.7707	-0.557185	0.33952	-0.05	0.0	0.514639	0.0	3.09481	0.0	0.0452282	0.0	0.0203908	0.0	0.03	0.0	1.492	0.04	5.0	0.0	1.733	0.07	0.0354196	0.0	1.55008e-05	0.000878565	0.241004	0.043438	0.00883941	0.0082002	0.00999995	0.0180256	-0.00177309	0.00143088	3.31245	1.28622	0.924173	0.0550128	0.66033	0.603731	1.0	9.50782	0.32317	0.598225	0.0296288	0.0549189	0.194465	0.179066	0.0203339	47.5496	-2713.97	4.0	176.293	-12751.2	3.0	2.60145	1.0	433.979	37.2167	238.609	30.7886	0.354762	0.0409485	0.971358	0.0387897	
0.0-2.4	13.0-30.0	0.0-100.0	0.785-1.178	0.008	0.056	871.0	856.0	622.368	36.7897	234.022	26.888	-1.30864	0.445544	-0.05	0.0	0.514639	0.0	3.09481	0.0	0.0452282	0.0	0.0203908	0.0	0.03	0.0	1.492	0.04	5.0	0.0	1.733	0.07	0.0354196	0.0	3.39658e-05	0.000104935	0.224128	0.0365665	0.131789	0.1171	0.00298802	0.00557481	0.000392348	0.00170985	1.76077	0.331988	0.92162	0.0628439	0.982935	44.5388	0.733742	10.9794	0.276967	0.666335	0.0733115	1.36166	0.468962	1.90987	0.0564999	1.04735	-2180.57	4.0	107.292	-11439.3	3.0	80.5897	1.0	387.83	34.6749	234.539	29.4785	0.376849	0.0417996	1.07053	0.0750684	
0.0-2.4	13.0-30.0	0.0-100.0	1.178-1.571	0.008	0.08	909.0	907.0	696.388	44.8154	211.284	28.2233	-0.870387	0.450312	-0.05	0.0	0.514639	0.0	3.09481	0.0	0.0452282	0.0	0.0203908	0.0	0.03	0.0	1.492	0.04	5.0	0.0	1.733	0.07	0.0354196	0.0	1.65646e-05	0.000171567	0.314123	0.0810356	0.867045	0.0572375	0.000445439	0.00122049	0.000847948	0.00642259	1.22585	0.0404956	0.6	8.03338	0.929669	30.1073	0.999978	88.4882	0.280886	20.0464	0.00406436	0.465651	0.269657	0.218844	0.0200206	66.9496	-1847.94	4.0	799.373	-15886.2	3.0	0.614168	1.0	406.681	42.0945	289.707	37.876	0.416014	0.0473438	1.16223	0.276674	
0.0-2.4	13.0-30.0	10.0-60.0	0.000-0.393	0.008	0.064	688.0	684.0	537.349	50.2889	147.04	25.5713	-0.798634	0.540439	-0.05	0.0	0.514639	0.0	3.09481	0.0	0.0452282	0.0	0.0196036	0.0	0.03	0.0	1.492	0.04	5.0	0.0	1.733	0.07	0.0352032	0.0	5.42312e-05	0.000155716	0.733167	0.605889	0.132772	0.0	0.00351245	0.0	0.000722444	0.00225739	1.67468	0.0	0.927683	0.0745764	0.694339	31.739	0.966094	27.6678	0.360101	22.7234	0.00103375	1.17667	0.29538	0.164058	0.0630871	0.551596	-1075.97	4.0	1755.31	-19349.2	3.0	132.144	1.0	315.248	49.3839	222.101	44.7256	0.413327	0.0736992	1.05769	0.0283627	
0.0-2.4	13.0-30.0	10.0-60.0	0.000-1.571	0.008	0.08	2481.0	2474.0	1857.57	76.595	617.323	47.0578	-0.71921	0.249146	-0.05	0.0	0.514639	0.0	3.09481	0.0	0.0452282	0.0	0.0196036	0.000740872	0.03	0.0	1.492	0.04	5.0	0.0	1.733	0.07	0.0352032	0.000100122	1.60278e-05	0.000108096	0.402752	0.0899956	0.132772	0.0	0.00351245	0.0	0.000465843	0.00110912	1.67468	0.0	0.926165	0.0412199	0.781698	0.803757	0.827304	0.992854	0.236607	0.600687	0.0326874	0.0392823	0.323999	0.108333	0.0298172	0.0432439	-4020.59	4.0	3381.64	-54046.9	4.0	1485.91	1.0	1172.68	76.948	684.893	66.1846	0.368703	0.0322232	1.05653	0.0156681	
0.0-2.4	13.0-30.0	10.0-60.0	0.393-0.785	0.008	0.064	606.0	604.0	427.476	29.9487	176.726	21.4665	-0.457558	0.421248	-0.05	0.0	0.514639	0.0	3.09481	0.0	0.0452282	0.0	0.0196036	0.0	0.03	0.0	1.492	0.04	5.0	0.0	1.733	0.07	0.0352032	0.0	1.55008e-05	0.000878565	0.215313	0.0489637	0.132772	0.0	0.00351245	0.0	-0.000155302	0.00196867	1.67468	0.0	0.931667	0.0790135	0.563608	0.746728	1.0	1.70927	0.293695	0.884632	0.0388322	0.0897932	0.213975	0.297975	0.0397136	178.519	-1790.74	4.0	71.7294	-7054.81	3.0	3.30513	1.0	292.203	29.4176	135.273	23.1544	0.316446	0.0494204	1.06072	0.030093	
0.0-2.4	13.0-30.0	10.0-60.0	0.785-1.178	0.012	0.044	563.0	546.0	397.967	29.6817	148.352	22.0376	-1.18468	0.568708	-0.05	0.0	0.514639	0.0	3.09481	0.0	0.0452282	0.0	0.0196036	0.0	0.03	0.0	1.492	0.04	5.0	0.0	1.733	0.07	0.0352032	0.0	3.14561e-05	0.000114974	0.233088	0.0486987	0.132772	0.0	0.00351245	0.0	-0.000254446	0.00199533	1.67468	0.0	0.910815	0.076823	1.0	18.9996	0.689385	0.057001	0.161694	0.0435522	0.0189345	36.4607	0.574215	0.0993405	0.0474069	0.00695592	-1261.98	4.0	75.1732	-6952.53	3.0	95.5923	1.0	259.364	27.5292	138.604	22.1478	0.348279	0.0492183	1.04489	0.029037	
0.0-2.4	13.0-30.0	10.0-60.0	1.178-1.571	0.008	0.08	622.0	620.0	483.761	39.0095	136.475	22.8251	-0.611642	0.536001	-0.05	0.0	0.514639	0.0	3.09481	0.0	0.0452282	0.0	0.0196036	0.0	0.03	0.0	1.492	0.04	5.0	0.0	1.733	0.07	0.0352032	0.0	1.65646e-05	0.000171567	0.383885	0.133836	0.132772	0.0	0.00351245	0.0	-0.000441858	0.00234347	1.67468	0.0	0.892568	0.0858238	0.735082	2.92003	0.970928	12.4249	0.0275554	7.99773	0.0129337	0.0558053	0.187726	0.249252	0.0200002	0.624515	-1418.31	4.0	670.1	-11190.8	3.0	11.0273	1.0	277.399	38.1403	206.362	35.0889	0.426578	0.0638581	1.03115	0.032213	
0.0-2.4	6.5-10.0	0.0-100.0	0.000-0.393	0.016	0.152	12907.0	12892.0	6331.92	193.133	6560.94	188.036	-0.0633948	0.0980584	-0.05	0.0	0.401874	0.0	3.09221	0.0	0.0517883	0.0	0.0256776	0.0	0.03	0.0	1.492	0.04	5.0	0.0	1.733	0.07	0.0383693	0.0	1.90055e-05	0.000117681	0.323079	0.0586872	0.138357	0.0473332	0.00466897	0.00498227	0.00288899	0.00102896	1.9815	0.167728	0.950301	0.0218799	0.586811	5.73045	0.645233	2.78799	0.562065	2.67335	0.0218638	0.126652	0.234052	0.104444	0.106259	0.135936	-42885.9	4.0	12744.0	-500880.0	3.0	371.033	1.0	4649.62	222.99	1682.3	179.567	0.265686	0.0271765	1.14951	0.0378072	
0.0-2.4	6.5-10.0	0.0-100.0	0.000-1.571	0.008	0.136	46327.0	46185.0	23304.6	724.414	22881.6	734.161	-0.127982	0.0583604	-0.05	0.0	0.401874	0.182031	3.09221	0.000632628	0.0517883	0.0109254	0.0256776	0.00255746	0.03	0.0	1.492	0.04	5.0	0.0	1.733	0.07	0.0383693	0.00300696	2.70702e-05	5.76409e-05	0.313423	0.0266688	0.173814	0.044334	0.00399264	0.00245512	0.00380681	0.000574076	1.78243	0.0904393	0.961042	0.0131041	0.487087	2.31757	0.66971	0.960923	0.525992	1.54021	0.0334685	0.157033	0.359222	0.258964	0.142264	0.15895	-71848.4	4.0	61709.4	-2126950.0	7.0	27712.4	1.0	17253.4	618.083	6051.16	360.24	0.259656	0.0131833	1.14686	0.0253786	
0.0-2.4	6.5-10.0	0.0-100.0	0.393-0.785	0.016	0.145	12098.0	12077.0	5878.46	175.469	6199.01	182.964	-0.30669	0.0982067	-0.05	0.0	0.401874	0.0	3.09221	0.0	0.0517883	0.0	0.0256776	0.0	0.03	0.0	1.492	0.04	5.0	0.0	1.733	0.07	0.0383693	0.0	1.01928e-05	2.11886	0.32624	0.0469614	0.175237	0.0863871	0.00684653	0.00488837	0.00504432	0.00121918	1.78736	0.174703	1.02073	0.0280155	0.502428	2.56747	0.847864	0.485035	0.49584	1.79775	0.0499018	0.202065	0.221871	0.1478	0.376797	0.791693	-35838.2	4.0	4026.92	-419913.0	3.0	174.346	1.0	4417.14	186.089	1461.32	138.375	0.248589	0.0223393	1.19127	0.0463533	
0.0-2.4	6.5-10.0	0.0-100.0	0.785-1.178	0.016	0.152	11216.0	11212.0	5867.67	192.911	5344.83	187.402	0.0819163	0.12689	-0.05	0.0	0.401874	0.0	3.09221	0.0	0.0517883	0.0	0.0256776	0.0	0.03	0.0	1.492	0.04	5.0	0.0	1.733	0.07	0.0383693	0.0	6.29812e-05	0.000142295	0.401204	0.105514	0.099274	0.0560735	0.00969724	0.0193283	0.00171778	0.00114587	1.94297	0.233692	0.981343	0.0274464	0.733917	4.47096	0.41676	2.49889	0.526765	0.590781	0.0478205	0.211275	0.309834	0.247589	0.0834825	0.0802846	2084.47	4.0	31865.9	-518265.0	3.0	49.2222	1.0	4255.8	236.848	1611.87	198.314	0.274704	0.0325686	1.11454	0.0421708	
0.0-2.4	6.5-10.0	0.0-100.0	1.178-1.571	0.016	0.152	10104.0	10098.0	5214.39	172.969	4883.96	198.499	-0.237076	0.117803	-0.05	0.0	0.401874	0.0	3.09221	0.0	0.0517883	0.0	0.0256776	0.0	0.03	0.0	1.492	0.04	5.0	0.0	1.733	0.07	0.0383693	0.0	5.59521e-05	0.000206186	0.241391	0.0248358	0.652049	0.158969	-0.000734564	0.0019028	0.00116005	0.00163469	1.37047	0.0645511	0.6	0.889027	0.892299	0.624109	0.458187	1.64653	0.515132	1.68491	0.573952	5.7336	0.645479	1.65183	0.0632217	0.293986	-8228.1	4.0	1243.28	-404811.0	3.0	9457.4	1.0	3900.74	165.555	1313.65	112.092	0.251928	0.0198058	1.16186	0.0984512	
0.0-2.4	6.5-10.0	10.0-60.0	0.000-0.393	0.016	0.152	7671.0	7668.0	4109.1	143.939	3559.54	128.79	-0.125626	0.124038	-0.05	0.0	0.401874	0.0	3.09221	0.0	0.0517883	0.0	0.0254233	0.0	0.03	0.0	1.492	0.04	5.0	0.0	1.733	0.07	0.0382679	0.0	1.90055e-05	0.000117681	0.277105	0.0429343	0.173814	0.0	0.00399264	0.0	0.00275238	0.00116524	1.78243	0.0	0.870965	0.0261983	0.389065	1.08512	0.758317	0.578739	0.320372	1.40659	0.0212302	0.0381769	0.196953	0.0738171	0.07366	0.0755565	-32600.5	4.0	4514.97	-252446.0	3.0	362.923	1.0	3004.28	158.01	1104.82	124.057	0.268872	0.028684	1.08579	0.00868112	
0.0-2.4	6.5-10.0	10.0-60.0	0.000-1.571	0.008	0.16	26762.0	26756.0	15007.3	281.592	11747.9	260.583	-0.139616	0.0809776	-0.05	0.0	0.401874	0.0	3.09221	0.0	0.0517883	0.0	0.0254233	0.000608737	0.03	0.0	1.492	0.04	5.0	0.0	1.733	0.07	0.0382679	0.000120945	1.92169e-05	7.62105e-05	0.297875	0.0308193	0.173814	0.0	0.00399264	0.0	0.0027519	0.000698213	1.78243	0.0	0.918777	0.0156489	0.487303	0.550573	0.899453	0.138896	0.508099	0.516049	0.0442925	0.0502033	0.24688	0.0900256	0.552071	1.14813	-50381.6	4.0	54043.5	-1125900.0	4.0	833.685	1.0	11002.0	328.257	4005.33	266.053	0.266892	0.0170062	1.11787	0.00531312	
0.0-2.4	6.5-10.0	10.0-60.0	0.393-0.785	0.016	0.145	7018.0	7015.0	3875.13	135.136	3140.03	130.541	-0.236108	0.135593	-0.05	0.0	0.401874	0.0	3.09221	0.0	0.0517883	0.0	0.0254233	0.0	0.03	0.0	1.492	0.04	5.0	0.0	1.733	0.07	0.0382679	0.0	1.01928e-05	2.11886	0.278371	0.0453552	0.173814	0.0	0.00399264	0.0	0.0041128	0.00150889	1.78243	0.0	1.01618	0.0352984	0.452178	0.539011	0.849892	0.279904	0.483858	0.646291	0.0367674	0.0536286	0.288559	0.219534	0.523539	1.22244	-23216.0	4.0	2055.75	-220727.0	3.0	306.649	1.0	2956.44	144.277	918.689	105.891	0.237073	0.026045	1.18547	0.0124991	
0.0-2.4	6.5-10.0	10.0-60.0	0.785-1.178	0.016	0.152	6255.0	6251.0	3676.66	155.649	2575.08	131.849	-0.0372442	0.203339	-0.05	0.0	0.401874	0.0	3.09221	0.0	0.0517883	0.0	0.0254233	0.0	0.03	0.0	1.492	0.04	5.0	0.0	1.733	0.07	0.0382679	0.0	6.29812e-05	0.000142295	0.399334	0.147526	0.173814	0.0	0.00399264	0.0	0.00212864	0.00157924	1.78243	0.0	0.906984	0.0322915	0.341518	162.426	0.641408	131.879	0.314142	220.22	0.00100056	74.0	0.350438	7.77689	0.0975561	1.56365	16019.4	4.0	31595.4	-302030.0	3.0	315.35	1.0	2606.36	197.982	1070.3	170.514	0.291108	0.0447102	1.10989	0.0109007	
0.0-2.4	6.5-10.0	10.0-60.0	1.178-1.571	0.016	0.136	5816.0	5810.0	3349.54	127.756	2461.36	127.806	-0.145187	0.206404	-0.05	0.0	0.401874	0.0	3.09221	0.0	0.0517883	0.0	0.0254233	0.0	0.03	0.0	1.492	0.04	5.0	0.0	1.733	0.07	0.0382679	0.0	5.49261e-05	0.000220802	0.25802	0.0330306	0.173814	0.0	0.00399264	0.0	0.000891089	0.00136291	1.78243	0.0	0.862085	0.0288963	0.487686	0.128909	0.872815	0.243374	0.461494	0.179154	0.0519719	0.0207087	0.274902	0.108388	1.55161	13.4818	-20156.6	4.0	1460.54	-189567.0	3.0	2356.98	1.0	2407.06	126.4	942.476	94.0227	0.281375	0.0259378	1.07992	0.00952902	
0.0-2.4	6.5-30.0	0.0-10.0	0.000-0.393	0.008	0.136	5921.0	5898.0	2638.24	131.819	3260.44	139.955	0.0159886	0.14535	-0.05	0.0	0.43479	0.0	3.09239	0.0	0.0488432	0.0	0.0249346	0.0	0.03	0.0	1.492	0.04	5.0	0.0	1.733	0.07	0.0372649	0.0	2.92627e-05	6.86787e-05	0.37739	0.125206	0.19835	0.0	0.00208889	0.0	0.00398082	0.00187721	1.70743	0.0	1.01981	0.0392193	0.999997	216.056	0.445623	0.796827	0.676388	0.56095	0.00153348	237.54	0.291307	0.22233	0.122609	0.0915092	-13593.9	4.0	8060.4	-224676.0	3.0	40.5692	1.0	1859.3	153.579	778.939	128.339	0.29525	0.0463549	1.18827	0.0134915	
0.0-2.4	6.5-30.0	0.0-10.0	0.000-1.571	0.008	0.136	22173.0	22100.0	9882.57	247.888	12219.3	282.333	-0.15234	0.0674553	-0.05	0.0	0.43479	0.0	3.09239	0.0	0.0488432	0.0	0.0249346	0.00122141	0.03	0.0	1.492	0.04	5.0	0.0	1.733	0.07	0.0372649	0.000230965	1.61666e-05	1.68756e-05	0.311521	0.0374382	0.19835	0.0	0.00208889	0.0	0.00250518	0.000840484	1.70743	0.0	0.954644	0.0207294	0.872189	0.550988	0.381417	0.440996	0.476272	0.39414	0.183301	0.354531	0.373041	0.210372	0.0657285	0.0801859	-25480.4	4.0	14942.8	-915551.0	4.0	5361.79	1.0	7095.4	260.683	2787.17	202.898	0.282028	0.0192736	1.14404	0.00693331	
0.0-2.4	6.5-30.0	0.0-10.0	0.393-0.785	0.008	0.145	5811.0	5792.0	2433.18	115.486	3360.11	130.692	-0.40076	0.133071	-0.05	0.0	0.43479	0.0	3.09239	0.0	0.0488432	0.0	0.0249346	0.0	0.03	0.0	1.492	0.04	5.0	0.0	1.733	0.07	0.0372649	0.0	2.84864e-05	5.39292e-05	0.357289	0.0692391	0.19835	0.0	0.00208889	0.0	0.00226763	0.00158778	1.70743	0.0	0.992003	0.0400576	0.772311	1.1919	0.756485	2.39273	0.520816	0.254892	0.0786046	0.1698	0.171473	0.13285	0.177307	0.646896	-14654.2	4.0	2119.64	-181808.0	3.0	6.16467	1.0	1656.84	119.393	776.338	97.0996	0.319063	0.0369214	1.16924	0.0136222	
0.0-2.4	6.5-30.0	0.0-10.0	0.785-1.178	0.008	0.128	5499.0	5495.0	2551.71	117.675	2944.05	127.702	0.124729	0.149842	-0.05	0.0	0.43479	0.0	3.09239	0.0	0.0488432	0.0	0.0249346	0.0	0.03	0.0	1.492	0.04	5.0	0.0	1.733	0.07	0.0372649	0.0	2.19419e-05	6.75748	0.324773	0.0672894	0.19835	0.0	0.00208889	0.0	0.00383506	0.0016901	1.70743	0.0	0.983506	0.0440542	0.456025	0.507513	0.903669	1.69264	0.435911	0.495075	0.0572742	0.0424767	0.236177	0.17651	0.0705862	0.0687464	-16292.4	4.0	2109.57	-179723.0	3.0	80.8986	1.0	1861.59	122.462	690.119	92.95	0.270453	0.0342248	1.16348	0.0149266	
0.0-2.4	6.5-30.0	0.0-10.0	1.178-1.571	0.008	0.152	4941.0	4937.0	2262.65	120.0	2675.37	154.052	-0.385708	0.140919	-0.05	0.0	0.43479	0.0	3.09239	0.0	0.0488432	0.0	0.0249346	0.0	0.03	0.0	1.492	0.04	5.0	0.0	1.733	0.07	0.0372649	0.0	1.0825e-05	4.3417e-05	0.205903	0.0286076	0.19835	0.0	0.00208889	0.0	0.00222395	0.00151653	1.70743	0.0	0.888358	0.0394911	0.803837	1.31974	0.406899	1.87981	0.348161	3.5485	0.122119	0.305725	0.806421	1.4514	0.044334	0.260896	7735.81	4.0	306.275	-196983.0	3.0	24288.1	1.0	1701.7	111.927	560.95	72.5792	0.247918	0.0292585	1.10041	0.0127787	
0.0-2.4	6.5-30.0	0.0-100.0	0.000-0.393	0.008	0.152	15770.0	15756.0	8403.21	210.731	7352.79	194.164	-0.0620236	0.0903165	-0.05	0.0	0.43479	0.0	3.09239	0.0	0.0488432	0.0	0.0244928	0.0	0.03	0.0	1.492	0.04	5.0	0.0	1.733	0.07	0.0370989	0.0	1.87871e-05	0.000150437	0.358916	0.050237	0.188773	0.046412	0.00195616	0.00245764	0.00240158	0.00082225	1.81358	0.104055	0.919802	0.0193918	0.678119	3.69957	0.681018	1.57089	0.578351	1.491	0.02421	0.132833	0.229219	0.0778215	0.114067	0.131505	-47255.2	4.0	15285.6	-593937.0	3.0	232.655	1.0	5947.26	230.785	2455.95	186.579	0.292263	0.0209587	1.14334	0.0299571	
0.0-2.4	6.5-30.0	0.0-100.0	0.000-1.571	0.004	0.164	57294.0	57266.0	31156.6	626.051	26109.6	622.495	-0.201914	0.0533815	-0.05	0.0	0.43479	0.124589	3.09239	0.000517136	0.0488432	0.00560414	0.0244928	0.00199398	0.03	0.0	1.492	0.04	5.0	0.0	1.733	0.07	0.0370989	0.00222689	1.00456e-05	6.70688e-06	0.337576	0.0252642	0.19835	0.0380118	0.00208889	0.00129289	0.00287884	0.000453983	1.70743	0.0628596	0.943033	0.0114262	0.593851	0.535188	0.914576	0.310438	0.556264	0.35847	0.0572952	0.0951968	0.285441	0.15822	0.389929	1.70371	-75171.9	4.0	74516.1	-2560080.0	7.0	6594.08	1.0	22328.1	564.176	8828.5	385.323	0.283359	0.0109787	1.1363	0.0197303	
0.0-2.4	6.5-30.0	0.0-100.0	0.393-0.785	0.008	0.145	14916.0	14894.0	7896.85	197.988	6997.51	190.163	-0.351216	0.0906581	-0.05	0.0	0.43479	0.0	3.09239	0.0	0.0488432	0.0	0.0244928	0.0	0.03	0.0	1.492	0.04	5.0	0.0	1.733	0.07	0.0370989	0.0	2.84864e-05	5.39292e-05	0.347114	0.0493856	0.147166	0.0720109	0.00527986	0.00343352	0.0025822	0.000894008	1.76284	0.161967	0.994041	0.0237989	0.590665	0.620351	0.873579	0.238616	0.475657	0.470899	0.0513349	0.067917	0.208564	0.0655716	0.379619	0.667618	-37033.4	4.0	10898.7	-521604.0	3.0	61.7204	1.0	5721.23	218.353	2175.62	173.43	0.275505	0.0208474	1.14019	0.039214	
0.0-2.4	6.5-30.0	0.0-100.0	0.785-1.178	0.008	0.152	13857.0	13853.0	7741.62	214.268	6111.83	196.435	-0.0824662	0.113729	-0.05	0.0	0.43479	0.0	3.09239	0.0	0.0488432	0.0	0.0244928	0.0	0.03	0.0	1.492	0.04	5.0	0.0	1.733	0.07	0.0370989	0.0	1.02728e-05	0.00383331	0.389981	0.0799566	0.110192	0.0438595	0.00642572	0.00380672	0.00221568	0.000926274	1.89395	0.158315	0.96114	0.0240189	0.622852	1.69855	0.585825	1.08693	0.445853	0.665199	0.0426762	0.103596	0.35343	0.152738	0.0873464	0.0618959	2890.74	4.0	42492.0	-625152.0	3.0	28.7499	1.0	5514.51	253.488	2227.11	211.567	0.28768	0.0261429	1.10329	0.0318029	
0.0-2.4	6.5-30.0	0.0-100.0	1.178-1.571	0.008	0.152	12750.0	12744.0	7119.02	189.188	5625.2	203.627	-0.327073	0.110523	-0.05	0.0	0.43479	0.0	3.09239	0.0	0.0488432	0.0	0.0244928	0.0	0.03	0.0	1.492	0.04	5.0	0.0	1.733	0.07	0.0370989	0.0	1.0825e-05	4.3417e-05	0.258676	0.0233126	0.588479	0.127844	-0.000847859	0.00122532	0.00268691	0.0012012	1.39348	0.0566297	0.686183	0.035786	0.698227	0.308254	0.902277	0.367272	0.586769	0.194681	0.0681071	0.0732295	0.432528	0.349755	0.61582	4.27912	-9492.94	4.0	3173.81	-480043.0	3.0	8817.54	1.0	5112.34	181.117	2006.69	131.108	0.281877	0.0168243	1.15606	0.0455661	
0.0-2.4	6.5-30.0	10.0-20.0	0.000-0.393	0.008	0.128	3915.0	3910.0	2016.47	97.9374	1894.09	93.0181	0.169103	0.177918	-0.05	0.0	0.43479	0.0	3.09239	0.0	0.0488432	0.0	0.023815	0.0	0.03	0.0	1.492	0.04	5.0	0.0	1.733	0.07	0.0368486	0.0	1.21272e-05	9.04109	0.314357	0.0602453	0.19835	0.0	0.00208889	0.0	-0.000695546	0.00163582	1.70743	0.0	0.944063	0.0374535	0.963505	38.4875	0.699538	5.27268	0.66845	5.8161	0.00100337	2.27687	0.189848	0.0561837	0.134041	0.0780521	-11891.7	4.0	2566.47	-117509.0	3.0	49.1299	1.0	1316.86	103.139	699.606	87.7584	0.346946	0.0401262	1.13698	0.0124651	
0.0-2.4	6.5-30.0	10.0-20.0	0.000-1.571	0.008	0.16	13948.0	13946.0	7307.55	205.621	6637.8	192.967	-0.128912	0.102189	-0.05	0.0	0.43479	0.0	3.09239	0.0	0.0488432	0.0	0.023815	0.000519523	0.03	0.0	1.492	0.04	5.0	0.0	1.733	0.07	0.0368486	9.48885e-05	1.13588e-05	0.0219528	0.37564	0.0623582	0.19835	0.0	0.00208889	0.0	0.00310782	0.00100971	1.70743	0.0	0.949956	0.0239449	0.465188	7.59871	0.834395	2.63961	0.424604	8.60224	0.0343443	0.552449	0.191946	1.46726	0.435664	5.87033	-22012.4	4.0	18888.5	-542591.0	4.0	6082.04	1.0	5057.52	228.754	2250.02	189.96	0.307904	0.0245088	1.14091	0.00799134	
0.0-2.4	6.5-30.0	10.0-20.0	0.393-0.785	0.008	0.128	3513.0	3491.0	1805.28	103.175	1686.44	93.1076	-0.114547	0.184086	-0.05	0.0	0.43479	0.0	3.09239	0.0	0.0488432	0.0	0.023815	0.0	0.03	0.0	1.492	0.04	5.0	0.0	1.733	0.07	0.0368486	0.0	2.00232e-05	3.80084e-05	0.470615	0.274389	0.19835	0.0	0.00208889	0.0	0.00384514	0.00224542	1.70743	0.0	0.945273	0.0582824	0.438074	7.07436	0.886325	1.03302	0.161289	12.5374	0.034695	0.151516	0.133441	0.113653	0.256538	0.216757	-8403.32	4.0	5610.08	-112631.0	3.0	377.019	1.0	1397.02	132.834	408.261	108.695	0.226148	0.0588059	1.13779	0.0194083	
0.0-2.4	6.5-30.0	10.0-20.0	0.785-1.178	0.008	0.152	3480.0	3476.0	1848.99	117.783	1627.56	109.809	-0.131423	0.251016	-0.05	0.0	0.43479	0.0	3.09239	0.0	0.0488432	0.0	0.023815	0.0	0.03	0.0	1.492	0.04	5.0	0.0	1.733	0.07	0.0368486	0.0	1.02728e-05	0.00383331	0.469488	0.200826	0.19835	0.0	0.00208889	0.0	0.00162791	0.00190438	1.70743	0.0	0.970339	0.0466299	0.950974	121.859	0.43462	23.8707	0.57586	18.1227	0.00100963	171.816	0.640519	0.820284	0.109303	0.0955192	18.1589	4.0	9062.91	-148623.0	3.0	505.755	1.0	1246.25	126.078	602.734	105.202	0.325981	0.0529726	1.15458	0.0157079	
0.0-2.4	6.5-30.0	10.0-20.0	1.178-1.571	0.008	0.12	3039.0	3027.0	1640.43	85.5336	1387.48	83.3793	-0.522307	0.210095	-0.05	0.0	0.43479	0.0	3.09239	0.0	0.0488432	0.0	0.023815	0.0	0.03	0.0	1.492	0.04	5.0	0.0	1.733	0.07	0.0368486	0.0	1.01172e-05	3.47073	0.282176	0.0521355	0.19835	0.0	0.00208889	0.0	0.00210787	0.00189148	1.70743	0.0	0.941468	0.0510284	0.532726	0.211166	0.740582	0.423437	0.466155	0.27823	0.0458395	0.0357936	0.163763	0.0409186	0.447618	0.649795	-7260.81	4.0	960.515	-80713.7	3.0	88.0824	1.0	1073.97	86.669	566.458	72.4438	0.345311	0.0403244	1.13526	0.0169621	
0.0-2.4	6.5-30.0	10.0-30.0	0.000-0.393	0.008	0.128	6628.0	6620.0	3608.63	136.664	3011.63	118.566	0.0247464	0.135699	-0.05	0.0	0.43479	0.0	3.09239	0.0	0.0488432	0.0	0.0237266	0.0	0.03	0.0	1.492	0.04	5.0	0.0	1.733	0.07	0.0368164	0.0	1.21272e-05	9.04109	0.371195	0.0649754	0.19835	0.0	0.00208889	0.0	0.00164321	0.00118809	1.70743	0.0	0.898741	0.0288238	0.50889	1.96614	0.726706	0.88026	0.436217	1.56383	0.0199001	0.060309	0.17955	0.0668134	0.0924915	0.0803652	-22420.3	4.0	6052.66	-223717.0	3.0	516.892	1.0	2484.07	144.854	1124.56	118.095	0.31163	0.0305236	1.10715	0.00937853	
0.0-2.4	6.5-30.0	10.0-30.0	0.000-1.571	0.004	0.164	23391.0	23389.0	12971.9	266.747	10417.3	242.079	-0.130452	0.0862031	-0.05	0.0	0.43479	0.0	3.09239	0.0	0.0488432	0.0	0.0237266	0.000575427	0.03	0.0	1.492	0.04	5.0	0.0	1.733	0.07	0.0368164	0.000104801	1.00456e-05	6.70688e-06	0.393092	0.056517	0.19835	0.0	0.00208889	0.0	0.00293043	0.000709677	1.70743	0.0	0.915027	0.0173477	0.4677	1.01133	0.883592	0.220038	0.428865	1.08834	0.0358232	0.0667201	0.194391	0.0599833	0.427197	0.627735	-20599.3	4.0	46293.9	-1004640.0	4.0	952.196	1.0	9114.48	311.813	3857.38	261.517	0.297365	0.0192106	1.11779	0.00569207	
0.0-2.4	6.5-30.0	10.0-30.0	0.393-0.785	0.008	0.145	5971.0	5967.0	3257.58	128.109	2710.33	113.816	-0.14976	0.141589	-0.05	0.0	0.43479	0.0	3.09239	0.0	0.0488432	0.0	0.0237266	0.0	0.03	0.0	1.492	0.04	5.0	0.0	1.733	0.07	0.0368164	0.0	2.84864e-05	5.39292e-05	0.357901	0.0975616	0.19835	0.0	0.00208889	0.0	0.00388936	0.00154777	1.70743	0.0	0.932325	0.0393382	0.451091	0.324595	0.877194	0.144233	0.308434	0.442137	0.032126	0.0179691	0.144116	0.0218199	0.371526	0.32156	-17301.0	4.0	6626.77	-187005.0	3.0	237.454	1.0	2401.52	151.32	856.065	122.93	0.262791	0.0362938	1.12919	0.0130187	
0.0-2.4	6.5-30.0	10.0-30.0	0.785-1.178	0.008	0.152	5584.0	5581.0	3181.05	149.205	2400.03	130.466	-0.191038	0.212046	-0.05	0.0	0.43479	0.0	3.09239	0.0	0.0488432	0.0	0.0237266	0.0	0.03	0.0	1.492	0.04	5.0	0.0	1.733	0.07	0.0368164	0.0	1.02728e-05	0.00383331	0.523457	0.244697	0.19835	0.0	0.00208889	0.0	0.00154014	0.00155331	1.70743	0.0	0.890215	0.0370929	0.810502	0.351284	0.398195	1.39991	0.344046	2.45194	0.155708	0.176271	0.406425	0.26365	0.037736	0.134771	24363.3	4.0	29596.9	-285575.0	3.0	227.9	1.0	2163.3	179.777	1017.75	155.894	0.319941	0.0466529	1.10161	0.0120147	
0.0-2.4	6.5-30.0	10.0-30.0	1.178-1.571	0.008	0.145	5207.0	5205.0	2920.91	117.505	2284.63	119.733	-0.232624	0.20671	-0.05	0.0	0.43479	0.0	3.09239	0.0	0.0488432	0.0	0.0237266	0.0	0.03	0.0	1.492	0.04	5.0	0.0	1.733	0.07	0.0368164	0.0	1.38171e-05	4.85666e-05	0.292518	0.0433486	0.19835	0.0	0.00208889	0.0	0.00115207	0.00137269	1.70743	0.0	0.889592	0.0325723	0.504191	0.0837978	0.847746	0.235667	0.462324	0.146749	0.042582	0.0137239	0.226712	0.0686608	0.491318	0.769044	-16776.5	4.0	2377.85	-163331.0	3.0	2112.63	1.0	2012.03	115.691	908.885	90.3865	0.311165	0.0282997	1.10121	0.0105469	
0.0-2.4	6.5-30.0	10.0-60.0	0.000-0.393	0.008	0.152	9531.0	9529.0	5484.14	159.347	4044.82	134.646	-0.128475	0.113856	-0.05	0.0	0.43479	0.0	3.09239	0.0	0.0488432	0.0	0.0243062	0.0	0.03	0.0	1.492	0.04	5.0	0.0	1.733	0.07	0.0370295	0.0	1.87871e-05	0.000150437	0.33107	0.0447865	0.19835	0.0	0.00208889	0.0	0.000201013	0.000921454	1.70743	0.0	0.837363	0.0229859	0.857927	0.125133	0.391798	0.333576	0.257524	0.634912	0.112001	0.0592308	0.202238	0.0347403	0.0270443	0.0220521	-34448.1	4.0	6794.56	-309674.0	3.0	309.379	1.0	3866.21	170.506	1617.93	136.611	0.29502	0.0233889	1.06787	0.00722453	
0.0-2.4	6.5-30.0	10.0-60.0	0.000-1.571	0.004	0.164	33851.0	33846.0	20232.1	319.456	13614.5	275.114	-0.227116	0.0722598	-0.05	0.0	0.43479	0.0	3.09239	0.0	0.0488432	0.0	0.0243062	0.000496527	0.03	0.0	1.492	0.04	5.0	0.0	1.733	0.07	0.0370295	9.21071e-05	1.00456e-05	6.70688e-06	0.345389	0.0335901	0.19835	0.0	0.00208889	0.0	0.00237919	0.000545137	1.70743	0.0	0.897658	0.0135926	0.535336	0.703733	0.919291	0.102097	0.464208	0.621414	0.0438788	0.0594651	0.251427	0.0817902	0.624047	1.57205	-51355.3	4.0	58250.3	-1417530.0	4.0	812.635	1.0	14429.5	362.075	5802.58	295.945	0.286801	0.0139089	1.10644	0.00442018	
0.0-2.4	6.5-30.0	10.0-60.0	0.393-0.785	0.008	0.145	8807.0	8803.0	5203.32	157.058	3600.4	137.503	-0.308088	0.12463	-0.05	0.0	0.43479	0.0	3.09239	0.0	0.0488432	0.0	0.0243062	0.0	0.03	0.0	1.492	0.04	5.0	0.0	1.733	0.07	0.0370295	0.0	2.84864e-05	5.39292e-05	0.340484	0.0675993	0.19835	0.0	0.00208889	0.0	0.00316364	0.00117758	1.70743	0.0	0.951657	0.0321975	0.469541	0.455137	0.894279	0.173981	0.378763	0.592901	0.0366067	0.0367038	0.241096	0.122837	0.547921	1.36426	-21728.9	4.0	8686.97	-291482.0	3.0	76.7857	1.0	3865.95	179.45	1337.37	142.18	0.257023	0.0262004	1.14205	0.0107541	
0.0-2.4	6.5-30.0	10.0-60.0	0.785-1.178	0.008	0.152	7981.0	7977.0	4941.22	176.991	3036.68	141.372	-0.228082	0.174711	-0.05	0.0	0.43479	0.0	3.09239	0.0	0.0488432	0.0	0.0243062	0.0	0.03	0.0	1.492	0.04	5.0	0.0	1.733	0.07	0.0370295	0.0	1.02728e-05	0.00383331	0.412364	0.118475	0.19835	0.0	0.00208889	0.0	0.00233175	0.00123523	1.70743	0.0	0.887468	0.0279068	0.499269	54.05	0.616193	16.0849	0.319327	28.6243	0.0103772	1.58527	0.442979	0.364253	0.0940012	0.256462	16481.6	4.0	41081.6	-382582.0	3.0	206.939	1.0	3450.32	208.199	1490.9	175.854	0.301727	0.0339085	1.09983	0.00902592	
0.0-2.4	6.5-30.0	10.0-60.0	1.178-1.571	0.008	0.152	7531.0	7528.0	4604.85	142.907	2923.58	133.678	-0.258322	0.17796	-0.05	0.0	0.43479	0.0	3.09239	0.0	0.0488432	0.0	0.0243062	0.0	0.03	0.0	1.492	0.04	5.0	0.0	1.733	0.07	0.0370295	0.0	1.0825e-05	4.3417e-05	0.293011	0.0341638	0.19835	0.0	0.00208889	0.0	0.00146374	0.00106254	1.70743	0.0	0.870349	0.0258029	0.54329	0.0995108	0.89923	0.172596	0.424196	0.158106	0.0488619	0.0168669	0.262114	0.0717039	1.4904	11.3068	-21039.1	4.0	2908.54	-238064.0	3.0	2450.7	1.0	3209.89	141.781	1394.96	109.784	0.302933	0.0219091	1.08881	0.00826731	
0.0-2.4	6.5-30.0	20.0-30.0	0.000-0.393	0.008	0.105	2712.0	2703.0	1592.36	94.9852	1111.54	73.5234	-0.200501	0.211584	-0.05	0.0	0.43479	0.0	3.09239	0.0	0.0488432	0.0	0.023615	0.0	0.03	0.0	1.492	0.04	5.0	0.0	1.733	0.07	0.0367758	0.0	1.01047e-05	0.00333619	0.463363	0.155102	0.19835	0.0	0.00208889	0.0	0.00357145	0.00151775	1.70743	0.0	0.876483	0.0427706	0.393615	0.31708	0.840183	1.12067	0.357827	0.468819	0.0336057	0.0674452	0.144007	0.107954	0.0886498	0.196096	-10815.8	4.0	3605.05	-88342.3	3.0	633.185	1.0	1153.74	100.344	438.62	77.5704	0.275453	0.0458595	1.09275	0.0137507	
0.0-2.4	6.5-30.0	20.0-30.0	0.000-1.571	0.008	0.136	9442.0	9422.0	5660.4	171.628	3761.91	145.334	-0.148954	0.154378	-0.05	0.0	0.43479	0.0	3.09239	0.0	0.0488432	0.0	0.023615	0.00107258	0.03	0.0	1.492	0.04	5.0	0.0	1.733	0.07	0.0367758	0.000194641	1.61666e-05	1.68756e-05	0.424237	0.112472	0.19835	0.0	0.00208889	0.0	0.00153737	0.00102416	1.70743	0.0	0.854667	0.0255907	0.647361	0.854287	0.589287	1.62902	0.35294	0.944384	0.0526884	0.0493062	0.206508	0.0949624	0.0337617	0.0654446	-688.583	4.0	25837.3	-389233.0	4.0	1215.9	1.0	4042.68	214.171	1617.72	182.346	0.285796	0.0310269	1.07881	0.00812625	
0.0-2.4	6.5-30.0	20.0-30.0	0.393-0.785	0.008	0.105	2457.0	2427.0	1457.74	75.4246	969.624	62.6574	-0.182763	0.219949	-0.05	0.0	0.43479	0.0	3.09239	0.0	0.0488432	0.0	0.023615	0.0	0.03	0.0	1.492	0.04	5.0	0.0	1.733	0.07	0.0367758	0.0	1.22898e-05	0.163554	0.266848	0.0479934	0.19835	0.0	0.00208889	0.0	0.00296741	0.00200746	1.70743	0.0	0.923167	0.0525098	0.657458	0.188349	0.999999	129.876	0.617642	0.145868	0.0505896	0.0306832	0.181981	0.0621905	0.02	965.107	-11491.7	4.0	450.064	-57457.2	3.0	21.7327	1.0	1004.09	76.5054	453.646	60.8683	0.311198	0.0385258	1.12314	0.0172998	
0.0-2.4	6.5-30.0	20.0-30.0	0.785-1.178	0.008	0.12	2104.0	2098.0	1334.34	94.5051	764.303	66.9507	-0.311119	0.392141	-0.05	0.0	0.43479	0.0	3.09239	0.0	0.0488432	0.0	0.023615	0.0	0.03	0.0	1.492	0.04	5.0	0.0	1.733	0.07	0.0367758	0.0	1.50151e-05	1.29092	0.694584	0.838528	0.19835	0.0	0.00208889	0.0	0.00205117	0.00245468	1.70743	0.0	0.839638	0.0609327	0.531698	0.851072	0.925048	0.23087	0.347332	0.840589	0.0302172	0.0363143	0.147516	0.0408227	0.130498	0.145928	21773.1	4.0	15635.2	-112244.0	3.0	10.6671	1.0	909.623	137.835	424.713	125.51	0.318295	0.0913207	1.0693	0.0191777	
0.0-2.4	6.5-30.0	20.0-30.0	1.178-1.571	0.008	0.128	2167.0	2162.0	1279.14	80.709	883.817	85.4179	0.192371	0.481318	-0.05	0.0	0.43479	0.0	3.09239	0.0	0.0488432	0.0	0.023615	0.0	0.03	0.0	1.492	0.04	5.0	0.0	1.733	0.07	0.0367758	0.0	2.47983e-05	5.01035e-05	0.309399	0.0776054	0.19835	0.0	0.00208889	0.0	-0.00231151	0.00237448	1.70743	0.0	0.796859	0.0440604	0.849068	41.7505	0.405955	24.6266	0.248842	5.21013	0.0418008	0.728756	0.332423	2.31482	0.0349521	0.58279	-9731.31	4.0	1849.15	-68085.6	3.0	2397.65	1.0	934.9	78.2773	344.237	55.8517	0.269116	0.0402266	1.04273	0.0134962	
0.0-2.4	6.5-30.0	30.0-60.0	0.000-0.393	0.008	0.12	2903.0	2898.0	1868.72	81.0542	1029.73	64.9324	-0.542388	0.215255	-0.05	0.0	0.43479	0.0	3.09239	0.0	0.0488432	0.0	0.0251167	0.0	0.03	0.0	1.492	0.04	5.0	0.0	1.733	0.07	0.0373339	0.0	1.00028e-05	2.85792e-05	0.250257	0.0434379	0.19835	0.0	0.00208889	0.0	0.00110755	0.00134932	1.70743	0.0	0.754171	0.0357241	0.632004	171.985	0.591467	132.648	0.18479	35.8457	0.0357377	7.38667	0.243774	1.47889	0.021092	1.72447	-12586.7	4.0	576.398	-65984.1	3.0	3.9523	1.0	1374.51	82.6935	494.207	61.183	0.264463	0.0306654	1.01696	0.010619	
0.0-2.4	6.5-30.0	30.0-60.0	0.000-1.571	0.008	0.145	10459.0	10454.0	7249.32	172.782	3204.68	131.904	-0.545981	0.136184	-0.05	0.0	0.43479	0.0	3.09239	0.0	0.0488432	0.0	0.0251167	0.000945577	0.03	0.0	1.492	0.04	5.0	0.0	1.733	0.07	0.0373339	0.000179778	1.27502e-05	0.000164255	0.265484	0.0266495	0.19835	0.0	0.00208889	0.0	0.000640688	0.000818587	1.70743	0.0	0.806112	0.021613	0.776384	1.46179	0.501401	1.00735	0.145239	0.25454	0.0511293	0.0683932	0.436144	0.179382	0.0421643	0.0300022	-36353.5	4.0	5044.06	-331763.0	4.0	406.242	1.0	5247.45	182.065	2001.87	140.648	0.276146	0.0182511	1.04842	0.00666088	
0.0-2.4	6.5-30.0	30.0-60.0	0.393-0.785	0.008	0.12	2835.0	2835.0	1951.22	90.8489	884.587	76.0229	-0.8103	0.299711	-0.05	0.0	0.43479	0.0	3.09239	0.0	0.0488432	0.0	0.0251167	0.0	0.03	0.0	1.492	0.04	5.0	0.0	1.733	0.07	0.0373339	0.0	1.0132e-05	0.0868918	0.288664	0.0679844	0.19835	0.0	0.00208889	0.0	-0.00111061	0.00179071	1.70743	0.0	0.877226	0.053182	0.913625	93.2924	0.385288	23.9714	0.0435255	1.7363	0.0378731	0.266641	0.552606	0.887304	0.0426869	0.249068	-6603.78	4.0	2441.16	-83196.6	3.0	991.735	1.0	1451.06	96.6192	500.158	72.8905	0.256332	0.0353986	1.09323	0.0171049	
0.0-2.4	6.5-30.0	30.0-60.0	0.785-1.178	0.008	0.12	2396.0	2392.0	1753.13	91.1105	639.15	58.4841	-0.393869	0.274489	-0.05	0.0	0.43479	0.0	3.09239	0.0	0.0488432	0.0	0.0251167	0.0	0.03	0.0	1.492	0.04	5.0	0.0	1.733	0.07	0.0373339	0.0	1.50151e-05	1.29092	0.231758	0.0502718	0.19835	0.0	0.00208889	0.0	0.000876499	0.00194572	1.70743	0.0	0.814179	0.0439876	0.898162	1.46724	0.553333	1.31797	0.256824	0.216781	0.0766529	0.110196	0.386254	0.284111	0.0603373	0.0990265	-13332.2	4.0	2272.89	-73644.0	3.0	155.233	1.0	1236.07	104.592	517.06	86.8045	0.294935	0.0470817	1.0534	0.0136273	
0.0-2.4	6.5-30.0	30.0-60.0	1.178-1.571	0.008	0.12	2323.0	2305.0	1667.16	79.8329	638.221	59.8254	-0.34568	0.343073	-0.05	0.0	0.43479	0.0	3.09239	0.0	0.0488432	0.0	0.0251167	0.0	0.03	0.0	1.492	0.04	5.0	0.0	1.733	0.07	0.0373339	0.0	1.01172e-05	3.47073	0.293832	0.0547226	0.19835	0.0	0.00208889	0.0	0.0018776	0.00172282	1.70743	0.0	0.825622	0.0434306	0.688316	0.44793	0.653769	0.758425	0.170131	0.297774	0.0468002	0.0648956	0.605895	0.65943	0.0619847	0.0502669	-6556.0	4.0	861.245	-57032.5	3.0	305.26	1.0	1177.02	80.4119	490.136	61.9696	0.293995	0.0344017	1.06052	0.0135523	
0.0-2.4	6.5-8.0	0.0-100.0	0.000-0.393	0.016	0.136	8769.0	8752.0	3766.75	168.385	4985.66	173.827	-0.125046	0.119472	-0.05	0.0	0.404296	0.0	3.09163	0.0	0.0515077	0.0	0.0270064	0.0	0.03	0.0	1.492	0.04	5.0	0.0	1.733	0.07	0.0388212	0.0	5.8071e-05	0.000360109	0.382274	0.118515	0.313059	0.129726	0.00413537	0.00521731	0.00319199	0.00168858	1.71404	0.172071	0.909284	0.0307593	0.999318	334.486	0.56154	9.69262	0.749759	5.38778	0.00122742	505.441	0.218414	2.7084	0.142058	2.15255	-30135.5	4.0	11318.9	-382098.0	3.0	996.589	1.0	2822.69	202.616	944.065	164.05	0.250631	0.0420862	1.21972	0.068159	
0.0-2.4	6.5-8.0	0.0-100.0	0.000-1.571	0.016	0.16	31128.0	31119.0	13705.6	365.029	17413.6	400.426	-0.0943475	0.0670446	-0.05	0.0	0.404296	0.138674	3.09163	0.000943061	0.0515077	0.00452106	0.0270064	0.00263194	0.03	0.0	1.492	0.04	5.0	0.0	1.733	0.07	0.0388212	0.00132958	2.57968e-05	9.0559e-05	0.291441	0.033713	0.307488	0.0880482	0.00439684	0.00310131	0.00355655	0.000879853	1.63221	0.0944826	0.920632	0.0181985	0.542526	0.360394	0.886155	0.515566	0.638057	0.345853	0.069373	0.104319	0.246664	0.386521	0.480911	3.45723	-82516.2	4.0	19574.0	-1493040.0	7.0	1549.16	1.0	10422.6	370.881	3283.0	261.038	0.239536	0.0179458	1.1858	0.0395069	
0.0-2.4	6.5-8.0	0.0-100.0	0.393-0.785	0.016	0.145	8056.0	8049.0	3310.5	141.085	4738.76	161.825	-0.200283	0.116826	-0.05	0.0	0.404296	0.0	3.09163	0.0	0.0515077	0.0	0.0270064	0.0	0.03	0.0	1.492	0.04	5.0	0.0	1.733	0.07	0.0388212	0.0	3.35609e-05	0.000234572	0.27954	0.0526728	0.488577	0.194943	0.00546084	0.00439552	0.00192135	0.00229233	1.47132	0.124323	0.869386	0.0494685	0.637186	0.181177	0.797754	0.405187	0.531293	0.116436	0.0646871	0.0332922	0.135042	0.0242916	0.25136	0.26241	-34532.1	4.0	933.313	-280862.0	3.0	8.99788	1.0	2632.73	148.867	677.765	102.013	0.204732	0.0295539	1.20175	0.0687828	
0.0-2.4	6.5-8.0	0.0-100.0	0.785-1.178	0.016	0.152	7556.0	7552.0	3547.65	156.362	4005.25	164.796	0.144712	0.146186	-0.05	0.0	0.404296	0.0	3.09163	0.0	0.0515077	0.0	0.0270064	0.0	0.03	0.0	1.492	0.04	5.0	0.0	1.733	0.07	0.0388212	0.0	4.17642e-05	0.79061	0.257048	0.0420894	0.230575	0.110068	0.00708186	0.0153869	0.00254473	0.00159727	1.73111	0.184706	0.894428	0.0352248	0.402394	2.81746	0.421326	1.85538	0.411572	1.44373	0.0370722	0.157389	0.379307	0.406465	0.0825004	0.0525344	-33218.6	4.0	3842.68	-312283.0	3.0	111.371	1.0	2572.46	166.894	975.194	129.791	0.274884	0.0345208	1.14303	0.0628427	
0.0-2.4	6.5-8.0	0.0-100.0	1.178-1.571	0.016	0.152	6745.0	6739.0	3083.03	149.743	3656.21	185.019	-0.17277	0.137563	-0.05	0.0	0.404296	0.0	3.09163	0.0	0.0515077	0.0	0.0270064	0.0	0.03	0.0	1.492	0.04	5.0	0.0	1.733	0.07	0.0388212	0.0	6.96199e-05	0.00138898	0.252974	0.0402684	0.599664	0.33064	-4.6222e-05	0.00372	0.00182406	0.00208658	1.40906	0.147928	0.657213	0.0558076	0.613314	0.652122	0.802786	1.04013	0.655656	0.312916	0.0719958	0.144175	0.525858	1.25808	0.553951	4.35223	-487.806	4.0	1216.8	-304478.0	3.0	9268.69	1.0	2375.28	143.76	707.749	92.4066	0.229563	0.0278216	1.1677	0.122465	
0.0-2.4	6.5-8.0	10.0-60.0	0.000-0.393	0.016	0.128	5092.0	5084.0	2428.06	124.43	2656.19	117.92	-0.152827	0.153793	-0.05	0.0	0.404296	0.0	3.09163	0.0	0.0515077	0.0	0.0261464	0.0	0.03	0.0	1.492	0.04	5.0	0.0	1.733	0.07	0.0384689	0.0	5.95546e-05	0.000344739	0.30565	0.0711754	0.307488	0.0	0.00439684	0.0	-6.31805e-05	0.00185964	1.63221	0.0	0.887117	0.036768	0.998205	91.6683	0.594573	19.4876	0.746304	14.5971	0.00116606	162.455	0.221302	3.12372	0.106296	5.06087	-22156.4	4.0	4418.94	-188255.0	3.0	757.473	1.0	1752.7	140.716	675.359	113.715	0.278148	0.0446118	1.16798	0.00966972	
0.0-2.4	6.5-8.0	10.0-60.0	0.000-1.571	0.016	0.16	17579.0	17573.0	8868.91	235.425	8704.86	233.173	-0.0501567	0.0988748	-0.05	0.0	0.404296	0.0	3.09163	0.0	0.0515077	0.0	0.0261464	0.000887324	0.03	0.0	1.492	0.04	5.0	0.0	1.733	0.07	0.0384689	0.000179632	2.57968e-05	9.0559e-05	0.265596	0.0293865	0.307488	0.0	0.00439684	0.0	0.00159596	0.00104868	1.63221	0.0	0.879582	0.0209163	0.529401	2.08439	0.803356	0.689271	0.619608	1.26172	0.0465607	0.220048	0.214537	0.165516	0.363349	0.827289	-77456.3	4.0	8429.04	-743142.0	4.0	1376.95	1.0	6557.22	256.209	2311.69	197.766	0.260651	0.0211982	1.16402	0.00547263	
0.0-2.4	6.5-8.0	10.0-60.0	0.393-0.785	0.016	0.145	4551.0	4548.0	2259.51	110.014	2288.32	111.654	-0.0500016	0.16888	-0.05	0.0	0.404296	0.0	3.09163	0.0	0.0515077	0.0	0.0261464	0.0	0.03	0.0	1.492	0.04	5.0	0.0	1.733	0.07	0.0384689	0.0	3.35609e-05	0.000234572	0.242678	0.0468469	0.307488	0.0	0.00439684	0.0	0.00272929	0.00241126	1.63221	0.0	0.949845	0.0500638	0.466359	0.967803	0.803944	0.396615	0.500889	0.847229	0.0366654	0.0603276	0.133263	0.0749249	0.353926	0.319854	-23469.3	4.0	341.974	-144295.0	3.0	22.6286	1.0	1782.78	116.546	476.724	81.16	0.210986	0.034419	1.20165	0.0137024	
0.0-2.4	6.5-8.0	10.0-60.0	0.785-1.178	0.016	0.152	4075.0	4071.0	2199.01	122.23	1872.98	114.66	0.127339	0.244684	-0.05	0.0	0.404296	0.0	3.09163	0.0	0.0515077	0.0	0.0261464	0.0	0.03	0.0	1.492	0.04	5.0	0.0	1.733	0.07	0.0384689	0.0	4.17642e-05	0.79061	0.218404	0.052774	0.307488	0.0	0.00439684	0.0	0.00121544	0.00207049	1.63221	0.0	0.871203	0.0367776	0.657802	0.232182	1.0	0.000423368	0.692617	0.161695	0.124116	0.0755855	0.312531	0.204108	0.856618	110.12	-17168.5	4.0	3896.82	-162270.0	3.0	524.323	1.0	1562.87	141.403	636.136	117.04	0.289283	0.0507371	1.15965	0.00956691	
0.0-2.4	6.5-8.0	10.0-60.0	1.178-1.571	0.016	0.136	3859.0	3853.0	1981.58	108.57	1872.09	117.105	-0.0641246	0.25418	-0.05	0.0	0.404296	0.0	3.09163	0.0	0.0515077	0.0	0.0261464	0.0	0.03	0.0	1.492	0.04	5.0	0.0	1.733	0.07	0.0384689	0.0	1.20568e-05	0.0173859	0.287901	0.0557207	0.307488	0.0	0.00439684	0.0	0.000969707	0.00209474	1.63221	0.0	0.785418	0.04344	0.403447	0.16981	0.770325	0.393201	0.53709	0.167632	0.0454969	0.0185841	0.262132	0.115028	0.475168	0.701235	-16733.6	4.0	1870.27	-137334.0	3.0	1709.19	1.0	1446.36	106.994	535.215	77.6388	0.270095	0.0362781	1.11641	0.0105819	
0.0-2.4	8.0-10.0	0.0-100.0	0.000-0.393	0.008	0.152	4138.0	4126.0	2557.39	91.4433	1568.7	76.062	0.148144	0.170867	-0.05	0.0	0.412465	0.0	3.09304	0.0	0.05092	0.0	0.0235067	0.0	0.03	0.0	1.492	0.04	5.0	0.0	1.733	0.07	0.0373378	0.0	1.01039e-05	0.487899	0.251709	0.0327587	0.0783534	0.0380246	0.00336464	0.00777792	0.000801861	0.0011961	2.21072	0.285123	0.917154	0.0303127	0.625249	1.10876	0.657636	1.33337	0.362556	0.534613	0.0419658	0.0800369	0.248978	0.137369	0.0572852	0.0411895	-13901.3	4.0	729.776	-88411.0	3.0	13.7827	1.0	1816.47	93.5207	740.922	72.3147	0.289717	0.0263108	1.0762	0.0441085	
0.0-2.4	8.0-10.0	0.0-100.0	0.000-1.571	0.008	0.152	15199.0	15173.0	9550.73	491.079	5622.66	471.3	-0.246796	0.127829	-0.05	0.0	0.412465	0.311886	3.09304	0.000881446	0.05092	0.0191138	0.0235067	0.00482005	0.03	0.0	1.492	0.04	5.0	0.0	1.733	0.07	0.0373378	0.00544924	1.04463e-05	0.772766	0.344245	0.0475965	0.0999374	0.0382996	0.00376099	0.00404766	0.00294393	0.000767691	1.94825	0.155484	0.977649	0.0191586	0.590599	1.19059	0.950383	0.186048	0.48213	0.990015	0.0432305	0.0855205	0.348826	0.138855	0.391497	1.66268	8786.71	4.0	50939.5	-519825.0	7.0	565336.0	1.0	6811.21	396.372	2739.51	233.022	0.286838	0.019436	1.11338	0.0289589	
0.0-2.4	8.0-10.0	0.0-100.0	0.393-0.785	0.016	0.105	4041.0	3999.0	2558.57	102.523	1440.88	85.693	-0.604572	0.190371	-0.05	0.0	0.412465	0.0	3.09304	0.0	0.05092	0.0	0.0235067	0.0	0.03	0.0	1.492	0.04	5.0	0.0	1.733	0.07	0.0373378	0.0	4.92988e-05	0.000250796	0.36503	0.0759178	0.0871788	0.0543777	0.00869349	0.0183421	0.00497778	0.00161391	2.08798	0.303036	1.04442	0.0399808	0.503196	1.02002	0.940711	0.190079	0.314198	1.33718	0.028518	0.0952222	0.403661	0.286577	0.394852	1.38559	-5314.89	4.0	3479.4	-109979.0	3.0	576.008	1.0	1769.27	108.118	789.302	87.543	0.308493	0.0319046	1.17294	0.0474581	
0.0-2.4	8.0-10.0	0.0-100.0	0.785-1.178	0.008	0.145	3659.0	3659.0	2323.88	116.343	1335.7	86.0744	-0.108622	0.257051	-0.05	0.0	0.412465	0.0	3.09304	0.0	0.05092	0.0	0.0235067	0.0	0.03	0.0	1.492	0.04	5.0	0.0	1.733	0.07	0.0373378	0.0	6.83076e-05	0.000188408	0.684088	0.551376	0.0494462	0.0365968	0.00997806	0.0194271	0.00144712	0.00172947	2.17557	0.39497	1.0333	0.0440061	0.827611	0.0743937	0.999996	58.1982	0.64051	0.0237158	0.0948942	0.021174	0.227793	0.0172979	0.119032	540.964	23705.7	4.0	19438.8	-167114.0	3.0	23.5201	1.0	1630.42	160.769	693.461	142.791	0.298406	0.0596011	1.11756	0.0404447	
0.0-2.4	8.0-10.0	0.0-100.0	1.178-1.571	0.008	0.128	3359.0	3356.0	2124.28	84.9423	1232.31	76.3587	-0.423064	0.207741	-0.05	0.0	0.412465	0.0	3.09304	0.0	0.05092	0.0	0.0235067	0.0	0.03	0.0	1.492	0.04	5.0	0.0	1.733	0.07	0.0373378	0.0	1.54046e-05	0.000145821	0.21736	0.027011	0.681636	0.163444	-0.00101435	0.00214303	0.00233014	0.00224848	1.35029	0.0690844	0.600001	0.239063	0.877209	1.82535	0.669716	2.61815	0.488281	0.815401	0.0555557	0.0793843	0.58586	0.638941	0.0578207	0.0857338	-8175.0	4.0	298.297	-75185.9	3.0	389.054	1.0	1514.46	83.5058	609.821	62.4546	0.287071	0.0270668	1.16509	0.061338	
0.0-2.4	8.0-10.0	10.0-60.0	0.000-0.393	0.008	0.145	2578.0	2576.0	1671.8	69.7294	904.749	54.7305	-0.00636972	0.201948	-0.05	0.0	0.412465	0.0	3.09304	0.0	0.05092	0.0	0.0241119	0.0	0.03	0.0	1.492	0.04	5.0	0.0	1.733	0.07	0.0375638	0.0	1.40048e-05	1.03758	0.22762	0.0317284	0.0999374	0.0	0.00376099	0.0	0.0010855	0.00142162	1.94825	0.0	0.882225	0.0357666	0.577934	0.0407068	0.999994	21.5947	0.333544	0.0616639	0.0429087	0.00471535	0.160765	0.0156099	0.0243835	126.461	-10302.5	4.0	167.85	-47554.5	3.0	0.279616	1.0	1232.69	70.4849	439.115	51.5765	0.262659	0.0288402	1.03917	0.0136652	
0.0-2.4	8.0-10.0	10.0-60.0	0.000-1.571	0.008	0.145	9182.0	9180.0	6117.74	156.69	3062.85	118.495	-0.395847	0.142626	-0.05	0.0	0.412465	0.0	3.09304	0.0	0.05092	0.0	0.0241119	0.000789061	0.03	0.0	1.492	0.04	5.0	0.0	1.733	0.07	0.0375638	0.000148791	1.82514e-05	0.000157912	0.330476	0.061073	0.0999374	0.0	0.00376099	0.0	0.00206335	0.00097213	1.94825	0.0	0.898533	0.0245432	0.61836	3.60232	0.618692	3.01536	0.215349	0.96424	0.0400769	0.11263	0.387681	0.181762	0.0482163	0.0750481	18629.2	4.0	105747.0	-311130.0	4.0	1818.84	1.0	4390.23	194.687	1727.5	164.976	0.282376	0.0259788	1.05167	0.00943688	
0.0-2.4	8.0-10.0	10.0-60.0	0.393-0.785	0.008	0.12	2467.0	2458.0	1606.69	77.491	852.074	68.0198	-0.668149	0.258157	-0.05	0.0	0.412465	0.0	3.09304	0.0	0.05092	0.0	0.0241119	0.0	0.03	0.0	1.492	0.04	5.0	0.0	1.733	0.07	0.0375638	0.0	1.00002e-05	8.80711e-05	0.309569	0.0796929	0.0999374	0.0	0.00376099	0.0	0.00154805	0.00186778	1.94825	0.0	0.946551	0.0546321	0.76093	1.15276	0.585179	2.16159	0.167742	1.7886	0.042733	0.0595708	0.491306	0.422715	0.0371784	0.0543212	-2423.23	4.0	2162.36	-59704.1	3.0	1007.43	1.0	1141.24	84.1132	465.451	67.4488	0.289696	0.0395867	1.08892	0.0213717	
0.0-2.4	8.0-10.0	10.0-60.0	0.785-1.178	0.008	0.112	2179.0	2173.0	1485.82	100.126	687.543	60.4442	-0.459502	0.405495	-0.05	0.0	0.412465	0.0	3.09304	0.0	0.05092	0.0	0.0241119	0.0	0.03	0.0	1.492	0.04	5.0	0.0	1.733	0.07	0.0375638	0.0	1.4617e-05	0.013384	0.71072	0.77606	0.0999374	0.0	0.00376099	0.0	0.00200201	0.00236872	1.94825	0.0	0.95676	0.0590136	0.962266	11.8271	0.627189	3.01554	0.59783	3.23867	0.00100462	2.03553	0.227324	0.0646458	0.0603002	0.0473589	21802.1	4.0	16511.7	-114054.0	3.0	109.076	1.0	988.27	139.531	497.548	127.113	0.334865	0.0825211	1.09692	0.0231644	
0.0-2.4	8.0-10.0	10.0-60.0	1.178-1.571	0.008	0.12	1957.0	1954.0	1360.22	65.7724	594.432	53.6007	-0.423667	0.326163	-0.05	0.0	0.412465	0.0	3.09304	0.0	0.05092	0.0	0.0241119	0.0	0.03	0.0	1.492	0.04	5.0	0.0	1.733	0.07	0.0375638	0.0	4.81487e-05	1.07517	0.221671	0.0325266	0.0999374	0.0	0.00376099	0.0	0.000145203	0.00174205	1.94825	0.0	0.905666	0.0447387	0.656617	0.284671	1.0	0.293539	0.354375	0.378252	0.0560224	0.0354069	0.508709	0.374699	4.98791	2312.53	-4911.25	4.0	167.564	-39264.3	3.0	295.206	1.0	954.677	65.6377	405.543	50.6148	0.298145	0.0343045	1.05716	0.0172486	
1.2-1.6	6.5-30.0	0.0-100.0	0.000-0.393	0.008	0.136	3883.0	3878.0	1952.7	90.9869	1925.93	89.3212	0.0184587	0.157465	-0.05	0.0	0.588162	0.0	3.09138	0.0	0.0435116	0.0	0.0309359	0.0	0.03	0.0	1.492	0.04	5.0	0.0	1.733	0.07	0.0388289	0.0	8.70362e-05	0.000270698	0.318108	0.0815466	0.130197	0.0694199	0.00814269	0.0161506	0.00288211	0.00155825	1.98675	0.266132	0.876363	0.0382277	0.485702	0.48852	0.418059	0.47999	3.42052e-06	13.4146	0.0189338	0.0301301	0.217088	0.0757757	0.0465458	0.012252	-11624.3	4.0	1849.71	-97306.4	3.0	9.04263	1.0	1460.15	101.579	492.553	78.8428	0.252242	0.0386277	1.08717	0.0612996	
1.2-1.6	6.5-30.0	0.0-100.0	0.000-1.571	0.008	0.136	14280.0	14259.0	7198.63	326.283	7060.51	356.699	-0.193148	0.0851779	-0.05	0.0	0.588162	0.232028	3.09138	0.0014291	0.0435116	0.00693706	0.0309359	0.00260872	0.03	0.0	1.492	0.04	5.0	0.0	1.733	0.07	0.0388289	0.0023258	1.03021e-05	0.137313	0.28721	0.0301682	0.0999774	0.0369937	0.00921681	0.0152857	0.00388541	0.000812508	2.02628	0.173102	0.946041	0.0199253	0.520003	33.2316	0.56476	15.7976	0.355122	22.0383	0.0249329	1.00595	0.494797	1.10297	0.0829874	0.368319	-216.38	4.0	5078.16	-496767.0	7.0	142848.0	1.0	5269.25	271.706	1929.38	156.304	0.26802	0.0179965	1.10273	0.0322049	
1.2-1.6	6.5-30.0	0.0-100.0	0.393-0.785	0.008	0.128	3890.0	3883.0	1851.54	92.7402	2031.76	100.855	-0.303329	0.155082	-0.05	0.0	0.588162	0.0	3.09138	0.0	0.0435116	0.0	0.0309359	0.0	0.03	0.0	1.492	0.04	5.0	0.0	1.733	0.07	0.0388289	0.0	1.40773e-05	0.000247178	0.292187	0.0590969	0.0978918	0.063768	0.00830884	0.017385	0.00386216	0.00161116	2.07462	0.34261	1.00978	0.0394986	0.554442	40.2355	0.787995	17.6415	0.528242	25.4438	0.0394565	2.07225	0.38243	3.55823	0.182322	5.49976	-6582.26	4.0	1212.27	-104752.0	3.0	521.215	1.0	1326.87	96.0418	524.673	74.1463	0.283371	0.0374459	1.15809	0.0564617	
1.2-1.6	6.5-30.0	0.0-100.0	0.785-1.178	0.008	0.136	3329.0	3326.0	1734.13	84.8844	1592.36	86.8085	0.0269173	0.1886	-0.05	0.0	0.588162	0.0	3.09138	0.0	0.0435116	0.0	0.0309359	0.0	0.03	0.0	1.492	0.04	5.0	0.0	1.733	0.07	0.0388289	0.0	1.0973e-05	0.00459423	0.306358	0.0709642	0.0383419	0.0282596	0.00999981	0.0173776	0.00362313	0.00150433	2.63905	0.579204	0.950779	0.038857	0.533942	0.239624	0.829897	1.53855	0.440168	0.435365	0.057217	0.0146825	0.232213	0.144006	0.0527407	0.0323071	-6649.44	4.0	1088.72	-83662.2	3.0	140.622	1.0	1310.07	88.4494	424.058	64.3574	0.244536	0.0351288	1.066	0.0514461	
1.2-1.6	6.5-30.0	0.0-100.0	1.178-1.571	0.008	0.12	3177.0	3154.0	1654.14	103.546	1500.54	131.758	-0.562349	0.232489	-0.05	0.0	0.588162	0.0	3.09138	0.0	0.0435116	0.0	0.0309359	0.0	0.03	0.0	1.492	0.04	5.0	0.0	1.733	0.07	0.0388289	0.0	3.21269e-05	0.000513866	0.259905	0.0426119	0.429426	0.219667	0.00289074	0.00368548	0.0042572	0.00229509	1.45696	0.14329	0.763493	0.0615143	0.76004	1.01592	0.607721	2.37616	0.338189	2.36619	0.0827571	0.131721	0.981931	2.44872	0.0474599	0.29772	14411.2	4.0	607.717	-132313.0	3.0	28267.2	1.0	1162.31	91.5157	491.825	63.4755	0.29733	0.0335578	1.11542	0.0866412	
1.2-1.6	6.5-30.0	10.0-60.0	0.000-0.393	0.008	0.12	2422.0	2417.0	1317.58	72.714	1100.28	65.7124	0.0121476	0.205294	-0.05	0.0	0.588162	0.0	3.09138	0.0	0.0435116	0.0	0.0307517	0.0	0.03	0.0	1.492	0.04	5.0	0.0	1.733	0.07	0.0387686	0.0	9.39567e-05	0.000265483	0.348397	0.116981	0.0999774	0.0	0.00921681	0.0	0.00356311	0.00189937	2.02628	0.0	1.02758	0.0442848	0.316953	2457.22	0.870834	992.402	0.168513	5330.82	0.0106318	80.8323	0.219407	2.59462	0.113057	142.272	-6606.83	4.0	1535.76	-55616.2	3.0	33.064	1.0	989.361	81.6396	328.216	63.3396	0.249106	0.0460651	1.16655	0.0175546	
1.2-1.6	6.5-30.0	10.0-60.0	0.000-1.571	0.008	0.128	8167.0	8154.0	4628.17	134.721	3526.03	127.571	-0.312746	0.114147	-0.05	0.0	0.588162	0.0	3.09138	0.0	0.0435116	0.0	0.0307517	0.0025864	0.03	0.0	1.492	0.04	5.0	0.0	1.733	0.07	0.0387686	0.000422455	1.05393e-05	0.000462059	0.270626	0.0339364	0.0999774	0.0	0.00921681	0.0	0.00207146	0.000993189	2.02628	0.0	0.973101	0.0246822	0.728231	0.877642	0.560176	2.30527	0.386061	2.7897	0.0888836	0.133389	0.355043	0.178647	0.035246	0.229656	-18229.3	4.0	2532.78	-214382.0	4.0	450.51	1.0	3422.08	141.27	1206.09	106.146	0.260597	0.021644	1.12372	0.00961851	
1.2-1.6	6.5-30.0	10.0-60.0	0.393-0.785	0.008	0.112	2177.0	2162.0	1137.15	68.107	1025.31	74.1763	-0.546064	0.230862	-0.05	0.0	0.588162	0.0	3.09138	0.0	0.0435116	0.0	0.0307517	0.0	0.03	0.0	1.492	0.04	5.0	0.0	1.733	0.07	0.0387686	0.0	2.07034e-05	0.000129572	0.222859	0.0424275	0.0999774	0.0	0.00921681	0.0	0.00408313	0.00214132	2.02628	0.0	1.05593	0.0504188	0.502278	53.9681	0.85184	14.01	0.502209	43.7298	0.0326207	1.80996	0.622242	3.66987	0.14273	2.616	-2340.09	4.0	256.596	-51513.8	3.0	1026.54	1.0	820.609	68.6317	316.546	51.5188	0.278366	0.0421258	1.18912	0.0201477	
1.2-1.6	6.5-30.0	10.0-60.0	0.785-1.178	0.008	0.128	1809.0	1806.0	1073.73	59.0417	732.576	52.9871	-0.570887	0.242322	-0.05	0.0	0.588162	0.0	3.09138	0.0	0.0435116	0.0	0.0307517	0.0	0.03	0.0	1.492	0.04	5.0	0.0	1.733	0.07	0.0387686	0.0	2.57361e-05	0.000145696	0.209316	0.0367307	0.0999774	0.0	0.00921681	0.0	0.00110307	0.00179393	2.02628	0.0	0.923552	0.0472374	0.576673	0.000715457	1.0	2.80038	0.452613	0.0012673	0.0580038	8.71831e-05	0.222909	0.000308331	0.0242281	78.9675	-7006.42	4.0	32.5835	-34107.4	3.0	46.49	1.0	839.146	59.8499	234.579	40.2399	0.218472	0.0354993	1.08543	0.0180871	
1.2-1.6	6.5-30.0	10.0-60.0	1.178-1.571	0.008	0.105	1757.0	1730.0	1086.78	62.7041	643.608	53.1886	-0.243603	0.277417	-0.05	0.0	0.588162	0.0	3.09138	0.0	0.0435116	0.0	0.0307517	0.0	0.03	0.0	1.492	0.04	5.0	0.0	1.733	0.07	0.0387686	0.0	3.08551e-05	0.00051849	0.294402	0.0632079	0.0999774	0.0	0.00921681	0.0	0.00417875	0.00208378	2.02628	0.0	0.96287	0.0517232	0.593442	0.90547	0.958029	59.9475	0.415506	14.6278	0.0759963	0.213227	0.382805	0.700419	0.0200268	3.56352	-4811.61	4.0	416.57	-36929.7	3.0	27.0305	1.0	769.381	62.8847	317.403	48.1592	0.292057	0.0409846	1.11576	0.0200866	
1.2-2.4	6.5-30.0	0.0-100.0	0.000-0.393	0.008	0.152	9636.0	9621.0	4498.21	142.895	5123.12	150.303	-0.216618	0.0978229	-0.05	0.0	0.598312	0.0	3.09097	0.0	0.0521865	0.0	0.0314629	0.0	0.03	0.0	1.492	0.04	5.0	0.0	1.733	0.07	0.0450233	0.0	3.42723e-05	0.000135506	0.280087	0.041499	0.147506	0.0525668	0.00656579	0.00470592	0.00248497	0.00102497	1.94036	0.171727	0.938691	0.022691	0.488318	26.8894	0.66207	12.158	0.432325	23.371	0.00100519	8.80362	0.231183	0.154931	0.0792971	0.0392017	-30377.5	4.0	2191.22	-268938.0	3.0	10.6691	1.0	3424.1	155.586	1074.11	116.36	0.238787	0.024731	1.14303	0.0403073	
1.2-2.4	6.5-30.0	0.0-100.0	0.000-1.571	0.008	0.128	34348.0	34163.0	17098.6	488.307	17064.4	514.091	-0.326639	0.0593678	-0.05	0.0	0.598312	0.148323	3.09097	0.000900503	0.0521865	0.00508892	0.0314629	0.00170422	0.03	0.0	1.492	0.04	5.0	0.0	1.733	0.07	0.0450233	0.00228239	1.38621e-05	0.000134836	0.273703	0.0181907	0.186805	0.0404235	0.00562667	0.0022307	0.00243661	0.00057662	1.79346	0.0844886	0.918143	0.0135084	0.866479	0.316774	0.439679	0.486362	0.468727	0.567818	0.175018	0.2282	0.341902	0.109823	0.0505936	0.0662566	-61054.7	4.0	6918.53	-1195430.0	7.0	22606.7	1.0	12834.6	418.887	4263.97	236.53	0.249375	0.0118592	1.13418	0.0249548	
1.2-2.4	6.5-30.0	0.0-100.0	0.393-0.785	0.008	0.145	8975.0	8953.0	4281.55	142.112	4672.84	152.538	-0.484814	0.107541	-0.05	0.0	0.598312	0.0	3.09097	0.0	0.0521865	0.0	0.0314629	0.0	0.03	0.0	1.492	0.04	5.0	0.0	1.733	0.07	0.0450233	0.0	2.65486e-05	7.2402e-05	0.284813	0.0399591	0.215726	0.105061	0.00712779	0.00410469	0.00439269	0.00127194	1.7141	0.172696	0.992972	0.0288614	0.651588	1.7492	0.758577	0.636171	0.577496	0.891952	0.0457905	0.171612	0.252749	0.161343	0.380874	0.654075	-18914.3	4.0	1880.18	-263125.0	3.0	392.504	1.0	3212.8	149.843	1068.75	111.083	0.249617	0.0245861	1.18622	0.0517939	
1.2-2.4	6.5-30.0	0.0-100.0	0.785-1.178	0.008	0.152	8089.0	8085.0	4189.23	136.087	3895.34	136.524	-0.191118	0.116827	-0.05	0.0	0.598312	0.0	3.09097	0.0	0.0521865	0.0	0.0314629	0.0	0.03	0.0	1.492	0.04	5.0	0.0	1.733	0.07	0.0450233	0.0	1.03152e-05	0.00396442	0.294439	0.0430783	0.127095	0.057169	0.00999999	0.014517	0.0012937	0.00112181	1.93778	0.197975	0.979195	0.0276541	0.995755	285.304	0.384755	12.4468	0.496142	10.0787	0.00134855	201.756	0.285461	0.0846113	0.068851	0.0347752	-23004.9	4.0	1761.43	-227856.0	3.0	101.745	1.0	3242.77	143.492	946.457	102.168	0.225926	0.0232578	1.14639	0.0421163	
1.2-2.4	6.5-30.0	0.0-100.0	1.178-1.571	0.008	0.152	7647.0	7641.0	4121.0	148.611	3520.52	167.214	-0.463707	0.127043	-0.05	0.0	0.598312	0.0	3.09097	0.0	0.0521865	0.0	0.0314629	0.0	0.03	0.0	1.492	0.04	5.0	0.0	1.733	0.07	0.0450233	0.0	3.88875e-05	0.000353399	0.254386	0.027513	0.376887	0.131541	0.000173054	0.00284995	0.00301658	0.00132573	1.54336	0.106566	0.747509	0.0324101	0.80961	1.56505	0.509764	2.50733	0.425554	3.62278	0.0906252	0.218426	0.594396	0.887027	0.0507458	0.532135	5053.4	4.0	953.474	-273459.0	3.0	18305.6	1.0	2985.96	141.015	1135.04	99.8292	0.275429	0.0220946	1.1162	0.0608438	
1.2-2.4	6.5-30.0	10.0-60.0	0.000-0.393	0.008	0.152	5841.0	5838.0	3016.09	111.266	2822.33	107.436	-0.264158	0.127996	-0.05	0.0	0.598312	0.0	3.09097	0.0	0.0521865	0.0	0.0308754	0.0	0.03	0.0	1.492	0.04	5.0	0.0	1.733	0.07	0.0448596	0.0	3.42723e-05	0.000135506	0.295117	0.0570632	0.186805	0.0	0.00562667	0.0	0.00242772	0.00120325	1.79346	0.0	0.866888	0.0260467	0.695419	2.66191	0.766704	1.11106	0.571639	1.26708	0.0246822	0.106652	0.189242	0.0736328	0.113417	0.163922	-20114.6	4.0	1729.44	-145517.0	3.0	8.00033	1.0	2322.91	122.738	693.176	91.5156	0.229826	0.0291339	1.10089	0.00833938	
1.2-2.4	6.5-30.0	10.0-60.0	0.000-1.571	0.008	0.16	19932.0	19927.0	11005.3	211.68	8922.22	201.412	-0.404503	0.0733486	-0.05	0.0	0.598312	0.0	3.09097	0.0	0.0521865	0.0	0.0308754	0.00158202	0.03	0.0	1.492	0.04	5.0	0.0	1.733	0.07	0.0448596	0.00021869	1.04253e-05	6.6059e-05	0.25607	0.0194965	0.186805	0.0	0.00562667	0.0	0.00346776	0.000702253	1.79346	0.0	0.920107	0.016148	0.586449	0.299885	0.882409	0.156011	0.55725	0.249131	0.0398528	0.0330163	0.255423	0.0644119	0.326704	0.355318	-59544.2	4.0	3447.32	-575659.0	4.0	295.771	1.0	8220.13	221.148	2785.13	163.638	0.253073	0.0140498	1.13548	0.0053204	
1.2-2.4	6.5-30.0	10.0-60.0	0.393-0.785	0.008	0.145	5114.0	5110.0	2739.32	105.463	2371.14	107.939	-0.529097	0.148581	-0.05	0.0	0.598312	0.0	3.09097	0.0	0.0521865	0.0	0.0308754	0.0	0.03	0.0	1.492	0.04	5.0	0.0	1.733	0.07	0.0448596	0.0	2.65486e-05	7.2402e-05	0.209414	0.027041	0.186805	0.0	0.00562667	0.0	0.00480612	0.00157603	1.79346	0.0	1.01759	0.0354316	0.519472	1.33725	0.800127	0.540682	0.543861	1.06028	0.0294585	0.0897449	0.331215	0.286044	0.583044	1.29078	-11284.3	4.0	374.105	-129973.0	3.0	645.53	1.0	2045.64	109.766	693.675	80.9882	0.253229	0.0279114	1.20121	0.0122042	
1.2-2.4	6.5-30.0	10.0-60.0	0.785-1.178	0.008	0.152	4576.0	4573.0	2611.8	99.4682	1960.98	90.8742	-0.417626	0.154182	-0.05	0.0	0.598312	0.0	3.09097	0.0	0.0521865	0.0	0.0308754	0.0	0.03	0.0	1.492	0.04	5.0	0.0	1.733	0.07	0.0448596	0.0	1.03152e-05	0.00396442	0.243108	0.0339797	0.186805	0.0	0.00562667	0.0	0.00107281	0.00143809	1.79346	0.0	0.911285	0.0342351	0.74017	0.229498	0.584511	1.52477	0.367221	1.47634	0.0993148	0.0707975	0.212603	0.0644624	0.0292496	0.0610117	-16574.7	4.0	434.571	-107316.0	3.0	18.1729	1.0	1971.35	103.678	640.443	75.5474	0.245212	0.0273765	1.12968	0.0112289	
1.2-2.4	6.5-30.0	10.0-60.0	1.178-1.571	0.008	0.152	4400.0	4397.0	2642.91	101.75	1754.63	88.5374	-0.441405	0.167203	-0.05	0.0	0.598312	0.0	3.09097	0.0	0.0521865	0.0	0.0308754	0.0	0.03	0.0	1.492	0.04	5.0	0.0	1.733	0.07	0.0448596	0.0	3.88875e-05	0.000353399	0.276077	0.0368929	0.186805	0.0	0.00562667	0.0	0.00263442	0.00141693	1.79346	0.0	0.798269	0.0373238	0.684849	0.225645	0.403622	0.312945	4.08833e-06	335.021	0.0623088	0.033654	0.311761	0.0824912	0.0200008	0.120264	-13145.9	4.0	703.077	-108306.0	3.0	13.0467	1.0	1855.07	103.522	787.841	80.8461	0.298096	0.0283553	1.05785	0.0114518	
1.6-2.4	3.0-6.5	0.0-100.0	0.000-0.393	0.016	0.232	80573.0	80557.0	12951.4	655.676	67606.5	1074.42	-0.0906341	0.0533177	-0.05	0.0	0.951058	0.0	3.08932	0.0	0.0536964	0.0	0.0141432	0.0	0.03	0.0	1.86	0.0	5.0	0.0	1.38	0.0	0.0524593	0.0	0.000149401	0.0117133	0.351846	0.246034	0.473976	0.263955	-0.00707842	0.0107562	0.01	18.3683	1.54049	0.193925	0.793576	0.0869885	0.999999	3672.32	0.769088	0.577636	0.70092	4.07299	0.00102792	481967.0	0.120177	2.10282	0.791019	1.40606	-395415.0	4.0	19320.1	-10818900.0	3.0	1134.29	1.0	11053.6	2196.5	1897.81	2126.19	0.146534	0.164	1.20668	0.112952	
1.6-2.4	3.0-6.5	0.0-100.0	0.000-1.571	0.016	0.264	299742.0	299724.0	46366.2	1461.61	253358.0	2233.28	-0.0488006	0.0282372	-0.05	0.0	0.951058	0.0449499	3.08932	0.00150104	0.0536964	0.00278674	0.0141432	0.00501907	0.03	0.0	1.86	0.0	5.0	0.0	1.38	0.0	0.0524593	0.00147356	1.10324e-05	0.0465138	0.313957	0.0408374	0.306676	0.207312	-0.00606766	0.0158233	0.01	0.00782505	1.65447	0.204252	0.914759	0.0092518	1.0	17.3424	0.767869	0.000267537	0.750193	0.00118283	0.00145654	1318570.0	0.13646	0.000844829	0.797353	0.000249375	-1674160.0	4.0	44046.1	-45410100.0	7.0	23129.6	1.0	38993.2	1529.03	7372.92	938.636	0.159015	0.0196136	1.19148	0.0934434	
1.6-2.4	3.0-6.5	0.0-100.0	0.393-0.785	0.016	0.264	76915.0	76904.0	11049.3	634.012	65854.2	1069.49	-0.146066	0.0550655	-0.05	0.0	0.951058	0.0	3.08932	0.0	0.0536964	0.0	0.0141432	0.0	0.03	0.0	1.86	0.0	5.0	0.0	1.38	0.0	0.0524593	0.0	0.000104776	0.00436801	0.302234	0.0680643	0.434071	0.259887	-0.00999985	0.0153683	0.01	0.00326035	1.61272	0.231443	0.794507	0.0195036	1.0	0.982689	0.810751	0.000485663	0.72269	0.00111174	0.00251063	195.352	0.142593	0.00056223	0.465682	0.00176806	-399388.0	4.0	8597.0	-10234100.0	3.0	4094.58	1.0	9143.33	687.758	1906.0	457.952	0.172499	0.0402469	1.2191	0.124288	
1.6-2.4	3.0-6.5	0.0-100.0	0.785-1.178	0.016	0.24	72385.0	72378.0	11088.4	616.487	61289.4	1024.94	-0.0716152	0.0562788	-0.05	0.0	0.951058	0.0	3.08932	0.0	0.0536964	0.0	0.0141432	0.0	0.03	0.0	1.86	0.0	5.0	0.0	1.38	0.0	0.0524593	0.0	2.10511e-05	0.000549047	0.245597	0.0652166	0.0818643	0.0702753	-0.01	0.0192987	0.01	0.000928025	2.29979	0.540786	1.08477	0.0164628	0.996328	2573.39	0.766799	239.907	0.811743	270.716	0.001105	258806.0	0.167988	135.515	1.09774	211.566	-469344.0	4.0	9273.61	-9571590.0	3.0	1889.03	1.0	9299.41	710.129	1789.0	496.853	0.16134	0.0439013	1.23019	0.0721526	
1.6-2.4	3.0-6.5	0.0-100.0	1.178-1.571	0.016	0.24	69867.0	69861.0	11267.5	619.164	58593.6	1017.55	0.133138	0.0605774	-0.05	0.0	0.951058	0.0	3.08932	0.0	0.0536964	0.0	0.0141432	0.0	0.03	0.0	1.86	0.0	5.0	0.0	1.38	0.0	0.0524593	0.0	3.20725e-05	0.0130815	0.347302	0.0850522	0.862746	0.0705318	0.0058369	0.00486993	0.01	0.00970569	1.3149	0.0586406	0.6	0.0473485	1.0	12899000.0	0.724211	290241.0	0.776433	254629.0	0.00107517	15742100.0	0.126811	193494.0	1.12814	428282.0	-408823.0	4.0	8424.19	-9428400.0	3.0	4483.25	1.0	9502.42	647.958	1765.13	395.725	0.156656	0.0340495	1.24139	0.0331432	
1.6-2.4	3.0-6.5	10.0-60.0	0.000-0.393	0.016	0.209	43382.0	43314.0	8562.03	478.329	34751.6	747.884	-0.12626	0.0716643	-0.05	0.0	0.951058	0.0	3.08932	0.0	0.0536964	0.0	0.0142319	0.0	0.03	0.0	1.86	0.0	5.0	0.0	1.38	0.0	0.0524605	0.0	0.000129268	0.000932346	0.284663	0.0718239	0.306676	0.0	-0.00606766	0.0	0.00730786	0.00184506	1.65447	0.0	0.891359	0.0230075	0.999999	17.4577	0.77792	0.0021227	0.714331	0.0080406	0.00116145	302.179	0.105644	0.0035249	0.797603	0.0198523	-321110.0	4.0	1840.26	-5025980.0	3.0	2073.37	1.0	7424.58	510.752	1137.45	304.729	0.132848	0.0348083	1.17912	0.00602936	
1.6-2.4	3.0-6.5	10.0-60.0	0.000-1.571	0.016	0.209	154544.0	154417.0	29267.4	891.777	125150.0	1405.33	-0.049111	0.0381071	-0.05	0.0	0.951058	0.0	3.08932	0.0	0.0536964	0.0	0.0142319	0.00328681	0.03	0.0	1.86	0.0	5.0	0.0	1.38	0.0	0.0524605	2.18201e-05	2.44459e-05	0.000226863	0.298418	0.0369253	0.306676	0.0	-0.00606766	0.0	0.00815107	0.00102909	1.65447	0.0	0.89304	0.0123288	0.998444	333.452	0.815828	0.041216	0.732174	1.54736	0.00110259	753.994	0.112395	0.602587	0.554811	1.14125	-1272390.0	4.0	8633.11	-20080700.0	4.0	4390.78	1.0	24489.9	955.832	4777.53	614.803	0.163237	0.0204091	1.18	0.00323457	
1.6-2.4	3.0-6.5	10.0-60.0	0.393-0.785	0.016	0.209	39996.0	39944.0	6922.68	442.075	33021.5	716.895	-0.136665	0.0736226	-0.05	0.0	0.951058	0.0	3.08932	0.0	0.0536964	0.0	0.0142319	0.0	0.03	0.0	1.86	0.0	5.0	0.0	1.38	0.0	0.0524605	0.0	0.000185134	0.00079819	0.298191	0.0580079	0.306676	0.0	-0.00606766	0.0	0.00887461	0.00271807	1.65447	0.0	0.868476	0.0246697	0.699065	418.938	0.856371	10.1804	0.621029	106.582	0.00100148	142.988	0.115468	16.8085	0.316561	45.005	-307864.0	4.0	2183.95	-4467940.0	3.0	1903.62	1.0	5373.11	459.389	1549.57	321.089	0.22384	0.0441246	1.16722	0.00636322	
1.6-2.4	3.0-6.5	10.0-60.0	0.785-1.178	0.016	0.2	36474.0	36474.0	6859.69	427.555	29614.8	671.171	-0.0355016	0.0779141	-0.05	0.0	0.951058	0.0	3.08932	0.0	0.0536964	0.0	0.0142319	0.0	0.03	0.0	1.86	0.0	5.0	0.0	1.38	0.0	0.0524605	0.0	3.10689e-05	0.000375227	0.254114	0.0683564	0.306676	0.0	-0.00606766	0.0	0.00709802	0.00186362	1.65447	0.0	0.836914	0.0257696	0.355422	7.19596	0.943163	1.60968	6.62624e-07	40.3986	0.00484611	0.16509	0.0846391	0.639913	0.40239	0.374178	-349390.0	4.0	2376.04	-4089930.0	3.0	241.967	1.0	5686.65	489.536	1173.04	345.488	0.171005	0.0492243	1.15112	0.00649492	
1.6-2.4	3.0-6.5	10.0-60.0	1.178-1.571	0.016	0.2	34691.0	34647.0	6940.32	432.775	27707.3	669.468	0.144269	0.0840901	-0.05	0.0	0.951058	0.0	3.08932	0.0	0.0536964	0.0	0.0142319	0.0	0.03	0.0	1.86	0.0	5.0	0.0	1.38	0.0	0.0524605	0.0	1.12763e-05	0.178932	0.365165	0.113706	0.306676	0.0	-0.00606766	0.0	0.0086075	0.00199186	1.65447	0.0	0.930636	0.0257539	1.0	0.470784	0.836996	1.88926e-05	0.787456	4.20216e-05	0.00168823	193.498	0.136612	2.22018e-05	0.512659	8.33735e-05	-306082.0	4.0	2822.79	-3981480.0	3.0	1615.8	1.0	5989.7	459.019	950.621	273.335	0.136971	0.0384463	1.19997	0.00692401	
1.6-2.4	6.5-30.0	0.0-100.0	0.000-0.393	0.008	0.152	5752.0	5740.0	2551.08	110.609	3189.48	121.147	-0.364572	0.125862	-0.05	0.0	0.635672	0.0	3.09049	0.0	0.0573658	0.0	0.0331069	0.0	0.03	0.0	1.492	0.04	5.0	0.0	1.733	0.07	0.0499121	0.0	3.15307e-05	0.000173778	0.250854	0.0386797	0.171695	0.085994	0.00507026	0.00583142	0.0038486	0.00135284	1.8838	0.229153	0.922484	0.0286134	0.984722	3.54364	0.545204	0.692187	0.702515	0.340713	0.00109516	6.45068	0.250801	0.0814042	0.101875	0.0365681	-19393.9	4.0	335.434	-150784.0	3.0	26.1769	1.0	1974.91	113.698	576.17	78.8619	0.225853	0.0293211	1.14637	0.0607909	
1.6-2.4	6.5-30.0	0.0-100.0	0.000-1.571	0.008	0.152	20068.0	20032.0	9911.97	438.31	10120.9	444.824	-0.441528	0.0832617	-0.05	0.0	0.635672	0.266937	3.09049	0.00126732	0.0573658	0.00848096	0.0331069	0.00578497	0.03	0.0	1.492	0.04	5.0	0.0	1.733	0.07	0.0499121	0.00317597	1.37144e-05	0.000327844	0.265466	0.0220754	0.337019	0.0765519	0.00343684	0.00197833	0.00350145	0.000888492	1.60396	0.0792233	0.893422	0.01945	0.754261	2.12222	0.808888	0.42758	0.662111	0.555756	0.0648788	0.423472	0.232942	0.126585	0.286874	0.408893	-64847.0	4.0	1930.25	-621728.0	7.0	502.053	1.0	7630.64	368.605	2281.33	179.412	0.230159	0.0149681	1.18162	0.0343239	
1.6-2.4	6.5-30.0	0.0-100.0	0.393-0.785	0.008	0.145	5085.0	5068.0	2425.1	107.385	2643.55	113.879	-0.630211	0.1457	-0.05	0.0	0.635672	0.0	3.09049	0.0	0.0573658	0.0	0.0331069	0.0	0.03	0.0	1.492	0.04	5.0	0.0	1.733	0.07	0.0499121	0.0	1.91191e-05	0.000301555	0.281398	0.053777	0.653479	0.0874734	0.00512757	0.00198312	0.00402737	0.0030745	1.36098	0.0597214	0.787192	0.0685468	0.828045	3.19094	0.639789	1.08736	0.58457	1.17755	0.0309888	0.378866	0.176034	0.0685389	0.361491	0.237697	-13263.0	4.0	671.048	-137088.0	3.0	63.5461	1.0	1880.0	112.82	545.092	79.8801	0.224771	0.0313992	1.1938	0.0326503	
1.6-2.4	6.5-30.0	0.0-100.0	0.785-1.178	0.008	0.145	4759.0	4755.0	2470.87	106.9	2284.37	105.433	-0.357505	0.151052	-0.05	0.0	0.635672	0.0	3.09049	0.0	0.0573658	0.0	0.0331069	0.0	0.03	0.0	1.492	0.04	5.0	0.0	1.733	0.07	0.0499121	0.0	1.00081e-05	0.000130579	0.279872	0.0502009	0.283905	0.121121	0.00876046	0.0144238	0.00173029	0.00185488	1.63893	0.152102	0.983715	0.0425547	0.534413	7.86904	0.64019	3.55888	0.43679	5.89618	0.0153423	0.53912	0.29181	0.123551	0.0912202	0.0865082	-16141.1	4.0	565.048	-125882.0	3.0	23.6504	1.0	1952.27	111.194	518.598	75.7203	0.209885	0.029269	1.20647	0.0536168	
1.6-2.4	6.5-30.0	0.0-100.0	1.178-1.571	0.008	0.152	4470.0	4468.0	2469.01	103.929	1999.03	97.6983	-0.410986	0.159617	-0.05	0.0	0.635672	0.0	3.09049	0.0	0.0573658	0.0	0.0331069	0.0	0.03	0.0	1.492	0.04	5.0	0.0	1.733	0.07	0.0499121	0.0	2.89134e-05	0.000256279	0.25559	0.0360797	0.350351	0.133684	-0.00427118	0.00495361	0.0028745	0.00167385	1.6055	0.129976	0.777463	0.0377991	0.750152	0.843866	0.994473	137.466	0.674993	12.4014	0.0887278	0.213984	0.264922	0.234944	0.020135	282.346	-16776.6	4.0	369.008	-115890.0	3.0	31.7234	1.0	1823.27	104.822	645.74	76.396	0.261538	0.0289172	1.13831	0.0667668	
1.6-2.4	6.5-30.0	10.0-60.0	0.000-0.393	0.008	0.152	3418.0	3418.0	1699.66	84.3028	1719.18	85.0451	-0.444465	0.16554	-0.05	0.0	0.635672	0.0	3.09049	0.0	0.0573658	0.0	0.032288	0.0	0.03	0.0	1.492	0.04	5.0	0.0	1.733	0.07	0.0497163	0.0	3.15307e-05	0.000173778	0.245374	0.0443379	0.337019	0.0	0.00343684	0.0	0.00224312	0.00161619	1.60396	0.0	0.751794	0.0326192	0.989355	1.86689	0.70813	0.254931	0.726404	0.173422	0.00101135	0.985021	0.182941	0.0408123	0.131463	0.0588394	-14102.8	4.0	182.004	-77913.7	3.0	1.67799	1.0	1327.4	86.2726	372.264	58.7296	0.219022	0.0328016	1.11434	0.007295	
1.6-2.4	6.5-30.0	10.0-60.0	0.000-1.571	0.008	0.16	11765.0	11762.0	6384.83	163.711	5378.05	155.599	-0.476814	0.0952363	-0.05	0.0	0.635672	0.0	3.09049	0.0	0.0573658	0.0	0.032288	0.00226974	0.03	0.0	1.492	0.04	5.0	0.0	1.733	0.07	0.0497163	0.000268523	3.34301e-05	6.81326e-05	0.245847	0.0224724	0.337019	0.0	0.00343684	0.0	0.00352562	0.00102987	1.60396	0.0	0.806011	0.0226463	0.598143	0.443208	0.861985	0.141894	0.542525	0.310715	0.0275781	0.021111	0.189715	0.0297032	0.350665	0.212678	-42822.4	4.0	992.819	-319702.0	4.0	30.1542	1.0	4792.71	169.284	1592.12	123.378	0.24936	0.0182351	1.13919	0.00531144	
1.6-2.4	6.5-30.0	10.0-60.0	0.393-0.785	0.008	0.145	2936.0	2932.0	1594.64	79.8985	1337.99	77.3947	-0.541204	0.194519	-0.05	0.0	0.635672	0.0	3.09049	0.0	0.0573658	0.0	0.032288	0.0	0.03	0.0	1.492	0.04	5.0	0.0	1.733	0.07	0.0497163	0.0	1.91191e-05	0.000301555	0.193403	0.0340491	0.337019	0.0	0.00343684	0.0	0.00498153	0.00233267	1.60396	0.0	0.899765	0.0534473	0.535506	0.639066	0.789587	0.366134	0.419369	0.768955	0.0249377	0.0322084	0.165312	0.0633003	0.56942	0.641212	-9942.79	4.0	110.248	-66643.6	3.0	38.4353	1.0	1227.97	85.8363	366.672	62.609	0.22994	0.0375338	1.18481	0.0134548	
1.6-2.4	6.5-30.0	10.0-60.0	0.785-1.178	0.008	0.145	2767.0	2763.0	1544.31	80.4036	1219.39	73.7935	-0.348282	0.200952	-0.05	0.0	0.635672	0.0	3.09049	0.0	0.0573658	0.0	0.032288	0.0	0.03	0.0	1.492	0.04	5.0	0.0	1.733	0.07	0.0497163	0.0	1.00081e-05	0.000130579	0.266102	0.0508314	0.337019	0.0	0.00343684	0.0	0.00171027	0.00245836	1.60396	0.0	0.923672	0.0529761	0.999888	63.0762	0.656914	3.2634	0.667899	3.36437	0.00100002	26.7858	0.20021	0.0641417	0.148436	0.136553	-9753.82	4.0	399.239	-64383.2	3.0	0.164632	1.0	1130.42	84.2071	413.892	63.9636	0.268011	0.0389976	1.19695	0.0135517	
1.6-2.4	6.5-30.0	10.0-60.0	1.178-1.571	0.008	0.152	2642.0	2640.0	1546.9	79.2976	1093.43	69.9981	-0.574817	0.210643	-0.05	0.0	0.635672	0.0	3.09049	0.0	0.0573658	0.0	0.032288	0.0	0.03	0.0	1.492	0.04	5.0	0.0	1.733	0.07	0.0497163	0.0	2.89134e-05	0.000256279	0.267701	0.0452304	0.337019	0.0	0.00343684	0.0	0.00139891	0.00194653	1.60396	0.0	0.640575	0.0532026	0.999995	28.8434	0.248305	0.0804037	1.60292e-07	1.28885	0.00212361	63.0194	0.261368	0.0591739	0.0231403	0.00516045	-9726.67	4.0	316.682	-60707.6	3.0	4.79765	1.0	1084.87	80.6565	462.03	63.0369	0.298682	0.0377648	1.06728	0.0105851	
