ctau1mm
rap	pT	cent	dPhi	ctauErrMin	ctauErrMax	NoCutEntry	CutEntry	NSig	NSigErr	NBkg	NBkgErr	coefExp	coefExpErr	coefPol1	coefPol1Err	coeffGaus	coeffGausErr	meanSig1	meanSig1Err	sigmaSig1	sigmaSig1Err	sigmaSig2	sigmaSig2Err	sigmaSig3	sigmaSig3Err	alpha	alphaErr	enne	enneErr	enneW	enneWErr	sigWidth	sigWidthErr	Gmc	GmcErr	bTau	bTauErr	fracRes	fracResErr	meanResSigW	meanResSigWErr	meanResSigN	meanResSigNErr	sigmaResSigW	sigmaResSigWErr	sigmaResSigN	sigmaResSigNErr	fpm	fpmErr	fLiving	fLivingErr	fbkgCtTot	fbkgCtTotErr	lambdam	lambdamErr	lambdap	lambdapErr	lambdasym	lambdasymErr	NLL	nFitPar	EDM	NLLMass	nFitParMass	EDMMass	Prob	PROMPT	PROMPTErr	NON-PROMPT	NON-PROMPTErr	Bfraction	BfractionErr	Resolution	ResolutionErr	
0.0-0.4	6.5-30.0	0.0-100.0	0.000-1.571	0.008	0.105	8533.0	8521.0	7362.49	147.872	1158.53	75.8983	-1.03549	0.181295	-0.05	0.0	0.419181	0.144009	3.0937	0.000423915	0.0151261	0.00191022	0.0232086	0.000994718	0.03	0.0	1.696	0.05	5.0	0.0	1.718	0.07	0.0202178	0.000446862	1.68647e-05	3.60603e-05	0.368229	0.0119322	0.0412563	0.0187466	-0.00568417	0.00506639	0.000272391	0.000658314	1.9561	0.23217	0.976161	0.0195521	0.960308	0.0331725	0.906191	0.0722944	0.18338	0.0975688	0.341161	0.279519	0.353322	0.0243407	0.0700298	0.094739	-56798.6	4.0	296.701	-196732.0	7.0	421.429	1.0	5345.87	127.769	2016.62	80.2332	0.273904	0.00940709	1.0351	0.0181466	
0.0-1.2	6.5-30.0	0.0-100.0	0.000-1.571	0.008	0.145	29863.0	29846.0	25789.1	259.523	4056.13	126.977	-1.06541	0.097399	-0.05	0.0	0.377132	0.0446222	3.09372	0.000275967	0.0183639	0.00104724	0.0311893	0.00048871	0.03	0.0	1.696	0.05	5.0	0.0	1.718	0.07	0.0270756	0.000342408	3.35891e-05	7.03403e-08	0.367521	0.0071141	0.0363835	0.00953099	-0.00179413	0.00321886	0.000342825	0.000346531	2.02745	0.140729	0.989042	0.0103564	0.971066	0.0249923	0.916388	0.0335726	0.261044	0.0395766	0.0489735	0.0767033	0.410675	0.0167355	0.194253	0.0510883	-173556.0	4.0	438.832	-751394.0	7.0	299.195	1.0	18693.8	230.276	7095.29	150.784	0.275128	0.0051497	1.04507	0.00989805	
0.0-2.4	10.0-13.0	0.0-100.0	0.000-1.571	0.008	0.145	11932.0	11923.0	10160.5	146.912	1762.63	84.7229	-1.22038	0.132114	-0.05	0.0	0.452903	0.0647623	3.09341	0.000474742	0.0465814	0.00277854	0.0233588	0.000965007	0.03	0.0	1.696	0.05	5.0	0.0	1.718	0.07	0.0357944	0.00111349	5.4086e-05	1.12806e-09	0.384981	0.0106449	0.0847722	0.0318272	0.00318917	0.00280993	0.000681752	0.000481929	1.61951	0.135984	0.944761	0.0149055	0.83811	1.14864	0.976376	0.023201	0.136644	0.984531	0.0286253	0.0744211	0.396667	0.0236466	0.157344	0.0884202	-43356.3	4.0	8.76198	-198335.0	7.0	60.0945	1.0	7067.4	126.82	3093.07	87.4126	0.304422	0.00739189	1.01944	0.017498	
0.0-2.4	10.0-30.0	0.0-100.0	0.000-1.571	0.008	0.145	18741.0	18730.0	15682.0	181.189	3049.0	108.559	-1.22766	0.0991846	-0.05	0.0	0.462423	0.0546547	3.09354	0.00037448	0.0455643	0.00214369	0.0229424	0.000883575	0.03	0.0	1.696	0.05	5.0	0.0	1.718	0.07	0.0352561	0.000891595	1.34171e-05	1.68501e-09	0.373668	0.00759966	0.061429	0.0187332	-0.00106161	0.00252365	0.000285732	0.00036151	1.76588	0.127349	0.968812	0.0119424	0.946548	0.0333413	0.962584	0.0150664	0.2391	0.0266038	0.0264641	0.00975009	0.418573	0.0165123	0.170593	0.0516544	-63072.0	4.0	16.0606	-315772.0	7.0	89.7075	1.0	10205.2	151.471	5476.8	114.214	0.349242	0.00606316	1.03561	0.0130053	
0.0-2.4	11.0-13.0	0.0-100.0	0.000-1.571	0.008	0.145	6378.0	6375.0	5442.48	108.372	933.101	64.222	-1.34791	0.184459	-0.05	0.0	0.345938	0.0845203	3.09367	0.000643433	0.0536209	0.00598876	0.0248812	0.00141672	0.03	0.0	1.696	0.05	5.0	0.0	1.718	0.07	0.0374106	0.0019807	1.95666e-05	9.68631e-08	0.392392	0.0140706	0.152755	0.0965681	0.00355134	0.00260494	0.000260612	0.000697732	1.43754	0.174684	0.948139	0.0224161	0.934207	0.12786	0.986085	0.0136176	0.222423	0.100703	0.0350542	0.0361222	0.388287	0.0261136	0.211887	0.148824	-21783.7	4.0	4.03596	-97124.3	7.0	45.116	1.0	3635.5	91.2711	1806.98	66.2166	0.332015	0.0102137	1.03794	0.0339736	
0.0-2.4	13.0-16.0	0.0-100.0	0.000-1.571	0.008	0.081	4040.0	4035.0	3275.57	78.5618	759.771	46.8675	-1.08185	0.192899	-0.05	0.0	0.603004	0.0831054	3.09353	0.000754267	0.0413081	0.00270154	0.0182618	0.00152872	0.03	0.0	1.696	0.05	5.0	0.0	1.718	0.07	0.0340784	0.00130453	2.62966e-05	2.93314e-11	0.37241	0.01559	0.0297848	0.0145497	-0.01	0.0133005	-0.000467853	0.000760325	2.21078	0.332015	1.01062	0.025996	0.996542	26.8465	0.942193	0.76944	0.285727	8.66245	0.00326771	48.1233	0.454518	0.0620672	0.218739	0.177787	-12508.2	4.0	3.05943	-55375.2	7.0	19.6119	1.0	2010.88	65.1085	1264.69	53.227	0.386098	0.0133529	1.06607	0.0205444	
0.0-2.4	13.0-30.0	0.0-100.0	0.000-1.571	0.008	0.081	6808.0	6802.0	5512.55	103.768	1289.49	64.277	-1.24804	0.150395	-0.05	0.0	0.496369	0.0712563	3.09383	0.000605161	0.0434495	0.00277479	0.0217741	0.000650225	0.03	0.0	1.696	0.05	5.0	0.0	1.718	0.07	0.0342907	0.00114527	1.00764e-05	1.42678e-08	0.363596	0.0109813	0.0330329	0.0174075	-0.00922003	0.0132591	-0.000179049	0.000552963	2.0516	0.269494	1.00496	0.020122	0.998279	74.3389	0.961132	0.52608	0.300941	9.3787	0.00169387	173.632	0.446654	0.0392129	0.235248	0.156042	-19920.1	4.0	3.05936	-97181.3	7.0	36.2097	1.0	3163.18	82.2413	2349.38	71.9305	0.426187	0.0102909	1.05623	0.0182802	
0.0-2.4	16.0-30.0	0.0-100.0	0.000-1.571	0.008	0.056	2768.0	2757.0	2263.23	62.6974	494.237	35.1909	-1.36018	0.242602	-0.05	0.0	0.155645	0.0835181	3.09377	0.00094216	0.0149764	0.00270055	0.0368358	0.00263379	0.03	0.0	1.696	0.05	5.0	0.0	1.718	0.07	0.0343597	0.00119557	3.3375e-05	9.01575e-05	0.355716	0.0153958	0.109582	0.115936	-0.0012168	0.00405477	0.000203654	0.000853757	1.51989	0.290444	0.97077	0.0344595	0.98914	22.712	0.985687	0.368843	0.306507	22.7737	0.00100192	41.6182	0.43469	0.0743301	0.238288	0.448546	-7466.64	4.0	0.581856	-34404.4	7.0	13.2008	1.0	1171.3	48.4552	1091.93	47.0111	0.482465	0.0159005	1.04512	0.0466614	
0.0-2.4	6.5-30.0	0.0-100.0	0.000-1.571	0.004	0.224	66576.0	66554.0	56883.3	399.335	9671.31	221.218	-1.10585	0.0653255	-0.05	0.0	0.46075	0.0366537	3.09241	0.000253733	0.0470196	0.000966452	0.0254519	0.000825867	0.03	0.0	1.696	0.05	5.0	0.0	1.718	0.07	0.0369861	0.000503545	1.258e-05	6.33362e-07	0.365982	0.0052795	0.0395513	0.00542533	-0.00065644	0.00248699	0.000475468	0.000246677	2.1898	0.0895116	0.962385	0.00666835	0.980612	0.100818	0.85582	0.112715	0.289475	0.0445076	0.0436537	0.0779756	0.423213	0.0194115	0.131238	0.0490721	-342111.0	4.0	418.612	-1756670.0	7.0	44.6226	1.0	42466.6	358.604	14416.7	223.519	0.253443	0.00350353	1.03885	0.00694553	
0.0-2.4	6.5-7.5	0.0-100.0	0.000-1.571	0.008	0.168	19762.0	19749.0	17136.3	305.689	2613.34	186.745	-0.73977	0.176771	-0.05	0.0	0.454764	0.14323	3.09122	0.000663491	0.0494038	0.00246879	0.0280085	0.0034559	0.03	0.0	1.696	0.05	5.0	0.0	1.718	0.07	0.0392133	0.000976231	1.46325e-05	1.04365	0.391437	0.0153525	0.0274931	0.00809829	0.00662081	0.0166341	0.000713595	0.000661422	2.51531	0.251785	0.979527	0.0138916	0.986368	0.0133309	0.642015	0.0948416	0.271499	0.101288	0.487758	0.515672	0.405584	0.0290708	0.0631452	0.0139023	-150790.0	4.0	68.88	-657236.0	7.0	3908.53	1.0	14010.9	278.089	3125.43	134.068	0.182386	0.00711503	1.05216	0.0146517	
0.0-2.4	6.5-8.0	0.0-100.0	0.000-1.571	0.008	0.168	27569.0	27551.0	23791.3	305.587	3760.58	171.323	-0.849133	0.123796	-0.05	0.0	0.504215	0.0845846	3.09136	0.000491219	0.0482391	0.00120034	0.0264706	0.00236579	0.03	0.0	1.696	0.05	5.0	0.0	1.718	0.07	0.0389962	0.00103746	1.06819e-05	6.35669e-06	0.388255	0.0120321	0.0375559	0.00876698	-0.000429432	0.00619673	0.000860347	0.00052163	2.2911	0.169192	0.965155	0.0113212	0.988826	0.0138024	0.633293	0.0614898	0.266317	0.0635326	0.402826	0.440744	0.422768	0.0244261	0.0725363	0.0119356	-191236.0	4.0	85.7948	-870206.0	7.0	3075.69	1.0	19235.4	283.448	4555.99	150.748	0.191498	0.00583936	1.04579	0.0124742	
0.0-2.4	6.5-8.5	0.0-100.0	0.000-1.571	0.008	0.168	34173.0	34154.0	29456.6	317.129	4697.94	171.898	-0.938107	0.106455	-0.05	0.0	0.489029	0.0664318	3.09144	0.000412659	0.0479028	0.000863581	0.0266475	0.00185542	0.03	0.0	1.696	0.05	5.0	0.0	1.718	0.07	0.0385357	0.000801703	2.38435e-05	5.23465e-06	0.375988	0.0100748	0.0366796	0.00717041	-0.00262645	0.00533113	0.00123969	0.000441806	2.32876	0.146774	0.965914	0.00991074	0.988074	28.2717	0.670465	1.38796	0.292682	4.06747	0.00100423	112.471	0.429548	0.0954878	0.10328	0.11967	-222213.0	4.0	98.1559	-1037670.0	7.0	486.232	1.0	23663.4	296.321	5793.2	163.687	0.196669	0.00513771	1.04771	0.0106859	
0.0-2.4	7.5-8.5	0.0-100.0	0.000-1.571	0.008	0.136	14411.0	14391.0	12308.8	181.112	2082.51	99.6557	-1.19883	0.13949	-0.05	0.0	0.544956	0.0739547	3.09174	0.000540836	0.0458794	0.00175381	0.0244168	0.00186662	0.03	0.0	1.696	0.05	5.0	0.0	1.718	0.07	0.0376614	0.000981483	3.5227e-05	4.17602e-05	0.35876	0.0128021	0.0451238	0.0121541	-0.0072094	0.00561322	0.00181547	0.00057112	2.1991	0.182947	0.943527	0.0136744	0.98591	0.0162114	0.603913	0.0662278	0.148203	0.0653855	0.406536	0.179506	0.448344	0.0319977	0.07758	0.0125065	-71495.0	4.0	5.61628	-317001.0	7.0	3.46523	1.0	9649.34	167.883	2659.45	97.7622	0.216061	0.00727846	1.03358	0.0157227	
0.0-2.4	8.0-10.0	0.0-100.0	0.000-1.571	0.008	0.136	20265.0	20252.0	17390.9	204.266	2862.08	113.759	-1.31276	0.113091	-0.05	0.0	0.408462	0.0592068	3.09265	0.000408353	0.0457419	0.00208909	0.0265348	0.000921029	0.03	0.0	1.696	0.05	5.0	0.0	1.718	0.07	0.035653	0.000820305	1.06093e-05	3.63822e-09	0.345775	0.00907868	0.0493876	0.0109542	0.000525422	0.00399226	0.000756204	0.000423321	2.11013	0.137345	0.936711	0.0108293	0.850597	0.0745495	0.862078	0.0348372	0.149031	0.0787729	0.0218527	0.0056219	0.447728	0.0220356	0.154723	0.0282894	-89187.7	4.0	10.0008	-409787.0	7.0	34.7136	1.0	13200.7	186.232	4190.19	114.298	0.240941	0.00593177	1.02664	0.0127122	
0.0-2.4	8.5-9.5	0.0-100.0	0.000-1.571	0.008	0.136	9991.0	9987.0	8590.94	141.222	1396.37	77.2709	-1.22622	0.161372	-0.05	0.0	0.393737	0.0875764	3.09323	0.000563251	0.0448433	0.0026873	0.0262515	0.00153112	0.03	0.0	1.696	0.05	5.0	0.0	1.718	0.07	0.0347789	0.00113156	1.61471e-05	3.66487e-06	0.359063	0.0132896	0.0510208	0.0152692	0.00361757	0.00549739	0.00068965	0.000587981	2.16101	0.191159	0.936188	0.0149189	0.97696	0.180609	0.914712	0.231952	0.25152	0.0513706	0.0534537	0.0728048	0.455227	0.0441301	0.162046	0.223136	-43743.9	4.0	4.64929	-185639.0	7.0	20.3692	1.0	6521.95	129.037	2068.99	79.4557	0.240834	0.00835863	1.03441	0.0184612	
0.0-2.4	9.5-11.0	0.0-100.0	0.000-1.571	0.008	0.128	9224.0	9216.0	7860.04	128.968	1356.35	71.0008	-1.28389	0.153147	-0.05	0.0	0.52884	0.0717948	3.09286	0.000556974	0.0432705	0.00219537	0.0231521	0.0012193	0.03	0.0	1.696	0.05	5.0	0.0	1.718	0.07	0.0352522	0.00100311	4.61932e-05	1.75574e-06	0.359348	0.0122781	0.0946533	0.0370468	0.00139483	0.00321146	-0.000569313	0.000571509	1.57638	0.138864	0.915485	0.0162331	0.861765	0.0523511	0.920322	0.0391219	0.128738	0.0562042	0.028762	0.0105323	0.427388	0.027186	0.158884	0.0516826	-36053.9	4.0	8.7209	-154783.0	7.0	30.8618	1.0	5705.84	114.582	2154.2	74.9231	0.27407	0.00840473	0.996992	0.0196865	
0.4-0.8	6.5-30.0	0.0-100.0	0.000-1.571	0.008	0.073	9549.0	9507.0	8149.36	155.283	1358.61	77.5487	-1.24395	0.184276	-0.05	0.0	0.344467	0.100817	3.09464	0.000478351	0.0291131	0.00152256	0.0207257	0.0012067	0.03	0.0	1.696	0.05	5.0	0.0	1.718	0.07	0.0239489	0.000642121	3.62012e-05	2.19645e-10	0.35856	0.0125523	0.0440704	0.0189422	-0.00335026	0.0047604	-0.000646324	0.00065555	1.94023	0.224231	0.98744	0.0199314	0.994202	6.6598	0.873237	1.26442	0.204724	0.149635	0.110227	0.147635	0.440925	0.163775	0.115129	0.0417309	-63006.5	4.0	231.59	-245090.0	7.0	54.1256	1.0	5740.31	135.936	2409.05	92.8537	0.295612	0.00990428	1.04784	0.0179783	
0.8-1.2	6.5-30.0	0.0-100.0	0.000-1.571	0.008	0.145	11780.0	11777.0	10048.9	153.808	1728.45	81.7542	-1.10644	0.144284	-0.05	0.0	0.552783	0.0864883	3.09346	0.000525054	0.0351915	0.0014071	0.0284444	0.0020335	0.03	0.0	1.696	0.05	5.0	0.0	1.718	0.07	0.0323485	0.000649023	2.63171e-05	3.12815e-11	0.377082	0.0122889	0.0252228	0.0123352	0.00474538	0.0064379	0.00106896	0.000517384	2.22391	0.299687	1.00703	0.0151609	0.969933	7.7871	0.951694	0.151973	0.346939	2.05343	0.00167895	0.913998	0.434088	0.0364339	0.218517	0.148934	-54903.4	4.0	33.8859	-232603.0	7.0	6.9539	1.0	7486.7	138.043	2562.16	86.3859	0.25497	0.00765971	1.05512	0.0156601	
1.2-1.6	6.5-30.0	0.0-100.0	0.000-1.571	0.004	0.152	14659.0	14651.0	12735.8	182.44	1916.19	97.889	-0.874845	0.145976	-0.05	0.0	0.539802	0.0790855	3.08947	0.000585257	0.0339987	0.00141472	0.0474781	0.00270786	0.03	0.0	1.696	0.05	5.0	0.0	1.718	0.07	0.0407594	0.000954991	3.02336e-05	2.07313e-10	0.371425	0.0115788	0.0605824	0.0181432	-0.00143211	0.00425656	0.00124823	0.00051651	1.97565	0.161837	0.953983	0.0137006	1.0	11.7037	0.737596	0.0148002	0.290309	0.00975031	0.113613	30.6471	0.472323	0.0120907	0.0933862	0.00585051	-68971.3	4.0	19.6382	-313942.0	7.0	2.90199	1.0	9509.69	164.584	3226.11	103.276	0.253311	0.00725196	1.04471	0.0170104	
1.6-2.0	6.5-30.0	0.0-100.0	0.000-1.571	0.004	0.145	15283.0	15273.0	12979.6	193.731	2293.41	113.927	-1.29735	0.142436	-0.05	0.0	0.709079	0.10194	3.09015	0.000690036	0.0491254	0.00132838	0.0372434	0.00439533	0.03	0.0	1.696	0.05	5.0	0.0	1.718	0.07	0.0459864	0.000919062	1.47067e-05	3.70281e-07	0.353814	0.0116576	0.0692177	0.0151298	0.00589367	0.00445577	0.000671582	0.000559957	2.03396	0.13573	0.916786	0.0133608	0.992023	0.0131464	0.767604	0.0330204	0.303117	0.0286584	0.399285	0.501551	0.430611	0.0264474	0.0819982	0.018256	-71922.2	4.0	29.5557	-340068.0	7.0	4.2032	1.0	10029.4	177.311	2950.23	104.733	0.227297	0.00732122	1.03377	0.0161651	
1.6-2.4	3.0-30.0	0.0-100.0	0.000-1.571	0.004	0.24	79046.0	78942.0	66712.7	1011.92	12229.8	870.513	-0.368746	0.134643	-0.05	0.0	0.306382	0.279869	3.0894	0.000467811	0.0653294	0.0123035	0.0423541	0.00449522	0.03	0.0	2.059	0.08	5.0	0.0	1.41	0.1	0.0505161	0.00276584	1.74679e-05	5.09545e-05	0.361691	0.00738387	0.0595191	0.00808293	0.00568574	0.00364107	9.19792e-05	0.000404113	2.03068	0.0819978	0.919463	0.0075377	0.988272	0.0313713	0.594163	0.137867	0.331541	0.167309	1.14841	17.7865	0.431003	0.020934	0.0690144	0.0327709	-641896.0	4.0	1892.77	-3695250.0	7.0	9954.85	1.0	56719.2	897.129	9993.56	296.046	0.1498	0.00381176	1.02006	0.0087167	
1.6-2.4	3.0-4.5	0.0-100.0	0.000-1.571	0.024	0.24	27652.0	27584.0	23313.4	597.043	4271.16	474.714	0.562884	0.306007	-0.05	0.0	0.207704	0.237539	3.08959	0.000986946	0.0817077	0.0298574	0.0433092	0.00553966	0.03	0.0	2.04	0.08	5.0	0.0	1.31	0.1	0.0535981	0.00504861	3.3213e-05	6.84293e-05	0.38259	0.0202993	0.152039	0.0491521	0.00785331	0.0161368	-0.000593048	0.00128336	1.5157	0.113301	0.883692	0.0166519	0.951802	0.0309916	0.261693	0.402318	0.0887463	1.24869	1.49999	11.227	0.469701	0.0547861	0.0432511	0.0582862	-344100.0	4.0	696.926	-1798910.0	7.0	13765.9	1.0	20892.7	562.401	2420.7	184.008	0.103833	0.00743141	1.00572	0.0234578	
1.6-2.4	3.0-5.5	0.0-100.0	0.000-1.571	0.024	0.24	44502.0	44412.0	37377.2	729.274	7035.22	586.649	0.136358	0.210356	-0.05	0.0	0.256595	0.265696	3.08903	0.000717904	0.0700275	0.0163025	0.0425718	0.00502935	0.03	0.0	2.04	0.08	5.0	0.0	1.31	0.1	0.0510452	0.00326558	1.33231e-05	0.0273667	0.369872	0.0145421	0.111931	0.0259431	0.00756512	0.0053187	-0.000408944	0.000830839	1.63454	0.0936064	0.902099	0.0116485	0.973038	0.0702029	0.414446	0.166144	0.25927	0.367274	1.17913	19.4667	0.438877	0.0347401	0.0498022	0.0437515	-465639.0	4.0	760.868	-2544980.0	7.0	11737.3	1.0	33296.6	681.625	4080.55	221.126	0.109172	0.00551929	1.01081	0.0153359	
1.6-2.4	3.0-6.5	0.0-100.0	0.000-1.571	0.016	0.24	56992.0	56893.0	48107.0	736.74	8786.63	574.938	-0.0423834	0.16896	-0.05	0.0	0.304413	0.22144	3.08935	0.000596495	0.0674699	0.0096115	0.0421553	0.00434999	0.03	0.0	2.04	0.08	5.0	0.0	1.31	0.1	0.051204	0.00229505	1.16039e-05	1.83434e-07	0.375935	0.011738	0.0726873	0.0143009	0.00892288	0.0115422	-1.80747e-05	0.000629091	1.85882	0.0987596	0.922851	0.00943961	0.979955	0.0693808	0.494219	0.424181	0.341579	0.590016	1.12954	24.5682	0.448486	0.0349747	0.0575777	0.0572512	-539402.0	4.0	939.082	-3004470.0	7.0	9498.27	1.0	42557.5	688.47	5549.44	237.555	0.115356	0.00461123	1.02024	0.0119028	
1.6-2.4	4.5-5.5	0.0-100.0	0.000-1.571	0.024	0.192	16850.0	16822.0	14180.5	308.679	2642.4	215.989	-0.576366	0.223499	-0.05	0.0	0.352781	0.322447	3.08808	0.00093701	0.059218	0.00520972	0.0419777	0.00595497	0.03	0.0	2.04	0.08	5.0	0.0	1.31	0.1	0.0487607	0.00199946	3.14986e-05	0.0195276	0.354243	0.0205382	0.086383	0.0293212	0.00796526	0.0109084	-0.000394339	0.00103187	1.73086	0.153055	0.929932	0.0154205	0.687996	180.705	0.873628	33.2004	0.313745	127.729	0.0036395	6.08144	0.411781	0.285455	0.122021	0.694406	-122754.0	4.0	55.8958	-603707.0	7.0	54.4879	1.0	12509.8	294.183	1670.74	117.104	0.117819	0.00784971	1.02414	0.01996	
1.6-2.4	5.5-6.5	0.0-100.0	0.000-1.571	0.024	0.16	12489.0	12470.0	10772.5	198.296	1698.09	111.745	-0.791704	0.187174	-0.05	0.0	0.445099	0.156945	3.09051	0.00093548	0.0636787	0.00299072	0.0408967	0.00431612	0.03	0.0	2.04	0.08	5.0	0.0	1.31	0.1	0.0522777	0.00123891	1.13031e-05	0.0014207	0.391982	0.0209583	0.121122	0.047319	0.00235778	0.00610226	0.000649684	0.00095577	1.59491	0.144361	0.903563	0.0166982	0.944226	0.535796	0.635184	0.619216	0.344618	0.148548	0.0896641	0.106545	0.482731	0.0978132	0.073313	0.047262	-74561.2	4.0	31.5198	-345816.0	7.0	15.8889	1.0	9277.14	191.192	1495.34	90.2746	0.138811	0.00798106	1.01274	0.0252888	
1.6-2.4	6.5-30.0	0.0-100.0	0.000-1.571	0.008	0.188	22054.0	22046.0	18743.6	241.874	3303.04	145.415	-1.18391	0.123247	-0.05	0.0	0.612614	0.0902731	3.09	0.000622042	0.0527125	0.00155778	0.0399038	0.00287181	0.03	0.0	1.696	0.05	5.0	0.0	1.718	0.07	0.0481565	0.000891251	3.35396e-05	3.48851e-05	0.361453	0.0105408	0.0507427	0.00938907	0.00405901	0.004801	0.00018524	0.000491099	2.22561	0.1344	0.919323	0.0114455	0.99472	0.00934074	0.791141	0.0388037	0.2862	0.033635	0.374076	0.405968	0.417354	0.0214277	0.0865601	0.0180036	-105549.0	4.0	42.454	-534533.0	7.0	5.20122	1.0	14557.5	222.151	4186.08	130.305	0.223334	0.00632649	1.02646	0.012907	
2.0-2.4	6.5-30.0	0.0-100.0	0.000-1.571	0.008	0.144	6770.0	6760.0	5774.78	207.249	985.289	162.968	-1.08767	0.53413	-0.05	0.0	0.674161	0.598022	3.08835	0.00155257	0.0468801	0.0102466	0.0747589	0.039993	0.03	0.0	1.696	0.05	5.0	0.0	1.718	0.07	0.0574692	0.00893191	1.00319e-05	1.2166e-09	0.379534	0.0225696	0.0492998	0.0201944	-0.00605931	0.0114916	-0.00121743	0.00104203	1.99796	0.247395	0.898385	0.0227839	1.0	6.71482	0.866979	0.00972731	0.269902	0.00745047	0.0808179	7.95749	0.392365	0.00671735	0.106698	0.00665742	-33805.0	4.0	12.1888	-160093.0	7.0	4.35611	1.0	4521.95	177.462	1252.83	84.7208	0.216948	0.0124343	0.981887	0.0228104	
