signalCB3WN
rap	pT	cent	dPhi	ctauErrMin	ctauErrMax	NoCutEntry	CutEntry	NSig	NSigErr	NBkg	NBkgErr	coefExp	coefExpErr	coefPol1	coefPol1Err	coeffGaus	coeffGausErr	meanSig1	meanSig1Err	sigmaSig1	sigmaSig1Err	sigmaSig2	sigmaSig2Err	sigmaSig3	sigmaSig3Err	alpha	alphaErr	enne	enneErr	enneW	enneWErr	sigWidth	sigWidthErr	Gmc	GmcErr	bTau	bTauErr	fracRes	fracResErr	meanResSigW	meanResSigWErr	meanResSigN	meanResSigNErr	sigmaResSigW	sigmaResSigWErr	sigmaResSigN	sigmaResSigNErr	fpm	fpmErr	fLiving	fLivingErr	fbkgCtTot	fbkgCtTotErr	lambdam	lambdamErr	lambdap	lambdapErr	lambdasym	lambdasymErr	NLL	nFitPar	EDM	NLLMass	nFitParMass	EDMMass	Prob	PROMPT	PROMPTErr	NON-PROMPT	NON-PROMPTErr	Bfraction	BfractionErr	Resolution	ResolutionErr	
0.0-0.4	6.5-30.0	0.0-100.0	0.000-1.571	0.008	0.105	8543.0	8531.0	7423.79	136.866	1107.38	59.6525	-0.915892	0.178344	-0.05	0.0	0.1	0.0	3.09421	0.000391147	0.1	0.0	0.03	0.0	0.019052	0.000315036	1.696	0.05	5.0	0.0	1.718	0.07	0.019052	0.000315036	1.68647e-05	3.60603e-05	0.368083	0.0118525	0.0412563	0.0187466	-0.00568417	0.00506639	0.000265545	0.000658831	1.9561	0.23217	0.976564	0.0195747	0.959892	0.0246884	0.905455	0.0387425	0.180549	0.0805004	0.344023	0.230123	0.353323	0.0227634	0.0703136	0.0919651	-56761.8	4.0	291.918	-196914.0	5.0	100.886	1.0	5368.4	121.197	2055.39	79.5562	0.276865	0.00942268	1.03547	0.0181445	
0.0-1.2	6.5-30.0	0.0-100.0	0.000-1.571	0.008	0.145	29871.0	29854.0	25905.9	255.782	3948.48	117.349	-0.924059	0.097659	-0.05	0.0	0.1	0.0	3.09446	0.000275986	0.1	0.0	0.03	0.0	0.0252411	0.000232241	1.696	0.05	5.0	0.0	1.718	0.07	0.0252411	0.000232241	3.35891e-05	7.03403e-08	0.367176	0.00702804	0.0363835	0.00953099	-0.00179413	0.00321886	0.000300531	0.000346684	2.02745	0.140729	0.987304	0.0103607	0.976217	0.0248996	0.904385	0.0181384	0.242869	0.032508	0.279081	0.157744	0.410651	0.0154838	0.0788884	0.0667021	-173495.0	4.0	448.383	-750757.0	5.0	93.547	1.0	18736.6	228.147	7169.3	151.123	0.276744	0.00515402	1.04348	0.00991573	
0.0-2.4	10.0-13.0	0.0-100.0	0.000-1.571	0.008	0.145	11910.0	11900.0	10242.3	139.629	1658.34	69.2616	-0.841337	0.13545	-0.05	0.0	0.1	0.0	3.0937	0.000495087	0.1	0.0	0.03	0.0	0.0330482	0.000467298	1.696	0.05	5.0	0.0	1.718	0.07	0.0330482	0.000467298	5.4086e-05	1.12806e-09	0.385182	0.0106338	0.0847722	0.0318272	0.00318917	0.00280993	0.000674075	0.000481881	1.61951	0.135984	0.944789	0.0148971	0.83352	1.21499	0.976599	0.0228316	0.134743	1.05071	0.028361	0.0743116	0.397172	0.023716	0.15767	0.0887194	-43159.3	4.0	10.4956	-197524.0	5.0	64.2555	1.0	7108.4	123.037	3133.86	87.0201	0.305973	0.00740176	1.01946	0.017496	
0.0-2.4	10.0-30.0	0.0-100.0	0.000-1.571	0.008	0.145	18734.0	18724.0	15848.0	171.571	2876.67	88.9432	-0.892562	0.101328	-0.05	0.0	0.1	0.0	3.09369	0.000387347	0.1	0.0	0.03	0.0	0.032626	0.000364304	1.696	0.05	5.0	0.0	1.718	0.07	0.032626	0.000364304	1.34171e-05	1.68501e-09	0.373549	0.00755986	0.061429	0.0187332	-0.00106161	0.00252365	0.000282746	0.000361794	1.76588	0.127349	0.968976	0.0119408	0.944728	0.0348517	0.962578	0.0152493	0.238215	0.0244433	0.0260255	0.00872775	0.418833	0.0165624	0.170913	0.0524214	-62799.4	4.0	16.0308	-315307.0	5.0	97.8922	1.0	10271.8	147.021	5576.18	113.549	0.351855	0.0060684	1.03576	0.0130025	
0.0-2.4	11.0-13.0	0.0-100.0	0.000-1.571	0.008	0.145	6364.0	6361.0	5411.31	101.017	949.787	52.0512	-0.915649	0.17815	-0.05	0.0	0.1	0.0	3.09388	0.000676474	0.1	0.0	0.03	0.0	0.0330898	0.000661896	1.696	0.05	5.0	0.0	1.718	0.07	0.0330898	0.000661896	1.95666e-05	9.68631e-08	0.392332	0.0142082	0.152755	0.0965681	0.00355134	0.00260494	0.000246791	0.000696706	1.43754	0.174684	0.94653	0.0223447	0.932594	0.127687	0.986752	0.0134875	0.224046	0.1008	0.0343862	0.0342548	0.388893	0.0261898	0.214601	0.151057	-21685.4	4.0	4.64004	-96693.9	5.0	49.8777	1.0	3626.82	87.5046	1784.5	64.6753	0.329772	0.0102445	1.03669	0.0340604	
0.0-2.4	13.0-16.0	0.0-100.0	0.000-1.571	0.008	0.081	4042.0	4037.0	3325.33	77.3212	712.52	42.8313	-0.748851	0.19899	-0.05	0.0	0.1	0.0	3.0934	0.000799953	0.1	0.0	0.03	0.0	0.0312771	0.000763569	1.696	0.05	5.0	0.0	1.718	0.07	0.0312771	0.000763569	2.62966e-05	2.93314e-11	0.37245	0.0154507	0.0297848	0.0145497	-0.01	0.0133005	-0.000457221	0.00076149	2.21078	0.332015	1.01118	0.0259987	0.989666	30.9404	0.942354	1.38215	0.280698	15.762	0.0027963	78.2583	0.453614	0.354902	0.218595	0.283447	-12424.2	4.0	2.52013	-55321.9	5.0	20.4848	1.0	2030.25	64.792	1295.08	53.6308	0.38946	0.0133455	1.06659	0.0205366	
0.0-2.4	13.0-30.0	0.0-100.0	0.000-1.571	0.008	0.081	6824.0	6818.0	5604.41	99.8121	1214.7	55.6785	-0.970116	0.152446	-0.05	0.0	0.1	0.0	3.0937	0.000622607	0.1	0.0	0.03	0.0	0.031891	0.000586481	1.696	0.05	5.0	0.0	1.718	0.07	0.031891	0.000586481	1.00764e-05	1.42678e-08	0.36347	0.0108835	0.0330329	0.0174075	-0.00922003	0.0132591	-0.000182312	0.000554074	2.0516	0.269494	1.00589	0.020137	0.999092	19.4989	0.961002	0.457217	0.299957	7.64459	0.0021053	31.3477	0.446115	0.05104	0.23465	0.155586	-19854.7	4.0	2.12079	-97515.0	5.0	34.0573	1.0	3192.0	80.9443	2412.41	71.876	0.430448	0.0102815	1.05709	0.0182677	
0.0-2.4	16.0-30.0	0.0-100.0	0.000-1.571	0.008	0.056	2782.0	2771.0	2267.74	62.9199	503.858	35.5756	-1.28098	0.236935	-0.05	0.0	0.1	0.0	3.09402	0.000990924	0.12	0.0	0.04	0.0	0.0326321	0.000920988	1.696	0.05	5.0	0.0	1.718	0.07	0.0326321	0.000920988	3.3375e-05	9.01575e-05	0.354808	0.0154044	0.109582	0.115936	-0.0012168	0.00405477	0.000185001	0.000855789	1.51989	0.290444	0.972252	0.0345418	0.99268	12.8067	0.985406	0.333319	0.306171	8.77718	0.00100125	33.1281	0.434888	0.066286	0.237389	0.416445	-7467.53	4.0	0.490005	-34731.4	5.0	14.2348	1.0	1167.88	48.5635	1099.87	47.3253	0.485004	0.0159507	1.04634	0.046559	
0.0-2.4	6.5-30.0	0.0-100.0	0.000-1.571	0.004	0.224	66396.0	66374.0	57462.8	385.499	8911.82	188.597	-0.740934	0.0666523	-0.05	0.0	0.1	0.0	3.0926	0.000257232	0.1	0.0	0.03	0.0	0.0346796	0.000229453	1.696	0.05	5.0	0.0	1.718	0.07	0.0346796	0.000229453	1.258e-05	6.33362e-07	0.36644	0.00522382	0.0395513	0.00542533	-0.00065644	0.00248699	0.000485784	0.00024667	2.1898	0.0895116	0.961735	0.00666168	0.975835	0.0513136	0.860288	0.0829616	0.289976	0.0389219	0.0437666	0.0692225	0.423401	0.0171547	0.133602	0.0397147	-340636.0	4.0	459.133	-1744850.0	5.0	50.0356	1.0	42747.4	350.468	14715.4	224.348	0.256086	0.00350593	1.03827	0.00694847	
0.0-2.4	6.5-7.5	0.0-100.0	0.000-1.571	0.008	0.168	19600.0	19587.0	17228.3	251.526	2358.97	119.509	-0.307229	0.151937	-0.05	0.0	0.1	0.0	3.09132	0.000606034	0.1	0.0	0.03	0.0	0.0369675	0.000511268	1.696	0.05	5.0	0.0	1.718	0.07	0.0369675	0.000511268	1.46325e-05	1.04365	0.390816	0.0150689	0.0274931	0.00809829	0.00662081	0.0166341	0.000720954	0.000659927	2.51531	0.251785	0.976455	0.0138577	0.985889	0.0141581	0.645269	0.0818563	0.278551	0.0853714	0.478798	0.524461	0.407806	0.0294001	0.0630899	0.0111952	-149943.0	4.0	88.6406	-647623.0	5.0	564.54	1.0	14065.7	239.055	3162.61	130.803	0.18357	0.00710358	1.04938	0.0146837	
0.0-2.4	6.5-8.0	0.0-100.0	0.000-1.571	0.008	0.168	27402.0	27385.0	24029.7	284.441	3356.06	135.601	-0.409905	0.122941	-0.05	0.0	0.1	0.0	3.09153	0.000485323	0.1	0.0	0.03	0.0	0.0367328	0.000412446	1.696	0.05	5.0	0.0	1.718	0.07	0.0367328	0.000412446	1.06819e-05	6.35669e-06	0.38808	0.0118171	0.0375559	0.00876698	-0.000429432	0.00619673	0.000856686	0.000521193	2.2911	0.169192	0.963796	0.0113094	0.988382	0.0146282	0.633054	0.0580763	0.268971	0.0585699	0.395618	0.441796	0.424364	0.0246254	0.0724071	0.0107525	-190217.0	4.0	105.112	-860070.0	5.0	418.945	1.0	19381.2	268.869	4648.48	150.619	0.193447	0.00583479	1.04458	0.0124877	
0.0-2.4	6.5-8.5	0.0-100.0	0.000-1.571	0.008	0.168	34002.0	33983.0	29767.2	307.16	4216.11	146.916	-0.526098	0.106871	-0.05	0.0	0.1	0.0	3.09164	0.000417971	0.1	0.0	0.03	0.0	0.0363693	0.000358695	1.696	0.05	5.0	0.0	1.718	0.07	0.0363693	0.000358695	2.38435e-05	5.23465e-06	0.375787	0.00989451	0.0366796	0.00717041	-0.00262645	0.00533113	0.00122083	0.000441516	2.32876	0.146774	0.960845	0.00990764	0.984403	0.0118044	0.620684	0.0417593	0.221578	0.0423018	0.415467	0.272193	0.428997	0.0210582	0.0711424	0.00762052	-221223.0	4.0	119.313	-1027110.0	5.0	306.712	1.0	23836.9	289.686	5930.3	164.811	0.199223	0.00514088	1.04321	0.010734	
0.0-2.4	7.5-8.5	0.0-100.0	0.000-1.571	0.008	0.136	14402.0	14382.0	12531.8	176.486	1850.39	85.2599	-0.810372	0.146422	-0.05	0.0	0.1	0.0	3.09205	0.000551048	0.04	0.0	0.025	0.0	0.0355965	0.000489292	1.696	0.05	5.0	0.0	1.718	0.07	0.0355965	0.000489292	3.5227e-05	4.17602e-05	0.36032	0.0126966	0.0451238	0.0121541	-0.0072094	0.00561322	0.00179958	0.000572256	2.1991	0.182947	0.94655	0.0136816	0.985081	0.0112352	0.599027	0.0662252	0.143799	0.0655856	0.39904	0.222398	0.449049	0.0319538	0.0768131	0.0112404	-71279.2	4.0	6.12187	-316511.0	5.0	2.65132	1.0	9779.99	165.304	2751.83	99.284	0.219587	0.00729409	1.03622	0.0156787	
0.0-2.4	8.0-10.0	0.0-100.0	0.000-1.571	0.008	0.136	20258.0	20245.0	17584.9	196.315	2659.8	94.6121	-1.0009	0.115103	-0.05	0.0	0.1	0.0	3.09293	0.000413684	0.1	0.0	0.03	0.0	0.0338239	0.000375382	1.696	0.05	5.0	0.0	1.718	0.07	0.0338239	0.000375382	1.06093e-05	3.63822e-09	0.347201	0.00906286	0.0493876	0.0109542	0.000525422	0.00399226	0.000760335	0.000423908	2.11013	0.137345	0.937751	0.0108472	0.849597	0.0676158	0.863202	0.0349898	0.149746	0.0711457	0.0218432	0.00472996	0.447634	0.0220634	0.156237	0.0283971	-89018.4	4.0	10.9422	-409334.0	5.0	32.6946	1.0	13294.9	181.597	4289.99	115.074	0.243959	0.00595022	1.02755	0.0127019	
0.0-2.4	8.5-9.5	0.0-100.0	0.000-1.571	0.008	0.136	9993.0	9989.0	8683.01	136.711	1306.38	65.4897	-0.922855	0.162634	-0.05	0.0	0.1	0.0	3.09347	0.000568497	0.1	0.0	0.03	0.0	0.0330195	0.000515308	1.696	0.05	5.0	0.0	1.718	0.07	0.0330195	0.000515308	1.61471e-05	3.66487e-06	0.360727	0.0133057	0.0510208	0.0152692	0.00361757	0.00549739	0.000711616	0.000588479	2.16101	0.191159	0.93676	0.0149433	0.973365	0.133061	0.919955	0.168323	0.252556	0.0503025	0.0544808	0.0644243	0.454209	0.0386425	0.168396	0.184219	-43711.7	4.0	5.01225	-185667.0	5.0	18.9997	1.0	6569.75	126.442	2113.26	79.97	0.243379	0.00837493	1.0349	0.0184545	
0.0-2.4	9.5-11.0	0.0-100.0	0.000-1.571	0.008	0.128	9211.0	9203.0	7993.19	125.134	1210.28	59.9111	-0.935442	0.160556	-0.05	0.0	0.1	0.0	3.09332	0.000574503	0.1	0.0	0.03	0.0	0.0333474	0.000524839	1.696	0.05	5.0	0.0	1.718	0.07	0.0333474	0.000524839	4.61932e-05	1.75574e-06	0.360349	0.0121641	0.0946533	0.0370468	0.00139483	0.00321146	-0.000577962	0.000572563	1.57638	0.138864	0.916497	0.0162569	0.861266	0.0513555	0.920673	0.0388228	0.129234	0.0552163	0.0288369	0.0104468	0.427434	0.0271608	0.15899	0.0514342	-35870.4	4.0	9.44922	-154205.0	5.0	32.1886	1.0	5764.09	112.617	2229.1	75.8786	0.278875	0.00842939	0.997834	0.0196625	
0.4-0.8	6.5-30.0	0.0-100.0	0.000-1.571	0.008	0.073	9553.0	9511.0	8247.09	153.047	1264.74	69.6397	-1.09844	0.186564	-0.05	0.0	0.1	0.0	3.09488	0.000476181	0.1	0.0	0.03	0.0	0.0233476	0.000397086	1.696	0.05	5.0	0.0	1.718	0.07	0.0233476	0.000397086	3.62012e-05	2.19645e-10	0.35657	0.0120597	0.0440704	0.0189422	-0.00335026	0.0047604	-0.000644413	0.000656513	1.94023	0.224231	0.988386	0.019999	0.985807	0.70436	0.885648	0.81036	0.206009	0.100721	0.109607	0.114123	0.439755	0.105759	0.114373	0.0509288	-63024.2	4.0	241.695	-244436.0	5.0	27.4474	1.0	5777.92	134.718	2469.18	93.5487	0.2994	0.00988928	1.04869	0.0179773	
0.8-1.2	6.5-30.0	0.0-100.0	0.000-1.571	0.008	0.145	11774.0	11771.0	10264.5	150.772	1507.26	69.8697	-0.867657	0.152127	-0.05	0.0	0.1	0.0	3.09401	0.000511905	0.1	0.0	0.03	0.0	0.0316649	0.000431919	1.696	0.05	5.0	0.0	1.718	0.07	0.0316649	0.000431919	2.63171e-05	3.12815e-11	0.380257	0.0123113	0.0252228	0.0123352	0.00474538	0.0064379	0.00113065	0.00051849	2.22391	0.299687	1.00865	0.0151988	0.953203	4.94254	0.951871	0.106228	0.337187	1.43134	0.00105098	12.0955	0.435263	0.0326516	0.219995	0.121687	-54779.9	4.0	33.9821	-232522.0	5.0	5.8864	1.0	7608.64	136.65	2655.88	87.7757	0.258744	0.00766039	1.05663	0.0156439	
1.2-1.6	6.5-30.0	0.0-100.0	0.000-1.571	0.004	0.152	14638.0	14630.0	12914.9	176.647	1715.53	82.2922	-0.569212	0.150111	-0.05	0.0	0.1	0.0	3.09052	0.000576367	0.1	0.0	0.03	0.0	0.0386848	0.000491161	1.696	0.05	5.0	0.0	1.718	0.07	0.0386848	0.000491161	3.02336e-05	2.07313e-10	0.373306	0.0114985	0.0605824	0.0181432	-0.00143211	0.00425656	0.00126856	0.000517305	1.97565	0.161837	0.955501	0.0137226	1.0	0.0431405	0.73855	0.0637954	0.292786	0.0498389	0.090575	33.5287	0.472814	0.0329667	0.0930395	0.0178243	-68889.5	4.0	24.6728	-312726.0	5.0	3.24344	1.0	9606.15	161.203	3308.72	103.783	0.256195	0.0072317	1.04601	0.0169861	
1.6-2.0	6.5-30.0	0.0-100.0	0.000-1.571	0.004	0.145	15172.0	15161.0	13303.2	184.496	1859.45	89.14	-0.9209	0.149021	-0.05	0.0	0.1	0.0	3.09083	0.000679124	0.1	0.0	0.03	0.0	0.0452276	0.000587578	1.696	0.05	5.0	0.0	1.718	0.07	0.0452276	0.000587578	1.47067e-05	3.70281e-07	0.356539	0.0114402	0.0692177	0.0151298	0.00589367	0.00445577	0.000864117	0.000558336	2.03396	0.13573	0.918128	0.0133167	0.879573	0.12752	0.944785	0.306752	0.338421	0.0845004	0.0653071	0.0812224	0.415997	0.0519433	0.180236	0.386324	-71404.3	4.0	41.6987	-334742.0	5.0	5.08226	1.0	10239.9	171.736	3063.3	105.501	0.230267	0.0072591	1.03487	0.0161376	
1.6-2.4	3.0-30.0	0.0-100.0	0.000-1.571	0.004	0.24	78321.0	78220.0	66260.6	562.127	11959.3	307.267	-0.17383	0.0852277	-0.05	0.0	0.1	0.0	3.08927	0.000436887	0.1	0.0	0.03	0.0	0.0486767	0.000368811	2.059	0.08	5.0	0.0	1.41	0.1	0.0486767	0.000368811	1.74679e-05	5.09545e-05	0.363045	0.0073882	0.0595191	0.00808293	0.00568574	0.00364107	6.54296e-05	0.00040165	2.03068	0.0819978	0.911925	0.00748592	0.988227	0.0475621	0.600377	0.332454	0.33874	0.374532	1.04876	23.3493	0.43031	0.0341276	0.0693352	0.0601614	-638934.0	4.0	2189.03	-3635240.0	5.0	2124.73	1.0	56419.2	540.808	9841.46	265.238	0.148527	0.00379946	1.01368	0.00877458	
1.6-2.4	3.0-4.5	0.0-100.0	0.000-1.571	0.024	0.24	27435.0	27370.0	22895.3	421.79	4475.01	248.883	0.724179	0.261299	-0.05	0.0	0.1	0.0	3.08931	0.000953136	0.05	0.0	0.045	0.0	0.0490848	0.000799836	2.04	0.08	5.0	0.0	1.31	0.1	0.0490848	0.000799836	3.3213e-05	6.84293e-05	0.384754	0.0207961	0.152039	0.0491521	0.00785331	0.0161368	-0.000620005	0.00127477	1.5157	0.113301	0.8743	0.0165553	0.952415	0.0279215	0.269935	0.255672	0.123454	0.745678	1.49997	9.01358	0.466983	0.0439286	0.044133	0.0423301	-343124.0	4.0	774.009	-1775370.0	5.0	1256.62	1.0	20577.7	415.133	2317.66	174.492	0.101229	0.0073896	0.998734	0.023756	
1.6-2.4	3.0-5.5	0.0-100.0	0.000-1.571	0.024	0.24	44073.0	43985.0	36994.4	483.481	6990.81	274.55	0.3318	0.145019	-0.05	0.0	0.1	0.0	3.08877	0.000671081	0.1	0.0	0.03	0.0	0.0485356	0.000564409	2.04	0.08	5.0	0.0	1.31	0.1	0.0485356	0.000564409	1.33231e-05	0.0273667	0.370686	0.0145817	0.111931	0.0259431	0.00756512	0.0053187	-0.000444483	0.000824782	1.63454	0.0936064	0.893048	0.011561	0.972957	0.0609073	0.426053	0.304077	0.28264	0.548053	1.09798	14.8656	0.437629	0.0329695	0.051006	0.0468451	-463917.0	4.0	915.227	-2504730.0	5.0	1653.8	1.0	33010.6	476.873	3983.77	209.757	0.107686	0.00549254	1.00365	0.0155029	
1.6-2.4	3.0-6.5	0.0-100.0	0.000-1.571	0.016	0.24	56434.0	56338.0	47737.6	519.144	8601.27	289.679	0.18447	0.118474	-0.05	0.0	0.1	0.0	3.08912	0.000564337	0.1	0.0	0.03	0.0	0.0489789	0.000476629	2.04	0.08	5.0	0.0	1.31	0.1	0.0489789	0.000476629	1.16039e-05	1.83434e-07	0.377443	0.0117769	0.0726873	0.0143009	0.00892288	0.0115422	-6.67248e-05	0.000624893	1.85882	0.0987596	0.914124	0.00937463	0.979987	0.0782004	0.506404	0.598962	0.357164	0.78434	1.04748	24.8782	0.446561	0.0420186	0.0586356	0.0741081	-536996.0	4.0	1138.66	-2955100.0	5.0	1819.16	1.0	42284.4	509.576	5453.14	227.443	0.114232	0.00459964	1.01293	0.0120108	
1.6-2.4	4.5-5.5	0.0-100.0	0.000-1.571	0.024	0.192	16637.0	16611.0	14133.9	243.834	2476.89	130.052	-0.368107	0.160558	-0.05	0.0	0.1	0.0	3.08788	0.000881704	0.1	0.0	0.03	0.0	0.0477517	0.000764142	2.04	0.08	5.0	0.0	1.31	0.1	0.0477517	0.000764142	3.14986e-05	0.0195276	0.355028	0.0203624	0.086383	0.0293212	0.00796526	0.0109084	-0.000344427	0.00102262	1.73086	0.153055	0.917687	0.0152327	0.549032	27.5194	0.889986	3.86689	0.152337	24.4032	0.00360249	0.309423	0.410576	0.0458752	0.119516	0.0767011	-121918.0	4.0	91.1944	-589360.0	5.0	64.8813	1.0	12476.4	241.88	1657.5	113.999	0.117271	0.00780776	1.014	0.0202337	
1.6-2.4	5.5-6.5	0.0-100.0	0.000-1.571	0.024	0.16	12361.0	12342.0	10758.3	189.392	1584.32	95.4625	-0.477468	0.180052	-0.05	0.0	0.1	0.0	3.09039	0.000948442	0.1	0.0	0.03	0.0	0.0506658	0.000839627	2.04	0.08	5.0	0.0	1.31	0.1	0.0506658	0.000839627	1.13031e-05	0.0014207	0.395425	0.0210457	0.121122	0.047319	0.00235778	0.00610226	0.000607529	0.000948061	1.59491	0.144361	0.894555	0.016527	0.935981	0.489169	0.657584	0.598765	0.360219	0.14178	0.0898599	0.0938017	0.481872	0.0939709	0.073513	0.0465284	-73911.0	4.0	43.3449	-338697.0	5.0	14.5067	1.0	9267.31	184.193	1490.96	89.4424	0.138587	0.00794779	1.00569	0.0255845	
1.6-2.4	6.5-30.0	0.0-100.0	0.000-1.571	0.008	0.188	21886.0	21879.0	19119.2	228.343	2759.97	113.381	-0.81615	0.125902	-0.05	0.0	0.1	0.0	3.09058	0.000609076	0.1	0.0	0.03	0.0	0.0473038	0.000533791	1.696	0.05	5.0	0.0	1.718	0.07	0.0473038	0.000533791	3.35396e-05	3.48851e-05	0.363908	0.010367	0.0507427	0.00938907	0.00405901	0.004801	0.000322921	0.000489361	2.22561	0.1344	0.91886	0.0113721	0.931354	0.0797561	0.875288	0.141731	0.304065	0.0587984	0.0548158	0.052014	0.412089	0.0278078	0.122726	0.0384133	-104746.0	4.0	58.6066	-526050.0	5.0	6.66983	1.0	14786.4	213.644	4332.77	130.902	0.226619	0.00628899	1.02606	0.0129008	
2.0-2.4	6.5-30.0	0.0-100.0	0.000-1.571	0.008	0.144	6714.0	6704.0	5825.79	135.456	878.93	71.0012	-0.625584	0.23676	-0.05	0.0	0.1	0.0	3.08992	0.00132282	0.1	0.0	0.03	0.0	0.0525706	0.00118894	1.696	0.05	5.0	0.0	1.718	0.07	0.0525706	0.00118894	1.00319e-05	1.2166e-09	0.381287	0.022309	0.0492998	0.0201944	-0.00605931	0.0114916	-0.00122128	0.00103804	1.99796	0.247395	0.894927	0.022639	0.999999	6.37618	0.870401	0.0257969	0.272849	0.0184239	0.10912	17.5501	0.393173	0.0153849	0.108018	0.0159267	-33488.4	4.0	16.0995	-157454.0	5.0	5.05385	1.0	4541.59	128.018	1284.19	78.2904	0.220433	0.0124228	0.97888	0.0228597	
