v2W_4DEffOnly
rap	pT	cent	dPhi	ctauErrMin	ctauErrMax	NoCutEntry	CutEntry	NSig	NSigErr	NBkg	NBkgErr	coefExp	coefExpErr	coefPol1	coefPol1Err	coeffGaus	coeffGausErr	meanSig1	meanSig1Err	sigmaSig1	sigmaSig1Err	sigmaSig2	sigmaSig2Err	sigmaSig3	sigmaSig3Err	alpha	alphaErr	enne	enneErr	sigWidth	sigWidthErr	Gmc	GmcErr	bTau	bTauErr	fracRes	fracResErr	meanResSigW	meanResSigWErr	meanResSigN	meanResSigNErr	sigmaResSigW	sigmaResSigWErr	sigmaResSigN	sigmaResSigNErr	fpm	fpmErr	fLiving	fLivingErr	fbkgCtTot	fbkgCtTotErr	lambdam	lambdamErr	lambdap	lambdapErr	lambdasym	lambdasymErr	NLL	nFitPar	EDM	NLLMass	nFitParMass	EDMMass	Prob	PROMPT	PROMPTErr	NON-PROMPT	NON-PROMPTErr	Bfraction	BfractionErr	Resolution	ResolutionErr	
0.0-1.2	6.5-30.0	0.0-100.0	0.000-0.393	0.008	0.088	5070.0	5067.0	3351.96	116.207	1715.75	84.4212	0.297463	0.17556	-0.05	0.0	0.511264	0.0	3.09252	0.0	0.0196444	0.0	0.0346887	0.0	0.03	0.0	1.492	0.04	1.733	0.07	0.0280249	0.0	2.21795e-05	1.43176	0.415798	0.0802648	0.245908	0.0821935	-0.000109909	0.00257936	0.000853742	0.00111169	1.688	0.125228	0.895438	0.0318296	0.755277	1.50677	0.705329	1.43632	0.569338	0.433389	0.0357625	0.110175	0.246869	0.178035	0.131289	0.313576	-13145.6	4.0	6091.01	-144700.0	3.0	191.437	1.0	2190.74	118.734	1161.22	99.7505	0.34643	0.0272276	1.1425	0.0442958	
0.0-1.2	6.5-30.0	0.0-100.0	0.000-1.571	0.008	0.105	19172.0	19167.0	12300.2	370.371	6868.18	321.278	-0.0273536	0.156786	-0.05	0.0	0.511264	0.408505	3.09252	0.000775618	0.0196444	0.00447191	0.0346887	0.0116955	0.03	0.0	1.492	0.04	1.733	0.07	0.0280249	0.00362721	1.87255e-05	2.6751e-05	0.412705	0.0577627	0.236177	0.079527	5.83622e-05	0.00144617	0.000696795	0.00061663	1.60413	0.0920545	0.883535	0.0179149	0.623394	0.188282	0.931856	0.0890959	0.446117	0.157147	0.0598911	0.0358659	0.218141	0.0240061	1.34068	6.57308	2028.46	4.0	51822.9	-725417.0	7.0	767864.0	1.0	8328.5	327.753	3971.66	242.555	0.322895	0.0171562	1.09727	0.0365773	
0.0-1.2	6.5-30.0	0.0-100.0	0.393-0.785	0.008	0.096	5012.0	5011.0	3175.11	118.792	1835.98	86.6636	-0.130011	0.154007	-0.05	0.0	0.511264	0.0	3.09252	0.0	0.0196444	0.0	0.0346887	0.0	0.03	0.0	1.492	0.04	1.733	0.07	0.0280249	0.0	1.00937e-05	0.00103092	0.415876	0.110328	0.0755589	0.0712515	0.0054884	0.00636296	-0.000824909	0.00113247	1.88269	0.329588	0.987119	0.0363095	0.596528	1.88502	0.999999	256.634	0.317806	1.81186	0.0546088	0.160239	0.166741	0.151689	0.0267056	1030.3	-12312.1	4.0	9030.28	-152443.0	3.0	627.872	1.0	2188.41	134.693	986.696	113.143	0.31076	0.0336843	1.08102	0.0499865	
0.0-1.2	6.5-30.0	0.0-100.0	0.785-1.178	0.008	0.08	4764.0	4761.0	3080.89	131.931	1680.98	101.02	-0.00733298	0.228494	-0.05	0.0	0.511264	0.0	3.09252	0.0	0.0196444	0.0	0.0346887	0.0	0.03	0.0	1.492	0.04	1.733	0.07	0.0280249	0.0	4.10143e-05	0.000107112	0.506029	0.219822	0.187448	0.146811	0.00147636	0.00343833	0.00259136	0.00140501	1.59152	0.210616	0.871093	0.0380971	0.309389	27.8228	0.662945	17.4275	0.0204338	137.651	0.012532	1.89941	0.507602	1.62377	0.105973	0.470889	28121.4	4.0	33642.4	-228000.0	3.0	293.042	1.0	2046.35	150.86	1034.54	130.546	0.335792	0.0398585	1.04468	0.0703988	
0.0-1.2	6.5-30.0	0.0-100.0	1.178-1.571	0.008	0.088	4323.0	4321.0	2688.17	92.7838	1632.89	80.4755	-0.274685	0.179427	-0.05	0.0	0.511264	0.0	3.09252	0.0	0.0196444	0.0	0.0346887	0.0	0.03	0.0	1.492	0.04	1.733	0.07	0.0280249	0.0	1.37041e-05	2.80645	0.274726	0.0370754	0.822701	0.0724277	-0.00109986	0.000962734	0.000275482	0.00279691	1.28762	0.0347594	0.6	0.0433387	0.869548	0.111279	0.495726	0.287012	0.358672	0.317358	1.02401	4.11175	0.392532	0.145825	0.0510865	0.0385579	-10683.1	4.0	1177.64	-97427.9	3.0	198.902	1.0	1885.41	90.9217	802.765	69.2792	0.298629	0.0236209	1.19492	0.025059	
0.0-1.2	6.5-30.0	10.0-60.0	0.000-0.393	0.008	0.073	3184.0	3178.0	2157.58	87.9592	1020.55	62.2886	0.16898	0.205485	-0.05	0.0	0.511264	0.0	3.09252	0.0	0.0196444	0.0	0.0348322	0.0	0.03	0.0	1.492	0.04	1.733	0.07	0.0281118	0.0	1.05857e-05	4.67892e-05	0.382847	0.0775224	0.236177	0.0	5.83622e-05	0.0	-0.000435112	0.00131499	1.60413	0.0	0.859975	0.0391702	0.680789	0.432629	0.737746	0.925742	0.420229	0.333037	0.0462605	0.0246964	0.207523	0.0684993	0.0377096	0.0387419	-10254.9	4.0	2741.62	-78886.9	3.0	53.4407	1.0	1421.9	88.5091	735.685	73.302	0.340976	0.0310002	1.08288	0.0118802	
0.0-1.2	6.5-30.0	10.0-60.0	0.000-1.571	0.008	0.105	12051.0	12047.0	8218.61	202.464	3828.61	136.265	-0.0396028	0.140882	-0.05	0.0	0.511264	0.0	3.09252	0.0	0.0196444	0.0	0.0348322	0.000460906	0.03	0.0	1.492	0.04	1.733	0.07	0.0281118	0.000139556	1.87255e-05	2.6751e-05	0.45141	0.0890342	0.236177	0.0	5.83622e-05	0.0	0.000366347	0.000745591	1.60413	0.0	0.851335	0.0215267	0.566275	0.414565	0.916852	0.187638	0.359403	0.417189	0.0512002	0.0537934	0.207911	0.0350519	4.34689	123.024	14389.8	4.0	44520.4	-495772.0	4.0	1019480.0	1.0	5572.93	224.705	2645.68	189.453	0.321913	0.0216446	1.07765	0.00649475	
0.0-1.2	6.5-30.0	10.0-60.0	0.393-0.785	0.008	0.073	3207.0	3205.0	2198.54	104.611	1006.86	67.1666	0.0476947	0.210955	-0.05	0.0	0.511264	0.0	3.09252	0.0	0.0196444	0.0	0.0348322	0.0	0.03	0.0	1.492	0.04	1.733	0.07	0.0281118	0.0	2.45136e-05	0.0594659	0.481525	0.19261	0.236177	0.0	5.83622e-05	0.0	-0.000108307	0.00137186	1.60413	0.0	0.855385	0.0443711	0.510679	0.0255954	1.0	1209.94	0.211535	0.0484673	0.0488441	0.00387593	0.169197	0.0118592	0.0264119	5042.66	-8995.71	4.0	7828.86	-106137.0	3.0	854.36	1.0	1560.63	117.311	637.91	95.7542	0.290152	0.0413075	1.0801	0.0134203	
0.0-1.2	6.5-30.0	10.0-60.0	0.785-1.178	0.008	0.064	2954.0	2950.0	2045.39	120.132	905.293	82.6475	-0.170352	0.377307	-0.05	0.0	0.511264	0.0	3.09252	0.0	0.0196444	0.0	0.0348322	0.0	0.03	0.0	1.492	0.04	1.733	0.07	0.0281118	0.0	3.78823e-05	8.58329e-05	0.606909	0.423808	0.236177	0.0	5.83622e-05	0.0	0.00101384	0.00163889	1.60413	0.0	0.768951	0.0431918	0.803597	2.11495	0.397182	20.2627	0.000602728	802.502	0.147253	1.16743	0.570753	3.10415	0.024368	1.34253	27477.0	4.0	28120.5	-176020.0	3.0	537.62	1.0	1330.99	129.462	714.4	111.4	0.349274	0.0504531	1.02926	0.0123236	
0.0-1.2	6.5-30.0	10.0-60.0	1.178-1.571	0.008	0.064	2705.0	2700.0	1807.18	77.1864	893.008	62.3056	-0.243159	0.266137	-0.05	0.0	0.511264	0.0	3.09252	0.0	0.0196444	0.0	0.0348322	0.0	0.03	0.0	1.492	0.04	1.733	0.07	0.0281118	0.0	2.4668e-05	4.15522	0.305623	0.0516001	0.236177	0.0	5.83622e-05	0.0	-0.000429941	0.00149252	1.60413	0.0	0.86256	0.0431844	0.563171	0.55388	0.825894	0.230211	0.242491	0.487353	0.0514453	0.0459977	0.161946	0.0493027	2.52688	19.9268	-5920.28	4.0	998.832	-60693.3	3.0	258.549	1.0	1227.94	76.5049	579.248	60.9464	0.320525	0.0308209	1.08445	0.0131181	
0.0-2.4	10.0-13.0	0.0-100.0	0.000-0.393	0.016	0.08	1763.0	1754.0	1267.28	62.4759	487.544	40.8529	0.126199	0.25665	-0.05	0.0	0.489275	0.0	3.09191	0.0	0.0427891	0.0	0.0221214	0.0	0.03	0.0	1.492	0.04	1.733	0.07	0.0338488	0.0	1.71938e-05	0.0002901	0.36214	0.0909088	0.274398	0.109498	-0.00249292	0.00355003	0.00115792	0.00153922	1.69599	0.15967	0.821842	0.0426964	0.824128	0.148164	0.997741	51.4894	0.543049	2.46443	0.119678	0.0767201	0.209093	0.0701278	0.0221197	45.6514	-4376.65	4.0	1618.79	-34943.6	3.0	33.5059	1.0	844.268	62.6084	423.008	51.2086	0.333793	0.036906	1.13109	0.0635849	
0.0-2.4	10.0-13.0	0.0-100.0	0.000-1.571	0.008	0.136	6979.0	6977.0	5065.9	363.853	1911.75	277.617	-0.711113	0.314777	-0.05	0.0	0.489275	0.461717	3.09191	0.00248824	0.0427891	0.00783607	0.0221214	0.00988845	0.03	0.0	1.492	0.04	1.733	0.07	0.0338488	0.00293187	1.21637e-05	1.85867	0.430414	0.097246	0.294117	0.0867943	0.000270012	0.00176522	0.000354227	0.000932058	1.60695	0.0922641	0.791153	0.0262564	0.880599	0.307641	0.524275	0.233525	1.37409e-07	6.48549	0.0859688	0.102213	0.286061	0.0610222	0.0269837	0.0171377	-7503.28	4.0	19828.2	-235404.0	7.0	90842.4	1.0	3422.81	280.672	1643.09	179.628	0.324343	0.0267321	1.09605	0.044051	
0.0-2.4	10.0-13.0	0.0-100.0	0.393-0.785	0.008	0.088	1801.0	1799.0	1335.55	86.3886	464.284	47.3263	-0.761754	0.292521	-0.05	0.0	0.489275	0.0	3.09191	0.0	0.0427891	0.0	0.0221214	0.0	0.03	0.0	1.492	0.04	1.733	0.07	0.0338488	0.0	1.60627e-05	0.00013147	0.499588	0.26694	0.680848	0.179328	0.0030049	0.00163927	-0.00119879	0.00236985	1.30469	0.0810495	0.6	0.132109	0.837805	0.0786891	1.0	269.752	0.41031	0.140657	0.0482552	0.0180461	0.223566	0.0322927	0.0226698	725.885	-2763.49	4.0	7233.05	-64531.9	3.0	949.355	1.0	894.135	94.4647	441.419	79.9614	0.330514	0.0559242	1.12865	0.06313	
0.0-2.4	10.0-13.0	0.0-100.0	0.785-1.178	0.008	0.105	1736.0	1734.0	1272.14	91.7023	462.829	53.9298	-1.18315	0.361502	-0.05	0.0	0.489275	0.0	3.09191	0.0	0.0427891	0.0	0.0221214	0.0	0.03	0.0	1.492	0.04	1.733	0.07	0.0338488	0.0	8.5376e-05	0.000184274	0.56432	0.418453	0.118034	0.0934839	0.00630016	0.00594207	0.000251162	0.00247417	1.90173	0.316188	0.996208	0.0779097	0.931629	0.00583167	1.0	956.335	0.401245	0.0106408	0.0987873	0.00169777	0.3941	0.00545479	0.0454822	2494.46	254.313	4.0	8616.0	-71294.6	3.0	867.824	1.0	862.848	110.53	409.29	96.0137	0.321734	0.0718226	1.14113	0.0689575	
0.0-2.4	10.0-13.0	0.0-100.0	1.178-1.571	0.008	0.088	1678.0	1663.0	1188.62	56.9429	475.334	39.6183	-1.04375	0.286518	-0.05	0.0	0.489275	0.0	3.09191	0.0	0.0427891	0.0	0.0221214	0.0	0.03	0.0	1.492	0.04	1.733	0.07	0.0338488	0.0	1.34644e-05	0.00253279	0.319047	0.0626165	0.547296	0.182925	-0.00213568	0.00229779	0.00328862	0.00240545	1.46442	0.108951	0.711257	0.066477	0.880482	2.9239	0.513026	1.69765	6.76433e-08	544.083	0.0042803	0.322541	0.270724	0.223488	0.0401923	0.0784065	-4623.72	4.0	561.555	-28811.3	3.0	8.06564	1.0	823.26	56.4155	365.362	43.9725	0.307383	0.0339375	1.18436	0.0737837	
0.0-2.4	10.0-13.0	10.0-60.0	0.000-0.393	0.016	0.08	1171.0	1166.0	848.013	46.7928	318.075	32.2106	0.0800952	0.316128	-0.05	0.0	0.489275	0.0	3.09191	0.0	0.0427891	0.0	0.0223819	0.0	0.03	0.0	1.492	0.04	1.733	0.07	0.0339362	0.0	1.71938e-05	0.0002901	0.285478	0.0540037	0.294117	0.0	0.000270012	0.0	0.000132873	0.00178053	1.60695	0.0	0.736086	0.0517721	0.854491	0.0676205	0.999983	14.1175	0.50029	0.0210565	0.133487	0.0293741	0.220566	0.0128746	0.165459	79.6177	-3249.04	4.0	350.35	-18778.5	3.0	16.5313	1.0	549.531	44.2481	298.482	36.1896	0.351978	0.0380002	1.06862	0.0125864	
0.0-2.4	10.0-13.0	10.0-60.0	0.000-1.571	0.008	0.136	4600.0	4598.0	3432.8	136.354	1165.83	78.8614	-0.867989	0.196965	-0.05	0.0	0.489275	0.0	3.09191	0.0	0.0427891	0.0	0.0223819	0.001479	0.03	0.0	1.492	0.04	1.733	0.07	0.0339362	0.000249092	1.21637e-05	1.85867	0.483315	0.154039	0.294117	0.0	0.000270012	0.0	0.000955946	0.00117526	1.60695	0.0	0.805168	0.03207	0.929228	0.346562	0.539316	0.325635	0.0648303	0.433807	0.112449	0.249984	0.307837	0.096278	0.0348302	0.0460919	-3415.31	4.0	17149.7	-175487.0	4.0	5979.09	1.0	2292.74	149.071	1140.06	126.408	0.332108	0.0343796	1.10323	0.00826082	
0.0-2.4	10.0-13.0	10.0-60.0	0.393-0.785	0.016	0.088	1176.0	1175.0	914.503	79.6756	260.517	38.7547	-1.08082	0.38167	-0.05	0.0	0.489275	0.0	3.09191	0.0	0.0427891	0.0	0.0223819	0.0	0.03	0.0	1.492	0.04	1.733	0.07	0.0339362	0.0	1.60627e-05	0.00013147	0.620465	0.539242	0.294117	0.0	0.000270012	0.0	0.0013986	0.00212649	1.60695	0.0	0.788612	0.0610438	0.722006	0.460183	1.0	33.7874	0.302294	0.404701	0.0491858	0.0643731	0.19193	0.090306	0.0200056	198.89	-2408.27	4.0	6365.08	-51262.5	3.0	1103.64	1.0	605.196	87.1368	309.307	74.4234	0.338224	0.0758589	1.09476	0.01552	
0.0-2.4	10.0-13.0	10.0-60.0	0.785-1.178	0.016	0.105	1173.0	1172.0	895.904	86.4004	276.135	47.0498	-1.44845	0.56007	-0.05	0.0	0.489275	0.0	3.09191	0.0	0.0427891	0.0	0.0223819	0.0	0.03	0.0	1.492	0.04	1.733	0.07	0.0339362	0.0	8.5376e-05	0.000184274	0.736172	0.887844	0.294117	0.0	0.000270012	0.0	6.78096e-05	0.00326938	1.60695	0.0	0.951786	0.0876472	0.97773	0.134036	0.999994	877.167	0.428579	4.07056	0.192528	0.384582	0.503656	0.371508	0.0231627	3909.62	-308.86	4.0	7222.35	-60025.6	3.0	829.483	1.0	585.705	95.5236	310.2	82.6386	0.346242	0.0859844	1.18277	0.0248931	
0.0-2.4	10.0-13.0	10.0-60.0	1.178-1.571	0.016	0.056	1079.0	1048.0	751.636	45.9042	296.524	31.5773	-1.14076	0.363117	-0.05	0.0	0.489275	0.0	3.09191	0.0	0.0427891	0.0	0.0223819	0.0	0.03	0.0	1.492	0.04	1.733	0.07	0.0339362	0.0	1.27211e-05	0.00181467	0.31203	0.0797128	0.294117	0.0	0.000270012	0.0	0.00345576	0.00244086	1.60695	0.0	0.882244	0.0711609	0.799291	1.55983	0.577499	0.99678	5.80295e-06	104.924	0.0143991	0.0770283	0.254322	0.134019	0.0420711	0.0556981	-2888.35	4.0	435.175	-17471.7	3.0	24.2091	1.0	518.654	46.2711	232.982	36.6079	0.309967	0.0448748	1.14408	0.0193676	
0.0-2.4	10.0-30.0	0.0-100.0	0.000-0.393	0.008	0.088	2836.0	2830.0	2084.41	86.3001	746.013	53.5555	-0.0311676	0.227753	-0.05	0.0	0.484566	0.0	3.09299	0.0	0.0440564	0.0	0.0217061	0.0	0.03	0.0	1.492	0.04	1.733	0.07	0.0344002	0.0	1.1122e-05	0.00169269	0.436729	0.098598	0.286858	0.0918796	0.000915639	0.00224089	0.00104436	0.00123649	1.62833	0.118442	0.842545	0.0364384	0.842114	1.75298	0.981758	39.518	0.527646	12.8593	0.102422	0.663552	0.239539	0.158383	0.020005	154.654	-5523.8	4.0	4079.17	-69838.5	3.0	118.4	1.0	1306.28	85.6391	778.132	73.8035	0.37331	0.0318558	1.12554	0.0476303	
0.0-2.4	10.0-30.0	0.0-100.0	0.000-1.571	0.008	0.136	10835.0	10834.0	7938.48	330.774	2895.64	252.682	-0.736866	0.193561	-0.05	0.0	0.484566	0.256349	3.09299	0.00139794	0.0440564	0.00538367	0.0217061	0.00558386	0.03	0.0	1.492	0.04	1.733	0.07	0.0344002	0.00190134	1.52572e-05	0.000100154	0.389334	0.0564637	0.236663	0.0682407	0.00122367	0.00140879	0.000238877	0.000669242	1.62012	0.0865195	0.858109	0.0206419	0.914531	0.48466	0.729623	0.864612	0.284212	0.534616	0.0799568	0.153641	0.301457	0.0736138	0.0375127	0.079111	-13356.0	4.0	24525.6	-340027.0	7.0	310418.0	1.0	5179.48	264.633	2759.0	191.496	0.347548	0.0192921	1.08778	0.0338867	
0.0-2.4	10.0-30.0	0.0-100.0	0.393-0.785	0.008	0.105	2777.0	2775.0	2026.2	95.0389	749.393	55.4408	-0.696963	0.224529	-0.05	0.0	0.484566	0.0	3.09299	0.0	0.0440564	0.0	0.0217061	0.0	0.03	0.0	1.492	0.04	1.733	0.07	0.0344002	0.0	1.01316e-05	0.00876397	0.393522	0.130655	0.100919	0.169121	0.00498796	0.00652429	-0.000546346	0.00118433	1.74041	0.515379	0.87871	0.0404103	0.687236	0.301207	1.0	0.86969	0.302278	0.276166	0.0351792	0.0183605	0.222368	0.0351044	0.0358948	28.5435	-3813.29	4.0	8450.14	-82782.3	3.0	747.449	1.0	1338.78	106.884	687.416	92.3072	0.339264	0.0426871	0.999947	0.106817	
0.0-2.4	10.0-30.0	0.0-100.0	0.785-1.178	0.008	0.105	2623.0	2622.0	1925.48	99.1133	696.858	60.3582	-1.26913	0.290423	-0.05	0.0	0.484566	0.0	3.09299	0.0	0.0440564	0.0	0.0217061	0.0	0.03	0.0	1.492	0.04	1.733	0.07	0.0344002	0.0	2.91026e-05	5.76628e-05	0.41541	0.168186	0.122074	0.0686439	0.00470031	0.00433712	0.000461222	0.0016274	1.84586	0.2159	0.930475	0.0528837	0.867523	0.361001	0.751127	1.49228	0.150147	1.41086	0.0732169	0.0916455	0.432057	0.183168	0.033136	0.110097	508.941	4.0	10793.4	-89497.1	3.0	640.209	1.0	1276.07	114.411	649.41	99.4619	0.337271	0.0486507	1.08445	0.0501722	
0.0-2.4	10.0-30.0	0.0-100.0	1.178-1.571	0.008	0.105	2599.0	2589.0	1901.75	72.0088	687.659	48.5721	-1.00374	0.243231	-0.05	0.0	0.484566	0.0	3.09299	0.0	0.0440564	0.0	0.0217061	0.0	0.03	0.0	1.492	0.04	1.733	0.07	0.0344002	0.0	3.2121e-05	7.73774e-05	0.31098	0.0471897	0.662879	0.127118	-0.000594368	0.00123554	0.00289624	0.00225863	1.36549	0.0619482	0.687606	0.0655035	1.0	634.116	0.638383	0.0298245	0.171263	0.021243	0.0380369	491.066	0.269228	0.00701022	0.041575	0.00102296	-6588.12	4.0	1146.67	-48225.6	3.0	6.26194	1.0	1247.18	70.3309	654.568	57.7117	0.344193	0.0274056	1.18126	0.0447947	
0.0-2.4	10.0-30.0	10.0-60.0	0.000-0.393	0.008	0.088	1873.0	1867.0	1403.34	70.4344	464.116	42.0462	-0.123638	0.285086	-0.05	0.0	0.484566	0.0	3.09299	0.0	0.0440564	0.0	0.0216473	0.0	0.03	0.0	1.492	0.04	1.733	0.07	0.0343811	0.0	1.1122e-05	0.00169269	0.44431	0.122939	0.236663	0.0	0.00122367	0.0	4.97744e-05	0.00135782	1.62012	0.0	0.809029	0.0398526	0.99226	61.3788	0.808623	3.60774	0.488883	9.50996	0.00100249	15.4666	0.243213	0.0670611	0.138895	0.101346	-3997.73	4.0	2681.28	-43942.5	3.0	83.0708	1.0	887.439	69.6846	515.9	59.5189	0.367623	0.0381885	1.05869	0.0116236	
0.0-2.4	10.0-30.0	10.0-60.0	0.000-1.571	0.008	0.136	7145.0	7143.0	5358.11	157.513	1785.32	92.2759	-0.810717	0.15509	-0.05	0.0	0.484566	0.0	3.09299	0.0	0.0440564	0.0	0.0216473	0.00107576	0.03	0.0	1.492	0.04	1.733	0.07	0.0343811	0.000174558	1.52572e-05	0.000100154	0.444966	0.093037	0.236663	0.0	0.00122367	0.0	0.000449053	0.000826318	1.62012	0.0	0.848171	0.0253504	0.924189	0.486737	0.577779	0.41142	0.116732	0.237962	0.0913739	0.256002	0.324224	0.0869211	0.0322868	0.0406802	-7424.56	4.0	20970.6	-248143.0	4.0	4811.56	1.0	3512.02	168.299	1846.09	143.563	0.344541	0.0248055	1.08182	0.00758579	
0.0-2.4	10.0-30.0	10.0-60.0	0.393-0.785	0.008	0.105	1805.0	1804.0	1363.56	85.7242	440.463	45.5636	-0.804086	0.28952	-0.05	0.0	0.484566	0.0	3.09299	0.0	0.0440564	0.0	0.0216473	0.0	0.03	0.0	1.492	0.04	1.733	0.07	0.0343811	0.0	1.01316e-05	0.00876397	0.47644	0.252261	0.236663	0.0	0.00122367	0.0	0.000949036	0.00154892	1.62012	0.0	0.838377	0.0514807	0.62432	0.787187	1.0	47.3692	0.277108	0.753508	0.0408887	0.0686082	0.206692	0.134694	0.0504192	302.916	-2496.88	4.0	7517.67	-62851.4	3.0	936.408	1.0	924.039	96.49	439.52	81.848	0.322333	0.0565012	1.07597	0.0153098	
0.0-2.4	10.0-30.0	10.0-60.0	0.785-1.178	0.008	0.105	1751.0	1750.0	1319.39	91.6593	430.839	52.636	-1.35999	0.415372	-0.05	0.0	0.484566	0.0	3.09299	0.0	0.0440564	0.0	0.0216473	0.0	0.03	0.0	1.492	0.04	1.733	0.07	0.0343811	0.0	2.91026e-05	5.76628e-05	0.525472	0.319861	0.236663	0.0	0.00122367	0.0	0.000283589	0.00198727	1.62012	0.0	0.938751	0.0605768	0.955613	3.81987	0.911767	3.70578	0.373061	1.89111	0.0448233	1.15854	0.572424	1.19497	0.113558	1.73473	599.099	4.0	9083.98	-72257.7	3.0	714.52	1.0	868.191	98.3624	451.203	83.785	0.341977	0.0588912	1.13749	0.0190808	
0.0-2.4	10.0-30.0	10.0-60.0	1.178-1.571	0.008	0.08	1715.0	1694.0	1259.66	59.8543	434.719	38.8805	-0.987209	0.303256	-0.05	0.0	0.484566	0.0	3.09299	0.0	0.0440564	0.0	0.0216473	0.0	0.03	0.0	1.492	0.04	1.733	0.07	0.0343811	0.0	1.97786e-05	7.38276e-05	0.333893	0.0662748	0.236663	0.0	0.00122367	0.0	0.00179222	0.00172495	1.62012	0.0	0.908245	0.0541617	0.788198	0.90541	0.641313	0.680694	9.82254e-06	12.5278	0.0147758	0.036061	0.235705	0.0884195	0.0391445	0.036564	-4384.46	4.0	938.639	-31158.0	3.0	21.2368	1.0	815.663	59.7943	443.997	50.1829	0.352474	0.0361469	1.11842	0.0167871	
0.0-2.4	13.0-30.0	0.0-100.0	0.000-0.393	0.008	0.064	1072.0	1067.0	822.751	59.8299	244.591	33.392	-0.369186	0.431593	-0.05	0.0	0.477287	0.0	3.09494	0.0	0.0467165	0.0	0.0208767	0.0	0.03	0.0	1.492	0.04	1.733	0.07	0.0356295	0.0	5.42312e-05	0.000155716	0.534651	0.220719	0.320965	0.160542	0.00391952	0.00307986	0.000404149	0.0021476	1.50857	0.163159	0.883198	0.0700592	0.997776	22.9937	0.827954	1.78669	0.472582	5.35856	0.00100569	14.4118	0.295392	0.100086	0.0373536	0.0470512	-1722.36	4.0	2289.89	-28806.9	3.0	110.638	1.0	460.866	56.8504	361.885	52.9276	0.439848	0.0558147	1.12255	0.066696	
0.0-2.4	13.0-30.0	0.0-100.0	0.000-1.571	0.008	0.105	3856.0	3856.0	2878.69	109.029	977.632	82.5929	-0.802083	0.207184	-0.05	0.0	0.477287	0.205437	3.09494	0.00124442	0.0467165	0.00722259	0.0208767	0.00396682	0.03	0.0	1.492	0.04	1.733	0.07	0.0356295	0.00234019	1.00009e-05	0.0022258	0.331196	0.0484522	0.132772	0.0920488	0.00351245	0.00313808	7.93823e-05	0.000913179	1.67468	0.204192	0.930719	0.0327532	0.915721	0.97839	0.848346	1.59349	0.343091	0.37068	0.0425379	0.0360704	0.32863	0.133548	0.0404126	0.0326456	-7100.63	4.0	4012.15	-83246.9	7.0	20991.2	1.0	1758.48	98.402	1120.21	83.948	0.389138	0.0251634	1.05999	0.0488353	
0.0-2.4	13.0-30.0	0.0-100.0	0.393-0.785	0.008	0.064	975.0	968.0	689.898	39.0678	278.484	27.5531	-0.538626	0.344548	-0.05	0.0	0.477287	0.0	3.09494	0.0	0.0467165	0.0	0.0208767	0.0	0.03	0.0	1.492	0.04	1.733	0.07	0.0356295	0.0	1.55008e-05	0.000878565	0.232589	0.0391425	0.00883941	0.0082002	0.00999995	0.0180256	-0.00172292	0.00140872	3.31245	1.28622	0.912254	0.0544959	0.646448	0.0948486	1.0	0.56412	0.309226	0.103232	0.0302691	0.00988319	0.205202	0.0463909	0.0200042	4.13421	-2918.83	4.0	125.661	-12812.5	3.0	3.7486	1.0	448.59	37.0812	241.308	30.2728	0.349774	0.0391553	0.960125	0.0388828	
0.0-2.4	13.0-30.0	0.0-100.0	0.785-1.178	0.008	0.056	887.0	871.0	638.515	38.0575	232.988	27.8722	-1.43531	0.487631	-0.05	0.0	0.477287	0.0	3.09494	0.0	0.0467165	0.0	0.0208767	0.0	0.03	0.0	1.492	0.04	1.733	0.07	0.0356295	0.0	3.39658e-05	0.000104935	0.22585	0.0376122	0.131789	0.1171	0.00298802	0.00557481	0.000188928	0.0017136	1.76077	0.331988	0.919827	0.062699	0.999982	179.763	0.709407	1.25808	0.2403	0.278193	0.0740086	150.867	0.521548	0.401045	0.0561559	0.110088	-2109.31	4.0	129.677	-12212.8	3.0	124.834	1.0	396.841	35.8714	241.674	30.5742	0.378494	0.0422361	1.06919	0.0752055	
0.0-2.4	13.0-30.0	0.0-100.0	1.178-1.571	0.008	0.08	920.0	919.0	711.561	43.941	207.564	27.5671	-0.981088	0.457913	-0.05	0.0	0.477287	0.0	3.09494	0.0	0.0467165	0.0	0.0208767	0.0	0.03	0.0	1.492	0.04	1.733	0.07	0.0356295	0.0	1.65646e-05	0.000171567	0.299593	0.0697978	0.867045	0.0572375	0.000445439	0.00122049	0.0017878	0.00673384	1.22585	0.0404956	0.600006	0.49925	0.969233	1.93838	0.999994	159.472	0.295861	1.45064	0.001	25.8351	0.26968	0.209042	0.0208524	776.747	-2011.61	4.0	604.426	-15280.1	3.0	5.22254	1.0	419.747	40.936	291.814	36.4502	0.410104	0.0445276	1.16223	0.0288855	
0.0-2.4	13.0-30.0	10.0-60.0	0.000-0.393	0.008	0.064	701.0	696.0	556.199	52.7886	140.067	25.6861	-0.677844	0.535164	-0.05	0.0	0.477287	0.0	3.09494	0.0	0.0467165	0.0	0.0202114	0.0	0.03	0.0	1.492	0.04	1.733	0.07	0.0354284	0.0	5.42312e-05	0.000155716	0.698806	0.52382	0.132772	0.0	0.00351245	0.0	0.000813506	0.00222524	1.67468	0.0	0.92333	0.0733299	0.431626	33.7335	0.979181	2.13551	0.0159116	51.8793	0.00118469	6.61115	0.289658	0.257528	0.0656581	0.566619	-1817.34	4.0	1871.56	-21040.1	3.0	213.281	1.0	326.421	51.0375	229.778	46.0502	0.413121	0.0729217	1.05438	0.0278449	
0.0-2.4	13.0-30.0	10.0-60.0	0.000-1.571	0.008	0.08	2544.0	2538.0	1922.79	78.8777	616.023	47.9681	-0.715932	0.250012	-0.05	0.0	0.477287	0.0	3.09494	0.0	0.0467165	0.0	0.0202114	0.000786095	0.03	0.0	1.492	0.04	1.733	0.07	0.0354285	0.000117207	1.60278e-05	0.000108096	0.386866	0.0826853	0.132772	0.0	0.00351245	0.0	0.000276677	0.00110641	1.67468	0.0	0.922694	0.0409607	0.817426	1.05875	0.769793	0.959136	0.230265	0.538761	0.0310079	0.0608014	0.348461	0.125467	0.0328587	0.0302086	-4891.59	4.0	3330.81	-56738.6	4.0	1437.18	1.0	1216.22	78.8809	706.569	67.6246	0.36747	0.0317755	1.05389	0.01555	
0.0-2.4	13.0-30.0	10.0-60.0	0.393-0.785	0.008	0.064	629.0	626.0	446.814	31.1595	180.027	22.2637	-0.411611	0.432233	-0.05	0.0	0.477287	0.0	3.09494	0.0	0.0467165	0.0	0.0202114	0.0	0.03	0.0	1.492	0.04	1.733	0.07	0.0354284	0.0	1.55008e-05	0.000878565	0.207901	0.0445528	0.132772	0.0	0.00351245	0.0	-0.000289728	0.00194914	1.67468	0.0	0.912316	0.0776734	0.565722	0.0997405	0.999999	2.52968	0.294258	0.108542	0.0382361	0.0111869	0.228125	0.0620131	0.0417388	18.6113	-1988.81	4.0	57.5235	-7634.56	3.0	5.83233	1.0	305.684	30.2846	141.13	23.6556	0.315859	0.0481431	1.04603	0.029375	
0.0-2.4	13.0-30.0	10.0-60.0	0.785-1.178	0.012	0.044	578.0	559.0	410.358	30.8189	149.239	22.9294	-1.28752	0.612596	-0.05	0.0	0.477287	0.0	3.09494	0.0	0.0467165	0.0	0.0202114	0.0	0.03	0.0	1.492	0.04	1.733	0.07	0.0354284	0.0	3.14561e-05	0.000114974	0.234132	0.0500874	0.132772	0.0	0.00351245	0.0	-2.16737e-05	0.00200637	1.67468	0.0	0.927579	0.0783617	0.84463	2.40514	0.999998	0.133023	0.206856	3.1252	0.0491448	0.496877	0.543893	0.852875	4.82371	156.076	-1215.68	4.0	90.2861	-7488.83	3.0	137.333	1.0	268.2	28.5669	142.158	22.8984	0.346424	0.0493644	1.05761	0.0298012	
0.0-2.4	13.0-30.0	10.0-60.0	1.178-1.571	0.008	0.08	635.0	634.0	497.236	38.0502	136.854	22.3892	-0.700306	0.535414	-0.05	0.0	0.477287	0.0	3.09494	0.0	0.0467165	0.0	0.0202114	0.0	0.03	0.0	1.492	0.04	1.733	0.07	0.0354284	0.0	1.65646e-05	0.000171567	0.362862	0.112118	0.132772	0.0	0.00351245	0.0	-0.00029263	0.0023309	1.67468	0.0	0.905962	0.0855559	0.749611	2.58256	0.957415	8.09453	0.0313656	7.6413	0.0128707	0.0452425	0.185958	0.206423	0.0200003	0.821719	-1518.82	4.0	500.249	-10663.2	3.0	2.56253	1.0	288.63	36.9006	208.606	33.5953	0.419532	0.0594495	1.04123	0.0322788	
0.0-2.4	6.5-10.0	0.0-100.0	0.000-0.393	0.016	0.152	10705.0	10686.0	5453.67	148.516	5232.47	142.026	-0.0568782	0.0925286	-0.05	0.0	0.407828	0.0	3.09232	0.0	0.0516337	0.0	0.0257114	0.0	0.03	0.0	1.492	0.04	1.733	0.07	0.0384546	0.0	1.90055e-05	0.000117681	0.29656	0.0429283	0.138357	0.0473332	0.00466897	0.00498227	0.00211016	0.000924018	1.9815	0.167728	0.93819	0.020644	0.722619	6.10353	0.565235	2.97646	0.569467	2.04361	0.0216839	0.14193	0.226325	0.0913673	0.0884881	0.110123	-32279.7	4.0	3854.14	-281467.0	3.0	119.582	1.0	4083.06	164.353	1370.6	126.656	0.251318	0.0221926	1.1409	0.0381811	
0.0-2.4	6.5-10.0	0.0-100.0	0.000-1.571	0.008	0.136	38460.0	38327.0	20325.1	606.01	18001.7	600.213	-0.135335	0.0572032	-0.05	0.0	0.407828	0.17738	3.09232	0.000556349	0.0516337	0.0105982	0.0257114	0.00253957	0.03	0.0	1.492	0.04	1.733	0.07	0.0384546	0.00294501	2.70702e-05	5.76409e-05	0.317594	0.0297802	0.173814	0.044334	0.00399264	0.00245512	0.00334086	0.000549823	1.78243	0.0904393	0.951257	0.0126313	0.555798	0.441088	0.925059	0.276221	0.566149	0.299168	0.0592147	0.0800411	0.245267	0.129287	0.389323	1.69843	-57954.7	4.0	44315.0	-1270120.0	7.0	7225.42	1.0	15297.5	527.897	5027.55	305.14	0.247357	0.0130766	1.1401	0.0256489	
0.0-2.4	6.5-10.0	0.0-100.0	0.393-0.785	0.016	0.145	10081.0	10059.0	5183.8	144.923	4875.54	141.418	-0.28736	0.0977932	-0.05	0.0	0.407828	0.0	3.09232	0.0	0.0516337	0.0	0.0257114	0.0	0.03	0.0	1.492	0.04	1.733	0.07	0.0384546	0.0	1.01928e-05	2.11886	0.324384	0.0450378	0.175237	0.0863871	0.00684653	0.00488837	0.00476354	0.00112766	1.78736	0.174703	1.00643	0.0268549	0.482564	15.568	0.869818	2.41696	0.439269	13.5431	0.0469613	1.1806	0.205345	0.277752	0.446752	2.23539	-25670.8	4.0	2777.25	-268342.0	3.0	0.791475	1.0	3898.74	155.119	1285.06	116.071	0.247899	0.0212915	1.1812	0.047083	
0.0-2.4	6.5-10.0	0.0-100.0	0.785-1.178	0.016	0.152	9242.0	9240.0	5067.47	153.788	4173.18	139.869	0.0303581	0.124511	-0.05	0.0	0.407828	0.0	3.09232	0.0	0.0516337	0.0	0.0257114	0.0	0.03	0.0	1.492	0.04	1.733	0.07	0.0384546	0.0	6.29812e-05	0.000142295	0.448854	0.158937	0.099274	0.0560735	0.00969724	0.0193283	0.00191305	0.00116848	1.94297	0.233692	0.966518	0.026992	0.769271	22.2481	0.43291	13.9261	0.520348	2.66105	0.0498111	1.08351	0.254167	1.11187	0.0870893	0.541365	14268.8	4.0	25602.3	-329478.0	3.0	17.3258	1.0	3812.56	212.897	1254.91	182.724	0.24764	0.0352664	1.10281	0.0428405	
0.0-2.4	6.5-10.0	0.0-100.0	1.178-1.571	0.016	0.152	8430.0	8426.0	4607.65	134.586	3819.18	134.294	-0.23124	0.107665	-0.05	0.0	0.407828	0.0	3.09232	0.0	0.0516337	0.0	0.0257114	0.0	0.03	0.0	1.492	0.04	1.733	0.07	0.0384546	0.0	5.59521e-05	0.000206186	0.226816	0.0217188	0.652049	0.158969	-0.000734564	0.0019028	0.00241752	0.00155898	1.37047	0.0645511	0.60398	0.100447	0.662044	0.239392	0.870424	0.355719	0.6098	0.14764	0.0697962	0.0583795	0.395316	0.346688	0.693541	4.35816	-19438.4	4.0	590.213	-224674.0	3.0	1159.51	1.0	3430.66	134.156	1176.99	95.595	0.255443	0.0193589	1.16258	0.0580888	
0.0-2.4	6.5-10.0	10.0-60.0	0.000-0.393	0.016	0.152	6756.0	6754.0	3670.72	116.61	3084.05	107.35	-0.129184	0.117617	-0.05	0.0	0.407828	0.0	3.09232	0.0	0.0516337	0.0	0.0258291	0.0	0.03	0.0	1.492	0.04	1.733	0.07	0.0385013	0.0	1.90055e-05	0.000117681	0.259212	0.0338864	0.173814	0.0	0.00399264	0.0	0.00265882	0.00110348	1.78243	0.0	0.860054	0.0251105	0.446823	0.85651	0.782007	0.925353	0.362738	0.89128	0.025162	0.0354401	0.186239	0.0882059	0.0750497	0.139522	-27056.7	4.0	928.778	-161226.0	3.0	22.2275	1.0	2773.69	121.888	897.029	88.9078	0.244374	0.022943	1.07858	0.00827133	
0.0-2.4	6.5-10.0	10.0-60.0	0.000-1.571	0.008	0.16	23540.0	23537.0	13582.2	233.012	9954.06	205.849	-0.1701	0.0732351	-0.05	0.0	0.407828	0.0	3.09232	0.0	0.0516337	0.0	0.0258291	0.000686959	0.03	0.0	1.492	0.04	1.733	0.07	0.0385013	0.000136453	1.92169e-05	7.62105e-05	0.294797	0.0316012	0.173814	0.0	0.00399264	0.0	0.00284112	0.000677493	1.78243	0.0	0.902035	0.0154669	0.493279	0.103123	0.902832	0.0933729	0.476515	0.141028	0.0447736	0.0160096	0.210624	0.0293246	0.608566	0.884734	-32698.1	4.0	53529.2	-757925.0	4.0	695.318	1.0	10165.6	283.207	3416.62	230.71	0.251551	0.0164288	1.10655	0.00520839	
0.0-2.4	6.5-10.0	10.0-60.0	0.393-0.785	0.016	0.145	6187.0	6185.0	3534.08	116.509	2651.82	106.422	-0.219757	0.136006	-0.05	0.0	0.407828	0.0	3.09232	0.0	0.0516337	0.0	0.0258291	0.0	0.03	0.0	1.492	0.04	1.733	0.07	0.0385013	0.0	1.01928e-05	2.11886	0.276671	0.0429511	0.173814	0.0	0.00399264	0.0	0.00400144	0.00139664	1.78243	0.0	1.00735	0.0332338	0.445039	0.234237	0.852521	0.205845	0.453782	0.339066	0.0397052	0.0274401	0.24508	0.0872556	0.623642	1.24634	-17749.9	4.0	1468.05	-155753.0	3.0	25.1227	1.0	2685.88	125.2	848.194	92.8249	0.240005	0.0250456	1.17923	0.0117276	
0.0-2.4	6.5-10.0	10.0-60.0	0.785-1.178	0.016	0.152	5477.0	5475.0	3288.32	126.11	2186.77	102.16	-0.126549	0.181579	-0.05	0.0	0.407828	0.0	3.09232	0.0	0.0516337	0.0	0.0258291	0.0	0.03	0.0	1.492	0.04	1.733	0.07	0.0385013	0.0	6.29812e-05	0.000142295	0.440768	0.213711	0.173814	0.0	0.00399264	0.0	0.00195984	0.00159419	1.78243	0.0	0.905339	0.0351769	0.679728	34.4011	0.500508	45.6061	0.528373	45.8781	0.00100566	3.54379	0.278428	0.137555	0.101225	0.0521197	18458.2	4.0	23661.9	-206874.0	3.0	14.8991	1.0	2444.63	184.802	843.693	162.508	0.256573	0.0484303	1.10878	0.0118651	
0.0-2.4	6.5-10.0	10.0-60.0	1.178-1.571	0.016	0.136	5119.0	5115.0	3094.95	107.085	2020.74	93.7941	-0.217398	0.161947	-0.05	0.0	0.407828	0.0	3.09232	0.0	0.0516337	0.0	0.0258291	0.0	0.03	0.0	1.492	0.04	1.733	0.07	0.0385013	0.0	5.49261e-05	0.000220802	0.247556	0.0289203	0.173814	0.0	0.00399264	0.0	0.00130041	0.00127978	1.78243	0.0	0.841101	0.0310406	0.530325	0.112895	0.86681	0.204397	0.459917	0.151576	0.0557731	0.0198967	0.242229	0.0431004	1.39696	7.57535	-16250.9	4.0	546.153	-124541.0	3.0	96.4707	1.0	2226.13	108.499	868.821	82.1164	0.280722	0.0246906	1.06616	0.0101159	
0.0-2.4	6.5-30.0	0.0-10.0	0.000-0.393	0.008	0.136	4600.0	4576.0	2188.66	96.8367	2388.1	96.5784	0.0529093	0.140418	-0.05	0.0	0.434082	0.0	3.09253	0.0	0.0489237	0.0	0.0242782	0.0	0.03	0.0	1.492	0.04	1.733	0.07	0.037048	0.0	2.92627e-05	6.86787e-05	0.343362	0.0842436	0.19835	0.0	0.00208889	0.0	0.00342502	0.00160596	1.70743	0.0	1.03279	0.0381994	0.999565	230.031	0.444503	9.60045	0.665086	6.16745	0.00101033	89.8119	0.285795	0.209503	0.11032	0.0668724	-7140.14	4.0	2993.55	-112287.0	3.0	86.2293	1.0	1523.19	107.5	665.471	88.7767	0.304053	0.0382662	1.19722	0.0132084	
0.0-2.4	6.5-30.0	0.0-10.0	0.000-1.571	0.008	0.136	17383.0	17309.0	8252.82	187.71	9056.7	196.734	-0.140638	0.0692804	-0.05	0.0	0.434082	0.0	3.09253	0.0	0.0489237	0.0	0.0242782	0.00114875	0.03	0.0	1.492	0.04	1.733	0.07	0.0370481	0.000213011	1.61666e-05	1.68756e-05	0.31076	0.0343305	0.19835	0.0	0.00208889	0.0	0.0018584	0.000771075	1.70743	0.0	0.979286	0.0198103	1.0	26.6684	0.383185	0.17595	0.544542	0.111743	0.0959824	1.8152	0.331437	0.0961034	0.0913875	0.0198602	-25936.9	4.0	7653.4	-486143.0	4.0	231.342	1.0	5923.8	199.996	2329.02	157.005	0.282209	0.0179089	1.16062	0.00669984	
0.0-2.4	6.5-30.0	0.0-10.0	0.393-0.785	0.008	0.145	4562.0	4542.0	2047.3	90.2443	2495.84	96.2682	-0.392521	0.131668	-0.05	0.0	0.434082	0.0	3.09253	0.0	0.0489237	0.0	0.0242782	0.0	0.03	0.0	1.492	0.04	1.733	0.07	0.037048	0.0	2.84864e-05	5.39292e-05	0.351052	0.0680227	0.19835	0.0	0.00208889	0.0	0.00114201	0.00151161	1.70743	0.0	0.991044	0.0394078	0.79741	1.64234	0.801756	3.69221	0.516102	0.244159	0.0818045	0.378699	0.185111	0.207262	0.171006	1.07821	-9390.76	4.0	1407.8	-103354.0	3.0	7.43658	1.0	1402.58	95.0757	644.727	77.619	0.314915	0.0352802	1.16859	0.0133958	
0.0-2.4	6.5-30.0	0.0-10.0	0.785-1.178	0.008	0.128	4291.0	4289.0	2120.63	94.1738	2169.06	95.4923	0.0674419	0.15795	-0.05	0.0	0.434082	0.0	3.09253	0.0	0.0489237	0.0	0.0242782	0.0	0.03	0.0	1.492	0.04	1.733	0.07	0.037048	0.0	2.19419e-05	6.75748	0.357596	0.0934987	0.19835	0.0	0.00208889	0.0	0.00337949	0.00160697	1.70743	0.0	0.976944	0.0420858	0.497922	0.380625	0.999913	197.215	0.455021	0.535856	0.0610951	0.0553987	0.200555	0.262763	0.0765593	424.847	-5471.44	4.0	2724.65	-106394.0	3.0	42.5968	1.0	1556.15	104.581	564.479	82.4007	0.266185	0.0370151	1.15904	0.0142188	
0.0-2.4	6.5-30.0	0.0-10.0	1.178-1.571	0.008	0.152	3928.0	3926.0	1896.32	86.6438	2030.08	99.3723	-0.330802	0.138173	-0.05	0.0	0.434082	0.0	3.09253	0.0	0.0489237	0.0	0.0242782	0.0	0.03	0.0	1.492	0.04	1.733	0.07	0.037048	0.0	1.0825e-05	4.3417e-05	0.200525	0.0269651	0.19835	0.0	0.00208889	0.0	0.00159835	0.00144431	1.70743	0.0	0.906532	0.0383241	0.865844	2.44953	0.440405	1.3761	0.441486	3.34851	0.128989	0.337246	0.619632	1.09896	0.0564954	0.568236	-5255.76	4.0	165.386	-94296.4	3.0	2856.27	1.0	1418.17	84.6138	478.146	58.6353	0.252144	0.0286942	1.11223	0.0125204	
0.0-2.4	6.5-30.0	0.0-100.0	0.000-0.393	0.008	0.152	13541.0	13522.0	7527.78	171.516	5994.47	151.747	-0.0570702	0.0857717	-0.05	0.0	0.434082	0.0	3.09253	0.0	0.0489237	0.0	0.0244522	0.0	0.03	0.0	1.492	0.04	1.733	0.07	0.0371127	0.0	1.87871e-05	0.000150437	0.346509	0.0429695	0.188773	0.046412	0.00195616	0.00245764	0.00137522	0.000747775	1.81358	0.104055	0.910528	0.0182061	0.99363	92.0626	0.524368	10.9469	0.608458	12.066	0.00112533	160.069	0.2283	1.93295	0.0881209	1.33686	-35503.8	4.0	7759.67	-371468.0	3.0	205.826	1.0	5383.55	185.713	2144.24	147.751	0.284843	0.0185234	1.1373	0.0301684	
0.0-2.4	6.5-30.0	0.0-100.0	0.000-1.571	0.004	0.164	49296.0	49259.0	28189.3	550.852	21069.8	524.796	-0.218075	0.0521428	-0.05	0.0	0.434082	0.121313	3.09253	0.000482345	0.0489237	0.00556117	0.0244522	0.00195249	0.03	0.0	1.492	0.04	1.733	0.07	0.0371127	0.00219485	1.00456e-05	6.70688e-06	0.342484	0.0277522	0.19835	0.0380118	0.00208889	0.00129289	0.00249999	0.000434284	1.70743	0.0628596	0.923757	0.0110194	0.61327	0.242313	0.931278	0.0997542	0.527357	0.169699	0.0580137	0.0406512	0.244533	0.0500411	0.577527	1.46793	-59664.8	4.0	64858.6	-1701390.0	7.0	6505.34	1.0	20387.6	505.162	7801.69	345.991	0.27676	0.0110181	1.12353	0.0201771	
0.0-2.4	6.5-30.0	0.0-100.0	0.393-0.785	0.008	0.145	12858.0	12836.0	7198.63	173.349	5638.21	152.235	-0.343381	0.0901924	-0.05	0.0	0.434082	0.0	3.09253	0.0	0.0489237	0.0	0.0244522	0.0	0.03	0.0	1.492	0.04	1.733	0.07	0.0371127	0.0	2.84864e-05	5.39292e-05	0.349073	0.0543206	0.147166	0.0720109	0.00527986	0.00343352	0.00216602	0.000858305	1.76284	0.161967	0.9817	0.0230751	0.588464	0.248931	0.890894	0.14033	0.440006	0.21125	0.0493015	0.0275366	0.203075	0.0264723	0.439676	0.584565	-25894.5	4.0	11484.6	-372218.0	3.0	225.389	1.0	5220.82	200.037	1977.81	162.718	0.274748	0.0216142	1.13104	0.0397801	
0.0-2.4	6.5-30.0	0.0-100.0	0.785-1.178	0.008	0.152	11866.0	11864.0	6970.64	183.693	4893.51	152.761	-0.151127	0.111185	-0.05	0.0	0.434082	0.0	3.09253	0.0	0.0489237	0.0	0.0244522	0.0	0.03	0.0	1.492	0.04	1.733	0.07	0.0371127	0.0	1.02728e-05	0.00383331	0.423444	0.111148	0.110192	0.0438595	0.00642572	0.00380672	0.00200684	0.000945914	1.89395	0.158315	0.947727	0.0241004	0.703489	2.88662	0.522088	1.52757	0.425252	0.862318	0.0375939	0.123639	0.334087	0.135326	0.0858728	0.0782606	16043.4	4.0	39801.2	-443180.0	3.0	198.624	1.0	5085.47	237.561	1885.17	202.345	0.270444	0.0281397	1.09292	0.03229	
0.0-2.4	6.5-30.0	0.0-100.0	1.178-1.571	0.008	0.152	11030.0	11026.0	6497.38	152.806	4528.66	142.41	-0.346937	0.100186	-0.05	0.0	0.434082	0.0	3.09253	0.0	0.0489237	0.0	0.0244522	0.0	0.03	0.0	1.492	0.04	1.733	0.07	0.0371127	0.0	1.0825e-05	4.3417e-05	0.253598	0.0211574	0.588479	0.127844	-0.000847859	0.00122532	0.00280585	0.0011717	1.39348	0.0566297	0.67172	0.0314141	0.700304	0.194419	0.904055	0.218547	0.560077	0.141832	0.0658862	0.0462022	0.345952	0.179024	0.712818	3.81518	-24361.2	4.0	1724.1	-289058.0	3.0	1015.99	1.0	4656.84	150.815	1840.55	112.357	0.283275	0.0159578	1.15256	0.0461368	
0.0-2.4	6.5-30.0	10.0-20.0	0.000-0.393	0.008	0.128	3428.0	3425.0	1828.72	84.229	1597.24	76.7421	0.128347	0.16102	-0.05	0.0	0.434082	0.0	3.09253	0.0	0.0489237	0.0	0.0238241	0.0	0.03	0.0	1.492	0.04	1.733	0.07	0.0368808	0.0	1.21272e-05	9.04109	0.318767	0.0673738	0.19835	0.0	0.00208889	0.0	-0.00109512	0.00158638	1.70743	0.0	0.942495	0.0369798	0.951517	19.6607	0.729506	3.42737	0.648087	4.40309	0.00100084	20.6305	0.176204	0.042298	0.133872	0.0734223	-9624.18	4.0	1854.88	-78294.1	3.0	70.003	1.0	1216.55	91.071	612.165	77.1311	0.334752	0.0392586	1.13594	0.0122983	
0.0-2.4	6.5-30.0	10.0-20.0	0.000-1.571	0.008	0.16	12270.0	12268.0	6712.21	185.772	5555.83	158.639	-0.192196	0.0922642	-0.05	0.0	0.434082	0.0	3.09253	0.0	0.0489237	0.0	0.0238241	0.000849792	0.03	0.0	1.492	0.04	1.733	0.07	0.0368808	0.000155329	1.13588e-05	0.0219528	0.397169	0.0795097	0.19835	0.0	0.00208889	0.0	0.0029464	0.000988432	1.70743	0.0	0.933089	0.0246744	0.469319	585.542	0.857173	107.767	0.369247	576.921	0.0335857	29.205	0.167881	5.52511	0.422242	50.6897	-16062.9	4.0	20399.3	-401055.0	4.0	6455.06	1.0	4707.05	220.309	2005.15	186.129	0.298732	0.0264687	1.1297	0.00816887	
0.0-2.4	6.5-30.0	10.0-20.0	0.393-0.785	0.008	0.128	3108.0	3098.0	1675.97	98.8472	1422.04	79.7862	-0.149989	0.17609	-0.05	0.0	0.434082	0.0	3.09253	0.0	0.0489237	0.0	0.0238241	0.0	0.03	0.0	1.492	0.04	1.733	0.07	0.0368808	0.0	2.00232e-05	3.80084e-05	0.498669	0.337163	0.19835	0.0	0.00208889	0.0	0.00378124	0.00227243	1.70743	0.0	0.963191	0.0601473	0.446616	0.198134	0.890531	0.106139	0.177623	0.277016	0.0357856	0.0145118	0.141274	0.0253011	0.217111	0.12821	-4591.33	4.0	7360.29	-96299.7	3.0	1202.19	1.0	1275.34	135.197	400.634	114.799	0.239045	0.0670301	1.14977	0.0201963	
0.0-2.4	6.5-30.0	10.0-20.0	0.785-1.178	0.008	0.152	3039.0	3037.0	1697.21	104.811	1340.33	84.5196	-0.35418	0.199922	-0.05	0.0	0.434082	0.0	3.09253	0.0	0.0489237	0.0	0.0238241	0.0	0.03	0.0	1.492	0.04	1.733	0.07	0.0368808	0.0	1.02728e-05	0.00383331	0.548722	0.339659	0.19835	0.0	0.00208889	0.0	0.00127244	0.00196622	1.70743	0.0	0.946023	0.0494166	0.862972	37.9789	0.423808	15.8958	0.53769	13.188	0.00102406	4.65281	0.556421	0.558941	0.108918	0.0725294	-348.489	4.0	8834.75	-108762.0	3.0	920.909	1.0	1194.19	124.165	503.02	104.61	0.29638	0.0588562	1.13829	0.0164618	
0.0-2.4	6.5-30.0	10.0-20.0	1.178-1.571	0.008	0.12	2693.0	2684.0	1513.16	73.6703	1171.83	68.8546	-0.499304	0.208562	-0.05	0.0	0.434082	0.0	3.09253	0.0	0.0489237	0.0	0.0238241	0.0	0.03	0.0	1.492	0.04	1.733	0.07	0.0368808	0.0	1.01172e-05	3.47073	0.268299	0.0423669	0.19835	0.0	0.00208889	0.0	0.0021298	0.00189939	1.70743	0.0	0.903955	0.0512404	0.597063	0.195875	0.746182	0.416015	0.453425	0.27331	0.0484075	0.0332989	0.148465	0.0392572	0.452514	0.681492	-6363.93	4.0	469.119	-57343.1	3.0	100.217	1.0	988.762	73.8422	524.395	61.5395	0.346557	0.0370045	1.11054	0.0167178	
0.0-2.4	6.5-30.0	10.0-30.0	0.000-0.393	0.008	0.128	5881.0	5875.0	3265.39	113.231	2610.33	99.2206	0.00511906	0.126178	-0.05	0.0	0.434082	0.0	3.09253	0.0	0.0489237	0.0	0.0238543	0.0	0.03	0.0	1.492	0.04	1.733	0.07	0.0368919	0.0	1.21272e-05	9.04109	0.378602	0.0696407	0.19835	0.0	0.00208889	0.0	0.00168722	0.00114762	1.70743	0.0	0.890858	0.0275583	0.584518	0.686128	0.740293	0.635247	0.462933	0.44654	0.0254069	0.039766	0.168455	0.0631042	0.0946129	0.108789	-17727.1	4.0	3284.44	-147230.0	3.0	151.548	1.0	2314.87	120.397	950.524	95.5954	0.29109	0.0274801	1.10203	0.00892942	
0.0-2.4	6.5-30.0	10.0-30.0	0.000-1.571	0.004	0.164	20809.0	20807.0	11953.3	235.989	8854.43	197.295	-0.180342	0.0776335	-0.05	0.0	0.434082	0.0	3.09253	0.0	0.0489237	0.0	0.0238543	0.000633207	0.03	0.0	1.492	0.04	1.733	0.07	0.0368919	0.000115853	1.00456e-05	6.70688e-06	0.405962	0.0669639	0.19835	0.0	0.00208889	0.0	0.00288826	0.000707069	1.70743	0.0	0.900909	0.0176933	0.485683	2.81172	0.889571	0.392146	0.399169	2.64416	0.0373096	0.152766	0.171482	0.0334063	0.461304	0.638	-3959.95	4.0	45703.7	-748183.0	4.0	1246.96	1.0	8513.85	292.699	3439.46	249.06	0.287741	0.0200467	1.10856	0.00576349	
0.0-2.4	6.5-30.0	10.0-30.0	0.393-0.785	0.008	0.145	5344.0	5343.0	3018.63	120.554	2324.38	100.433	-0.130583	0.146658	-0.05	0.0	0.434082	0.0	3.09253	0.0	0.0489237	0.0	0.0238543	0.0	0.03	0.0	1.492	0.04	1.733	0.07	0.0368919	0.0	2.84864e-05	5.39292e-05	0.373824	0.117121	0.19835	0.0	0.00208889	0.0	0.00335808	0.00145952	1.70743	0.0	0.933045	0.0386911	0.466065	0.316117	0.885025	0.187255	0.314103	0.457207	0.0350744	0.0227176	0.144852	0.0224984	0.467206	0.783402	-8526.55	4.0	8737.14	-157115.0	3.0	606.279	1.0	2204.75	149.723	813.877	125.382	0.269618	0.040116	1.12967	0.0128091	
0.0-2.4	6.5-30.0	10.0-30.0	0.785-1.178	0.008	0.152	4974.0	4972.0	2944.52	136.435	2027.83	106.122	-0.33712	0.196902	-0.05	0.0	0.434082	0.0	3.09253	0.0	0.0489237	0.0	0.0238543	0.0	0.03	0.0	1.492	0.04	1.733	0.07	0.0368919	0.0	1.02728e-05	0.00383331	0.593118	0.37282	0.19835	0.0	0.00208889	0.0	0.00140248	0.00162583	1.70743	0.0	0.926418	0.0405618	1.0	303.289	0.426029	0.35615	0.580142	0.180174	0.295601	473.631	0.400417	0.383899	0.100077	0.0486883	23638.4	4.0	27557.5	-231428.0	3.0	605.176	1.0	2066.19	181.273	878.331	159.219	0.298293	0.0522765	1.12529	0.0133849	
0.0-2.4	6.5-30.0	10.0-30.0	1.178-1.571	0.008	0.145	4608.0	4606.0	2725.21	97.5356	1881.58	86.3992	-0.318603	0.159563	-0.05	0.0	0.434082	0.0	3.09253	0.0	0.0489237	0.0	0.0238543	0.0	0.03	0.0	1.492	0.04	1.733	0.07	0.0368919	0.0	1.38171e-05	4.85666e-05	0.278388	0.0360163	0.19835	0.0	0.00208889	0.0	0.00147988	0.00129697	1.70743	0.0	0.874541	0.0355291	0.5721	0.121419	0.840546	0.223457	0.466956	0.158402	0.0474333	0.0176118	0.200693	0.0455412	0.49402	0.729613	-12882.3	4.0	886.104	-104725.0	3.0	47.8035	1.0	1876.06	98.0533	849.149	77.6511	0.31159	0.0262206	1.0915	0.0114103	
0.0-2.4	6.5-30.0	10.0-60.0	0.000-0.393	0.008	0.152	8629.0	8627.0	5064.29	135.98	3563.54	115.532	-0.133823	0.108843	-0.05	0.0	0.434082	0.0	3.09253	0.0	0.0489237	0.0	0.0245698	0.0	0.03	0.0	1.492	0.04	1.733	0.07	0.0371567	0.0	1.87871e-05	0.000150437	0.32728	0.0437842	0.19835	0.0	0.00208889	0.0	0.00164529	0.000877274	1.70743	0.0	0.85057	0.0216907	0.59143	1.04811	0.791661	0.886637	0.456447	0.734701	0.0265258	0.0579179	0.195873	0.0794011	0.0898652	0.180949	-28886.5	4.0	3682.1	-218093.0	3.0	71.0923	1.0	3666.12	143.49	1398.17	110.945	0.276084	0.020615	1.07621	0.00687135	
0.0-2.4	6.5-30.0	10.0-60.0	0.000-1.571	0.004	0.164	30685.0	30682.0	18905.0	282.138	11777.6	226.534	-0.265898	0.0660013	-0.05	0.0	0.434082	0.0	3.09253	0.0	0.0489237	0.0	0.0245698	0.000544307	0.03	0.0	1.492	0.04	1.733	0.07	0.0371567	0.000101843	1.00456e-05	6.70688e-06	0.350303	0.0378829	0.19835	0.0	0.00208889	0.0	0.00238414	0.000536719	1.70743	0.0	0.884913	0.0135767	0.543653	1.03532	0.924174	0.0953586	0.433696	0.87034	0.0444125	0.0764237	0.221778	0.028133	0.78847	1.59834	-33285.7	4.0	55342.6	-1062660.0	4.0	453.717	1.0	13676.5	335.398	5228.54	277.347	0.276569	0.0140779	1.09818	0.00438507	
0.0-2.4	6.5-30.0	10.0-60.0	0.393-0.785	0.008	0.145	7993.0	7991.0	4888.1	144.663	3103.19	116.632	-0.30504	0.124262	-0.05	0.0	0.434082	0.0	3.09253	0.0	0.0489237	0.0	0.0245698	0.0	0.03	0.0	1.492	0.04	1.733	0.07	0.0371567	0.0	2.84864e-05	5.39292e-05	0.346895	0.0757659	0.19835	0.0	0.00208889	0.0	0.0029494	0.00112891	1.70743	0.0	0.941766	0.0307059	0.475617	0.135613	0.8965	0.125951	0.354702	0.226157	0.0389977	0.0168614	0.217169	0.0399287	0.632856	1.23576	-15467.1	4.0	10208.2	-233623.0	3.0	200.2	1.0	3620.79	173.136	1267.3	141.067	0.259263	0.0278207	1.13545	0.0102082	
0.0-2.4	6.5-30.0	10.0-60.0	0.785-1.178	0.008	0.152	7228.0	7226.0	4596.81	156.91	2629.61	115.882	-0.322322	0.160307	-0.05	0.0	0.434082	0.0	3.09253	0.0	0.0489237	0.0	0.0245698	0.0	0.03	0.0	1.492	0.04	1.733	0.07	0.0371567	0.0	1.02728e-05	0.00383331	0.448713	0.164612	0.19835	0.0	0.00208889	0.0	0.00235106	0.0012499	1.70743	0.0	0.887781	0.0302761	0.447108	11.0308	0.637631	5.72669	0.248517	11.3949	0.00865791	0.425931	0.41527	0.179027	0.09248	0.0901719	20184.2	4.0	37530.3	-297688.0	3.0	334.86	1.0	3315.36	199.661	1281.45	170.209	0.27877	0.0357839	1.10004	0.00979386	
0.0-2.4	6.5-30.0	10.0-60.0	1.178-1.571	0.008	0.152	6834.0	6832.0	4360.35	123.046	2472.26	101.517	-0.34586	0.143065	-0.05	0.0	0.434082	0.0	3.09253	0.0	0.0489237	0.0	0.0245698	0.0	0.03	0.0	1.492	0.04	1.733	0.07	0.0371567	0.0	1.0825e-05	4.3417e-05	0.281971	0.0293865	0.19835	0.0	0.00208889	0.0	0.00166961	0.00102592	1.70743	0.0	0.85994	0.0274044	0.585093	0.100277	0.896834	0.139968	0.423617	0.137194	0.05136	0.0166402	0.234088	0.0329935	1.36002	6.52456	-19512.2	4.0	1433.24	-166757.0	3.0	119.539	1.0	3045.26	123.861	1315.1	96.612	0.301603	0.0204571	1.08216	0.00872874	
0.0-2.4	6.5-30.0	20.0-30.0	0.000-0.393	0.008	0.105	2452.0	2444.0	1438.59	75.6964	1005.71	62.713	-0.168832	0.204583	-0.05	0.0	0.434082	0.0	3.09253	0.0	0.0489237	0.0	0.0239053	0.0	0.03	0.0	1.492	0.04	1.733	0.07	0.0369106	0.0	1.01047e-05	0.00333619	0.48712	0.173659	0.19835	0.0	0.00208889	0.0	0.00443785	0.00159645	1.70743	0.0	0.85591	0.039613	0.440014	0.160183	0.883933	0.518941	0.377237	0.251051	0.0395236	0.0416633	0.144956	0.0549924	0.0859784	0.0661598	-8175.6	4.0	1448.89	-56904.2	3.0	78.3483	1.0	1087.37	79.2316	351.217	57.8404	0.24414	0.0380989	1.0796	0.0125881	
0.0-2.4	6.5-30.0	20.0-30.0	0.000-1.571	0.008	0.136	8538.0	8507.0	5243.13	147.022	3263.99	114.25	-0.196388	0.132401	-0.05	0.0	0.434082	0.0	3.09253	0.0	0.0489237	0.0	0.0239053	0.000954498	0.03	0.0	1.492	0.04	1.733	0.07	0.0369105	0.000174921	1.61666e-05	1.68756e-05	0.427889	0.123752	0.19835	0.0	0.00208889	0.0	0.00250202	0.00101253	1.70743	0.0	0.844598	0.0257166	0.561736	0.300674	0.70597	0.653642	0.340774	0.245632	0.0477951	0.0153226	0.193347	0.0436033	0.0353399	0.0200357	8499.13	4.0	23388.1	-289121.0	4.0	2160.81	1.0	3801.87	195.604	1441.26	168.906	0.274885	0.0312789	1.07243	0.008118	
0.0-2.4	6.5-30.0	20.0-30.0	0.393-0.785	0.008	0.105	2236.0	2199.0	1351.04	67.2249	848.43	54.1797	-0.187099	0.214889	-0.05	0.0	0.434082	0.0	3.09253	0.0	0.0489237	0.0	0.0239053	0.0	0.03	0.0	1.492	0.04	1.733	0.07	0.0369106	0.0	1.22898e-05	0.163554	0.271803	0.050166	0.19835	0.0	0.00208889	0.0	0.00242763	0.00179389	1.70743	0.0	0.903718	0.0495867	0.623486	9.18446	1.0	9.20518	0.592855	6.20037	0.051686	0.913433	0.17723	0.559182	0.029377	20.4245	-8696.4	4.0	448.919	-44545.5	3.0	23.9856	1.0	931.549	68.8887	419.495	55.0714	0.310497	0.0377208	1.11039	0.0161762	
0.0-2.4	6.5-30.0	20.0-30.0	0.785-1.178	0.008	0.12	1934.0	1930.0	1247.62	90.2348	682.622	61.1815	-0.302191	0.414475	-0.05	0.0	0.434082	0.0	3.09253	0.0	0.0489237	0.0	0.0239053	0.0	0.03	0.0	1.492	0.04	1.733	0.07	0.0369106	0.0	1.50151e-05	1.29092	0.719058	1.01723	0.19835	0.0	0.00208889	0.0	0.00201721	0.00263453	1.70743	0.0	0.849165	0.0671512	0.588018	0.251028	0.950466	0.120058	0.40535	0.280233	0.0377797	0.0176219	0.1512	0.0380481	0.132559	0.0959003	22454.6	4.0	15500.6	-101782.0	3.0	13.7074	1.0	864.716	139.899	382.899	128.169	0.306905	0.100305	1.07532	0.0212551	
0.0-2.4	6.5-30.0	20.0-30.0	1.178-1.571	0.008	0.128	1915.0	1911.0	1208.89	63.7755	702.753	52.0264	-0.0447039	0.238767	-0.05	0.0	0.434082	0.0	3.09253	0.0	0.0489237	0.0	0.0239053	0.0	0.03	0.0	1.492	0.04	1.733	0.07	0.0369106	0.0	2.47983e-05	5.01035e-05	0.292715	0.0647548	0.19835	0.0	0.00208889	0.0	-0.000322928	0.00175308	1.70743	0.0	0.787975	0.0508096	0.645911	0.364545	0.467274	0.461811	0.0940239	0.584406	0.0444557	0.0189627	0.299586	0.125396	0.030094	0.0330607	-6506.41	4.0	418.288	-38438.3	3.0	6.69338	1.0	880.412	64.6356	328.482	48.1746	0.271721	0.0371827	1.0373	0.0154706	
0.0-2.4	6.5-30.0	30.0-60.0	0.000-0.393	0.008	0.12	2748.0	2744.0	1794.46	74.9702	949.972	59.3345	-0.489447	0.215386	-0.05	0.0	0.434082	0.0	3.09253	0.0	0.0489237	0.0	0.0255672	0.0	0.03	0.0	1.492	0.04	1.733	0.07	0.0375356	0.0	1.00028e-05	2.85792e-05	0.22471	0.0316273	0.19835	0.0	0.00208889	0.0	0.000746154	0.00130062	1.70743	0.0	0.740892	0.0351908	0.662206	3.64844	0.618986	3.16252	0.213635	1.48535	0.0336181	0.149036	0.245616	0.0872652	0.0221901	0.121036	-11935.0	4.0	208.833	-55698.7	3.0	10.8919	1.0	1319.82	74.7934	474.639	54.2846	0.264502	0.0281606	1.00911	0.0103562	
0.0-2.4	6.5-30.0	30.0-60.0	0.000-1.571	0.008	0.145	9876.0	9872.0	6941.5	152.176	2930.91	113.04	-0.529194	0.128273	-0.05	0.0	0.434082	0.0	3.09253	0.0	0.0489237	0.0	0.0255672	0.00101215	0.03	0.0	1.492	0.04	1.733	0.07	0.0375355	0.000195078	1.27502e-05	0.000164255	0.254547	0.0221485	0.19835	0.0	0.00208889	0.0	0.000707809	0.00077684	1.70743	0.0	0.804695	0.0205695	0.773792	1.00113	0.522499	0.733237	0.150412	0.202511	0.0502798	0.0457987	0.400765	0.124562	0.0405737	0.0257585	-35781.7	4.0	2330.41	-252432.0	4.0	98.3073	1.0	5078.54	155.997	1862.96	116.651	0.26838	0.0157413	1.04754	0.0063334	
0.0-2.4	6.5-30.0	30.0-60.0	0.393-0.785	0.008	0.12	2648.0	2648.0	1873.35	79.6918	774.954	59.2779	-0.846613	0.261737	-0.05	0.0	0.434082	0.0	3.09253	0.0	0.0489237	0.0	0.0255672	0.0	0.03	0.0	1.492	0.04	1.733	0.07	0.0375356	0.0	1.0132e-05	0.0868918	0.282427	0.0607908	0.19835	0.0	0.00208889	0.0	0.000249425	0.00164915	1.70743	0.0	0.877624	0.0481643	0.699081	6.29621	0.525659	4.47024	0.0689997	0.887369	0.0440902	0.150746	0.465391	0.328564	0.0439403	0.0311772	-8280.4	4.0	1257.69	-60348.5	3.0	129.288	1.0	1402.85	84.6377	470.507	63.268	0.251158	0.0320381	1.09348	0.0154945	
0.0-2.4	6.5-30.0	30.0-60.0	0.785-1.178	0.008	0.12	2254.0	2250.0	1646.04	73.1451	604.525	50.8922	-0.29306	0.263388	-0.05	0.0	0.434082	0.0	3.09253	0.0	0.0489237	0.0	0.0255672	0.0	0.03	0.0	1.492	0.04	1.733	0.07	0.0375356	0.0	1.50151e-05	1.29092	0.228857	0.039133	0.19835	0.0	0.00208889	0.0	0.000594191	0.00169897	1.70743	0.0	0.825899	0.041332	0.999996	20.1281	0.47988	0.0616787	0.231889	0.0330803	0.0634233	58.6937	0.418882	0.0405909	0.0583065	0.00386572	-9158.16	4.0	428.575	-48060.3	3.0	49.7359	1.0	1197.54	76.8834	448.501	58.9611	0.272472	0.0337115	1.06069	0.0128997	
0.0-2.4	6.5-30.0	30.0-60.0	1.178-1.571	0.008	0.12	2225.0	2214.0	1623.71	74.4901	590.854	53.0594	-0.424244	0.314784	-0.05	0.0	0.434082	0.0	3.09253	0.0	0.0489237	0.0	0.0255672	0.0	0.03	0.0	1.492	0.04	1.733	0.07	0.0375356	0.0	1.01172e-05	3.47073	0.286355	0.0496344	0.19835	0.0	0.00208889	0.0	0.00193537	0.00167856	1.70743	0.0	0.819699	0.0428505	0.661489	0.607426	0.650163	0.725295	0.148486	0.335942	0.0427584	0.0918925	0.521585	0.451314	0.0570297	0.0696797	-7479.11	4.0	557.287	-49088.2	3.0	110.409	1.0	1153.46	74.79	470.252	57.0859	0.289616	0.0325505	1.05683	0.0133217	
0.0-2.4	6.5-8.0	0.0-100.0	0.000-0.393	0.016	0.136	6789.0	6780.0	2994.97	119.037	3785.31	122.889	-0.136867	0.109955	-0.05	0.0	0.417114	0.0	3.09162	0.0	0.050557	0.0	0.0271938	0.0	0.03	0.0	1.492	0.04	1.733	0.07	0.0386936	0.0	5.8071e-05	0.000360109	0.354262	0.0978101	0.313059	0.129726	0.00413537	0.00521731	0.00290993	0.00149593	1.71404	0.172071	0.908939	0.0299257	0.998788	68.9465	0.615923	3.10697	0.740931	2.5862	0.00106114	105.769	0.188823	0.96296	0.137218	0.955117	-19816.4	4.0	3063.25	-181516.0	3.0	272.625	1.0	2343.43	140.029	651.544	107.72	0.217546	0.0349123	1.21954	0.068158	
0.0-2.4	6.5-8.0	0.0-100.0	0.000-1.571	0.016	0.16	24227.0	24222.0	11148.4	250.922	13073.6	263.226	-0.106757	0.0624969	-0.05	0.0	0.417114	0.0770375	3.09162	0.000833315	0.050557	0.0014534	0.0271938	0.00209485	0.03	0.0	1.492	0.04	1.733	0.07	0.0386936	0.00107631	2.57968e-05	9.0559e-05	0.282898	0.0275009	0.307488	0.0880482	0.00439684	0.00310131	0.00287575	0.000793717	1.63221	0.0944826	0.881815	0.0171869	0.549579	18.3622	0.870759	2.87297	0.56801	8.4854	0.0609662	2.01044	0.166005	1.78446	0.553981	13.0115	-67709.0	4.0	4798.35	-737542.0	7.0	3372.42	1.0	8700.34	255.687	2448.02	173.393	0.219586	0.0147471	1.1652	0.0412851	
0.0-2.4	6.5-8.0	0.0-100.0	0.393-0.785	0.016	0.145	6323.0	6319.0	2730.91	109.441	3588.52	121.054	-0.180475	0.117268	-0.05	0.0	0.417114	0.0	3.09162	0.0	0.050557	0.0	0.0271938	0.0	0.03	0.0	1.492	0.04	1.733	0.07	0.0386936	0.0	3.35609e-05	0.000234572	0.257565	0.0416001	0.488577	0.194943	0.00546084	0.00439552	0.00109124	0.00212061	1.47132	0.124323	0.867151	0.0461026	0.606519	0.168398	0.827025	0.410777	0.503824	0.15061	0.0606501	0.0406249	0.130575	0.0291658	0.337654	0.56782	-19651.4	4.0	346.879	-159017.0	3.0	25.9729	1.0	2174.34	114.228	556.563	77.1541	0.203801	0.0270459	1.20093	0.0688784	
0.0-2.4	6.5-8.0	0.0-100.0	0.785-1.178	0.016	0.152	5818.0	5816.0	2853.19	108.354	2963.12	109.766	0.081276	0.128875	-0.05	0.0	0.417114	0.0	3.09162	0.0	0.050557	0.0	0.0271938	0.0	0.03	0.0	1.492	0.04	1.733	0.07	0.0386936	0.0	4.17642e-05	0.79061	0.257274	0.0348109	0.230575	0.110068	0.00708186	0.0153869	0.00117977	0.00143124	1.73111	0.184706	0.873187	0.0319949	0.180674	19.6702	0.557265	25.6433	0.026775	79.6767	0.00203737	0.398822	0.315755	0.732684	0.0812998	0.122936	-21985.2	4.0	320.626	-144142.0	3.0	15.1879	1.0	2198.92	110.196	654.27	76.0731	0.229312	0.0252002	1.13032	0.064129	
0.0-2.4	6.5-8.0	0.0-100.0	1.178-1.571	0.016	0.152	5295.0	5291.0	2571.09	108.362	2720.63	117.863	-0.167556	0.125154	-0.05	0.0	0.417114	0.0	3.09162	0.0	0.050557	0.0	0.0271938	0.0	0.03	0.0	1.492	0.04	1.733	0.07	0.0386936	0.0	6.96199e-05	0.00138898	0.244167	0.0357138	0.599664	0.33064	-4.6222e-05	0.00372	0.00220581	0.00195437	1.40906	0.147928	0.637872	0.0435056	0.603788	0.416387	0.788789	0.689091	0.631359	0.239226	0.0688987	0.0916024	0.393197	0.594346	0.580498	3.09986	-9691.7	4.0	395.395	-145756.0	3.0	1357.41	1.0	1974.64	107.777	596.449	72.949	0.231983	0.026635	1.16339	0.12445	
0.0-2.4	6.5-8.0	10.0-60.0	0.000-0.393	0.016	0.128	4230.0	4224.0	2012.13	92.7326	2212.81	93.002	-0.169331	0.142545	-0.05	0.0	0.417114	0.0	3.09162	0.0	0.050557	0.0	0.0267499	0.0	0.03	0.0	1.492	0.04	1.733	0.07	0.0385128	0.0	5.95546e-05	0.000344739	0.288956	0.0621253	0.307488	0.0	0.00439684	0.0	0.00112582	0.00176264	1.63221	0.0	0.873789	0.0353493	0.709845	25.0856	0.739907	7.30952	0.672293	7.36373	0.0159267	0.137674	0.202692	0.254832	0.112128	0.410508	-16761.2	4.0	704.364	-101824.0	3.0	58.361	1.0	1554.69	99.4196	457.443	72.0758	0.227343	0.0342541	1.161	0.00921198	
0.0-2.4	6.5-8.0	10.0-60.0	0.000-1.571	0.016	0.16	14626.0	14623.0	7530.11	179.551	7093.3	175.343	-0.0924968	0.0849525	-0.05	0.0	0.417114	0.0	3.09162	0.0	0.050557	0.0	0.0267499	0.00109568	0.03	0.0	1.492	0.04	1.733	0.07	0.0385128	0.000221797	2.57968e-05	9.0559e-05	0.256047	0.0240731	0.307488	0.0	0.00439684	0.0	0.00207998	0.000974382	1.63221	0.0	0.862489	0.0207587	0.50908	0.626437	0.808096	0.263915	0.570849	0.455965	0.0435396	0.0578705	0.179882	0.0359713	0.388911	0.353582	-52721.3	4.0	1477.26	-415429.0	4.0	94.1613	1.0	5776.12	186.584	1753.99	132.64	0.23293	0.0167161	1.15513	0.00536685	
0.0-2.4	6.5-8.0	10.0-60.0	0.393-0.785	0.016	0.145	3824.0	3822.0	1941.78	90.5237	1880.64	90.3855	-0.0350714	0.172157	-0.05	0.0	0.417114	0.0	3.09162	0.0	0.050557	0.0	0.0267499	0.0	0.03	0.0	1.492	0.04	1.733	0.07	0.0385128	0.0	3.35609e-05	0.000234572	0.237421	0.0440447	0.307488	0.0	0.00439684	0.0	0.00295496	0.00217215	1.63221	0.0	0.955196	0.0457802	0.432075	0.979088	0.804528	0.508455	0.475259	1.03733	0.0395904	0.0707108	0.128625	0.0780837	0.451648	0.758386	-12968.0	4.0	251.052	-93639.5	3.0	67.3309	1.0	1527.4	96.0804	414.383	67.338	0.213404	0.0332208	1.20459	0.0125698	
0.0-2.4	6.5-8.0	10.0-60.0	0.785-1.178	0.016	0.152	3368.0	3366.0	1841.92	85.6157	1524.12	80.6447	0.0138371	0.187407	-0.05	0.0	0.417114	0.0	3.09162	0.0	0.050557	0.0	0.0267499	0.0	0.03	0.0	1.492	0.04	1.733	0.07	0.0385128	0.0	4.17642e-05	0.79061	0.216016	0.0337981	0.307488	0.0	0.00439684	0.0	1.55992e-05	0.00186728	1.63221	0.0	0.823856	0.0393525	1.0	22.0061	0.308978	0.0203355	0.592846	0.00693314	0.135408	54.2648	0.326852	0.0178039	0.106622	0.002014	-13680.6	4.0	134.233	-79334.4	3.0	36.6424	1.0	1410.99	87.8702	430.937	61.8143	0.23396	0.0317488	1.13544	0.00988685	
0.0-2.4	6.5-8.0	10.0-60.0	1.178-1.571	0.016	0.136	3203.0	3199.0	1736.78	84.8773	1463.11	80.4304	-0.14426	0.190911	-0.05	0.0	0.417114	0.0	3.09162	0.0	0.050557	0.0	0.0267499	0.0	0.03	0.0	1.492	0.04	1.733	0.07	0.0385128	0.0	1.20568e-05	0.0173859	0.268656	0.0465601	0.307488	0.0	0.00439684	0.0	0.00191067	0.00189855	1.63221	0.0	0.779043	0.0449197	0.477612	0.187436	0.734477	0.410257	0.556776	0.189669	0.0514993	0.0261569	0.241029	0.0873618	0.471916	0.648755	-10233.0	4.0	366.294	-77636.6	3.0	25.8424	1.0	1272.42	85.8469	464.36	63.3867	0.267369	0.0340775	1.11332	0.0108837	
0.0-2.4	8.0-10.0	0.0-100.0	0.000-0.393	0.008	0.152	3915.0	3897.0	2452.5	87.8103	1445.24	71.9013	0.16282	0.17744	-0.05	0.0	0.409356	0.0	3.09318	0.0	0.0517836	0.0	0.0237234	0.0	0.03	0.0	1.492	0.04	1.733	0.07	0.0378169	0.0	1.01039e-05	0.487899	0.248502	0.0311537	0.0783534	0.0380246	0.00336464	0.00777792	0.000699592	0.00119969	2.21072	0.285123	0.906932	0.0303273	0.624049	0.873459	0.678119	1.41691	0.37211	0.359777	0.0459442	0.0394481	0.251978	0.139944	0.0546159	0.0270405	-13582.7	4.0	534.147	-79893.8	3.0	20.0555	1.0	1742.71	89.0748	709.796	68.4607	0.289417	0.02592	1.06818	0.0445397	
0.0-2.4	8.0-10.0	0.0-100.0	0.000-1.571	0.008	0.152	14233.0	14197.0	9130.78	467.99	5067.04	445.38	-0.209053	0.131073	-0.05	0.0	0.409356	0.301365	3.09318	0.00082026	0.0517836	0.0197544	0.0237234	0.00463435	0.03	0.0	1.492	0.04	1.733	0.07	0.0378169	0.00560275	1.04463e-05	0.772766	0.350251	0.0535838	0.0999374	0.0382996	0.00376099	0.00404766	0.00301817	0.000787304	1.94825	0.155484	0.968259	0.0196404	0.584424	1.7728	0.970218	0.229621	0.474628	1.538	0.0449266	0.141063	0.316703	0.162073	0.306987	1.95309	5291.37	4.0	42458.0	-458340.0	7.0	612755.0	1.0	6547.52	383.361	2583.26	227.766	0.282918	0.0202972	1.10597	0.0293171	
0.0-2.4	8.0-10.0	0.0-100.0	0.393-0.785	0.016	0.105	3758.0	3720.0	2441.86	94.1531	1278.73	72.6639	-0.547329	0.182669	-0.05	0.0	0.409356	0.0	3.09318	0.0	0.0517836	0.0	0.0237234	0.0	0.03	0.0	1.492	0.04	1.733	0.07	0.0378169	0.0	4.92988e-05	0.000250796	0.365804	0.073116	0.0871788	0.0543777	0.00869349	0.0183421	0.00421674	0.00156192	2.08798	0.303036	0.988276	0.0411105	0.590858	0.638446	0.699614	2.20742	0.182969	1.73208	0.0365741	0.0647569	0.381743	0.189479	0.0404451	0.121928	-7838.25	4.0	2454.21	-89478.5	3.0	117.832	1.0	1695.59	100.09	746.274	81.0661	0.305616	0.0310367	1.12766	0.0503178	
0.0-2.4	8.0-10.0	0.0-100.0	0.785-1.178	0.008	0.145	3423.0	3423.0	2215.0	113.669	1208.97	82.3275	-0.0966647	0.283212	-0.05	0.0	0.409356	0.0	3.09318	0.0	0.0517836	0.0	0.0237234	0.0	0.03	0.0	1.492	0.04	1.733	0.07	0.0378169	0.0	6.83076e-05	0.000188408	0.707096	0.630753	0.0494462	0.0365968	0.00997806	0.0194271	0.00174518	0.00181731	2.17557	0.39497	1.0433	0.0459711	0.838141	0.0262051	0.999981	9.76781	0.654274	0.0131903	0.1004	0.0108585	0.214199	0.0106597	0.128273	25.0801	25125.3	4.0	19178.3	-156684.0	3.0	4.85263	1.0	1560.72	159.132	654.28	141.547	0.295386	0.06208	1.12636	0.0405182	
0.0-2.4	8.0-10.0	0.0-100.0	1.178-1.571	0.008	0.128	3135.0	3133.0	2031.13	79.0169	1102.43	65.3703	-0.386815	0.201671	-0.05	0.0	0.409356	0.0	3.09318	0.0	0.0517836	0.0	0.0237234	0.0	0.03	0.0	1.492	0.04	1.733	0.07	0.0378169	0.0	1.54046e-05	0.000145821	0.213777	0.0260544	0.681636	0.163444	-0.00101435	0.00214303	0.00213633	0.00226309	1.35029	0.0690844	0.6	0.100264	0.89413	1.69394	0.622372	2.12981	0.485563	0.624764	0.0559005	0.0679706	0.487448	0.416299	0.0583055	0.0650732	-10185.1	4.0	200.911	-62674.2	3.0	59.306	1.0	1457.68	78.4229	573.447	58.5835	0.282329	0.0266697	1.16509	0.0587013	
0.0-2.4	8.0-10.0	10.0-60.0	0.000-0.393	0.008	0.145	2525.0	2523.0	1652.07	69.8958	871.853	54.0929	0.000992875	0.20819	-0.05	0.0	0.409356	0.0	3.09318	0.0	0.0517836	0.0	0.024465	0.0	0.03	0.0	1.492	0.04	1.733	0.07	0.038095	0.0	1.40048e-05	1.03758	0.227742	0.0330162	0.0999374	0.0	0.00376099	0.0	0.00100098	0.00143993	1.94825	0.0	0.868335	0.0358923	0.568214	0.0358597	1.0	76.5013	0.338448	0.0447927	0.0439352	0.0046068	0.162037	0.0145566	0.02	459.688	-10437.9	4.0	203.99	-47248.2	3.0	0.867553	1.0	1212.31	71.1102	439.763	52.651	0.266189	0.0298135	1.02858	0.0136361	
0.0-2.4	8.0-10.0	10.0-60.0	0.000-1.571	0.008	0.145	8913.0	8912.0	6033.39	152.443	2878.73	107.407	-0.3643	0.142008	-0.05	0.0	0.409356	0.0	3.09318	0.0	0.0517836	0.0	0.024465	0.000812158	0.03	0.0	1.492	0.04	1.733	0.07	0.038095	0.000154033	1.82514e-05	0.000157912	0.330333	0.0671066	0.0999374	0.0	0.00376099	0.0	0.00195019	0.00100025	1.94825	0.0	0.890601	0.0252055	0.627816	1.25576	0.604907	1.37912	0.213415	0.41362	0.0425047	0.0355794	0.339864	0.117405	0.0454426	0.025011	12444.4	4.0	61216.6	-288980.0	4.0	2599.09	1.0	4344.55	197.221	1688.85	169.313	0.279917	0.0271568	1.04558	0.00966193	
0.0-2.4	8.0-10.0	10.0-60.0	0.393-0.785	0.008	0.12	2363.0	2359.0	1582.87	72.5912	776.862	56.4393	-0.631726	0.234837	-0.05	0.0	0.409356	0.0	3.09318	0.0	0.0517836	0.0	0.024465	0.0	0.03	0.0	1.492	0.04	1.733	0.07	0.038095	0.0	1.00002e-05	8.80711e-05	0.308786	0.0733383	0.0999374	0.0	0.00376099	0.0	0.00172204	0.00184502	1.94825	0.0	0.947575	0.0539713	0.753635	0.771431	0.592893	1.46371	0.189681	1.08769	0.0438854	0.0357782	0.423576	0.251375	0.0394308	0.0353148	-5971.31	4.0	1265.67	-50092.2	3.0	139.111	1.0	1130.2	78.8226	452.666	62.9082	0.285978	0.0375168	1.08972	0.0211205	
0.0-2.4	8.0-10.0	10.0-60.0	0.785-1.178	0.008	0.112	2109.0	2103.0	1451.8	97.6311	651.157	57.7988	-0.428725	0.415754	-0.05	0.0	0.409356	0.0	3.09318	0.0	0.0517836	0.0	0.024465	0.0	0.03	0.0	1.492	0.04	1.733	0.07	0.038095	0.0	1.4617e-05	0.013384	0.688386	0.762073	0.0999374	0.0	0.00376099	0.0	0.00227208	0.00244479	1.94825	0.0	0.965508	0.0615402	0.941872	5.8332	0.612977	2.99288	0.587548	3.17497	0.00100069	31.5132	0.226758	0.063597	0.0570317	0.0418931	21854.6	4.0	16264.2	-107819.0	3.0	70.9652	1.0	985.401	138.735	466.403	125.857	0.321258	0.0839549	1.1038	0.0242252	
0.0-2.4	8.0-10.0	10.0-60.0	1.178-1.571	0.008	0.12	1915.0	1914.0	1351.78	64.6004	562.403	48.6744	-0.425497	0.304427	-0.05	0.0	0.409356	0.0	3.09318	0.0	0.0517836	0.0	0.024465	0.0	0.03	0.0	1.492	0.04	1.733	0.07	0.038095	0.0	4.81487e-05	1.07517	0.223325	0.0334294	0.0999374	0.0	0.00376099	0.0	-0.000766549	0.00176989	1.94825	0.0	0.850562	0.0452031	0.813629	0.895667	0.487279	0.847934	0.173495	0.27004	0.0541932	0.0450903	0.532195	0.52984	0.0577014	0.0367252	-6487.93	4.0	174.923	-37188.7	3.0	82.5452	1.0	944.826	65.7613	406.957	51.6144	0.301052	0.0353683	1.01513	0.017045	
1.2-1.6	6.5-30.0	0.0-100.0	0.000-0.393	0.008	0.136	3318.0	3315.0	1748.17	77.6318	1567.07	73.2801	0.0324954	0.158043	-0.05	0.0	0.532238	0.0	3.09145	0.0	0.0449274	0.0	0.0308355	0.0	0.03	0.0	1.492	0.04	1.733	0.07	0.0389752	0.0	8.70362e-05	0.000270698	0.288607	0.0635209	0.130197	0.0694199	0.00814269	0.0161506	0.00267311	0.00151973	1.98675	0.266132	0.89885	0.0374369	0.463487	5.42683	0.454991	3.65417	0.00599919	87.9221	0.0152762	0.413259	0.220653	0.324369	0.0474031	0.498974	-9789.31	4.0	857.219	-66733.3	3.0	9.58315	1.0	1318.47	84.2169	429.703	63.4707	0.245801	0.0346272	1.10302	0.0599125	
1.2-1.6	6.5-30.0	0.0-100.0	0.000-1.571	0.008	0.136	12115.0	12102.0	6501.47	163.561	5600.92	166.952	-0.168516	0.0850308	-0.05	0.0	0.532238	0.0857143	3.09145	0.000994603	0.0449274	0.00246446	0.0308355	0.00310931	0.03	0.0	1.492	0.04	1.733	0.07	0.0389752	0.00111674	1.03021e-05	0.137313	0.285477	0.0301217	0.0999774	0.0369937	0.00921681	0.0152857	0.00333239	0.000792149	2.02628	0.173102	0.958809	0.0198119	0.586438	8.84539	0.570268	3.65235	0.417386	4.86948	0.027651	0.384301	0.388749	0.240012	0.0862529	0.102754	-19258.8	4.0	3900.82	-311473.0	7.0	2418.7	1.0	4760.48	166.504	1740.99	123.689	0.267785	0.0177921	1.11261	0.0317642	
1.2-1.6	6.5-30.0	0.0-100.0	0.393-0.785	0.008	0.128	3283.0	3279.0	1666.52	76.5966	1613.24	76.6643	-0.299877	0.153451	-0.05	0.0	0.532238	0.0	3.09145	0.0	0.0449274	0.0	0.0308355	0.0	0.03	0.0	1.492	0.04	1.733	0.07	0.0389752	0.0	1.40773e-05	0.000247178	0.276734	0.0472977	0.0978918	0.063768	0.00830884	0.017385	0.0037541	0.00155872	2.07462	0.34261	1.0026	0.0392056	0.551494	2.99043	0.801185	1.41931	0.524182	2.00898	0.0403138	0.196211	0.326559	0.380169	0.188567	0.604219	-7972.54	4.0	516.696	-66559.1	3.0	72.6421	1.0	1193.12	78.8054	473.401	60.6341	0.284066	0.0339603	1.15244	0.0568368	
1.2-1.6	6.5-30.0	0.0-100.0	0.785-1.178	0.008	0.136	2847.0	2844.0	1572.69	78.596	1271.97	75.4032	-0.031249	0.214017	-0.05	0.0	0.532238	0.0	3.09145	0.0	0.0449274	0.0	0.0308355	0.0	0.03	0.0	1.492	0.04	1.733	0.07	0.0389752	0.0	1.0973e-05	0.00459423	0.347462	0.11122	0.0383419	0.0282596	0.00999981	0.0173776	0.00356533	0.00157156	2.63905	0.579204	0.963564	0.0399936	0.551796	0.244932	0.999965	114.186	0.483032	0.540948	0.056302	0.0363316	0.207914	0.116165	0.0200942	447.055	-1384.15	4.0	2136.36	-66037.8	3.0	103.977	1.0	1187.93	87.6698	384.752	67.3141	0.244646	0.0410186	1.07698	0.0510315	
1.2-1.6	6.5-30.0	0.0-100.0	1.178-1.571	0.008	0.12	2666.0	2652.0	1510.43	76.3849	1141.78	79.4793	-0.427916	0.191566	-0.05	0.0	0.532238	0.0	3.09145	0.0	0.0449274	0.0	0.0308355	0.0	0.03	0.0	1.492	0.04	1.733	0.07	0.0389752	0.0	3.21269e-05	0.000513866	0.262044	0.0414868	0.429426	0.219667	0.00289074	0.00368548	0.00295273	0.00212056	1.45696	0.14329	0.77809	0.0590486	0.998281	299.099	0.431343	25.2839	0.401856	26.1406	0.00109052	226.21	0.754939	0.971755	0.0707595	0.0816161	-1412.02	4.0	395.801	-62993.6	3.0	3242.6	1.0	1057.6	72.8761	452.828	54.5412	0.299801	0.0327726	1.12116	0.0851987	
1.2-1.6	6.5-30.0	10.0-60.0	0.000-0.393	0.008	0.12	2201.0	2198.0	1222.23	65.224	976.271	58.6578	0.0473302	0.207312	-0.05	0.0	0.532238	0.0	3.09145	0.0	0.0449274	0.0	0.0305004	0.0	0.03	0.0	1.492	0.04	1.733	0.07	0.0388517	0.0	9.39567e-05	0.000265483	0.308645	0.0868329	0.0999774	0.0	0.00921681	0.0	0.0033404	0.00185658	2.02628	0.0	1.02713	0.0435583	0.306131	79.8279	0.864346	30.303	0.140846	164.658	0.00862865	2.36601	0.221912	0.779933	0.105818	2.80401	-6598.65	4.0	741.936	-43329.0	3.0	14.6664	1.0	925.489	70.7307	296.736	53.0505	0.242784	0.0414261	1.1662	0.0172643	
1.2-1.6	6.5-30.0	10.0-60.0	0.000-1.571	0.008	0.128	7437.0	7429.0	4354.13	121.703	3075.11	108.483	-0.280523	0.114029	-0.05	0.0	0.532238	0.0	3.09145	0.0	0.0449274	0.0	0.0305004	0.00204615	0.03	0.0	1.492	0.04	1.733	0.07	0.0388517	0.000375688	1.05393e-05	0.000462059	0.263789	0.0303441	0.0999774	0.0	0.00921681	0.0	0.00131357	0.000977093	2.02628	0.0	0.991982	0.0242733	0.983846	161.678	0.473944	14.1691	0.529872	12.6289	0.00108145	28.4698	0.345687	0.103863	0.0782282	0.0366568	-21366.8	4.0	1420.75	-167140.0	4.0	35.9256	1.0	3218.26	127.479	1135.87	95.7459	0.260872	0.0207455	1.13848	0.00951768	
1.2-1.6	6.5-30.0	10.0-60.0	0.393-0.785	0.008	0.112	1983.0	1972.0	1083.47	60.5231	888.452	58.6641	-0.468583	0.215073	-0.05	0.0	0.532238	0.0	3.09145	0.0	0.0449274	0.0	0.0305004	0.0	0.03	0.0	1.492	0.04	1.733	0.07	0.0388517	0.0	2.07034e-05	0.000129572	0.228735	0.0452503	0.0999774	0.0	0.00921681	0.0	0.00287559	0.00212699	2.02628	0.0	1.09006	0.0497723	0.216876	24.8097	0.867011	14.9193	0.000179619	422.935	0.00347318	27.5464	0.518516	1.09704	0.115941	4.6915	-4823.17	4.0	239.528	-37868.3	3.0	116.926	1.0	779.344	63.6628	304.131	49.4605	0.2807	0.0428725	1.21652	0.0200697	
1.2-1.6	6.5-30.0	10.0-60.0	0.785-1.178	0.008	0.128	1657.0	1655.0	1013.42	54.8091	641.671	46.9836	-0.530957	0.244052	-0.05	0.0	0.532238	0.0	3.09145	0.0	0.0449274	0.0	0.0305004	0.0	0.03	0.0	1.492	0.04	1.733	0.07	0.0388517	0.0	2.57361e-05	0.000145696	0.210602	0.0375134	0.0999774	0.0	0.00921681	0.0	-0.000687572	0.00178801	2.02628	0.0	0.906146	0.0477017	0.993147	70.7945	0.477838	6.17256	0.436085	6.6133	0.00103951	19.5251	0.240137	0.102832	0.0634557	0.0320981	-6295.03	4.0	36.8563	-28243.0	3.0	13.8102	1.0	784.833	56.3866	228.591	39.1231	0.225563	0.0366267	1.07215	0.0181427	
1.2-1.6	6.5-30.0	10.0-60.0	1.178-1.571	0.008	0.105	1594.0	1576.0	1027.08	57.6709	548.996	45.8793	-0.302277	0.280509	-0.05	0.0	0.532238	0.0	3.09145	0.0	0.0449274	0.0	0.0305004	0.0	0.03	0.0	1.492	0.04	1.733	0.07	0.0388517	0.0	3.08551e-05	0.00051849	0.289353	0.059901	0.0999774	0.0	0.00921681	0.0	0.00357884	0.00206112	2.02628	0.0	0.970261	0.0520203	0.622154	0.736292	0.941686	38.2271	0.419923	10.3051	0.0792489	0.181356	0.359841	0.491156	0.0200257	8.2247	-4563.39	4.0	330.603	-29893.4	3.0	2.61142	1.0	723.884	58.186	303.2	44.9816	0.295205	0.0405374	1.12151	0.0202527	
1.2-2.4	6.5-30.0	0.0-100.0	0.000-0.393	0.008	0.152	8470.0	8451.0	4191.89	126.953	4259.52	126.038	-0.201536	0.0993463	-0.05	0.0	0.580202	0.0	3.09126	0.0	0.0531826	0.0	0.0309491	0.0	0.03	0.0	1.492	0.04	1.733	0.07	0.0452011	0.0	3.42723e-05	0.000135506	0.260296	0.0333194	0.147506	0.0525668	0.00656579	0.00470592	0.00219138	0.00100125	1.94036	0.171727	0.891584	0.0227554	0.822435	0.161667	0.448982	0.665559	0.371521	0.931022	0.107775	0.0530646	0.202131	0.0372576	0.0283842	0.0405879	-26499.8	4.0	1088.06	-200941.0	3.0	16.8859	1.0	3186.12	135.653	1005.77	100.094	0.239932	0.0227454	1.11042	0.0422613	
1.2-2.4	6.5-30.0	0.0-100.0	0.000-1.571	0.008	0.128	30124.0	29961.0	16002.0	300.703	13959.8	295.339	-0.316087	0.0593329	-0.05	0.0	0.580202	0.097217	3.09126	0.00074884	0.0531826	0.00245057	0.0309491	0.00292437	0.03	0.0	1.492	0.04	1.733	0.07	0.0452011	0.00137399	1.38621e-05	0.000134836	0.269105	0.017635	0.186805	0.0404235	0.00562667	0.0022307	0.00336027	0.000570136	1.79346	0.0844886	0.929494	0.0132712	0.658033	2.9492	0.639394	1.13885	0.524308	1.32319	0.0304697	0.177603	0.296214	0.0821079	0.100447	0.0735564	-80153.1	4.0	5173.1	-853622.0	7.0	344.074	1.0	12107.7	291.587	3894.3	196.498	0.243364	0.0113963	1.14168	0.0246296	
1.2-2.4	6.5-30.0	0.0-100.0	0.393-0.785	0.008	0.145	7845.0	7824.0	4038.57	126.462	3785.05	125.161	-0.448453	0.111465	-0.05	0.0	0.580202	0.0	3.09126	0.0	0.0531826	0.0	0.0309491	0.0	0.03	0.0	1.492	0.04	1.733	0.07	0.0452011	0.0	2.65486e-05	7.2402e-05	0.2812	0.0379655	0.215726	0.105061	0.00712779	0.00410469	0.00422214	0.00124463	1.7141	0.172696	0.981082	0.0287025	0.636857	0.82102	0.793542	0.33638	0.543951	0.48992	0.044802	0.077381	0.235159	0.0680916	0.445496	0.591362	-18366.0	4.0	1384.6	-193900.0	3.0	17.568	1.0	3033.06	134.347	1005.51	100.1	0.248976	0.023528	1.17844	0.0525436	
1.2-2.4	6.5-30.0	0.0-100.0	0.785-1.178	0.008	0.152	7101.0	7099.0	3908.64	123.416	3190.79	115.628	-0.238704	0.122945	-0.05	0.0	0.580202	0.0	3.09126	0.0	0.0531826	0.0	0.0309491	0.0	0.03	0.0	1.492	0.04	1.733	0.07	0.0452011	0.0	1.03152e-05	0.00396442	0.298212	0.0521181	0.127095	0.057169	0.00999999	0.014517	0.00302015	0.00115499	1.93778	0.197975	0.976997	0.027812	0.612406	0.175029	0.729372	0.227901	0.390871	0.389476	0.0636874	0.0168273	0.216576	0.0993973	0.02	1896.68	-17705.5	4.0	2560.12	-176180.0	3.0	25.7985	1.0	3062.03	136.015	846.613	99.3329	0.2166	0.0244761	1.14475	0.0422297	
1.2-2.4	6.5-30.0	0.0-100.0	1.178-1.571	0.008	0.152	6706.0	6702.0	3851.36	122.309	2851.21	117.254	-0.408053	0.122989	-0.05	0.0	0.580202	0.0	3.09126	0.0	0.0531826	0.0	0.0309491	0.0	0.03	0.0	1.492	0.04	1.733	0.07	0.0452011	0.0	3.88875e-05	0.000353399	0.244611	0.025036	0.376887	0.131541	0.000173054	0.00284995	0.00294502	0.00127823	1.54336	0.106566	0.719546	0.0331239	0.773679	1.29039	0.455569	3.45189	0.315184	6.60837	0.0887852	0.105346	0.448519	0.499501	0.0375226	0.511781	-15137.2	4.0	533.218	-170760.0	3.0	1579.19	1.0	2808.19	120.828	1043.17	87.9979	0.270857	0.0211676	1.10469	0.0625465	
1.2-2.4	6.5-30.0	10.0-60.0	0.000-0.393	0.008	0.152	5445.0	5443.0	2920.21	104.123	2523.3	97.2737	-0.261466	0.129311	-0.05	0.0	0.580202	0.0	3.09126	0.0	0.0531826	0.0	0.0305561	0.0	0.03	0.0	1.492	0.04	1.733	0.07	0.0450887	0.0	3.42723e-05	0.000135506	0.265658	0.0429386	0.186805	0.0	0.00562667	0.0	0.00125715	0.0011775	1.79346	0.0	0.857364	0.0254161	0.954384	1.24814	0.605738	0.430976	0.60288	0.347727	0.00131743	25.2222	0.198615	0.0441222	0.0863094	0.0338914	-20227.8	4.0	834.737	-123259.0	3.0	12.0413	1.0	2252.17	111.594	668.041	81.0683	0.228765	0.0265358	1.09481	0.00809281	
1.2-2.4	6.5-30.0	10.0-60.0	0.000-1.571	0.008	0.16	18634.0	18631.0	10741.5	199.859	7889.81	180.021	-0.386293	0.0751068	-0.05	0.0	0.580202	0.0	3.09126	0.0	0.0531826	0.0	0.0305561	0.0014593	0.03	0.0	1.492	0.04	1.733	0.07	0.0450887	0.00020758	1.04253e-05	6.6059e-05	0.24376	0.0168365	0.186805	0.0	0.00562667	0.0	0.00330664	0.00069035	1.79346	0.0	0.90538	0.0160208	0.585074	0.137448	0.90378	0.109566	0.530422	0.134061	0.0404886	0.0166688	0.230425	0.0329083	0.39731	0.44317	-62992.0	4.0	1878.86	-490874.0	4.0	12.5545	1.0	8050.1	206.779	2691.42	151.099	0.250562	0.0132718	1.12581	0.0052386	
1.2-2.4	6.5-30.0	10.0-60.0	0.393-0.785	0.008	0.145	4785.0	4784.0	2697.34	100.153	2086.52	94.9832	-0.473147	0.154537	-0.05	0.0	0.580202	0.0	3.09126	0.0	0.0531826	0.0	0.0305561	0.0	0.03	0.0	1.492	0.04	1.733	0.07	0.0450887	0.0	2.65486e-05	7.2402e-05	0.213551	0.0287206	0.186805	0.0	0.00562667	0.0	0.00474223	0.00156206	1.79346	0.0	0.998654	0.0353836	0.531893	0.539077	0.805321	0.311009	0.516142	0.493361	0.0327523	0.0396161	0.269234	0.107912	0.677715	1.29689	-12463.7	4.0	457.373	-110885.0	3.0	100.292	1.0	2011.49	106.588	685.852	80.1949	0.254269	0.0281922	1.18822	0.0120916	
1.2-2.4	6.5-30.0	10.0-60.0	0.785-1.178	0.008	0.152	4273.0	4271.0	2548.64	93.74	1722.72	81.14	-0.418418	0.15575	-0.05	0.0	0.580202	0.0	3.09126	0.0	0.0531826	0.0	0.0305561	0.0	0.03	0.0	1.492	0.04	1.733	0.07	0.0450887	0.0	1.03152e-05	0.00396442	0.225027	0.0262802	0.186805	0.0	0.00562667	0.0	0.0010551	0.00142643	1.79346	0.0	0.901482	0.0342059	0.764272	0.262165	0.53925	0.927822	0.312207	0.98769	0.0916452	0.0648367	0.208037	0.0599709	0.0305196	0.046274	-16829.3	4.0	120.424	-91485.6	3.0	2.24901	1.0	1931.97	95.601	616.673	67.8578	0.241961	0.0250937	1.12326	0.011162	
1.2-2.4	6.5-30.0	10.0-60.0	1.178-1.571	0.008	0.152	4129.0	4127.0	2581.51	96.1758	1546.37	78.8603	-0.435752	0.16894	-0.05	0.0	0.580202	0.0	3.09126	0.0	0.0531826	0.0	0.0305561	0.0	0.03	0.0	1.492	0.04	1.733	0.07	0.0450887	0.0	3.88875e-05	0.000353399	0.265494	0.0337252	0.186805	0.0	0.00562667	0.0	0.00247668	0.00140117	1.79346	0.0	0.792347	0.037605	0.683639	0.445656	0.39788	0.404942	2.20516e-08	15.0675	0.0592301	0.0449026	0.289531	0.0999277	0.0200055	3.00804	-14747.7	4.0	466.191	-93241.4	3.0	2.31548	1.0	1830.32	97.9827	751.193	75.7232	0.290989	0.027256	1.05423	0.0114919	
1.6-2.4	3.0-6.5	0.0-100.0	0.000-0.393	0.016	0.232	47525.0	47521.0	8827.74	377.525	38692.5	599.035	0.0435442	0.0524395	-0.05	0.0	0.992839	0.0	3.08905	0.0	0.0493404	0.0	0.0999968	0.0	0.03	0.0	1.86	0.19	1.38	0.32	0.0498863	0.0	0.000149401	0.0117133	0.386547	0.134479	0.473976	0.263955	-0.00707842	0.0107562	0.01	0.0462963	1.54049	0.193925	0.827121	0.0185706	1.0	167202.0	0.791696	46.6116	0.721838	297.733	0.0010017	5514620.0	0.139024	175.749	0.685364	3.17504	-115999.0	4.0	13367.9	-3342020.0	3.0	137.667	1.0	7564.82	471.85	1262.92	347.703	0.143063	0.0389095	1.21847	0.108416	
1.6-2.4	3.0-6.5	0.0-100.0	0.000-1.571	0.016	0.264	174003.0	173996.0	31637.7	17670200.0	142360.0	14631500.0	0.0833392	26.0238	-0.05	0.0	0.992839	7241.36	3.08905	1.21173	0.0493404	37.3658	0.0999968	840.611	0.03	0.0	1.86	0.19	1.38	0.32	0.0498863	19.3126	1.10324e-05	0.0465138	0.31664	0.0444273	0.306676	0.207312	-0.00606766	0.0158233	0.00999999	0.0158729	1.65447	0.204252	0.938616	0.00883391	0.999998	9650.75	0.756975	4.8877	0.761122	17.7868	0.00101228	924881.0	0.150329	13.4936	0.556175	3.50831	-507950.0	4.0	52969.3	-13653800.0	7.0	427696.0	1.0	26217.7	14643000.0	5419.98	3027160.0	0.171314	0.0205653	1.20427	0.09077	
1.6-2.4	3.0-6.5	0.0-100.0	0.393-0.785	0.016	0.264	44653.0	44648.0	7632.97	353.726	37015.6	576.601	0.00586349	0.0540534	-0.05	0.0	0.992839	0.0	3.08905	0.0	0.0493404	0.0	0.0999968	0.0	0.03	0.0	1.86	0.19	1.38	0.32	0.0498863	0.0	0.000104776	0.00436801	0.276455	0.0494843	0.434071	0.259887	-0.00999985	0.0153683	0.01	1.3959	1.61272	0.231443	0.825883	0.0186594	0.999996	163241.0	0.748164	47.8102	0.728007	208.586	0.00100018	3965230.0	0.138811	135.502	0.497414	38.1667	-139324.0	4.0	2175.45	-3009130.0	3.0	641.936	1.0	6244.36	385.163	1388.61	262.21	0.181923	0.0333017	1.23084	0.120844	
1.6-2.4	3.0-6.5	0.0-100.0	0.785-1.178	0.016	0.24	41985.0	41982.0	7654.04	348.217	34328.6	552.353	0.103949	0.0587996	-0.05	0.0	0.992839	0.0	3.08905	0.0	0.0493404	0.0	0.0999968	0.0	0.03	0.0	1.86	0.19	1.38	0.32	0.0498863	0.0	2.10511e-05	0.000549047	0.33038	0.111826	0.0818643	0.0702753	-0.01	0.0192987	0.01	0.00332508	2.29979	0.540786	1.02036	0.0244517	0.260745	44.9152	0.92734	18.9056	1.64399e-06	623.632	0.00540847	0.760969	0.0908488	19.101	0.405113	23.2183	-107628.0	4.0	33900.4	-2961520.0	3.0	1793.2	1.0	6053.78	586.671	1600.25	523.097	0.209073	0.0676774	1.17851	0.0772696	
1.6-2.4	3.0-6.5	0.0-100.0	1.178-1.571	0.016	0.24	39839.0	39836.0	7523.39	340.203	32313.0	536.173	0.198256	0.0584862	-0.05	0.0	0.992839	0.0	3.08905	0.0	0.0493404	0.0	0.0999968	0.0	0.03	0.0	1.86	0.19	1.38	0.32	0.0498863	0.0	3.20725e-05	0.0130815	0.260312	0.0682255	0.862746	0.0705318	0.0058369	0.00486993	0.01	0.00167424	1.3149	0.0586406	0.6	0.156294	0.999985	161.316	0.63413	0.781033	0.816784	0.284767	0.00155546	1543.97	0.331251	0.372754	0.212871	0.22523	-149589.0	4.0	6967.85	-2658830.0	3.0	409.213	1.0	6306.72	410.775	1216.67	300.72	0.161719	0.0392967	1.24139	0.0335094	
1.6-2.4	3.0-6.5	10.0-60.0	0.000-0.393	0.016	0.209	27473.0	27460.0	6312.27	294.043	21148.0	431.377	0.0111562	0.072431	-0.05	0.0	0.992839	0.0	3.08905	0.0	0.0493404	0.0	0.0999999	0.0	0.03	0.0	1.86	0.19	1.38	0.32	0.0498864	0.0	0.000129268	0.000932346	0.398422	0.166959	0.306676	0.0	-0.00606766	0.0	0.0075452	0.00170248	1.65447	0.0	0.924815	0.0224918	1.0	7777.17	0.781942	0.496915	0.737614	2.45869	0.00105183	137393.0	0.118829	1.24054	0.887521	1.73482	-97507.7	4.0	12129.4	-1777470.0	3.0	575.473	1.0	5397.51	373.487	914.764	279.448	0.144918	0.0437528	1.19685	0.00602486	
1.6-2.4	3.0-6.5	10.0-60.0	0.000-1.571	0.016	0.209	96402.0	96364.0	21052.7	537.258	75311.7	805.082	0.0820149	0.0380241	-0.05	0.0	0.992839	0.0	3.08905	0.0	0.0493404	0.0	0.0999999	0.469764	0.03	0.0	1.86	0.19	1.38	0.32	0.0498864	0.00337164	2.44459e-05	0.000226863	0.311095	0.0478984	0.306676	0.0	-0.00606766	0.0	0.00831174	0.000977937	1.65447	0.0	0.909588	0.0117752	0.390861	1725540.0	0.90762	221476.0	0.428254	1962360.0	0.00100001	304402.0	0.123068	56377.0	0.493217	429757.0	-417796.0	4.0	24483.5	-6885660.0	4.0	1653.95	1.0	17301.1	668.853	3751.66	511.462	0.178203	0.0238649	1.18873	0.00312347	
1.6-2.4	3.0-6.5	10.0-60.0	0.393-0.785	0.016	0.209	25175.0	25157.0	5149.23	268.209	20008.6	414.176	0.0119053	0.072738	-0.05	0.0	0.992839	0.0	3.08905	0.0	0.0493404	0.0	0.0999999	0.0	0.03	0.0	1.86	0.19	1.38	0.32	0.0498864	0.0	0.000185134	0.00079819	0.279825	0.0518271	0.306676	0.0	-0.00606766	0.0	0.0079622	0.00174008	1.65447	0.0	0.889235	0.0231337	0.364883	200.295	0.899521	57.9718	0.35934	165.197	0.00227698	3.63518	0.122354	0.3075	0.331727	0.39873	-111539.0	4.0	1539.83	-1538290.0	3.0	390.774	1.0	3972.86	296.713	1176.37	221.294	0.228455	0.0412959	1.178	0.00605369	
1.6-2.4	3.0-6.5	10.0-60.0	0.785-1.178	0.016	0.2	22717.0	22717.0	4805.19	259.2	17911.8	388.794	0.137133	0.0793193	-0.05	0.0	0.992839	0.0	3.08905	0.0	0.0493404	0.0	0.0999999	0.0	0.03	0.0	1.86	0.19	1.38	0.32	0.0498864	0.0	3.10689e-05	0.000375227	0.253582	0.0829234	0.306676	0.0	-0.00606766	0.0	-0.00209911	0.00198345	1.65447	0.0	0.790903	0.024724	0.516437	862.972	0.908738	161.638	0.036637	1472.71	0.00147551	7.13384	0.0697961	1.60875	0.291269	5.44339	-111961.0	4.0	9491.61	-1415880.0	3.0	1010.6	1.0	3691.08	399.928	1114.11	352.011	0.231855	0.0721809	1.12834	0.0060077	
1.6-2.4	3.0-6.5	10.0-60.0	1.178-1.571	0.016	0.2	21035.0	21017.0	4793.96	251.929	16223.4	373.765	0.203655	0.0809589	-0.05	0.0	0.992839	0.0	3.08905	0.0	0.0493404	0.0	0.0999999	0.0	0.03	0.0	1.86	0.19	1.38	0.32	0.0498864	0.0	1.12763e-05	0.178932	0.30926	0.11348	0.306676	0.0	-0.00606766	0.0	0.01	0.0111556	1.65447	0.0	0.954956	0.0359078	0.999996	743.119	0.86793	16.1732	0.794903	29.0763	0.00101392	863.305	0.165704	10.1976	0.426307	2.32585	-102290.0	4.0	2714.64	-1262260.0	3.0	192.599	1.0	4110.01	404.844	683.953	344.298	0.14267	0.0714266	1.21315	0.00979861	
1.6-2.4	6.5-30.0	0.0-100.0	0.000-0.393	0.008	0.152	5152.0	5134.0	2437.68	100.311	2696.95	102.572	-0.348263	0.12787	-0.05	0.0	0.673268	0.0	3.091	0.0	0.0564348	0.0	0.030391	0.0	0.03	0.0	1.492	0.04	1.733	0.07	0.0494576	0.0	3.15307e-05	0.000173778	0.243234	0.0356165	0.171695	0.085994	0.00507026	0.00583142	0.00312005	0.00130887	1.8838	0.229153	0.888293	0.0275998	0.971966	0.97542	0.561159	0.630079	0.673406	0.248135	0.00100444	11.3052	0.219153	0.0617859	0.0961008	0.0314126	-16840.5	4.0	258.919	-118807.0	3.0	12.8422	1.0	1876.11	103.987	561.569	73.3971	0.23037	0.0285782	1.12378	0.0628989	
1.6-2.4	6.5-30.0	0.0-100.0	0.000-1.571	0.008	0.152	18008.0	17967.0	9452.57	270.482	8515.9	265.5	-0.430084	0.0813539	-0.05	0.0	0.673268	0.169988	3.091	0.00111103	0.0564348	0.00397707	0.030391	0.00723385	0.03	0.0	1.492	0.04	1.733	0.07	0.0494577	0.00257615	1.37144e-05	0.000327844	0.2536	0.0203591	0.337019	0.0765519	0.00343684	0.00197833	0.00352091	0.000870701	1.60396	0.0792233	0.862182	0.0190652	0.698173	2.02402	0.86954	0.228225	0.612546	0.790887	0.0550147	0.292157	0.214947	0.068767	0.364472	0.613517	-59225.2	4.0	1348.96	-493077.0	7.0	10.0795	1.0	7322.7	249.653	2129.87	148.779	0.225322	0.0143584	1.16614	0.0355007	
1.6-2.4	6.5-30.0	0.0-100.0	0.393-0.785	0.008	0.145	4561.0	4542.0	2355.08	100.218	2187.18	98.7967	-0.567832	0.155021	-0.05	0.0	0.673268	0.0	3.091	0.0	0.0564348	0.0	0.030391	0.0	0.03	0.0	1.492	0.04	1.733	0.07	0.0494576	0.0	1.91191e-05	0.000301555	0.284598	0.0585741	0.653479	0.0874734	0.00512757	0.00198312	0.00384643	0.00301648	1.36098	0.0597214	0.762437	0.0680128	0.742302	1.77565	0.718525	0.587632	0.542613	0.863478	0.0369316	0.210603	0.19456	0.0579003	0.459577	0.542161	-10676.7	4.0	882.077	-111961.0	3.0	64.7703	1.0	1825.85	107.814	529.228	78.0656	0.224717	0.0317385	1.18822	0.0332246	
1.6-2.4	6.5-30.0	0.0-100.0	0.785-1.178	0.008	0.145	4254.0	4252.0	2333.32	95.1266	1919.1	87.9485	-0.396658	0.151128	-0.05	0.0	0.673268	0.0	3.091	0.0	0.0564348	0.0	0.030391	0.0	0.03	0.0	1.492	0.04	1.733	0.07	0.0494576	0.0	1.00081e-05	0.000130579	0.244196	0.03437	0.283905	0.121121	0.00876046	0.0144238	0.0011684	0.00181031	1.63893	0.152102	0.891695	0.0424964	0.764633	2.39886	0.341224	6.53706	0.00863258	84.3917	0.0936608	0.354945	0.227961	0.178341	0.0269805	0.598881	-16643.7	4.0	89.6628	-95829.9	3.0	4.57432	1.0	1860.81	97.1192	472.508	63.624	0.202505	0.0259877	1.15411	0.0594963	
1.6-2.4	6.5-30.0	0.0-100.0	1.178-1.571	0.008	0.152	4039.0	4038.0	2328.55	94.6255	1709.41	84.8427	-0.418349	0.161075	-0.05	0.0	0.673268	0.0	3.091	0.0	0.0564348	0.0	0.030391	0.0	0.03	0.0	1.492	0.04	1.733	0.07	0.0494576	0.0	2.89134e-05	0.000256279	0.236464	0.0312619	0.350351	0.133684	-0.00427118	0.00495361	0.00240662	0.0016288	1.6055	0.129976	0.702113	0.0390028	0.790373	0.471156	0.369956	5.11976	0.160981	13.3272	0.0857306	0.113176	0.273212	0.169191	0.02	0.0434456	-15412.0	4.0	176.764	-93153.0	3.0	24.2372	1.0	1738.94	95.6872	589.602	68.822	0.253206	0.0277068	1.10604	0.0715889	
1.6-2.4	6.5-30.0	10.0-60.0	0.000-0.393	0.008	0.152	3243.0	3243.0	1693.18	80.9378	1550.23	77.4928	-0.466544	0.167466	-0.05	0.0	0.673268	0.0	3.091	0.0	0.0564348	0.0	0.0301022	0.0	0.03	0.0	1.492	0.04	1.733	0.07	0.0493999	0.0	3.15307e-05	0.000173778	0.230811	0.0382627	0.337019	0.0	0.00343684	0.0	0.00161634	0.00159495	1.60396	0.0	0.734099	0.0325618	0.926996	14.4398	0.717564	3.78146	0.686451	4.14558	0.00100034	10.7846	0.187568	0.041563	0.11923	0.0566372	-13965.9	4.0	117.221	-69901.8	3.0	5.61919	1.0	1321.22	82.7096	371.968	56.2872	0.219686	0.0315411	1.10649	0.00716121	
1.6-2.4	6.5-30.0	10.0-60.0	0.000-1.571	0.008	0.16	11196.0	11194.0	6361.33	158.087	4833.28	143.421	-0.46983	0.0986139	-0.05	0.0	0.673268	0.0	3.091	0.0	0.0564348	0.0	0.0301022	0.00243385	0.03	0.0	1.492	0.04	1.733	0.07	0.0493999	0.000242286	3.34301e-05	6.81326e-05	0.230691	0.0193636	0.337019	0.0	0.00343684	0.0	0.00353941	0.00101501	1.60396	0.0	0.786387	0.022553	0.582248	0.217815	0.894001	0.122065	0.498451	0.230786	0.0302176	0.0156007	0.183755	0.0264859	0.448056	0.498037	-42407.8	4.0	545.191	-289103.0	4.0	20.704	1.0	4810.77	161.989	1550.55	115.897	0.243747	0.0171826	1.13006	0.00520247	
1.6-2.4	6.5-30.0	10.0-60.0	0.393-0.785	0.008	0.145	2801.0	2800.0	1597.99	79.1898	1201.88	74.3022	-0.499224	0.215521	-0.05	0.0	0.673268	0.0	3.091	0.0	0.0564348	0.0	0.0301022	0.0	0.03	0.0	1.492	0.04	1.733	0.07	0.0493999	0.0	1.91191e-05	0.000301555	0.198155	0.0376926	0.337019	0.0	0.00343684	0.0	0.00373266	0.00237816	1.60396	0.0	0.933757	0.051929	0.80861	0.124088	1.0	0.00459148	0.646071	0.128108	1.49992	47.1427	0.23891	0.0789919	0.619123	74.7333	-8242.33	4.0	235.877	-63334.8	3.0	138.773	1.0	1225.22	86.7727	372.77	64.6855	0.233274	0.0387935	1.20212	0.0133711	
1.6-2.4	6.5-30.0	10.0-60.0	0.785-1.178	0.008	0.145	2616.0	2614.0	1531.83	75.9282	1082.24	66.051	-0.378523	0.201585	-0.05	0.0	0.673268	0.0	3.091	0.0	0.0564348	0.0	0.0301022	0.0	0.03	0.0	1.492	0.04	1.733	0.07	0.0493999	0.0	1.00081e-05	0.000130579	0.235753	0.0356936	0.337019	0.0	0.00343684	0.0	0.00195024	0.00242332	1.60396	0.0	0.914506	0.0525436	0.999647	53.6591	0.675146	2.37559	0.64652	2.66394	0.00100002	22.4672	0.199345	0.0573233	0.126788	0.139103	-10604.6	4.0	78.5553	-55773.6	3.0	4.18562	1.0	1139.88	76.9864	391.948	55.7856	0.255869	0.0341378	1.19227	0.0133599	
1.6-2.4	6.5-30.0	10.0-60.0	1.178-1.571	0.008	0.152	2534.0	2533.0	1540.04	76.3461	992.933	63.7211	-0.526919	0.211514	-0.05	0.0	0.673268	0.0	3.091	0.0	0.0564348	0.0	0.0301022	0.0	0.03	0.0	1.492	0.04	1.733	0.07	0.0493999	0.0	2.89134e-05	0.000256279	0.252876	0.0400922	0.337019	0.0	0.00343684	0.0	0.00186014	0.00192573	1.60396	0.0	0.632597	0.0581109	0.802169	0.660972	0.306745	0.321744	2.46131e-08	0.46128	0.0258765	0.0259553	0.233336	0.0606021	0.0229798	0.00590753	-10815.3	4.0	161.226	-55010.0	3.0	10.2691	1.0	1104.27	77.5106	435.769	58.9726	0.28296	0.0356311	1.06412	0.0114516	
