noWeight
rap	pT	cent	dPhi	ctauErrMin	ctauErrMax	NoCutEntry	CutEntry	NSig	NSigErr	NBkg	NBkgErr	coefExp	coefExpErr	coefPol1	coefPol1Err	coeffGaus	coeffGausErr	meanSig1	meanSig1Err	sigmaSig1	sigmaSig1Err	sigmaSig2	sigmaSig2Err	sigmaSig3	sigmaSig3Err	alpha	alphaErr	enne	enneErr	enneW	enneWErr	sigWidth	sigWidthErr	Gmc	GmcErr	bTau	bTauErr	fracRes	fracResErr	meanResSigW	meanResSigWErr	meanResSigN	meanResSigNErr	sigmaResSigW	sigmaResSigWErr	sigmaResSigN	sigmaResSigNErr	fpm	fpmErr	fLiving	fLivingErr	fbkgCtTot	fbkgCtTotErr	lambdam	lambdamErr	lambdap	lambdapErr	lambdasym	lambdasymErr	NLL	nFitPar	EDM	NLLMass	nFitParMass	EDMMass	Prob	PROMPT	PROMPTErr	NON-PROMPT	NON-PROMPTErr	Bfraction	BfractionErr	Resolution	ResolutionErr	
0.0-0.4	6.5-30.0	0.0-100.0	0.000-1.571	0.008	0.105	4724.0	4718.0	4037.63	66.7038	680.388	33.0458	-1.19796	0.158864	-0.05	0.0	0.398035	0.0995129	3.09387	0.000356283	0.0149817	0.00110515	0.0230902	0.00133837	0.03	0.0	1.696	0.05	5.0	0.0	1.718	0.07	0.0202554	0.000617329	1.68647e-05	3.60603e-05	0.365886	0.012504	0.0412563	0.0187466	-0.00568417	0.00506639	0.0001829	0.000594248	1.9561	0.23217	0.982747	0.0170906	0.953889	0.0873494	0.929264	0.0359923	0.192979	0.0704476	0.0343422	0.0491483	0.363594	0.0244595	0.2959	0.146554	-11933.6	4.0	1.6841e-06	-43218.8	7.0	5.21869e-06	1.0	2807.73	59.2752	1229.9	42.1284	0.304609	0.0091402	1.04106	0.0175106	
0.0-1.2	6.5-30.0	0.0-100.0	0.000-1.571	0.008	0.145	16147.0	16140.0	13853.7	124.427	2286.12	62.5682	-1.18692	0.0889199	-0.05	0.0	0.437036	0.056725	3.09381	0.000253008	0.0191457	0.000829005	0.0324703	0.00119669	0.03	0.0	1.696	0.05	5.0	0.0	1.718	0.07	0.0274544	0.000548525	3.35891e-05	7.03403e-08	0.362844	0.00676937	0.0363835	0.00953099	-0.00179413	0.00321886	0.000212083	0.000318144	2.02745	0.140729	0.992979	0.00929045	0.980106	0.0329084	0.928743	0.0367029	0.251524	0.027336	0.0509997	0.0731637	0.412484	0.0154014	0.201594	0.0636276	-37801.4	4.0	1.36611e-05	-164404.0	7.0	1.83238e-05	1.0	9706.17	110.678	4147.52	77.7014	0.29938	0.00492215	1.04866	0.00963676	
0.0-2.4	10.0-13.0	0.0-100.0	0.000-1.571	0.008	0.145	7258.0	7253.0	6159.99	84.5555	1092.92	45.6153	-1.21991	0.128398	-0.05	0.0	0.429323	0.0518841	3.09371	0.000448133	0.0443456	0.00182993	0.0226792	0.00102508	0.03	0.0	1.696	0.05	5.0	0.0	1.718	0.07	0.0337313	0.000785623	5.4086e-05	1.12806e-09	0.383401	0.0104307	0.0847722	0.0318272	0.00318917	0.00280993	0.000764276	0.000476576	1.61951	0.135984	0.953353	0.0147936	0.821781	0.197993	0.976854	0.019735	0.117118	0.179331	0.0259416	0.011825	0.390215	0.0195271	0.167352	0.0985258	-15607.9	4.0	9.98071e-08	-66866.3	7.0	7.3743e-06	1.0	4248.79	73.74	1911.2	52.1963	0.31026	0.00732541	1.02673	0.0172798	
0.0-2.4	10.0-30.0	0.0-100.0	0.000-1.571	0.008	0.145	11767.0	11761.0	9829.4	107.316	1931.53	60.159	-1.23486	0.0964135	-0.05	0.0	0.441303	0.0434971	3.09388	0.000350942	0.0434411	0.00139566	0.0221611	0.000876825	0.03	0.0	1.696	0.05	5.0	0.0	1.718	0.07	0.0332743	0.0006296	1.34171e-05	1.68501e-09	0.371309	0.007438	0.061429	0.0187332	-0.00106161	0.00252365	0.000264267	0.000357273	1.76588	0.127349	0.978905	0.011855	0.95223	0.0801908	0.962232	0.0168908	0.230186	0.06234	0.0238101	0.0235004	0.412392	0.0157985	0.172153	0.0608398	-24177.0	4.0	5.77869e-07	-113801.0	7.0	8.43958e-06	1.0	6325.11	90.8304	3504.29	70.3213	0.356511	0.00600267	1.04448	0.0128346	
0.0-2.4	11.0-13.0	0.0-100.0	0.000-1.571	0.008	0.145	3961.0	3959.0	3363.6	63.0641	595.349	34.7661	-1.37049	0.178914	-0.05	0.0	0.317998	0.0664341	3.09398	0.000606322	0.0500771	0.0038696	0.0241577	0.00129422	0.03	0.0	1.696	0.05	5.0	0.0	1.718	0.07	0.0345754	0.00132039	1.95666e-05	9.68631e-08	0.391637	0.0137888	0.152755	0.0965681	0.00355134	0.00260494	7.79243e-05	0.000689665	1.43754	0.174684	0.966009	0.0223651	0.955201	0.0702799	0.984299	0.0198805	0.230892	0.0591608	0.0350061	0.0289285	0.38344	0.0251697	0.214017	0.212646	-8254.1	4.0	2.1105e-06	-34017.5	7.0	9.0528e-05	1.0	2241.76	53.9423	1121.85	39.8197	0.333526	0.0100521	1.05181	0.0329386	
0.0-2.4	13.0-16.0	0.0-100.0	0.000-1.571	0.008	0.081	2642.0	2639.0	2192.29	49.955	446.78	27.3852	-1.02257	0.20621	-0.05	0.0	0.505558	0.136595	3.09337	0.000762039	0.0210523	0.00283762	0.0439889	0.00546459	0.03	0.0	1.696	0.05	5.0	0.0	1.718	0.07	0.0343631	0.00231987	2.62966e-05	2.93314e-11	0.368863	0.0149432	0.0297848	0.0145497	-0.01	0.0133005	-0.000640104	0.00074919	2.21078	0.332015	1.01812	0.0257952	0.999777	0.909801	0.944478	0.0251605	0.256047	0.1318	0.00664834	1.37952	0.438786	0.029134	0.21633	0.0881868	-5228.75	4.0	6.20171e-05	-21556.0	7.0	0.000164998	1.0	1326.29	41.7067	865.995	34.8639	0.395019	0.0131104	1.07297	0.0203767	
0.0-2.4	13.0-30.0	0.0-100.0	0.000-1.571	0.008	0.081	4509.0	4505.0	3729.46	64.9037	775.499	35.4782	-1.14612	0.153027	-0.05	0.0	0.306407	0.0788949	3.09369	0.000566211	0.0175872	0.00227547	0.0380845	0.00211881	0.03	0.0	1.696	0.05	5.0	0.0	1.718	0.07	0.033178	0.00109807	1.00764e-05	1.42678e-08	0.361716	0.0106276	0.0330329	0.0174075	-0.00922003	0.0132591	-0.00019101	0.00054627	2.0516	0.269494	1.01455	0.0200052	1.0	0.282914	0.961735	0.000433617	0.279134	0.000635861	0.00101189	8.21598	0.438925	0.000665871	0.230929	0.0027035	-8631.06	4.0	1.76303e-05	-39084.4	7.0	3.17919e-06	1.0	2118.49	52.6202	1610.97	46.8576	0.431957	0.0100672	1.06506	0.018089	
0.0-2.4	16.0-30.0	0.0-100.0	0.000-1.571	0.008	0.056	1867.0	1861.0	1518.39	44.8836	342.648	28.958	-1.47471	0.235793	-0.05	0.0	0.23686	0.161069	3.09431	0.000931998	0.0471765	0.00885792	0.0264312	0.00273778	0.03	0.0	1.696	0.05	5.0	0.0	1.718	0.07	0.0325622	0.00174041	3.3375e-05	9.01575e-05	0.353904	0.0152522	0.109582	0.115936	-0.0012168	0.00405477	0.000334962	0.00084355	1.51989	0.290444	0.982624	0.0341639	1.0	0.358701	0.984148	0.000396408	0.297668	0.00091624	0.00114939	16.6109	0.43598	0.000948214	0.234163	0.00605259	-3414.87	4.0	8.88037e-06	-14431.8	7.0	7.00104e-05	1.0	791.133	33.3299	727.255	32.0333	0.478965	0.0156404	1.05493	0.0457269	
0.0-2.4	6.5-30.0	0.0-100.0	0.000-1.571	0.004	0.224	32646.0	32637.0	27746.2	179.438	4890.89	96.6486	-1.16832	0.0608086	-0.05	0.0	0.458587	0.0251918	3.09272	0.000229797	0.0459816	0.000795443	0.0246401	0.000550436	0.03	0.0	1.696	0.05	5.0	0.0	1.718	0.07	0.036032	0.000366	1.258e-05	6.33362e-07	0.36222	0.0050954	0.0395513	0.00542533	-0.00065644	0.00248699	0.000348834	0.000234418	2.1898	0.0895116	0.96481	0.00630094	0.988279	0.0157345	0.875533	0.0313363	0.269548	0.020789	0.274521	0.16216	0.421278	0.011622	0.101553	0.0290257	-69372.4	4.0	1.22382e-05	-348463.0	7.0	1.60334e-05	1.0	20115.5	161.868	7630.65	108.228	0.275017	0.00347154	1.04101	0.00686146	
0.0-2.4	6.5-7.5	0.0-100.0	0.000-1.571	0.008	0.168	6950.0	6946.0	6002.96	84.6756	943.347	45.903	-0.792932	0.138403	-0.05	0.0	0.4912	0.0668131	3.09072	0.000578929	0.0499467	0.00192897	0.0294876	0.00148736	0.03	0.0	1.696	0.05	5.0	0.0	1.718	0.07	0.0408386	0.000923143	1.46325e-05	1.04365	0.380121	0.0142711	0.0274931	0.00809829	0.00662081	0.0166341	0.000671788	0.000615128	2.51531	0.251785	0.977371	0.0129824	0.986619	0.0124309	0.655506	0.0986802	0.282384	0.100886	0.49929	0.517026	0.419009	0.0310543	0.0654648	0.0170082	-14833.0	4.0	5.7399e-07	-63022.8	7.0	6.98447e-05	1.0	4849.95	80.095	1153.02	44.7167	0.192074	0.00693892	1.05021	0.0145073	
0.0-2.4	6.5-8.0	0.0-100.0	0.000-1.571	0.008	0.168	10350.0	10344.0	8895.53	102.313	1448.33	54.9291	-0.911101	0.111056	-0.05	0.0	0.537493	0.0515258	3.09099	0.000461908	0.0483115	0.00134536	0.0273412	0.00129671	0.03	0.0	1.696	0.05	5.0	0.0	1.718	0.07	0.0400032	0.000702602	1.06819e-05	6.35669e-06	0.37967	0.0113598	0.0375559	0.00876698	-0.000429432	0.00619673	0.000873992	0.000490157	2.2911	0.169192	0.96463	0.0106339	0.999998	0.0545004	0.668448	0.0621616	0.316621	0.0552022	0.0660454	0.78122	0.437572	0.0263767	0.0976347	0.0155478	-22198.7	4.0	6.43908e-07	-98097.5	7.0	1.71279e-05	1.0	7100.62	96.2971	1794.91	55.0418	0.201776	0.00573587	1.04532	0.0123604	
0.0-2.4	6.5-8.5	0.0-100.0	0.000-1.571	0.008	0.168	13527.0	13520.0	11622.0	116.929	1898.03	62.7961	-1.00678	0.0974893	-0.05	0.0	0.508938	0.0453329	3.0912	0.000394084	0.0478931	0.00122423	0.0272286	0.00106797	0.03	0.0	1.696	0.05	5.0	0.0	1.718	0.07	0.0391337	0.000617054	2.38435e-05	5.23465e-06	0.368374	0.00953185	0.0366796	0.00717041	-0.00262645	0.00533113	0.00127611	0.000417446	2.32876	0.146774	0.962566	0.00935049	0.999987	1.73114	0.668801	0.0522372	0.289506	0.0457997	0.00869926	3.89236	0.441809	0.0227783	0.106941	0.0144134	-29192.9	4.0	4.647e-05	-131991.0	7.0	5.90324e-06	1.0	9214.96	109.733	2407.08	63.5009	0.207114	0.00505088	1.04473	0.0106184	
0.0-2.4	7.5-8.5	0.0-100.0	0.000-1.571	0.008	0.136	6577.0	6568.0	5612.61	81.537	955.488	44.6236	-1.22993	0.138531	-0.05	0.0	0.542887	0.0723472	3.09168	0.000534532	0.0453924	0.00158306	0.0246039	0.00192735	0.03	0.0	1.696	0.05	5.0	0.0	1.718	0.07	0.0373539	0.000923731	3.5227e-05	4.17602e-05	0.358214	0.0127791	0.0451238	0.0121541	-0.0072094	0.00561322	0.00178771	0.000567901	2.1991	0.182947	0.941871	0.0135362	0.984112	0.019334	0.603664	0.0884975	0.141713	0.0923449	0.407003	0.408823	0.456078	0.0343968	0.0787482	0.0155585	-14383.9	4.0	6.09828e-06	-59558.5	7.0	3.15449e-06	1.0	4362.1	75.5922	1250.51	45.0381	0.222804	0.00734268	1.03214	0.0157248	
0.0-2.4	8.0-10.0	0.0-100.0	0.000-1.571	0.008	0.136	10529.0	10523.0	9006.44	102.945	1516.65	55.7404	-1.32252	0.110878	-0.05	0.0	0.418177	0.0535506	3.09284	0.000393873	0.0447035	0.0015748	0.0253681	0.00101816	0.03	0.0	1.696	0.05	5.0	0.0	1.718	0.07	0.0347866	0.000705393	1.06093e-05	3.63822e-09	0.346333	0.00914214	0.0493876	0.0109542	0.000525422	0.00399226	0.00043078	0.000419479	2.11013	0.137345	0.940048	0.0106755	0.980406	0.0265616	0.848768	0.0515977	0.218784	0.0424223	0.323486	0.234752	0.44347	0.0218067	0.096789	0.0482005	-23399.7	4.0	3.27307e-07	-100782.0	7.0	0.000162347	1.0	6782.89	94.3048	2223.54	59.4012	0.246884	0.00596123	1.02954	0.0126455	
0.0-2.4	8.5-9.5	0.0-100.0	0.000-1.571	0.008	0.136	5262.0	5260.0	4512.5	72.5649	747.479	38.7217	-1.24685	0.156431	-0.05	0.0	0.402736	0.0725642	3.09342	0.000542726	0.043735	0.00229814	0.0251144	0.00123384	0.03	0.0	1.696	0.05	5.0	0.0	1.718	0.07	0.033868	0.000950433	1.61471e-05	3.66487e-06	0.359193	0.0132858	0.0510208	0.0152692	0.00361757	0.00549739	0.000759623	0.000584128	2.16101	0.191159	0.936041	0.0147854	0.989832	0.0177348	0.881431	0.0624719	0.217768	0.0674489	0.422579	0.549509	0.447696	0.0293425	0.070322	0.0573225	-11886.0	4.0	2.77723e-06	-46847.4	7.0	1.93021e-05	1.0	3402.6	66.4871	1109.9	41.7753	0.245962	0.00837021	1.03428	0.0184441	
0.0-2.4	9.5-11.0	0.0-100.0	0.000-1.571	0.008	0.128	5387.0	5383.0	4570.67	72.7781	812.292	39.222	-1.22641	0.148298	-0.05	0.0	0.514311	0.0669867	3.09314	0.000530902	0.0419463	0.00165083	0.0221335	0.00149221	0.03	0.0	1.696	0.05	5.0	0.0	1.718	0.07	0.0338063	0.000853986	4.61932e-05	1.75574e-06	0.357046	0.0120761	0.0946533	0.0370468	0.00139483	0.00321146	-0.000366726	0.000565718	1.57638	0.138864	0.921109	0.0160882	0.855967	0.0547967	0.920778	0.0375922	0.123462	0.0594852	0.0289066	0.0113362	0.419504	0.0255321	0.167412	0.0582949	-11876.1	4.0	9.97512e-07	-48042.2	7.0	1.67833e-06	1.0	3285.95	64.8779	1284.71	43.4745	0.281078	0.00839288	1.00167	0.0195139	
0.4-0.8	6.5-30.0	0.0-100.0	0.000-1.571	0.008	0.073	5039.0	5027.0	4304.76	69.3194	722.103	34.9632	-1.2794	0.156463	-0.05	0.0	0.463184	0.0915492	3.09423	0.000423569	0.0202297	0.00109605	0.0287383	0.00170088	0.03	0.0	1.696	0.05	5.0	0.0	1.718	0.07	0.0251576	0.000676247	3.62012e-05	2.19645e-10	0.351962	0.0112236	0.0440704	0.0189422	-0.00335026	0.0047604	-0.000458032	0.000576013	1.94023	0.224231	1.0029	0.0172954	0.938789	0.00688615	0.999998	1.5834	0.224485	0.0106987	0.123549	0.0129268	0.442825	0.0107884	0.140476	8.41281	-11834.7	4.0	8.67694e-05	-45613.5	7.0	1.43953e-05	1.0	2919.07	60.8595	1385.69	44.6347	0.321897	0.00898002	1.06178	0.0171426	
0.8-1.2	6.5-30.0	0.0-100.0	0.000-1.571	0.008	0.145	6384.0	6382.0	5415.63	79.1219	966.378	42.5544	-1.20239	0.136321	-0.05	0.0	0.575768	0.0805224	3.09373	0.00049896	0.0353229	0.00119349	0.0277652	0.00177381	0.03	0.0	1.696	0.05	5.0	0.0	1.718	0.07	0.0323332	0.000577415	2.63171e-05	3.12815e-11	0.371257	0.011637	0.0252228	0.0123352	0.00474538	0.0064379	0.000778795	0.000498524	2.22391	0.299687	0.998966	0.0143476	0.988423	2.0276	0.943008	0.143074	0.321104	1.45843	0.00163425	3.2965	0.420099	0.0249969	0.195985	0.0858402	-14360.9	4.0	3.5228e-05	-58180.1	7.0	1.47461e-06	1.0	3929.49	70.7922	1486.14	46.7665	0.274417	0.00764838	1.04762	0.0156166	
1.2-1.6	6.5-30.0	0.0-100.0	0.000-1.571	0.004	0.152	7013.0	7009.0	6068.36	85.5413	940.645	46.7849	-0.923215	0.144485	-0.05	0.0	0.543093	0.0892898	3.08951	0.000578691	0.0342272	0.00139676	0.0474954	0.00305758	0.03	0.0	1.696	0.05	5.0	0.0	1.718	0.07	0.040828	0.00105492	3.02336e-05	2.07313e-10	0.367216	0.0112611	0.0605824	0.0181432	-0.00143211	0.00425656	0.00123733	0.000510044	1.97565	0.161837	0.951654	0.0134155	0.999998	2.26332	0.782445	0.0451114	0.294475	0.0263213	0.160503	4.51085	0.469188	0.0248641	0.102983	0.0170993	-14743.4	4.0	3.53998e-06	-63705.7	7.0	8.62359e-05	1.0	4453.16	76.9189	1615.2	49.9448	0.266168	0.0073254	1.04271	0.0170111	
1.6-2.0	6.5-30.0	0.0-100.0	0.000-1.571	0.004	0.145	6919.0	6914.0	5838.14	85.3808	1075.68	50.2614	-1.28637	0.136292	-0.05	0.0	0.717982	0.0924788	3.0901	0.000681992	0.0494972	0.00136437	0.0363504	0.00388949	0.03	0.0	1.696	0.05	5.0	0.0	1.718	0.07	0.0461701	0.00088407	1.47067e-05	3.70281e-07	0.355467	0.0118909	0.0692177	0.0151298	0.00589367	0.00445577	0.000544572	0.000554752	2.03396	0.13573	0.911536	0.0131023	0.991407	0.018985	0.795834	0.0669364	0.291783	0.0550652	0.340094	0.461144	0.428503	0.0266357	0.0892345	0.0299292	-13519.5	4.0	4.12867e-06	-61889.9	7.0	2.43535e-05	1.0	4423.9	78.1792	1414.24	48.5172	0.242241	0.00751743	1.02944	0.0162129	
1.6-2.4	3.0-30.0	0.0-100.0	0.000-1.571	0.004	0.24	24857.0	24831.0	20903.2	167.531	3927.79	105.307	-0.765077	0.070473	-0.05	0.0	0.343703	0.0734755	3.08915	0.000386747	0.0638224	0.00290169	0.0427063	0.00127283	0.03	0.0	2.059	0.08	5.0	0.0	1.41	0.1	0.0509605	0.00108165	1.74679e-05	5.09545e-05	0.365616	0.00818481	0.0595191	0.00808293	0.00568574	0.00364107	-2.07255e-05	0.000370784	2.03068	0.0819978	0.92655	0.00672932	0.990255	0.00744706	0.701916	0.0516493	0.344313	0.0469798	0.977037	1.23121	0.441248	0.0169208	0.0839112	0.0152142	-45275.8	4.0	1.17469e-07	-252010.0	7.0	1.31126e-05	1.0	17216.3	159.984	3686.89	86.1923	0.176379	0.00387352	1.02608	0.00853448	
1.6-2.4	3.0-4.5	0.0-100.0	0.000-1.571	0.024	0.24	6150.0	6137.0	5101.92	90.5657	1035.14	64.2896	-0.0729356	0.141685	-0.05	0.0	0.267782	0.138725	3.08866	0.00083659	0.0754976	0.0113894	0.0442156	0.0030482	0.03	0.0	2.04	0.08	5.0	0.0	1.31	0.1	0.0543859	0.00230312	3.3213e-05	6.84293e-05	0.404064	0.0243196	0.152039	0.0491521	0.00785331	0.0161368	-0.00120756	0.00112476	1.5157	0.113301	0.938947	0.0146126	0.975992	0.991634	0.881778	0.0702308	0.684783	0.147602	0.00103563	1.1093	0.447613	0.065596	1.47946	1.2416	-10275.4	4.0	1.2059e-06	-53284.8	7.0	1.08832e-05	1.0	4517.88	88.0304	584.046	37.7506	0.114476	0.00711477	1.04731	0.0214975	
1.6-2.4	3.0-5.5	0.0-100.0	0.000-1.571	0.024	0.24	11000.0	10979.0	9161.45	134.424	1817.51	103.401	-0.344224	0.114125	-0.05	0.0	0.300672	0.165959	3.08818	0.000605352	0.0678715	0.00953995	0.043585	0.00263854	0.03	0.0	2.04	0.08	5.0	0.0	1.31	0.1	0.0520916	0.00202182	1.33231e-05	0.0273667	0.383074	0.0164996	0.111931	0.0259431	0.00756512	0.0053187	-0.000890239	0.000754313	1.63454	0.0936064	0.945227	0.0104562	0.995243	1.00751	0.924375	0.0299752	0.628033	0.0766519	0.00120304	1.44093	0.436362	0.0449746	1.1927	1.09527	-19118.3	4.0	2.6219e-05	-102045.0	7.0	3.80318e-05	1.0	8048.61	128.089	1112.83	52.2185	0.121469	0.00541399	1.04523	0.0143702	
1.6-2.4	3.0-6.5	0.0-100.0	0.000-1.571	0.016	0.24	15371.0	15347.0	12910.7	134.962	2436.7	87.9795	-0.476898	0.0913531	-0.05	0.0	0.337464	0.0895683	3.08881	0.000507768	0.0665896	0.00403425	0.0431834	0.00170437	0.03	0.0	2.04	0.08	5.0	0.0	1.31	0.1	0.0522673	0.00147694	1.16039e-05	1.83434e-07	0.388555	0.0133961	0.0726873	0.0143009	0.00892288	0.0115422	-2.50931e-05	0.000574516	1.85882	0.0987596	0.948037	0.00850667	0.86485	0.0920988	0.965356	0.0186858	0.5472	0.0626075	0.0854239	0.0509393	0.439329	0.0315707	1.76974	3.34456	-27445.2	4.0	3.16986e-07	-148008.0	7.0	7.65729e-05	1.0	11235.3	131.508	1675.44	61.7029	0.129771	0.00458262	1.04144	0.0114435	
1.6-2.4	4.5-5.5	0.0-100.0	0.000-1.571	0.024	0.192	4850.0	4840.0	4070.52	75.5132	769.315	49.0027	-0.728082	0.16532	-0.05	0.0	0.357628	0.182984	3.08754	0.000882971	0.0602777	0.00570874	0.043048	0.00296274	0.03	0.0	2.04	0.08	5.0	0.0	1.31	0.1	0.0498979	0.00148143	3.14986e-05	0.0195276	0.359302	0.0220051	0.086383	0.0293212	0.00796526	0.0109084	-0.000699029	0.00102243	1.73086	0.153055	0.938837	0.0152659	1.0	0.622102	0.855019	0.388552	0.501748	0.234765	0.420304	13.0894	0.44628	0.0567401	0.145717	0.216594	-8882.3	4.0	4.17989e-05	-41224.8	7.0	8.50879e-05	1.0	3538.13	73.7809	532.397	35.1143	0.130793	0.00827822	1.03154	0.0197256	
1.6-2.4	5.5-6.5	0.0-100.0	0.000-1.571	0.024	0.16	4371.0	4364.0	3750.44	70.7176	613.584	43.1733	-0.881294	0.182203	-0.05	0.0	0.418133	0.15671	3.09039	0.000936104	0.0644724	0.00537168	0.0423442	0.00327843	0.03	0.0	2.04	0.08	5.0	0.0	1.31	0.1	0.0527386	0.00157205	1.13031e-05	0.0014207	0.400064	0.0225558	0.121122	0.047319	0.00235778	0.00610226	0.000764806	0.000955973	1.59491	0.144361	0.9045	0.0166328	0.868094	0.137659	0.753837	0.208171	0.349294	0.0897297	0.0947722	0.0444113	0.477239	0.0511244	0.072334	0.0349132	-8317.88	4.0	6.72944e-05	-36769.5	7.0	2.1477e-06	1.0	3183.46	67.8208	566.981	33.328	0.151177	0.00841682	1.01347	0.0252497	
1.6-2.4	6.5-30.0	0.0-100.0	0.000-1.571	0.008	0.188	9486.0	9483.0	8011.37	101.087	1471.48	60.6553	-1.20893	0.118142	-0.05	0.0	0.62397	0.0827406	3.09002	0.00061188	0.0528269	0.00147638	0.0390901	0.00259969	0.03	0.0	1.696	0.05	5.0	0.0	1.718	0.07	0.0481237	0.000841331	3.35396e-05	3.48851e-05	0.360756	0.0105342	0.0507427	0.00938907	0.00405901	0.004801	0.000220704	0.000486819	2.22561	0.1344	0.918867	0.011275	0.932362	0.0847738	0.894156	0.119144	0.29002	0.0432069	0.0613919	0.0397032	0.407251	0.0241532	0.134693	0.0568839	-17975.6	4.0	7.95489e-05	-87507.1	7.0	2.4409e-05	1.0	6102.34	92.863	1909.03	57.2266	0.23829	0.00647954	1.02607	0.0128853	
2.0-2.4	6.5-30.0	0.0-100.0	0.000-1.571	0.008	0.144	2567.0	2563.0	2166.37	54.0826	396.545	33.9809	-1.05739	0.233776	-0.05	0.0	0.46869	0.169145	3.08956	0.00133731	0.062264	0.00462345	0.0456145	0.00368316	0.03	0.0	1.696	0.05	5.0	0.0	1.718	0.07	0.0540602	0.00149628	1.00319e-05	1.2166e-09	0.375983	0.0223071	0.0492998	0.0201944	-0.00605931	0.0114916	-0.00144811	0.00104475	1.99796	0.247395	0.904158	0.0228298	0.999983	0.68501	0.877329	0.0682645	0.260059	0.0614534	0.101339	0.785146	0.381799	0.0338124	0.116545	0.0489193	-4488.57	4.0	1.02985e-05	-20049.2	7.0	3.81731e-06	1.0	1670.05	50.0572	496.322	30.3482	0.229103	0.012788	0.986913	0.0226925	
