MLAR
rap	pT	cent	dPhi	ctauErrMin	ctauErrMax	NoCutEntry	CutEntry	NSig	NSigErr	NBkg	NBkgErr	coefExp	coefExpErr	coefPol1	coefPol1Err	coeffGaus	coeffGausErr	meanSig1	meanSig1Err	sigmaSig1	sigmaSig1Err	sigmaSig2	sigmaSig2Err	sigmaSig3	sigmaSig3Err	alpha	alphaErr	enne	enneErr	enneW	enneWErr	sigWidth	sigWidthErr	cutx	cutxErr	Gmc	GmcErr	bTau1	bTau1Err	bTau2	bTau2Err	fracRes	fracResErr	meanResSigW	meanResSigWErr	meanResSigN	meanResSigNErr	sigmaResSigW	sigmaResSigWErr	sigmaResSigN	sigmaResSigNErr	fpm	fpmErr	fLiving	fLivingErr	fbkgCtTot	fbkgCtTotErr	lambdam	lambdamErr	lambdap	lambdapErr	lambdasym	lambdasymErr	NLL	nFitPar	EDM	NLLMass	nFitParMass	EDMMass	Prob	PROMPT	PROMPTErr	NON-PROMPT	NON-PROMPTErr	Bfraction	BfractionErr	Resolution	ResolutionErr	
0.0-0.4	6.5-30.0	0.0-100.0	0.000-1.571	0.008	0.064	5368.0	5365.0	3535.67	208.338	1829.4	169.358	-0.193664	0.265535	-0.05	0.0	0.572735	0.221765	3.09292	0.00129246	0.0190578	0.00698198	0.0187904	0.0109394	0.03	0.0	1.492	0.04	5.0	0.0	1.733	0.07	0.018944	0.00306908	0.0	0.0	0.0	0.0	0.0	0.0	0.0	0.0	0.650386	0.167133	-0.000266231	0.00113589	0.000948772	0.0015193	1.30969	0.063225	0.686925	0.0300014	0.679468	0.904969	0.562627	0.587552	0.253057	0.526829	0.0331355	0.120624	0.379984	0.209728	0.071737	0.0312935	7227.31	3.0	7649.62	-237743.0	7.0	140772.0	1.0	2135.05	153.973	1400.62	121.209	0.39614	0.025107	1.13162	0.0518096	
0.0-1.2	6.5-30.0	0.0-10.0	0.000-1.571	0.008	0.088	7334.0	7331.0	3901.0	138.51	3430.53	135.974	0.0163792	0.135389	-0.05	0.0	0.523027	0.0	3.09236	0.0	0.0194545	0.0	0.0369645	0.00246149	0.03	0.0	1.492	0.04	5.0	0.0	1.733	0.07	0.0291492	0.000744422	0.0	0.0	0.0	0.0	0.0	0.0	0.0	0.0	0.236177	0.0	5.83622e-05	0.0	0.00177791	0.00116587	1.60413	0.0	0.930069	0.0324707	0.744687	2.00621	0.528004	1.57752	0.516351	0.28205	0.0440311	0.0848095	0.262077	0.147841	0.106494	0.139471	-16368.8	3.0	2218.05	-234239.0	4.0	101.637	1.0	2551.2	122.483	1349.8	95.3604	0.346014	0.0211335	1.12626	0.0102407	
0.0-1.2	6.5-30.0	0.0-100.0	0.000-1.571	0.008	0.105	20204.0	20200.0	12646.8	352.316	7553.94	309.705	0.0208013	0.16694	-0.05	0.0	0.523027	0.424735	3.09236	0.000802309	0.0194545	0.00447991	0.0360854	0.0152797	0.03	0.0	1.492	0.04	5.0	0.0	1.733	0.07	0.028619	0.00466319	0.0	0.0	0.0	0.0	0.0	0.0	0.0	0.0	0.236177	0.079527	5.83622e-05	0.00144617	0.000214883	0.00057041	1.60413	0.0920545	0.868848	0.0171789	0.607088	0.207873	0.933634	0.0857356	0.465937	0.175289	0.0588011	0.0360479	0.224948	0.0380606	1.23013	5.83627	37238.7	3.0	18581.4	-922403.0	7.0	1232330.0	1.0	8170.35	278.394	4476.42	203.096	0.353957	0.0126753	1.08828	0.0372519	
0.0-1.2	6.5-30.0	10.0-20.0	0.000-1.571	0.008	0.088	4975.0	4974.0	3071.02	147.837	1902.89	112.218	0.125863	0.239449	-0.05	0.0	0.523027	0.0	3.09236	0.0	0.0194545	0.0	0.036023	0.00219212	0.03	0.0	1.492	0.04	5.0	0.0	1.733	0.07	0.0285815	0.000658907	0.0	0.0	0.0	0.0	0.0	0.0	0.0	0.0	0.236177	0.0	5.83622e-05	0.0	-0.000132464	0.00112038	1.60413	0.0	0.867252	0.0328305	0.463076	3.53385	0.844527	0.75559	0.333945	3.89219	0.0363785	0.203919	0.281163	0.249901	0.574749	1.66868	25391.6	3.0	10329.9	-246855.0	4.0	1295.87	1.0	1800.89	128.945	1270.13	113.355	0.413584	0.0310814	1.0873	0.0100008	
0.0-1.2	6.5-30.0	20.0-30.0	0.000-1.571	0.008	0.105	3478.0	3475.0	2282.95	110.957	1192.72	85.9475	0.293626	0.409522	-0.05	0.0	0.523027	0.0	3.09236	0.0	0.0194545	0.0	0.0364627	0.00454515	0.03	0.0	1.492	0.04	5.0	0.0	1.733	0.07	0.0288462	0.00137016	0.0	0.0	0.0	0.0	0.0	0.0	0.0	0.0	0.236177	0.0	5.83622e-05	0.0	0.000546432	0.00131129	1.60413	0.0	0.828331	0.0364648	0.551628	0.147142	0.999988	35.4794	0.409463	0.221521	0.0457225	0.00980773	0.21327	0.0581867	0.0368002	251.519	51271.9	3.0	9573.16	-172760.0	4.0	687140.0	1.0	1462.16	100.409	820.793	81.3829	0.359532	0.0310717	1.06387	0.0108431	
0.0-1.2	6.5-30.0	30.0-40.0	0.000-1.571	0.008	0.064	2015.0	2013.0	1454.88	80.2418	558.844	51.9233	-0.440451	0.296512	-0.05	0.0	0.523027	0.0	3.09236	0.0	0.0194545	0.0	0.0382092	0.00247726	0.03	0.0	1.492	0.04	5.0	0.0	1.733	0.07	0.029905	0.000754849	0.0	0.0	0.0	0.0	0.0	0.0	0.0	0.0	0.236177	0.0	5.83622e-05	0.0	-0.00111401	0.00161849	1.60413	0.0	0.833775	0.0458245	0.565111	0.0268461	0.999999	29.2242	0.4194	0.0266327	0.0675211	0.00598475	0.193183	0.0128229	0.0693398	239.633	-10720.4	3.0	1445.02	-57146.2	4.0	194.912	1.0	1012.75	75.8483	442.131	56.8121	0.303894	0.0352693	1.06711	0.0136741	
0.0-1.2	6.5-30.0	40.0-50.0	0.000-1.571	0.016	0.048	1242.0	1226.0	943.119	59.5788	283.441	40.9466	-0.310032	0.533714	-0.05	0.0	0.523027	0.0	3.09236	0.0	0.0194545	0.0	0.0363095	0.00457888	0.03	0.0	1.492	0.04	5.0	0.0	1.733	0.07	0.0287539	0.00137895	0.0	0.0	0.0	0.0	0.0	0.0	0.0	0.0	0.236177	0.0	5.83622e-05	0.0	-0.00305694	0.00212028	1.60413	0.0	0.88912	0.0688811	0.707231	19.2208	1.0	0.0030688	0.25286	20.7899	0.00832508	0.37536	0.86204	6.14975	1.86656	23.1217	-3235.9	3.0	460.044	-30703.3	4.0	153.961	1.0	629.008	52.4167	314.111	39.5262	0.333055	0.0362462	1.10071	0.0212495	
0.0-1.2	6.5-30.0	50.0-100.0	0.000-1.571	0.008	0.056	1157.0	1155.0	992.185	61.672	163.326	37.5119	-0.958909	0.782304	-0.05	0.0	0.523027	0.0	3.09236	0.0	0.0194545	0.0	0.0322959	0.00253887	0.03	0.0	1.492	0.04	5.0	0.0	1.733	0.07	0.0263714	0.000741514	0.0	0.0	0.0	0.0	0.0	0.0	0.0	0.0	0.236177	0.0	5.83622e-05	0.0	0.00126694	0.00148547	1.60413	0.0	0.755744	0.0566438	0.514884	0.241284	0.999999	120.154	3.49099e-07	0.228689	0.0152734	0.00809141	0.2212	0.0509182	0.021812	690.257	-3552.87	3.0	990.709	-31247.1	4.0	1514.33	1.0	684.496	56.9983	307.689	42.4777	0.310113	0.0382274	1.02176	0.0160007	
0.0-2.4	10.0-13.0	0.0-100.0	0.000-1.571	0.008	0.136	6530.0	6528.0	4751.25	396.418	1777.54	300.792	-0.714611	0.355574	-0.05	0.0	0.487138	0.540152	3.0919	0.00286094	0.0421767	0.00910277	0.0218233	0.0113378	0.03	0.0	1.492	0.04	5.0	0.0	1.733	0.07	0.0333288	0.00339061	0.0	0.0	0.0	0.0	0.0	0.0	0.0	0.0	0.294117	0.0867943	0.000270012	0.00176522	-0.000439019	0.000775266	1.60695	0.0922641	0.766637	0.022983	0.8704	0.300648	0.528695	0.23277	1.95432e-06	8.24477	0.0838929	0.0911393	0.28412	0.0603073	0.0264162	0.0172482	24000.6	3.0	10095.1	-214137.0	7.0	15355.8	1.0	3065.58	271.404	1685.67	167.39	0.354784	0.0191042	1.08368	0.0450854	
0.0-2.4	10.0-30.0	0.0-100.0	0.000-1.571	0.004	0.144	10143.0	10141.0	7437.93	350.426	2703.63	267.105	-0.74222	0.211843	-0.05	0.0	0.481697	0.289066	3.09296	0.00157721	0.0435219	0.00621581	0.0214885	0.00607688	0.03	0.0	1.492	0.04	5.0	0.0	1.733	0.07	0.0339372	0.00216339	0.0	0.0	0.0	0.0	0.0	0.0	0.0	0.0	0.236071	0.0672041	0.00122446	0.0014114	-0.000322748	0.000552031	1.62051	0.0854295	0.833048	0.0179332	0.910478	0.469024	0.727076	0.813985	0.283254	0.483606	0.0788182	0.137056	0.301287	0.0723163	0.0381221	0.0729893	21702.8	3.0	10590.2	-306560.0	7.0	278580.0	1.0	4685.13	243.303	2752.8	165.209	0.370103	0.0137593	1.07242	0.0343029	
0.0-2.4	11.0-13.0	0.0-100.0	0.000-1.571	0.008	0.105	3501.0	3500.0	2640.39	252.324	860.202	192.154	-0.905702	0.372968	-0.05	0.0	0.48152	0.589485	3.09168	0.00335207	0.0445112	0.0190637	0.02096	0.0121877	0.03	0.0	1.492	0.04	5.0	0.0	1.733	0.07	0.0343772	0.00624722	0.0	0.0	0.0	0.0	0.0	0.0	0.0	0.0	0.127384	0.054916	-0.0011181	0.00400296	0.000406911	0.000976918	1.9166	0.182182	0.862817	0.029858	0.813986	0.726233	0.588062	0.392378	1.84314e-05	10.7976	0.0724625	0.148905	0.29456	0.090672	0.0200019	0.194959	30170.7	3.0	9125.35	-145497.0	7.0	2532270.0	1.0	1553.47	168.314	1086.92	130.689	0.411652	0.0300386	1.05714	0.0447489	
0.0-2.4	13.0-16.0	0.0-100.0	0.000-1.571	0.008	0.08	2178.0	2173.0	1664.81	112.762	508.571	84.9639	-0.597642	0.336674	-0.05	0.0	0.600607	0.379708	3.09473	0.00226261	0.0454096	0.0113429	0.0172956	0.0103302	0.03	0.0	1.492	0.04	5.0	0.0	1.733	0.07	0.0368503	0.00430774	0.0	0.0	0.0	0.0	0.0	0.0	0.0	0.0	0.190435	0.151414	0.000860929	0.00325109	0.00280435	0.00119903	1.61744	0.225591	0.919941	0.0383324	0.957122	2.67784	0.687587	3.23514	0.135138	0.603396	0.0479337	0.143471	0.23598	0.262856	0.0388544	0.108024	4605.81	3.0	327.578	-46684.1	7.0	235709.0	1.0	1163.17	85.5441	501.638	47.5947	0.301319	0.0200196	1.08781	0.0706053	
0.0-2.4	13.0-30.0	0.0-100.0	0.000-1.571	0.008	0.105	3612.0	3612.0	2692.66	107.648	920.089	82.842	-0.811038	0.213995	-0.05	0.0	0.473241	0.22421	3.09491	0.00128401	0.0463583	0.00786237	0.0207826	0.00428043	0.03	0.0	1.492	0.04	5.0	0.0	1.733	0.07	0.0352782	0.00253331	0.0	0.0	0.0	0.0	0.0	0.0	0.0	0.0	0.132772	0.0920488	0.00351245	0.00313808	0.00142922	0.000783352	1.67468	0.204192	0.948716	0.0291858	0.910377	0.928683	0.851517	1.54034	0.34548	0.365607	0.042695	0.0343165	0.329477	0.131763	0.0402956	0.0326114	851.209	3.0	244.939	-73245.5	7.0	246026.0	1.0	1786.88	82.6032	905.783	55.0581	0.336389	0.0154027	1.07374	0.0473073	
0.0-2.4	16.0-30.0	0.0-100.0	0.000-1.571	0.008	0.064	1434.0	1432.0	1028.93	50.5413	403.36	40.4118	-0.999164	0.344619	-0.05	0.0	0.280417	0.42829	3.09387	0.00185201	0.019867	0.00804557	0.0359662	0.0106169	0.03	0.0	1.492	0.04	5.0	0.0	1.733	0.07	0.0322724	0.00431335	0.0	0.0	0.0	0.0	0.0	0.0	0.0	0.0	0.0950778	0.106211	0.00728087	0.00535444	0.00123062	0.00107341	1.70142	0.346312	0.958799	0.047713	0.562435	7.99405	0.973445	0.444146	0.111767	13.6386	0.0074105	0.0286747	0.432855	0.15449	0.0549895	0.0784828	-2264.0	3.0	96.1006	-20864.1	7.0	115.802	1.0	639.717	40.0869	389.21	31.3855	0.378268	0.0241909	1.0522	0.0598418	
0.0-2.4	6.5-30.0	0.0-10.0	0.000-1.571	0.008	0.184	18323.0	18323.0	8531.22	202.642	9793.49	217.945	-0.149204	0.0713768	-0.05	0.0	0.415856	0.0	3.0925	0.0	0.0491038	0.0	0.0247243	0.00117574	0.03	0.0	1.492	0.04	5.0	0.0	1.733	0.07	0.0368753	0.000230244	0.0	0.0	0.0	0.0	0.0	0.0	0.0	0.0	0.197932	0.0	0.00209112	0.0	0.00372489	0.000770411	1.70729	0.0	0.977797	0.0190058	0.214391	246.609	0.728443	177.151	0.000218697	2632.36	0.00408637	5.03239	0.354048	10.0736	0.100898	23.1231	-22163.4	3.0	2155.81	-581351.0	4.0	360.385	1.0	6061.23	179.989	2469.99	122.923	0.289524	0.0126615	1.15922	0.00642909	
0.0-2.4	6.5-30.0	0.0-100.0	0.000-1.571	0.004	0.184	47830.0	47830.0	26912.2	551.284	20918.5	530.828	-0.191309	0.0568223	-0.05	0.0	0.415856	0.131677	3.0925	0.000515874	0.0491038	0.00615506	0.0243005	0.00214782	0.03	0.0	1.492	0.04	5.0	0.0	1.733	0.07	0.0367103	0.00176152	0.0	0.0	0.0	0.0	0.0	0.0	0.0	0.0	0.197932	0.0374389	0.00209112	0.00129423	0.00204863	0.000391701	1.70729	0.0620358	0.919165	0.0104469	0.604006	0.238548	0.924133	0.0944708	0.534688	0.171146	0.0579142	0.0385106	0.24491	0.0489502	0.625065	1.46201	-2790.97	3.0	18518.4	-1772420.0	7.0	7224.39	1.0	18898.0	436.094	8014.2	259.363	0.297791	0.0074611	1.12008	0.0199647	
0.0-2.4	6.5-30.0	0.0-5.0	0.000-1.571	0.008	0.184	9982.0	9982.0	4605.54	150.93	5377.68	158.852	-0.039498	0.0962214	-0.05	0.0	0.415856	0.0	3.0925	0.0	0.0491038	0.0	0.0239179	0.00166636	0.03	0.0	1.492	0.04	5.0	0.0	1.733	0.07	0.0365633	0.000318373	0.0	0.0	0.0	0.0	0.0	0.0	0.0	0.0	0.197932	0.0	0.00209112	0.0	0.00431645	0.00107641	1.70729	0.0	1.03518	0.0266378	0.661611	0.939946	0.836924	0.72626	0.640418	0.421676	0.0612052	0.200107	0.231463	0.107232	0.278273	0.806538	-12021.8	3.0	2114.9	-291697.0	4.0	30.7945	1.0	3255.22	137.759	1350.32	97.7526	0.293195	0.0189256	1.19851	0.00922683	
0.0-2.4	6.5-30.0	10.0-15.0	0.000-1.571	0.008	0.152	6331.0	6330.0	3284.69	115.49	3045.0	112.756	-0.126731	0.129416	-0.05	0.0	0.415856	0.0	3.0925	0.0	0.0491038	0.0	0.0237456	0.00120818	0.03	0.0	1.492	0.04	5.0	0.0	1.733	0.07	0.0364976	0.000229582	0.0	0.0	0.0	0.0	0.0	0.0	0.0	0.0	0.197932	0.0	0.00209112	0.0	0.00422935	0.00118171	1.70729	0.0	0.917975	0.0281859	0.403132	0.0877692	0.844101	0.140718	0.347452	0.145207	0.0293786	0.00966703	0.17413	0.0403239	0.176131	0.102728	-13902.5	3.0	1334.75	-158039.0	4.0	218.292	1.0	2224.04	105.826	1060.65	80.4672	0.322907	0.0217079	1.1193	0.00927042	
0.0-2.4	6.5-30.0	10.0-20.0	0.000-1.571	0.008	0.16	11656.0	11654.0	6356.43	186.398	5297.01	161.758	-0.133315	0.105238	-0.05	0.0	0.415856	0.0	3.0925	0.0	0.0491038	0.0	0.0235375	0.000564745	0.03	0.0	1.492	0.04	5.0	0.0	1.733	0.07	0.0364188	0.000106605	0.0	0.0	0.0	0.0	0.0	0.0	0.0	0.0	0.197932	0.0	0.00209112	0.0	0.00209252	0.000842365	1.70729	0.0	0.92941	0.0216203	0.476782	2.07054	0.854307	0.453346	0.419592	1.93779	0.0350464	0.117934	0.201093	0.170244	0.419229	0.974888	16095.4	3.0	10981.4	-409972.0	4.0	13735.9	1.0	4206.19	171.606	2150.24	134.948	0.338277	0.0187701	1.12684	0.00715133	
0.0-2.4	6.5-30.0	15.0-20.0	0.000-1.571	0.008	0.16	5324.0	5324.0	3068.0	713.368	2255.98	573.534	-0.14172	1.89277	-0.05	0.0	0.415856	0.0	3.0925	0.0	0.0491038	0.0	0.0232236	0.00226484	0.03	0.0	1.492	0.04	5.0	0.0	1.733	0.07	0.0363009	0.000423194	0.0	0.0	0.0	0.0	0.0	0.0	0.0	0.0	0.197932	0.0	0.00209112	0.0	-0.00150615	0.00119748	1.70729	0.0	0.944632	0.0326341	0.717557	0.933801	0.771815	0.472205	0.547305	0.519938	0.0542343	0.132081	0.244686	0.30325	0.586708	2.01254	26497.4	3.0	9895.5	-220582.0	4.0	6952040000.0	1.0	1979.11	468.424	1088.89	267.881	0.35492	0.0285194	1.13695	0.0108737	
0.0-2.4	6.5-30.0	20.0-25.0	0.000-1.571	0.008	0.145	4285.0	4285.0	2572.33	101.511	1712.9	85.1584	-0.204387	0.16985	-0.05	0.0	0.415856	0.0	3.0925	0.0	0.0491038	0.0	0.0231556	0.00174259	0.03	0.0	1.492	0.04	5.0	0.0	1.733	0.07	0.0362755	0.000324884	0.0	0.0	0.0	0.0	0.0	0.0	0.0	0.0	0.197932	0.0	0.00209112	0.0	0.00217233	0.00107868	1.70729	0.0	0.838352	0.0270661	0.457047	0.117752	0.913931	0.158679	0.379478	0.25783	0.0395881	0.0150489	0.177712	0.0473354	0.788635	2.69875	-9916.23	3.0	1680.53	-107850.0	4.0	87.2497	1.0	1845.51	95.9195	726.827	68.6971	0.282556	0.024267	1.06802	0.00852029	
0.0-2.4	6.5-30.0	20.0-30.0	0.000-1.571	0.008	0.152	7916.0	7916.0	4860.39	147.596	3055.74	120.883	-0.084629	0.163211	-0.05	0.0	0.415856	0.0	3.0925	0.0	0.0491038	0.0	0.0235522	0.0010221	0.03	0.0	1.492	0.04	5.0	0.0	1.733	0.07	0.0364244	0.00019303	0.0	0.0	0.0	0.0	0.0	0.0	0.0	0.0	0.197932	0.0	0.00209112	0.0	0.0019907	0.000845246	1.70729	0.0	0.845553	0.0223688	0.48693	1.12291	0.947369	0.279072	0.410955	1.32126	0.038492	0.0733945	0.177778	0.0774365	0.708132	5.77537	36918.2	3.0	6784.79	-288374.0	4.0	1263.32	1.0	3391.35	132.189	1469.05	94.1174	0.302248	0.0170507	1.07256	0.00707201	
0.0-2.4	6.5-30.0	25.0-30.0	0.000-1.571	0.008	0.136	3630.0	3627.0	2286.32	108.089	1340.66	84.9656	0.069862	0.302944	-0.05	0.0	0.415856	0.0	3.0925	0.0	0.0491038	0.0	0.0240307	0.000824437	0.03	0.0	1.492	0.04	5.0	0.0	1.733	0.07	0.0366065	0.000158072	0.0	0.0	0.0	0.0	0.0	0.0	0.0	0.0	0.197932	0.0	0.00209112	0.0	0.00056955	0.00137581	1.70729	0.0	0.860864	0.0369225	0.657789	3.14386	0.986344	2.06334	0.56506	2.26716	0.0462212	0.55407	0.17665	0.123003	0.137416	2.17642	54812.0	3.0	11443.8	-156298.0	4.0	31865.6	1.0	1485.4	113.265	800.923	96.599	0.35031	0.0388697	1.08229	0.0117778	
0.0-2.4	6.5-30.0	30.0-35.0	0.000-1.571	0.008	0.128	2742.0	2739.0	1679.59	75.4649	1060.16	65.1495	-0.405613	0.203251	-0.05	0.0	0.415856	0.0	3.0925	0.0	0.0491038	0.0	0.0247727	0.00190095	0.03	0.0	1.492	0.04	5.0	0.0	1.733	0.07	0.0368943	0.000372799	0.0	0.0	0.0	0.0	0.0	0.0	0.0	0.0	0.197932	0.0	0.00209112	0.0	0.00179517	0.00148313	1.70729	0.0	0.888476	0.0395898	0.630367	0.503662	0.852155	3.33945	0.456896	1.64546	0.0566139	0.0407071	0.313813	0.226497	0.0424747	0.196095	-7801.81	3.0	120.849	-56947.4	4.0	25.0213	1.0	1274.1	68.8406	405.493	42.3541	0.241424	0.0227646	1.10004	0.0128234	
0.0-2.4	6.5-30.0	30.0-40.0	0.000-1.571	0.008	0.128	4721.0	4718.0	3084.53	106.897	1634.15	83.5806	-0.39299	0.164642	-0.05	0.0	0.415856	0.0	3.0925	0.0	0.0491038	0.0	0.0241298	0.000981686	0.03	0.0	1.492	0.04	5.0	0.0	1.733	0.07	0.0366445	0.000188802	0.0	0.0	0.0	0.0	0.0	0.0	0.0	0.0	0.197932	0.0	0.00209112	0.0	0.0014463	0.00105803	1.70729	0.0	0.839269	0.0286656	0.751754	0.494434	0.612548	0.946341	0.39928	0.426789	0.065141	0.0325813	0.371917	0.18813	0.0568247	0.0409132	-16100.9	3.0	1310.59	-117108.0	4.0	840.654	1.0	2255.17	101.706	829.363	71.1481	0.268878	0.0211001	1.06859	0.0090288	
0.0-2.4	6.5-30.0	35.0-40.0	0.000-1.571	0.008	0.12	1979.0	1979.0	1401.09	288.06	578.07	199.745	-0.366127	1.97651	-0.05	0.0	0.415856	0.0	3.0925	0.0	0.0491038	0.0	0.023362	0.00114733	0.03	0.0	1.492	0.04	5.0	0.0	1.733	0.07	0.0363527	0.000215352	0.0	0.0	0.0	0.0	0.0	0.0	0.0	0.0	0.197932	0.0	0.00209112	0.0	0.00164325	0.00149317	1.70729	0.0	0.793445	0.0413107	0.999976	575.694	0.4283	2.63795	0.400694	0.7442	0.0862374	670.759	0.48408	0.60529	0.0773607	0.0746439	-8610.59	3.0	1298.91	-50530.5	4.0	906509000.0	1.0	976.376	207.231	424.717	101.355	0.303133	0.0367277	1.04014	0.0126378	
0.0-2.4	6.5-30.0	40.0-45.0	0.000-1.571	0.008	0.12	1510.0	1509.0	1083.8	58.1083	425.562	43.8905	-0.393033	0.365336	-0.05	0.0	0.415856	0.0	3.0925	0.0	0.0491038	0.0	0.0234367	0.00241578	0.03	0.0	1.492	0.04	5.0	0.0	1.733	0.07	0.0363808	0.000454539	0.0	0.0	0.0	0.0	0.0	0.0	0.0	0.0	0.197932	0.0	0.00209112	0.0	-0.00175717	0.00172433	1.70729	0.0	0.906172	0.0478378	0.940663	2.36898	0.999998	0.108469	0.619285	1.13411	0.00100011	0.860077	0.941645	1.52646	0.727877	3.82556	-3715.62	3.0	170.207	-29014.3	4.0	122.22	1.0	799.805	52.5821	283.994	34.0275	0.262036	0.0280777	1.11156	0.0156398	
0.0-2.4	6.5-30.0	40.0-50.0	0.000-1.571	0.008	0.136	2713.0	2710.0	1984.51	80.4411	726.205	56.548	-0.926114	0.267126	-0.05	0.0	0.415856	0.0	3.0925	0.0	0.0491038	0.0	0.0250708	0.00197272	0.03	0.0	1.492	0.04	5.0	0.0	1.733	0.07	0.0370117	0.000390288	0.0	0.0	0.0	0.0	0.0	0.0	0.0	0.0	0.197932	0.0	0.00209112	0.0	-0.00065	0.00126858	1.70729	0.0	0.809111	0.0369257	0.503924	7.11541	1.0	0.0249112	0.0926873	11.1628	0.0212637	0.134677	0.477789	0.278111	4.71517	327.804	-7329.99	3.0	479.83	-59656.0	4.0	88.726	1.0	1396.14	72.8367	588.377	51.6854	0.296485	0.0231058	1.04977	0.0114136	
0.0-2.4	6.5-30.0	45.0-50.0	0.000-1.571	0.008	0.136	1202.0	1201.0	905.761	55.6766	295.6	34.936	-1.75876	0.429403	-0.05	0.0	0.415856	0.0	3.0925	0.0	0.0491038	0.0	0.0275463	0.00336107	0.03	0.0	1.492	0.04	5.0	0.0	1.733	0.07	0.0380257	0.000711138	0.0	0.0	0.0	0.0	0.0	0.0	0.0	0.0	0.197932	0.0	0.00209112	0.0	-0.00340354	0.00194558	1.70729	0.0	0.736025	0.0497595	0.835372	1.45098	0.625373	1.14382	1.26924e-05	70.9737	0.0280863	0.0644414	0.295132	0.104594	0.0256736	0.027253	-3938.59	3.0	318.411	-25423.9	4.0	25.1488	1.0	584.901	49.9592	320.86	39.9032	0.354243	0.0382972	1.00571	0.0146042	
0.0-2.4	6.5-30.0	5.0-10.0	0.000-1.571	0.008	0.112	8341.0	8311.0	3924.39	135.609	4386.88	149.051	-0.271933	0.108514	-0.05	0.0	0.415856	0.0	3.0925	0.0	0.0491038	0.0	0.0255006	0.00164746	0.03	0.0	1.492	0.04	5.0	0.0	1.733	0.07	0.0371828	0.000329999	0.0	0.0	0.0	0.0	0.0	0.0	0.0	0.0	0.197932	0.0	0.00209112	0.0	0.00277124	0.00110753	1.70729	0.0	0.915425	0.028608	0.246341	28.2357	0.61224	22.9124	1.76573e-07	127.065	0.00582846	0.658216	0.457742	1.83723	0.0868878	0.515436	-11716.4	3.0	561.03	-245708.0	4.0	706.153	1.0	2789.19	119.063	1135.19	80.1577	0.289266	0.0178126	1.11762	0.00939717	
0.0-2.4	6.5-30.0	50.0-100.0	0.000-1.571	0.008	0.088	2499.0	2482.0	2061.56	80.868	421.594	48.9048	-0.745757	0.358353	-0.05	0.0	0.415856	0.0	3.0925	0.0	0.0491038	0.0	0.0248995	0.00150236	0.03	0.0	1.492	0.04	5.0	0.0	1.733	0.07	0.0369441	0.00029574	0.0	0.0	0.0	0.0	0.0	0.0	0.0	0.0	0.197932	0.0	0.00209112	0.0	0.00275288	0.00112061	1.70729	0.0	0.830837	0.0404751	0.545042	0.704093	0.999998	570.932	0.000492774	4.08677	0.0127364	0.00782613	0.242419	0.177943	0.0211064	4006.78	-7545.98	3.0	960.708	-57121.3	4.0	1009.28	1.0	1511.49	76.6075	550.072	53.0936	0.266823	0.0235313	1.0633	0.0126832	
0.0-2.4	6.5-30.0	50.0-55.0	0.000-1.571	0.008	0.08	876.0	868.0	715.817	43.8911	152.355	23.5348	-0.35435	0.471903	-0.05	0.0	0.415856	0.0	3.0925	0.0	0.0491038	0.0	0.0261133	0.0025647	0.03	0.0	1.492	0.04	5.0	0.0	1.733	0.07	0.0374304	0.000522592	0.0	0.0	0.0	0.0	0.0	0.0	0.0	0.0	0.197932	0.0	0.00209112	0.0	0.0025042	0.00239198	1.70729	0.0	0.89679	0.0688046	0.638425	1.00612	0.944354	9.4557	0.102619	0.871594	0.0358958	0.0176119	0.205221	0.272074	0.0347703	0.0535521	-3985.76	3.0	82.7027	-14317.0	4.0	18.8041	1.0	550.344	42.4288	165.474	27.6483	0.231167	0.0359299	1.10544	0.0223849	
0.0-2.4	6.5-30.0	50.0-60.0	0.000-1.571	0.008	0.08	1406.0	1395.0	1164.98	54.5376	230.239	29.0339	-0.426809	0.386093	-0.05	0.0	0.415856	0.0	3.0925	0.0	0.0491038	0.0	0.0266103	0.00195942	0.03	0.0	1.492	0.04	5.0	0.0	1.733	0.07	0.0376343	0.000404653	0.0	0.0	0.0	0.0	0.0	0.0	0.0	0.0	0.197932	0.0	0.00209112	0.0	0.00347725	0.00174131	1.70729	0.0	0.862051	0.0488085	0.752048	11.961	0.662339	15.0242	0.000909165	81.4659	0.0217753	0.139439	0.286855	0.227009	0.020002	1.99357	-6324.98	3.0	69.7887	-23524.4	4.0	15.981	1.0	892.262	51.8421	272.719	33.2541	0.234097	0.0263572	1.08304	0.0155799	
0.0-2.4	6.5-30.0	55.0-60.0	0.000-1.571	0.008	0.073	530.0	525.0	448.311	32.3037	76.9071	16.913	-0.589522	0.68319	-0.05	0.0	0.415856	0.0	3.0925	0.0	0.0491038	0.0	0.0273236	0.00306813	0.03	0.0	1.492	0.04	5.0	0.0	1.733	0.07	0.0379317	0.000645504	0.0	0.0	0.0	0.0	0.0	0.0	0.0	0.0	0.197932	0.0	0.00209112	0.0	0.00513007	0.00244362	1.70729	0.0	0.802922	0.0680305	0.557216	38.5662	0.996632	40.2537	0.00272777	22.8347	0.00563442	2.61104	0.410562	4.85847	0.0200212	172.636	-2348.11	3.0	3.49004	-7135.08	4.0	10.5207	1.0	341.205	29.9804	107.105	18.8125	0.238909	0.0382693	1.04595	0.0209433	
0.0-2.4	6.5-30.0	60.0-100.0	0.000-1.571	0.008	0.088	1092.0	1084.0	892.977	59.5929	191.147	39.1768	-1.1471	0.775685	-0.05	0.0	0.415856	0.0	3.0925	0.0	0.0491038	0.0	0.0222458	0.00216868	0.03	0.0	1.492	0.04	5.0	0.0	1.733	0.07	0.0359414	0.000392046	0.0	0.0	0.0	0.0	0.0	0.0	0.0	0.0	0.197932	0.0	0.00209112	0.0	0.00209026	0.00155549	1.70729	0.0	0.772058	0.0546917	0.562583	0.35056	0.999998	17.4787	8.67651e-07	0.0825838	0.0184383	0.074815	0.209646	0.0666822	0.020262	2882.17	-1500.09	3.0	1141.82	-28485.0	4.0	1042.54	1.0	616.302	55.5389	276.674	41.64	0.309834	0.0417957	1.02715	0.0164862	
0.0-2.4	6.5-30.0	60.0-70.0	0.000-1.571	0.008	0.088	733.0	726.0	598.49	52.3224	128.214	36.0626	-1.46936	1.26412	-0.05	0.0	0.415856	0.0	3.0925	0.0	0.0491038	0.0	0.0194903	0.00208868	0.03	0.0	1.492	0.04	5.0	0.0	1.733	0.07	0.0349943	0.000339768	0.0	0.0	0.0	0.0	0.0	0.0	0.0	0.0	0.197932	0.0	0.00209112	0.0	0.000953456	0.00178035	1.70729	0.0	0.797025	0.0845445	0.424783	185.745	0.99999	25533.4	2.36547e-05	18377.4	0.0079961	0.680167	0.240472	45.3923	0.0202708	195226.0	-84.6038	3.0	14797.5	-21076.2	4.0	1173.95	1.0	393.333	47.6224	205.157	37.5118	0.342791	0.0550488	1.04233	0.0259258	
0.0-2.4	6.5-30.0	70.0-100.0	0.000-1.571	0.016	0.073	358.0	355.0	293.509	28.6605	61.8317	14.9585	-0.527152	0.724787	-0.05	0.0	0.415856	0.0	3.0925	0.0	0.0491038	0.0	0.0277096	0.00577429	0.03	0.0	1.492	0.04	5.0	0.0	1.733	0.07	0.0380949	0.00122674	0.0	0.0	0.0	0.0	0.0	0.0	0.0	0.0	0.197932	0.0	0.00209112	0.0	0.0028456	0.0034106	1.70729	0.0	0.817911	0.0892859	0.802209	0.909724	1.0	4.03845	4.64492e-08	15.8103	0.0443319	0.235807	0.16103	0.283231	0.349319	53.0885	-1588.33	3.0	50.1902	-5278.14	4.0	22.093	1.0	221.864	27.0749	71.6453	17.6817	0.244099	0.0553264	1.05523	0.0277539	
0.0-2.4	6.5-7.5	0.0-100.0	0.000-1.571	0.016	0.16	18361.0	18358.0	7739.05	321.414	10619.5	343.933	-0.00943574	0.0852859	-0.05	0.0	0.358945	0.238761	3.09119	0.00117096	0.0546954	0.0140444	0.027312	0.00378439	0.03	0.0	1.492	0.04	5.0	0.0	1.733	0.07	0.0393955	0.00359911	0.0	0.0	0.0	0.0	0.0	0.0	0.0	0.0	0.380238	0.138046	0.00427683	0.00352717	0.00307131	0.00107045	1.5828	0.116516	0.870607	0.0219517	0.532732	276.173	0.84211	57.3632	0.597353	11.8896	0.0622132	14.3233	0.148838	87.1495	0.64937	16.9768	-63372.7	3.0	4014.75	-686943.0	7.0	997.81	1.0	6042.78	278.927	1696.27	140.641	0.219183	0.0157286	1.19262	0.0586985	
0.0-2.4	6.5-8.0	0.0-100.0	0.000-1.571	0.016	0.16	24568.0	24563.0	11101.7	324.274	13461.4	341.328	-0.0684992	0.0752258	-0.05	0.0	0.37873	0.17315	3.09168	0.00096741	0.0520948	0.0062463	0.0269427	0.00314094	0.03	0.0	1.492	0.04	5.0	0.0	1.733	0.07	0.0384553	0.00174208	0.0	0.0	0.0	0.0	0.0	0.0	0.0	0.0	0.307488	0.0880482	0.00439684	0.00310131	0.00309363	0.000806643	1.63221	0.0944826	0.896578	0.0176284	0.535026	24.8131	0.874377	3.3532	0.591509	10.6639	0.0626914	2.72402	0.186375	3.40901	0.538219	17.8571	-70573.6	3.0	5924.92	-897988.0	7.0	11479.2	1.0	8423.81	285.014	2677.91	163.733	0.241216	0.0129566	1.17297	0.0406085	
0.0-2.4	6.5-8.5	0.0-100.0	0.000-1.571	0.016	0.16	29320.0	29285.0	13978.4	681.364	15306.8	686.992	-0.0951225	0.0801374	-0.05	0.0	0.385601	0.299987	3.09149	0.000916866	0.0525008	0.0180978	0.0260926	0.00438302	0.03	0.0	1.492	0.04	5.0	0.0	1.733	0.07	0.0384856	0.0048467	0.0	0.0	0.0	0.0	0.0	0.0	0.0	0.0	0.244453	0.0703637	0.00606182	0.00301279	0.00341078	0.00067524	1.69089	0.0957886	0.932556	0.015253	0.514643	0.369812	0.888343	0.207272	0.589778	0.276548	0.0596878	0.0586587	0.231012	0.0993761	0.45872	1.09304	-25699.3	3.0	9398.04	-1130260.0	7.0	508056.0	1.0	10613.4	539.484	3364.92	224.279	0.240724	0.010943	1.16447	0.0348355	
0.0-2.4	7.5-8.5	0.0-100.0	0.000-1.571	0.008	0.184	10958.0	10958.0	6250.16	460.863	4708.86	443.438	-0.310578	0.159586	-0.05	0.0	0.430517	0.505847	3.0917	0.00142774	0.0498085	0.0241388	0.0244381	0.00816323	0.03	0.0	1.492	0.04	5.0	0.0	1.733	0.07	0.0375256	0.00706104	0.0	0.0	0.0	0.0	0.0	0.0	0.0	0.0	0.180395	0.0713788	0.00786448	0.00437943	0.00322557	0.000878296	1.76532	0.139846	0.904923	0.0213615	0.493737	0.373007	0.906939	0.131751	0.437535	0.379122	0.0455787	0.0319124	0.23203	0.0524787	0.408887	0.631148	38862.6	3.0	7718.12	-372779.0	7.0	1077920.0	1.0	4547.95	348.345	1702.21	156.969	0.272346	0.0150815	1.11056	0.0426111	
0.0-2.4	8.0-10.0	0.0-100.0	0.000-1.571	0.008	0.184	13118.0	13118.0	8409.09	511.107	4709.87	488.073	-0.227214	0.152264	-0.05	0.0	0.4017	0.370268	3.09312	0.000990102	0.0513252	0.0235835	0.0235121	0.00582724	0.03	0.0	1.492	0.04	5.0	0.0	1.733	0.07	0.0372685	0.00661539	0.0	0.0	0.0	0.0	0.0	0.0	0.0	0.0	0.101319	0.038551	0.00371713	0.00401088	0.00245643	0.000640065	1.94164	0.153292	0.957228	0.0167804	0.586806	0.72091	0.95273	0.0921034	0.47296	0.616733	0.0436026	0.0505067	0.304479	0.0826835	1.05669	6.96137	32279.3	3.0	3838.04	-403671.0	7.0	772074.0	1.0	5930.82	372.195	2478.27	176.847	0.294713	0.0110187	1.09791	0.0293144	
0.0-2.4	8.5-9.5	0.0-100.0	0.000-1.571	0.008	0.12	6136.0	6127.0	3916.22	132.759	2211.14	112.94	-0.17244	0.164137	-0.05	0.0	0.504909	0.106113	3.09455	0.00100146	0.0427739	0.00150815	0.0229956	0.00344425	0.03	0.0	1.492	0.04	5.0	0.0	1.733	0.07	0.0344324	0.00124593	0.0	0.0	0.0	0.0	0.0	0.0	0.0	0.0	0.0787498	0.0409311	0.00669735	0.00605873	0.00105076	0.000887501	2.08685	0.243496	0.953455	0.0240838	0.686864	1.45815	0.831319	3.27626	0.434598	1.06486	0.0499391	0.0846804	0.284703	0.164311	0.0446331	0.133141	-8303.19	3.0	957.311	-133943.0	7.0	1823.83	1.0	2655.15	110.808	1261.06	77.4869	0.322011	0.0165024	1.08648	0.038564	
0.0-2.4	9.5-11.0	0.0-100.0	0.000-1.571	0.008	0.136	5258.0	5256.0	3694.03	142.565	1562.13	123.87	-0.318011	0.177318	-0.05	0.0	0.371132	0.219808	3.09272	0.00098889	0.0489566	0.0116134	0.0239891	0.00368685	0.03	0.0	1.492	0.04	5.0	0.0	1.733	0.07	0.0353753	0.00308429	0.0	0.0	0.0	0.0	0.0	0.0	0.0	0.0	0.492672	0.116015	-0.000315795	0.00154696	0.000913169	0.00104865	1.43747	0.0670787	0.662323	0.0302692	0.966332	0.0683657	0.472534	0.594424	0.197818	0.968134	0.292272	0.471654	0.364829	0.109837	0.0401734	0.0538511	-5702.2	3.0	1107.61	-107493.0	7.0	230.968	1.0	2608.24	115.303	1085.79	70.1296	0.29393	0.0152228	1.11381	0.047666	
0.4-0.8	6.5-30.0	0.0-100.0	0.000-1.571	0.008	0.073	6193.0	6193.0	4101.18	226.883	2092.68	183.523	0.174582	0.427454	-0.05	0.0	0.543748	0.677195	3.0929	0.00149086	0.018069	0.00746963	0.0388925	0.0333334	0.03	0.0	1.492	0.04	5.0	0.0	1.733	0.07	0.0294562	0.0101172	0.0	0.0	0.0	0.0	0.0	0.0	0.0	0.0	0.117942	0.0622417	-0.00405725	0.00414574	-0.00157844	0.00102569	1.86917	0.210931	0.92714	0.0307898	0.740644	0.216689	0.865318	0.294203	0.477654	0.179464	0.0671815	0.105469	0.216324	0.0307495	1.32691	9.41939	46086.8	3.0	10219.9	-364056.0	7.0	3871090.0	1.0	2531.78	173.43	1569.4	134.158	0.38267	0.0249384	1.08179	0.0450892	
0.8-1.2	6.5-30.0	0.0-100.0	0.000-1.571	0.008	0.105	8642.0	8638.0	4947.35	149.61	3690.86	140.798	0.00900604	0.114652	-0.05	0.0	0.443002	0.163442	3.09228	0.000978302	0.0334125	0.00493541	0.0301884	0.00449903	0.03	0.0	1.492	0.04	5.0	0.0	1.733	0.07	0.0316572	0.001661	0.0	0.0	0.0	0.0	0.0	0.0	0.0	0.0	0.403107	0.16806	0.0021768	0.00196872	0.00191912	0.000969843	1.46305	0.101114	0.781599	0.0281698	0.518438	0.184664	0.92867	0.201151	0.507527	0.259216	0.0524345	0.0326677	0.212388	0.127714	0.40062	1.52427	-26469.1	3.0	702.157	-214978.0	7.0	77.8279	1.0	3513.4	129.632	1433.95	86.0037	0.289842	0.0150124	1.10793	0.0642205	
1.2-1.6	6.5-30.0	0.0-10.0	0.000-1.571	0.008	0.136	4604.0	4600.0	1956.59	99.5718	2643.71	116.041	-0.0275637	0.120517	-0.05	0.0	0.528358	0.0	3.09144	0.0	0.0444753	0.0	0.03227	0.0039707	0.03	0.0	1.492	0.04	5.0	0.0	1.733	0.07	0.0391952	0.00077093	0.0	0.0	0.0	0.0	0.0	0.0	0.0	0.0	0.0999774	0.0	0.00921681	0.0	0.00495095	0.00128649	2.02628	0.0	0.870517	0.0341322	0.420706	1.3837	0.481547	0.650556	0.264432	1.41183	0.019904	0.116436	0.476783	0.477401	0.0829304	0.041385	1277.21	3.0	426.116	-120248.0	4.0	973.629	1.0	1363.72	85.2011	592.865	57.906	0.30301	0.0252607	1.04524	0.0127923	
1.2-1.6	6.5-30.0	0.0-100.0	0.000-1.571	0.008	0.136	11433.0	11421.0	6023.2	162.114	5397.82	168.461	-0.161762	0.0839821	-0.05	0.0	0.528358	0.106562	3.09144	0.00102756	0.0444753	0.00389173	0.03143	0.00310652	0.03	0.0	1.492	0.04	5.0	0.0	1.733	0.07	0.038872	0.00148159	0.0	0.0	0.0	0.0	0.0	0.0	0.0	0.0	0.0999774	0.0369937	0.00921681	0.0152857	0.00368091	0.000725224	2.02628	0.173102	0.941959	0.0188875	0.509217	52.5409	0.587642	26.8033	0.368945	34.5759	0.0257463	1.06931	0.385594	1.12522	0.0866449	0.903947	-14267.7	3.0	834.121	-274473.0	7.0	1482.74	1.0	4389.8	141.403	1633.4	89.2633	0.271185	0.0128979	1.09958	0.0322507	
1.2-1.6	6.5-30.0	10.0-20.0	0.000-1.571	0.008	0.128	2601.0	2595.0	1353.63	64.1621	1241.74	62.4588	-0.204241	0.162208	-0.05	0.0	0.528358	0.0	3.09144	0.0	0.0444753	0.0	0.036617	0.00418289	0.03	0.0	1.492	0.04	5.0	0.0	1.733	0.07	0.0409573	0.000881882	0.0	0.0	0.0	0.0	0.0	0.0	0.0	0.0	0.0999774	0.0	0.00921681	0.0	0.00317114	0.00155519	2.02628	0.0	1.03833	0.0400432	0.601316	0.000265093	1.0	62.5979	0.628408	0.000169432	0.0992344	6.85502e-05	0.205695	0.000149952	0.139832	401.988	-6896.25	3.0	71.6153	-41508.1	4.0	12.3364	1.0	959.197	58.0216	394.432	40.6066	0.291389	0.0266295	1.17508	0.0159227	
1.2-1.6	6.5-30.0	20.0-30.0	0.000-1.571	0.008	0.105	1882.0	1878.0	1113.33	57.0242	765.386	47.8501	-0.0773994	0.204449	-0.05	0.0	0.528358	0.0	3.09144	0.0	0.0444753	0.0	0.0267488	0.00323499	0.03	0.0	1.492	0.04	5.0	0.0	1.733	0.07	0.037183	0.0005488	0.0	0.0	0.0	0.0	0.0	0.0	0.0	0.0	0.0999774	0.0	0.00921681	0.0	0.000229482	0.00156824	2.02628	0.0	0.945946	0.0387645	0.480909	1.63815	0.811615	5.78529	0.337109	1.06094	0.0277495	0.0238744	0.153839	0.0912311	0.0273274	0.0188814	-5610.98	3.0	173.469	-30816.2	4.0	20.132	1.0	818.368	53.6372	294.966	36.7183	0.264939	0.0300594	1.10265	0.0149653	
1.2-1.6	6.5-30.0	30.0-40.0	0.000-1.571	0.008	0.12	1146.0	1139.0	664.657	46.2811	474.533	46.2308	-0.183567	0.29941	-0.05	0.0	0.528358	0.0	3.09144	0.0	0.0444753	0.0	0.0297245	0.00489438	0.03	0.0	1.492	0.04	5.0	0.0	1.733	0.07	0.038234	0.000897316	0.0	0.0	0.0	0.0	0.0	0.0	0.0	0.0	0.0999774	0.0	0.00921681	0.0	0.00551904	0.00202017	2.02628	0.0	0.900393	0.0526875	0.945275	1.77998	0.526537	1.54499	0.273423	0.245519	0.0985066	0.119161	0.56376	0.739181	0.0636505	0.140426	-1723.81	3.0	43.6339	-19668.1	4.0	227.258	1.0	541.36	43.5966	123.297	23.5245	0.185505	0.0329523	1.06777	0.0199933	
1.2-1.6	6.5-30.0	40.0-50.0	0.000-1.571	0.016	0.064	611.0	599.0	446.199	34.1052	153.126	23.6708	-2.0018	0.648528	-0.05	0.0	0.528358	0.0	3.09144	0.0	0.0444753	0.0	0.0313594	0.00796372	0.03	0.0	1.492	0.04	5.0	0.0	1.733	0.07	0.038845	0.00151611	0.0	0.0	0.0	0.0	0.0	0.0	0.0	0.0	0.0999774	0.0	0.00921681	0.0	-0.00362614	0.00268094	2.02628	0.0	0.980228	0.0803768	0.582502	2.5233	0.948216	0.264501	0.0001717	115.58	0.00604086	0.0228842	0.299256	0.171486	0.105354	0.168749	-1703.58	3.0	41.9074	-8396.68	4.0	15.8889	1.0	328.146	31.5535	118.054	21.1649	0.264576	0.0429067	1.12928	0.0313964	
1.2-1.6	6.5-30.0	50.0-100.0	0.000-1.571	0.016	0.073	586.0	581.0	476.001	34.6656	105.31	18.8364	-1.25728	0.613358	-0.05	0.0	0.528358	0.0	3.09144	0.0	0.0444753	0.0	0.0290832	0.00444001	0.03	0.0	1.492	0.04	5.0	0.0	1.733	0.07	0.0380007	0.00080134	0.0	0.0	0.0	0.0	0.0	0.0	0.0	0.0	0.0999774	0.0	0.00921681	0.0	0.0050895	0.00258192	2.02628	0.0	0.944589	0.0721548	0.863741	13.6744	0.616141	11.5925	9.60904e-06	46.291	0.0211456	0.144086	0.313394	0.169955	0.020012	12.7346	-1853.74	3.0	92.0792	-8658.5	4.0	3.54274	1.0	356.661	33.2128	119.339	22.4488	0.250713	0.0434834	1.1016	0.0278423	
1.6-2.0	6.5-30.0	0.0-100.0	0.000-1.571	0.008	0.16	11954.0	11923.0	6010.06	196.413	5913.31	201.977	-0.393459	0.0944352	-0.05	0.0	0.541727	0.206115	3.09095	0.00125086	0.0543033	0.0047199	0.0338887	0.00603262	0.03	0.0	1.492	0.04	5.0	0.0	1.733	0.07	0.0460844	0.00181732	0.0	0.0	0.0	0.0	0.0	0.0	0.0	0.0	0.352951	0.0860114	0.000933856	0.00217292	0.00453056	0.00101375	1.59661	0.0857668	0.92401	0.0230358	0.710547	0.209142	0.855559	0.299465	0.649811	0.118801	0.0648494	0.0519611	0.234387	0.0496756	0.436083	0.820792	-26846.0	3.0	285.958	-276919.0	7.0	59.766	1.0	4688.3	171.093	1321.77	87.5403	0.219926	0.0126688	1.20506	0.036742	
1.6-2.4	3.0-30.0	0.0-100.0	0.000-1.571	0.008	0.264	179065.0	179056.0	36225.2	8678370.0	142832.0	8677010.0	0.0223111	58.5251	-0.05	0.0	0.864226	314.839	3.09019	0.732419	0.0473635	8.45067	0.11	683.21	0.03	0.0	1.89	0.19	5.0	0.0	1.44	0.32	0.0598463	85.2993	0.0	0.0	0.0	0.0	0.0	0.0	0.0	0.0	0.355594	0.0730674	0.00274748	0.0018247	0.0080622	0.000673526	1.59365	0.0691909	0.903156	0.00869033	0.303422	624.651	0.901461	80.8532	0.34504	969.538	0.00100512	11.2592	0.137668	21.0746	0.795133	489.782	-269192.0	3.0	952.836	-12803500.0	7.0	161391000.0	1.0	29825.4	7145180.0	6399.83	1533190.0	0.176668	0.00872043	1.1953	0.0311073	
1.6-2.4	3.0-4.5	0.0-100.0	0.000-1.571	0.016	0.264	110866.0	110861.0	15066.9	755.03	95794.3	1119.98	0.241882	0.0334959	-0.05	0.0	0.929499	0.071568	3.08935	0.00205524	0.0561731	0.00527768	0.0147437	0.00518256	0.03	0.0	1.86	0.19	5.0	0.0	1.38	0.32	0.0542981	0.00271636	0.0	0.0	0.0	0.0	0.0	0.0	0.0	0.0	0.30075	0.291762	-0.00999977	0.00417148	0.00788755	0.000896225	1.6808	0.353874	0.885365	0.0114329	0.999999	0.503367	0.824456	0.00101052	0.671891	0.00107603	0.0010342	152.439	0.102013	0.000305932	1.53223	0.0837817	-201072.0	3.0	1120.3	-9365900.0	7.0	7694.05	1.0	12950.5	691.7	2116.42	261.787	0.140468	0.0158852	1.18227	0.14694	
1.6-2.4	3.0-5.5	0.0-100.0	0.000-1.571	0.016	0.264	145709.0	145700.0	22059.8	1551.06	123641.0	2010.29	0.105728	0.0381392	-0.05	0.0	0.941307	0.193355	3.08996	0.00190779	0.0539486	0.0101363	0.0154658	0.0207922	0.03	0.0	1.86	0.19	5.0	0.0	1.38	0.32	0.0524754	0.00549021	0.0	0.0	0.0	0.0	0.0	0.0	0.0	0.0	0.0303489	0.0401161	-0.00999982	0.0183667	0.00933629	0.000804255	2.51883	0.855689	1.0989	0.00799733	0.309959	1971.57	0.899368	1910.46	0.33564	13799.2	0.00353542	5204.16	0.123842	79.2015	0.80995	2362.81	-215002.0	3.0	1412.34	-11407300.0	7.0	22404.0	1.0	18600.9	1336.9	3458.84	368.69	0.156794	0.0125616	1.16768	0.0523874	
1.6-2.4	3.0-6.5	0.0-10.0	0.000-1.571	0.016	0.264	77237.0	77229.0	9188.39	479.385	68041.0	835.976	0.0580229	0.0393572	-0.05	0.0	0.949558	0.0	3.09062	0.0	0.0532254	0.0	0.0167921	0.00121275	0.03	0.0	1.86	0.19	5.0	0.0	1.38	0.32	0.0520026	9.87671e-06	0.0	0.0	0.0	0.0	0.0	0.0	0.0	0.0	0.306676	0.0	-0.00606766	0.0	0.01	0.00051839	1.65447	0.0	0.942721	0.0135862	0.999999	1870.96	0.72687	0.482207	0.751741	1.5947	0.00157662	264199.0	0.15313	1.49986	1.08701	1.25308	15453.2	3.0	622.455	-6027610.0	4.0	26975.6	1.0	7832.55	450.854	1355.84	203.177	0.14756	0.0207289	1.20649	0.00368011	
1.6-2.4	3.0-6.5	0.0-100.0	0.000-1.571	0.016	0.264	162872.0	162864.0	27024.2	796.739	135840.0	1201.82	0.0523399	0.0269073	-0.05	0.0	0.949558	0.0554405	3.09062	0.00122269	0.0532254	0.00310378	0.0158947	0.00591089	0.03	0.0	1.86	0.19	5.0	0.0	1.38	0.32	0.0519884	0.00165873	0.0	0.0	0.0	0.0	0.0	0.0	0.0	0.0	0.306676	0.207312	-0.00606766	0.0158233	0.009601	0.000999153	1.65447	0.204252	0.917736	0.00889756	0.999983	10375.9	0.768749	7.41816	0.741871	35.2709	0.0013315	581102.0	0.12692	21.2074	0.938351	28.0625	-241445.0	3.0	1309.4	-12201300.0	7.0	7777.64	1.0	22701.6	730.098	4322.62	318.314	0.159953	0.0107936	1.19306	0.0931073	
1.6-2.4	3.0-6.5	0.0-20.0	0.000-1.571	0.016	0.264	127148.0	127139.0	17244.4	610.852	109895.0	1040.03	0.0658298	0.0310805	-0.05	0.0	0.949558	0.0	3.09062	0.0	0.0532254	0.0	0.0130391	0.00663899	0.03	0.0	1.86	0.19	5.0	0.0	1.38	0.32	0.0519482	4.20282e-05	0.0	0.0	0.0	0.0	0.0	0.0	0.0	0.0	0.306676	0.0	-0.00606766	0.0	0.01	0.00119027	1.65447	0.0	0.926363	0.010505	1.0	11793.0	0.76447	1.34652	0.741743	6.04899	0.00101398	2247830.0	0.127912	3.86752	0.984518	4.5157	-196355.0	3.0	989.781	-10082500.0	4.0	3425.57	1.0	14719.3	576.554	2525.11	261.826	0.146431	0.0142697	1.19768	0.00281673	
1.6-2.4	3.0-6.5	10.0-20.0	0.000-1.571	0.016	0.209	49910.0	49867.0	8076.14	378.754	41791.7	618.783	0.0830947	0.050833	-0.05	0.0	0.949558	0.0	3.09062	0.0	0.0532254	0.0	0.0118306	0.00417821	0.03	0.0	1.86	0.19	5.0	0.0	1.38	0.32	0.0519336	2.40055e-05	0.0	0.0	0.0	0.0	0.0	0.0	0.0	0.0	0.306676	0.0	-0.00606766	0.0	0.00999999	10.6037	1.65447	0.0	0.910598	0.0365639	1.0	44.5515	0.839598	3.29468	0.741357	5.59029	0.00179808	361.991	0.110917	0.123962	0.848559	5.07208	-227296.0	3.0	295.798	-3438030.0	4.0	419.083	1.0	6946.09	651.174	1130.05	566.321	0.139925	0.0698149	1.18927	0.00970525	
1.6-2.4	3.0-6.5	20.0-30.0	0.000-1.571	0.016	0.192	19620.0	19616.0	4067.81	233.461	15548.7	345.851	-0.0300415	0.0651823	-0.05	0.0	0.949558	0.0	3.09062	0.0	0.0532254	0.0	0.053515	0.045493	0.03	0.0	1.86	0.19	5.0	0.0	1.38	0.32	0.05324	0.0011533	0.0	0.0	0.0	0.0	0.0	0.0	0.0	0.0	0.306676	0.0	-0.00606766	0.0	0.00721524	0.00136006	1.65447	0.0	0.87858	0.0214737	0.287479	63.3396	0.935147	13.6178	0.0313684	437.271	0.00540832	1.18564	0.0957467	0.245422	0.899055	4.72887	-18602.1	3.0	120.966	-891636.0	4.0	2372.52	1.0	3283.41	211.447	784.397	105.951	0.19283	0.023578	1.17245	0.00557828	
1.6-2.4	3.0-6.5	20.0-40.0	0.000-1.571	0.016	0.192	29208.0	29198.0	6760.11	262.595	22438.3	390.648	0.00493644	0.0549974	-0.05	0.0	0.949558	0.0	3.09062	0.0	0.0532254	0.0	0.0253287	0.0148577	0.03	0.0	1.86	0.19	5.0	0.0	1.38	0.32	0.0521767	0.000181907	0.0	0.0	0.0	0.0	0.0	0.0	0.0	0.0	0.306676	0.0	-0.00606766	0.0	0.00538453	0.00114762	1.65447	0.0	0.879523	0.0172987	0.271489	914.031	0.945652	187.087	5.91804e-05	11240.1	0.00215056	34.0148	0.101823	44.3855	0.709498	363.98	-52018.7	3.0	208.078	-1339130.0	4.0	1359.26	1.0	5505.92	246.019	1254.19	130.98	0.185528	0.0179853	1.17294	0.00449668	
1.6-2.4	3.0-6.5	30.0-40.0	0.000-1.571	0.016	0.152	9587.0	9511.0	2719.87	146.522	6791.31	199.66	0.106631	0.105333	-0.05	0.0	0.949558	0.0	3.09062	0.0	0.0532254	0.0	0.0150561	0.00743644	0.03	0.0	1.86	0.19	5.0	0.0	1.38	0.32	0.0519757	5.43301e-05	0.0	0.0	0.0	0.0	0.0	0.0	0.0	0.0	0.306676	0.0	-0.00606766	0.0	0.00595096	0.00191298	1.65447	0.0	0.872125	0.0292059	0.996879	48.8854	0.801791	0.294622	0.730915	6.91547	0.00107893	104.292	0.135352	1.15294	0.163706	2.2752	-40198.0	3.0	129.403	-354868.0	4.0	175.553	1.0	2221.06	142.227	498.809	81.4509	0.183394	0.02827	1.1691	0.00755272	
1.6-2.4	3.0-6.5	40.0-100.0	0.000-1.571	0.016	0.168	6516.0	6513.0	3030.5	131.128	3482.75	142.597	-0.0526074	0.129844	-0.05	0.0	0.949558	0.0	3.09062	0.0	0.0532254	0.0	0.0155947	0.00649753	0.03	0.0	1.86	0.19	5.0	0.0	1.38	0.32	0.0519838	4.91609e-05	0.0	0.0	0.0	0.0	0.0	0.0	0.0	0.0	0.306676	0.0	-0.00606766	0.0	0.01	2.69906	1.65447	0.0	0.830338	0.0282551	0.999927	245761.0	0.761666	43178.2	0.781687	33493.6	0.00100418	498676.0	0.373375	11529.6	0.264207	11118.2	-2334.78	3.0	346.412	-222840.0	4.0	266.934	1.0	2502.7	124.639	527.808	65.8008	0.174165	0.0203631	1.14781	0.00708577	
1.6-2.4	3.0-6.5	40.0-50.0	0.000-1.571	0.016	0.145	3819.0	3756.0	1565.92	94.875	2190.87	104.441	0.0423957	0.179052	-0.05	0.0	0.949558	0.0	3.09062	0.0	0.0532254	0.0	0.0419611	0.0510827	0.03	0.0	1.86	0.19	5.0	0.0	1.38	0.32	0.0527149	0.00102553	0.0	0.0	0.0	0.0	0.0	0.0	0.0	0.0	0.306676	0.0	-0.00606766	0.0	0.00197245	0.00248348	1.65447	0.0	0.651658	0.0388008	0.686904	0.818333	0.903806	0.0668269	9.37299e-06	10.2185	0.0184965	0.0116699	0.052386	0.0220194	0.318952	0.186076	1911.2	3.0	1203.71	-119195.0	4.0	765.171	1.0	1213.62	87.2832	352.298	51.6458	0.224979	0.0300326	1.06484	0.00823157	
1.6-2.4	3.0-6.5	50.0-100.0	0.000-1.571	0.016	0.168	2696.0	2696.0	1488.85	82.257	1207.4	76.2737	0.0114143	0.219773	-0.05	0.0	0.949558	0.0	3.09062	0.0	0.0532254	0.0	0.0131386	0.00647523	0.03	0.0	1.86	0.19	5.0	0.0	1.38	0.32	0.0519495	4.13033e-05	0.0	0.0	0.0	0.0	0.0	0.0	0.0	0.0	0.306676	0.0	-0.00606766	0.0	0.00310155	0.00317881	1.65447	0.0	0.825458	0.0425102	0.998679	18.8924	0.758663	0.834052	0.671621	1.05561	0.00100045	20.5609	0.184727	0.0901292	0.26287	0.283376	-10874.5	3.0	119.693	-69179.4	4.0	26.2236	1.0	1215.87	82.1808	272.989	49.6861	0.183355	0.0317974	1.14537	0.0106206	
1.6-2.4	4.5-5.5	0.0-100.0	0.000-1.571	0.016	0.192	34842.0	34811.0	7088.33	821.304	27724.1	1131.28	-0.36	0.111857	-0.05	0.0	0.996619	0.0235273	3.09036	0.00369497	0.0492098	0.00560669	0.0141057	0.976751	0.03	0.0	1.86	0.19	5.0	0.0	1.38	0.32	0.0491334	0.00285053	0.0	0.0	0.0	0.0	0.0	0.0	0.0	0.0	0.00904143	0.0167101	-0.00999986	0.0162899	0.01	20.0527	3.71443	3.4468	1.16242	0.0841832	0.999991	1151.89	0.535589	3.73142	0.804929	1.33177	0.00138571	8269.52	0.279481	1.50864	0.221829	1.11493	-34436.5	3.0	935.286	-1570190.0	7.0	667.284	1.0	5745.97	1020.18	1342.37	788.487	0.189377	0.109052	1.20985	0.0757721	
1.6-2.4	5.5-6.5	0.0-100.0	0.000-1.571	0.016	0.168	17163.0	17137.0	5288.44	467.359	11848.8	504.274	-0.453651	0.111643	-0.05	0.0	0.283703	1.38577	3.0933	0.00210458	0.0414222	0.0208944	0.0552494	0.0240247	0.03	0.0	1.86	0.19	5.0	0.0	1.38	0.32	0.0517037	0.00949613	0.0	0.0	0.0	0.0	0.0	0.0	0.0	0.0	0.629208	0.099315	-0.00318522	0.00429654	0.01	0.000807149	1.49264	0.0754895	0.719686	0.0254826	0.999991	35935.9	0.532149	132.775	0.730201	56.8154	0.0010141	221778.0	0.312781	45.5128	0.121859	16.4332	-34195.2	3.0	307.734	-543572.0	7.0	217.707	1.0	4399.8	398.101	888.643	116.043	0.168035	0.0161545	1.2625	0.0438934	
1.6-2.4	6.5-30.0	0.0-10.0	0.000-1.571	0.008	0.184	6384.0	6384.0	2705.08	114.399	3679.2	128.426	-0.413182	0.112173	-0.05	0.0	0.661544	0.0	3.09079	0.0	0.0564239	0.0	0.0315146	0.00429881	0.03	0.0	1.492	0.04	5.0	0.0	1.733	0.07	0.0494194	0.000463912	0.0	0.0	0.0	0.0	0.0	0.0	0.0	0.0	0.337019	0.0	0.00343684	0.0	0.00357004	0.00165866	1.60396	0.0	1.04346	0.0360492	0.340278	14.5587	0.740515	8.4422	0.414015	17.7096	0.0010291	3.17382	0.324193	0.47741	0.194187	0.227171	-11034.8	3.0	116.869	-160391.0	4.0	104.768	1.0	2196.21	107.537	508.878	58.3178	0.188119	0.020037	1.26052	0.00989224	
1.6-2.4	6.5-30.0	0.0-100.0	0.000-1.571	0.008	0.152	16192.0	16155.0	8267.0	237.871	7888.79	239.479	-0.423961	0.079884	-0.05	0.0	0.661544	0.16325	3.09079	0.00113358	0.0564239	0.00422323	0.0313758	0.00639121	0.03	0.0	1.492	0.04	5.0	0.0	1.733	0.07	0.0493894	0.00251426	0.0	0.0	0.0	0.0	0.0	0.0	0.0	0.0	0.337019	0.0765519	0.00343684	0.00197833	0.0035146	0.000841954	1.60396	0.0792233	0.88687	0.0189544	0.737486	2.11464	0.858523	0.349376	0.648601	0.579502	0.0667953	0.408851	0.226856	0.132003	0.364141	0.755117	-42766.3	3.0	267.083	-398386.0	7.0	45.3477	1.0	6452.75	206.643	1814.26	104.661	0.219457	0.0109729	1.17835	0.034556	
1.6-2.4	6.5-30.0	10.0-20.0	0.000-1.571	0.008	0.16	4078.0	4078.0	2001.78	87.1948	2076.88	87.7111	-0.349762	0.13653	-0.05	0.0	0.661544	0.0	3.09079	0.0	0.0564239	0.0	0.0342624	0.00552639	0.03	0.0	1.492	0.04	5.0	0.0	1.733	0.07	0.0500345	0.000640417	0.0	0.0	0.0	0.0	0.0	0.0	0.0	0.0	0.337019	0.0	0.00343684	0.0	0.00353626	0.00176095	1.60396	0.0	0.892134	0.0385291	0.562577	1.20487	0.86776	0.300869	0.440842	1.05479	0.0188027	0.0335389	0.136973	0.0289259	0.257157	0.126165	-13752.7	3.0	28.4049	-80316.3	4.0	3.92658	1.0	1567.22	81.6148	434.557	48.5697	0.217086	0.0223448	1.18098	0.00964822	
1.6-2.4	6.5-30.0	20.0-30.0	0.000-1.571	0.008	0.152	2554.0	2554.0	1435.35	70.2323	1119.6	66.1042	-0.5405	0.205668	-0.05	0.0	0.661544	0.0	3.09079	0.0	0.0564239	0.0	0.0268223	0.00422661	0.03	0.0	1.492	0.04	5.0	0.0	1.733	0.07	0.0484729	0.000395786	0.0	0.0	0.0	0.0	0.0	0.0	0.0	0.0	0.337019	0.0	0.00343684	0.0	0.00450889	0.00168518	1.60396	0.0	0.74093	0.0402912	0.589038	0.490476	0.801803	0.470323	0.570644	0.540922	0.0415329	0.0430952	0.151017	0.0884859	0.697461	2.04998	-5674.14	3.0	90.8098	-48734.9	4.0	130.254	1.0	1085.68	64.7733	349.671	40.8201	0.243613	0.0258203	1.10951	0.00891926	
1.6-2.4	6.5-30.0	30.0-40.0	0.000-1.571	0.008	0.12	1559.0	1557.0	965.531	54.6434	591.434	46.0203	-0.550256	0.252121	-0.05	0.0	0.661544	0.0	3.09079	0.0	0.0564239	0.0	0.0278712	0.00474848	0.03	0.0	1.492	0.04	5.0	0.0	1.733	0.07	0.0486728	0.000460147	0.0	0.0	0.0	0.0	0.0	0.0	0.0	0.0	0.337019	0.0	0.00343684	0.0	0.00189999	0.00221565	1.60396	0.0	0.793236	0.0492519	0.364	14.5392	0.98124	84.402	0.260167	29.3756	0.00100302	0.299768	0.302159	2.83674	0.0200007	483.126	-5407.11	3.0	22.1601	-26100.5	4.0	6.37799	1.0	702.997	50.2864	262.534	34.1554	0.271907	0.0318524	1.13323	0.0114282	
1.6-2.4	6.5-30.0	40.0-50.0	0.000-1.571	0.008	0.136	859.0	857.0	570.014	39.6197	287.707	30.3904	-0.911623	0.352741	-0.05	0.0	0.661544	0.0	3.09079	0.0	0.0564239	0.0	0.0304828	0.00596985	0.03	0.0	1.492	0.04	5.0	0.0	1.733	0.07	0.0491998	0.000625932	0.0	0.0	0.0	0.0	0.0	0.0	0.0	0.0	0.337019	0.0	0.00343684	0.0	0.000914392	0.00235631	1.60396	0.0	0.612467	0.0651933	0.647802	2.19492	0.903947	12.8032	0.28761	9.15332	0.0414146	0.0941637	0.254979	0.161572	0.021519	10.4525	-2846.61	3.0	20.8752	-12344.5	4.0	0.75663	1.0	435.83	37.0535	134.184	23.2868	0.235404	0.0374333	1.05629	0.0125307	
1.6-2.4	6.5-30.0	50.0-100.0	0.000-1.571	0.008	0.088	756.0	742.0	588.709	38.7347	153.814	23.5863	-0.212913	0.471022	-0.05	0.0	0.661544	0.0	3.09079	0.0	0.0564239	0.0	0.0447951	0.00813782	0.03	0.0	1.492	0.04	5.0	0.0	1.733	0.07	0.0527757	0.0011689	0.0	0.0	0.0	0.0	0.0	0.0	0.0	0.0	0.337019	0.0	0.00343684	0.0	0.00495429	0.00297306	1.60396	0.0	0.761064	0.0648305	0.734178	1.31651	0.918551	8.79112	0.204549	1.39204	0.0490695	0.0491517	0.226139	0.249778	0.0388811	0.0911425	-3086.28	3.0	7.69751	-10470.9	4.0	0.38615	1.0	477.449	37.0878	111.26	21.0295	0.188989	0.0334873	1.11851	0.0146229	
2.0-2.4	6.5-30.0	0.0-100.0	0.000-1.571	0.008	0.152	4237.0	4236.0	2305.78	109.663	1930.31	104.622	-0.518575	0.158501	-0.05	0.0	0.844016	0.107911	3.09109	0.002554	0.0625162	0.00507463	0.0240336	0.00909236	0.03	0.0	1.492	0.04	5.0	0.0	1.733	0.07	0.0582129	0.00278523	0.0	0.0	0.0	0.0	0.0	0.0	0.0	0.0	0.349037	0.147135	0.00999999	0.0029756	0.00146263	0.00159621	1.55328	0.141848	0.768178	0.0354186	0.265618	24.1001	0.89986	8.69224	0.000295332	60.4895	0.00211502	0.0413896	0.205636	1.03874	0.150178	0.953948	-16388.5	3.0	22.2685	-95716.2	7.0	1.06997	1.0	1807.19	99.1751	498.588	54.8691	0.216234	0.0214594	1.10736	0.0702494	
