resOpt2_Eff3_binv0
rap	pT	cent	dPhi	ctauErrMin	ctauErrMax	NoCutEntry	CutEntry	NSig	NSigErr	NBkg	NBkgErr	coefExp	coefExpErr	coefPol1	coefPol1Err	coeffGaus	coeffGausErr	meanSig1	meanSig1Err	sigmaSig1	sigmaSig1Err	sigmaSig2	sigmaSig2Err	sigmaSig3	sigmaSig3Err	alpha	alphaErr	enne	enneErr	enneW	enneWErr	sigWidth	sigWidthErr	Gmc	GmcErr	bTau	bTauErr	fracRes	fracResErr	meanResSigW	meanResSigWErr	meanResSigN	meanResSigNErr	sigmaResSigW	sigmaResSigWErr	sigmaResSigN	sigmaResSigNErr	fpm	fpmErr	fLiving	fLivingErr	fbkgCtTot	fbkgCtTotErr	lambdam	lambdamErr	lambdap	lambdapErr	lambdasym	lambdasymErr	NLL	nFitPar	EDM	NLLMass	nFitParMass	EDMMass	Prob	PROMPT	PROMPTErr	NON-PROMPT	NON-PROMPTErr	Bfraction	BfractionErr	Resolution	ResolutionErr	
0.0-0.4	6.5-30.0	0.0-100.0	0.000-1.571	0.008	0.064	5617.0	5613.0	3861.14	66.3633	1752.12	47.9067	-0.0872815	0.0943882	-0.05	0.0	1.09123e-06	0.025267	3.09347	0.000356737	0.00985284	0.0377192	0.0183913	0.000302727	0.03	0.0	1.492	0.0	5.0	0.0	1.733	0.0	0.0183913	0.000172545	3.59557e-05	0.000193278	0.428005	0.0129165	0.709974	0.264125	-0.00206547	0.00229629	0.00405466	0.00386257	1.32298	0.0992276	0.6	0.0551573	0.844792	0.107241	0.551696	0.12285	0.346241	0.0342503	0.0707678	1.28966e-06	0.331688	0.0266061	0.0705339	6.03991e-09	-10215.2	2.0	2.84724e-07	-49273.4	7.0	9.23564e-05	1.0	2470.21	56.0521	1390.94	43.7127	0.36024	0.00947804	1160.63	88.8	
0.0-1.2	6.5-30.0	0.0-10.0	0.000-1.571	0.008	0.088	7848.0	7845.0	4195.59	76.6039	3649.16	72.947	0.00358421	0.0647311	-0.05	0.0	0.500568	0.0	3.0924	0.0	0.0195492	0.0	0.0358746	0.00138821	0.03	0.0	1.492	0.0	5.0	0.0	1.733	0.0	0.0288802	0.000430615	1.12992e-05	0.000388937	0.340394	0.011071	0.282557	0.0	0.00228371	0.0	0.00490236	0.00806355	1.58042	0.0	1.11788	0.156453	0.793183	0.57857	0.543934	0.682448	0.542864	0.0840677	0.071073	2.56144e-08	0.258996	0.0646182	0.105631	0.0541037	-12035.2	2.0	2.4792e-06	-67882.1	4.0	6.43843e-05	1.0	2901.15	65.845	1294.44	45.6984	0.308525	0.00932224	1265.82	49.5636	
0.0-1.2	6.5-30.0	0.0-100.0	0.000-1.571	0.008	0.105	21342.0	21337.0	13406.6	134.434	7930.23	112.221	-0.0139203	0.0456559	-0.05	0.0	0.500568	0.045467	3.0924	0.000269495	0.0195492	0.000569259	0.0348428	0.00160089	0.03	0.0	1.492	0.0	5.0	0.0	1.733	0.0	0.0282422	0.000604201	1.16782e-05	0.000130175	0.408205	0.00728521	0.282557	0.19576	0.00228371	0.00264771	0.00433123	0.00147301	1.58042	0.170805	1.07367	0.0409692	0.650793	0.0215514	0.927736	0.0138404	0.515541	0.0165584	0.0705508	2.3121e-09	0.256594	0.0119091	0.467312	0.0745419	-35358.6	2.0	2.18102e-06	-210026.0	7.0	2.1931e-05	1.0	9282.47	114.128	4124.12	77.9207	0.307619	0.00492604	1238.06	62.7533	
0.0-1.2	6.5-30.0	10.0-20.0	0.000-1.571	0.008	0.088	5156.0	5155.0	3192.42	63.9156	1962.14	53.4314	0.0384179	0.0886615	-0.05	0.0	0.500568	0.0	3.0924	0.0	0.0195492	0.0	0.0344015	0.00135758	0.03	0.0	1.492	0.0	5.0	0.0	1.733	0.0	0.0279707	0.000416953	1.12992e-05	0.000388937	0.479557	0.0158501	0.282557	0.0	0.00228371	0.0	6.62189e-05	0.0149637	1.58042	0.0	1.14411	0.380288	0.691946	0.387406	0.799283	0.101934	0.522367	0.259893	0.0708624	0.106016	0.289198	0.0352009	0.449533	0.0698844	-7566.29	2.0	9.13126e-09	-43378.8	4.0	8.16239e-05	1.0	2043.51	52.6898	1148.91	40.3911	0.359888	0.0104	1282.52	121.695	
0.0-1.2	6.5-30.0	20.0-30.0	0.000-1.571	0.008	0.105	3666.0	3663.0	2415.57	55.788	1247.47	44.0934	0.144675	0.11169	-0.05	0.0	0.500568	0.0	3.0924	0.0	0.0195492	0.0	0.035074	0.00179484	0.03	0.0	1.492	0.0	5.0	0.0	1.733	0.0	0.0283848	0.000553823	1.16782e-05	0.000130175	0.499474	0.0199474	0.282557	0.0	0.00228371	0.0	0.0028637	0.00437066	1.58042	0.0	0.87392	0.115234	0.664219	0.0778094	0.999994	2.02061	0.508703	0.0612067	0.0705096	2.93015e-09	0.220003	0.0243009	0.0706393	113.659	-6168.67	2.0	3.41861e-05	-29787.6	4.0	7.35446e-06	1.0	1645.44	46.7873	770.132	32.5773	0.31882	0.0112989	1119.68	32.2639	
0.0-1.2	6.5-30.0	30.0-40.0	0.000-1.571	0.008	0.064	2140.0	2138.0	1532.91	43.1509	604.846	30.5603	-0.418547	0.162099	-0.05	0.0	0.500568	0.0	3.0924	0.0	0.0195492	0.0	0.0367676	0.00204381	0.03	0.0	1.492	0.0	5.0	0.0	1.733	0.0	0.0294358	0.000637496	1.32366e-05	0.000329048	0.335135	0.0188734	0.282557	0.0	0.00228371	0.0	0.00843058	0.000389439	1.58042	0.0	0.898947	0.00910376	0.576883	0.00561668	1.0	3.06487	0.431226	0.00540701	0.0705978	0.000904449	0.192133	0.00254044	0.0723964	21.5018	-4439.24	2.0	2.76177e-07	-16530.8	4.0	0.000125484	1.0	1142.85	38.2443	390.065	23.4144	0.25446	0.0134908	1133.81	2.58924	
0.0-1.2	6.5-30.0	40.0-50.0	0.000-1.571	0.016	0.048	1319.0	1301.0	1000.03	33.8695	300.944	21.1672	-0.210448	0.228919	-0.05	0.0	0.500568	0.0	3.0924	0.0	0.0195492	0.0	0.0335172	0.00212028	0.03	0.0	1.492	0.0	5.0	0.0	1.733	0.0	0.0274293	0.000646983	1.43354e-05	8.22848e-05	0.315869	0.0203131	0.282557	0.0	0.00228371	0.0	-0.01	0.00208917	1.58042	0.0	1.35764	0.184506	1.0	0.0209072	1.0	0.00711925	0.464426	0.0431901	0.0721424	0.000150829	0.645236	0.0692507	3.46451	1.9352	-2525.2	2.0	2.83103e-07	-9604.56	4.0	1.64661e-06	1.0	669.577	29.9513	330.455	22.5404	0.330445	0.0195649	1424.12	63.0962	
0.0-1.2	6.5-30.0	50.0-100.0	0.000-1.571	0.008	0.056	1210.0	1208.0	1060.75	34.0498	147.396	15.6861	-0.390529	0.335234	-0.05	0.0	0.500568	0.0	3.0924	0.0	0.0195492	0.0	0.0322669	0.00174193	0.03	0.0	1.492	0.0	5.0	0.0	1.733	0.0	0.02667	0.000526274	1.34486e-05	0.000306561	0.383886	0.0259095	0.282557	0.0	0.00228371	0.0	-0.000140593	0.00607383	1.58042	0.0	1.2207	0.174549	1.0	0.0214614	1.0	0.715824	0.400571	0.0494233	0.0704444	9.82482e-09	0.219342	0.0234214	0.171214	3.98646	-3080.55	2.0	3.19579e-05	-9239.54	4.0	5.39063e-05	1.0	781.997	30.6353	278.75	19.7098	0.262786	0.0165559	1332.22	57.3727	
0.0-2.4	10.0-13.0	0.0-100.0	0.000-1.571	0.008	0.136	6740.0	6738.0	5004.59	79.7313	1733.3	55.5451	-0.641571	0.100592	-0.05	0.0	0.402745	0.0695429	3.09097	0.000546439	0.021519	0.00164972	0.0424464	0.00239717	0.03	0.0	1.492	0.0	5.0	0.0	1.733	0.0	0.0355326	0.00109579	1.25623e-05	9.06713e-05	0.411173	0.0114861	0.0553454	0.0788853	0.000212513	0.0144851	0.00498874	0.00690566	2.09412	0.553674	1.10562	0.147269	0.891655	0.246579	0.765182	0.327951	0.345454	0.101839	0.070565	0.130119	0.300034	0.0212096	0.0724607	0.0860079	-11806.0	2.0	2.15946e-06	-59375.6	7.0	2.0489e-05	1.0	3409.13	67.4719	1595.46	47.4199	0.318799	0.00799907	1182.14	88.0531	
0.0-2.4	10.0-30.0	0.0-100.0	0.000-1.571	0.004	0.144	10411.0	10409.0	7799.1	99.088	2609.88	68.0367	-0.66923	0.0820268	-0.05	0.0	0.435151	0.0493572	3.09196	0.000429318	0.0216008	0.00118146	0.044708	0.0019977	0.03	0.0	1.492	0.0	5.0	0.0	1.733	0.0	0.0364974	0.000877009	1.0177e-05	0.00195203	0.380906	0.00823623	0.0477214	0.0592155	-0.000892962	0.00748279	0.00263706	0.00332548	2.03646	0.461587	1.07444	0.210334	0.913475	0.146079	0.822749	0.745067	0.366698	0.147492	0.0705099	9.81614e-07	0.303797	0.0247683	0.0705429	0.0583113	-18521.3	2.0	2.83874e-07	-96360.8	7.0	3.03569e-06	1.0	5089.28	82.6062	2709.82	61.8727	0.347453	0.00659169	1138.97	104.05	
0.0-2.4	11.0-13.0	0.0-100.0	0.000-1.571	0.008	0.105	3578.0	3577.0	2744.67	58.4234	832.242	38.7409	-0.851974	0.146244	-0.05	0.0	0.502384	0.0712223	3.09052	0.000720914	0.022934	0.00168796	0.0485613	0.00357507	0.03	0.0	1.492	0.0	5.0	0.0	1.733	0.0	0.0379172	0.00145047	4.93653e-05	0.000238442	0.478911	0.0166163	0.0328637	0.0389686	-0.000371389	0.0145275	0.00999997	0.016665	2.53131	0.734887	1.10767	1.63019	0.787563	0.618363	0.958878	3.12568	0.368664	1.40734	0.0705208	2.26363e-07	0.304726	0.204813	0.0712816	16.0007	-5976.2	2.0	9.07497e-09	-29427.9	7.0	7.11416e-05	1.0	1760.78	47.6655	983.889	36.1366	0.358473	0.0107295	1182.03	740.403	
0.0-2.4	13.0-16.0	0.0-100.0	0.000-1.571	0.008	0.08	2224.0	2219.0	1762.96	46.411	456.039	29.1059	-0.415613	0.196953	-0.05	0.0	0.424243	0.0676186	3.09383	0.000882312	0.0195776	0.00203475	0.0500989	0.00379076	0.03	0.0	1.492	0.0	5.0	0.0	1.733	0.0	0.0400961	0.00164544	1.00002e-05	0.000966722	0.371672	0.0153539	0.0326157	0.0670782	-0.00999634	0.0183094	-0.00500336	0.0527193	1.86063	0.773549	0.807747	2.15585	0.902325	1.6299	0.879072	7.08367	0.240325	0.891437	0.0705778	1.18261e-06	0.231482	0.160539	0.070663	5.13815e-07	-4027.01	2.0	7.24158e-05	-17253.7	7.0	8.61134e-07	1.0	1014.11	37.2397	748.854	32.5993	0.424771	0.0147269	862.606	978.356	
0.0-2.4	13.0-30.0	0.0-100.0	0.000-1.571	0.008	0.105	3671.0	3671.0	2802.11	59.0656	869.022	39.441	-0.724015	0.142822	-0.05	0.0	0.465557	0.0672742	3.09384	0.000701596	0.0212876	0.00170131	0.0482314	0.00344956	0.03	0.0	1.492	0.0	5.0	0.0	1.733	0.0	0.0381344	0.00144588	2.10356e-05	0.0045896	0.336598	0.0114958	0.0347602	0.122355	-0.00537756	0.015369	0.00108004	0.00159011	1.80759	0.989032	1.01222	0.0734481	0.907033	0.0911182	0.989504	0.539246	0.40561	0.0613358	0.0710234	0.0196596	0.307531	0.0253549	0.070786	4.06695	-6725.29	2.0	3.92205e-07	-30237.8	7.0	5.76232e-05	1.0	1688.66	47.6804	1113.45	39.462	0.397361	0.0113214	1050.02	79.4487	
0.0-2.4	16.0-30.0	0.0-100.0	0.000-1.571	0.008	0.064	1446.0	1444.0	1039.98	36.328	404.022	26.1476	-1.0042	0.210212	-0.05	0.0	0.291798	0.186889	3.0938	0.00122239	0.0205784	0.00387875	0.0355495	0.00484552	0.03	0.0	1.492	0.0	5.0	0.0	1.733	0.0	0.031915	0.00230198	5.46616e-05	1.05755	0.232246	0.0127457	0.461092	0.573416	0.00155876	0.00498774	0.00135332	0.00423273	1.33655	0.440517	0.841044	0.0981976	0.994208	0.900755	0.975868	0.988107	0.492417	0.0351165	0.0704441	1.43424	0.391462	0.0503441	0.0704467	5.57749e-07	-2690.17	2.0	4.41193e-06	-10471.1	7.0	1.58513e-05	1.0	579.678	28.4795	460.301	25.6826	0.442606	0.0192566	1097.67	188.576	
0.0-2.4	6.5-30.0	0.0-10.0	0.000-1.571	0.008	0.184	19586.0	19586.0	9005.62	112.668	10581.7	119.456	-0.181269	0.0379819	-0.05	0.0	0.433508	0.0	3.09244	0.0	0.0478603	0.0	0.0243365	0.000577227	0.03	0.0	1.492	0.0	5.0	0.0	1.733	0.0	0.0364487	0.000109166	3.80561e-05	6.9663e-05	0.323087	0.00812562	0.19482	0.0	0.00388614	0.0	0.0049112	0.00109535	1.71004	0.0	1.10782	0.0366045	0.999419	0.0878955	0.369788	0.0290824	0.560119	0.0246273	0.0704716	6.94132e-10	0.380446	0.0165849	0.0990298	0.00644823	-25072.6	2.0	1.20211e-07	-183342.0	4.0	0.000100005	1.0	6592.88	100.962	2412.74	65.5831	0.267915	0.00646524	1248.15	13.0798	
0.0-2.4	6.5-30.0	0.0-100.0	0.000-1.571	0.004	0.128	50728.0	50600.0	28304.5	214.264	22295.5	199.743	-0.219803	0.027002	-0.05	0.0	0.433508	0.0278857	3.09244	0.000252078	0.0478603	0.00118498	0.0242094	0.000557405	0.03	0.0	1.492	0.0	5.0	0.0	1.733	0.0	0.0364008	0.000481292	3.69757e-05	6.79802e-05	0.35527	0.0049065	0.19482	0.0809237	0.00388614	0.00250476	0.00749783	0.000853698	1.71004	0.123875	1.09633	0.0206382	0.654894	0.0172588	0.927558	0.0159238	0.580494	0.0108841	0.0706062	1.12477e-09	0.285884	0.00719687	0.303577	0.044586	-74047.5	2.0	1.70166e-06	-529550.0	7.0	7.95422e-06	1.0	20874.6	185.488	7429.83	112.244	0.262497	0.00343183	1239.95	33.4752	
0.0-2.4	6.5-30.0	0.0-5.0	0.000-1.571	0.008	0.184	10664.0	10664.0	4889.12	83.3617	5775.7	88.5183	-0.0434047	0.0513127	-0.05	0.0	0.433508	0.0	3.09244	0.0	0.0478603	0.0	0.0235299	0.000800984	0.03	0.0	1.492	0.0	5.0	0.0	1.733	0.0	0.0361475	0.000147683	3.80561e-05	6.9663e-05	0.354361	0.0120503	0.19482	0.0	0.00388614	0.0	0.00778827	0.00250834	1.71004	0.0	1.29083	0.0554025	0.70044	0.0934685	0.83044	0.119106	0.644158	0.0488373	0.0706395	0.0379222	0.215413	0.0138326	0.198542	0.0507196	-13704.8	2.0	2.17348e-06	-93345.2	4.0	6.79462e-05	1.0	3646.38	75.0961	1242.74	47.1486	0.254185	0.00861483	1382.51	20.8254	
0.0-2.4	6.5-30.0	10.0-15.0	0.000-1.571	0.008	0.152	6641.0	6639.0	3432.3	68.0861	3206.27	66.4045	-0.160634	0.0691313	-0.05	0.0	0.433508	0.0	3.09244	0.0	0.0478603	0.0	0.0237812	0.000852804	0.03	0.0	1.492	0.0	5.0	0.0	1.733	0.0	0.0362405	0.000158509	1.79985e-05	0.004591	0.342216	0.0128206	0.19482	0.0	0.00388614	0.0	0.0031406	0.0069078	1.71004	0.0	1.11168	0.16569	0.671089	0.28706	0.844463	0.21948	0.577594	0.197786	0.070734	0.1411	0.171899	0.0144378	0.210915	0.0516566	-9512.94	2.0	1.25047e-05	-55526.4	4.0	3.21483e-05	1.0	2449.29	60.3712	983.013	40.7959	0.286401	0.0104402	1250.91	59.2807	
0.0-2.4	6.5-30.0	10.0-20.0	0.000-1.571	0.008	0.16	12217.0	12215.0	6606.6	93.4108	5608.39	87.9061	-0.168602	0.052324	-0.05	0.0	0.433508	0.0	3.09244	0.0	0.0478603	0.0	0.0235844	0.000636669	0.03	0.0	1.492	0.0	5.0	0.0	1.733	0.0	0.0361676	0.000117593	1.00282e-05	0.000232918	0.391218	0.0103167	0.19482	0.0	0.00388614	0.0	0.00428681	0.00586628	1.71004	0.0	1.08096	0.135637	0.700192	0.283541	0.80967	0.0365467	0.582892	0.163918	0.0706655	0.0884364	0.209496	0.0237372	0.379998	0.046493	-16889.5	2.0	9.74595e-06	-110114.0	4.0	3.42549e-07	1.0	4669.96	81.8787	1936.64	55.6248	0.293137	0.00732879	1229.03	48.0269	
0.0-2.4	6.5-30.0	15.0-20.0	0.000-1.571	0.008	0.16	5576.0	5576.0	3170.14	63.8616	2405.49	57.5633	-0.178489	0.0799602	-0.05	0.0	0.433508	0.0	3.09244	0.0	0.0478603	0.0	0.0232856	0.000945562	0.03	0.0	1.492	0.0	5.0	0.0	1.733	0.0	0.0360577	0.000172959	1.00282e-05	0.000232918	0.438674	0.0160387	0.19482	0.0	0.00388614	0.0	0.00456326	0.00232886	1.71004	0.0	1.0432	0.054055	0.786993	0.0621298	0.721286	0.0560003	0.585307	0.0288941	0.0706517	8.95181e-09	0.264109	0.0280945	0.417719	0.0581299	-7435.36	2.0	2.90178e-05	-46177.3	4.0	3.89917e-05	1.0	2198.87	55.2472	971.271	38.3795	0.306381	0.0104152	1202.48	18.8795	
0.0-2.4	6.5-30.0	20.0-25.0	0.000-1.571	0.008	0.145	4549.0	4549.0	2709.3	58.2793	1839.48	50.2681	-0.264658	0.0917419	-0.05	0.0	0.433508	0.0	3.09244	0.0	0.0478603	0.0	0.0231862	0.000899425	0.03	0.0	1.492	0.0	5.0	0.0	1.733	0.0	0.0360214	0.000163983	3.69686e-05	0.0287936	0.365726	0.0161016	0.19482	0.0	0.00388614	0.0	0.00499065	0.016649	1.71004	0.0	1.08319	0.304979	0.65528	0.73719	0.937647	0.0523307	0.585587	0.291634	0.0706154	0.0942363	0.212345	0.0236941	0.491967	0.143298	-7432.38	2.0	1.15438e-05	-36981.1	4.0	2.87217e-05	1.0	2028.92	52.2011	680.373	32.1615	0.251125	0.0105705	1230.62	108.072	
0.0-2.4	6.5-30.0	20.0-30.0	0.000-1.571	0.008	0.152	8386.0	8386.0	5129.34	80.0353	3256.61	67.3288	-0.181333	0.0689056	-0.05	0.0	0.433508	0.0	3.09244	0.0	0.0478603	0.0	0.02338	0.000656047	0.03	0.0	1.492	0.0	5.0	0.0	1.733	0.0	0.0360923	0.000120373	1.79985e-05	0.004591	0.422297	0.0128249	0.19482	0.0	0.00388614	0.0	0.00425955	0.00399204	1.71004	0.0	0.96786	0.105536	0.684196	0.165631	0.965011	0.0164691	0.589517	0.10647	0.0704421	0.0364704	0.195745	0.0123012	0.480715	0.139611	-13480.4	2.0	2.11195e-05	-73491.1	4.0	3.67866e-06	1.0	3725.86	70.5398	1403.48	45.5589	0.273618	0.00778862	1150.63	35.7386	
0.0-2.4	6.5-30.0	25.0-30.0	0.000-1.571	0.008	0.136	3837.0	3833.0	2417.96	54.838	1414.91	44.7678	-0.0717452	0.104504	-0.05	0.0	0.433508	0.0	3.09244	0.0	0.0478603	0.0	0.0236193	0.00097437	0.03	0.0	1.492	0.0	5.0	0.0	1.733	0.0	0.0361805	0.000180169	3.37928e-05	7.02542e-05	0.463244	0.018738	0.19482	0.0	0.00388614	0.0	0.00149721	0.00785961	1.71004	0.0	0.807115	0.168381	0.718893	0.782302	0.875623	0.272439	0.560003	0.224168	0.0806109	0.190805	0.138006	0.010961	0.0704496	8.16439e-09	-6028.48	2.0	9.25534e-07	-30693.6	4.0	1.2529e-05	1.0	1648.85	47.0485	769.105	33.4578	0.318081	0.011808	1046.05	52.3046	
0.0-2.4	6.5-30.0	30.0-35.0	0.000-1.571	0.008	0.128	2929.0	2927.0	1783.83	47.4873	1142.93	40.1766	-0.396593	0.116951	-0.05	0.0	0.433508	0.0	3.09244	0.0	0.0478603	0.0	0.0245509	0.0012022	0.03	0.0	1.492	0.0	5.0	0.0	1.733	0.0	0.0365301	0.000228854	3.69757e-05	6.79802e-05	0.34479	0.0204497	0.19482	0.0	0.00388614	0.0	0.0099657	0.0138235	1.71004	0.0	1.00649	0.0811552	0.651313	0.0703016	0.995416	0.117603	0.531427	0.0582491	0.0705965	0.015801	0.292412	0.0257317	0.0704583	2.17661e-08	-4775.44	2.0	6.73228e-07	-22526.1	4.0	2.2679e-05	1.0	1395.91	43.4238	387.916	24.7257	0.217462	0.0125942	1177.01	27.9387	
0.0-2.4	6.5-30.0	30.0-40.0	0.000-1.571	0.008	0.128	5034.0	5031.0	3241.12	62.9771	1789.57	50.1458	-0.407212	0.0936393	-0.05	0.0	0.433508	0.0	3.09244	0.0	0.0478603	0.0	0.0241623	0.000835654	0.03	0.0	1.492	0.0	5.0	0.0	1.733	0.0	0.036383	0.000157192	3.69757e-05	6.79802e-05	0.271733	0.0122768	0.19482	0.0	0.00388614	0.0	0.00519221	0.0100769	1.71004	0.0	0.798672	0.0973021	0.981711	1.6185	0.475813	0.473539	0.407432	0.0588764	0.0930434	2.19774	0.418091	0.0233076	0.0704569	2.14519e-10	-8647.91	2.0	1.57834e-07	-41809.2	4.0	2.46149e-05	1.0	2415.57	57.5111	825.558	36.9034	0.254713	0.010254	1040.82	30.0593	
0.0-2.4	6.5-30.0	35.0-40.0	0.000-1.571	0.008	0.12	2104.0	2104.0	1453.62	41.3496	650.288	30.1081	-0.42211	0.155659	-0.05	0.0	0.433508	0.0	3.09244	0.0	0.0478603	0.0	0.0236638	0.00114266	0.03	0.0	1.492	0.0	5.0	0.0	1.733	0.0	0.036197	0.000211589	3.63218e-05	5.72307e-05	0.219237	0.0130918	0.19482	0.0	0.00388614	0.0	0.00999992	0.0132298	1.71004	0.0	0.6	0.0543337	0.937085	0.162448	0.525971	0.14914	0.384948	0.0533355	0.0870697	0.0520565	0.505194	0.0599218	0.074234	0.0140065	-3790.98	2.0	2.60795e-07	-15875.4	4.0	4.46455e-06	1.0	1027.75	37.272	425.877	26.1011	0.292976	0.0159047	927.127	14.1561	
0.0-2.4	6.5-30.0	40.0-45.0	0.000-1.571	0.008	0.12	1599.0	1597.0	1137.75	36.3903	459.196	25.4113	-0.367379	0.185448	-0.05	0.0	0.433508	0.0	3.09244	0.0	0.0478603	0.0	0.0232777	0.00117272	0.03	0.0	1.492	0.0	5.0	0.0	1.733	0.0	0.0360549	0.000214455	3.63218e-05	5.72307e-05	0.273845	0.0200224	0.19482	0.0	0.00388614	0.0	-0.00980772	0.00429852	1.71004	0.0	1.27171	0.217621	0.999998	15.2	1.0	0.00696717	0.537976	0.105687	0.0707561	11741.1	0.56184	0.0562029	2.06166	2.06102	-2889.16	2.0	1.74569e-06	-11698.9	4.0	4.22705e-06	1.0	843.369	34.1987	294.379	23.0341	0.258739	0.0184766	1368.16	81.4354	
0.0-2.4	6.5-30.0	40.0-50.0	0.000-1.571	0.008	0.136	2868.0	2865.0	2086.05	49.1176	778.889	33.248	-0.914322	0.146091	-0.05	0.0	0.433508	0.0	3.09244	0.0	0.0478603	0.0	0.0250464	0.000944936	0.03	0.0	1.492	0.0	5.0	0.0	1.733	0.0	0.0367201	0.000182561	3.37928e-05	7.02542e-05	0.290449	0.0140653	0.19482	0.0	0.00388614	0.0	-0.00999986	0.000967873	1.71004	0.0	1.17034	0.292827	0.999999	0.0123736	0.878588	0.276552	0.464549	0.162291	0.0705872	8.47031	0.456474	0.0604675	0.0705111	1.63064e-08	-5077.15	2.0	9.47626e-07	-22693.9	4.0	1.35163e-06	1.0	1456.24	44.9224	629.809	32.5921	0.301914	0.0139129	1293.27	106.683	
0.0-2.4	6.5-30.0	45.0-50.0	0.000-1.571	0.008	0.136	1269.0	1267.0	952.526	33.007	314.448	21.2461	-1.77593	0.247669	-0.05	0.0	0.433508	0.0	3.09244	0.0	0.0478603	0.0	0.0276363	0.00166239	0.03	0.0	1.492	0.0	5.0	0.0	1.733	0.0	0.037758	0.000344641	3.37928e-05	7.02542e-05	0.310916	0.0200734	0.19482	0.0	0.00388614	0.0	-0.01	0.00387464	1.71004	0.0	1.16887	0.097219	0.936932	0.0341641	0.99996	1.23301	0.42899	0.0378423	0.0706488	3.76703e-08	0.300156	0.0218012	0.0712027	7.23677	-2199.0	2.0	3.18381e-06	-9034.62	4.0	1.81432e-06	1.0	619.235	29.262	333.291	23.0047	0.349903	0.0208871	1292.2	35.4039	
0.0-2.4	6.5-30.0	5.0-10.0	0.000-1.571	0.008	0.112	8922.0	8886.0	4116.06	75.7304	4770.1	79.9329	-0.335759	0.0567702	-0.05	0.0	0.433508	0.0	3.09244	0.0	0.0478603	0.0	0.0251501	0.000815771	0.03	0.0	1.492	0.0	5.0	0.0	1.733	0.0	0.0367603	0.000158086	3.69703e-05	0.0265992	0.299233	0.0110176	0.19482	0.0	0.00388614	0.0	0.00382925	0.00144584	1.71004	0.0	0.926638	0.0470508	1.0	0.120753	0.330938	0.0294067	0.468932	0.0341486	0.0705407	0.0213453	0.495246	0.0286265	0.0879484	0.00621557	-11416.9	2.0	1.72811e-05	-76185.6	4.0	1.22765e-05	1.0	2959.8	67.3965	1156.25	45.048	0.280913	0.00964718	1122.98	15.6304	
0.0-2.4	6.5-30.0	50.0-100.0	0.000-1.571	0.008	0.088	2634.0	2613.0	2187.24	49.2589	425.688	25.787	-0.54523	0.197753	-0.05	0.0	0.433508	0.0	3.09244	0.0	0.0478603	0.0	0.025014	0.000986764	0.03	0.0	1.492	0.0	5.0	0.0	1.733	0.0	0.0367076	0.00019046	3.69533e-05	0.0259228	0.331858	0.0168743	0.19482	0.0	0.00388614	0.0	-0.01	0.00252998	1.71004	0.0	1.41058	0.132224	1.0	0.0442428	1.0	0.00432632	0.429321	0.0451168	0.0709036	4.52085e-05	0.247054	0.0235668	1.7314	5.4922	-5557.62	2.0	1.30926e-05	-21118.5	4.0	3.33499e-06	1.0	1625.24	46.1745	562.003	30.8638	0.256946	0.0128697	1473.7	50.9518	
0.0-2.4	6.5-30.0	50.0-55.0	0.000-1.571	0.008	0.08	932.0	923.0	759.206	29.1496	163.755	15.946	-0.37872	0.315088	-0.05	0.0	0.433508	0.0	3.09244	0.0	0.0478603	0.0	0.0257811	0.00163508	0.03	0.0	1.492	0.0	5.0	0.0	1.733	0.0	0.0370071	0.000322642	1.00002e-05	2.73951e-05	0.271321	0.0251143	0.19482	0.0	0.00388614	0.0	-0.01	0.00317849	1.71004	0.0	1.39877	0.18436	1.0	0.0102601	0.999999	0.0809133	0.501702	0.0746383	1.20904	0.498885	0.223079	0.0375883	0.0706061	7.88077e-08	-2018.7	2.0	1.5912e-05	-6460.27	4.0	3.23074e-06	1.0	575.67	28.1449	183.535	18.7951	0.241746	0.0229505	1464.61	70.8847	
0.0-2.4	6.5-30.0	50.0-60.0	0.000-1.571	0.008	0.08	1493.0	1480.0	1230.97	37.0938	248.988	19.8502	-0.443297	0.257526	-0.05	0.0	0.433508	0.0	3.09244	0.0	0.0478603	0.0	0.0263543	0.00131715	0.03	0.0	1.492	0.0	5.0	0.0	1.733	0.0	0.0372351	0.000264057	1.00002e-05	2.73951e-05	0.241856	0.0177162	0.19482	0.0	0.00388614	0.0	-0.00999998	0.00316735	1.71004	0.0	1.38885	0.105543	0.999998	8.95756	0.999998	0.022191	0.499534	0.0401951	0.0711149	23.8756	0.28864	0.0218026	0.0705683	8.52207e-10	-3244.54	2.0	2.67177e-05	-11069.9	4.0	3.08257e-06	1.0	920.618	36.2047	310.351	25.0726	0.252119	0.0188982	1456.99	40.5032	
0.0-2.4	6.5-30.0	55.0-60.0	0.000-1.571	0.008	0.073	560.0	555.0	470.819	22.892	84.188	11.7228	-0.584533	0.447622	-0.05	0.0	0.433508	0.0	3.09244	0.0	0.0478603	0.0	0.0272192	0.00230144	0.03	0.0	1.492	0.0	5.0	0.0	1.733	0.0	0.0375859	0.000472078	3.34445e-05	6.9324e-05	0.191913	0.022684	0.19482	0.0	0.00388614	0.0	-0.00882936	0.258544	1.71004	0.0	1.16765	14.5999	0.909549	8.453	0.999551	0.387948	0.430433	10.5279	0.0704625	22.7185	0.388201	0.179417	0.0709609	6.63995e-08	-1250.45	2.0	1.98415e-06	-3618.46	4.0	5.28468e-06	1.0	336.274	22.8006	134.545	17.1852	0.285767	0.0337526	1291.31	5314.9	
0.0-2.4	6.5-30.0	60.0-100.0	0.000-1.571	0.008	0.088	1141.0	1128.0	950.508	32.2999	177.504	16.4406	-0.693398	0.30662	-0.05	0.0	0.433508	0.0	3.09244	0.0	0.0478603	0.0	0.0227355	0.0013664	0.03	0.0	1.492	0.0	5.0	0.0	1.733	0.0	0.0358583	0.00024539	3.69533e-05	0.0259228	0.418829	0.0295836	0.19482	0.0	0.00388614	0.0	-0.00999998	0.0143534	1.71004	0.0	1.49148	0.255568	0.999979	3.46229	0.999995	0.0547625	0.331042	0.0731661	0.0706861	3.54978	0.203346	0.0194067	0.0705814	6.62354e-06	-2317.77	2.0	8.35496e-05	-8223.85	4.0	2.32939e-07	1.0	683.307	29.2764	267.201	20.0096	0.281114	0.0187593	1536.5	99.8744	
0.0-2.4	6.5-30.0	60.0-70.0	0.000-1.571	0.008	0.088	755.0	743.0	631.879	26.196	111.264	12.8682	-0.828293	0.388322	-0.05	0.0	0.433508	0.0	3.09244	0.0	0.0478603	0.0	0.01968	0.0013354	0.03	0.0	1.492	0.0	5.0	0.0	1.733	0.0	0.0348195	0.000213785	3.69533e-05	0.0259228	0.468252	0.0384872	0.19482	0.0	0.00388614	0.0	0.000868457	6.74835e-06	1.71004	0.0	1.05517	0.0950505	0.986583	0.0216398	0.957382	0.955223	0.417697	0.244665	0.0704429	6.27359e-09	0.239931	0.0344288	0.0706348	4.5558	-1600.45	2.0	3.67632e-07	-5148.96	4.0	3.52342e-05	1.0	450.749	23.0744	181.13	15.4796	0.286653	0.0214223	1210.86	33.3463	
0.0-2.4	6.5-30.0	70.0-100.0	0.000-1.571	0.016	0.073	386.0	382.0	316.266	18.7961	65.7046	10.1365	-0.481491	0.496923	-0.05	0.0	0.433508	0.0	3.09244	0.0	0.0478603	0.0	0.0283558	0.00264734	0.03	0.0	1.492	0.0	5.0	0.0	1.733	0.0	0.038059	0.000558673	3.69173e-05	0.0282483	0.345304	0.0497942	0.19482	0.0	0.00388614	0.0	0.00999974	0.0191821	1.71004	0.0	2.1	0.28143	0.822194	0.0987648	1.0	0.834834	2.88264e-08	0.203219	0.070455	2.03682e-08	0.157092	0.0312378	0.0760308	5.62984	-768.074	2.0	2.79282e-05	-2336.62	4.0	1.03649e-05	1.0	249.506	17.7401	66.7597	10.5152	0.211087	0.0307902	2029.91	117.213	
0.0-2.4	6.5-7.5	0.0-100.0	0.000-1.571	0.016	0.16	19526.0	19522.0	8081.9	136.963	11440.2	148.703	-0.0640449	0.0378758	-0.05	0.0	0.410636	0.0754362	3.09097	0.000556604	0.0499477	0.00339301	0.0273746	0.00133785	0.03	0.0	1.492	0.0	5.0	0.0	1.733	0.0	0.0382896	0.00128231	8.17783e-05	0.000350179	0.253991	0.00874686	0.206936	0.0943215	0.00999971	0.0031414	0.01	0.000389824	1.88995	0.200823	1.14345	0.0254407	0.510694	0.0301705	0.84903	0.0352142	0.677693	0.0191491	0.0704567	0.00743421	0.297781	0.0180346	0.347782	0.0549933	-25472.4	2.0	5.67214e-07	-181158.0	7.0	6.39839e-06	1.0	6591.15	123.761	1490.76	58.9768	0.184456	0.00659396	1332.69	50.4835	
0.0-2.4	6.5-8.0	0.0-100.0	0.000-1.571	0.016	0.16	26297.0	26291.0	11763.8	155.672	14527.4	164.303	-0.11474	0.0335151	-0.05	0.0	0.420113	0.056554	3.09154	0.000440774	0.0489761	0.00241019	0.0268832	0.00101126	0.03	0.0	1.492	0.0	5.0	0.0	1.733	0.0	0.0377729	0.000931648	2.99332e-05	0.00458551	0.318228	0.00809818	0.247328	0.092515	0.00999999	0.0035556	0.00966869	0.00104789	1.76918	0.144226	1.07314	0.0239888	0.52946	0.022827	0.871284	0.0248004	0.63806	0.0146195	0.0706261	1.52182e-08	0.263985	0.0128686	0.338882	0.0442618	-34867.5	2.0	3.14364e-06	-253048.0	7.0	7.59453e-05	1.0	9363.23	138.656	2400.57	69.8732	0.204064	0.00529033	1280.99	44.0447	
0.0-2.4	6.5-8.5	0.0-100.0	0.000-1.571	0.016	0.16	31441.0	31420.0	14861.3	166.286	16558.8	171.306	-0.142273	0.0312684	-0.05	0.0	0.414716	0.0432838	3.09138	0.000380222	0.0499474	0.00197267	0.025956	0.000832028	0.03	0.0	1.492	0.0	5.0	0.0	1.733	0.0	0.0378011	0.000769297	7.56762e-05	0.000240875	0.33763	0.00776789	0.226798	0.0773955	0.00999999	0.00269626	0.00931082	0.00108336	1.75627	0.126619	1.09385	0.0229881	0.548976	0.0226145	0.880148	0.0221399	0.631786	0.0135899	0.0704989	1.4975e-09	0.289907	0.0110592	0.331004	0.0392409	-42477.3	2.0	9.22472e-07	-309184.0	7.0	3.14465e-05	1.0	11787.7	148.735	3073.59	76.8674	0.206818	0.00462576	1274.64	35.6498	
0.0-2.4	7.5-8.5	0.0-100.0	0.000-1.571	0.008	0.184	11914.0	11914.0	6767.33	101.602	5146.21	93.2735	-0.326398	0.0562195	-0.05	0.0	0.438327	0.0524441	3.0917	0.000518153	0.0488574	0.00213643	0.0241126	0.00113668	0.03	0.0	1.492	0.0	5.0	0.0	1.733	0.0	0.0370523	0.000912455	8.69412e-05	0.000593911	0.406408	0.0118484	0.237333	0.116679	0.00999999	0.0164169	0.00495752	0.00170012	1.6166	0.148917	0.968816	0.0468102	0.626653	0.0320827	0.909072	0.0255039	0.554602	0.022599	0.0705944	2.09559e-09	0.279973	0.0137471	0.342524	0.061657	-17357.6	2.0	9.65423e-06	-107571.0	7.0	3.38572e-05	1.0	5075.11	89.3155	1692.22	53.0755	0.250058	0.00688597	1155.89	51.1954	
0.0-2.4	8.0-10.0	0.0-100.0	0.000-1.571	0.008	0.184	14019.0	14019.0	8939.45	113.915	5080.18	95.4774	-0.251691	0.0565972	-0.05	0.0	0.411822	0.0383316	3.09314	0.000422841	0.0504094	0.00205957	0.0229984	0.00083389	0.03	0.0	1.492	0.0	5.0	0.0	1.733	0.0	0.0368455	0.000796212	8.20597e-05	0.000220638	0.346832	0.00859537	0.223708	0.161679	0.000490489	0.00440365	0.00195261	0.454595	1.60773	0.189825	1.06461	19.7442	0.859021	38.4528	0.640949	12.0042	0.503567	27.8622	0.0704554	7.00729e-08	0.36825	4.8181	0.0705291	17.6836	-22154.0	2.0	3.8065e-07	-130684.0	7.0	9.98611e-05	1.0	6414.54	98.9707	2524.9	64.4121	0.282445	0.00624207	1207.51	6756.92	
0.0-2.4	8.5-9.5	0.0-100.0	0.000-1.571	0.008	0.12	6515.0	6505.0	4175.5	77.8592	2329.56	64.8882	-0.182898	0.0832447	-0.05	0.0	0.497544	0.0663246	3.09464	0.000608728	0.0431529	0.00235677	0.0226706	0.00120096	0.03	0.0	1.492	0.0	5.0	0.0	1.733	0.0	0.0344202	0.0010008	6.95629e-05	0.856416	0.29871	0.00955126	0.195257	0.140777	-0.00999932	0.0168172	-0.000519242	0.0059909	1.55521	0.187671	1.01707	0.104184	0.83713	0.305189	0.771467	0.806915	0.511759	0.101556	0.071121	0.0890948	0.265676	0.0279283	0.0706776	0.0821424	-10776.1	2.0	1.81303e-06	-55885.7	7.0	1.85839e-06	1.0	2812.39	66.1952	1363.11	47.7253	0.326454	0.00967401	1142.24	61.9252	
0.0-2.4	9.5-11.0	0.0-100.0	0.000-1.571	0.008	0.136	5521.0	5518.0	3849.5	72.9765	1668.53	56.0762	-0.363485	0.10002	-0.05	0.0	0.387257	0.0625163	3.09266	0.000619569	0.0484835	0.00299241	0.0234349	0.00136281	0.03	0.0	1.492	0.0	5.0	0.0	1.733	0.0	0.0353104	0.00115996	1.00134e-05	0.000394123	0.345078	0.0125286	0.411816	0.288493	0.0022233	0.00388478	0.00303357	0.00295946	1.51553	0.180886	0.884029	0.131276	0.99996	0.117508	0.564003	0.0708279	0.366375	0.067785	0.0705747	0.793908	0.385756	0.0251196	0.0704569	0.0134994	-9594.91	2.0	3.13397e-07	-47007.3	7.0	1.37329e-06	1.0	2779.36	63.5437	1070.14	40.9047	0.277995	0.00922699	1185.55	107.674	
0.4-0.8	6.5-30.0	0.0-100.0	0.000-1.571	0.008	0.073	6335.0	6335.0	4239.0	73.8952	2095.97	57.5963	0.0525409	0.0881157	-0.05	0.0	0.519412	0.0590173	3.09298	0.000448108	0.0181207	0.000787867	0.0363498	0.00255576	0.03	0.0	1.492	0.0	5.0	0.0	1.733	0.0	0.0283823	0.000949809	1.07909e-05	6.48731e-06	0.460185	0.0138347	0.164736	0.163076	-0.00113548	0.00593586	0.00193116	0.00224382	1.82366	0.359661	1.06145	0.0580307	0.759429	0.0429452	0.83703	0.036599	0.500925	0.0282502	0.0706374	4.48494e-09	0.277253	0.0292783	0.497383	0.0994722	-10392.9	2.0	7.82371e-05	-55284.9	7.0	8.83678e-06	1.0	2806.81	61.3196	1432.19	44.6024	0.337861	0.00871909	1220.22	88.3352	
0.8-1.2	6.5-30.0	0.0-100.0	0.000-1.571	0.008	0.105	9390.0	9385.0	5354.6	95.6544	4030.32	88.4451	0.00826387	0.0682095	-0.05	0.0	0.452629	0.094653	3.0923	0.00058604	0.032554	0.00547695	0.0310101	0.0052084	0.03	0.0	1.492	0.0	5.0	0.0	1.733	0.0	0.0317182	0.00188839	3.76156e-05	0.000218351	0.318664	0.0100795	0.510138	0.279061	0.00698866	0.00378923	0.00571013	0.00286279	1.44442	0.131788	1.05807	0.0860988	0.580141	0.0333459	0.930285	0.0258585	0.574628	0.0248853	0.0705337	2.62816e-09	0.229873	0.0158357	0.342638	0.0932902	-15346.7	2.0	1.09283e-07	-82916.6	7.0	5.97906e-05	1.0	3970.88	82.3686	1383.72	48.6184	0.258417	0.00781862	1269.93	67.7616	
1.2-1.6	6.5-30.0	0.0-10.0	0.000-1.571	0.008	0.136	5037.0	5031.0	2059.17	55.4021	2972.23	63.1088	-0.130176	0.0714328	-0.05	0.0	0.590826	0.0	3.09131	0.0	0.0435133	0.0	0.0312613	0.0020551	0.03	0.0	1.492	0.0	5.0	0.0	1.733	0.0	0.0389686	0.000337291	2.31047e-05	0.000294422	0.301391	0.0155219	0.103775	0.0	0.00999984	0.0	0.0038224	0.0126016	2.09199	0.0	0.870496	0.05589	0.97245	5.93729	0.317056	0.63471	0.394882	0.154049	0.540461	6.11627	0.507807	0.0606746	0.0705244	1.75238e-07	-5862.13	2.0	1.19275e-05	-39827.9	4.0	0.000133491	1.0	1456.85	48.8988	602.324	33.4267	0.292508	0.0141978	1064.56	20.4794	
1.2-1.6	6.5-30.0	0.0-100.0	0.000-1.571	0.008	0.136	12406.0	12391.0	6382.68	108.869	6008.43	107.12	-0.228647	0.0533967	-0.05	0.0	0.590826	0.0924269	3.09131	0.000648491	0.0435133	0.00181556	0.0308687	0.00204366	0.03	0.0	1.492	0.0	5.0	0.0	1.733	0.0	0.0388403	0.000885746	2.31047e-05	0.000294422	0.291949	0.00896351	0.103775	0.0507441	0.00999984	0.0195355	0.00409382	0.00128148	2.09199	0.256609	1.00257	0.0706543	0.949015	0.0488722	0.42832	0.0578882	0.48354	0.0805009	0.182769	0.0693999	0.436248	0.0216966	0.0704647	0.0163129	-17292.7	2.0	6.38389e-05	-111081.0	7.0	2.57553e-05	1.0	4733.74	94.2621	1648.94	56.1863	0.258346	0.00762059	1164.05	51.6344	
1.2-1.6	6.5-30.0	10.0-20.0	0.000-1.571	0.008	0.128	2792.0	2784.0	1430.5	45.8978	1353.56	45.0505	-0.222258	0.106415	-0.05	0.0	0.590826	0.0	3.09131	0.0	0.0435133	0.0	0.0371116	0.00369632	0.03	0.0	1.492	0.0	5.0	0.0	1.733	0.0	0.0410148	0.000684252	2.94195e-05	0.000284662	0.232503	0.0146051	0.103775	0.0	0.00999984	0.0	0.00663001	0.00317883	2.09199	0.0	1.16774	0.0721989	0.596069	0.0737423	0.999995	0.641817	0.637963	0.0474373	0.0990357	0.0178044	0.217451	0.0232302	0.145879	2.17654	-4091.91	2.0	3.69213e-05	-20734.2	4.0	2.31926e-05	1.0	1034.35	41.4358	396.148	27.8762	0.276931	0.0173435	1294.71	29.1804	
1.2-1.6	6.5-30.0	30.0-40.0	0.000-1.571	0.008	0.12	1254.0	1244.0	698.596	30.0286	545.389	27.3579	-0.298568	0.167764	-0.05	0.0	0.590826	0.0	3.09131	0.0	0.0435133	0.0	0.0284388	0.00323797	0.03	0.0	1.492	0.0	5.0	0.0	1.733	0.0	0.0380736	0.000494809	1.72747e-05	0.00459133	0.226421	0.0262944	0.103775	0.0	0.00999984	0.0	0.00999999	0.00120275	2.09199	0.0	0.646848	0.16551	0.903134	0.104155	0.683808	0.192222	0.308507	0.119905	0.0922263	0.0383098	0.5353	0.0561412	0.0704686	0.025548	-1776.72	2.0	2.02968e-07	-8393.29	4.0	1.22869e-05	1.0	551.681	28.5041	146.915	17.0303	0.210301	0.0226399	910.58	52.6859	
1.2-1.6	6.5-30.0	40.0-50.0	0.000-1.571	0.016	0.064	654.0	641.0	472.601	23.3396	168.422	15.51	-2.04646	0.352424	-0.05	0.0	0.590826	0.0	3.09131	0.0	0.0435133	0.0	0.0310693	0.00427252	0.03	0.0	1.492	0.0	5.0	0.0	1.733	0.0	0.0389057	0.00069804	2.95545e-05	0.000300613	0.300248	0.0332966	0.103775	0.0	0.00999984	0.0	-0.00836193	0.0129847	2.09199	0.0	1.3215	1.13841	0.998429	0.104417	0.983101	0.60896	0.468936	0.723861	0.070456	9.97171e-09	0.329072	0.093285	0.0810319	4.92567	-1157.87	2.0	3.43528e-08	-4111.37	4.0	3.52029e-06	1.0	350.147	21.8202	122.454	14.6175	0.259106	0.0281589	1421.02	474.408	
1.2-1.6	6.5-30.0	50.0-100.0	0.000-1.571	0.016	0.073	633.0	627.0	514.143	23.7036	112.849	12.6718	-1.2522	0.389318	-0.05	0.0	0.590826	0.0	3.09131	0.0	0.0435133	0.0	0.0290127	0.00278958	0.03	0.0	1.492	0.0	5.0	0.0	1.733	0.0	0.0382504	0.000432881	1.01642e-05	0.000817577	0.355225	0.0370773	0.103775	0.0	0.00999984	0.0	-0.00925417	0.0218285	2.09199	0.0	1.56435	0.404872	1.0	0.220327	1.0	0.257087	0.442607	0.226882	0.0707633	1.61033e-07	0.304574	0.106171	0.0706422	1.58652e-05	-1208.95	2.0	9.50118e-06	-4147.13	4.0	6.93091e-07	1.0	380.443	22.2702	133.7	15.044	0.260045	0.0266914	1627.08	174.433	
1.6-2.0	6.5-30.0	0.0-100.0	0.000-1.571	0.008	0.16	12565.0	12549.0	6255.07	121.763	6293.94	121.92	-0.422805	0.0551053	-0.05	0.0	0.555164	0.118725	3.09089	0.00079213	0.0541039	0.00274482	0.0342003	0.00339664	0.03	0.0	1.492	0.0	5.0	0.0	1.733	0.0	0.0463185	0.00154003	2.61437e-05	0.00458725	0.286421	0.00989392	0.462154	0.274076	0.00485629	0.00340939	0.01	0.0125162	1.4787	0.146906	1.05227	0.0505175	0.712225	0.0516956	0.836269	0.0459639	0.653581	0.0274185	0.0704382	0.0159106	0.239721	0.0134382	0.306739	0.047996	-16779.0	2.0	6.10848e-08	-111684.0	7.0	8.31415e-06	1.0	4949.04	107.19	1306.03	53.4307	0.208795	0.00751303	1267.31	71.4228	
1.6-2.4	3.0-30.0	0.0-100.0	0.000-1.571	0.008	0.264	303540.0	303530.0	53210.9	373.755	250319.0	580.332	0.244038	0.00781613	-0.05	0.0	1.17362e-12	0.00201281	3.0904	0.000424598	0.0882144	0.0175671	0.052	4.23173e-05	0.03	0.0	1.89	0.0	5.0	0.0	1.44	0.0	0.052	5.34994e-05	1.05692e-05	6.49144e-05	0.287349	0.00517983	0.19593	0.106578	0.00823221	0.0041731	0.01	8.1439e-05	1.71895	0.159922	1.03596	0.00546893	0.951391	0.016909	0.754225	0.00940902	0.766268	0.00582732	0.0706109	3.52488e-07	0.16858	0.00467765	0.452674	0.00869905	-250317.0	2.0	8.76678e-05	-3574510.0	7.0	9.17762e-06	1.0	44932.6	367.19	8278.26	196.471	0.155575	0.0035269	1200.78	47.4314	
1.6-2.4	3.0-4.5	0.0-100.0	0.000-1.571	0.016	0.264	226869.0	226863.0	29810.8	21.9779	197052.0	36.3425	0.424642	0.000681811	-0.05	0.0	1.21916e-08	0.018252	3.09022	4.90979e-05	0.0976161	0.0500746	0.0512739	4.16891e-05	0.03	0.0	1.86	0.0	5.0	0.0	1.38	0.0	0.0512739	0.000614392	8.85777e-05	0.0369611	0.293975	0.00838031	0.101357	0.069759	0.0499991	0.0925249	0.00633386	0.000679983	1.84755	0.275177	1.05349	0.0069003	0.971706	0.0188117	0.746566	0.0106706	0.70957	0.0113945	0.070465	9.75749e-08	0.110481	0.00422909	0.450645	0.00842079	-176809.0	2.0	4.65307e-05	-2602030.0	7.0	8.30818e-07	1.0	25982.9	149.393	3827.92	148.187	0.128407	0.00497002	1159.02	41.2748	
1.6-2.4	3.0-5.5	0.0-100.0	0.000-1.571	0.016	0.264	267520.0	267510.0	37340.8	741.915	230169.0	861.991	0.285857	0.00815276	-0.05	0.0	0.892587	0.0336753	3.0898	0.000545756	0.0483451	0.000769431	0.13	0.00508943	0.03	0.0	1.86	0.0	5.0	0.0	1.38	0.0	0.0624619	0.0020608	1.55371e-05	0.00459213	0.304951	0.00716657	0.125652	0.0884483	0.0251244	0.0167426	0.00883956	0.189593	1.92178	0.271466	1.06253	1.44236	0.999995	89.03	0.729473	5.89045	0.762581	1.74854	0.0710029	0.000280144	0.137055	1.24443	0.45915	2.78751	-212315.0	2.0	4.64005e-07	-3112940.0	7.0	1.24531e-08	1.0	32254.4	660.274	5086.38	188.36	0.136215	0.00425685	1204.65	558.821	
1.6-2.4	3.0-6.5	0.0-10.0	0.000-1.571	0.016	0.264	156902.0	156892.0	17026.8	282.104	139864.0	449.887	0.220697	0.0103499	-0.05	0.0	7.59739e-09	0.0	3.09043	0.0	0.0479203	0.0	0.0490357	0.000779318	0.03	0.0	1.86	0.0	5.0	0.0	1.38	0.0	0.0490357	0.000389659	1.3729e-05	0.00459296	0.219573	0.00999325	0.173641	0.0	0.0248856	0.0	0.0138111	0.000437314	1.74699	0.0	1.09551	0.00610825	0.999999	0.208081	0.624377	0.0145577	0.833432	0.00299201	0.0705788	4.68093e-07	0.332486	0.00755023	0.337622	0.0113788	-112561.0	2.0	6.3419e-05	-1739890.0	4.0	8.13987e-06	1.0	14490.4	278.48	2536.41	147.235	0.148965	0.00828756	1233.57	2.24134	
1.6-2.4	3.0-6.5	0.0-100.0	0.000-1.571	0.016	0.264	286561.0	286551.0	43875.5	407.611	242673.0	604.071	0.268974	0.00793471	-0.05	0.0	7.59739e-09	0.0107004	3.09043	0.000482871	0.0479203	0.0421218	0.0504921	0.000471762	0.03	0.0	1.86	0.0	5.0	0.0	1.38	0.0	0.0504921	0.000236262	1.3729e-05	0.00459296	0.285822	0.00660607	0.173641	0.119565	0.0248856	0.0127773	0.012264	0.00043446	1.74699	0.202734	1.07342	0.00615353	0.871282	0.0241417	0.728256	0.0131472	0.801266	0.00615313	0.0706904	7.02224e-09	0.211186	0.00753712	0.430328	0.0108571	-230242.0	2.0	8.22405e-05	-3355350.0	7.0	6.35564e-05	1.0	38165.0	394.375	5710.48	180.649	0.130152	0.00393576	1217.42	53.0912	
1.6-2.4	3.0-6.5	0.0-20.0	0.000-1.571	0.016	0.264	234730.0	234720.0	29577.5	360.152	205143.0	552.489	0.264279	0.00855526	-0.05	0.0	7.59739e-09	0.0	3.09043	0.0	0.0479203	0.0	0.0496036	0.000613084	0.03	0.0	1.86	0.0	5.0	0.0	1.38	0.0	0.0496036	0.000306542	1.3729e-05	0.00459296	0.248372	0.00807434	0.173641	0.0	0.0248856	0.0	0.0147808	0.000412402	1.74699	0.0	1.09578	0.00580533	0.870942	0.0320965	0.705714	0.0181304	0.828266	0.00526911	0.0705594	6.83028e-09	0.274491	0.00686993	0.395271	0.0127827	-181920.0	2.0	3.93106e-07	-2699110.0	4.0	4.0103e-06	1.0	25815.5	352.147	3762.02	165.209	0.127192	0.00536661	1233.77	2.13037	
1.6-2.4	3.0-6.5	10.0-20.0	0.000-1.571	0.016	0.209	77828.0	77695.0	12732.6	225.753	64963.9	321.198	0.368492	0.0152514	-0.05	0.0	7.59739e-09	0.0	3.09043	0.0	0.0479203	0.0	0.0514252	0.00100642	0.03	0.0	1.86	0.0	5.0	0.0	1.38	0.0	0.0514252	0.000503212	1.37782e-05	0.00459294	0.294625	0.0118879	0.173641	0.0	0.0248856	0.0	0.0134206	0.000941688	1.74699	0.0	1.06198	0.0106212	0.793172	0.0322344	0.829531	0.0159829	0.769946	0.0129078	0.0706967	2.31913e-08	0.13623	0.0079062	0.444707	0.0208786	-70052.7	2.0	1.15484e-07	-808834.0	4.0	4.97161e-05	1.0	11231.4	215.176	1501.27	85.7591	0.117907	0.00640272	1209.1	3.8545	
1.6-2.4	3.0-6.5	20.0-30.0	0.000-1.571	0.016	0.192	28301.0	28295.0	6425.6	140.557	21869.9	187.6	0.22132	0.0263698	-0.05	0.0	7.59739e-09	0.0	3.09043	0.0	0.0479203	0.0	0.0588245	0.00123688	0.03	0.0	1.86	0.0	5.0	0.0	1.38	0.0	0.0588245	0.000618439	1.37746e-05	0.00459294	0.254814	0.0115955	0.173641	0.0	0.0248856	0.0	-0.00898208	0.0033171	1.74699	0.0	0.979383	0.0325868	0.987763	0.0551933	0.803173	0.0406822	0.533896	0.0637549	0.0704639	5.9462e-12	0.0772254	0.00618428	0.355463	0.0277007	-25563.6	2.0	2.53169e-05	-266585.0	4.0	2.697e-05	1.0	5149.62	134.927	1275.98	79.3439	0.198578	0.0115588	1150.04	11.4662	
1.6-2.4	3.0-6.5	20.0-40.0	0.000-1.571	0.016	0.192	41601.0	41586.0	10027.6	170.052	31558.2	224.599	0.232973	0.0219516	-0.05	0.0	7.59739e-09	0.0	3.09043	0.0	0.0479203	0.0	0.055312	0.000950589	0.03	0.0	1.86	0.0	5.0	0.0	1.38	0.0	0.055312	0.000475295	1.37746e-05	0.00459294	0.291554	0.0104018	0.173641	0.0	0.0248856	0.0	-0.00371457	0.00145015	1.74699	0.0	0.958286	0.0173956	0.943126	0.0405715	0.801228	0.0225388	0.600307	0.0254479	0.0708957	3.87415e-09	0.0869737	0.00418402	0.337047	0.0178279	-38439.6	2.0	2.67712e-06	-408349.0	4.0	3.66053e-05	1.0	8203.88	160.941	1823.73	86.6192	0.181871	0.0080687	1135.25	6.06709	
1.6-2.4	3.0-6.5	30.0-40.0	0.000-1.571	0.016	0.152	13299.0	13139.0	3513.81	91.7824	9626.09	120.552	0.297406	0.0397336	-0.05	0.0	7.59739e-09	0.0	3.09043	0.0	0.0479203	0.0	0.0464918	0.00128116	0.03	0.0	1.86	0.0	5.0	0.0	1.38	0.0	0.0464918	0.000640581	1.3843e-05	0.00459291	0.350651	0.0198984	0.173641	0.0	0.0248856	0.0	0.00539147	0.00155483	1.74699	0.0	0.88469	0.0300467	0.847281	0.0780864	0.635638	0.215131	0.679014	0.0461626	0.139307	0.0360947	0.1566	0.0121008	0.0706221	4.19612e-09	-13384.6	2.0	2.88261e-07	-114331.0	4.0	0.000144263	1.0	2918.05	86.5475	595.758	43.8519	0.169547	0.0116677	1084.77	10.1249	
1.6-2.4	3.0-6.5	40.0-100.0	0.000-1.571	0.016	0.168	10229.0	10224.0	4337.93	85.5196	5886.08	94.1366	0.626885	0.05185	-0.05	0.0	7.59739e-09	0.0	3.09043	0.0	0.0479203	0.0	0.0464449	0.000840217	0.03	0.0	1.86	0.0	5.0	0.0	1.38	0.0	0.0464449	0.000420109	1.33924e-05	0.00459311	0.317576	0.0177816	0.173641	0.0	0.0248856	0.0	0.0112797	0.00224847	1.74699	0.0	1.02271	0.0390944	0.93108	0.102254	0.746954	0.0711415	0.731065	0.0270513	0.0708815	2.4748e-06	0.260088	0.0174161	0.218782	0.0387969	-11578.6	2.0	7.31621e-05	-87909.4	4.0	2.20613e-08	1.0	3717.37	83.9693	620.565	42.7755	0.143055	0.0094489	1180.79	13.9905	
1.6-2.4	3.0-6.5	40.0-50.0	0.000-1.571	0.016	0.145	6104.0	6067.0	2117.39	62.1485	3949.21	75.455	0.742426	0.0631534	-0.05	0.0	7.59739e-09	0.0	3.09043	0.0	0.0479203	0.0	0.0435922	0.00117467	0.03	0.0	1.86	0.0	5.0	0.0	1.38	0.0	0.0435922	0.000587334	1.39771e-05	0.00459285	0.32203	0.0290014	0.173641	0.0	0.0248856	0.0	0.025602	0.00297831	1.74699	0.0	1.46308	0.0465961	0.999949	0.102012	0.856585	0.0663788	0.866876	0.0171014	0.0708375	1.56533e-06	0.33928	0.0330654	0.265388	0.0829487	-6270.3	2.0	3.07289e-05	-48629.7	4.0	3.55249e-05	1.0	1881.67	60.6246	235.72	25.94	0.111326	0.0118072	1516.2	18.5781	
1.6-2.4	3.0-6.5	50.0-100.0	0.000-1.571	0.016	0.168	4124.0	4124.0	2249.35	58.4714	1874.48	55.1721	0.483447	0.0926415	-0.05	0.0	7.59739e-09	0.0	3.09043	0.0	0.0479203	0.0	0.0499013	0.00120826	0.03	0.0	1.86	0.0	5.0	0.0	1.38	0.0	0.0499013	0.000604129	1.33924e-05	0.00459311	0.234542	0.0131995	0.173641	0.0	0.0248856	0.0	0.00217276	0.00224759	1.74699	0.0	0.707861	0.0304733	0.999339	0.0918714	0.669667	0.0723811	0.7162	0.0256776	0.0704411	1.8524e-08	0.190425	0.019576	0.233947	0.0349919	-5158.09	2.0	3.71548e-06	-32204.9	4.0	6.99497e-06	1.0	1598.91	58.6211	650.438	44.6632	0.289167	0.0183783	971.601	9.17314	
1.6-2.4	4.5-5.5	0.0-100.0	0.000-1.571	0.016	0.192	40651.0	40587.0	8105.98	153.037	32481.1	218.613	-0.406941	0.021925	-0.05	0.0	0.979709	0.0231422	3.08924	0.000938544	0.0494332	0.00129863	0.0154712	0.00769383	0.03	0.0	1.86	0.0	5.0	0.0	1.38	0.0	0.0489787	0.00069327	2.24592e-05	0.000300031	0.33137	0.0124542	0.168306	0.155053	0.0139897	0.0158776	0.0122614	0.000899217	1.94031	0.379299	1.11552	0.0134915	0.963892	0.0992095	0.562676	0.0838183	0.841186	0.0104364	0.0720036	4.05533e-07	0.313622	0.0202716	0.25923	0.028856	-36364.3	2.0	1.29305e-07	-397214.0	7.0	0.000131721	1.0	6647.67	140.857	1458.31	69.6226	0.179906	0.00788893	1291.74	89.6813	
1.6-2.4	5.5-6.5	0.0-100.0	0.000-1.571	0.016	0.168	19040.0	19000.0	5518.98	121.501	13480.9	150.724	-0.495511	0.034427	-0.05	0.0	0.91224	0.0978713	3.0931	0.00105786	0.0526437	0.00240853	0.0309461	0.00834168	0.03	0.0	1.86	0.0	5.0	0.0	1.38	0.0	0.0511095	0.00144341	1.49587e-05	0.00459239	0.292242	0.0130471	0.433557	0.413492	0.016385	0.017632	0.0153413	0.00263952	1.45242	0.194727	1.02183	0.0388329	0.501405	0.0705337	0.841011	0.0844567	0.672667	0.0440205	0.07051	0.0196121	0.303819	0.0177631	0.201396	0.0451676	-18984.3	2.0	6.55461e-07	-172692.0	7.0	0.000661947	1.0	4599.45	111.449	919.534	50.7697	0.166613	0.00843619	1227.21	103.117	
1.6-2.4	6.5-30.0	0.0-10.0	0.000-1.571	0.008	0.184	6701.0	6701.0	2804.55	66.5443	3896.45	74.2965	-0.414788	0.0631228	-0.05	0.0	0.671412	0.0	3.0907	0.0	0.0563859	0.0	0.0319287	0.00242829	0.03	0.0	1.492	0.0	5.0	0.0	1.733	0.0	0.0496955	0.000256322	6.70809e-05	0.00017923	0.313289	0.0176039	0.211707	0.0	0.00199102	0.0	0.01	0.00244185	1.6767	0.0	1.22203	0.0473107	0.688987	0.0471824	0.899538	0.0817369	0.673902	0.0262715	0.102083	0.0230917	0.270555	0.018791	0.300051	0.107899	-7697.11	2.0	2.29416e-08	-54724.6	4.0	5.19204e-06	1.0	2304.74	62.6121	499.809	32.7175	0.178214	0.0108726	1331.31	17.1167	
1.6-2.4	6.5-30.0	0.0-100.0	0.000-1.571	0.008	0.152	16979.0	16956.0	8584.32	161.873	8371.38	161.151	-0.443774	0.0493608	-0.05	0.0	0.671412	0.126492	3.0907	0.000701423	0.0563859	0.00271112	0.0314978	0.00518805	0.03	0.0	1.492	0.0	5.0	0.0	1.733	0.0	0.0496051	0.00181865	2.77437e-05	0.00458652	0.274416	0.00799283	0.211707	0.175346	0.00199102	0.00574194	0.00978779	0.00115026	1.6767	0.235346	1.02104	0.0346294	0.724787	0.0629464	0.655644	0.117226	0.548143	0.0263125	0.07051	5.46886e-07	0.25308	0.0138593	0.0706812	5.44771e-07	-22739.1	2.0	7.93526e-08	-155999.0	7.0	6.10171e-05	1.0	6748.47	138.821	1835.86	65.3905	0.213862	0.00646237	1190.37	74.9085	
1.6-2.4	6.5-30.0	10.0-20.0	0.000-1.571	0.008	0.16	4268.0	4268.0	2057.92	55.6102	2210.11	56.9611	-0.346455	0.0838486	-0.05	0.0	0.671412	0.0	3.0907	0.0	0.0563859	0.0	0.0333591	0.00335477	0.03	0.0	1.492	0.0	5.0	0.0	1.733	0.0	0.0500033	0.000367705	2.91966e-05	0.00458585	0.228664	0.0134011	0.211707	0.0	0.00199102	0.0	0.00418309	0.00274809	1.6767	0.0	0.993302	0.0570195	0.999973	0.163116	0.708989	0.0589295	0.641205	0.0354936	0.0706629	0.783675	0.137347	0.0153341	0.248642	0.0368471	-5810.23	2.0	5.24607e-05	-33226.4	4.0	1.39277e-05	1.0	1579.93	52.3897	477.989	32.9964	0.232268	0.0147543	1171.73	19.0518	
1.6-2.4	6.5-30.0	20.0-30.0	0.000-1.571	0.008	0.152	2685.0	2685.0	1503.63	44.6462	1181.22	40.8773	-0.635491	0.116147	-0.05	0.0	0.671412	0.0	3.0907	0.0	0.0563859	0.0	0.0263058	0.00261325	0.03	0.0	1.492	0.0	5.0	0.0	1.733	0.0	0.0486009	0.000232386	2.77437e-05	0.00458652	0.304634	0.0188331	0.211707	0.0	0.00199102	0.0	0.00663234	0.0162932	1.6767	0.0	0.991639	0.168325	0.873678	0.932486	0.617797	0.290423	0.587704	0.126918	0.070744	0.196247	0.0705799	0.853822	0.326029	0.116466	-3996.92	2.0	5.2567e-07	-19998.4	4.0	4.68157e-05	1.0	1134.06	40.5446	369.568	25.1081	0.245784	0.0150191	1170.62	56.2012	
1.6-2.4	6.5-30.0	30.0-40.0	0.000-1.571	0.008	0.12	1639.0	1637.0	1009.21	36.1512	627.697	30.421	-0.526037	0.159212	-0.05	0.0	0.671412	0.0	3.0907	0.0	0.0563859	0.0	0.0277485	0.00327182	0.03	0.0	1.492	0.0	5.0	0.0	1.733	0.0	0.0488638	0.000305256	7.90451e-05	0.000185159	0.227515	0.0167011	0.211707	0.0	0.00199102	0.0	0.0051553	0.00781364	1.6767	0.0	0.975727	0.173986	1.0	0.235438	0.999999	0.272632	0.732786	0.0886889	0.0704561	7.86278e-05	0.268601	0.0830052	0.0791636	0.000171061	-2619.86	2.0	4.46925e-05	-11502.7	4.0	7.51078e-06	1.0	714.135	33.3198	295.077	23.8231	0.292384	0.0211549	1160.03	57.6808	
1.6-2.4	6.5-30.0	40.0-50.0	0.000-1.571	0.008	0.136	894.0	892.0	586.855	26.9021	305.078	21.023	-0.953014	0.232892	-0.05	0.0	0.671412	0.0	3.0907	0.0	0.0563859	0.0	0.0308795	0.00365304	0.03	0.0	1.492	0.0	5.0	0.0	1.733	0.0	0.0494772	0.000374577	6.70209e-05	0.882424	0.243067	0.0248934	0.211707	0.0	0.00199102	0.0	0.00405733	0.0124699	1.6767	0.0	0.632116	2.99146	0.789455	0.745712	0.907583	1.48941	0.395047	0.9984	0.0705955	1.48019e-08	0.248396	0.151455	0.0705679	10.91	-1506.28	2.0	4.72436e-09	-5786.99	4.0	1.22801e-05	1.0	443.981	25.0051	142.875	15.935	0.243458	0.0247536	954.021	781.232	
1.6-2.4	6.5-30.0	50.0-100.0	0.000-1.571	0.008	0.088	790.0	772.0	608.307	26.8159	163.529	16.5649	-0.238437	0.31541	-0.05	0.0	0.671412	0.0	3.0907	0.0	0.0563859	0.0	0.0448392	0.00575341	0.03	0.0	1.492	0.0	5.0	0.0	1.733	0.0	0.0528707	0.000801659	7.21792e-05	0.000182081	0.147908	0.0148451	0.211707	0.0	0.00199102	0.0	-0.00855893	10.2261	1.6767	0.0	0.6	0.01228	0.771753	255.349	0.999992	72919.7	0.259685	225.929	0.0705674	1.84556e-06	0.224068	77.5888	0.0705112	343537.0	-1497.08	2.0	4.629e-05	-5044.28	4.0	8.35902e-05	1.0	382.012	27.3632	226.295	23.7628	0.372008	0.0354548	937.53	3.09757	
2.0-2.4	6.5-30.0	0.0-100.0	0.000-1.571	0.008	0.152	4413.0	4411.0	2378.72	66.1194	2032.29	63.4407	-0.507552	0.0908493	-0.05	0.0	0.847137	0.0582498	3.0908	0.00148755	0.0626235	0.00304275	0.0237789	0.00451107	0.03	0.0	1.492	0.0	5.0	0.0	1.733	0.0	0.0583837	0.00162222	7.87116e-05	0.000484264	0.244296	0.0135221	0.0616687	0.0610904	-0.00999983	0.0176875	0.00878129	0.00221675	2.1655	0.541626	1.01678	0.0501661	0.808525	0.0472997	0.999998	0.204484	0.630653	0.0336699	0.121368	0.0238695	0.196956	0.01431	0.15139	3.00552	-6159.77	2.0	4.43361e-06	-34659.7	7.0	1.98627e-05	1.0	1849.89	59.5541	528.825	33.4476	0.222315	0.0126305	1122.17	62.997	
