v2W_random1
rap	pT	cent	dPhi	ctauErrMin	ctauErrMax	NoCutEntry	CutEntry	NSig	NSigErr	NBkg	NBkgErr	coefExp	coefExpErr	coefPol1	coefPol1Err	coeffGaus	coeffGausErr	meanSig1	meanSig1Err	sigmaSig1	sigmaSig1Err	sigmaSig2	sigmaSig2Err	sigmaSig3	sigmaSig3Err	alpha	alphaErr	enne	enneErr	sigWidth	sigWidthErr	Gmc	GmcErr	bTau	bTauErr	fracRes	fracResErr	meanResSigW	meanResSigWErr	meanResSigN	meanResSigNErr	sigmaResSigW	sigmaResSigWErr	sigmaResSigN	sigmaResSigNErr	fpm	fpmErr	fLiving	fLivingErr	fbkgCtTot	fbkgCtTotErr	lambdam	lambdamErr	lambdap	lambdapErr	lambdasym	lambdasymErr	NLL	nFitPar	EDM	NLLMass	nFitParMass	EDMMass	Prob	PROMPT	PROMPTErr	NON-PROMPT	NON-PROMPTErr	Bfraction	BfractionErr	Resolution	ResolutionErr	
0.0-1.2	6.5-30.0	0.0-100.0	0.000-0.393	0.008	0.088	2669.0	2668.0	1699.78	95.5079	968.439	73.1746	0.169936	0.253914	-0.05	0.0	0.271164	0.0	3.09237	0.0	0.0174607	0.0	0.0295233	0.0	0.03	0.0	1.492	0.04	1.733	0.07	0.0267945	0.0	2.21795e-05	1.43176	0.379604	0.115681	0.245908	0.0821935	-0.000109909	0.00257936	0.000335243	0.00187888	1.688	0.125228	0.916105	0.0494782	0.683313	2.74935	0.866544	0.569019	0.499569	1.80831	0.0239028	0.115168	0.223259	0.111909	0.289372	0.449926	-7397.94	4.0	5178.46	-93971.4	3.0	58.785	1.0	1108.39	100.203	591.388	85.2414	0.347921	0.0461812	1.15479	0.0447762	
0.0-1.2	6.5-30.0	0.0-100.0	0.000-1.571	0.008	0.105	10035.0	10035.0	6302.38	208.865	3733.39	180.883	-0.0316365	0.176199	-0.05	0.0	0.271164	0.489182	3.09237	0.00106264	0.0174607	0.00750047	0.0295233	0.00815718	0.03	0.0	1.492	0.04	1.733	0.07	0.0267944	0.00334173	1.87255e-05	2.6751e-05	0.402691	0.0941158	0.236177	0.079527	5.83622e-05	0.00144617	0.00198619	0.000983257	1.60413	0.0920545	0.914593	0.0280415	0.567959	1.28881	0.705361	0.640254	0.41378	0.905654	0.0293457	0.0685153	0.323793	0.118294	0.106029	0.0834386	12966.2	4.0	42244.0	-450163.0	7.0	11720.1	1.0	4278.29	224.564	2024.09	186.617	0.321163	0.0276314	1.11654	0.0357389	
0.0-1.2	6.5-30.0	0.0-100.0	0.393-0.785	0.008	0.096	2608.0	2608.0	1562.18	78.6165	1046.44	71.9576	0.0390836	0.25964	-0.05	0.0	0.271164	0.0	3.09237	0.0	0.0174607	0.0	0.0295233	0.0	0.03	0.0	1.492	0.04	1.733	0.07	0.0267945	0.0	1.00937e-05	0.00103092	0.332744	0.0651402	0.0755589	0.0712515	0.0054884	0.00636296	0.000797772	0.00162528	1.88269	0.329588	0.989844	0.0534829	0.635694	0.00820325	1.0	7.96884	0.378608	0.00870043	0.0595631	0.00157505	0.149453	0.00242409	0.0426068	21.945	-9992.1	4.0	1043.12	-67284.0	3.0	212.806	1.0	1050.43	77.6634	511.753	62.4533	0.327589	0.0364208	1.08332	0.0525063	
0.0-1.2	6.5-30.0	0.0-100.0	0.785-1.178	0.008	0.08	2582.0	2582.0	1646.83	118.185	935.715	93.0698	-0.092837	0.362504	-0.05	0.0	0.271164	0.0	3.09237	0.0	0.0174607	0.0	0.0295233	0.0	0.03	0.0	1.492	0.04	1.733	0.07	0.0267945	0.0	4.10143e-05	0.000107112	0.588348	0.52848	0.187448	0.146811	0.00147636	0.00343833	0.00270333	0.00266039	1.59152	0.210616	0.975008	0.088182	0.426796	2.22477	0.718421	0.80991	0.476932	1.98083	0.0289503	0.122867	0.799077	1.32105	0.124866	0.050144	25129.2	4.0	28020.5	-173010.0	3.0	700.497	1.0	1069.06	139.254	577.77	123.389	0.350838	0.0705681	1.1168	0.0668857	
0.0-1.2	6.5-30.0	0.0-100.0	1.178-1.571	0.008	0.088	2175.0	2175.0	1393.37	67.1754	781.615	55.1408	-0.299667	0.242983	-0.05	0.0	0.271164	0.0	3.09237	0.0	0.0174607	0.0	0.0295233	0.0	0.03	0.0	1.492	0.04	1.733	0.07	0.0267945	0.0	1.37041e-05	2.80645	0.253012	0.0502872	0.822701	0.0724277	-0.00109986	0.000962734	0.00506044	0.00425302	1.28762	0.0347594	0.6	0.115888	0.646672	0.566876	0.840278	1.8531	0.356443	0.495437	0.0505378	0.04549	0.279387	0.207024	0.0566352	0.0521686	-8175.55	4.0	434.625	-46700.1	3.0	54.3301	1.0	1031.97	66.4675	361.398	47.3945	0.25937	0.0316325	1.19492	0.0255117	
0.0-1.2	6.5-30.0	10.0-60.0	0.000-0.393	0.008	0.073	1566.0	1564.0	1072.86	67.9692	491.831	45.4116	0.0824659	0.293579	-0.05	0.0	0.271164	0.0	3.09237	0.0	0.0174607	0.0	0.0299083	0.0	0.03	0.0	1.492	0.04	1.733	0.07	0.0271039	0.0	1.05857e-05	4.67892e-05	0.275413	0.0580734	0.236177	0.0	5.83622e-05	0.0	-0.00249384	0.00197647	1.60413	0.0	0.842722	0.0612571	0.999976	18.9036	0.301646	0.123308	0.0968246	0.230063	0.01921	1.16312	0.228999	0.0606951	0.0232035	0.0103425	-7563.22	4.0	1485.27	-41427.7	3.0	166.135	1.0	657.583	69.6985	415.276	61.7616	0.387075	0.052083	1.07247	0.0183831	
0.0-1.2	6.5-30.0	10.0-60.0	0.000-1.571	0.008	0.105	6098.0	6098.0	4123.2	146.296	1975.64	100.775	-0.0496175	0.210372	-0.05	0.0	0.271164	0.0	3.09237	0.0	0.0174607	0.0	0.0299083	0.00054163	0.03	0.0	1.492	0.04	1.733	0.07	0.0271039	0.000217802	1.87255e-05	2.6751e-05	0.422856	0.136125	0.236177	0.0	5.83622e-05	0.0	0.000709409	0.00115859	1.60413	0.0	0.834184	0.0295203	0.882266	0.365733	0.420029	0.38228	0.240857	0.516915	0.126131	0.230324	0.337869	0.108922	0.0396767	0.0311519	20315.1	4.0	36867.2	-285679.0	4.0	473000.0	1.0	2765.26	176.66	1357.94	154.608	0.329341	0.03563	1.06736	0.00881121	
0.0-1.2	6.5-30.0	10.0-60.0	0.393-0.785	0.008	0.073	1665.0	1665.0	1057.43	63.2273	607.916	55.7439	0.268767	0.359689	-0.05	0.0	0.271164	0.0	3.09237	0.0	0.0174607	0.0	0.0299083	0.0	0.03	0.0	1.492	0.04	1.733	0.07	0.0271039	0.0	2.45136e-05	0.0594659	0.301896	0.0577199	0.236177	0.0	5.83622e-05	0.0	0.00170186	0.00189148	1.60413	0.0	0.776975	0.0710894	0.582344	0.109137	0.999649	8.43369	0.217341	0.123118	0.0538006	0.0139056	0.146614	0.0298425	0.0431257	11.1895	-7892.88	4.0	279.338	-39184.9	3.0	194.429	1.0	731.65	59.6076	325.781	44.9294	0.308087	0.0382881	1.03385	0.020404	
0.0-1.2	6.5-30.0	10.0-60.0	0.785-1.178	0.008	0.064	1521.0	1517.0	1058.96	108.705	458.748	70.5769	-0.396311	0.675076	-0.05	0.0	0.271164	0.0	3.09237	0.0	0.0174607	0.0	0.0299083	0.0	0.03	0.0	1.492	0.04	1.733	0.07	0.0271039	0.0	3.78823e-05	8.58329e-05	0.884227	7.2805	0.236177	0.0	5.83622e-05	0.0	0.00275598	0.0160642	1.60413	0.0	0.889903	0.413265	0.684316	25.7453	0.842413	4.03385	0.529956	11.1661	0.0153691	0.252715	1.16643	2.78892	0.230098	0.321967	22163.1	4.0	7742260.0	-130208.0	3.0	154.095	1.0	687.804	316.494	371.154	310.862	0.35049	0.291341	1.10119	0.127547	
0.0-1.2	6.5-30.0	10.0-60.0	1.178-1.571	0.008	0.064	1345.0	1345.0	929.4	54.8023	416.362	39.7278	-0.287094	0.337914	-0.05	0.0	0.271164	0.0	3.09237	0.0	0.0174607	0.0	0.0299083	0.0	0.03	0.0	1.492	0.04	1.733	0.07	0.0271039	0.0	2.4668e-05	4.15522	0.296166	0.221078	0.236177	0.0	5.83622e-05	0.0	0.0015362	0.00780636	1.60413	0.0	0.892008	0.0486681	0.620973	0.0472901	0.999999	7.81795	0.275181	0.0542601	0.0641696	0.0105733	0.163666	0.0198214	0.0901377	64.2549	-5016.17	4.0	2847660.0	-27977.8	3.0	5.45658	1.0	652.5	132.164	276.9	127.489	0.297934	0.136044	1.1025	0.0150383	
0.0-2.4	10.0-13.0	0.0-100.0	0.000-0.393	0.016	0.08	762.0	759.0	550.853	37.6235	208.148	25.4221	0.447534	0.364036	-0.05	0.0	0.536679	0.0	3.09213	0.0	0.0415096	0.0	0.0237878	0.0	0.03	0.0	1.492	0.04	1.733	0.07	0.0344514	0.0	1.71938e-05	0.0002901	0.32217	0.0761369	0.274398	0.109498	-0.00249292	0.00355003	0.0021582	0.00222187	1.69599	0.15967	0.776565	0.0657138	0.878711	0.036327	0.999963	19.6056	0.583821	0.667396	0.118488	0.124796	0.246598	0.158593	0.0200844	150.211	-1786.46	4.0	312.563	-11446.5	3.0	4.2475	1.0	338.782	35.2699	212.072	30.3044	0.384987	0.0483227	1.10763	0.0675364	
0.0-2.4	10.0-13.0	0.0-100.0	0.000-1.571	0.008	0.136	3141.0	3141.0	2321.7	257.272	820.264	196.593	-0.570491	0.530179	-0.05	0.0	0.536679	0.73875	3.09213	0.00390394	0.0415096	0.0068963	0.0237878	0.0190972	0.03	0.0	1.492	0.04	1.733	0.07	0.0344514	0.0037819	1.21637e-05	1.85867	0.389741	0.126955	0.294117	0.0867943	0.000270012	0.00176522	0.000357446	0.0013113	1.60695	0.0922641	0.77095	0.0358426	0.95511	0.302527	0.52731	0.859068	0.146338	1.49548	0.120324	0.304866	0.328917	0.122285	0.0326083	0.0912064	-599.567	4.0	10279.7	-91722.5	7.0	8843.61	1.0	1547.47	194.78	774.234	126.078	0.333477	0.0397919	1.08584	0.0454087	
0.0-2.4	10.0-13.0	0.0-100.0	0.393-0.785	0.008	0.088	789.0	789.0	580.889	36.9335	208.792	24.9333	-0.342142	0.426978	-0.05	0.0	0.536679	0.0	3.09213	0.0	0.0415096	0.0	0.0237878	0.0	0.03	0.0	1.492	0.04	1.733	0.07	0.0344514	0.0	1.60627e-05	0.00013147	0.248921	0.0526555	0.680848	0.179328	0.0030049	0.00163927	-0.0018139	0.003288	1.30469	0.0810495	0.6	0.110898	0.795413	0.220654	0.999995	48.5123	0.406589	0.225762	0.0308713	0.00418413	0.228859	0.0489481	0.0279439	387.486	-2194.26	4.0	162.062	-10685.6	3.0	18.1779	1.0	389.418	35.3719	191.471	28.0417	0.329617	0.0434873	1.12865	0.0628355	
0.0-2.4	10.0-13.0	0.0-100.0	0.785-1.178	0.008	0.105	828.0	827.0	608.423	76.2135	218.659	42.6035	-1.2662	0.578898	-0.05	0.0	0.536679	0.0	3.09213	0.0	0.0415096	0.0	0.0237878	0.0	0.03	0.0	1.492	0.04	1.733	0.07	0.0344514	0.0	8.5376e-05	0.000184274	0.856673	2.30966	0.118034	0.0934839	0.00630016	0.00594207	-0.000801227	0.00632027	1.90173	0.316188	0.915518	0.227329	0.999727	625.934	0.695237	6.80534	0.24573	16.1496	0.00100783	168.86	0.570547	0.480038	0.0772972	0.0511821	470.878	4.0	6085.05	-44522.5	3.0	995.893	1.0	413.771	114.113	194.652	104.546	0.319929	0.167093	1.07987	0.109175	
0.0-2.4	10.0-13.0	0.0-100.0	1.178-1.571	0.008	0.088	761.0	759.0	584.028	36.1704	175.452	21.0801	-1.2124	0.411046	-0.05	0.0	0.536679	0.0	3.09213	0.0	0.0415096	0.0	0.0237878	0.0	0.03	0.0	1.492	0.04	1.733	0.07	0.0344514	0.0	1.34644e-05	0.00253279	0.290507	0.0724795	0.547296	0.182925	-0.00213568	0.00229779	0.00298276	0.00316818	1.46442	0.108951	0.735788	0.0852524	0.567924	0.00076973	1.0	15.7023	0.000223167	0.0116211	0.00968419	8.28533e-05	0.130234	0.000210201	0.0214027	56.1043	-2378.98	4.0	209.492	-10166.8	3.0	8.31252	1.0	399.436	36.4755	184.591	29.1407	0.316066	0.0458961	1.19113	0.072623	
0.0-2.4	10.0-13.0	10.0-60.0	0.000-0.393	0.016	0.08	504.0	503.0	372.813	31.822	130.127	21.0802	0.472211	0.419366	-0.05	0.0	0.536679	0.0	3.09213	0.0	0.0415096	0.0	0.0243574	0.0	0.03	0.0	1.492	0.04	1.733	0.07	0.0346353	0.0	1.71938e-05	0.0002901	0.357851	0.105806	0.294117	0.0	0.000270012	0.0	0.0016303	0.00253549	1.60695	0.0	0.623547	0.096235	0.938081	0.152669	0.454765	0.282709	8.03365e-06	50.1526	0.0970315	0.129684	0.276051	0.138818	0.0200001	0.0513738	-1001.7	4.0	273.44	-7590.43	3.0	12.0907	1.0	218.557	29.1238	154.257	25.9527	0.413764	0.0599889	1.01683	0.0208284	
0.0-2.4	10.0-13.0	10.0-60.0	0.000-1.571	0.008	0.136	2076.0	2076.0	1591.98	92.0308	484.708	51.6025	-0.743781	0.292999	-0.05	0.0	0.536679	0.0	3.09213	0.0	0.0415096	0.0	0.0243574	0.00351501	0.03	0.0	1.492	0.04	1.733	0.07	0.0346353	0.000572651	1.21637e-05	1.85867	0.474518	0.214533	0.294117	0.0	0.000270012	0.0	0.00209614	0.00167095	1.60695	0.0	0.792225	0.0449633	0.9809	0.0811017	0.546519	0.335792	0.230019	0.353222	0.19628	0.353015	0.37309	0.203272	0.0407689	0.0351476	134.708	4.0	8771.2	-71708.7	4.0	1441.04	1.0	1026.7	99.0609	565.281	85.78	0.355079	0.0498194	1.0966	0.0114647	
0.0-2.4	10.0-13.0	10.0-60.0	0.393-0.785	0.016	0.088	527.0	527.0	413.574	30.702	113.66	17.4809	-0.639722	0.499048	-0.05	0.0	0.536679	0.0	3.09213	0.0	0.0415096	0.0	0.0243574	0.0	0.03	0.0	1.492	0.04	1.733	0.07	0.0346353	0.0	1.60627e-05	0.00013147	0.278727	0.0676605	0.294117	0.0	0.000270012	0.0	0.000102558	0.00248893	1.60695	0.0	0.752873	0.0740075	0.65649	0.223795	1.0	2.56136	0.397191	0.214923	0.0370859	0.0282682	0.154433	0.0674207	0.0200001	10.9094	-1603.89	4.0	138.712	-6750.89	3.0	4.99572	1.0	263.045	29.5122	150.53	24.7896	0.363972	0.0535045	1.07685	0.0182619	
0.0-2.4	10.0-13.0	10.0-60.0	0.785-1.178	0.016	0.105	552.0	551.0	429.903	73.2114	121.877	36.9175	-1.79022	1.06072	-0.05	0.0	0.536679	0.0	3.09213	0.0	0.0415096	0.0	0.0243574	0.0	0.03	0.0	1.492	0.04	1.733	0.07	0.0346353	0.0	8.5376e-05	0.000184274	1.0	16.005	0.294117	0.0	0.000270012	0.0	-7.66188e-05	0.00315398	1.60695	0.0	0.89451	0.0952944	0.999988	159.679	0.741298	9.34879	0.279027	0.670644	0.232667	287.9	0.790976	3.34956	0.112789	2.74854	-132.964	4.0	5069.39	-39010.6	3.0	848.284	1.0	274.331	67.5778	155.572	55.5528	0.361878	0.11358	1.15078	0.0261433	
0.0-2.4	10.0-13.0	10.0-60.0	1.178-1.571	0.016	0.056	492.0	481.0	369.801	29.2442	111.442	16.6929	-1.2671	0.510344	-0.05	0.0	0.536679	0.0	3.09213	0.0	0.0415096	0.0	0.0243574	0.0	0.03	0.0	1.492	0.04	1.733	0.07	0.0346353	0.0	1.27211e-05	0.00181467	0.291766	0.0934067	0.294117	0.0	0.000270012	0.0	0.00505257	0.00305755	1.60695	0.0	0.817696	0.0856699	0.760965	0.00887354	0.999999	3.50223	0.122839	0.0130941	0.0235855	0.000909017	0.0890152	0.00150216	0.0218166	25.1863	-1490.78	4.0	188.257	-6240.8	3.0	10.0662	1.0	245.505	29.3578	124.297	24.1157	0.336118	0.0595498	1.10971	0.0222798	
0.0-2.4	10.0-30.0	0.0-100.0	0.000-0.393	0.008	0.088	1220.0	1219.0	892.337	47.4266	327.251	32.1845	0.44686	0.348359	-0.05	0.0	0.5231	0.0	3.09249	0.0	0.0410151	0.0	0.0239338	0.0	0.03	0.0	1.492	0.04	1.733	0.07	0.0339582	0.0	1.1122e-05	0.00169269	0.324003	0.063356	0.286858	0.0918796	0.000915639	0.00224089	0.00207013	0.00166069	1.62833	0.118442	0.778424	0.0534657	0.858815	0.432971	0.803108	9.38162	0.466725	3.58731	0.0914274	0.170896	0.210747	0.125977	0.0200023	1.10382	-2442.73	4.0	594.707	-19440.7	3.0	5.09755	1.0	548.433	44.951	343.904	38.7948	0.385397	0.0383478	1.09212	0.0517409	
0.0-2.4	10.0-30.0	0.0-100.0	0.000-1.571	0.008	0.136	4926.0	4926.0	3590.73	258.614	1335.97	206.413	-0.642578	0.349373	-0.05	0.0	0.5231	0.518549	3.09249	0.0024002	0.0410151	0.00494315	0.0239338	0.0122064	0.03	0.0	1.492	0.04	1.733	0.07	0.0339582	0.00257812	1.52572e-05	0.000100154	0.336114	0.0690012	0.236663	0.0682407	0.00122367	0.00140879	-6.49045e-05	0.000914364	1.62012	0.0865195	0.824405	0.0281672	0.984835	0.321796	0.664285	0.415594	0.301015	0.510572	0.119932	0.601396	0.361913	0.108557	0.0455054	0.115383	-2358.01	4.0	12396.5	-128323.0	7.0	7730.86	1.0	2325.14	195.78	1265.59	136.361	0.35246	0.0282448	1.0677	0.0357243	
0.0-2.4	10.0-30.0	0.0-100.0	0.393-0.785	0.008	0.105	1259.0	1259.0	884.687	44.8732	375.215	32.3694	-0.490841	0.303132	-0.05	0.0	0.5231	0.0	3.09249	0.0	0.0410151	0.0	0.0239338	0.0	0.03	0.0	1.492	0.04	1.733	0.07	0.0339582	0.0	1.01316e-05	0.00876397	0.244368	0.038828	0.100919	0.169121	0.00498796	0.00652429	-0.00222902	0.00135631	1.74041	0.515379	0.844644	0.0453317	0.711175	0.0473173	0.999999	42.6102	0.310214	0.0645721	0.0316927	0.00234868	0.232226	0.0156354	0.0212904	249.984	-3369.18	4.0	211.63	-17432.7	3.0	14.3587	1.0	577.637	42.892	307.05	34.9835	0.347072	0.0354086	0.973197	0.112232	
0.0-2.4	10.0-30.0	0.0-100.0	0.785-1.178	0.008	0.105	1261.0	1260.0	918.484	79.9302	341.566	46.9257	-1.40177	0.460821	-0.05	0.0	0.5231	0.0	3.09249	0.0	0.0410151	0.0	0.0239338	0.0	0.03	0.0	1.492	0.04	1.733	0.07	0.0339582	0.0	2.91026e-05	5.76628e-05	0.535917	0.495873	0.122074	0.0686439	0.00470031	0.00433712	0.000487838	0.002807	1.84586	0.2159	0.940016	0.101783	0.874412	0.195171	0.999999	0.000367876	0.340763	0.228143	0.0821212	0.0804134	0.605136	0.364341	4.14526	8.50237	1769.32	4.0	8301.65	-53189.5	3.0	782.449	1.0	616.915	97.841	301.569	85.9033	0.328334	0.0890558	1.09165	0.059586	
0.0-2.4	10.0-30.0	0.0-100.0	1.178-1.571	0.008	0.105	1184.0	1184.0	902.021	46.6112	282.817	29.0958	-1.27313	0.366168	-0.05	0.0	0.5231	0.0	3.09249	0.0	0.0410151	0.0	0.0239338	0.0	0.03	0.0	1.492	0.04	1.733	0.07	0.0339582	0.0	3.2121e-05	7.73774e-05	0.283837	0.0593992	0.662879	0.127118	-0.000594368	0.00123554	0.00327476	0.00280616	1.36549	0.0619482	0.66306	0.0765029	0.683151	26.3233	0.816251	14.2727	0.0540814	25.2977	0.00625184	0.765628	0.258129	0.235469	0.0200006	0.362635	-2853.67	4.0	585.229	-18108.8	3.0	2.59233	1.0	573.834	45.7684	328.187	38.7696	0.363836	0.0386507	1.17652	0.0458485	
0.0-2.4	10.0-30.0	10.0-60.0	0.000-0.393	0.008	0.088	790.0	789.0	586.176	38.3868	202.923	24.8974	0.220548	0.386504	-0.05	0.0	0.5231	0.0	3.09249	0.0	0.0410151	0.0	0.0238912	0.0	0.03	0.0	1.492	0.04	1.733	0.07	0.0339439	0.0	1.1122e-05	0.00169269	0.345075	0.0880764	0.236663	0.0	0.00122367	0.0	0.00151417	0.00181156	1.62012	0.0	0.765888	0.0578185	0.670767	8.80417	0.876086	2.08224	0.222718	8.58015	0.001	0.054754	0.222762	0.0951537	0.064976	0.0659733	-1830.24	4.0	419.601	-11820.9	3.0	2.11935	1.0	371.16	36.4314	215.015	30.5733	0.36681	0.0462963	1.0339	0.016347	
0.0-2.4	10.0-30.0	10.0-60.0	0.000-1.571	0.008	0.136	3222.0	3222.0	2426.67	101.761	796.275	60.2885	-0.788832	0.222397	-0.05	0.0	0.5231	0.0	3.09249	0.0	0.0410151	0.0	0.0238912	0.00239538	0.03	0.0	1.492	0.04	1.733	0.07	0.0339439	0.000402021	1.52572e-05	0.000100154	0.400823	0.119515	0.236663	0.0	0.00122367	0.0	0.00127959	0.00113201	1.62012	0.0	0.833309	0.0348959	0.987405	0.0569671	0.600151	0.218005	0.235436	0.221948	0.177361	0.368788	0.405907	0.140113	0.0378461	0.0220494	-763.422	4.0	10533.0	-94463.0	4.0	1178.09	1.0	1582.26	109.537	844.416	94.0732	0.347973	0.0359152	1.07297	0.0103438	
0.0-2.4	10.0-30.0	10.0-60.0	0.393-0.785	0.008	0.105	807.0	807.0	603.788	36.4207	203.224	22.8781	-0.589907	0.377177	-0.05	0.0	0.5231	0.0	3.09249	0.0	0.0410151	0.0	0.0238912	0.0	0.03	0.0	1.492	0.04	1.733	0.07	0.0339439	0.0	1.01316e-05	0.00876397	0.268379	0.053573	0.236663	0.0	0.00122367	0.0	-0.00143743	0.00188866	1.62012	0.0	0.83152	0.0648359	0.620682	0.119905	1.0	7.58638	0.33234	0.124981	0.0379274	0.0153575	0.187864	0.0519357	0.0641922	37.798	-2357.53	4.0	171.188	-10418.0	3.0	2.5104	1.0	395.795	35.2736	207.993	28.8383	0.344481	0.0430053	1.07191	0.0191963	
0.0-2.4	10.0-30.0	10.0-60.0	0.785-1.178	0.008	0.105	850.0	849.0	633.977	75.5123	215.689	41.7646	-1.67998	0.714123	-0.05	0.0	0.5231	0.0	3.09249	0.0	0.0410151	0.0	0.0238912	0.0	0.03	0.0	1.492	0.04	1.733	0.07	0.0339439	0.0	2.91026e-05	5.76628e-05	0.774244	1.45071	0.236663	0.0	0.00122367	0.0	0.00167606	0.00377517	1.62012	0.0	0.943062	0.126861	0.906939	0.287886	1.0	0.00981538	0.282105	0.312082	0.0960741	0.181087	0.74341	1.25859	4.39297	8.57014	732.371	4.0	6513.9	-45325.0	3.0	802.003	1.0	425.44	88.487	208.536	76.6752	0.328934	0.114421	1.14021	0.040047	
0.0-2.4	10.0-30.0	10.0-60.0	1.178-1.571	0.008	0.08	774.0	767.0	601.027	38.5786	166.203	21.7018	-1.22647	0.442683	-0.05	0.0	0.5231	0.0	3.09249	0.0	0.0410151	0.0	0.0238912	0.0	0.03	0.0	1.492	0.04	1.733	0.07	0.0339439	0.0	1.97786e-05	7.38276e-05	0.310618	0.0841484	0.236663	0.0	0.00122367	0.0	0.00378653	0.00208358	1.62012	0.0	0.819375	0.0643892	0.753799	6.36877	0.767753	6.3481	0.0654611	0.700488	0.0197823	0.0325136	0.166142	0.11274	0.0240567	0.0458494	-2059.04	4.0	497.939	-11503.2	3.0	12.8738	1.0	376.89	38.0918	224.137	32.7525	0.372924	0.0489555	1.06474	0.018912	
0.0-2.4	13.0-30.0	0.0-100.0	0.000-0.393	0.008	0.064	458.0	454.0	341.38	28.8241	112.561	19.3321	0.490853	0.748281	-0.05	0.0	0.502274	0.0	3.09308	0.0	0.0398249	0.0	0.0240482	0.0	0.03	0.0	1.492	0.04	1.733	0.07	0.0329312	0.0	5.42312e-05	0.000155716	0.346095	0.123481	0.320965	0.160542	0.00391952	0.00307986	0.00202055	0.00266221	1.50857	0.163159	0.832848	0.0965271	0.80667	0.132141	0.999951	12.3972	0.504961	0.227182	0.0440967	0.0184532	0.145678	0.0391406	0.0200816	42.8758	-574.778	4.0	322.318	-6102.82	3.0	14.334	1.0	209.285	27.8026	132.095	24.1894	0.386944	0.0628761	1.09611	0.0726284	
0.0-2.4	13.0-30.0	0.0-100.0	0.000-1.571	0.008	0.105	1784.0	1784.0	1267.84	64.0851	517.051	52.6231	-0.755692	0.28833	-0.05	0.0	0.502274	0.290326	3.09308	0.00170426	0.0398249	0.00560428	0.0240482	0.00320708	0.03	0.0	1.492	0.04	1.733	0.07	0.0329312	0.0017991	1.00009e-05	0.0022258	0.257942	0.0392208	0.132772	0.0920488	0.00351245	0.00313808	-0.000532258	0.00116475	1.67468	0.204192	0.900955	0.0438213	0.907622	1.15593	0.850726	1.74824	0.333586	0.382859	0.0433016	0.0500617	0.399897	0.22697	0.0433364	0.046287	-3139.91	4.0	758.765	-27890.8	7.0	1682.46	1.0	774.609	55.8781	493.228	47.0201	0.389031	0.0314444	1.03745	0.0520101	
0.0-2.4	13.0-30.0	0.0-100.0	0.393-0.785	0.008	0.064	470.0	463.0	302.521	25.4216	160.93	20.275	-0.573502	0.438057	-0.05	0.0	0.502274	0.0	3.09308	0.0	0.0398249	0.0	0.0240482	0.0	0.03	0.0	1.492	0.04	1.733	0.07	0.0329312	0.0	1.55008e-05	0.000878565	0.250837	0.0601771	0.00883941	0.0082002	0.00999995	0.0180256	-0.00448123	0.00199496	3.31245	1.28622	0.948315	0.0759136	0.714767	0.162317	1.0	12.6004	0.331777	0.162498	0.0342216	0.0217313	0.222281	0.0823119	0.0200042	97.3226	-1168.98	4.0	51.3779	-5045.73	3.0	2.85267	1.0	196.109	23.7336	106.412	19.2787	0.351751	0.056457	0.994153	0.0455859	
0.0-2.4	13.0-30.0	0.0-100.0	0.785-1.178	0.008	0.056	432.0	420.0	299.034	25.1446	121.535	20.137	-1.68056	0.777167	-0.05	0.0	0.502274	0.0	3.09308	0.0	0.0398249	0.0	0.0240482	0.0	0.03	0.0	1.492	0.04	1.733	0.07	0.0329312	0.0	3.39658e-05	0.000104935	0.209912	0.0468229	0.131789	0.1171	0.00298802	0.00557481	0.000519021	0.00225207	1.76077	0.331988	0.921344	0.0851675	0.895356	0.170164	1.0	0.0409591	0.388836	0.192007	0.0834328	0.0785436	0.898556	1.27149	4.8553	22.7758	-873.628	4.0	43.7648	-4989.17	3.0	124.054	1.0	185.88	23.3115	113.154	19.7398	0.378397	0.0578377	1.07032	0.0781039	
0.0-2.4	13.0-30.0	0.0-100.0	1.178-1.571	0.008	0.08	423.0	423.0	314.683	29.4195	108.556	20.4535	-1.36361	0.689889	-0.05	0.0	0.502274	0.0	3.09308	0.0	0.0398249	0.0	0.0240482	0.0	0.03	0.0	1.492	0.04	1.733	0.07	0.0329312	0.0	1.65646e-05	0.000171567	0.280349	0.0997563	0.867045	0.0572375	0.000445439	0.00122049	0.00319163	0.00709918	1.22585	0.0404956	0.6	0.182059	1.0	11.7249	0.96102	1.40643	0.209853	1.21555	0.00514298	0.663729	0.359195	0.410255	0.020001	0.696591	-615.658	4.0	381.556	-6188.23	3.0	14.4957	1.0	176.51	26.553	138.173	24.4872	0.439087	0.0661072	1.16223	0.02408	
0.0-2.4	13.0-30.0	10.0-60.0	0.000-0.393	0.008	0.064	286.0	281.0	213.363	21.3691	68.5826	12.7801	-0.351247	0.611902	-0.05	0.0	0.502274	0.0	3.09308	0.0	0.0398249	0.0	0.0228254	0.0	0.03	0.0	1.492	0.04	1.733	0.07	0.0324951	0.0	5.42312e-05	0.000155716	0.298279	0.144092	0.132772	0.0	0.00351245	0.0	0.00206951	0.00263875	1.67468	0.0	0.882689	0.0943449	0.715238	8.34438	0.90277	9.69285	0.333785	10.5573	0.00104402	0.280103	0.163309	0.108808	0.0762084	0.199495	-890.869	4.0	125.227	-3097.76	3.0	3.98851	1.0	149.968	22.2254	63.3956	17.5695	0.297125	0.0767806	1.02375	0.0352725	
0.0-2.4	13.0-30.0	10.0-60.0	0.000-1.571	0.008	0.08	1146.0	1142.0	831.823	43.7984	310.831	30.7628	-0.866913	0.335481	-0.05	0.0	0.502274	0.0	3.09308	0.0	0.0398249	0.0	0.0228254	0.00186682	0.03	0.0	1.492	0.04	1.733	0.07	0.0324951	0.000326335	1.60278e-05	0.000108096	0.273944	0.0586414	0.132772	0.0	0.00351245	0.0	0.000856338	0.00138028	1.67468	0.0	0.903663	0.0545125	0.777084	0.872297	0.855057	1.01593	0.214853	0.341149	0.028636	0.0362976	0.434675	0.23134	0.0321951	0.0306919	-2359.52	4.0	552.721	-16455.3	4.0	132.551	1.0	546.524	42.3535	285.299	34.5166	0.34298	0.0373593	1.0395	0.0205486	
0.0-2.4	13.0-30.0	10.0-60.0	0.393-0.785	0.008	0.064	279.0	277.0	188.835	19.5853	89.011	14.6041	-0.524485	0.568758	-0.05	0.0	0.502274	0.0	3.09308	0.0	0.0398249	0.0	0.0228254	0.0	0.03	0.0	1.492	0.04	1.733	0.07	0.0324951	0.0	1.55008e-05	0.000878565	0.252781	0.0858145	0.132772	0.0	0.00351245	0.0	-0.00376649	0.00299557	1.67468	0.0	1.0354	0.122379	0.598314	0.341636	1.0	7.33649	0.268186	0.353418	0.0409109	0.0369658	0.216886	0.121134	0.0247705	21.176	-760.32	4.0	31.3565	-2676.27	3.0	1.10264	1.0	131.419	19.0604	57.4156	14.5937	0.304052	0.070556	1.14109	0.0481502	
0.0-2.4	13.0-30.0	10.0-60.0	0.785-1.178	0.012	0.044	297.0	282.0	195.127	20.3115	87.8224	17.7351	-1.77025	1.03691	-0.05	0.0	0.502274	0.0	3.09308	0.0	0.0398249	0.0	0.0228254	0.0	0.03	0.0	1.492	0.04	1.733	0.07	0.0324951	0.0	3.14561e-05	0.000114974	0.210422	0.0548221	0.132772	0.0	0.00351245	0.0	0.00135674	0.00266421	1.67468	0.0	0.974026	0.0993361	1.0	29.7501	1.0	0.0595551	0.34372	0.125786	0.00428427	47.8468	1.01721	1.44449	4.96487	1.81998	-494.29	4.0	15.227	-3175.69	3.0	146.508	1.0	131.96	18.4313	63.1669	13.9378	0.323722	0.0629811	1.09322	0.0383772	
0.0-2.4	13.0-30.0	10.0-60.0	1.178-1.571	0.008	0.08	282.0	282.0	227.309	25.1187	55.14	14.0068	-1.13048	0.821353	-0.05	0.0	0.502274	0.0	3.09308	0.0	0.0398249	0.0	0.0228254	0.0	0.03	0.0	1.492	0.04	1.733	0.07	0.0324951	0.0	1.65646e-05	0.000171567	0.331351	0.146994	0.132772	0.0	0.00351245	0.0	0.00140705	0.00259383	1.67468	0.0	0.772461	0.0958034	0.806399	0.113845	0.999999	29.7454	0.158843	0.110886	0.0172629	0.00640482	0.267728	0.0631002	0.0234911	122.469	-630.215	4.0	299.416	-4084.52	3.0	5.48641	1.0	126.515	22.9394	100.795	21.3266	0.443425	0.0800092	0.943312	0.0340177	
0.0-2.4	6.5-10.0	0.0-100.0	0.000-0.393	0.016	0.152	5275.0	5262.0	2721.23	117.676	2540.98	108.257	-0.13337	0.14165	-0.05	0.0	0.325149	0.0	3.09212	0.0	0.061759	0.0	0.0260498	0.0	0.03	0.0	1.492	0.04	1.733	0.07	0.0412083	0.0	1.90055e-05	0.000117681	0.332855	0.0974993	0.138357	0.0473332	0.00466897	0.00498227	0.00244241	0.00143784	1.9815	0.167728	0.948904	0.0290402	0.530483	2.42448	0.903684	0.440831	0.507712	1.98207	0.0233351	0.0742794	0.202018	0.0589538	0.235111	0.27344	-14524.4	4.0	5841.73	-155600.0	3.0	269.831	1.0	2051.51	138.876	669.719	110.703	0.246109	0.0392643	1.14851	0.0384653	
0.0-2.4	6.5-10.0	0.0-100.0	0.000-1.571	0.008	0.136	18936.0	18872.0	9977.1	598.664	8895.3	592.416	-0.0835916	0.0967893	-0.05	0.0	0.325149	0.283477	3.09212	0.00097089	0.061759	0.0320044	0.0260498	0.0053381	0.03	0.0	1.492	0.04	1.733	0.07	0.0412083	0.00788059	2.70702e-05	5.76409e-05	0.346051	0.0605324	0.173814	0.044334	0.00399264	0.00245512	0.00425965	0.000846897	1.78243	0.0904393	0.96332	0.0194761	0.471453	0.394473	0.792132	0.39734	0.507156	0.348365	0.0371761	0.0466677	0.259406	0.08415	0.142667	0.143734	-17381.5	4.0	36753.6	-669061.0	7.0	757687.0	1.0	7383.18	496.816	2593.92	273.47	0.259987	0.0225372	1.14844	0.0257971	
0.0-2.4	6.5-10.0	0.0-100.0	0.393-0.785	0.016	0.145	5094.0	5090.0	2611.03	107.105	2479.1	107.661	-0.26574	0.145486	-0.05	0.0	0.325149	0.0	3.09212	0.0	0.061759	0.0	0.0260498	0.0	0.03	0.0	1.492	0.04	1.733	0.07	0.0412083	0.0	1.01928e-05	2.11886	0.32548	0.0610438	0.175237	0.0863871	0.00684653	0.00488837	0.00644502	0.00170245	1.78736	0.174703	1.02979	0.040469	0.563543	0.442613	0.864588	1.01597	0.537706	0.404069	0.0667918	0.141269	0.289516	0.279332	0.252206	1.04497	-14137.7	4.0	1618.65	-134752.0	3.0	42.8063	1.0	1928.97	112.617	682.061	84.8783	0.261223	0.0306908	1.19769	0.0469971	
0.0-2.4	6.5-10.0	0.0-100.0	0.785-1.178	0.016	0.152	4555.0	4555.0	2421.38	118.113	2133.9	109.885	0.200701	0.168039	-0.05	0.0	0.325149	0.0	3.09212	0.0	0.061759	0.0	0.0260498	0.0	0.03	0.0	1.492	0.04	1.733	0.07	0.0412083	0.0	6.29812e-05	0.000142295	0.484888	0.29054	0.099274	0.0560735	0.00969724	0.0193283	0.00307883	0.00200097	1.94297	0.233692	1.06494	0.0500433	0.571706	1.86138	0.560954	1.09502	0.698889	0.661544	0.0354348	0.168384	0.25274	0.173454	0.1146	0.0889207	18426.2	4.0	20571.1	-192228.0	3.0	322.985	1.0	1715.48	178.598	705.902	161.495	0.291528	0.0651617	1.18164	0.041929	
0.0-2.4	6.5-10.0	0.0-100.0	1.178-1.571	0.016	0.152	4010.0	4008.0	2216.66	90.9985	1792.03	86.9699	-0.189003	0.152888	-0.05	0.0	0.325149	0.0	3.09212	0.0	0.061759	0.0	0.0260498	0.0	0.03	0.0	1.492	0.04	1.733	0.07	0.0412083	0.0	5.59521e-05	0.000206186	0.238948	0.0293583	0.652049	0.158969	-0.000734564	0.0019028	0.00292695	0.00225678	1.37047	0.0645511	0.633197	0.0491333	0.708909	0.73812	0.692306	1.56023	0.537311	0.249502	0.0665751	0.0296871	0.339424	0.259193	0.0659527	0.0351239	-13341.0	4.0	113.99	-91551.0	3.0	166.836	1.0	1672.27	88.5758	544.393	60.2686	0.245592	0.0252505	1.16798	0.0561948	
0.0-2.4	6.5-10.0	10.0-60.0	0.000-0.393	0.016	0.152	3138.0	3138.0	1772.84	85.2835	1365.66	72.4324	-0.219219	0.174643	-0.05	0.0	0.325149	0.0	3.09212	0.0	0.061759	0.0	0.0263692	0.0	0.03	0.0	1.492	0.04	1.733	0.07	0.0413452	0.0	1.90055e-05	0.000117681	0.209958	0.0412962	0.173814	0.0	0.00399264	0.0	0.00219514	0.00168094	1.78243	0.0	0.887428	0.0352188	0.408566	2.85126	0.955263	0.315851	0.376923	3.80166	0.021891	0.0733703	0.2048	0.0497615	0.171624	0.190036	-12518.9	4.0	1454.63	-72903.7	3.0	174.962	1.0	1272.02	96.9599	500.823	78.9767	0.282498	0.0424248	1.09675	0.0117719	
0.0-2.4	6.5-10.0	10.0-60.0	0.000-1.571	0.008	0.16	11009.0	11009.0	6434.22	167.896	4575.49	141.474	-0.179743	0.112155	-0.05	0.0	0.325149	0.0	3.09212	0.0	0.061759	0.0	0.0263692	0.000825215	0.03	0.0	1.492	0.04	1.733	0.07	0.0413452	0.000177589	1.92169e-05	7.62105e-05	0.307381	0.0711528	0.173814	0.0	0.00399264	0.0	0.00367954	0.00109457	1.78243	0.0	0.916101	0.0225474	0.484301	0.348634	0.842606	0.375191	0.486869	0.332365	0.0362181	0.039132	0.255599	0.103874	0.176005	0.264456	4525.61	4.0	40764.5	-373707.0	4.0	982.511	1.0	4716.91	233.576	1717.31	203.51	0.266903	0.030853	1.11606	0.0076454	
0.0-2.4	6.5-10.0	10.0-60.0	0.393-0.785	0.016	0.145	3046.0	3045.0	1716.87	82.181	1328.3	78.2045	-0.201083	0.196834	-0.05	0.0	0.325149	0.0	3.09212	0.0	0.061759	0.0	0.0263692	0.0	0.03	0.0	1.492	0.04	1.733	0.07	0.0413452	0.0	1.01928e-05	2.11886	0.249083	0.0429664	0.173814	0.0	0.00399264	0.0	0.005795	0.00191213	1.78243	0.0	0.966158	0.0489329	0.503336	0.641869	0.844251	0.673414	0.522165	0.606378	0.0487939	0.0959921	0.354773	0.45076	0.293993	1.02635	-10834.0	4.0	366.567	-71594.4	3.0	82.1419	1.0	1260.24	85.3169	456.623	64.1696	0.265963	0.035141	1.1504	0.0169765	
0.0-2.4	6.5-10.0	10.0-60.0	0.785-1.178	0.016	0.152	2543.0	2543.0	1544.4	100.299	998.589	74.4545	0.0630184	0.301428	-0.05	0.0	0.325149	0.0	3.09212	0.0	0.061759	0.0	0.0263692	0.0	0.03	0.0	1.492	0.04	1.733	0.07	0.0413452	0.0	6.29812e-05	0.000142295	0.607712	0.6523	0.173814	0.0	0.00399264	0.0	0.00322423	0.00305228	1.78243	0.0	0.999687	0.0661233	0.777105	16.6558	0.604247	23.1549	0.745755	10.0991	0.00105307	2.51705	0.18532	0.192489	0.179222	0.252746	21505.8	4.0	17708.5	-123965.0	3.0	223.586	1.0	1106.07	158.681	438.331	144.326	0.283819	0.0916152	1.17383	0.0232627	
0.0-2.4	6.5-10.0	10.0-60.0	1.178-1.571	0.016	0.136	2281.0	2279.0	1406.19	69.1738	873.469	57.8952	-0.364153	0.221296	-0.05	0.0	0.325149	0.0	3.09212	0.0	0.061759	0.0	0.0263692	0.0	0.03	0.0	1.492	0.04	1.733	0.07	0.0413452	0.0	5.49261e-05	0.000220802	0.241333	0.0351046	0.173814	0.0	0.00399264	0.0	0.00105978	0.00164913	1.78243	0.0	0.866111	0.0199284	0.640147	6.89769	0.935293	6.66939	0.418056	13.7104	0.0742369	0.751838	0.215377	2.42378	0.0409207	189.489	-8389.63	4.0	6477.12	-46414.6	3.0	4.60215	1.0	1027.88	68.1229	378.309	49.2986	0.269031	0.0324644	1.08258	0.00658617	
0.0-2.4	6.5-30.0	0.0-10.0	0.000-0.393	0.008	0.136	2461.0	2441.0	1155.04	83.5109	1286.42	83.4652	0.0558128	0.215167	-0.05	0.0	0.340827	0.0	3.09226	0.0	0.0552734	0.0	0.0250903	0.0	0.03	0.0	1.492	0.04	1.733	0.07	0.0381607	0.0	2.92627e-05	6.86787e-05	0.518616	0.331274	0.19835	0.0	0.00208889	0.0	0.00141499	0.00255117	1.70743	0.0	0.955131	0.0565752	0.700179	1.16041	0.826644	0.389156	0.491566	1.09523	0.0281576	0.0739887	0.105713	0.110721	0.414876	0.425872	-4624.01	4.0	3491.54	-76113.7	3.0	73.6164	1.0	837.671	97.9526	317.365	80.3313	0.274766	0.0666511	1.14437	0.0189268	
0.0-2.4	6.5-30.0	0.0-10.0	0.000-1.571	0.008	0.136	9080.0	9033.0	4240.91	145.555	4792.87	151.303	-0.00300918	0.10278	-0.05	0.0	0.340827	0.0	3.09226	0.0	0.0552734	0.0	0.0250903	0.00151856	0.03	0.0	1.492	0.04	1.733	0.07	0.0381607	0.000329072	1.61666e-05	1.68756e-05	0.345449	0.0663811	0.19835	0.0	0.00208889	0.0	0.00301133	0.00121071	1.70743	0.0	1.02105	0.0307184	0.597195	0.564022	0.848177	2.06283	0.58588	0.307378	0.0561455	0.152005	0.256284	0.262676	0.160394	1.01243	-21296.5	4.0	5999.2	-264511.0	4.0	39.214	1.0	3040.22	158.911	1200.7	126.739	0.283122	0.028261	1.18912	0.0105724	
0.0-2.4	6.5-30.0	0.0-10.0	0.393-0.785	0.008	0.145	2352.0	2350.0	1036.61	69.1988	1313.59	76.4454	-0.348056	0.19882	-0.05	0.0	0.340827	0.0	3.09226	0.0	0.0552734	0.0	0.0250903	0.0	0.03	0.0	1.492	0.04	1.733	0.07	0.0381607	0.0	2.84864e-05	5.39292e-05	0.366205	0.112645	0.19835	0.0	0.00208889	0.0	0.00345646	0.00234395	1.70743	0.0	1.06013	0.061502	0.706702	0.0241384	1.0	231.639	0.552694	0.00278697	0.111017	0.0135319	0.237166	0.00419406	0.199451	663.38	-4004.41	4.0	1097.01	-55509.5	3.0	6.39983	1.0	716.607	71.5748	320.004	57.3664	0.308703	0.0513604	1.21623	0.0214877	
0.0-2.4	6.5-30.0	0.0-10.0	0.785-1.178	0.008	0.128	2264.0	2261.0	1075.49	68.8149	1186.54	71.3084	0.370209	0.19736	-0.05	0.0	0.340827	0.0	3.09226	0.0	0.0552734	0.0	0.0250903	0.0	0.03	0.0	1.492	0.04	1.733	0.07	0.0381607	0.0	2.19419e-05	6.75748	0.271163	0.061235	0.19835	0.0	0.00208889	0.0	0.00414572	0.00222541	1.70743	0.0	0.963949	0.0642123	0.36053	1.61041	0.867448	1.53355	0.503272	1.64024	0.0491859	0.0970028	0.267095	0.19699	0.060319	0.0473938	-7787.9	4.0	576.721	-52309.2	3.0	2.02733	1.0	710.893	70.8028	364.6	59.0617	0.339007	0.0504505	1.15028	0.0215687	
0.0-2.4	6.5-30.0	0.0-10.0	1.178-1.571	0.008	0.152	2001.0	1999.0	970.571	61.1374	1029.22	66.8848	-0.170302	0.198631	-0.05	0.0	0.340827	0.0	3.09226	0.0	0.0552734	0.0	0.0250903	0.0	0.03	0.0	1.492	0.04	1.733	0.07	0.0381607	0.0	1.0825e-05	4.3417e-05	0.202102	0.0368045	0.19835	0.0	0.00208889	0.0	0.00109109	0.00213125	1.70743	0.0	0.911374	0.0609711	0.48368	0.331176	0.575303	0.75945	0.259108	0.604215	0.0457185	0.0327016	0.495817	0.420862	0.0470496	0.0495199	-5322.33	4.0	51.5981	-41391.3	3.0	280.964	1.0	732.709	60.2121	237.862	41.4703	0.245075	0.0398414	1.1154	0.0199686	
0.0-2.4	6.5-30.0	0.0-100.0	0.000-0.393	0.008	0.152	6496.0	6483.0	3610.43	126.382	2872.8	111.765	-0.0590957	0.130183	-0.05	0.0	0.340827	0.0	3.09226	0.0	0.0552734	0.0	0.0257791	0.0	0.03	0.0	1.492	0.04	1.733	0.07	0.0384622	0.0	1.87871e-05	0.000150437	0.329112	0.0659647	0.188773	0.046412	0.00195616	0.00245764	0.00264258	0.00116015	1.81358	0.104055	0.909208	0.0266999	0.572761	0.583009	0.89	0.177005	0.519412	0.492048	0.0227181	0.0304676	0.205583	0.0530133	0.209083	0.204552	-17111.6	4.0	6101.51	-183557.0	3.0	116.189	1.0	2582.43	139.589	1028.0	112.287	0.284731	0.0294603	1.13644	0.0308675	
0.0-2.4	6.5-30.0	0.0-100.0	0.000-1.571	0.004	0.164	23862.0	23849.0	13542.0	575.848	10308.5	562.989	-0.160509	0.0865131	-0.05	0.0	0.340827	0.263243	3.09226	0.000779015	0.0552734	0.0198079	0.0257791	0.00439459	0.03	0.0	1.492	0.04	1.733	0.07	0.0384622	0.00494712	1.00456e-05	6.70688e-06	0.335799	0.0433335	0.19835	0.0380118	0.00208889	0.00129289	0.00290587	0.000648019	1.70743	0.0628596	0.929705	0.016387	0.578808	1.31548	0.720825	0.627681	0.492128	0.798628	0.0318983	0.0808637	0.310386	0.0929634	0.11739	0.0965523	-15722.1	4.0	52939.8	-840056.0	7.0	895169.0	1.0	9650.47	475.229	3891.49	291.244	0.287365	0.017698	1.12746	0.020428	
0.0-2.4	6.5-30.0	0.0-100.0	0.393-0.785	0.008	0.145	6354.0	6350.0	3486.25	116.003	2863.88	111.744	-0.283993	0.132244	-0.05	0.0	0.340827	0.0	3.09226	0.0	0.0552734	0.0	0.0257791	0.0	0.03	0.0	1.492	0.04	1.733	0.07	0.0384622	0.0	2.84864e-05	5.39292e-05	0.295666	0.0399933	0.147166	0.0720109	0.00527986	0.00343352	0.00306841	0.00119849	1.76284	0.161967	0.988245	0.0328574	0.607036	0.838304	0.886526	0.574244	0.495419	0.58625	0.0602818	0.132039	0.265234	0.147024	0.252119	0.728481	-17075.6	4.0	1886.13	-159754.0	3.0	102.665	1.0	2471.61	119.505	1014.64	93.0465	0.291039	0.0248706	1.13589	0.0403906	
0.0-2.4	6.5-30.0	0.0-100.0	0.785-1.178	0.008	0.152	5816.0	5816.0	3334.96	144.185	2481.4	120.229	-0.00197008	0.159333	-0.05	0.0	0.340827	0.0	3.09226	0.0	0.0552734	0.0	0.0257791	0.0	0.03	0.0	1.492	0.04	1.733	0.07	0.0384622	0.0	1.02728e-05	0.00383331	0.474239	0.236382	0.110192	0.0438595	0.00642572	0.00380672	0.0047591	0.00162161	1.89395	0.158315	1.02474	0.044114	0.17314	499.727	0.807258	366.606	8.64528e-07	7980.93	0.00816251	99.0545	0.487243	120.15	0.102358	46.5551	21908.3	4.0	34708.1	-260450.0	3.0	604.774	1.0	2358.71	192.654	976.248	168.813	0.292731	0.0490114	1.1531	0.0330368	
0.0-2.4	6.5-30.0	0.0-100.0	1.178-1.571	0.008	0.152	5195.0	5193.0	3114.19	102.224	2079.34	91.0866	-0.321309	0.142028	-0.05	0.0	0.340827	0.0	3.09226	0.0	0.0552734	0.0	0.0257791	0.0	0.03	0.0	1.492	0.04	1.733	0.07	0.0384622	0.0	1.0825e-05	4.3417e-05	0.254287	0.0285865	0.588479	0.127844	-0.000847859	0.00122532	0.00259998	0.00159122	1.39348	0.0566297	0.665588	0.0376351	0.775801	0.720106	0.586265	0.974943	0.422435	0.223171	0.0601095	0.0315884	0.323395	0.172167	0.0553962	0.0331791	-15659.1	4.0	587.866	-116189.0	3.0	173.369	1.0	2234.24	100.034	879.944	73.9082	0.28256	0.0218452	1.15109	0.0464623	
0.0-2.4	6.5-30.0	10.0-20.0	0.000-0.393	0.008	0.128	1633.0	1631.0	861.576	54.4893	770.305	51.1163	0.10915	0.220579	-0.05	0.0	0.340827	0.0	3.09226	0.0	0.0552734	0.0	0.0252857	0.0	0.03	0.0	1.492	0.04	1.733	0.07	0.0382457	0.0	1.21272e-05	9.04109	0.2513	0.045216	0.19835	0.0	0.00208889	0.0	-0.00171379	0.00216717	1.70743	0.0	0.913426	0.0515945	0.503951	10.3756	0.876195	1.87594	0.23823	7.09745	0.00100251	1.52963	0.165056	0.0415135	0.136199	0.0843666	-5333.04	4.0	216.214	-29444.9	3.0	8.59965	1.0	557.265	54.2383	304.311	45.4983	0.353203	0.047851	1.11674	0.0169153	
0.0-2.4	6.5-30.0	10.0-20.0	0.000-1.571	0.008	0.16	5838.0	5838.0	3145.52	129.868	2692.88	113.985	-0.137075	0.132757	-0.05	0.0	0.340827	0.0	3.09226	0.0	0.0552734	0.0	0.0252857	0.00159673	0.03	0.0	1.492	0.04	1.733	0.07	0.0382456	0.000347932	1.13588e-05	0.0219528	0.351644	0.102047	0.19835	0.0	0.00208889	0.0	0.00214047	0.00145914	1.70743	0.0	0.923592	0.0338267	0.60374	9.47976	0.854882	1.7736	0.415136	7.34723	0.0422518	0.904639	0.167641	2.37193	0.421978	7.20032	-7503.38	4.0	10508.6	-172277.0	4.0	1751.03	1.0	2195.55	158.915	949.962	136.291	0.302005	0.041496	1.12342	0.0111468	
0.0-2.4	6.5-30.0	10.0-20.0	0.393-0.785	0.008	0.128	1519.0	1514.0	776.888	53.7798	737.708	54.8892	-0.126105	0.264466	-0.05	0.0	0.340827	0.0	3.09226	0.0	0.0552734	0.0	0.0252857	0.0	0.03	0.0	1.492	0.04	1.733	0.07	0.0382457	0.0	2.00232e-05	3.80084e-05	0.239482	0.0563894	0.19835	0.0	0.00208889	0.0	0.00223857	0.00289406	1.70743	0.0	0.877141	0.0802965	0.566046	0.12521	0.848311	0.144003	0.153867	0.120221	0.0433114	0.0164383	0.128576	0.0227342	0.232435	0.144215	-5597.94	4.0	79.0104	-28558.7	3.0	60.9772	1.0	582.074	57.0632	194.814	42.5967	0.250762	0.0520095	1.09317	0.0258245	
0.0-2.4	6.5-30.0	10.0-20.0	0.785-1.178	0.008	0.152	1446.0	1446.0	774.86	86.189	671.173	67.4499	-0.21976	0.299244	-0.05	0.0	0.340827	0.0	3.09226	0.0	0.0552734	0.0	0.0252857	0.0	0.03	0.0	1.492	0.04	1.733	0.07	0.0382457	0.0	1.02728e-05	0.00383331	0.68225	1.0227	0.19835	0.0	0.00208889	0.0	0.00324006	0.00412834	1.70743	0.0	1.06653	0.111563	0.965388	32.2335	0.46634	9.47132	0.671478	5.9314	0.00100755	4.9969	0.776235	1.46883	0.148589	0.237587	1164.07	4.0	7558.93	-64032.6	3.0	1425.19	1.0	539.669	109.47	235.191	95.2091	0.303527	0.118143	1.2207	0.0390695	
0.0-2.4	6.5-30.0	10.0-20.0	1.178-1.571	0.008	0.12	1240.0	1238.0	734.721	49.6043	503.831	42.9793	-0.383701	0.284473	-0.05	0.0	0.340827	0.0	3.09226	0.0	0.0552734	0.0	0.0252857	0.0	0.03	0.0	1.492	0.04	1.733	0.07	0.0382457	0.0	1.01172e-05	3.47073	0.276811	0.0584173	0.19835	0.0	0.00208889	0.0	0.00194784	0.00235369	1.70743	0.0	0.860162	0.0475991	0.612105	13.2715	0.49341	14.2259	0.298291	12.0633	0.00100241	0.284573	0.258424	0.142521	0.0787143	0.034752	-3686.16	4.0	190.177	-21980.3	3.0	0.0700602	1.0	481.067	48.6517	253.654	40.0671	0.345238	0.0493016	1.0823	0.015163	
0.0-2.4	6.5-30.0	10.0-30.0	0.000-0.393	0.008	0.128	2726.0	2722.0	1544.78	80.5054	1177.98	67.0164	-0.0463778	0.183457	-0.05	0.0	0.340827	0.0	3.09226	0.0	0.0552734	0.0	0.0256407	0.0	0.03	0.0	1.492	0.04	1.733	0.07	0.0384011	0.0	1.21272e-05	9.04109	0.28133	0.05265	0.19835	0.0	0.00208889	0.0	0.00150173	0.00163586	1.70743	0.0	0.887381	0.0388766	0.63541	0.529546	0.894876	0.235966	0.50653	0.375029	0.0262671	0.0241749	0.166366	0.0403078	0.142924	0.169716	-9646.56	4.0	1707.92	-64134.2	3.0	230.181	1.0	1030.59	84.4085	514.196	70.415	0.332859	0.0421527	1.09978	0.0125733	
0.0-2.4	6.5-30.0	10.0-30.0	0.000-1.571	0.004	0.164	9825.0	9825.0	5668.9	170.33	4156.76	138.334	-0.157163	0.118541	-0.05	0.0	0.340827	0.0	3.09226	0.0	0.0552734	0.0	0.0256407	0.000988615	0.03	0.0	1.492	0.04	1.733	0.07	0.0384012	0.000217562	1.00456e-05	6.70688e-06	0.40231	0.108986	0.19835	0.0	0.00208889	0.0	0.00322253	0.00104977	1.70743	0.0	0.909975	0.0240228	0.530178	5.9748	0.824082	3.08626	0.484425	4.44481	0.0337553	0.364444	0.237573	0.676922	0.173687	1.65149	15761.5	4.0	34901.5	-371341.0	4.0	895.85	1.0	3925.43	223.634	1743.47	197.093	0.30755	0.0335168	1.11448	0.00786207	
0.0-2.4	6.5-30.0	10.0-30.0	0.393-0.785	0.008	0.145	2608.0	2606.0	1436.06	71.5577	1170.93	67.3021	-0.0906802	0.203507	-0.05	0.0	0.340827	0.0	3.09226	0.0	0.0552734	0.0	0.0256407	0.0	0.03	0.0	1.492	0.04	1.733	0.07	0.0384011	0.0	2.84864e-05	5.39292e-05	0.249473	0.0403551	0.19835	0.0	0.00208889	0.0	0.00374382	0.00199165	1.70743	0.0	0.874629	0.0524498	0.48696	0.141116	0.849174	0.129887	0.378057	0.146936	0.0385822	0.01624	0.15729	0.0319009	0.243159	0.132661	-9571.54	4.0	322.519	-53112.1	3.0	40.0589	1.0	991.678	73.2867	444.385	58.4764	0.309447	0.0376876	1.09156	0.0168452	
0.0-2.4	6.5-30.0	10.0-30.0	0.785-1.178	0.008	0.152	2391.0	2391.0	1405.42	115.386	985.657	85.0536	-0.208729	0.329784	-0.05	0.0	0.340827	0.0	3.09226	0.0	0.0552734	0.0	0.0256407	0.0	0.03	0.0	1.492	0.04	1.733	0.07	0.0384011	0.0	1.02728e-05	0.00383331	0.871629	1.80927	0.19835	0.0	0.00208889	0.0	0.00311993	0.00367733	1.70743	0.0	1.01378	0.097466	0.938733	30.5404	0.58691	9.74333	0.702103	7.16943	0.00100074	2.06503	0.494008	0.435901	0.163624	0.120191	22747.5	4.0	20482.5	-153396.0	3.0	1289.28	1.0	936.299	174.384	469.125	161.196	0.333796	0.111374	1.18413	0.0334469	
0.0-2.4	6.5-30.0	10.0-30.0	1.178-1.571	0.008	0.145	2099.0	2099.0	1285.15	65.8768	814.682	54.9157	-0.322253	0.226708	-0.05	0.0	0.340827	0.0	3.09226	0.0	0.0552734	0.0	0.0256407	0.0	0.03	0.0	1.492	0.04	1.733	0.07	0.0384011	0.0	1.38171e-05	4.85666e-05	0.300183	0.189365	0.19835	0.0	0.00208889	0.0	0.000216469	0.00578091	1.70743	0.0	0.854084	0.043608	0.718971	0.132185	0.484829	0.347412	0.11819	0.405921	0.0799675	0.0363012	0.219804	0.0578119	0.0200009	0.3709	-6498.79	4.0	4289460.0	-42447.7	3.0	2.971	1.0	902.31	162.591	382.845	157.104	0.297898	0.121288	1.07844	0.0138429	
0.0-2.4	6.5-30.0	10.0-60.0	0.000-0.393	0.008	0.152	3929.0	3929.0	2355.53	93.2786	1573.46	76.1168	-0.149533	0.159719	-0.05	0.0	0.340827	0.0	3.09226	0.0	0.0552734	0.0	0.025997	0.0	0.03	0.0	1.492	0.04	1.733	0.07	0.0385587	0.0	1.87871e-05	0.000150437	0.252662	0.0379032	0.19835	0.0	0.00208889	0.0	0.00135621	0.00126658	1.70743	0.0	0.868192	0.0306179	0.658215	1.0546	0.927805	0.203414	0.550855	0.67407	0.027166	0.0530607	0.208023	0.044585	0.15293	0.193557	-14214.1	4.0	1689.07	-89677.9	3.0	113.922	1.0	1645.51	98.8371	710.02	79.456	0.301427	0.0315491	1.08743	0.00979818	
0.0-2.4	6.5-30.0	10.0-60.0	0.000-1.571	0.004	0.164	14232.0	14232.0	8851.84	197.716	5380.62	154.557	-0.254694	0.100132	-0.05	0.0	0.340827	0.0	3.09226	0.0	0.0552734	0.0	0.025997	0.000741228	0.03	0.0	1.492	0.04	1.733	0.07	0.0385587	0.00016471	1.00456e-05	6.70688e-06	0.332256	0.058174	0.19835	0.0	0.00208889	0.0	0.0014388	0.00080031	1.70743	0.0	0.861308	0.0189102	0.888332	0.098217	0.418758	0.234171	0.321125	0.357623	0.186381	0.122306	0.308009	0.0554758	0.0387129	0.0190716	4470.14	4.0	49920.4	-493939.0	4.0	328.011	1.0	6264.58	251.196	2587.26	216.471	0.292285	0.0235674	1.08303	0.00602792	
0.0-2.4	6.5-30.0	10.0-60.0	0.393-0.785	0.008	0.145	3853.0	3852.0	2313.88	89.7868	1538.36	81.0491	-0.239243	0.177982	-0.05	0.0	0.340827	0.0	3.09226	0.0	0.0552734	0.0	0.025997	0.0	0.03	0.0	1.492	0.04	1.733	0.07	0.0385587	0.0	2.84864e-05	5.39292e-05	0.25103	0.0330643	0.19835	0.0	0.00208889	0.0	0.00337881	0.00149021	1.70743	0.0	0.907701	0.0426972	0.495185	0.431794	0.892464	0.373505	0.427374	0.519702	0.0438426	0.0589266	0.290585	0.243448	0.308642	0.969497	-12887.1	4.0	497.133	-86493.3	3.0	118.818	1.0	1638.73	90.8654	675.146	69.9953	0.291782	0.0280515	1.11299	0.0139574	
0.0-2.4	6.5-30.0	10.0-60.0	0.785-1.178	0.008	0.152	3393.0	3393.0	2172.55	127.482	1221.15	87.5718	-0.217251	0.266213	-0.05	0.0	0.340827	0.0	3.09226	0.0	0.0552734	0.0	0.025997	0.0	0.03	0.0	1.492	0.04	1.733	0.07	0.0385587	0.0	1.02728e-05	0.00383331	0.598215	0.527581	0.19835	0.0	0.00208889	0.0	0.00331282	0.00239863	1.70743	0.0	0.984982	0.0593723	0.332209	18.93	0.807951	9.75554	0.331456	32.7618	0.00106852	0.685735	0.596917	0.664528	0.147819	0.11403	23632.3	4.0	28846.3	-181379.0	3.0	827.754	1.0	1541.31	168.989	631.237	147.477	0.290551	0.0657058	1.16448	0.0201297	
0.0-2.4	6.5-30.0	10.0-60.0	1.178-1.571	0.008	0.152	3056.0	3056.0	2014.44	79.4615	1041.66	61.5153	-0.475209	0.198912	-0.05	0.0	0.340827	0.0	3.09226	0.0	0.0552734	0.0	0.025997	0.0	0.03	0.0	1.492	0.04	1.733	0.07	0.0385587	0.0	1.0825e-05	4.3417e-05	0.278015	0.0394218	0.19835	0.0	0.00208889	0.0	0.00201564	0.00127646	1.70743	0.0	0.8285	0.0205448	0.692114	0.106249	0.601755	0.406926	0.11523	0.386449	0.0722902	0.0242722	0.208968	0.0424983	0.02	0.0786166	-10019.2	4.0	845.878	-62215.4	3.0	2.7212	1.0	1404.24	78.7675	610.198	60.9544	0.302912	0.0277996	1.06232	0.00642236	
0.0-2.4	6.5-30.0	20.0-30.0	0.000-0.393	0.008	0.105	1093.0	1086.0	684.404	59.4746	402.393	42.7424	-0.302293	0.326516	-0.05	0.0	0.340827	0.0	3.09226	0.0	0.0552734	0.0	0.0260055	0.0	0.03	0.0	1.492	0.04	1.733	0.07	0.0385625	0.0	1.01047e-05	0.00333619	0.329866	0.11235	0.19835	0.0	0.00208889	0.0	0.00518199	0.00245638	1.70743	0.0	0.83133	0.0545296	0.338077	5.90536	1.0	42.2273	0.403136	10.5352	0.0293366	0.579218	0.160467	1.77614	0.0251465	1.21846	-4425.59	4.0	1650.52	-28861.2	3.0	286.221	1.0	470.897	61.8355	213.507	49.9335	0.311961	0.0677355	1.06409	0.0170759	
0.0-2.4	6.5-30.0	20.0-30.0	0.000-1.571	0.008	0.136	3987.0	3985.0	2518.8	114.727	1466.25	78.7265	-0.189235	0.225527	-0.05	0.0	0.340827	0.0	3.09226	0.0	0.0552734	0.0	0.0260055	0.00111229	0.03	0.0	1.492	0.04	1.733	0.07	0.0385625	0.000247221	1.61666e-05	1.68756e-05	0.481592	0.238215	0.19835	0.0	0.00208889	0.0	0.00310745	0.00136176	1.70743	0.0	0.855481	0.0302244	0.532088	0.0346838	1.0	8.7323	0.557361	0.0305672	0.0431095	0.00462878	0.201003	0.0167696	0.0706805	21.88	20279.7	4.0	21399.2	-169090.0	4.0	13458.2	1.0	1721.12	153.754	797.678	137.167	0.31669	0.0525121	1.07932	0.00960221	
0.0-2.4	6.5-30.0	20.0-30.0	0.393-0.785	0.008	0.105	1089.0	1087.0	654.67	47.1796	432.572	39.1832	0.0235537	0.315888	-0.05	0.0	0.340827	0.0	3.09226	0.0	0.0552734	0.0	0.0260055	0.0	0.03	0.0	1.492	0.04	1.733	0.07	0.0385625	0.0	1.22898e-05	0.163554	0.263208	0.0589522	0.19835	0.0	0.00208889	0.0	0.00291405	0.00234379	1.70743	0.0	0.844926	0.0609776	0.207642	21.2508	0.81648	11.1544	0.132617	28.6226	0.00100342	0.0128504	0.243724	0.109587	0.0756912	0.138518	-4068.49	4.0	248.592	-19675.7	3.0	12.7515	1.0	413.601	46.3794	241.068	39.5528	0.368229	0.0542765	1.07264	0.0192527	
0.0-2.4	6.5-30.0	20.0-30.0	0.785-1.178	0.008	0.12	944.0	942.0	633.533	82.1453	309.2	46.5711	-0.175273	0.755108	-0.05	0.0	0.340827	0.0	3.09226	0.0	0.0552734	0.0	0.0260055	0.0	0.03	0.0	1.492	0.04	1.733	0.07	0.0385625	0.0	1.50151e-05	1.29092	1.0	22.2927	0.19835	0.0	0.00208889	0.0	0.00228571	0.00274498	1.70743	0.0	0.907535	0.067206	0.622029	20.5856	0.934779	30.1415	0.569689	19.416	0.00118618	1.28762	0.202926	0.0801817	0.201053	0.325666	20317.6	4.0	11194.8	-73718.6	3.0	201.044	1.0	386.169	88.734	247.364	79.9706	0.390451	0.115632	1.11288	0.0219673	
0.0-2.4	6.5-30.0	20.0-30.0	1.178-1.571	0.008	0.128	859.0	859.0	550.289	43.4222	309.416	33.9646	-0.255101	0.3715	-0.05	0.0	0.340827	0.0	3.09226	0.0	0.0552734	0.0	0.0260055	0.0	0.03	0.0	1.492	0.04	1.733	0.07	0.0385625	0.0	2.47983e-05	5.01035e-05	0.344505	0.309455	0.19835	0.0	0.00208889	0.0	-0.00289426	0.00868906	1.70743	0.0	0.835744	0.0297353	0.858472	0.910017	0.368324	0.589022	0.000241806	11.4855	0.0476165	0.0389874	0.22507	0.109219	0.0245913	0.0400583	-2777.6	4.0	6435120.0	-16471.1	3.0	7.09437	1.0	419.295	76.2459	130.994	69.4666	0.238045	0.124831	1.06686	0.00933672	
0.0-2.4	6.5-30.0	30.0-60.0	0.000-0.393	0.008	0.12	1202.0	1199.0	808.065	46.9087	391.303	36.4429	-0.405285	0.324544	-0.05	0.0	0.340827	0.0	3.09226	0.0	0.0552734	0.0	0.0264313	0.0	0.03	0.0	1.492	0.04	1.733	0.07	0.0387529	0.0	1.00028e-05	2.85792e-05	0.193576	0.0349349	0.19835	0.0	0.00208889	0.0	0.000780694	0.0019183	1.70743	0.0	0.814837	0.0497676	0.392701	21.0875	0.88719	25.4745	0.144845	21.2743	0.00637168	0.303337	0.296943	0.469223	0.0200005	3.1081	-4761.92	4.0	40.1207	-19071.3	3.0	15.0617	1.0	603.593	46.8035	204.472	33.2225	0.253039	0.0384	1.05381	0.0154245	
0.0-2.4	6.5-30.0	30.0-60.0	0.000-1.571	0.008	0.145	4407.0	4404.0	3176.12	96.7735	1228.67	71.311	-0.599118	0.193296	-0.05	0.0	0.340827	0.0	3.09226	0.0	0.0552734	0.0	0.0264313	0.00111938	0.03	0.0	1.492	0.04	1.733	0.07	0.0387529	0.00025163	1.27502e-05	0.000164255	0.223872	0.0223964	0.19835	0.0	0.00208889	0.0	0.00188614	0.00112505	1.70743	0.0	0.84618	0.0302299	0.705956	1.93735	0.734408	22.0105	0.293804	19.9358	0.0520594	0.190545	0.386836	0.556316	0.02	0.285552	-16492.6	4.0	338.94	-93333.3	4.0	199.075	1.0	2306.35	97.0909	869.765	72.0467	0.273846	0.0210936	1.07343	0.00955169	
0.0-2.4	6.5-30.0	30.0-60.0	0.393-0.785	0.008	0.12	1245.0	1245.0	879.838	54.229	365.473	43.977	-0.735575	0.419576	-0.05	0.0	0.340827	0.0	3.09226	0.0	0.0552734	0.0	0.0264313	0.0	0.03	0.0	1.492	0.04	1.733	0.07	0.0387529	0.0	1.0132e-05	0.0868918	0.261214	0.0583929	0.19835	0.0	0.00208889	0.0	-0.000185897	0.00234498	1.70743	0.0	0.859399	0.0715698	0.897341	3.99243	0.44423	7.45335	0.111296	14.327	0.0541994	0.100444	0.602523	1.24168	0.0532387	0.402006	-3800.65	4.0	215.6	-26146.1	3.0	336.051	1.0	645.081	54.4708	234.758	39.945	0.266819	0.0423172	1.08182	0.0227891	
0.0-2.4	6.5-30.0	30.0-60.0	0.785-1.178	0.008	0.12	1002.0	1001.0	761.947	47.3841	239.16	31.1483	-0.30468	0.371369	-0.05	0.0	0.340827	0.0	3.09226	0.0	0.0552734	0.0	0.0264313	0.0	0.03	0.0	1.492	0.04	1.733	0.07	0.0387529	0.0	1.50151e-05	1.29092	0.212628	0.0427021	0.19835	0.0	0.00208889	0.0	0.00233538	0.00280772	1.70743	0.0	0.916275	0.071531	0.683859	2.85437	1.0	0.548042	0.550435	2.02644	0.0208719	0.158361	0.682316	0.815234	4.99456	258.598	-4591.56	4.0	57.537	-17401.5	3.0	59.6556	1.0	565.966	48.6525	195.981	35.7327	0.257211	0.0440844	1.11861	0.0234853	
0.0-2.4	6.5-30.0	30.0-60.0	1.178-1.571	0.008	0.12	956.0	955.0	727.23	43.9973	227.865	28.2499	-1.04486	0.420727	-0.05	0.0	0.340827	0.0	3.09226	0.0	0.0552734	0.0	0.0264313	0.0	0.03	0.0	1.492	0.04	1.733	0.07	0.0387529	0.0	1.01172e-05	3.47073	0.240339	0.0440042	0.19835	0.0	0.00208889	0.0	0.00549212	0.00239354	1.70743	0.0	0.813288	0.0558639	0.638421	0.122618	0.999994	41.5887	0.164185	0.198888	0.0590101	0.0229534	0.194921	0.0533536	0.0479781	154.38	-3691.26	4.0	76.1873	-15066.7	3.0	1.40928	1.0	497.543	43.2124	229.687	33.9753	0.315839	0.0426325	1.05285	0.0172967	
0.0-2.4	6.5-8.0	0.0-100.0	0.000-0.393	0.016	0.136	3428.0	3419.0	1565.94	102.021	1853.86	98.0692	-0.136432	0.172782	-0.05	0.0	0.274868	0.0	3.09225	0.0	0.0671541	0.0	0.0276419	0.0	0.03	0.0	1.492	0.04	1.733	0.07	0.0423511	0.0	5.8071e-05	0.000360109	0.404818	0.211419	0.313059	0.129726	0.00413537	0.00521731	0.00254909	0.00240762	1.71404	0.172071	0.877816	0.0401641	0.967547	47.7027	0.781818	6.33629	0.704879	8.49616	0.00112745	34.0105	0.160575	0.0540453	0.227556	0.17122	-9988.01	4.0	5174.28	-113099.0	3.0	634.774	1.0	1203.27	125.821	362.664	101.211	0.231595	0.0628468	1.20377	0.0705809	
0.0-2.4	6.5-8.0	0.0-100.0	0.000-1.571	0.016	0.16	12281.0	12279.0	5677.28	221.211	6601.69	225.535	-0.0569673	0.0953236	-0.05	0.0	0.274868	0.186194	3.09225	0.00131446	0.0671541	0.021177	0.0276419	0.00399198	0.03	0.0	1.492	0.04	1.733	0.07	0.0423512	0.00471064	2.57968e-05	9.0559e-05	0.301872	0.0509009	0.307488	0.0880482	0.00439684	0.00310131	0.00413474	0.00118728	1.63221	0.0944826	0.909832	0.0249207	0.47274	2.27731	0.661374	0.994207	0.558831	1.44617	0.0358265	0.201545	0.245983	0.176987	0.129314	0.140825	-43550.6	4.0	5869.57	-403959.0	7.0	1032.03	1.0	4317.22	220.942	1360.06	152.73	0.239562	0.0252307	1.18002	0.0402662	
0.0-2.4	6.5-8.0	0.0-100.0	0.393-0.785	0.016	0.145	3307.0	3303.0	1424.06	83.736	1879.59	94.3433	-0.202334	0.173693	-0.05	0.0	0.274868	0.0	3.09225	0.0	0.0671541	0.0	0.0276419	0.0	0.03	0.0	1.492	0.04	1.733	0.07	0.0423511	0.0	3.35609e-05	0.000234572	0.277753	0.0619142	0.488577	0.194943	0.00546084	0.00439552	0.00627224	0.00317393	1.47132	0.124323	0.924225	0.0739369	0.527438	0.300539	0.950881	10.2812	0.572005	0.424673	0.0893412	0.417628	0.194256	0.0332715	0.185405	0.530265	-13290.2	4.0	193.299	-83986.0	3.0	46.325	1.0	1125.47	85.5059	298.586	56.9198	0.209673	0.0380211	1.2225	0.0653461	
0.0-2.4	6.5-8.0	0.0-100.0	0.785-1.178	0.016	0.152	2948.0	2948.0	1389.67	85.5849	1559.26	91.665	0.228513	0.172376	-0.05	0.0	0.274868	0.0	3.09225	0.0	0.0671541	0.0	0.0276419	0.0	0.03	0.0	1.492	0.04	1.733	0.07	0.0423511	0.0	4.17642e-05	0.79061	0.254883	0.0477258	0.230575	0.110068	0.00708186	0.0153869	0.000958625	0.00199333	1.73111	0.184706	0.97029	0.0558675	0.427974	9.72632	0.830821	2.7689	0.653804	7.66774	0.0469843	1.16456	0.108639	0.808072	0.32217	2.91036	-13457.5	4.0	553.813	-81853.3	3.0	142.96	1.0	966.383	86.2678	423.287	67.6723	0.304595	0.0449385	1.18969	0.0593902	
0.0-2.4	6.5-8.0	0.0-100.0	1.178-1.571	0.016	0.152	2595.0	2593.0	1304.05	76.2104	1289.7	77.3987	-0.0599489	0.184568	-0.05	0.0	0.274868	0.0	3.09225	0.0	0.0671541	0.0	0.0276419	0.0	0.03	0.0	1.492	0.04	1.733	0.07	0.0423511	0.0	6.96199e-05	0.00138898	0.268291	0.0488207	0.599664	0.33064	-4.6222e-05	0.00372	0.00303912	0.00294471	1.40906	0.147928	0.668215	0.0537541	0.610265	0.751855	0.690263	2.03735	0.562418	0.258787	0.0642467	0.0467092	0.356426	0.465248	0.0761006	0.0395792	-8951.1	4.0	69.8981	-62369.3	3.0	105.592	1.0	1008.77	74.2553	295.284	48.3333	0.226436	0.0346211	1.17019	0.121273	
0.0-2.4	6.5-8.0	10.0-60.0	0.000-0.393	0.016	0.128	2016.0	2012.0	1028.21	73.1978	983.739	65.1342	-0.25179	0.216494	-0.05	0.0	0.274868	0.0	3.09225	0.0	0.0671541	0.0	0.0270402	0.0	0.03	0.0	1.492	0.04	1.733	0.07	0.0420685	0.0	5.95546e-05	0.000344739	0.201917	0.0597948	0.307488	0.0	0.00439684	0.0	0.00172132	0.00264744	1.63221	0.0	0.855412	0.0488168	0.519243	16.6783	0.905994	3.43241	0.599259	17.4802	0.0104308	0.346861	0.229935	0.117661	0.190887	0.201811	-8583.03	4.0	1426.74	-50836.4	3.0	305.923	1.0	715.571	87.9574	312.638	75.079	0.304061	0.0697371	1.15148	0.012557	
0.0-2.4	6.5-8.0	10.0-60.0	0.000-1.571	0.016	0.16	7027.0	7027.0	3727.78	133.929	3300.18	124.493	-0.101377	0.126644	-0.05	0.0	0.274868	0.0	3.09225	0.0	0.0671541	0.0	0.0270402	0.00125426	0.03	0.0	1.492	0.04	1.733	0.07	0.0420685	0.000292299	2.57968e-05	9.0559e-05	0.235919	0.0298297	0.307488	0.0	0.00439684	0.0	0.00323178	0.00139626	1.63221	0.0	0.855422	0.0251894	0.517321	0.623472	0.726759	0.34853	0.578356	0.368204	0.0368216	0.0461744	0.213076	0.058001	0.165098	0.0906658	-31053.5	4.0	1385.87	-199456.0	4.0	257.642	1.0	2721.58	142.553	1006.2	109.851	0.26992	0.027827	1.15149	0.00647941	
0.0-2.4	6.5-8.0	10.0-60.0	0.393-0.785	0.016	0.145	1971.0	1969.0	991.776	68.158	977.697	68.9365	-0.066047	0.247237	-0.05	0.0	0.274868	0.0	3.09225	0.0	0.0671541	0.0	0.0270402	0.0	0.03	0.0	1.492	0.04	1.733	0.07	0.0420685	0.0	3.35609e-05	0.000234572	0.275667	0.0683194	0.307488	0.0	0.00439684	0.0	0.00627438	0.00297391	1.63221	0.0	0.929603	0.0714486	0.358356	0.672801	0.732313	0.459384	0.545696	0.577612	0.0467758	0.0628141	0.221015	0.113094	0.204494	0.149805	-9132.94	4.0	211.747	-48022.7	3.0	30.1387	1.0	740.018	70.3085	251.758	51.539	0.253845	0.0489507	1.19064	0.0193156	
0.0-2.4	6.5-8.0	10.0-60.0	0.785-1.178	0.016	0.152	1550.0	1550.0	856.358	61.9383	693.762	56.6162	0.269261	0.305871	-0.05	0.0	0.274868	0.0	3.09225	0.0	0.0671541	0.0	0.0270402	0.0	0.03	0.0	1.492	0.04	1.733	0.07	0.0420685	0.0	4.17642e-05	0.79061	0.204486	0.0711696	0.307488	0.0	0.00439684	0.0	-0.000632618	0.00330414	1.63221	0.0	0.852903	0.0257212	0.979817	3.93541	0.417782	1.54951	0.740929	0.698124	0.0010048	2.40059	0.132249	0.104742	0.168315	0.0933013	-7737.21	4.0	108395.0	-36363.5	3.0	31.8953	1.0	616.048	90.5507	240.31	80.7228	0.280618	0.0920519	1.15019	0.00660417	
0.0-2.4	6.5-8.0	10.0-60.0	1.178-1.571	0.016	0.136	1490.0	1488.0	855.578	58.3405	632.849	51.5101	-0.290098	0.272965	-0.05	0.0	0.274868	0.0	3.09225	0.0	0.0671541	0.0	0.0270402	0.0	0.03	0.0	1.492	0.04	1.733	0.07	0.0420685	0.0	1.20568e-05	0.0173859	0.272193	0.174562	0.307488	0.0	0.00439684	0.0	0.00466083	0.0116769	1.63221	0.0	0.797764	0.0361794	0.603769	0.0175638	1.0	4.39311	0.518113	0.0151041	0.075873	0.00408633	0.209013	0.00866826	0.0236503	30.9296	-5826.36	4.0	775411.0	-31825.9	3.0	2.50938	1.0	644.731	125.611	210.847	118.541	0.246439	0.137528	1.12246	0.00890354	
0.0-2.4	8.0-10.0	0.0-100.0	0.000-0.393	0.008	0.152	1846.0	1833.0	1147.94	57.7772	685.512	47.9072	-0.114236	0.249065	-0.05	0.0	0.453055	0.0	3.09179	0.0	0.0530386	0.0	0.0221906	0.0	0.03	0.0	1.492	0.04	1.733	0.07	0.0392914	0.0	1.01039e-05	0.487899	0.248278	0.0481538	0.0783534	0.0380246	0.00336464	0.00777792	-0.00258058	0.00167992	2.21072	0.285123	0.920264	0.0424433	0.742814	24.5251	0.403958	8.61769	0.138784	14.5926	0.00109298	1.30122	0.315582	0.16933	0.0391526	0.0178958	-5218.72	4.0	302.175	-31331.0	3.0	24.3002	1.0	829.884	60.0152	318.051	45.9718	0.277064	0.0375411	1.07864	0.0455032	
0.0-2.4	8.0-10.0	0.0-100.0	0.000-1.571	0.008	0.152	6654.0	6641.0	4253.36	557.672	2388.28	536.09	-0.233204	0.295362	-0.05	0.0	0.453055	0.804768	3.09179	0.00199311	0.0530386	0.0461794	0.0221906	0.0175231	0.03	0.0	1.492	0.04	1.733	0.07	0.0392914	0.014378	1.04463e-05	0.772766	0.381114	0.117742	0.0999374	0.0382996	0.00376099	0.00404766	0.00360341	0.0012562	1.94825	0.155484	0.985113	0.0307444	0.567452	0.474233	0.971339	0.0735961	0.453761	0.445808	0.0382788	0.0328609	0.324069	0.105844	0.43347	1.28067	21601.8	4.0	38945.7	-222634.0	7.0	334494.0	1.0	3032.28	424.572	1221.09	218.702	0.287087	0.035029	1.11928	0.0302538	
0.0-2.4	8.0-10.0	0.0-100.0	0.393-0.785	0.016	0.105	1786.0	1780.0	1172.96	65.9191	607.72	52.2031	-0.459718	0.269335	-0.05	0.0	0.453055	0.0	3.09179	0.0	0.0530386	0.0	0.0221906	0.0	0.03	0.0	1.492	0.04	1.733	0.07	0.0392914	0.0	4.92988e-05	0.000250796	0.351956	0.0940329	0.0871788	0.0543777	0.00869349	0.0183421	0.00366176	0.00211821	2.08798	0.303036	0.901748	0.0575392	0.941317	0.116724	0.438358	0.256409	0.0755128	0.46163	0.369184	0.647801	0.459294	0.28971	0.0398309	0.0323473	-2464.41	4.0	1590.22	-40318.4	3.0	155.311	1.0	778.403	69.2513	394.558	58.0841	0.336378	0.0457688	1.0594	0.0569961	
0.0-2.4	8.0-10.0	0.0-100.0	0.785-1.178	0.008	0.145	1606.0	1606.0	1030.95	87.7424	575.291	55.6392	0.134984	0.395009	-0.05	0.0	0.453055	0.0	3.09179	0.0	0.0530386	0.0	0.0221906	0.0	0.03	0.0	1.492	0.04	1.733	0.07	0.0392914	0.0	6.83076e-05	0.000188408	0.905884	2.55057	0.0494462	0.0365968	0.00997806	0.0194271	0.00404663	0.00404306	2.17557	0.39497	1.13388	0.11516	0.356109	3.26807	0.999616	8.07486	0.383608	5.18588	0.00191834	0.487609	0.221373	0.143466	0.0531966	4.21134	21647.1	4.0	14035.8	-91588.2	3.0	369.331	1.0	707.431	158.087	323.519	148.744	0.313807	0.141785	1.20671	0.0603169	
0.0-2.4	8.0-10.0	0.0-100.0	1.178-1.571	0.008	0.128	1414.0	1414.0	905.92	49.3108	508.993	41.0504	-0.545103	0.265174	-0.05	0.0	0.453055	0.0	3.09179	0.0	0.0530386	0.0	0.0221906	0.0	0.03	0.0	1.492	0.04	1.733	0.07	0.0392914	0.0	1.54046e-05	0.000145821	0.207342	0.0329273	0.681636	0.163444	-0.00101435	0.00214303	0.00231105	0.00314771	1.35029	0.0690844	0.600008	1.51212	0.87868	1.38579	0.619781	1.996	0.423639	0.691826	0.0628863	0.0598066	0.32891	0.250453	0.0478278	0.0751801	-4554.89	4.0	41.5497	-22233.3	3.0	51.0283	1.0	660.325	48.2526	245.595	34.859	0.2711	0.0355372	1.16509	0.136909	
0.0-2.4	8.0-10.0	10.0-60.0	0.000-0.393	0.008	0.145	1122.0	1120.0	737.213	43.5303	383.678	33.021	-0.0924574	0.286533	-0.05	0.0	0.453055	0.0	3.09179	0.0	0.0530386	0.0	0.0241825	0.0	0.03	0.0	1.492	0.04	1.733	0.07	0.0399291	0.0	1.40048e-05	1.03758	0.221299	0.0496662	0.0999374	0.0	0.00376099	0.0	-0.000875135	0.00209308	1.94825	0.0	0.894503	0.0499222	0.584728	0.585111	0.724629	0.856576	0.182663	0.214342	0.0340809	0.0142913	0.188302	0.0755471	0.0345378	0.0216703	-3972.07	4.0	122.746	-16416.8	3.0	2.85316	1.0	545.887	45.4321	191.327	33.952	0.259527	0.0434302	1.04857	0.0191655	
0.0-2.4	8.0-10.0	10.0-60.0	0.000-1.571	0.008	0.145	3981.0	3980.0	2686.8	119.046	1294.18	77.5657	-0.389973	0.247541	-0.05	0.0	0.453055	0.0	3.09179	0.0	0.0530386	0.0	0.0241825	0.000549885	0.03	0.0	1.492	0.04	1.733	0.07	0.0399291	9.10744e-05	1.82514e-05	0.000157912	0.392027	0.206684	0.0999374	0.0	0.00376099	0.0	0.0015286	0.00173022	1.94825	0.0	0.908242	0.042653	0.772092	2.64987	0.465761	1.64619	0.132935	0.30349	0.0387685	0.0575961	0.327238	0.147682	0.0378953	0.0199192	25919.2	4.0	36458.8	-144835.0	4.0	3023910.0	1.0	1943.94	165.324	742.861	144.902	0.276485	0.0525214	1.05915	0.0164603	
0.0-2.4	8.0-10.0	10.0-60.0	0.393-0.785	0.008	0.12	1075.0	1072.0	716.756	45.4342	356.17	38.204	-0.530123	0.336758	-0.05	0.0	0.453055	0.0	3.09179	0.0	0.0530386	0.0	0.0241825	0.0	0.03	0.0	1.492	0.04	1.733	0.07	0.0399291	0.0	1.00002e-05	8.80711e-05	0.223127	0.049145	0.0999374	0.0	0.00376099	0.0	0.00232326	0.00227206	1.94825	0.0	0.845823	0.0688743	1.0	628.39	0.462685	0.0035545	0.127556	0.00473299	0.035166	13493.3	0.501307	0.0103072	0.0409966	0.000272674	-2304.06	4.0	159.267	-17817.1	3.0	232.276	1.0	502.141	47.269	214.615	37.5004	0.299426	0.0487554	1.01156	0.0259172	
0.0-2.4	8.0-10.0	10.0-60.0	0.785-1.178	0.008	0.112	992.0	991.0	690.969	85.1118	300.037	44.0163	-0.383905	0.753024	-0.05	0.0	0.453055	0.0	3.09179	0.0	0.0530386	0.0	0.0241825	0.0	0.03	0.0	1.492	0.04	1.733	0.07	0.0399291	0.0	1.4617e-05	0.013384	1.0	27.5069	0.0999374	0.0	0.00376099	0.0	0.00400011	0.00296556	1.94825	0.0	1.06353	0.0626712	0.230883	0.064061	0.999997	1.3838	0.192725	0.252053	0.00101736	0.0029543	0.241499	0.0777992	0.0316152	6.60715	20326.0	4.0	11818.6	-73943.2	3.0	391.741	1.0	440.928	91.9996	250.041	80.3908	0.36187	0.107468	1.18211	0.0253748	
0.0-2.4	8.0-10.0	10.0-60.0	1.178-1.571	0.008	0.12	791.0	790.0	545.345	36.8233	244.67	27.4866	-0.570313	0.367588	-0.05	0.0	0.453055	0.0	3.09179	0.0	0.0530386	0.0	0.0241825	0.0	0.03	0.0	1.492	0.04	1.733	0.07	0.0399291	0.0	4.81487e-05	1.07517	0.207307	0.0387684	0.0999374	0.0	0.00376099	0.0	-0.00277565	0.00240435	1.94825	0.0	0.876753	0.0613622	0.720304	1.30758	0.89105	10.9045	0.291875	0.672036	0.0685501	0.0424738	0.235395	0.408074	0.0516051	0.403241	-2673.54	4.0	24.1647	-10868.8	3.0	13.3898	1.0	381.361	36.6029	163.984	28.2716	0.300698	0.0477002	1.03499	0.0233929	
1.2-1.6	6.5-30.0	0.0-100.0	0.000-0.393	0.008	0.136	1558.0	1556.0	803.634	49.4242	753.232	49.5756	-0.00020998	0.224026	-0.05	0.0	0.493911	0.0	3.09102	0.0	0.0479678	0.0	0.0294354	0.0	0.03	0.0	1.492	0.04	1.733	0.07	0.0396855	0.0	8.70362e-05	0.000270698	0.193361	0.0450994	0.130197	0.0694199	0.00814269	0.0161506	0.00174011	0.00213332	1.98675	0.266132	0.892606	0.0544341	0.642944	2.15999	0.42632	1.39368	1.07569e-07	1.45578	0.0180745	0.0822583	0.227898	0.0905593	0.0329205	0.0286446	-4591.86	4.0	70.4111	-25011.7	3.0	11.6572	1.0	620.581	52.5503	183.053	37.8366	0.227781	0.0449496	1.0986	0.061875	
1.2-1.6	6.5-30.0	0.0-100.0	0.000-1.571	0.008	0.136	5766.0	5759.0	3082.34	135.837	2676.95	135.848	-0.0751014	0.119443	-0.05	0.0	0.493911	0.227984	3.09102	0.00145689	0.0479678	0.00893534	0.0294354	0.0018629	0.03	0.0	1.492	0.04	1.733	0.07	0.0396856	0.00268997	1.03021e-05	0.137313	0.263781	0.030411	0.0999774	0.0369937	0.00921681	0.0152857	0.00340581	0.00109401	2.02628	0.173102	0.96521	0.0288755	0.548633	4.81618	0.965351	3.78527	0.494792	4.18295	0.0555941	0.751479	0.261512	0.45404	0.140447	3.28255	-14663.2	4.0	741.615	-116584.0	7.0	81.4293	1.0	2204.95	121.354	877.384	82.3381	0.284649	0.0235843	1.11758	0.0325897	
1.2-1.6	6.5-30.0	0.0-100.0	0.393-0.785	0.008	0.128	1607.0	1604.0	816.374	53.6723	788.245	54.4146	-0.363059	0.219777	-0.05	0.0	0.493911	0.0	3.09102	0.0	0.0479678	0.0	0.0294354	0.0	0.03	0.0	1.492	0.04	1.733	0.07	0.0396855	0.0	1.40773e-05	0.000247178	0.288673	0.0712667	0.0978918	0.063768	0.00830884	0.017385	0.00444791	0.00218426	2.07462	0.34261	0.941917	0.0558523	0.55881	0.92947	0.999996	264.374	0.447032	2.03524	0.072354	0.556156	0.3406	0.46485	0.0229695	1869.18	-3129.27	4.0	318.357	-29453.9	3.0	80.3918	1.0	576.336	55.0607	240.039	42.9534	0.29403	0.048935	1.1053	0.0622921	
1.2-1.6	6.5-30.0	0.0-100.0	0.785-1.178	0.008	0.136	1376.0	1376.0	770.773	48.2645	605.806	44.7522	0.269021	0.248259	-0.05	0.0	0.493911	0.0	3.09102	0.0	0.0479678	0.0	0.0294354	0.0	0.03	0.0	1.492	0.04	1.733	0.07	0.0396855	0.0	1.0973e-05	0.00459423	0.277496	0.064469	0.0383419	0.0282596	0.00999981	0.0173776	0.000205201	0.00201992	2.63905	0.579204	0.988043	0.0588274	0.999912	4.16908	0.468814	0.873929	0.510931	0.909815	0.00133035	17.2395	0.21803	0.115856	0.050411	0.0834089	-3765.93	4.0	231.108	-22797.8	3.0	5.01838	1.0	548.815	49.9502	221.958	38.8225	0.287968	0.0470298	1.0981	0.0533313	
1.2-1.6	6.5-30.0	0.0-100.0	1.178-1.571	0.008	0.12	1224.0	1220.0	694.256	46.6154	526.628	42.2098	-0.152578	0.258801	-0.05	0.0	0.493911	0.0	3.09102	0.0	0.0479678	0.0	0.0294354	0.0	0.03	0.0	1.492	0.04	1.733	0.07	0.0396855	0.0	3.21269e-05	0.000513866	0.280229	0.0545068	0.429426	0.219667	0.00289074	0.00368548	0.0028762	0.00262008	1.45696	0.14329	0.731803	0.0796818	0.515483	0.129171	1.0	0.00662604	0.527546	0.131142	0.0724573	0.0227434	0.230596	0.089746	4.9777	1.13439	-3516.03	4.0	134.978	-19726.9	3.0	3.84079	1.0	444.383	44.7595	249.873	37.3444	0.359914	0.0480563	1.10323	0.0901137	
1.2-1.6	6.5-30.0	10.0-60.0	0.000-0.393	0.008	0.12	969.0	968.0	530.642	38.293	438.037	36.5969	0.0257287	0.298252	-0.05	0.0	0.493911	0.0	3.09102	0.0	0.0479678	0.0	0.0283969	0.0	0.03	0.0	1.492	0.04	1.733	0.07	0.0393007	0.0	9.39567e-05	0.000265483	0.181231	0.0491219	0.0999774	0.0	0.00921681	0.0	0.00286503	0.00260362	2.02628	0.0	1.10239	0.0627382	0.356968	163.149	0.866686	182.386	0.272623	102.736	0.00100916	168.058	0.273065	0.81794	0.119595	1.54789	-2853.04	4.0	40.4588	-13653.0	3.0	12.667	1.0	415.249	40.3917	115.393	28.3351	0.217459	0.0510398	1.22648	0.0253764	
1.2-1.6	6.5-30.0	10.0-60.0	0.000-1.571	0.008	0.128	3305.0	3302.0	1982.27	75.6174	1319.64	67.1685	-0.209527	0.161979	-0.05	0.0	0.493911	0.0	3.09102	0.0	0.0479678	0.0	0.0283969	0.00223414	0.03	0.0	1.492	0.04	1.733	0.07	0.0393007	0.000408487	1.05393e-05	0.000462059	0.245123	0.0327856	0.0999774	0.0	0.00921681	0.0	0.00322925	0.00136855	2.02628	0.0	1.00445	0.0357531	0.583024	22.7347	0.776427	20.5986	0.506948	9.48195	0.0529738	1.96311	0.3634	2.39376	0.10651	3.82907	-8400.09	4.0	314.666	-58614.6	4.0	59.8166	1.0	1452.23	76.9847	530.039	57.1535	0.267389	0.0269677	1.14828	0.014074	
1.2-1.6	6.5-30.0	10.0-60.0	0.393-0.785	0.008	0.112	909.0	900.0	511.434	40.3829	389.268	39.0007	-0.474839	0.318107	-0.05	0.0	0.493911	0.0	3.09102	0.0	0.0479678	0.0	0.0283969	0.0	0.03	0.0	1.492	0.04	1.733	0.07	0.0393007	0.0	2.07034e-05	0.000129572	0.253542	0.0758152	0.0999774	0.0	0.00921681	0.0	0.00482093	0.00299912	2.02628	0.0	0.998688	0.0714584	0.580411	5.30315	0.874249	33.3179	0.488991	6.10227	0.0877162	0.833707	0.557192	2.31008	0.044002	0.477432	-1481.39	4.0	155.862	-14793.7	3.0	124.981	1.0	369.095	42.5438	142.339	32.9686	0.278313	0.0606017	1.14374	0.0280787	
1.2-1.6	6.5-30.0	10.0-60.0	0.785-1.178	0.008	0.128	767.0	767.0	499.369	35.5248	267.836	28.0586	-0.2257	0.348877	-0.05	0.0	0.493911	0.0	3.09102	0.0	0.0479678	0.0	0.0283969	0.0	0.03	0.0	1.492	0.04	1.733	0.07	0.0393007	0.0	2.57361e-05	0.000145696	0.237794	0.051257	0.0999774	0.0	0.00921681	0.0	-0.000293583	0.00248245	2.02628	0.0	0.960678	0.0731795	0.481805	0.0358009	1.0	57.5755	0.439538	0.0407917	0.0445864	0.0043837	0.181074	0.0176147	0.0231092	392.622	-2631.1	4.0	22.4899	-10297.4	3.0	0.320619	1.0	368.743	35.5347	130.626	25.7089	0.261583	0.0480019	1.11406	0.0283977	
1.2-1.6	6.5-30.0	10.0-60.0	1.178-1.571	0.008	0.105	658.0	653.0	441.127	35.009	212.771	26.6509	-0.21855	0.379087	-0.05	0.0	0.493911	0.0	3.09102	0.0	0.0479678	0.0	0.0283969	0.0	0.03	0.0	1.492	0.04	1.733	0.07	0.0393007	0.0	3.08551e-05	0.00051849	0.273332	0.0686318	0.0999774	0.0	0.00921681	0.0	0.00317255	0.00271994	2.02628	0.0	0.902746	0.0759895	0.673279	1.03624	0.589632	2.19933	0.389883	0.320376	0.100614	0.0651697	0.339794	0.66347	0.0853904	0.0780909	-1841.24	4.0	90.9552	-9232.47	3.0	10.715	1.0	294.882	34.2733	146.246	27.5987	0.331527	0.0567626	1.06956	0.0288627	
1.2-2.4	6.5-30.0	0.0-100.0	0.000-0.393	0.008	0.152	3826.0	3813.0	1903.38	82.2763	1910.37	82.5314	-0.121521	0.144271	-0.05	0.0	0.396008	0.0	3.0908	0.0	0.0556686	0.0	0.036104	0.0	0.03	0.0	1.492	0.04	1.733	0.07	0.0448835	0.0	3.42723e-05	0.000135506	0.255104	0.0426808	0.147506	0.0525668	0.00656579	0.00470592	0.00307138	0.00134418	1.94036	0.171727	0.918873	0.0298839	0.421859	20.858	0.823245	26.4273	0.407126	17.7088	0.00354036	0.247221	0.203305	0.0845774	0.0960748	0.365188	-12134.8	4.0	321.083	-74624.0	3.0	0.755978	1.0	1466.79	84.8867	436.591	59.5134	0.229376	0.0296534	1.12922	0.0416701	
1.2-2.4	6.5-30.0	0.0-100.0	0.000-1.571	0.008	0.128	13827.0	13746.0	7227.76	200.998	6519.14	199.992	-0.152867	0.0806046	-0.05	0.0	0.396008	0.129912	3.0908	0.00111046	0.0556686	0.00685698	0.036104	0.00201442	0.03	0.0	1.492	0.04	1.733	0.07	0.0448835	0.00175361	1.38621e-05	0.000134836	0.264318	0.0211736	0.186805	0.0404235	0.00562667	0.0022307	0.00231165	0.000776618	1.79346	0.0844886	0.91693	0.0186911	0.769123	0.216824	0.605308	1.31591	0.503582	1.07077	0.11934	0.0779654	0.263596	0.0506567	0.0330513	0.0953358	-38298.3	4.0	1433.32	-320324.0	7.0	54.325	1.0	5312.27	186.788	1915.49	126.108	0.265019	0.0158148	1.13338	0.025347	
1.2-2.4	6.5-30.0	0.0-100.0	0.393-0.785	0.008	0.145	3745.0	3741.0	1924.89	85.2113	1816.62	85.6372	-0.418346	0.152437	-0.05	0.0	0.396008	0.0	3.0908	0.0	0.0556686	0.0	0.036104	0.0	0.03	0.0	1.492	0.04	1.733	0.07	0.0448835	0.0	2.65486e-05	7.2402e-05	0.270082	0.0502818	0.215726	0.105061	0.00712779	0.00410469	0.00461097	0.00171909	1.7141	0.172696	0.959116	0.0401939	0.570835	0.426109	0.83278	0.439619	0.50358	0.362466	0.0565524	0.0908558	0.342798	0.207997	0.288973	0.519769	-7543.06	4.0	780.958	-79136.4	3.0	79.1701	1.0	1422.85	90.4791	502.038	68.6515	0.260814	0.0337447	1.16417	0.0547193	
1.2-2.4	6.5-30.0	0.0-100.0	0.785-1.178	0.008	0.152	3233.0	3233.0	1665.9	76.0781	1567.66	75.2875	0.110211	0.157655	-0.05	0.0	0.396008	0.0	3.0908	0.0	0.0556686	0.0	0.036104	0.0	0.03	0.0	1.492	0.04	1.733	0.07	0.0448835	0.0	1.03152e-05	0.00396442	0.277614	0.0431042	0.127095	0.057169	0.00999999	0.014517	0.00287396	0.00152849	1.93778	0.197975	0.99568	0.0382875	0.701092	11.064	0.602134	2.91639	0.611345	1.88938	0.0329405	0.314062	0.269489	0.139447	0.0965244	0.158086	-9538.04	4.0	223.053	-61553.5	3.0	5.1398	1.0	1243.65	76.7176	422.248	55.0615	0.253466	0.030959	1.15872	0.0425541	
1.2-2.4	6.5-30.0	0.0-100.0	1.178-1.571	0.008	0.152	3020.0	3018.0	1724.67	76.9437	1293.84	72.3067	-0.27551	0.173	-0.05	0.0	0.396008	0.0	3.0908	0.0	0.0556686	0.0	0.036104	0.0	0.03	0.0	1.492	0.04	1.733	0.07	0.0448835	0.0	3.88875e-05	0.000353399	0.254887	0.0328291	0.376887	0.131541	0.000173054	0.00284995	0.00243725	0.00179644	1.54336	0.106566	0.786529	0.0448236	0.669251	0.17216	1.0	0.0170926	0.598401	0.133719	0.0709581	0.0301436	0.306578	0.117005	0.358628	3.10174	-7714.61	4.0	199.981	-59896.1	3.0	153.53	1.0	1193.83	74.6293	530.84	57.3906	0.307793	0.0303109	1.13279	0.0588478	
1.2-2.4	6.5-30.0	10.0-60.0	0.000-0.393	0.008	0.152	2362.0	2362.0	1280.81	63.8416	1082.11	60.283	-0.201365	0.187489	-0.05	0.0	0.396008	0.0	3.0908	0.0	0.0556686	0.0	0.0355409	0.0	0.03	0.0	1.492	0.04	1.733	0.07	0.0446112	0.0	3.42723e-05	0.000135506	0.231342	0.0445751	0.186805	0.0	0.00562667	0.0	0.0023342	0.00158666	1.79346	0.0	0.859594	0.0346856	0.471518	23.4534	0.814341	29.4246	0.355719	18.0122	0.0010017	0.182971	0.215619	0.0800152	0.0952725	0.109514	-7706.29	4.0	171.072	-40925.8	3.0	2.06918	1.0	998.521	65.8475	282.293	45.3513	0.220401	0.0336609	1.09623	0.0110587	
1.2-2.4	6.5-30.0	10.0-60.0	0.000-1.571	0.008	0.16	8133.0	8133.0	4703.26	124.007	3430.12	112.755	-0.305324	0.103958	-0.05	0.0	0.396008	0.0	3.0908	0.0	0.0556686	0.0	0.0355409	0.00173466	0.03	0.0	1.492	0.04	1.733	0.07	0.0446112	0.000417349	1.04253e-05	6.6059e-05	0.237162	0.0203091	0.186805	0.0	0.00562667	0.0	0.00358692	0.000939399	1.79346	0.0	0.914712	0.0219013	0.280403	20.5196	0.822165	11.108	0.160098	42.9449	0.00393637	0.41616	0.307742	0.131111	0.129884	0.207635	-23935.2	4.0	526.248	-166713.0	4.0	39.8576	1.0	3453.26	124.74	1250.0	91.4134	0.265773	0.018129	1.13193	0.00719617	
1.2-2.4	6.5-30.0	10.0-60.0	0.393-0.785	0.008	0.145	2188.0	2187.0	1251.78	63.8597	935.183	59.6228	-0.496212	0.204599	-0.05	0.0	0.396008	0.0	3.0908	0.0	0.0556686	0.0	0.0355409	0.0	0.03	0.0	1.492	0.04	1.733	0.07	0.0446112	0.0	2.65486e-05	7.2402e-05	0.210136	0.0360832	0.186805	0.0	0.00562667	0.0	0.0047781	0.00211109	1.79346	0.0	0.964998	0.0477838	0.515625	0.65674	0.832535	0.309054	0.524684	0.551498	0.0424737	0.067611	0.412476	0.416913	0.375846	0.77544	-5268.05	4.0	171.505	-39641.1	3.0	89.1364	1.0	900.287	68.115	351.497	53.4023	0.280797	0.0401841	1.16538	0.016088	
1.2-2.4	6.5-30.0	10.0-60.0	0.785-1.178	0.008	0.152	1871.0	1871.0	1085.05	57.3434	786.855	51.4064	-0.0370726	0.214662	-0.05	0.0	0.396008	0.0	3.0908	0.0	0.0556686	0.0	0.0355409	0.0	0.03	0.0	1.492	0.04	1.733	0.07	0.0446112	0.0	1.03152e-05	0.00396442	0.248214	0.0390436	0.186805	0.0	0.00562667	0.0	0.00192448	0.0020123	1.79346	0.0	0.984128	0.0493142	0.30104	48.3767	0.808445	54.5279	0.247201	36.3133	0.00100411	0.230675	0.204117	0.304952	0.128806	0.250197	-6017.9	4.0	49.8088	-30553.4	3.0	0.929599	1.0	802.705	57.3812	282.345	41.4202	0.260214	0.0356104	1.17832	0.0167465	
1.2-2.4	6.5-30.0	10.0-60.0	1.178-1.571	0.008	0.152	1710.0	1710.0	1090.86	57.3453	619.37	46.6508	-0.541605	0.244653	-0.05	0.0	0.396008	0.0	3.0908	0.0	0.0556686	0.0	0.0355409	0.0	0.03	0.0	1.492	0.04	1.733	0.07	0.0446112	0.0	3.88875e-05	0.000353399	0.262431	0.041811	0.186805	0.0	0.00562667	0.0	0.00226649	0.00182126	1.79346	0.0	0.771182	0.0481319	0.999969	6.25604	0.353931	0.181286	0.264044	0.293281	0.00130402	2.01012	0.288223	0.0945854	0.0424022	0.0219403	-5348.71	4.0	130.709	-28803.1	3.0	5.4147	1.0	750.163	56.1314	340.696	43.7763	0.312319	0.0366179	1.04138	0.0144925	
1.6-2.4	3.0-6.5	0.0-100.0	0.000-0.393	0.016	0.232	22483.0	22483.0	4010.65	251.675	18472.2	394.099	0.0344991	0.0741663	-0.05	0.0	0.878117	0.0	3.08933	0.0	0.0586489	0.0	0.0217514	0.0	0.03	0.0	1.86	0.19	1.38	0.32	0.0554808	0.0	0.000149401	0.0117133	0.357277	0.136481	0.473976	0.263955	-0.00707842	0.0107562	0.01	0.000852515	1.54049	0.193925	0.840232	0.0270227	0.999997	5.68405	0.818411	0.00127096	0.748972	0.00505216	0.00105636	135.353	0.141405	0.00244347	0.445045	0.00352525	-92085.2	4.0	1201.56	-1291380.0	3.0	365.333	1.0	3441.08	294.273	569.568	203.092	0.142014	0.0498478	1.22318	0.107066	
1.6-2.4	3.0-6.5	0.0-100.0	0.000-1.571	0.016	0.264	82527.0	82522.0	14688.2	925.112	67832.8	1104.15	0.134464	0.0424139	-0.05	0.0	0.878117	0.315552	3.08933	0.00268269	0.0586489	0.0134708	0.0217514	0.0292466	0.03	0.0	1.86	0.19	1.38	0.32	0.0554808	0.00629112	1.10324e-05	0.0465138	0.309422	0.0571669	0.306676	0.207312	-0.00606766	0.0158233	0.01	0.010743	1.65447	0.204252	0.930997	0.0128462	1.0	0.0727603	0.787776	0.000155038	0.738908	8.21332e-05	0.00438259	50.0191	0.114743	2.56799e-05	0.540876	0.000741084	-277596.0	4.0	22795.8	-5614700.0	7.0	3759.06	1.0	11935.9	874.685	2752.31	479.559	0.187382	0.0304415	1.20017	0.0916563	
1.6-2.4	3.0-6.5	0.0-100.0	0.393-0.785	0.016	0.264	21139.0	21133.0	3351.33	242.928	17782.5	394.794	0.121028	0.0790839	-0.05	0.0	0.878117	0.0	3.08933	0.0	0.0586489	0.0	0.0217514	0.0	0.03	0.0	1.86	0.19	1.38	0.32	0.0554808	0.0	0.000104776	0.00436801	0.259283	0.054755	0.434071	0.259887	-0.00999985	0.0153683	0.01	0.00180169	1.61272	0.231443	0.795689	0.0257198	1.0	465.252	0.799456	0.0241533	0.705219	0.185023	0.00188562	86423.3	0.12813	0.0978084	0.454739	0.0420324	-65956.0	4.0	742.531	-1228780.0	3.0	1248.89	1.0	2577.35	256.053	773.983	183.868	0.230948	0.0522476	1.21953	0.124198	
1.6-2.4	3.0-6.5	0.0-100.0	0.785-1.178	0.016	0.24	19709.0	19709.0	3930.01	247.227	15779.2	379.18	0.110034	0.0866009	-0.05	0.0	0.878117	0.0	3.08933	0.0	0.0586489	0.0	0.0217514	0.0	0.03	0.0	1.86	0.19	1.38	0.32	0.0554808	0.0	2.10511e-05	0.000549047	0.348042	0.188458	0.0818643	0.0702753	-0.01	0.0192987	0.00117261	0.00222944	2.29979	0.540786	0.94627	0.0283842	0.811545	0.23274	0.937093	0.070021	0.345949	0.476949	0.0546508	0.0556466	0.0681392	0.0198004	1.41741	5.33279	-31398.4	4.0	33867.4	-1249100.0	3.0	694.412	1.0	3059.13	402.978	870.885	358.272	0.221599	0.0900909	1.12032	0.0832661	
1.6-2.4	3.0-6.5	0.0-100.0	1.178-1.571	0.016	0.24	19196.0	19196.0	3396.45	233.405	15799.9	369.125	0.291408	0.0861021	-0.05	0.0	0.878117	0.0	3.08933	0.0	0.0586489	0.0	0.0217514	0.0	0.03	0.0	1.86	0.19	1.38	0.32	0.0554808	0.0	3.20725e-05	0.0130815	0.29679	0.0729185	0.862746	0.0705318	0.0058369	0.00486993	0.00962146	0.0154594	1.3149	0.0586406	0.6	0.0775067	0.346648	93.9576	0.896455	41.5925	0.419039	103.588	0.00139965	6.78035	0.104416	0.315272	0.508366	0.75104	-90432.9	4.0	329.765	-1102940.0	3.0	985.79	1.0	2835.12	241.763	561.333	148.252	0.16527	0.0421455	1.24139	0.0332056	
1.6-2.4	3.0-6.5	10.0-60.0	0.000-0.393	0.016	0.209	12296.0	12296.0	2722.52	187.669	9574.12	276.004	0.0672717	0.100847	-0.05	0.0	0.878117	0.0	3.08933	0.0	0.0586489	0.0	0.0196678	0.0	0.03	0.0	1.86	0.19	1.38	0.32	0.0553859	0.0	0.000129268	0.000932346	0.308562	0.104702	0.306676	0.0	-0.00606766	0.0	0.01	0.0104952	1.65447	0.0	0.928192	0.031811	0.99999	213.383	0.817583	0.0116499	0.775814	0.0594086	0.00105429	514.949	0.13037	0.0279718	0.375591	0.0192802	-61621.3	4.0	478.184	-619583.0	3.0	257.98	1.0	2319.29	209.063	403.225	137.552	0.148107	0.0494815	1.19866	0.00853936	
1.6-2.4	3.0-6.5	10.0-60.0	0.000-1.571	0.016	0.209	43261.0	43240.0	9481.68	357.581	33757.4	524.066	0.145912	0.0548059	-0.05	0.0	0.878117	0.0	3.08933	0.0	0.0586489	0.0	0.0196678	0.00627	0.03	0.0	1.86	0.19	1.38	0.32	0.0553859	0.000135687	2.44459e-05	0.000226863	0.305101	0.0639115	0.306676	0.0	-0.00606766	0.0	0.01	10.4997	1.65447	0.0	0.920377	0.0303377	1.0	0.177554	0.831655	7.52274e-05	0.749671	8.99552e-05	0.00134147	14.3879	0.109578	3.4378e-05	0.324097	0.000138028	-204882.0	4.0	5247.84	-2550320.0	4.0	1064.06	1.0	7601.22	628.744	1880.46	564.067	0.198325	0.0590182	1.19447	0.00810361	
1.6-2.4	3.0-6.5	10.0-60.0	0.393-0.785	0.016	0.209	11303.0	11285.0	2266.53	175.221	9018.7	268.524	0.0628618	0.103814	-0.05	0.0	0.878117	0.0	3.08933	0.0	0.0586489	0.0	0.0196678	0.0	0.03	0.0	1.86	0.19	1.38	0.32	0.0553859	0.0	0.000185134	0.00079819	0.288846	0.0592087	0.306676	0.0	-0.00606766	0.0	0.01	0.00694185	1.65447	0.0	0.870768	0.0303912	0.999993	6.96267	0.870826	0.00230545	0.750184	0.00752083	0.00101568	43.4178	0.130858	0.00269606	0.266205	0.00359598	-49075.8	4.0	766.755	-561548.0	3.0	309.716	1.0	1573.99	178.338	692.54	140.94	0.305551	0.057522	1.1684	0.00785172	
1.6-2.4	3.0-6.5	10.0-60.0	0.785-1.178	0.016	0.2	10071.0	10071.0	2417.01	176.056	7654.48	246.508	0.19302	0.114608	-0.05	0.0	0.878117	0.0	3.08933	0.0	0.0586489	0.0	0.0196678	0.0	0.03	0.0	1.86	0.19	1.38	0.32	0.0553859	0.0	3.10689e-05	0.000375227	0.278578	0.125243	0.306676	0.0	-0.00606766	0.0	0.00339285	0.00297772	1.65447	0.0	0.765974	0.0388509	0.564808	0.197744	0.951411	0.0465282	7.3539e-07	0.514047	0.0168805	0.011803	0.0630505	0.0109921	0.378294	0.324377	-46830.0	4.0	4865.04	-525229.0	3.0	395.299	1.0	1857.19	261.107	559.814	227.023	0.231615	0.0923997	1.11635	0.00924105	
1.6-2.4	3.0-6.5	10.0-60.0	1.178-1.571	0.016	0.2	9590.0	9587.0	2074.09	167.114	7512.92	250.379	0.298343	0.123853	-0.05	0.0	0.878117	0.0	3.08933	0.0	0.0586489	0.0	0.0196678	0.0	0.03	0.0	1.86	0.19	1.38	0.32	0.0553859	0.0	1.12763e-05	0.178932	0.389013	0.174958	0.306676	0.0	-0.00606766	0.0	0.00408485	0.00267173	1.65447	0.0	0.967345	0.0368191	0.998736	3.42488	0.876116	0.0256413	0.723101	0.0499093	0.00100006	3.45452	0.107444	0.0122818	0.22588	0.0358812	-48224.8	4.0	292.516	-486292.0	3.0	583.402	1.0	1830.77	177.558	243.316	100.758	0.117312	0.0476508	1.21993	0.010121	
1.6-2.4	6.5-30.0	0.0-100.0	0.000-0.393	0.008	0.152	2268.0	2255.0	1105.61	66.3256	1150.02	66.1297	-0.175863	0.189119	-0.05	0.0	0.279345	0.0	3.0902	0.0	0.0561005	0.0	0.0444011	0.0	0.03	0.0	1.492	0.04	1.733	0.07	0.0479574	0.0	3.15307e-05	0.000173778	0.295697	0.0656625	0.171695	0.085994	0.00507026	0.00583142	0.00392234	0.00173363	1.8838	0.229153	0.872888	0.0357213	0.374808	40.8205	0.841492	10.0746	0.468963	43.9507	0.00103279	6.24473	0.179875	0.072679	0.120325	1.07221	-7677.84	4.0	239.231	-43192.0	3.0	7.76829	1.0	842.72	66.5095	262.893	46.0051	0.23778	0.0390891	1.11374	0.0643066	
1.6-2.4	6.5-30.0	0.0-100.0	0.000-1.571	0.008	0.152	8060.0	8045.0	4144.08	168.056	3901.63	169.825	-0.225997	0.146023	-0.05	0.0	0.279345	0.396785	3.0902	0.00172157	0.0561005	0.00858622	0.0444011	0.00847314	0.03	0.0	1.492	0.04	1.733	0.07	0.0479574	0.00315568	1.37144e-05	0.000327844	0.263422	0.0294584	0.337019	0.0765519	0.00343684	0.00197833	0.0033089	0.00120451	1.60396	0.0792233	0.883455	0.0258211	0.907243	1438.89	0.586232	328.138	0.69252	251.351	0.00104627	3546.88	0.333111	12.4011	0.151202	2.48587	-21789.5	4.0	759.179	-184262.0	7.0	288.004	1.0	3132.61	153.751	1011.47	95.8289	0.244075	0.0208988	1.17664	0.0349595	
1.6-2.4	6.5-30.0	0.0-100.0	0.393-0.785	0.008	0.145	2138.0	2137.0	1109.53	66.1515	1027.37	65.8623	-0.433621	0.208713	-0.05	0.0	0.279345	0.0	3.0902	0.0	0.0561005	0.0	0.0444011	0.0	0.03	0.0	1.492	0.04	1.733	0.07	0.0479574	0.0	1.91191e-05	0.000301555	0.247054	0.0648376	0.653479	0.0874734	0.00512757	0.00198312	0.00247434	0.00404604	1.36098	0.0597214	0.855471	0.0981217	0.998012	105.574	0.616273	19.2756	0.731499	15.5493	0.001	164.273	0.378991	8.59519	0.31138	6.4484	-4486.03	4.0	548.665	-42698.1	3.0	19.289	1.0	830.257	71.1437	279.276	53.7433	0.251706	0.0460544	1.20997	0.0321917	
1.6-2.4	6.5-30.0	0.0-100.0	0.785-1.178	0.008	0.145	1857.0	1857.0	894.811	59.2027	962.369	61.0409	0.0290236	0.204062	-0.05	0.0	0.279345	0.0	3.0902	0.0	0.0561005	0.0	0.0444011	0.0	0.03	0.0	1.492	0.04	1.733	0.07	0.0479574	0.0	1.00081e-05	0.000130579	0.275462	0.0540176	0.283905	0.121121	0.00876046	0.0144238	0.00378118	0.00248212	1.63893	0.152102	0.959345	0.0557626	0.215557	32.0952	0.716084	35.5859	0.265698	31.584	0.00104008	1.35316	0.360896	0.782809	0.099889	0.185102	-5822.56	4.0	35.6625	-33238.5	3.0	1.06988	1.0	688.802	57.9929	206.009	38.3677	0.230226	0.0400811	1.19233	0.0561229	
1.6-2.4	6.5-30.0	0.0-100.0	1.178-1.571	0.008	0.152	1796.0	1796.0	1028.82	61.1289	767.246	58.5361	-0.33977	0.23297	-0.05	0.0	0.279345	0.0	3.0902	0.0	0.0561005	0.0	0.0444011	0.0	0.03	0.0	1.492	0.04	1.733	0.07	0.0479574	0.0	2.89134e-05	0.000256279	0.232834	0.0383412	0.350351	0.133684	-0.00427118	0.00495361	0.00121055	0.00245107	1.6055	0.129976	0.74816	0.0539585	0.999993	394.986	0.371536	5.26497	0.353481	6.26889	0.00269831	443.412	0.400445	0.989818	0.0424222	0.350945	-4400.43	4.0	66.1193	-34890.8	3.0	192.96	1.0	739.731	59.6683	289.085	43.8581	0.280988	0.0392244	1.12548	0.0691458	
1.6-2.4	6.5-30.0	10.0-60.0	0.000-0.393	0.008	0.152	1392.0	1392.0	756.44	51.5333	636.358	47.837	-0.327567	0.245215	-0.05	0.0	0.279345	0.0	3.0902	0.0	0.0561005	0.0	0.0444779	0.0	0.03	0.0	1.492	0.04	1.733	0.07	0.0480087	0.0	3.15307e-05	0.000173778	0.265247	0.0663232	0.337019	0.0	0.00343684	0.0	0.00291309	0.00216403	1.60396	0.0	0.733471	0.0415275	0.49461	15.0346	0.915973	17.114	0.485162	14.3944	0.00147633	2.69066	0.193396	0.113365	0.147538	0.459456	-4961.93	4.0	127.035	-23567.1	3.0	2.88865	1.0	582.237	51.644	174.203	35.1368	0.230294	0.0437204	1.10622	0.00912746	
1.6-2.4	6.5-30.0	10.0-60.0	0.000-1.571	0.008	0.16	4828.0	4828.0	2732.34	99.9367	2096.3	91.7593	-0.341447	0.135263	-0.05	0.0	0.279345	0.0	3.0902	0.0	0.0561005	0.0	0.0444779	0.00252658	0.03	0.0	1.492	0.04	1.733	0.07	0.0480087	0.000843442	3.34301e-05	6.81326e-05	0.232376	0.0258687	0.337019	0.0	0.00343684	0.0	0.00384844	0.00138191	1.60396	0.0	0.812793	0.0292085	0.393076	1.14771	0.884746	0.109732	0.37639	0.696949	0.00311859	3.11844	0.23194	0.240531	0.23831	0.333856	-15824.0	4.0	209.43	-95091.1	4.0	6.08776	1.0	2014.07	99.3376	718.273	71.6346	0.262878	0.0243906	1.14238	0.00688889	
1.6-2.4	6.5-30.0	10.0-60.0	0.393-0.785	0.008	0.145	1278.0	1277.0	737.54	49.1216	539.78	44.6278	-0.502867	0.267478	-0.05	0.0	0.279345	0.0	3.0902	0.0	0.0561005	0.0	0.0444779	0.0	0.03	0.0	1.492	0.04	1.733	0.07	0.0480087	0.0	1.91191e-05	0.000301555	0.162176	0.0288854	0.337019	0.0	0.00343684	0.0	0.0035689	0.00301229	1.60396	0.0	0.889088	0.0674827	0.588035	0.775281	0.756872	0.470623	0.574552	0.511403	0.0384671	0.0590671	0.282518	0.229898	0.402286	0.613025	-4014.24	4.0	13.535	-20828.3	3.0	8.9953	1.0	521.117	52.0925	216.423	41.4342	0.293439	0.0526699	1.17946	0.0168627	
1.6-2.4	6.5-30.0	10.0-60.0	0.785-1.178	0.008	0.145	1104.0	1104.0	586.031	45.4189	518.495	43.6011	0.0857247	0.271621	-0.05	0.0	0.279345	0.0	3.0902	0.0	0.0561005	0.0	0.0444779	0.0	0.03	0.0	1.492	0.04	1.733	0.07	0.0480087	0.0	1.00081e-05	0.000130579	0.264406	0.0596145	0.337019	0.0	0.00343684	0.0	0.00171627	0.00354522	1.60396	0.0	0.900189	0.071773	0.552744	100.038	0.826589	24.9729	0.202016	80.3367	0.00100019	42.3432	0.0795516	2.60986	0.27172	2.29225	-3427.79	4.0	28.7357	-17445.0	3.0	0.00978505	1.0	430.081	45.61	155.95	33.3963	0.266112	0.0531243	1.18503	0.0180733	
1.6-2.4	6.5-30.0	10.0-60.0	1.178-1.571	0.008	0.152	1052.0	1052.0	653.144	45.5472	399.093	38.0543	-0.679904	0.314216	-0.05	0.0	0.279345	0.0	3.0902	0.0	0.0561005	0.0	0.0444779	0.0	0.03	0.0	1.492	0.04	1.733	0.07	0.0480087	0.0	2.89134e-05	0.000256279	0.258215	0.0530825	0.337019	0.0	0.00343684	0.0	0.00368949	0.00257289	1.60396	0.0	0.648573	0.0663976	0.999886	25.2384	0.307458	0.439516	0.0646772	1.05626	0.00109366	52.1932	0.255165	0.12986	0.02	0.000894221	-3566.78	4.0	45.2268	-16863.4	3.0	0.275882	1.0	464.388	44.4203	188.755	33.1313	0.288995	0.0465506	1.07048	0.0133353	
