rap0.0-1.2_pT6.5-30.0_cent0.0-100.0
12661.7
3562.35 3184.18 3177.59 2736.91
141.588 262.196 3956.68 118.954
7559.32
1834.02 2043.66 1911.82 1763.27
104.567 235.36 3774.54 115.796
8463.27
2285.71 2188.24 2028.32 1943.37
141.655 206.457 2528.74 109.8
4198.44
1276.65 995.936 1149.27 793.54
119.948 129.932 1436.55 78.1757
0.331585
0.358372 0.312777 0.36168 0.28994
0.03051 0.0316505 0.0394936 0.0256335
rap0.0-1.2_pT6.5-30.0_cent10.0-60.0
8290.01
2191.83 2181.21 2088.69 1795.01
126.727 177.774 2698.9 100.804
4027.46
1065.31 1077.11 939.982 965.939
103.677 142.486 2239.81 97.5373
5514.14
1400.27 1560.38 1297.23 1222.87
110.987 152.097 1679.29 92.3718
2775.87
791.554 620.827 791.457 572.143
88.6454 97.5718 1027.71 69.6336
0.334846
0.361139 0.284625 0.378926 0.318741
0.0346367 0.038248 0.0486128 0.0344163
rap0.0-2.4_pT10.0-13.0_cent0.0-100.0
4750.65
1198.36 1240.07 1180.48 1124.17
78.0887 2778.29 224.529 64.8448
1799.21
442.982 443.669 445.98 451.33
53.6423 2583.77 165.759 47.2154
3175.71
794.334 815.027 791.363 769.926
67.293 1827.14 168.673 61.1986
1574.94
404.021 425.04 389.121 354.247
50.4206 954.423 106.174 46.8025
0.331521
0.337146 0.342756 0.329629 0.315118
0.0358835 0.0516058 0.0644872 0.0374552
rap0.0-2.4_pT10.0-13.0_cent10.0-60.0
3144.19
795.224 827.476 802.398 688.102
44.0424 3284.81 479.316 49.3018
1084.49
275.93 249.053 270.125 289.133
29.0321 3180.51 330.707 34.8666
2074.77
509.885 542.857 517.39 464.946
42.0307 2155.76 315.217 48.562
1069.42
285.34 284.619 285.007 223.155
34.9123 1131.35 181.178 38.7835
0.340126
0.358816 0.34396 0.355195 0.324306
0.0391472 0.0704535 0.0772304 0.0513505
rap0.0-2.4_pT10.0-30.0_cent0.0-100.0
7447.26
1963.38 1899.0 1787.05 1796.6
88.0253 211.865 159.457 72.8846
2733.94
695.687 701.333 672.279 649.624
60.3196 150.5 118.087 50.1559
4809.01
1223.99 1232.56 1174.71 1162.69
83.1763 156.545 131.809 71.4938
2638.25
739.382 666.436 612.337 633.905
70.7516 105.473 96.8088 59.5637
0.354258
0.376587 0.35094 0.342653 0.352836
0.0318357 0.039394 0.0447196 0.0299044
rap0.0-2.4_pT10.0-30.0_cent10.0-60.0
4927.03
1306.57 1244.71 1191.94 1156.34
69.1166 1870.88 193.167 625.833
1664.05
417.945 409.484 418.679 422.194
43.4885 1559.42 135.359 551.177
3194.68
818.064 836.044 776.984 733.599
66.6632 1258.31 141.666 399.773
1732.36
488.505 408.666 414.953 422.746
56.9126 617.691 93.4661 233.515
0.351602
0.373884 0.328322 0.348133 0.365588
0.0388097 0.0522974 0.0544597 0.0403913
rap0.0-2.4_pT13.0-30.0_cent0.0-100.0
2700.71
770.429 655.53 587.696 668.07
865.537 41.0733 36.5091 432.473
930.62
241.108 254.718 231.46 196.866
759.481 31.1348 28.8621 360.304
1635.98
426.609 420.217 362.096 388.159
481.272 37.1941 33.5755 253.279
1064.73
343.82 235.313 225.6 279.911
388.741 30.1255 28.5961 183.972
0.394242
0.446271 0.358965 0.383872 0.418985
0.0568731 0.040076 0.0424135 0.0476233
rap0.0-2.4_pT13.0-30.0_cent10.0-60.0
1778.03
513.151 411.844 375.517 464.197
84.834 29.7761 28.9302 286.758
579.311
135.954 163.778 146.719 127.761
48.8213 21.9799 22.6749 216.315
1116.87
296.682 280.817 244.88 265.348
62.3598 28.4944 26.5169 166.627
661.161
216.47 131.027 130.637 198.848
52.5718 22.1239 21.1784 126.43
0.371851
0.421844 0.318148 0.347886 0.428371
0.0750482 0.0485453 0.0496225 0.0644517
rap0.0-2.4_pT6.5-10.0_cent0.0-100.0
19560.0
5300.09 4933.43 4960.98 4324.01
200.566 161.18 348.087 164.872
18123.9
5183.19 4906.76 4216.5 3917.92
189.064 164.011 339.609 187.963
14454.0
3880.36 3685.12 3591.49 3226.6
205.597 164.272 307.174 149.826
5105.95
1419.74 1248.31 1369.49 1097.41
153.605 118.968 200.217 95.1986
0.261041
0.26787 0.253031 0.276052 0.253793
0.0271511 0.0226534 0.0354066 0.0197756
rap0.0-2.4_pT6.5-10.0_cent10.0-60.0
12680.1
3353.45 3240.3 3169.27 2852.37
202.223 213.207 349.586 130.839
9228.85
2897.34 2510.9 1979.26 1900.5
191.187 211.285 325.389 131.287
9286.78
2451.35 2465.43 2237.44 2048.17
175.965 183.641 291.7 119.221
3393.28
902.098 774.876 931.824 804.198
109.869 100.038 186.394 82.1452
0.267608
0.269006 0.239137 0.294019 0.281941
0.0284652 0.0265625 0.0490628 0.0257318
rap0.0-2.4_pT6.5-30.0_cent0.0-10.0
8505.65
2305.22 2130.31 2163.93 1915.95
1245.41 100.851 100.116 103.368
9800.78
2575.36 2646.85 2388.08 2194.37
1253.11 107.592 105.941 130.229
6059.81
1609.66 1430.59 1569.79 1437.74
875.878 103.434 103.753 95.1507
2445.84
695.565 699.715 594.141 478.205
390.031 84.9063 79.0288 60.8477
0.287554
0.301735 0.328458 0.274565 0.249592
0.0453116 0.036698 0.0342405 0.0287624
rap0.0-2.4_pT6.5-30.0_cent0.0-100.0
26944.1
7252.58 6819.88 6730.46 6128.17
218.378 254.276 311.996 174.425
20991.3
5895.03 5622.37 4907.12 4569.65
198.345 239.498 294.205 186.559
19196.9
5095.1 4899.71 4782.43 4386.14
215.608 232.781 290.719 161.877
7747.19
2157.49 1920.17 1948.04 1742.03
164.836 161.057 208.625 114.356
0.287529
0.297479 0.281555 0.289436 0.284266
0.0208884 0.0211543 0.0279428 0.0168153
rap0.0-2.4_pT6.5-30.0_cent10.0-20.0
6427.87
1749.55 1658.49 1641.71 1431.66
128.054 1048.59 189.215 84.3504
5240.06
1506.6 1266.21 1279.67 1112.4
120.594 927.777 171.51 80.2542
4414.52
1133.63 1267.2 1101.42 932.138
109.624 807.309 155.612 79.6028
2013.34
615.926 391.29 540.29 499.527
84.6475 266.52 109.444 64.7043
0.313221
0.352048 0.235931 0.329102 0.348914
0.0409501 0.0597758 0.0548221 0.0402493
rap0.0-2.4_pT6.5-30.0_cent10.0-30.0
11310.2
3086.45 2802.88 2840.18 2552.29
153.488 4331.18 276.66 135.422
8291.01
2440.88 2190.15 1865.79 1813.89
137.216 4272.12 253.155 135.562
7903.64
2112.71 2046.17 1921.07 1751.72
141.448 3163.59 235.89 118.182
3406.6
973.734 756.712 919.109 800.572
106.367 1173.97 169.24 84.4552
0.301196
0.315487 0.269976 0.323609 0.313668
0.0306842 0.0372498 0.0505668 0.0286
rap0.0-2.4_pT6.5-30.0_cent10.0-60.0
17562.4
4680.47 4479.23 4348.79 4037.18
178.753 333.526 284.749 136.281
10939.7
3300.44 2927.25 2411.38 2313.28
159.031 305.227 253.152 127.419
12465.8
3298.34 3310.07 3014.45 2802.27
165.814 274.157 252.964 129.756
5096.6
1382.13 1169.17 1334.34 1234.9
120.053 148.303 180.736 98.1132
0.290199
0.295297 0.261019 0.306831 0.305883
0.0230374 0.0268043 0.0363815 0.0219998
rap0.0-2.4_pT6.5-30.0_cent20.0-30.0
4891.55
1343.33 1217.69 1191.15 1129.22
134.077 68.244 2010.01 89.7576
3026.5
923.808 820.447 589.515 684.16
111.646 57.1988 1643.56 92.4314
3485.54
970.029 834.802 808.303 825.453
114.755 66.2472 1369.29 80.1398
1406.01
373.302 382.887 382.851 303.768
71.9954 51.5778 657.195 51.9656
0.287437
0.277893 0.314437 0.321412 0.269007
0.0458594 0.0385173 0.101223 0.0407498
rap0.0-2.4_pT6.5-30.0_cent30.0-60.0
6238.76
1597.18 1682.33 1512.25 1439.45
69.2405 77.8421 101.612 69.2557
2659.47
849.789 730.865 539.339 532.608
54.3949 64.7782 65.9278 52.1652
4498.94
1169.87 1252.48 1058.77 1012.41
70.4269 83.031 100.019 69.2058
1739.82
427.314 429.85 453.479 427.039
52.2593 62.6993 76.6232 53.2816
0.278873
0.267543 0.255509 0.299871 0.296667
0.030595 0.0353444 0.0464898 0.0341525
rap0.0-2.4_pT6.5-8.0_cent0.0-100.0
11124.2
3064.88 2709.67 2851.73 2497.73
246.481 136.037 227.356 133.315
13500.9
3847.81 3654.2 3152.48 2830.97
243.149 150.047 233.794 161.339
8452.81
2290.96 2143.56 2068.65 1926.71
226.111 134.683 193.146 124.231
2671.37
773.916 566.111 783.076 571.017
145.104 85.8266 118.333 76.07
0.240141
0.252511 0.208923 0.274597 0.228615
0.0427676 0.0298871 0.0352503 0.0279044
rap0.0-2.4_pT6.5-8.0_cent10.0-60.0
7274.76
1962.18 1864.35 1806.38 1642.5
1738.66 160.116 181.442 99.8278
6671.77
2060.2 1753.09 1440.62 1407.64
1682.92 158.22 169.032 104.989
5372.18
1414.95 1468.03 1274.32 1199.23
1256.86 141.801 159.45 94.2481
1902.57
547.23 396.326 532.057 443.272
492.82 73.2825 109.071 65.5444
0.261531
0.278889 0.212581 0.294543 0.269876
0.0448657 0.03481 0.0526358 0.0363784
rap0.0-2.4_pT8.0-10.0_cent0.0-100.0
8405.97
2243.79 2228.88 2118.11 1830.04
111.007 117.433 230.043 79.546
4718.02
1317.61 1227.89 1055.08 1081.32
100.035 104.069 197.568 73.6578
5985.61
1592.26 1538.84 1465.64 1310.28
98.2082 108.183 209.242 75.1178
2420.36
651.527 690.044 652.469 519.764
66.921 80.3233 153.185 53.9388
0.287934
0.290369 0.309592 0.308043 0.284017
0.0261374 0.0321346 0.0641179 0.026764
rap0.0-2.4_pT8.0-10.0_cent10.0-60.0
5389.14
1421.81 1382.84 1359.56 1182.87
66.5737 95.4894 295.498 62.2146
2571.8
801.323 745.912 537.977 518.625
55.3801 89.3902 226.371 53.5384
3864.51
1048.11 982.959 894.619 833.071
63.7344 87.9134 228.663 59.5992
1524.63
373.702 399.878 464.937 349.795
44.2699 62.3219 157.13 44.392
0.282908
0.262835 0.289172 0.341977 0.295718
0.0286009 0.040403 0.0885033 0.0341544
rap1.2-1.6_pT6.5-30.0_cent0.0-100.0
6006.39
1619.97 1569.16 1456.66 1360.23
85.7767 103.709 84.8292 198.287
5496.37
1507.96 1561.8 1229.79 1186.28
81.8212 108.831 84.3432 242.459
4380.47
1209.93 1112.78 1099.71 955.686
89.0606 94.5693 82.1464 146.183
1625.92
410.041 456.384 356.952 404.546
65.5654 66.6645 55.4865 73.7479
0.270698
0.253117 0.290845 0.245047 0.297409
0.0381898 0.0378866 0.0353174 0.0325559
rap1.2-1.6_pT6.5-30.0_cent10.0-60.0
3876.01
1086.58 960.003 907.789 916.163
63.0228 60.3223 50.2392 54.5056
2749.78
873.441 798.625 569.121 488.964
56.3248 65.8095 44.2599 46.0378
2859.42
812.467 685.741 706.323 648.788
69.3884 59.9119 50.6726 53.199
1016.59
274.115 274.262 201.466 267.375
53.3561 45.053 34.1178 39.9163
0.262278
0.252273 0.285688 0.22193 0.291842
0.0468738 0.0433611 0.0355199 0.03996
rap1.2-2.4_pT6.5-30.0_cent0.0-100.0
14316.8
3731.74 3598.9 3561.73 3416.8
127.823 122.081 117.666 129.898
13298.2
4016.25 3613.58 2982.45 2778.19
129.245 126.349 113.625 144.752
10709.8
2829.8 2676.61 2758.36 2471.24
133.061 127.206 122.601 119.75
3607.09
901.944 922.292 803.366 945.564
96.2525 94.4269 86.2063 82.4969
0.251947
0.241695 0.256271 0.225555 0.27674
0.0244282 0.0247558 0.0230279 0.0217317
rap1.2-2.4_pT6.5-30.0_cent10.0-60.0
9216.55
2485.46 2292.14 2212.08 2230.74
94.0209 90.1406 84.5205 87.1819
6963.24
2232.72 1854.15 1514.13 1354.66
88.4957 90.6257 74.5608 74.0846
6862.66
1910.1 1702.51 1665.8 1561.31
101.586 92.831 86.9847 87.667
2353.89
575.358 589.634 546.276 669.428
74.6491 68.3565 62.8563 68.1662
0.255398
0.23149 0.257241 0.246951 0.300092
0.0287294 0.0280538 0.0268027 0.0282173
rap1.6-2.4_pT3.0-6.5_cent0.0-100.0
27157.7
7503.82 6693.9 6357.48 6594.98
380.349 61577.7 845.43 358.927
135420.0
36286.2 34925.1 32866.0 31330.2
588.881 46992.3 1181.61 546.187
22680.0
6365.66 5437.39 5313.39 5561.24
419.386 50019.6 748.863 368.467
4477.66
1138.16 1256.51 1044.1 1033.75
274.051 11561.5 284.276 217.547
0.164876
0.151677 0.18771 0.164231 0.156747
0.0357032 0.037517 0.039019 0.0318646
rap1.6-2.4_pT3.0-6.5_cent10.0-60.0
17312.9
4962.12 4319.2 3927.11 4151.28
268.849 253.883 248.273 250.674
66997.2
18646.4 17552.8 15972.5 14761.8
395.852 379.821 363.827 360.258
14428.7
4308.87 3294.88 3234.23 3573.78
279.433 266.491 267.155 263.179
2884.21
653.245 1024.32 692.878 577.5
157.587 192.7 177.434 154.625
0.166593
0.131646 0.237155 0.176434 0.139114
0.0309467 0.0423812 0.0437833 0.036288
rap1.6-2.4_pT6.5-30.0_cent0.0-100.0
8303.94
2111.85 2033.68 2108.61 2049.12
97.8423 99.915 96.4227 93.106
7887.71
2507.06 2046.55 1746.68 1587.65
102.687 101.211 91.8991 85.9932
6370.45
1623.73 1564.97 1670.49 1508.56
97.2126 99.6486 96.8804 90.3893
1933.49
488.123 468.715 438.12 540.563
65.5936 67.4427 62.8651 63.837
0.23284
0.231135 0.230476 0.207777 0.263802
0.0291553 0.0311698 0.0282591 0.0287551
rap1.6-2.4_pT6.5-30.0_cent10.0-60.0
5325.35
1392.8 1323.39 1303.65 1305.56
70.7587 67.9237 69.3092 68.7781
4222.55
1363.86 1054.24 943.551 856.913
69.7087 63.7176 61.4951 59.1063
3984.02
1084.26 1013.09 953.848 913.926
71.4313 72.3934 70.8617 68.5491
1341.33
308.548 310.299 349.804 391.63
48.1035 52.8273 52.8731 52.9768
0.251877
0.22153 0.234472 0.268326 0.299972
0.032652 0.0380609 0.037966 0.0373744
