weighted
rap	pT	cent	dPhi	ctauErrMin	ctauErrMax	NoCutEntry	CutEntry	NSig	NSigErr	NBkg	NBkgErr	coefExp	coefExpErr	coefPol1	coefPol1Err	coeffGaus	coeffGausErr	meanSig1	meanSig1Err	sigmaSig1	sigmaSig1Err	sigmaSig2	sigmaSig2Err	sigmaSig3	sigmaSig3Err	alpha	alphaErr	enne	enneErr	enneW	enneWErr	sigWidth	sigWidthErr	Gmc	GmcErr	bTau	bTauErr	fracRes	fracResErr	meanResSigW	meanResSigWErr	meanResSigN	meanResSigNErr	sigmaResSigW	sigmaResSigWErr	sigmaResSigN	sigmaResSigNErr	fpm	fpmErr	fLiving	fLivingErr	fbkgCtTot	fbkgCtTotErr	lambdam	lambdamErr	lambdap	lambdapErr	lambdasym	lambdasymErr	NLL	nFitPar	EDM	NLLMass	nFitParMass	EDMMass	Prob	PROMPT	PROMPTErr	NON-PROMPT	NON-PROMPTErr	Bfraction	BfractionErr	Resolution	ResolutionErr	
0.0-0.4	6.5-30.0	0.0-100.0	0.000-1.571	0.008	0.105	9244.0	9230.0	7977.21	165.276	1253.69	85.4717	-1.03089	0.186242	-0.05	0.0	0.423139	0.154361	3.09369	0.000438989	0.0151889	0.00199256	0.0232262	0.00110041	0.03	0.0	1.696	0.0	5.0	0.0	1.718	0.0	0.0202191	0.000761894	1.68647e-05	3.60603e-05	0.369825	0.0120382	0.0412563	0.0187466	-0.00568417	0.00506639	0.000277788	0.000672036	1.9561	0.23217	0.97516	0.0199599	0.958737	0.0257595	0.901164	0.0357997	0.179255	0.0819073	0.345991	0.233727	0.355126	0.0231612	0.0699418	0.0896397	-69633.4	4.0	413.735	-242137.0	7.0	695.331	1.0	5802.55	142.229	2174.66	88.353	0.272609	0.00952733	1034.2	18.2549	
0.0-1.2	6.5-30.0	0.0-100.0	0.000-1.571	0.008	0.145	32616.0	32597.0	28145.3	289.539	4451.83	144.215	-1.05945	0.0996677	-0.05	0.0	0.371516	0.059756	3.09371	0.000285765	0.0183293	0.00124616	0.0311347	0.000787374	0.03	0.0	1.696	0.0	5.0	0.0	1.718	0.0	0.0270933	0.000476812	3.35891e-05	7.03403e-08	0.370027	0.00727791	0.0363835	0.00953099	-0.00179413	0.00321886	0.000338444	0.000352859	2.02745	0.140729	0.987587	0.0105346	0.968273	0.0272908	0.917635	0.0294359	0.257476	0.0380727	0.0497403	0.069383	0.417374	0.0170942	0.200164	0.0481507	-212306.0	4.0	554.43	-933561.0	7.0	193.073	1.0	20369.6	256.256	7775.67	167.794	0.276269	0.00524069	1043.74	9.951	
0.0-2.4	10.0-13.0	0.0-100.0	0.000-1.571	0.008	0.145	12532.0	12522.0	10620.9	153.899	1901.6	90.4565	-1.22932	0.131793	-0.05	0.0	0.463436	0.0700093	3.09337	0.000475312	0.0461781	0.00270646	0.0231314	0.00119116	0.03	0.0	1.696	0.0	5.0	0.0	1.718	0.0	0.0357118	0.00114601	5.4086e-05	1.12806e-09	0.393025	0.0113386	0.0847722	0.0318272	0.00318917	0.00280993	0.000600225	0.000481066	1.61951	0.135984	0.944908	0.0148325	0.851353	0.799297	0.978396	0.0237111	0.136113	0.670061	0.0294213	0.0594209	0.405024	0.0236303	0.162545	0.103333	-45102.3	4.0	11.4233	-218549.0	7.0	61.895	1.0	7276.65	132.313	3344.3	93.4747	0.314878	0.00752594	1019.56	17.4833	
0.0-2.4	10.0-30.0	0.0-100.0	0.000-1.571	0.008	0.145	19604.0	19592.0	16335.4	187.983	3257.3	113.411	-1.24477	0.0991295	-0.05	0.0	0.468467	0.0515339	3.09349	0.000373851	0.0453986	0.00210365	0.0228535	0.000733008	0.03	0.0	1.696	0.0	5.0	0.0	1.718	0.0	0.0352582	0.000857106	1.34171e-05	1.68501e-09	0.381029	0.00808075	0.061429	0.0187332	-0.00106161	0.00252365	0.000223435	0.000361621	1.76588	0.127349	0.968776	0.0119131	0.9485	0.133279	0.96484	0.0171541	0.225452	0.101027	0.0273178	0.0372947	0.424695	0.0174108	0.174566	0.0629687	-64910.9	4.0	16.7116	-345947.0	7.0	106.479	1.0	10449.1	156.824	5886.34	121.34	0.360343	0.00616283	1035.58	13.0007	
0.0-2.4	11.0-13.0	0.0-100.0	0.000-1.571	0.008	0.145	6669.0	6666.0	5669.02	112.975	997.511	67.7952	-1.35207	0.18374	-0.05	0.0	0.353202	0.0871112	3.09365	0.00064396	0.0531511	0.00583946	0.0247294	0.00148971	0.03	0.0	1.696	0.0	5.0	0.0	1.718	0.0	0.0373276	0.00198137	1.95666e-05	9.68631e-08	0.401488	0.0150165	0.152755	0.0965681	0.00355134	0.00260494	0.000158106	0.000696439	1.43754	0.174684	0.949085	0.0223385	0.939579	0.139944	0.98697	0.0158002	0.216519	0.109328	0.035369	0.0417911	0.394948	0.027331	0.217137	0.188457	-22493.6	4.0	10.4053	-106256.0	7.0	45.6354	1.0	3724.29	94.726	1944.73	70.4733	0.343045	0.0103827	1038.67	33.9109	
0.0-2.4	13.0-16.0	0.0-100.0	0.000-1.571	0.008	0.081	4195.0	4190.0	3390.64	81.1501	800.059	48.5027	-1.10587	0.19379	-0.05	0.0	0.599568	0.0786658	3.09346	0.000758879	0.0414095	0.00268558	0.0185675	0.00129215	0.03	0.0	1.696	0.0	5.0	0.0	1.718	0.0	0.0341491	0.00126308	2.62966e-05	2.93314e-11	0.379042	0.0165422	0.0297848	0.0145497	-0.01	0.0133005	-0.000537571	0.000760644	2.21078	0.332015	1.01104	0.0259675	0.999768	12.2025	0.94341	0.276847	0.270827	2.69438	0.00472324	16.8431	0.460151	0.165249	0.219818	0.359251	-12619.5	4.0	4.89512	-59912.8	7.0	25.0014	1.0	2040.66	67.0766	1349.98	56.1945	0.398149	0.01356	1066.45	20.5305	
0.0-2.4	13.0-30.0	0.0-100.0	0.000-1.571	0.008	0.081	7071.0	7065.0	5707.41	113.459	1357.59	74.8433	-1.27633	0.152935	-0.05	0.0	0.490578	0.104222	3.09374	0.0006165	0.043722	0.00364694	0.0220124	0.00141951	0.03	0.0	1.696	0.0	5.0	0.0	1.718	0.0	0.0344185	0.00158488	1.00764e-05	1.42678e-08	0.369726	0.0115994	0.0330329	0.0174075	-0.00922003	0.0132591	-0.000254545	0.000554089	2.0516	0.269494	1.00563	0.0201246	1.0	66.0427	0.962167	0.00286724	0.283218	0.0214245	0.001088	55.2749	0.449961	0.00502462	0.236564	0.0147625	-20033.5	4.0	9.40876	-105322.0	7.0	43.401	1.0	3199.77	87.1175	2507.64	77.6425	0.439366	0.0104296	1056.85	18.2693	
0.0-2.4	16.0-30.0	0.0-100.0	0.000-1.571	0.008	0.056	2875.0	2863.0	2341.41	65.089	521.819	37.0591	-1.39942	0.244978	-0.05	0.0	0.157867	0.0864038	3.09364	0.000945989	0.0150101	0.00285191	0.0371059	0.00273619	0.03	0.0	1.696	0.0	5.0	0.0	1.718	0.0	0.0345696	0.00143408	3.3375e-05	9.01575e-05	0.361097	0.0161628	0.109582	0.115936	-0.0012168	0.00405477	0.000122356	0.000856842	1.51989	0.290444	0.971627	0.0344626	0.999999	6.59618	0.986235	0.00094941	0.292821	0.00369096	0.00100094	10.0957	0.434928	0.00254288	0.241294	0.0167621	-7470.86	4.0	5.9764	-37349.5	7.0	18.0437	1.0	1177.57	49.8672	1163.84	49.6174	0.497067	0.0160665	1045.82	46.5965	
0.0-2.4	6.5-30.0	0.0-100.0	0.000-1.571	0.004	0.224	71997.0	71972.0	61336.4	433.443	10636.6	240.742	-1.11819	0.0656809	-0.05	0.0	0.458324	0.0371046	3.09238	0.000255027	0.0469055	0.000912761	0.0254066	0.00086044	0.03	0.0	1.696	0.0	5.0	0.0	1.718	0.0	0.0368513	0.000499835	1.258e-05	6.33362e-07	0.370737	0.00557332	0.0395513	0.00542533	-0.00065644	0.00248699	0.000405847	0.000249974	2.1898	0.0895116	0.961938	0.00674567	0.974236	0.0435186	0.866982	0.0294394	0.277325	0.0292197	0.0500218	0.0468463	0.428634	0.0128949	0.138124	0.0218632	-393512.0	4.0	249.599	-2098710.0	7.0	69.1179	1.0	45275.7	388.994	16060.7	248.659	0.261846	0.00360711	1038.45	6.96317	
0.0-2.4	6.5-7.5	0.0-100.0	0.000-1.571	0.008	0.168	22042.0	22027.0	19066.1	354.902	2961.35	222.688	-0.743443	0.179346	-0.05	0.0	0.444298	0.154926	3.09123	0.000682081	0.0493976	0.00280079	0.0279855	0.00363568	0.03	0.0	1.696	0.0	5.0	0.0	1.718	0.0	0.038979	0.00196428	1.46325e-05	1.04365	0.393721	0.0158478	0.0274931	0.00809829	0.00662081	0.0166341	0.000567317	0.000670728	2.51531	0.251785	0.979101	0.0140695	0.986266	0.0142649	0.666323	0.126759	0.270388	0.129641	0.464481	0.504943	0.413548	0.0318134	0.0658583	0.0191685	-184020.0	4.0	36.4589	-833354.0	7.0	4894.11	1.0	15376.3	319.249	3689.86	157.215	0.193529	0.00741721	1051.77	14.6918	
0.0-2.4	6.5-8.0	0.0-100.0	0.000-1.571	0.008	0.168	30577.0	30557.0	26330.0	352.543	4228.36	206.245	-0.861834	0.126993	-0.05	0.0	0.496125	0.0939067	3.09136	0.000504533	0.0480965	0.00140106	0.0264226	0.00253565	0.03	0.0	1.696	0.0	5.0	0.0	1.718	0.0	0.0387228	0.00115551	1.06819e-05	6.35669e-06	0.390707	0.0124656	0.0375559	0.00876698	-0.000429432	0.00619673	0.000744225	0.000527971	2.2911	0.169192	0.96745	0.0114205	1.0	0.221491	0.680007	0.0708238	0.312476	0.0631955	0.045234	0.858319	0.430917	0.0267258	0.0995291	0.0177666	-231137.0	4.0	40.2887	-1090200.0	7.0	3903.21	1.0	21023.4	323.581	5306.63	174.689	0.201543	0.00606101	1047.83	12.4659	
0.0-2.4	6.5-8.5	0.0-100.0	0.000-1.571	0.008	0.168	37745.0	37724.0	32460.3	365.482	5263.91	209.07	-0.94648	0.109276	-0.05	0.0	0.481136	0.0752956	3.09146	0.000421802	0.0477899	0.00105859	0.0265736	0.00200643	0.03	0.0	1.696	0.0	5.0	0.0	1.718	0.0	0.0382786	0.000913031	2.38435e-05	5.23465e-06	0.377676	0.0104406	0.0366796	0.00717041	-0.00262645	0.00533113	0.00109903	0.000446925	2.32876	0.146774	0.961403	0.0100206	0.984802	0.0126746	0.64018	0.0616143	0.222099	0.064854	0.414854	0.299234	0.436743	0.0230354	0.0743199	0.011595	-266603.0	4.0	48.0319	-1288580.0	7.0	2556.67	1.0	25759.6	337.681	6700.74	188.678	0.206428	0.00532765	1043.7	10.7492	
0.0-2.4	7.5-8.5	0.0-100.0	0.000-1.571	0.008	0.136	15703.0	15682.0	13384.2	196.44	2297.93	108.471	-1.21924	0.13932	-0.05	0.0	0.540249	0.0749377	3.09179	0.000536487	0.0456338	0.00166118	0.0242545	0.00195695	0.03	0.0	1.696	0.0	5.0	0.0	1.718	0.0	0.0373564	0.000973284	3.5227e-05	4.17602e-05	0.359263	0.013149	0.0451238	0.0121541	-0.0072094	0.00561322	0.00170999	0.000572261	2.1991	0.182947	0.943372	0.0136575	0.985312	0.0162799	0.617745	0.084836	0.153224	0.0861275	0.402602	0.340165	0.459986	0.0354637	0.0806116	0.0163227	-82524.9	4.0	1.92131	-377977.0	7.0	1.87343	1.0	10387.2	182.158	2997.01	108.971	0.223922	0.00744899	1033.45	15.7222	
0.0-2.4	8.0-10.0	0.0-100.0	0.000-1.571	0.008	0.136	21815.0	21801.0	18653.3	217.638	3148.22	122.502	-1.33033	0.114354	-0.05	0.0	0.402813	0.0670554	3.09269	0.000407419	0.0456984	0.00179246	0.0264152	0.00132083	0.03	0.0	1.696	0.0	5.0	0.0	1.718	0.0	0.035467	0.000857121	1.06093e-05	3.63822e-09	0.348556	0.00939666	0.0493876	0.0109542	0.000525422	0.00399226	0.000690939	0.00042377	2.11013	0.137345	0.936287	0.0108105	0.844018	0.106114	0.867886	0.0415717	0.132583	0.11825	0.0209953	0.0158817	0.45522	0.0232677	0.162809	0.0405061	-98994.8	4.0	2.66647	-474406.0	7.0	24.2167	1.0	13987.4	198.549	4665.93	125.507	0.250139	0.00606249	1026.28	12.7145	
0.0-2.4	8.5-9.5	0.0-100.0	0.000-1.571	0.008	0.136	10728.0	10723.0	9195.33	150.997	1528.45	83.6187	-1.25659	0.159171	-0.05	0.0	0.388025	0.0821796	3.09325	0.000559097	0.0447373	0.00292303	0.0261415	0.00122558	0.03	0.0	1.696	0.0	5.0	0.0	1.718	0.0	0.0345661	0.00111035	1.61471e-05	3.66487e-06	0.36185	0.0136802	0.0510208	0.0152692	0.00361757	0.00549739	0.000602019	0.000588112	2.16101	0.191159	0.935306	0.0148837	0.968468	0.112293	0.933565	0.134736	0.237069	0.0463452	0.0598043	0.0547698	0.453006	0.0363592	0.184578	0.216411	-48322.5	4.0	2.62521	-213456.0	7.0	15.1555	1.0	6888.65	137.716	2306.68	87.2043	0.250853	0.00854219	1033.65	18.472	
0.0-2.4	9.5-11.0	0.0-100.0	0.000-1.571	0.008	0.128	9781.0	9773.0	8284.75	135.293	1488.62	75.5723	-1.3032	0.152634	-0.05	0.0	0.535886	0.0686505	3.09284	0.000554725	0.0430651	0.00214088	0.0229524	0.00104142	0.03	0.0	1.696	0.0	5.0	0.0	1.718	0.0	0.0351903	0.00096799	4.61932e-05	1.75574e-06	0.366281	0.0130516	0.0946533	0.0370468	0.00139483	0.00321146	-0.000614273	0.000570869	1.57638	0.138864	0.915618	0.0161661	0.862813	0.068591	0.923531	0.0422843	0.116305	0.0756524	0.0284892	0.0121808	0.43639	0.0291241	0.168132	0.064648	-38020.9	4.0	7.35074	-173624.0	7.0	33.0476	1.0	5926.62	120.128	2358.13	80.9114	0.284635	0.00858924	997.103	19.6734	
0.4-0.8	6.5-30.0	0.0-100.0	0.000-1.571	0.008	0.073	10392.0	10346.0	8858.16	172.831	1488.76	87.2447	-1.22811	0.187458	-0.05	0.0	0.342982	0.104791	3.09461	0.000487438	0.0290685	0.00161453	0.0207064	0.00122248	0.03	0.0	1.696	0.0	5.0	0.0	1.718	0.0	0.0239063	0.000665119	3.62012e-05	2.19645e-10	0.358895	0.0125511	0.0440704	0.0189422	-0.00335026	0.0047604	-0.000666328	0.000671514	1.94023	0.224231	0.985218	0.0203713	0.999997	59.3369	0.860255	0.138198	0.199856	0.0306167	0.107656	77.5721	0.454293	0.0110366	0.112617	0.0271821	-77612.3	4.0	322.925	-305209.0	7.0	62.5707	1.0	6242.06	151.025	2616.1	102.867	0.295332	0.0100822	1045.84	18.116	
0.8-1.2	6.5-30.0	0.0-100.0	0.000-1.571	0.008	0.145	12978.0	12975.0	11056.3	171.891	1919.07	92.7633	-1.10672	0.145807	-0.05	0.0	0.547344	0.0919438	3.09343	0.000531304	0.0351481	0.00147871	0.02866	0.00198092	0.03	0.0	1.696	0.0	5.0	0.0	1.718	0.0	0.0323727	0.000661064	2.63171e-05	3.12815e-11	0.382463	0.0129257	0.0252228	0.0123352	0.00474538	0.0064379	0.00103951	0.000522894	2.22391	0.299687	1.00282	0.015313	0.980845	0.0454056	0.967414	0.240181	0.343275	0.181773	0.268514	0.407093	0.435314	0.0348717	0.0659033	0.22916	-66498.2	4.0	23.8225	-291181.0	7.0	9.13949	1.0	8189.44	153.967	2866.88	97.3745	0.259298	0.00783035	1051.2	15.7553	
1.2-1.6	6.5-30.0	0.0-100.0	0.000-1.571	0.004	0.152	16128.0	16119.0	13960.9	200.933	2158.43	108.655	-0.884713	0.147711	-0.05	0.0	0.529362	0.087109	3.08936	0.000591915	0.0338259	0.00139034	0.0474182	0.00289967	0.03	0.0	1.696	0.0	5.0	0.0	1.718	0.0	0.0407911	0.00103434	3.02336e-05	2.07313e-10	0.386222	0.013191	0.0605824	0.0181432	-0.00143211	0.00425656	0.00114015	0.000522318	1.97565	0.161837	0.953044	0.013794	0.999999	4.82045	0.748396	0.00617423	0.276145	0.00336219	0.114691	6.34253	0.490646	0.00416552	0.0960072	0.00204743	-78575.0	4.0	51.5753	-387958.0	7.0	2.77412	1.0	10240.5	181.339	3720.42	118.44	0.266489	0.00756724	1043.9	17.0413	
1.6-2.0	6.5-30.0	0.0-100.0	0.000-1.571	0.004	0.145	16220.0	16207.0	13710.7	203.498	2497.44	120.026	-1.31621	0.14051	-0.05	0.0	0.710428	0.0988635	3.09007	0.000689435	0.0491914	0.00134562	0.0371798	0.00420815	0.03	0.0	1.696	0.0	5.0	0.0	1.718	0.0	0.0460367	0.000901781	1.47067e-05	3.70281e-07	0.35529	0.011964	0.0692177	0.0151298	0.00589367	0.00445577	0.000670896	0.000561497	2.03396	0.13573	0.914698	0.0133213	0.868336	0.0474177	0.973643	0.0598255	0.306301	0.0483216	0.0722378	0.028095	0.406924	0.0250274	0.252988	0.305566	-75966.5	4.0	0.367139	-382024.0	7.0	1.12227	1.0	10383.7	186.112	3326.97	115.429	0.242655	0.00760965	1032.04	16.1927	
1.6-2.4	3.0-30.0	0.0-100.0	0.000-1.571	0.004	0.24	92355.0	92212.0	77125.0	861.101	15087.5	641.174	-0.422231	0.106236	-0.05	0.0	0.305101	0.176602	3.08926	0.000465794	0.0658139	0.00701546	0.0423205	0.00316068	0.03	0.0	2.059	0.0	5.0	0.0	1.41	0.0	0.0506568	0.00277084	1.74679e-05	5.09545e-05	0.41348	0.0128624	0.0595191	0.00808293	0.00568574	0.00364107	0.000309215	0.000428326	2.03068	0.0819978	0.929437	0.00792553	0.823122	0.0343905	0.972206	0.0130055	0.433308	0.0304716	0.0725877	0.022109	0.451484	0.0372478	2.68722	10.9426	-821099.0	4.0	1778.79	-5473510.0	7.0	18935.9	1.0	64505.4	798.342	12619.6	372.169	0.163625	0.00446635	1028.53	8.6932	
1.6-2.4	3.0-4.5	0.0-100.0	0.000-1.571	0.024	0.24	35099.0	35005.0	29223.8	849.661	5781.73	711.587	0.385067	0.274976	-0.05	0.0	0.223105	0.303669	3.08951	0.00101642	0.0798923	0.0348329	0.0429117	0.00682158	0.03	0.0	2.04	0.0	5.0	0.0	1.31	0.0	0.0534286	0.00894028	3.3213e-05	6.84293e-05	0.492652	0.0403338	0.152039	0.0491521	0.00785331	0.0161368	-0.000179084	0.00133265	1.5157	0.113301	0.920303	0.0172717	0.852453	0.916963	0.903961	0.111382	0.653657	0.382335	0.0440415	0.132415	0.586656	0.136159	1.24256	1.69773	-490275.0	4.0	679.76	-3002780.0	7.0	35034.8	1.0	25715.5	788.418	3508.3	270.207	0.120049	0.00856204	1033.19	22.3554	
1.6-2.4	3.0-5.5	0.0-100.0	0.000-1.571	0.024	0.24	55103.0	54975.0	45670.9	909.888	9304.86	743.017	-0.00328705	0.191479	-0.05	0.0	0.272326	0.282656	3.08892	0.000728877	0.069433	0.0161499	0.0422417	0.00539005	0.03	0.0	2.04	0.0	5.0	0.0	1.31	0.0	0.0511009	0.00540259	1.33231e-05	0.0273667	0.465152	0.0274365	0.111931	0.0259431	0.00756512	0.0053187	-0.00047135	0.000859236	1.63454	0.0936064	0.90344	0.0120075	0.970233	0.0622298	0.497089	1.05309	0.275054	1.57078	1.15669	21.9796	0.570966	0.0656445	0.0514785	0.10007	-633553.0	4.0	1191.76	-4087770.0	7.0	26417.3	1.0	39805.4	846.761	5865.58	319.002	0.128431	0.00649927	1011.88	15.3533	
1.6-2.4	3.0-6.5	0.0-100.0	0.000-1.571	0.016	0.24	69102.0	68965.0	57611.9	916.746	11353.2	730.644	-0.150236	0.157884	-0.05	0.0	0.307117	0.235278	3.08919	0.00061015	0.0675545	0.0104543	0.0420728	0.00456566	0.03	0.0	2.04	0.0	5.0	0.0	1.31	0.0	0.0512645	0.00405382	1.16039e-05	1.83434e-07	0.45686	0.0216544	0.0726873	0.0143009	0.00892288	0.0115422	-0.000118578	0.000656542	1.85882	0.0987596	0.923287	0.00979573	0.976104	0.0143493	0.566666	0.173122	0.333018	0.212098	1.03004	1.07054	0.558336	0.042012	0.0588777	0.0268743	-715404.0	4.0	1261.79	-4680680.0	7.0	22534.7	1.0	49892.5	854.494	7719.45	339.048	0.13399	0.00548523	1020.61	11.9476	
1.6-2.4	4.5-5.5	0.0-100.0	0.000-1.571	0.024	0.192	20004.0	19962.0	16600.0	316.263	3362.68	203.531	-0.687114	0.181863	-0.05	0.0	0.350111	0.225699	3.08783	0.000903173	0.0595544	0.00337256	0.0420116	0.00431341	0.03	0.0	2.04	0.0	5.0	0.0	1.31	0.0	0.0488752	0.00249001	3.14986e-05	0.0195276	0.431212	0.0347323	0.086383	0.0293212	0.00796526	0.0109084	-0.000568087	0.00105152	1.73086	0.153055	0.928701	0.0156216	0.578768	47.965	0.910975	9.938	0.103819	44.3569	0.00285417	1.55294	0.506627	0.0968763	0.141808	0.158909	-142867.0	4.0	619.182	-868131.0	7.0	73.638	1.0	14248.3	312.119	2351.78	160.428	0.141673	0.00927977	1023.12	20.0166	
1.6-2.4	5.5-6.5	0.0-100.0	0.000-1.571	0.024	0.16	13998.0	13977.0	11978.8	219.362	1998.47	124.826	-0.848941	0.192355	-0.05	0.0	0.418681	0.16732	3.09031	0.000943033	0.0641442	0.0028241	0.0417418	0.00447426	0.03	0.0	2.04	0.0	5.0	0.0	1.31	0.0	0.0523023	0.00228081	1.13031e-05	0.0014207	0.431181	0.0278246	0.121122	0.047319	0.00235778	0.00610226	0.000660411	0.000963225	1.59491	0.144361	0.901786	0.0167275	0.870373	0.271645	0.787551	0.476536	0.337276	0.15062	0.094127	0.0520387	0.513681	0.0810306	0.0701714	0.0393112	-82569.8	4.0	74.7192	-435740.0	7.0	5.27939	1.0	10097.1	213.023	1881.74	111.254	0.157089	0.00883082	1011.35	25.3532	
1.6-2.4	6.5-30.0	0.0-100.0	0.000-1.571	0.008	0.188	23252.0	23244.0	19661.3	251.475	3582.95	151.148	-1.22543	0.121216	-0.05	0.0	0.614713	0.0864215	3.08994	0.000620773	0.0527486	0.00155675	0.0398334	0.00274038	0.03	0.0	1.696	0.0	5.0	0.0	1.718	0.0	0.0481842	0.000867345	3.35396e-05	3.48851e-05	0.361221	0.0107421	0.0507427	0.00938907	0.00405901	0.004801	9.84321e-05	0.000492798	2.22561	0.1344	0.918642	0.0114205	0.916473	0.115285	0.910356	0.174045	0.279457	0.0494223	0.0628459	0.0412225	0.40407	0.0284171	0.139498	0.0940994	-109480.0	4.0	1.03245	-591465.0	7.0	0.944834	1.0	14959.0	231.001	4702.31	142.728	0.239165	0.00658332	1025.88	12.9111	
2.0-2.4	6.5-30.0	0.0-100.0	0.000-1.571	0.008	0.144	7032.0	7021.0	5933.15	145.288	1088.43	87.5402	-1.07365	0.243242	-0.05	0.0	0.484874	0.16921	3.08944	0.00133119	0.0612527	0.00287016	0.0455671	0.00471577	0.03	0.0	1.696	0.0	5.0	0.0	1.718	0.0	0.0537474	0.00185158	1.00319e-05	1.2166e-09	0.375365	0.022879	0.0492998	0.0201944	-0.00605931	0.0114916	-0.00154362	0.00104939	1.99796	0.247395	0.900677	0.022886	1.0	2.37064	0.871782	0.131695	0.245287	0.133019	0.094565	42.7619	0.389837	0.050398	0.111909	0.0814592	-33702.3	4.0	1.74163	-171897.0	7.0	1.19593	1.0	4552.75	135.61	1380.4	84.2828	0.232659	0.0130129	983.881	22.7794	
