rap0.0-1.2_pT6.5-30.0_cent0.0-100.0
13365.2
3672.59 3436.43 3353.12 2897.08
65.9352 63.7673 62.9739 58.819
7908.69
2003.42 2104.54 1950.88 1846.85
51.7525 52.2911 50.6311 49.0852
9043.9
2388.92 2352.72 2213.09 2040.94
56.1606 56.0148 53.9112 53.6713
4321.32
1283.67 1083.71 1140.03 856.138
42.9611 40.4482 40.4639 38.2847
0.323326
0.349526 0.315358 0.339992 0.295517
0.00987219 0.0102127 0.0102398 0.0117744
rap0.0-1.2_pT6.5-30.0_cent10.0-60.0
8687.46
2297.49 2326.31 2156.01 1893.68
51.7466 51.8515 49.9939 46.9839
4139.67
1106.26 1095.64 956.968 978.243
38.5581 38.182 36.0599 35.9453
5872.88
1504.04 1648.87 1388.22 1299.94
44.4138 45.7995 41.9906 41.8979
2814.58
793.452 677.445 767.79 593.739
33.829 31.2233 32.3105 30.532
0.323982
0.345355 0.29121 0.356116 0.313537
0.012502 0.0117479 0.0125059 0.0141223
rap0.0-2.4_pT10.0-13.0_cent0.0-100.0
5005.98
1258.12 1321.24 1239.11 1184.69
38.2532 38.8955 37.959 37.3314
1733.92
425.849 417.748 431.891 435.321
25.1209 24.6842 25.1741 25.383
3287.89
819.02 874.069 817.494 823.782
32.7504 32.9783 33.0118 32.997
1718.09
439.103 447.175 421.617 360.905
25.1139 24.4696 25.0886 23.3299
0.343208
0.349014 0.33845 0.340257 0.304641
0.0169071 0.0156117 0.0173581 0.0171946
rap0.0-2.4_pT10.0-13.0_cent10.0-60.0
3325.93
832.425 884.417 852.095 737.69
31.1237 31.6077 31.1163 29.3322
1033.15
268.58 229.583 250.912 267.321
20.1209 18.5532 19.1586 19.749
2156.09
522.838 565.231 542.427 494.812
26.5684 26.5427 26.1687 25.8942
1169.84
309.587 319.186 309.668 242.879
21.3945 20.6538 20.5017 19.4082
0.351734
0.37191 0.3609 0.363419 0.329242
0.0216148 0.0194681 0.0200693 0.0228211
rap0.0-2.4_pT10.0-30.0_cent0.0-100.0
7805.72
2060.71 1990.22 1873.83 1879.0
48.9099 48.0174 46.5008 46.8544
2611.57
658.225 673.68 640.179 622.003
31.4585 31.4486 30.4758 30.6328
4964.55
1263.05 1333.16 1224.56 1216.41
40.5162 41.0241 40.474 40.5061
2841.17
797.664 657.062 649.266 662.585
33.1862 29.9954 31.2135 31.5227
0.363986
0.387082 0.330146 0.346492 0.352627
0.0132266 0.0127946 0.0142668 0.0142873
rap0.0-2.4_pT10.0-30.0_cent10.0-60.0
5178.86
1369.05 1312.74 1259.63 1226.63
39.735 38.7816 37.8636 37.6722
1574.23
396.964 384.285 389.374 387.355
24.6327 23.9896 23.737 24.0817
3301.14
838.834 863.358 812.66 768.658
32.8714 33.2525 32.2091 32.4461
1877.72
530.219 449.384 446.969 457.972
26.9187 25.1284 24.9241 26.3305
0.362573
0.387289 0.342325 0.354842 0.373358
0.0161324 0.0162523 0.0166659 0.0181464
rap0.0-2.4_pT13.0-30.0_cent0.0-100.0
2807.11
808.541 668.527 621.367 692.132
30.516 28.1689 26.5971 28.2172
870.022
218.469 249.422 207.635 182.875
18.4707 19.3479 17.1377 16.9397
1676.49
441.593 449.675 383.58 396.468
23.6932 24.4154 23.412 23.2472
1130.62
366.948 218.853 237.786 295.664
21.8036 17.9484 19.5484 20.6027
0.40277
0.45384 0.327365 0.382683 0.427179
0.0208279 0.0230332 0.0268594 0.0241408
rap0.0-2.4_pT13.0-30.0_cent10.0-60.0
1848.11
537.08 424.878 394.95 479.072
24.5933 22.4017 21.1755 23.4119
539.923
122.886 155.063 134.051 119.926
13.8061 15.2323 13.6936 13.7468
1141.19
302.212 284.326 255.988 268.123
19.4052 20.2404 18.6512 19.2637
706.925
234.869 140.551 138.961 210.948
17.3414 15.4873 14.6629 17.4836
0.382512
0.437306 0.330804 0.351846 0.440327
0.0253289 0.0320074 0.0319761 0.0294757
rap0.0-2.4_pT6.5-10.0_cent0.0-100.0
20502.7
5542.52 5209.68 5155.11 4589.44
85.9283 83.1048 82.0218 77.3142
19069.2
5475.38 5154.04 4429.88 4079.34
85.5363 82.7691 77.4743 73.944
15293.3
4130.01 3864.04 3781.13 3435.68
78.875 76.3597 73.6946 72.9835
5209.38
1412.51 1345.64 1373.98 1153.76
51.0005 49.9217 47.8487 48.5234
0.254083
0.25485 0.258296 0.266528 0.251394
0.00831023 0.00865142 0.00825642 0.0096876
rap0.0-2.4_pT6.5-10.0_cent10.0-60.0
13182.5
3578.3 3433.33 3216.67 2956.68
67.8927 65.9955 63.7389 61.0001
9822.5
3004.64 2632.54 2143.29 2030.26
63.5273 59.6196 54.6739 52.863
9794.65
2650.93 2608.7 2334.06 2141.63
62.9598 62.4105 56.878 56.9749
3387.87
927.366 824.635 882.609 815.048
41.7577 40.3965 37.4423 39.7066
0.256997
0.259164 0.240185 0.274386 0.275664
0.0105831 0.0108223 0.0102923 0.0121658
rap0.0-2.4_pT6.5-30.0_cent0.0-10.0
8883.15
2373.61 2196.72 2289.51 2025.11
56.8398 55.1472 55.258 52.0963
10260.0
2714.62 2795.44 2477.48 2284.01
59.7642 60.3301 56.9333 54.5256
6333.43
1643.33 1473.72 1659.0 1528.44
50.1678 48.5726 50.4848 49.9047
2549.72
730.278 722.991 630.511 496.671
35.6936 36.3312 34.3082 33.2823
0.287029
0.307666 0.329124 0.275391 0.245256
0.0131092 0.0143271 0.0134302 0.0151755
rap0.0-2.4_pT6.5-30.0_cent0.0-100.0
28048.9
7538.42 7139.62 6961.41 6411.61
98.1349 95.3117 93.6613 89.8047
22022.0
6204.57 5890.19 5139.67 4770.1
91.0862 88.5173 83.3712 80.1495
20062.4
5323.2 5090.55 4970.28 4618.48
87.6003 86.5185 83.83 82.7022
7986.45
2215.22 2049.07 1991.13 1793.12
60.8549 60.1293 57.2126 57.3215
0.284733
0.293858 0.287 0.286024 0.279669
0.00710869 0.00749996 0.0072619 0.00803643
rap0.0-2.4_pT6.5-30.0_cent10.0-20.0
6536.7
1793.41 1628.82 1648.37 1467.29
48.2191 45.8032 45.8518 43.2606
5515.3
1578.59 1408.04 1337.51 1161.7
45.9373 43.3264 42.3259 39.5713
4512.01
1176.96 1230.52 1127.37 950.558
42.0217 41.8845 39.7815 38.5449
2024.69
616.443 398.303 521.0 516.728
32.2356 26.123 28.4461 30.5347
0.309742
0.343728 0.244534 0.31607 0.352166
0.0154166 0.014489 0.0148496 0.0180351
rap0.0-2.4_pT6.5-30.0_cent10.0-30.0
11652.3
3207.33 2945.24 2864.82 2634.28
63.8842 60.8452 60.011 57.5104
8756.73
2554.62 2292.72 2006.16 1893.64
58.553 55.223 52.3704 50.664
8174.22
2226.55 2136.19 1957.8 1807.79
56.3996 55.4215 51.7926 51.9249
3478.07
980.782 809.05 907.025 826.493
39.9466 37.4611 36.8993 38.264
0.298488
0.305794 0.274697 0.316608 0.313745
0.0108638 0.011383 0.0110414 0.012809
rap0.0-2.4_pT6.5-30.0_cent10.0-60.0
18205.6
4903.84 4704.66 4438.76 4160.14
78.0947 75.9966 73.6832 71.3634
11554.5
3452.13 3060.14 2572.16 2461.55
68.1687 64.2753 59.6907 58.2598
12973.2
3486.69 3463.14 3128.47 2892.19
70.2025 69.9401 65.22 64.8649
5232.32
1417.15 1241.52 1310.3 1267.95
48.5236 46.5224 45.053 47.1073
0.287402
0.288987 0.263892 0.295194 0.304785
0.00875964 0.0089226 0.00888868 0.0100442
rap0.0-2.4_pT6.5-30.0_cent20.0-30.0
5113.34
1414.1 1319.01 1217.68 1163.95
41.8818 39.9635 38.6347 37.833
3227.55
969.893 845.995 662.309 724.036
36.1925 33.5271 30.6157 31.4872
3655.28
1032.46 903.899 826.826 855.623
37.237 36.4195 32.494 34.7093
1458.06
381.634 415.112 390.858 308.33
24.0684 27.1025 22.8353 23.0589
0.285148
0.269879 0.314714 0.320985 0.264899
0.0150267 0.0182012 0.0157467 0.0178419
rap0.0-2.4_pT6.5-30.0_cent30.0-60.0
6540.47
1690.82 1763.52 1567.41 1512.27
44.7956 45.4621 42.597 41.9741
2806.15
895.133 763.467 569.58 567.721
34.8006 32.6615 28.5792 28.5878
4755.21
1240.25 1319.69 1126.41 1067.03
41.6124 42.6714 40.0123 38.4073
1785.26
450.569 443.836 440.998 445.239
28.1853 28.1847 28.417 27.3993
0.272957
0.26648 0.251676 0.281355 0.294417
0.0151007 0.0146059 0.0164386 0.0161704
rap0.0-2.4_pT6.5-8.0_cent0.0-100.0
11575.2
3155.26 2818.68 2987.05 2615.33
66.6246 63.28 63.5911 59.7842
14154.4
4074.82 3859.63 3234.94 2963.7
73.2009 71.0287 65.5111 62.6292
8972.34
2422.19 2203.77 2257.17 2065.55
61.0176 59.7358 59.6748 56.5785
2602.91
733.072 614.916 729.88 549.78
36.7 36.21 38.6453 33.6103
0.224868
0.232334 0.218157 0.244348 0.210215
0.0105462 0.0118762 0.0118457 0.0119191
rap0.0-2.4_pT6.5-8.0_cent10.0-60.0
7459.92
2018.37 1924.49 1827.97 1688.98
52.2001 50.5428 48.5736 47.0758
7083.39
2194.73 1871.4 1511.03 1494.99
53.8625 50.0148 45.1932 44.9682
5668.71
1512.41 1515.3 1380.22 1244.22
48.1457 49.098 46.4263 43.7004
1791.2
505.959 409.19 447.75 444.763
30.9721 30.6978 30.852 29.3387
0.24011
0.250677 0.212622 0.244943 0.263333
0.0139083 0.0149417 0.0155722 0.0157438
rap0.0-2.4_pT8.0-10.0_cent0.0-100.0
8888.09
2379.18 2381.58 2170.81 1966.57
54.0005 53.5145 51.6612 48.8354
5028.36
1397.78 1282.28 1192.19 1121.31
43.986 42.0075 41.1134 39.2404
6287.24
1697.9 1633.85 1483.91 1392.57
49.6166 48.0722 44.2209 46.0458
2600.85
681.279 747.724 686.901 573.999
34.868 35.29 31.2348 33.5786
0.292622
0.286351 0.313962 0.316426 0.291878
0.0131355 0.0130308 0.0122607 0.0154599
rap0.0-2.4_pT8.0-10.0_cent10.0-60.0
5701.37
1551.62 1499.83 1394.67 1259.69
43.1877 42.2039 41.1413 38.5268
2757.6
812.384 764.135 621.301 541.291
33.5553 32.3337 30.3197 27.6769
4081.89
1139.07 1072.04 905.163 886.36
40.3907 38.6383 34.0504 36.2152
1619.48
412.548 427.788 489.509 373.327
27.533 26.9782 25.5926 26.5899
0.284051
0.265883 0.285225 0.350985 0.296365
0.0161278 0.0160977 0.0151503 0.0190631
rap1.2-1.6_pT6.5-30.0_cent0.0-100.0
6277.52
1691.67 1615.69 1522.8 1442.8
46.8447 46.2509 44.1845 42.8141
5767.16
1587.3 1652.26 1292.19 1227.1
45.7171 46.6446 41.4924 40.2173
4573.65
1249.62 1137.85 1144.51 1036.65
43.2954 42.3013 41.0041 39.6328
1703.87
442.049 477.839 378.295 406.154
28.756 30.2581 26.4393 27.744
0.271425
0.261309 0.29575 0.248421 0.281504
0.0153816 0.0167048 0.0157953 0.0173201
rap1.2-1.6_pT6.5-30.0_cent10.0-60.0
4066.61
1153.01 998.804 949.015 955.24
38.1469 35.8088 34.2068 34.0479
2985.53
933.972 873.114 618.894 540.729
35.159 34.0085 28.9839 27.2906
3017.22
865.681 720.226 740.289 677.213
34.9814 34.2634 33.4348 31.2326
1049.39
287.333 278.578 208.726 278.027
22.2212 24.6372 21.5055 22.1592
0.25805
0.249202 0.278912 0.21994 0.291054
0.0174196 0.022549 0.021229 0.0207486
rap1.2-2.4_pT6.5-30.0_cent0.0-100.0
14765.7
3872.07 3714.15 3622.57 3552.69
73.1069 71.0834 69.5901 68.0616
13916.0
4191.5 3772.8 3169.44 2881.0
75.2587 71.4945 66.2546 62.933
10999.8
2930.02 2736.72 2778.56 2615.04
68.7782 66.6982 65.6471 63.3932
3765.9
942.053 977.43 844.015 937.647
44.5697 45.3349 41.5136 42.7964
0.255043
0.243294 0.263164 0.232988 0.263926
0.0105542 0.0111184 0.0105495 0.0109337
rap1.2-2.4_pT6.5-30.0_cent10.0-60.0
9552.22
2610.48 2381.46 2272.29 2291.54
58.7139 55.7011 54.1185 53.8217
7376.23
2335.24 1958.21 1618.43 1453.33
56.32 51.765 47.6954 45.3722
7101.29
1997.72 1766.57 1714.61 1610.63
55.1073 54.4038 51.7121 49.5332
2450.93
612.762 614.893 557.674 680.907
34.7546 38.2015 34.3937 35.7526
0.256582
0.234731 0.2582 0.245424 0.297139
0.0122219 0.014861 0.013962 0.0139541
rap1.6-2.4_pT3.0-6.5_cent0.0-100.0
37827.0
10586.3 8666.55 9372.89 9194.87
165.503 158.405 156.781 155.272
190481.0
50781.7 49620.5 45768.7 44305.3
259.97 256.984 246.923 243.346
32765.3
9344.22 7357.49 8003.76 7721.59
165.042 154.914 153.58 153.646
5061.66
1242.1 1309.06 1369.12 1473.28
79.2171 80.5383 78.6613 84.9923
0.133811
0.117331 0.151047 0.146073 0.160229
0.00725466 0.00887345 0.00802887 0.00883856
rap1.6-2.4_pT3.0-6.5_cent10.0-60.0
25611.1
7481.13 5577.14 6409.66 6149.89
131.229 122.354 121.783 120.548
104701.0
28693.2 27935.8 24455.2 23589.1
196.034 193.121 181.25 178.79
21921.9
6739.14 4503.19 5388.84 5318.84
132.844 116.191 120.128 117.047
3689.17
741.997 1073.95 1020.82 831.051
61.9889 65.5385 65.7539 55.6379
0.144046
0.0991824 0.192563 0.159263 0.135133
0.00810132 0.0109656 0.00980211 0.00865052
rap1.6-2.4_pT6.5-30.0_cent0.0-100.0
8479.66
2180.04 2089.53 2106.22 2106.17
56.1585 53.7914 53.7696 52.7313
8245.44
2602.03 2127.49 1868.38 1643.57
59.799 54.144 51.5101 48.1439
6455.41
1676.91 1595.09 1655.58 1583.79
53.5629 51.5169 51.4432 49.3326
2024.25
503.132 494.446 450.645 522.375
34.2188 33.6134 31.5028 32.1311
0.238718
0.23079 0.23663 0.213959 0.248022
0.0145269 0.0148886 0.013924 0.0139347
rap1.6-2.4_pT6.5-30.0_cent10.0-60.0
5479.75
1455.73 1372.71 1324.16 1325.93
44.5926 42.4058 41.9044 41.4687
4388.51
1401.16 1083.01 994.61 903.041
43.9766 38.8425 37.768 36.0112
4052.04
1124.63 1042.74 962.342 922.525
42.505 42.7079 39.3286 38.1663
1427.71
331.101 329.967 361.814 403.4
26.8836 29.8368 27.3929 27.989
0.260542
0.227446 0.240377 0.273241 0.30424
0.0171027 0.0204279 0.0187932 0.0188428
