weightedEff_TnPAtRD3_4DEff2_RapPtEffMap6_Ratio
rap	pT	cent	dPhi	ctauErrMin	ctauErrMax	NoCutEntry	CutEntry	NSig	NSigErr	NBkg	NBkgErr	coefExp	coefExpErr	coefPol1	coefPol1Err	coeffGaus	coeffGausErr	meanSig1	meanSig1Err	sigmaSig1	sigmaSig1Err	sigmaSig2	sigmaSig2Err	sigmaSig3	sigmaSig3Err	alpha	alphaErr	enne	enneErr	enneW	enneWErr	sigWidth	sigWidthErr	Gmc	GmcErr	bTau	bTauErr	fracRes	fracResErr	meanResSigW	meanResSigWErr	meanResSigN	meanResSigNErr	sigmaResSigW	sigmaResSigWErr	sigmaResSigN	sigmaResSigNErr	fpm	fpmErr	fLiving	fLivingErr	fbkgCtTot	fbkgCtTotErr	lambdam	lambdamErr	lambdap	lambdapErr	lambdasym	lambdasymErr	NLL	nFitPar	EDM	NLLMass	nFitParMass	EDMMass	Prob	PROMPT	PROMPTErr	NON-PROMPT	NON-PROMPTErr	Bfraction	BfractionErr	Resolution	ResolutionErr	
0.0-0.4	6.5-30.0	0.0-100.0	0.000-1.571	0.008	0.064	5797.0	5794.0	3854.02	68.9462	1940.08	53.2868	-0.249875	0.0899434	-0.05	0.0	0.580454	0.074365	3.09267	0.00036778	0.0190473	0.00091916	0.0189766	0.00151303	0.03	0.0	1.492	0.0	5.0	0.0	1.733	0.0	0.0190177	0.000414363	3.59557e-05	0.000193278	0.457768	0.0135123	0.709974	0.264125	-0.00206547	0.00229629	0.00214924	0.00128315	1.32298	0.0992276	0.669825	0.0326839	0.860977	0.833519	0.533493	0.366907	0.334923	0.0472202	0.0719714	0.139472	0.347798	0.0453876	0.0705621	0.0234907	-10357.9	4.0	0.000101344	-51082.0	7.0	4.45299e-06	1.0	2424.73	56.7145	1429.29	44.5955	0.370858	0.00948031	1171.65	83.4878	
0.0-1.2	6.5-30.0	0.0-10.0	0.000-1.571	0.008	0.088	7953.0	7950.0	4257.55	77.2974	3692.17	73.546	0.00787672	0.0643285	-0.05	0.0	0.525546	0.0	3.09227	0.0	0.0196702	0.0	0.0363991	0.00148766	0.03	0.0	1.492	0.0	5.0	0.0	1.733	0.0	0.0288434	0.000445359	1.12992e-05	0.000388937	0.322769	0.0102585	0.282557	0.0	0.00228371	0.0	0.00193538	0.000680488	1.58042	0.0	0.948823	0.020326	0.6982	0.0915551	0.694363	0.158827	0.555119	0.0291367	0.0706345	6.79971e-07	0.251367	0.0206421	0.11964	0.026102	-12234.1	4.0	3.60053e-06	-68944.6	4.0	5.30217e-05	1.0	2857.01	66.5295	1400.54	48.8079	0.328953	0.00978529	1162.6	5.95064	
0.0-1.2	6.5-30.0	0.0-100.0	0.000-1.571	0.008	0.105	21848.0	21843.0	13748.3	136.118	8094.71	113.457	-0.0268948	0.0452625	-0.05	0.0	0.525546	0.0457803	3.09227	0.000263687	0.0196702	0.000550403	0.0353122	0.00173939	0.03	0.0	1.492	0.0	5.0	0.0	1.733	0.0	0.0281951	0.000631767	1.16782e-05	0.000130175	0.414917	0.00710318	0.282557	0.19576	0.00228371	0.00264771	0.000367788	0.000362851	1.58042	0.170805	0.883152	0.0106127	0.655692	0.0215319	0.924104	0.0143066	0.515437	0.0162719	0.0705664	2.31918e-09	0.262845	0.011474	0.451702	0.0698204	-35922.1	4.0	1.97478e-07	-215689.0	7.0	3.51508e-05	1.0	9221.69	114.842	4526.57	82.8326	0.329247	0.00506692	1124.87	82.1209	
0.0-1.2	6.5-30.0	10.0-20.0	0.000-1.571	0.008	0.088	5323.0	5321.0	3308.1	65.1101	2012.64	54.2567	0.0247881	0.0874638	-0.05	0.0	0.525546	0.0	3.09227	0.0	0.0196702	0.0	0.0339821	0.00142965	0.03	0.0	1.492	0.0	5.0	0.0	1.733	0.0	0.0274086	0.000420492	1.12992e-05	0.000388937	0.528263	0.0164148	0.282557	0.0	0.00228371	0.0	-0.00185222	0.000782298	1.58042	0.0	0.900104	0.0232014	0.698225	0.739992	0.789369	0.108604	0.516433	0.25689	0.0705086	0.105734	0.2955	0.0334304	0.449265	0.0658244	-7607.41	4.0	9.60334e-05	-45046.2	4.0	6.45875e-05	1.0	2028.21	52.7517	1279.88	42.7055	0.386894	0.0104243	1134.47	6.60348	
0.0-1.2	6.5-30.0	20.0-30.0	0.000-1.571	0.008	0.105	3768.0	3765.0	2475.2	56.6109	1289.84	44.9371	0.108653	0.109723	-0.05	0.0	0.525546	0.0	3.09227	0.0	0.0196702	0.0	0.0362995	0.0019115	0.03	0.0	1.492	0.0	5.0	0.0	1.733	0.0	0.0287838	0.00057186	1.16782e-05	0.000130175	0.484931	0.0192148	0.282557	0.0	0.00228371	0.0	0.000459858	0.000814346	1.58042	0.0	0.852813	0.0233708	0.681329	22.8432	0.999571	1187.98	0.51719	19.5286	0.0704991	2.20186e-06	0.232659	7.18235	0.0720553	3727.99	-6275.03	4.0	7.71789e-06	-30698.1	4.0	8.77552e-06	1.0	1667.31	47.6063	807.894	33.9651	0.326395	0.0115139	1107.94	6.45309	
0.0-1.2	6.5-30.0	30.0-40.0	0.000-1.571	0.008	0.064	2178.0	2176.0	1560.42	43.641	615.576	30.9783	-0.392101	0.160594	-0.05	0.0	0.525546	0.0	3.09227	0.0	0.0196702	0.0	0.0379808	0.00222355	0.03	0.0	1.492	0.0	5.0	0.0	1.733	0.0	0.0297953	0.0006724	1.32366e-05	0.000329048	0.325401	0.0178025	0.282557	0.0	0.00228371	0.0	-0.00106612	0.00101746	1.58042	0.0	0.82568	0.0267615	0.560496	1267.78	0.999994	131432.0	0.427765	1355.59	0.0705158	5.43244e-06	0.194177	585.091	0.0705426	351422.0	-4543.85	4.0	5.44083e-05	-16864.8	4.0	2.65183e-06	1.0	1126.87	38.7475	433.552	25.5961	0.277843	0.014446	1093.1	7.25136	
0.0-1.2	6.5-30.0	40.0-50.0	0.000-1.571	0.016	0.048	1369.0	1351.0	1042.62	34.6183	308.342	21.5451	-0.324852	0.22662	-0.05	0.0	0.525546	0.0	3.09227	0.0	0.0196702	0.0	0.0344684	0.00224623	0.03	0.0	1.492	0.0	5.0	0.0	1.733	0.0	0.0276953	0.000663184	1.43354e-05	8.22848e-05	0.330336	0.0200064	0.282557	0.0	0.00228371	0.0	-0.00336986	0.00139691	1.58042	0.0	0.886174	0.0404671	0.997715	0.909717	0.999717	0.00689156	0.457725	0.0621898	0.070946	0.861037	0.633263	0.046775	0.357214	0.815397	-2627.13	4.0	1.82527e-07	-10031.6	4.0	3.1961e-06	1.0	688.381	30.0501	354.236	22.78	0.339757	0.0187113	1126.57	11.4188	
0.0-1.2	6.5-30.0	50.0-100.0	0.000-1.571	0.008	0.056	1256.0	1254.0	1097.75	34.6172	156.355	16.0303	-0.577874	0.326043	-0.05	0.0	0.525546	0.0	3.09227	0.0	0.0196702	0.0	0.0326736	0.00180677	0.03	0.0	1.492	0.0	5.0	0.0	1.733	0.0	0.0266431	0.00052563	1.34486e-05	0.000306561	0.396281	0.0250936	0.282557	0.0	0.00228371	0.0	0.00105038	0.0011123	1.58042	0.0	0.774297	0.0333885	1.0	0.0294873	1.0	0.0377774	0.405381	0.0653739	0.071886	0.000661439	0.219046	0.0318136	0.0742077	2.83246	-3190.63	4.0	2.49282e-06	-9637.32	4.0	1.76523e-05	1.0	785.266	30.742	312.489	20.7115	0.284662	0.0165948	1065.78	8.70151	
0.0-2.4	10.0-13.0	0.0-100.0	0.000-1.571	0.008	0.136	6969.0	6968.0	5207.62	80.7188	1760.27	55.3902	-0.609042	0.0992377	-0.05	0.0	0.405641	0.0601516	3.09067	0.000516531	0.0206873	0.00143038	0.0425787	0.00223512	0.03	0.0	1.492	0.0	5.0	0.0	1.733	0.0	0.0353714	0.00100738	1.25623e-05	9.06713e-05	0.445982	0.0117156	0.0553454	0.0788853	0.000212513	0.0144851	0.000391479	0.00051375	2.09412	0.553674	0.955098	0.0154524	0.843345	0.447928	0.829446	3.95573	0.359342	1.21298	0.0706149	1.61642e-08	0.29362	0.106692	0.071194	0.559501	-12017.6	4.0	1.12826e-05	-61748.3	7.0	5.66548e-06	1.0	3372.4	67.8527	1835.22	51.7758	0.35241	0.00830734	1050.92	72.2771	
0.0-2.4	10.0-30.0	0.0-100.0	0.000-1.571	0.004	0.144	10697.0	10696.0	8041.65	100.301	2654.08	68.3573	-0.634923	0.0809971	-0.05	0.0	0.439366	0.0440337	3.09174	0.000414051	0.0211739	0.00105733	0.0450851	0.00189554	0.03	0.0	1.492	0.0	5.0	0.0	1.733	0.0	0.0365591	0.000821624	1.0177e-05	0.00195203	0.404718	0.0084712	0.0477214	0.0592155	-0.000892962	0.00748279	0.000134237	0.000392398	2.03646	0.461587	0.968925	0.0126918	0.999988	0.0246398	0.699908	0.0365106	0.35493	0.027426	0.120379	0.000638945	0.31456	0.0135552	0.0705701	1.63234e-09	-18802.0	4.0	7.76966e-07	-99391.4	7.0	2.88307e-05	1.0	5092.75	83.9527	2948.9	66.0761	0.366703	0.00682608	1044.95	50.5776	
0.0-2.4	11.0-13.0	0.0-100.0	0.000-1.571	0.008	0.105	3826.0	3824.0	2952.19	60.1246	871.798	39.1738	-0.829388	0.142166	-0.05	0.0	0.476847	0.0593625	3.08998	0.000660518	0.0210162	0.0014626	0.0477722	0.00306516	0.03	0.0	1.492	0.0	5.0	0.0	1.733	0.0	0.0374772	0.00127041	4.93653e-05	0.000238442	0.527224	0.0168771	0.0328637	0.0389686	-0.000371389	0.0145275	0.00195527	0.000706839	2.53131	0.734887	1.01337	0.0219092	0.784011	0.127916	0.986478	0.63261	0.388008	0.172648	0.0704761	0.0379436	0.303624	0.0402035	0.0705758	3.05892	-6203.03	4.0	1.46016e-06	-31786.2	7.0	2.02582e-05	1.0	1767.24	48.5264	1184.96	40.5193	0.401382	0.0110253	1097.15	56.1658	
0.0-2.4	13.0-16.0	0.0-100.0	0.000-1.571	0.008	0.08	2277.0	2272.0	1803.21	47.1005	468.88	29.736	-0.377851	0.194395	-0.05	0.0	0.445227	0.0673444	3.09399	0.000879138	0.0202587	0.00201753	0.0516504	0.00393846	0.03	0.0	1.492	0.0	5.0	0.0	1.733	0.0	0.0407766	0.00168326	1.00002e-05	0.000966722	0.406874	0.0180759	0.0326157	0.0670782	-0.00999634	0.0183094	0.0027938	0.000844088	1.86063	0.773549	1.03782	0.0276679	0.853814	3.65217	0.988065	18.4009	0.360561	1.23032	0.0706577	1.291	0.2372	0.182282	0.0711802	0.000368546	-4237.6	4.0	9.56377e-05	-17704.4	7.0	4.19893e-05	1.0	1160.36	39.7265	642.849	30.684	0.356502	0.0142423	1074.64	45.0452	
0.0-2.4	13.0-30.0	0.0-100.0	0.000-1.571	0.008	0.105	3728.0	3728.0	2845.31	59.6665	882.956	39.9718	-0.691932	0.141923	-0.05	0.0	0.470923	0.0659796	3.09387	0.000702014	0.021344	0.00167103	0.0493924	0.00365416	0.03	0.0	1.492	0.0	5.0	0.0	1.733	0.0	0.0387979	0.00150759	2.10356e-05	0.0045896	0.3332	0.0115377	0.0347602	0.122355	-0.00537756	0.015369	0.000311651	0.000612572	1.80759	0.989032	0.998103	0.0219964	0.920644	23.233	0.953882	27.3637	0.414962	1.2163	0.0708305	5.22089	0.317962	0.952334	0.0704591	7.49556e-09	-6828.95	4.0	1.90075e-05	-30738.2	7.0	5.64862e-05	1.0	1714.35	49.4388	1130.96	41.4035	0.397482	0.0119277	1036.9	74.1038	
0.0-2.4	16.0-30.0	0.0-100.0	0.000-1.571	0.008	0.064	1450.0	1448.0	1042.67	36.1468	405.354	25.8685	-0.97727	0.209178	-0.05	0.0	0.249354	0.173241	3.09368	0.00122085	0.0191898	0.00431077	0.0352595	0.00454563	0.03	0.0	1.492	0.0	5.0	0.0	1.733	0.0	0.0320164	0.00224388	5.46616e-05	1.05755	0.242496	0.013521	0.461092	0.573416	0.00155876	0.00498774	3.50226e-05	2.47299e-09	1.33655	0.440517	0.784333	0.0428817	0.999786	0.3632	0.966626	0.0627352	0.486174	0.0405525	0.070444	1.37138e-05	0.412555	0.0391579	0.071037	0.0821412	-2649.33	4.0	0.00274826	-10490.8	7.0	5.37611e-05	1.0	585.602	28.5189	457.072	25.5395	0.438365	0.0192099	1074.8	201.053	
0.0-2.4	6.5-30.0	0.0-10.0	0.000-1.571	0.008	0.184	19561.0	19561.0	9094.12	113.123	10468.0	119.039	-0.167939	0.0381965	-0.05	0.0	0.416072	0.0	3.09273	0.0	0.0485088	0.0	0.0244618	0.000551342	0.03	0.0	1.492	0.0	5.0	0.0	1.733	0.0	0.0364482	0.000108035	3.80561e-05	6.9663e-05	0.338647	0.00827038	0.19482	0.0	0.00388614	0.0	0.00363326	0.000439387	1.71004	0.0	1.0177	0.0119337	0.620705	0.0276013	0.882037	0.0252804	0.603182	0.0165691	0.0704983	1.78049e-07	0.289566	0.011935	0.352639	0.049041	-24248.7	4.0	9.1262e-07	-183207.0	4.0	7.60489e-05	1.0	6528.25	101.486	2565.87	68.7291	0.282146	0.00669318	1184.75	4.12697	
0.0-2.4	6.5-30.0	0.0-100.0	0.000-1.571	0.004	0.128	51099.0	50834.0	28757.2	215.544	22077.8	199.421	-0.194101	0.0271762	-0.05	0.0	0.416072	0.0274627	3.09273	0.000249507	0.0485088	0.00123035	0.0244607	0.000545044	0.03	0.0	1.492	0.0	5.0	0.0	1.733	0.0	0.0364478	0.000486534	3.69757e-05	6.79802e-05	0.37065	0.00488388	0.19482	0.0809237	0.00388614	0.00250476	0.00206459	0.00024252	1.71004	0.123875	0.9399	0.00642702	0.654805	0.0164853	0.93344	0.0135403	0.575329	0.0108113	0.0706136	1.96773e-07	0.273064	0.0067602	0.320246	0.0436872	-74138.3	4.0	9.78152e-06	-532696.0	7.0	0.000145958	1.0	20530.2	185.433	8226.97	120.452	0.286084	0.0035981	1131.82	40.8381	
0.0-2.4	6.5-30.0	0.0-5.0	0.000-1.571	0.008	0.184	10731.0	10731.0	4925.66	83.7707	5806.16	88.8698	-0.0885474	0.0512068	-0.05	0.0	0.416072	0.0	3.09273	0.0	0.0485088	0.0	0.0233136	0.000761411	0.03	0.0	1.492	0.0	5.0	0.0	1.733	0.0	0.0360061	0.00014394	3.80561e-05	6.9663e-05	0.347822	0.0116619	0.19482	0.0	0.00388614	0.0	0.00421522	0.00061278	1.71004	0.0	1.06812	0.0168778	0.734932	0.0625921	0.787854	0.0517122	0.666203	0.024712	0.0707501	2.89296e-08	0.25886	0.0161738	0.346946	0.0486296	-12957.9	4.0	2.08717e-07	-94006.7	4.0	6.3618e-05	1.0	3570.64	75.5234	1355.01	50.4697	0.275093	0.00911581	1219.96	5.94909	
0.0-2.4	6.5-30.0	10.0-15.0	0.000-1.571	0.008	0.152	6680.0	6678.0	3463.84	68.4038	3213.72	66.5497	-0.16915	0.0690811	-0.05	0.0	0.416072	0.0	3.09273	0.0	0.0485088	0.0	0.0237022	0.000818408	0.03	0.0	1.492	0.0	5.0	0.0	1.733	0.0	0.0361539	0.00015665	1.79985e-05	0.004591	0.333623	0.0124268	0.19482	0.0	0.00388614	0.0	0.0016386	0.00069831	1.71004	0.0	0.94902	0.017889	0.665514	0.108653	0.86762	0.113106	0.584894	0.0582775	0.0704998	6.34146e-09	0.184612	0.0166672	0.203162	0.0680548	-9640.88	4.0	3.55753e-06	-55913.3	4.0	3.15803e-05	1.0	2437.74	61.1229	1026.11	42.7683	0.296234	0.0108732	1137.93	6.00634	
0.0-2.4	6.5-30.0	10.0-20.0	0.000-1.571	0.008	0.16	12362.0	12360.0	6736.27	94.1729	5623.74	88.0672	-0.163922	0.0522683	-0.05	0.0	0.416072	0.0	3.09273	0.0	0.0485088	0.0	0.0231327	0.000593517	0.03	0.0	1.492	0.0	5.0	0.0	1.733	0.0	0.0359379	0.000111541	1.00282e-05	0.000232918	0.425524	0.0108228	0.19482	0.0	0.00388614	0.0	0.000874288	0.000522368	1.71004	0.0	0.971014	0.0133909	0.695369	0.0402903	0.817012	0.0333334	0.587803	0.0230584	0.0705436	5.85843e-07	0.219743	0.0155339	0.380165	0.044755	-16911.9	4.0	3.23938e-06	-111688.0	4.0	8.29497e-07	1.0	4645.32	82.3463	2090.96	58.4637	0.310402	0.00751621	1152.77	4.54104	
0.0-2.4	6.5-30.0	15.0-20.0	0.000-1.571	0.008	0.16	5682.0	5682.0	3267.68	64.6293	2413.89	57.645	-0.156249	0.0798299	-0.05	0.0	0.416072	0.0	3.09273	0.0	0.0485088	0.0	0.0223938	0.000844707	0.03	0.0	1.492	0.0	5.0	0.0	1.733	0.0	0.0356636	0.00015486	1.00282e-05	0.000232918	0.513942	0.0178599	0.19482	0.0	0.00388614	0.0	0.00388494	0.000959349	1.71004	0.0	1.0146	0.0213054	0.776982	0.0615879	0.718343	0.055615	0.586276	0.0285126	0.0704386	8.93805e-09	0.266222	0.0285823	0.421512	0.0578043	-7364.25	4.0	38.6978	-47261.9	4.0	6.92121e-05	1.0	2208.71	55.4416	1058.98	40.0514	0.324075	0.0104473	1182.61	7.35879	
0.0-2.4	6.5-30.0	20.0-25.0	0.000-1.571	0.008	0.145	4681.0	4681.0	2796.5	59.5041	1884.27	51.2701	-0.127823	0.0906119	-0.05	0.0	0.416072	0.0	3.09273	0.0	0.0485088	0.0	0.0258754	0.000978754	0.03	0.0	1.492	0.0	5.0	0.0	1.733	0.0	0.0370138	0.000199768	3.69686e-05	0.0287936	0.415872	0.0169549	0.19482	0.0	0.00388614	0.0	0.000334395	0.000723861	1.71004	0.0	0.894237	0.0187913	0.716535	0.0653805	0.724192	0.0654363	0.588929	0.0473482	0.0704701	7.52893e-11	0.182603	0.0232926	0.505812	0.0706114	-7107.21	4.0	1.58421e-06	-38124.1	4.0	1.63895e-05	1.0	2002.25	52.3318	794.252	34.7727	0.284016	0.010867	1101.62	6.14101	
0.0-2.4	6.5-30.0	20.0-30.0	0.000-1.571	0.008	0.152	8560.0	8560.0	5259.42	81.2753	3300.38	68.1688	-0.109209	0.0684903	-0.05	0.0	0.416072	0.0	3.09273	0.0	0.0485088	0.0	0.0250764	0.000688395	0.03	0.0	1.492	0.0	5.0	0.0	1.733	0.0	0.0366913	0.000137363	1.79985e-05	0.004591	0.440953	0.012924	0.19482	0.0	0.00388614	0.0	0.0011161	0.000538937	1.71004	0.0	0.892334	0.0140716	0.715929	0.052057	0.843131	0.0317755	0.589637	0.0285473	0.0704488	3.01595e-10	0.183958	0.0127951	0.501458	0.0674702	-13188.8	4.0	2.18428e-07	-75138.5	4.0	2.09894e-05	1.0	3713.28	71.2125	1546.14	48.4702	0.293975	0.0080184	1100.38	4.59402	
0.0-2.4	6.5-30.0	25.0-30.0	0.000-1.571	0.008	0.136	3878.0	3874.0	2460.51	55.32	1413.48	44.8707	-0.0828036	0.104651	-0.05	0.0	0.416072	0.0	3.09273	0.0	0.0485088	0.0	0.0241918	0.000955652	0.03	0.0	1.492	0.0	5.0	0.0	1.733	0.0	0.0363428	0.000185728	3.37928e-05	7.02542e-05	0.473971	0.0195518	0.19482	0.0	0.00388614	0.0	0.00188509	0.00080961	1.71004	0.0	0.898936	0.0214131	0.747626	0.0294884	1.0	138.238	0.62132	0.00343088	0.0705662	1.03316e-08	0.181875	0.00327668	0.157607	425.916	-6101.24	4.0	0.000135268	-31077.7	4.0	4.98974e-07	1.0	1704.2	48.1597	756.307	33.7698	0.307379	0.0118579	1104.7	7.015	
0.0-2.4	6.5-30.0	30.0-35.0	0.000-1.571	0.008	0.128	2929.0	2926.0	1792.41	47.6223	1133.36	40.1106	-0.391585	0.117479	-0.05	0.0	0.416072	0.0	3.09273	0.0	0.0485088	0.0	0.0247587	0.00119591	0.03	0.0	1.492	0.0	5.0	0.0	1.733	0.0	0.0365651	0.000236423	3.69757e-05	6.79802e-05	0.31201	0.0187902	0.19482	0.0	0.00388614	0.0	0.00181064	0.000937188	1.71004	0.0	0.905501	0.0237473	0.652491	0.0629785	0.99999	0.680618	0.538972	0.0532899	0.070725	0.0147237	0.316212	0.0269777	0.0705516	0.0443667	-4878.72	4.0	4.54222e-05	-22531.8	4.0	2.08233e-05	1.0	1369.47	44.0255	422.933	27.2142	0.235958	0.0138283	1109.01	7.80609	
0.0-2.4	6.5-30.0	30.0-40.0	0.000-1.571	0.008	0.128	5038.0	5035.0	3256.82	63.1357	1777.9	50.0714	-0.392059	0.0939572	-0.05	0.0	0.416072	0.0	3.09273	0.0	0.0485088	0.0	0.0241223	0.000812056	0.03	0.0	1.492	0.0	5.0	0.0	1.733	0.0	0.0363158	0.000157484	3.69757e-05	6.79802e-05	0.266373	0.0120751	0.19482	0.0	0.00388614	0.0	0.000950883	0.000685638	1.71004	0.0	0.842529	0.0172898	0.894437	0.0894641	0.51181	0.0790924	0.427769	0.0392828	0.0718524	0.0265287	0.41573	0.0301956	0.0704544	7.36111e-09	-8772.72	4.0	1.30647e-06	-41875.2	4.0	4.04898e-05	1.0	2394.73	58.6434	862.089	39.5373	0.264703	0.011002	1068.3	5.48965	
0.0-2.4	6.5-30.0	35.0-40.0	0.000-1.571	0.008	0.12	2108.0	2108.0	1460.65	41.457	647.258	30.089	-0.388985	0.155976	-0.05	0.0	0.416072	0.0	3.09273	0.0	0.0485088	0.0	0.0233961	0.00110191	0.03	0.0	1.492	0.0	5.0	0.0	1.733	0.0	0.0360373	0.000208866	3.63218e-05	5.72307e-05	0.228577	0.0139747	0.19482	0.0	0.00388614	0.0	0.00124663	0.00100238	1.71004	0.0	0.796315	0.0252675	0.956297	0.212652	0.505915	0.156527	0.38691	0.0528304	0.0881135	0.0641743	0.511682	0.0617194	0.0755041	0.0137758	-3912.66	4.0	1.03527e-07	-15924.5	4.0	5.20316e-06	1.0	1023.53	38.5937	437.124	28.275	0.299266	0.0173947	1039.36	7.79368	
0.0-2.4	6.5-30.0	40.0-45.0	0.000-1.571	0.008	0.12	1617.0	1615.0	1164.6	36.769	450.33	25.2533	-0.392402	0.187672	-0.05	0.0	0.416072	0.0	3.09273	0.0	0.0485088	0.0	0.0236547	0.00114527	0.03	0.0	1.492	0.0	5.0	0.0	1.733	0.0	0.0361358	0.000218885	3.63218e-05	5.72307e-05	0.287928	0.0198045	0.19482	0.0	0.00388614	0.0	-0.000481092	0.00116387	1.71004	0.0	0.839424	0.0309436	0.698673	0.88543	1.0	0.00820952	0.329197	0.87073	0.0704762	5.97021e-09	0.541944	0.0927614	0.561915	1.33781	-2986.73	4.0	1.53995e-06	-11874.5	4.0	4.3786e-06	1.0	861.973	33.851	302.627	22.2835	0.259855	0.0172859	1066.33	9.80672	
0.0-2.4	6.5-30.0	40.0-50.0	0.000-1.571	0.008	0.136	2917.0	2914.0	2140.64	49.6934	773.288	33.1986	-0.951488	0.147188	-0.05	0.0	0.416072	0.0	3.09273	0.0	0.0485088	0.0	0.0254313	0.000912349	0.03	0.0	1.492	0.0	5.0	0.0	1.733	0.0	0.0368336	0.000183914	3.37928e-05	7.02542e-05	0.309671	0.0142024	0.19482	0.0	0.00388614	0.0	-0.00199794	0.000851577	1.71004	0.0	0.786576	0.0229574	1.0	0.00836966	0.50473	0.0489242	0.209307	0.0409474	0.166738	8.6647e-05	0.500731	0.0424672	0.0705104	3.75705e-10	-5235.03	4.0	7.7966e-07	-23163.5	4.0	2.01915e-06	1.0	1487.59	44.6358	653.056	32.088	0.305075	0.0132114	1033.38	7.03506	
0.0-2.4	6.5-30.0	45.0-50.0	0.000-1.571	0.008	0.136	1299.0	1298.0	980.201	33.4483	317.801	21.3633	-1.81008	0.247724	-0.05	0.0	0.416072	0.0	3.09273	0.0	0.0485088	0.0	0.0279993	0.00160767	0.03	0.0	1.492	0.0	5.0	0.0	1.733	0.0	0.0379056	0.000346711	3.37928e-05	7.02542e-05	0.328026	0.020164	0.19482	0.0	0.00388614	0.0	-0.00376907	0.00129705	1.71004	0.0	0.803865	0.0364893	0.941666	0.0429354	1.0	0.20782	0.43525	0.0785541	0.0704823	1.04128e-07	0.293455	0.0341387	0.0707306	0.000511603	-2261.97	4.0	4.93565e-06	-9292.87	4.0	2.02678e-06	1.0	628.709	29.2176	351.493	23.1788	0.358592	0.0202348	1044.03	11.3109	
0.0-2.4	6.5-30.0	5.0-10.0	0.000-1.571	0.008	0.112	8830.0	8795.0	4162.71	75.9015	4632.6	78.9352	-0.254876	0.0575418	-0.05	0.0	0.416072	0.0	3.09273	0.0	0.0485088	0.0	0.0255254	0.00077451	0.03	0.0	1.492	0.0	5.0	0.0	1.733	0.0	0.0368716	0.000156544	3.69703e-05	0.0265992	0.331258	0.0118354	0.19482	0.0	0.00388614	0.0	0.000670152	0.000623737	1.71004	0.0	0.930509	0.0166576	0.999981	0.0942492	0.311602	0.0297374	0.469817	0.0347112	0.0707419	0.772907	0.427601	0.0267102	0.0866545	0.00615904	-11410.8	4.0	3.65069e-05	-75426.6	4.0	1.26089e-05	1.0	2946.53	67.7455	1216.18	46.8478	0.29216	0.00991348	1125.55	5.54411	
0.0-2.4	6.5-30.0	50.0-100.0	0.000-1.571	0.008	0.088	2658.0	2641.0	2213.84	49.5323	427.096	25.8219	-0.569628	0.197795	-0.05	0.0	0.416072	0.0	3.09273	0.0	0.0485088	0.0	0.0248041	0.00093525	0.03	0.0	1.492	0.0	5.0	0.0	1.733	0.0	0.036583	0.00018514	3.69533e-05	0.0259228	0.338452	0.0165851	0.19482	0.0	0.00388614	0.0	0.00253201	0.00084552	1.71004	0.0	0.852167	0.0230634	0.975101	0.057668	0.96086	0.886103	0.451587	0.242367	0.0706732	3.43281e-06	0.252701	0.0298502	0.0706985	4.72868	-5855.62	4.0	4.64381e-08	-21391.2	4.0	3.10507e-06	1.0	1652.45	45.5717	561.389	29.4556	0.253581	0.0120349	1074.44	7.36428	
0.0-2.4	6.5-30.0	50.0-55.0	0.000-1.571	0.008	0.08	937.0	927.0	765.411	29.2667	161.545	15.8966	-0.277805	0.317379	-0.05	0.0	0.416072	0.0	3.09273	0.0	0.0485088	0.0	0.0260076	0.00159735	0.03	0.0	1.492	0.0	5.0	0.0	1.733	0.0	0.0370679	0.000327214	1.00002e-05	2.73951e-05	0.260548	0.0238735	0.19482	0.0	0.00388614	0.0	0.00114416	0.00165896	1.71004	0.0	0.979771	0.0489403	1.0	0.0671932	1.0	0.0106108	0.527693	0.0748384	0.0842981	0.00391464	0.218655	0.0382204	4.24071	1.50639	-2104.24	4.0	0.000100122	-6497.77	4.0	3.52893e-06	1.0	588.606	28.0105	176.806	17.9933	0.230994	0.0217857	1158.72	16.66	
0.0-2.4	6.5-30.0	50.0-60.0	0.000-1.571	0.008	0.08	1499.0	1486.0	1240.36	37.2311	245.586	19.7849	-0.356405	0.25931	-0.05	0.0	0.416072	0.0	3.09273	0.0	0.0485088	0.0	0.0264666	0.00127653	0.03	0.0	1.492	0.0	5.0	0.0	1.733	0.0	0.0372571	0.000264759	1.00002e-05	2.73951e-05	0.238897	0.0171833	0.19482	0.0	0.00388614	0.0	0.00246958	0.00121234	1.71004	0.0	0.904173	0.0340569	1.0	0.00773826	1.0	0.00745926	0.521186	0.0575031	1.09481	0.560196	0.284442	0.0393167	4.89402	1.09593	-3397.05	4.0	2.17258e-07	-11129.9	4.0	3.58217e-06	1.0	945.835	35.6252	294.525	23.2655	0.237452	0.0173502	1108.13	11.1874	
0.0-2.4	6.5-30.0	55.0-60.0	0.000-1.571	0.008	0.073	562.0	556.0	473.255	22.9431	82.7738	11.6568	-0.522631	0.450699	-0.05	0.0	0.416072	0.0	3.09273	0.0	0.0485088	0.0	0.0271134	0.00218761	0.03	0.0	1.492	0.0	5.0	0.0	1.733	0.0	0.0375277	0.000461457	3.34445e-05	6.9324e-05	0.206085	0.0240821	0.19482	0.0	0.00388614	0.0	0.00408894	0.00174149	1.71004	0.0	0.803355	0.0466847	1.0	0.0676899	0.999979	3.28644	0.461254	0.0777192	0.0706994	4.02134e-05	0.392586	0.0529272	0.0705256	20.3082	-1299.97	4.0	3.58026e-05	-3630.75	4.0	2.27147e-05	1.0	356.456	21.9667	116.8	14.6961	0.2468	0.0286557	1043.72	14.4665	
0.0-2.4	6.5-30.0	60.0-100.0	0.000-1.571	0.008	0.088	1159.0	1150.0	968.036	32.5711	182.133	16.5816	-0.865142	0.305252	-0.05	0.0	0.416072	0.0	3.09273	0.0	0.0485088	0.0	0.0221638	0.0013133	0.03	0.0	1.492	0.0	5.0	0.0	1.733	0.0	0.0355796	0.000238856	3.69533e-05	0.0259228	0.433181	0.0291706	0.19482	0.0	0.00388614	0.0	0.00199615	0.00118428	1.71004	0.0	0.799532	0.0310766	1.0	0.0724246	1.0	0.0101272	0.366129	0.069813	0.0705925	4.42674e-08	0.205412	0.0282731	0.956537	2.95168	-2475.17	4.0	2.2204e-06	-8415.68	4.0	9.36268e-05	1.0	692.593	28.9182	275.443	19.4706	0.284538	0.0176889	1041.35	9.60583	
0.0-2.4	6.5-30.0	60.0-70.0	0.000-1.571	0.008	0.088	772.0	765.0	649.826	26.5365	115.235	13.0225	-1.00703	0.385538	-0.05	0.0	0.416072	0.0	3.09273	0.0	0.0485088	0.0	0.0192776	0.00125526	0.03	0.0	1.492	0.0	5.0	0.0	1.733	0.0	0.0345841	0.000204286	3.69533e-05	0.0259228	0.480838	0.0372374	0.19482	0.0	0.00388614	0.0	0.00241899	0.00145864	1.71004	0.0	0.789741	0.0378438	0.918864	0.109124	0.986592	0.0644058	0.531764	0.0907061	0.0704425	1.90993e-08	0.25988	0.052086	0.0704521	8.74787e-06	-1635.76	4.0	1.08044e-06	-5330.93	4.0	1.42674e-05	1.0	446.952	23.055	202.874	16.3413	0.312197	0.0216758	1035.32	11.6217	
0.0-2.4	6.5-30.0	70.0-100.0	0.000-1.571	0.016	0.073	386.0	383.0	316.549	18.8067	66.4255	10.1774	-0.640331	0.497072	-0.05	0.0	0.416072	0.0	3.09273	0.0	0.0485088	0.0	0.0276256	0.0024954	0.03	0.0	1.492	0.0	5.0	0.0	1.733	0.0	0.0377452	0.000533237	3.69173e-05	0.0282483	0.287118	0.0377597	0.19482	0.0	0.00388614	0.0	0.00278933	0.00214313	1.71004	0.0	0.821932	0.0566591	0.821233	0.650003	1.0	959.377	3.40456e-08	0.172057	0.0705601	5.76907e-08	0.157373	0.031076	0.0706889	21170.6	-849.318	4.0	1.60163e-07	-2343.96	4.0	6.53006e-06	1.0	238.65	17.4086	77.8988	11.1107	0.246088	0.0319094	1055.3	17.7661	
0.0-2.4	6.5-7.5	0.0-100.0	0.000-1.571	0.016	0.16	19336.0	19332.0	8096.46	133.058	11235.5	144.36	-0.0340628	0.0381057	-0.05	0.0	0.375856	0.0661627	3.09125	0.000550614	0.0525604	0.00357762	0.0274795	0.00123559	0.03	0.0	1.492	0.0	5.0	0.0	1.733	0.0	0.0388542	0.00127747	8.17783e-05	0.000350179	0.231348	0.00794129	0.206936	0.0943215	0.00999971	0.0031414	0.00342342	0.000468461	1.88995	0.200823	0.97816	0.0104363	0.511627	0.0242967	0.800912	0.0281389	0.66776	0.0158756	0.0704397	9.6074e-10	0.2576	0.0186763	0.425159	0.0387706	-25196.6	4.0	5.24665e-07	-179264.0	7.0	9.02975e-06	1.0	6433.22	121.33	1663.24	65.5007	0.205428	0.00735195	1223.91	59.825	
0.0-2.4	6.5-8.0	0.0-100.0	0.000-1.571	0.016	0.16	26286.0	26279.0	11889.9	155.704	14389.3	163.521	-0.0928073	0.033824	-0.05	0.0	0.406995	0.0572965	3.09214	0.000443133	0.0496501	0.00243075	0.0274415	0.00104339	0.03	0.0	1.492	0.0	5.0	0.0	1.733	0.0	0.0380769	0.000938381	2.99332e-05	0.00458551	0.322233	0.00796318	0.247328	0.092515	0.00999999	0.0035556	0.00281314	0.000401582	1.76918	0.144226	0.936259	0.00924536	0.545142	0.0379408	0.834699	0.021833	0.62968	0.0230194	0.0705392	0.00750214	0.233338	0.0130279	0.405117	0.0344846	-34467.4	4.0	3.5725e-06	-253019.0	7.0	1.66273e-05	1.0	9228.25	138.166	2661.62	75.5003	0.223856	0.0056328	1197.46	50.9526	
0.0-2.4	6.5-8.5	0.0-100.0	0.000-1.571	0.016	0.16	31558.0	31474.0	15036.9	166.483	16436.7	170.609	-0.116223	0.0314594	-0.05	0.0	0.398643	0.0430158	3.09193	0.000378677	0.0507063	0.00201559	0.0262939	0.000838001	0.03	0.0	1.492	0.0	5.0	0.0	1.733	0.0	0.0379568	0.00077598	7.56762e-05	0.000240875	0.347685	0.00763431	0.226798	0.0773955	0.00999999	0.00269626	0.00293706	0.000355038	1.75627	0.126619	0.951605	0.00841757	0.560005	0.0377821	0.853592	0.0193799	0.626885	0.0225478	0.0706842	0.00746465	0.266384	0.0107275	0.393995	0.0333486	-42123.5	4.0	1.1545e-05	-309921.0	7.0	4.5951e-05	1.0	11611.2	148.25	3425.74	83.0069	0.227822	0.00491024	1183.1	41.6054	
0.0-2.4	7.5-8.5	0.0-100.0	0.000-1.571	0.008	0.184	12222.0	12222.0	6953.09	103.876	5269.03	95.4174	-0.343634	0.0559402	-0.05	0.0	0.472741	0.0604383	3.09233	0.000526964	0.0478921	0.00195758	0.0241238	0.00142255	0.03	0.0	1.492	0.0	5.0	0.0	1.733	0.0	0.0372981	0.000944808	8.69412e-05	0.000593911	0.438656	0.0120382	0.237333	0.116679	0.00999999	0.0164169	0.00184665	0.000542165	1.6166	0.148917	0.921187	0.0140819	0.634618	0.0338468	0.855378	0.0263967	0.549589	0.0229077	0.0705702	8.29091e-10	0.257782	0.0137219	0.436825	0.0507389	-16975.4	4.0	3.10951e-05	-110662.0	7.0	2.77544e-05	1.0	5069.39	90.3046	1883.7	56.667	0.270916	0.00707387	1125.8	52.48	
0.0-2.4	8.0-10.0	0.0-100.0	0.000-1.571	0.008	0.184	14115.0	14115.0	9016.41	114.405	5098.77	95.7554	-0.249412	0.0564801	-0.05	0.0	0.394491	0.0374624	3.09343	0.000420753	0.0508548	0.00216855	0.0232122	0.000785434	0.03	0.0	1.492	0.0	5.0	0.0	1.733	0.0	0.0366945	0.000804431	8.20597e-05	0.000220638	0.372775	0.00884365	0.223708	0.161679	0.000490489	0.00440365	0.00203039	0.000458013	1.60773	0.189825	0.926135	0.0124608	0.787644	0.286008	0.879529	0.0504959	0.586943	0.152597	0.0704458	0.0832775	0.330305	0.0185711	0.520123	0.0761588	-21632.6	4.0	1.95123e-06	-131708.0	7.0	1.20333e-05	1.0	6358.56	99.0263	2657.85	66.5891	0.294779	0.00636812	1115.39	69.7839	
0.0-2.4	8.5-9.5	0.0-100.0	0.000-1.571	0.008	0.12	6514.0	6504.0	4168.82	78.4758	2335.22	65.7148	-0.162154	0.0832917	-0.05	0.0	0.493745	0.0728183	3.09492	0.000614018	0.0418177	0.00241603	0.0232303	0.00117952	0.03	0.0	1.492	0.0	5.0	0.0	1.733	0.0	0.0337138	0.00100792	6.95629e-05	0.856416	0.330838	0.0105226	0.195257	0.140777	-0.00999932	0.0168172	0.00195675	0.000652865	1.55521	0.187671	0.903508	0.0175508	0.829059	0.193698	0.834953	0.887323	0.527723	0.188285	0.0706299	8.5018e-07	0.294726	0.0365786	0.0705151	0.10843	-10516.8	4.0	9.15011e-07	-55903.4	7.0	1.16973e-05	1.0	2811.37	66.4585	1357.46	47.6332	0.325621	0.00964272	1062.64	59.7617	
0.0-2.4	9.5-11.0	0.0-100.0	0.000-1.571	0.008	0.136	5472.0	5469.0	3842.45	72.8142	1626.58	55.5524	-0.310784	0.101553	-0.05	0.0	0.377645	0.0636215	3.09286	0.000620815	0.0483549	0.00304584	0.0237525	0.001359	0.03	0.0	1.492	0.0	5.0	0.0	1.733	0.0	0.0351302	0.00116342	1.00134e-05	0.000394123	0.344728	0.0123268	0.411816	0.288493	0.0022233	0.00388478	4.5498e-05	0.000713184	1.51553	0.180886	0.737962	0.0203126	1.0	0.112989	0.604324	0.078136	0.406348	0.0642075	0.0708853	4.52361e-07	0.371295	0.0247804	0.0782079	0.0166782	-9637.27	4.0	1.63594e-06	-46598.7	7.0	7.01653e-06	1.0	2725.7	63.3744	1116.74	42.382	0.290633	0.00955654	1125.25	123.066	
0.4-0.8	6.5-30.0	0.0-100.0	0.000-1.571	0.008	0.073	6540.0	6540.0	4394.81	75.1835	2145.15	58.3351	0.0708543	0.0871369	-0.05	0.0	0.541096	0.0569795	3.09282	0.000433497	0.0181642	0.000761421	0.0369193	0.00262979	0.03	0.0	1.492	0.0	5.0	0.0	1.733	0.0	0.0283554	0.000950799	1.07909e-05	6.48731e-06	0.478659	0.0135897	0.164736	0.163076	-0.00113548	0.00593586	-0.000410306	0.000582125	1.82366	0.359661	0.942861	0.0174037	0.758813	0.06088	0.82774	0.0384739	0.501929	0.0374435	0.0705935	0.0199408	0.278397	0.0265681	0.477831	0.0904854	-10573.4	4.0	1.04461e-07	-57367.2	7.0	4.94529e-06	1.0	2805.04	61.8302	1589.77	47.5384	0.361738	0.00887189	1135.96	99.732	
0.8-1.2	6.5-30.0	0.0-100.0	0.000-1.571	0.008	0.105	9510.0	9504.0	5428.01	94.0258	4075.75	86.5226	-0.00336235	0.0663161	-0.05	0.0	0.460171	0.0929839	3.09228	0.000555118	0.0329499	0.00356732	0.0303141	0.0033872	0.03	0.0	1.492	0.0	5.0	0.0	1.733	0.0	0.0315544	0.00123334	3.76156e-05	0.000218351	0.307222	0.00950346	0.510138	0.279061	0.00698866	0.00378923	-0.000532837	0.000660958	1.44442	0.131788	0.73791	0.0180144	0.590287	0.0333912	0.92773	0.0258714	0.574079	0.0246964	0.0705395	2.62385e-09	0.232571	0.0154056	0.342665	0.0881847	-15655.4	4.0	7.64895e-07	-84124.8	7.0	2.05241e-05	1.0	3941.9	81.2997	1486.11	51.0862	0.273786	0.0081293	1153.72	102.332	
1.2-1.6	6.5-30.0	0.0-10.0	0.000-1.571	0.008	0.136	4913.0	4907.0	2080.96	55.6298	2826.41	61.9655	-0.0184355	0.0732401	-0.05	0.0	0.556545	0.0	3.0926	0.0	0.0432851	0.0	0.0326636	0.00198033	0.03	0.0	1.492	0.0	5.0	0.0	1.733	0.0	0.0389342	0.000368376	2.31047e-05	0.000294422	0.36464	0.0179129	0.103775	0.0	0.00999984	0.0	0.00265076	0.00073882	2.09199	0.0	0.876557	0.0191703	0.999984	0.162818	0.297968	0.0380931	0.471958	0.0478486	0.0708178	0.773451	0.440136	0.0363341	0.0813658	0.00765211	-5835.73	4.0	9.39257e-08	-38803.4	4.0	0.000134662	1.0	1455.82	48.8472	625.139	33.9222	0.300409	0.0141858	1069.01	7.04392	
1.2-1.6	6.5-30.0	0.0-100.0	0.000-1.571	0.008	0.136	12291.0	12277.0	6489.33	110.41	5787.84	107.163	-0.161063	0.055435	-0.05	0.0	0.556545	0.0969081	3.0926	0.000657882	0.0432851	0.00203114	0.0336326	0.00228784	0.03	0.0	1.492	0.0	5.0	0.0	1.733	0.0	0.0392983	0.000886312	2.31047e-05	0.000294422	0.343046	0.0100572	0.103775	0.0507441	0.00999984	0.0195355	0.0024261	0.000458296	2.09199	0.256609	0.933075	0.0117374	0.827201	0.125119	0.483869	0.123852	0.502161	0.0533093	0.0941518	0.037026	0.383349	0.0266806	0.070603	7.62073e-10	-17170.9	4.0	2.9509e-06	-110095.0	7.0	2.65223e-05	1.0	4720.18	94.6196	1769.15	58.3892	0.272624	0.00770998	1111.06	47.4382	
1.2-1.6	6.5-30.0	10.0-20.0	0.000-1.571	0.008	0.128	2782.0	2774.0	1436.84	46.2154	1337.13	45.1234	-0.201658	0.107152	-0.05	0.0	0.556545	0.0	3.0926	0.0	0.0432851	0.0	0.0390692	0.00341472	0.03	0.0	1.492	0.0	5.0	0.0	1.733	0.0	0.0414685	0.000713331	2.94195e-05	0.000284662	0.230425	0.0141237	0.103775	0.0	0.00999984	0.0	0.00286097	0.00104612	2.09199	0.0	1.00965	0.0259963	0.587054	0.252756	1.0	11.9022	0.640295	0.157291	0.0978557	0.0565603	0.211765	0.0512202	0.151534	0.000696784	-4137.15	4.0	1.24844e-05	-20649.1	4.0	2.33666e-06	1.0	1010.03	42.0045	426.807	29.9568	0.297045	0.018531	1169.52	10.0569	
1.2-1.6	6.5-30.0	20.0-30.0	0.000-1.571	0.008	0.105	2085.0	2080.0	1281.31	40.5553	798.694	34.0902	-0.0675574	0.139276	-0.05	0.0	0.556545	0.0	3.0926	0.0	0.0432851	0.0	0.0362833	0.00268147	0.03	0.0	1.492	0.0	5.0	0.0	1.733	0.0	0.0403304	0.000534892	1.00889e-05	0.00459463	0.482405	0.0283417	0.103775	0.0	0.00999984	0.0	-0.00178769	0.00103966	2.09199	0.0	0.977266	0.0247089	0.957611	2.22032	0.849304	1.69853	0.693427	0.261276	0.0714929	3.28709	0.15746	0.0174461	0.0704907	1.51519e-05	-3328.38	4.0	8.77985e-06	-15241.7	4.0	4.19395e-06	1.0	908.352	35.3299	372.962	23.6846	0.291078	0.016025	1144.6	9.45368	
1.2-1.6	6.5-30.0	30.0-40.0	0.000-1.571	0.008	0.12	1238.0	1229.0	697.559	30.0497	531.399	27.1452	-0.268091	0.16997	-0.05	0.0	0.556545	0.0	3.0926	0.0	0.0432851	0.0	0.0295293	0.00317415	0.03	0.0	1.492	0.0	5.0	0.0	1.733	0.0	0.0378077	0.00054969	1.72747e-05	0.00459133	0.246151	0.0305719	0.103775	0.0	0.00999984	0.0	0.00523255	0.00134131	2.09199	0.0	0.884638	0.0346889	0.899571	0.101867	0.689333	0.188431	0.320098	0.116363	0.0911486	0.0382738	0.544203	0.0577507	0.0704904	0.0270487	-1839.71	4.0	3.02126e-05	-8287.76	4.0	2.9586e-06	1.0	568.596	29.3775	128.962	17.1444	0.184876	0.0232517	1074.96	12.7924	
1.2-1.6	6.5-30.0	40.0-50.0	0.000-1.571	0.016	0.064	654.0	642.0	478.612	23.5829	163.41	15.5235	-2.01287	0.358668	-0.05	0.0	0.556545	0.0	3.0926	0.0	0.0432851	0.0	0.0330819	0.00447201	0.03	0.0	1.492	0.0	5.0	0.0	1.733	0.0	0.0390905	0.000839155	2.95545e-05	0.000300613	0.314089	0.0330674	0.103775	0.0	0.00999984	0.0	-0.00382256	0.00195281	2.09199	0.0	0.994068	0.0534571	0.999986	0.0808182	0.999945	0.137561	0.509475	0.0752041	0.0706106	0.77306	0.327235	0.0522115	0.0705963	1.11818	-1176.84	4.0	2.92495e-06	-4124.02	4.0	3.88177e-06	1.0	347.479	21.8177	131.132	14.9871	0.273985	0.0282541	1157.49	20.5727	
1.2-1.6	6.5-30.0	50.0-100.0	0.000-1.571	0.016	0.073	616.0	611.0	501.984	23.4413	109.013	12.5109	-1.2092	0.395039	-0.05	0.0	0.556545	0.0	3.0926	0.0	0.0432851	0.0	0.0283994	0.00260201	0.03	0.0	1.492	0.0	5.0	0.0	1.733	0.0	0.0374219	0.000437837	1.01642e-05	0.000817577	0.326353	0.0358758	0.103775	0.0	0.00999984	0.0	0.00516295	0.00183538	2.09199	0.0	0.978528	0.0511094	0.999993	0.0961546	1.0	0.121123	0.457016	0.08514	0.070561	9.81584e-06	0.306277	0.0571514	0.0706719	3.35624e-05	-1281.36	4.0	2.84659e-05	-4030.18	4.0	8.75338e-07	1.0	387.932	21.9535	114.052	13.4966	0.227202	0.0247045	1145.56	19.5633	
1.6-2.0	6.5-30.0	0.0-100.0	0.000-1.571	0.008	0.16	12666.0	12587.0	6259.44	118.253	6327.63	118.508	-0.388856	0.0541876	-0.05	0.0	0.522643	0.107806	3.09087	0.000797355	0.0554336	0.00287644	0.0341178	0.00293105	0.03	0.0	1.492	0.0	5.0	0.0	1.733	0.0	0.0464938	0.00151364	2.61437e-05	0.00458725	0.298923	0.010371	0.462154	0.274076	0.00485629	0.00340939	0.00358918	0.000756279	1.4787	0.146906	0.908913	0.0174054	0.755041	0.0452472	0.758898	0.0419316	0.669673	0.0195161	0.0704695	3.80759e-08	0.27144	0.0163087	0.407604	0.0418912	-16070.8	4.0	7.49341e-06	-112010.0	7.0	9.10505e-05	1.0	4885.78	104.782	1373.65	55.9743	0.219453	0.00792325	1206.17	87.8462	
1.6-2.4	3.0-30.0	0.0-100.0	0.000-1.571	0.008	0.264	265846.0	265838.0	48637.8	917.03	217198.0	988.88	0.1942	0.0117379	-0.05	0.0	0.222754	0.26522	3.08781	0.000391228	0.0376697	0.00679245	0.052	0.00377339	0.03	0.0	1.89	0.0	5.0	0.0	1.44	0.0	0.0491708	0.00239653	1.05692e-05	6.49144e-05	0.324966	0.00511256	0.19593	0.106578	0.00823221	0.0041731	0.00372341	0.00018029	1.71895	0.159922	0.94314	0.00273925	0.999671	0.120241	0.689966	0.0107445	0.678702	0.0103064	0.0709429	4.22812e-07	0.0960119	0.00318255	0.468334	0.0070688	-218842.0	4.0	1.86075e-06	-3097450.0	7.0	0.0317902	1.0	39283.3	760.971	9354.57	248.219	0.192331	0.00359097	1137.61	53.8617	
1.6-2.4	3.0-4.5	0.0-100.0	0.000-1.571	0.016	0.264	187336.0	187332.0	26063.3	5.72134	161269.0	9.56156	0.414376	0.000219021	-0.05	0.0	7.39283e-09	0.337509	3.08682	1.34425e-05	0.0521573	0.87494	0.047221	1.15182e-05	0.03	0.0	1.86	0.0	5.0	0.0	1.38	0.0	0.047221	0.000876581	8.85777e-05	0.0369611	0.303318	0.00799708	0.101357	0.069759	0.0499991	0.0925249	0.00207129	0.000220643	1.84755	0.275177	0.997068	0.00305474	0.988076	137305.0	0.717116	3589.36	0.643859	2474.55	0.0704462	34860.8	0.0795315	686.728	0.450454	1474.86	-148428.0	4.0	6.3829e-05	-2113740.0	7.0	3.7444e-05	1.0	21903.7	140.357	4159.66	140.277	0.159598	0.00538205	1113.26	44.424	
1.6-2.4	3.0-5.5	0.0-100.0	0.000-1.571	0.016	0.264	230231.0	230223.0	35003.7	74.3161	195221.0	80.982	0.274577	0.0018125	-0.05	0.0	4.13302e-07	47.9936	3.0867	8.03562e-05	0.0533121	3.40715	0.0473824	7.32286e-05	0.03	0.0	1.86	0.0	5.0	0.0	1.38	0.0	0.0473824	0.151197	1.55371e-05	0.00459213	0.306337	0.00718213	0.125652	0.0884483	0.0251244	0.0167426	0.0112447	0.000198298	1.92178	0.271466	1.06717	0.00274717	1.0	0.00535791	0.541722	0.0116413	0.849728	0.0024451	0.0704377	7.37043e-07	0.314081	0.00932646	0.424041	0.00969695	-182024.0	4.0	2.45231e-06	-2645840.0	7.0	0.00010097	1.0	29456.6	170.648	5547.04	159.211	0.15847	0.00453596	1208.23	54.0601	
1.6-2.4	3.0-6.5	0.0-10.0	0.000-1.571	0.016	0.264	132636.0	132628.0	15096.4	212.896	117531.0	384.202	0.115028	0.0112658	-0.05	0.0	0.989276	0.0	3.08765	0.0	0.0471422	0.0	0.0459548	0.0135303	0.03	0.0	1.86	0.0	5.0	0.0	1.38	0.0	0.0471296	7.07407e-05	1.3729e-05	0.00459296	0.26952	0.0103797	0.173641	0.0	0.0248856	0.0	0.010629	0.000274708	1.74699	0.0	1.05013	0.00394104	0.974646	268579.0	0.525236	24136.7	0.82963	6966.47	0.0704406	78313.6	0.429787	1708.06	0.339725	2565.61	-94062.6	4.0	3.87715e-07	-1449110.0	4.0	2.62256e-06	1.0	12563.7	212.093	2532.69	121.928	0.167768	0.00772234	1200.52	1.42438	
1.6-2.4	3.0-6.5	0.0-100.0	0.000-1.571	0.016	0.264	248886.0	248879.0	37901.0	356.101	210977.0	547.188	0.197796	0.00846689	-0.05	0.0	0.989276	0.0156624	3.08765	0.000457454	0.0471422	0.00044475	0.09	0.0566286	0.03	0.0	1.86	0.0	5.0	0.0	1.38	0.0	0.047806	0.00077818	1.3729e-05	0.00459296	0.335312	0.00619499	0.173641	0.119565	0.0248856	0.0127773	0.00367323	0.000190782	1.74699	0.202734	0.9624	0.00277931	0.964904	0.109962	0.681548	0.0217589	0.684984	0.0139773	0.0708905	0.0829255	0.0905128	0.00423046	0.464323	0.00822764	-199456.0	4.0	9.61868e-05	-2880620.0	7.0	0.000110957	1.0	31140.1	329.592	6760.87	164.511	0.178382	0.00400393	1138.13	62.0314	
1.6-2.4	3.0-6.5	0.0-20.0	0.000-1.571	0.016	0.264	194127.0	194119.0	24622.0	260.482	169497.0	461.209	0.164047	0.00938276	-0.05	0.0	0.989276	0.0	3.08765	0.0	0.0471422	0.0	0.01	0.00351311	0.03	0.0	1.86	0.0	5.0	0.0	1.38	0.0	0.0469002	4.01646e-06	1.3729e-05	0.00459296	0.275371	0.00802313	0.173641	0.0	0.0248856	0.0	0.0110924	0.000223524	1.74699	0.0	1.05251	0.00319848	0.888743	0.0456647	0.574529	0.0245763	0.839395	0.00481164	0.0709419	2.46115e-08	0.375991	0.00884633	0.393	0.0112222	-148855.0	4.0	6.30056e-06	-2196170.0	4.0	5.58775e-06	1.0	20645.2	258.293	3976.79	144.16	0.161514	0.00560003	1202.24	1.15696	
1.6-2.4	3.0-6.5	10.0-20.0	0.000-1.571	0.016	0.209	61491.0	61438.0	9594.37	151.767	51842.3	255.491	0.279969	0.0169797	-0.05	0.0	0.989276	0.0	3.08765	0.0	0.0471422	0.0	0.01	0.00107052	0.03	0.0	1.86	0.0	5.0	0.0	1.38	0.0	0.0469002	1.2239e-06	1.37782e-05	0.00459294	0.317633	0.0124668	0.173641	0.0	0.0248856	0.0	0.00574953	0.000375755	1.74699	0.0	0.96883	0.0053808	0.850147	0.0836884	0.794141	0.0276386	0.708479	0.035304	0.0708698	0.0208614	0.0995344	0.00665433	0.525292	0.0212353	-55473.0	4.0	4.40466e-06	-625421.0	4.0	4.4015e-05	1.0	8109.95	147.056	1484.42	75.628	0.154718	0.00749297	1142.63	1.88508	
1.6-2.4	3.0-6.5	20.0-30.0	0.000-1.571	0.016	0.192	30329.0	30324.0	5489.65	112.005	24836.0	178.571	0.290675	0.0245568	-0.05	0.0	0.989276	0.0	3.08765	0.0	0.0471422	0.0	0.0899694	0.0718146	0.03	0.0	1.86	0.0	5.0	0.0	1.38	0.0	0.0478054	0.000724698	1.37746e-05	0.00459294	0.272723	0.0122329	0.173641	0.0	0.0248856	0.0	-0.00301779	0.000546025	1.74699	0.0	0.936027	0.00762815	1.0	0.00601078	0.74724	0.0265589	0.58394	0.0432265	0.0706897	3.33139e-06	0.0706133	0.0047262	0.401981	0.0154741	-27205.1	4.0	6.19045e-06	-287657.0	4.0	0.000137381	1.0	4283.17	110.817	1206.48	72.4533	0.219774	0.0124131	1119.8	2.63454	
1.6-2.4	3.0-6.5	20.0-40.0	0.000-1.571	0.016	0.192	44060.0	44046.0	9010.67	137.425	35035.1	211.917	0.284843	0.0206801	-0.05	0.0	0.989276	0.0	3.08765	0.0	0.0471422	0.0	0.09	0.0619917	0.03	0.0	1.86	0.0	5.0	0.0	1.38	0.0	0.0478061	0.000625777	1.37746e-05	0.00459294	0.32832	0.0112026	0.173641	0.0	0.0248856	0.0	-0.00211942	0.000446719	1.74699	0.0	0.932639	0.00646287	0.972789	0.0084891	0.792533	0.0178724	0.58541	0.0187373	0.494636	0.0634035	0.0705914	7.69068e-09	0.356993	0.0145796	-40276.5	4.0	3.14367e-06	-434938.0	4.0	4.65523e-06	1.0	7162.8	133.29	1847.87	81.4043	0.205076	0.00847553	1117.46	2.22866	
1.6-2.4	3.0-6.5	30.0-40.0	0.000-1.571	0.016	0.152	13730.0	13510.0	3510.89	79.4064	9999.11	113.107	0.322595	0.0387386	-0.05	0.0	0.989276	0.0	3.08765	0.0	0.0471422	0.0	0.09	0.0630831	0.03	0.0	1.86	0.0	5.0	0.0	1.38	0.0	0.0478061	0.000636795	1.3843e-05	0.00459291	0.430684	0.023436	0.173641	0.0	0.0248856	0.0	0.00532687	0.000779174	1.74699	0.0	0.935642	0.0116905	0.999996	0.0703922	0.518745	0.0837833	0.705544	0.0361284	0.0709175	0.00156489	0.157648	0.0115523	0.102244	0.015918	-13864.8	4.0	6.48708e-05	-118029.0	4.0	2.49205e-08	1.0	2898.08	76.4258	612.814	41.6735	0.174546	0.0111941	1119.54	4.03686	
1.6-2.4	3.0-6.5	40.0-100.0	0.000-1.571	0.016	0.168	10699.0	10695.0	4105.31	77.8992	6588.87	92.4777	0.609621	0.0480012	-0.05	0.0	0.989276	0.0	3.08765	0.0	0.0471422	0.0	0.0174147	0.0114076	0.03	0.0	1.86	0.0	5.0	0.0	1.38	0.0	0.0469234	2.27011e-05	1.33924e-05	0.00459311	0.369184	0.0214518	0.173641	0.0	0.0248856	0.0	0.00552323	0.000717182	1.74699	0.0	0.795033	0.0107031	0.999986	63.4542	0.776703	0.461281	0.64495	0.321261	0.0709084	2898.33	0.207371	0.0420555	0.2256	0.150547	-12171.5	4.0	4.31618e-06	-92290.5	4.0	0.000289028	1.0	3574.58	77.2588	530.728	38.3357	0.129278	0.00901011	1025.8	3.42745	
1.6-2.4	3.0-6.5	40.0-50.0	0.000-1.571	0.016	0.145	6479.0	6439.0	2143.38	58.0356	4295.61	74.2969	0.701964	0.0595505	-0.05	0.0	0.989276	0.0	3.08765	0.0	0.0471422	0.0	0.0355026	0.019952	0.03	0.0	1.86	0.0	5.0	0.0	1.38	0.0	0.0470327	8.07558e-05	1.39771e-05	0.00459285	0.344987	0.0296243	0.173641	0.0	0.0248856	0.0	0.00837065	0.000913143	1.74699	0.0	0.77609	0.0147894	0.975452	0.0593638	0.855066	0.0619231	0.698446	0.0704605	0.0709425	3.40696e-06	0.202086	0.0205153	0.204509	0.0530114	-7044.95	4.0	0.000141069	-51978.7	4.0	4.57792e-06	1.0	1882.87	57.6256	260.511	27.7725	0.121542	0.0125325	1013.74	4.67813	
1.6-2.4	3.0-6.5	50.0-100.0	0.000-1.571	0.016	0.168	4219.0	4219.0	1977.87	51.9868	2241.04	54.4598	0.516007	0.0822305	-0.05	0.0	0.989276	0.0	3.08765	0.0	0.0471422	0.0	0.01	0.0170404	0.03	0.0	1.86	0.0	5.0	0.0	1.38	0.0	0.0469002	1.9482e-05	1.33924e-05	0.00459311	0.376962	0.026821	0.173641	0.0	0.0248856	0.0	0.00408663	0.00114981	1.74699	0.0	0.841169	0.0160015	1.0	0.156163	0.621048	0.0738404	0.733026	0.0232176	0.0704414	7.30518e-08	0.195575	0.0201181	0.247749	0.0345195	-5333.6	4.0	2.75924e-06	-32886.5	4.0	2.08269e-05	1.0	1645.8	50.9309	332.072	28.2637	0.167894	0.0135915	1055.77	5.2676	
1.6-2.4	4.5-5.5	0.0-100.0	0.000-1.571	0.016	0.192	42895.0	42793.0	8643.16	151.11	34150.2	219.678	-0.411048	0.02134	-0.05	0.0	1.0	0.00479962	3.08631	0.000886611	0.0485149	0.000877453	0.010089	0.0589768	0.03	0.0	1.86	0.0	5.0	0.0	1.38	0.0	0.0485149	0.000442248	2.24592e-05	0.000300031	0.394965	0.0126108	0.168306	0.155053	0.0139897	0.0158776	0.00876015	0.000423623	1.94031	0.379299	1.04093	0.0066056	0.998849	2.3185	0.587126	0.788112	0.847521	0.0143947	0.252843	0.0141162	0.429105	0.0190935	0.348629	0.0520366	-34591.2	4.0	3.93832e-06	-421162.0	7.0	9.99544e-06	1.0	6724.29	135.889	1918.87	75.9636	0.22201	0.00788535	1238.87	97.6877	
1.6-2.4	5.5-6.5	0.0-100.0	0.000-1.571	0.016	0.168	18655.0	18623.0	5297.71	115.937	13325.3	146.514	-0.523825	0.0345926	-0.05	0.0	0.971046	0.0597429	3.09338	0.00108439	0.0510598	0.00233053	0.0266824	0.0154587	0.03	0.0	1.86	0.0	5.0	0.0	1.38	0.0	0.0505196	0.00127897	1.49587e-05	0.00459239	0.261304	0.0126108	0.433557	0.413492	0.016385	0.017632	0.008437	0.000764396	1.45242	0.194727	0.880712	0.0143411	0.519599	0.0796602	0.850995	0.0688776	0.682781	0.046483	0.0706204	0.020758	0.32315	0.0168425	0.216885	0.0440908	-18514.4	4.0	4.29673e-07	-168844.0	7.0	0.00349198	1.0	4402.96	108.248	894.748	53.0711	0.168894	0.00931096	1163.6	129.722	
1.6-2.4	6.5-30.0	0.0-10.0	0.000-1.571	0.008	0.184	6695.0	6695.0	2804.21	66.8401	3890.78	74.5241	-0.469279	0.0633022	-0.05	0.0	0.664196	0.0	3.09079	0.0	0.0571438	0.0	0.031852	0.0024604	0.03	0.0	1.492	0.0	5.0	0.0	1.733	0.0	0.0500956	0.000262663	6.70809e-05	0.00017923	0.359744	0.020666	0.211707	0.0	0.00199102	0.0	0.0057495	0.000885928	1.6767	0.0	1.07612	0.0203736	0.585103	0.0344443	0.870204	0.0295123	0.574458	0.0252517	0.070566	6.3274e-10	0.285055	0.0192234	0.599921	0.0924359	-6784.19	4.0	1.93758e-05	-54653.9	4.0	3.75563e-06	1.0	2295.2	63.1403	509.005	33.7783	0.181515	0.0112418	1228.02	7.03684	
1.6-2.4	6.5-30.0	0.0-100.0	0.000-1.571	0.008	0.152	16959.0	16874.0	8525.79	143.64	8348.45	142.979	-0.420047	0.0468752	-0.05	0.0	0.664196	0.0943822	3.09079	0.00070625	0.0571438	0.00239322	0.0309031	0.00380793	0.03	0.0	1.492	0.0	5.0	0.0	1.733	0.0	0.0498956	0.00147618	2.77437e-05	0.00458652	0.275531	0.00820111	0.211707	0.175346	0.00199102	0.00574194	0.00387941	0.000491129	1.6767	0.235346	0.974915	0.01124	0.766934	0.0393157	0.798043	0.0353578	0.662455	0.0180257	0.0706446	1.68055e-08	0.25433	0.0124064	0.382041	0.0385488	-22104.5	4.0	5.62392e-07	-155115.0	7.0	1.58851e-05	1.0	6593.72	126.312	1932.07	68.3638	0.226615	0.0070512	1159.49	79.1277	
1.6-2.4	6.5-30.0	10.0-20.0	0.000-1.571	0.008	0.16	4256.0	4256.0	2059.05	55.5201	2196.94	56.7465	-0.343941	0.0841302	-0.05	0.0	0.664196	0.0	3.09079	0.0	0.0571438	0.0	0.032694	0.00312934	0.03	0.0	1.492	0.0	5.0	0.0	1.733	0.0	0.0502774	0.000341668	2.91966e-05	0.00458585	0.221363	0.0132291	0.211707	0.0	0.00199102	0.0	0.00190268	2.29872e-07	1.6767	0.0	0.987821	0.0216044	0.999939	0.657807	0.731343	0.0626761	0.66934	0.0342847	0.0704415	3.92833e-09	0.147474	0.0168425	0.239972	0.0413947	-5855.59	4.0	0.181542	-33123.7	4.0	1.08538e-05	1.0	1575.32	52.9574	483.73	34.21	0.234928	0.0153595	1168.07	7.20129	
1.6-2.4	6.5-30.0	20.0-30.0	0.000-1.571	0.008	0.152	2706.0	2706.0	1481.1	44.5385	1224.97	41.5635	-0.429087	0.112962	-0.05	0.0	0.664196	0.0	3.09079	0.0	0.0571438	0.0	0.026319	0.00248564	0.03	0.0	1.492	0.0	5.0	0.0	1.733	0.0	0.0490049	0.000224142	2.77437e-05	0.00458652	0.298474	0.0187982	0.211707	0.0	0.00199102	0.0	0.0038508	0.00105124	1.6767	0.0	0.837699	0.0253637	0.870285	0.435065	0.528475	0.382262	0.599479	0.471223	0.0707493	2.30387e-08	0.081327	0.194329	0.473439	0.134733	-3814.36	4.0	5.34426e-05	-20122.5	4.0	4.74213e-06	1.0	1101.35	40.9474	379.753	26.6504	0.2564	0.016258	1071.61	7.81485	
1.6-2.4	6.5-30.0	30.0-40.0	0.000-1.571	0.008	0.12	1621.0	1619.0	996.954	35.9411	621.997	30.2793	-0.539817	0.160039	-0.05	0.0	0.664196	0.0	3.09079	0.0	0.0571438	0.0	0.0269345	0.00307539	0.03	0.0	1.492	0.0	5.0	0.0	1.733	0.0	0.0491171	0.00028316	7.90451e-05	0.000185159	0.199033	0.0152336	0.211707	0.0	0.00199102	0.0	0.00180587	0.00138459	1.6767	0.0	0.85733	0.0303756	1.0	0.0566479	0.999998	22375.3	0.733026	8.47436	0.0704567	3.17214e-06	0.315739	0.872393	0.0705241	174254.0	-2630.58	4.0	2.67303e-05	-11356.2	4.0	2.6546e-06	1.0	689.842	34.4931	307.112	26.3413	0.30805	0.0239746	1083.78	9.47084	
1.6-2.4	6.5-30.0	40.0-50.0	0.000-1.571	0.008	0.136	893.0	891.0	590.549	26.9228	300.668	20.8554	-0.976936	0.235153	-0.05	0.0	0.664196	0.0	3.09079	0.0	0.0571438	0.0	0.0309473	0.00348678	0.03	0.0	1.492	0.0	5.0	0.0	1.733	0.0	0.0499048	0.000363045	6.70209e-05	0.882424	0.251978	0.0252471	0.211707	0.0	0.00199102	0.0	0.000640388	0.00151024	1.6767	0.0	0.680179	0.03526	0.741537	0.0450583	0.999995	2.66014	0.420879	0.0439252	0.0705605	5.97791e-09	0.25078	0.022145	0.188327	14.6402	-1508.22	4.0	4.60871e-05	-5785.46	4.0	7.95043e-05	1.0	438.525	25.2784	152.023	16.9514	0.257427	0.0261956	979.732	9.6484	
1.6-2.4	6.5-30.0	50.0-100.0	0.000-1.571	0.008	0.088	785.0	771.0	607.334	26.7755	163.643	16.5306	-0.184938	0.315141	-0.05	0.0	0.664196	0.0	3.09079	0.0	0.0571438	0.0	0.0438724	0.00549842	0.03	0.0	1.492	0.0	5.0	0.0	1.733	0.0	0.0530587	0.000763358	7.21792e-05	0.000182081	0.210404	0.0241841	0.211707	0.0	0.00199102	0.0	0.00379343	0.00192129	1.6767	0.0	0.811608	0.0428439	0.756834	0.382557	0.999384	20.7214	0.269934	0.203156	0.0705575	4.65426e-08	0.215636	0.0927151	0.0705161	3.8774e-07	-1534.69	4.0	2.227e-06	-5034.87	4.0	4.10798e-06	1.0	477.523	26.4265	129.811	16.9678	0.213739	0.026301	1055.67	12.9827	
2.0-2.4	6.5-30.0	0.0-100.0	0.000-1.571	0.008	0.152	4292.0	4291.0	2331.98	64.8574	1959.06	61.9101	-0.508359	0.0925601	-0.05	0.0	0.847518	0.0536242	3.09126	0.00150244	0.0634523	0.00298635	0.0232404	0.00411654	0.03	0.0	1.492	0.0	5.0	0.0	1.733	0.0	0.0591154	0.00157648	7.87116e-05	0.000484264	0.219511	0.0128521	0.0616687	0.0610904	-0.00999983	0.0176875	0.00199519	0.000817981	2.1655	0.541626	0.912764	0.0181909	0.80479	0.0529798	1.0	0.0226939	0.630654	0.0356502	0.110165	0.0228768	0.204843	0.0149518	0.265622	0.0515364	-6102.71	4.0	1.98023e-05	-33604.5	7.0	1.11971e-05	1.0	1761.27	59.85	570.715	37.8745	0.244734	0.0147462	1034.87	67.2068	
